arret_id,ligne_id,direction_id,sequence,accessible,macro_direction
1003,0001,17,6,1,0
1004,0001,17,7,1,0
1001,0001,17,4,1,0
1002,0001,17,5,1,0
1007,0001,17,10,1,0
1319,0001,17,28,1,0
1008,0001,17,11,1,0
1318,0001,17,27,1,0
2002,0001,17,3,1,0
1005,0001,17,8,1,0
1317,0001,17,26,1,0
1006,0001,17,9,1,0
2003,0001,16,39,1,1
1316,0001,17,25,1,0
3005,0001,16,7,0,1
3006,0001,16,8,0,1
1009,0001,17,12,1,0
3003,0001,16,5,0,1
3004,0001,16,6,0,1
3009,0001,17,32,1,0
3007,0001,16,9,1,1
3008,0001,17,31,0,0
1243,0001,17,24,1,0
3013,0001,17,36,1,0
1054,0001,16,21,0,1
3012,0001,17,35,1,0
1055,0001,16,20,1,1
3011,0001,17,34,1,0
3010,0001,17,33,0,0
1011,0001,17,14,1,0
1010,0001,17,13,1,0
2105,0001,17,2,0,0
1325,0001,16,13,1,1
1035,0001,16,34,1,1
1324,0001,16,12,1,1
1034,0001,16,33,1,1
1327,0001,16,15,1,1
1037,0001,16,36,1,1
1036,0001,16,35,1,1
1321,0001,17,30,0,0
1088,0001,17,20,0,0
1039,0001,16,38,1,1
1320,0001,17,29,1,0
1087,0001,17,21,1,0
1038,0001,16,37,1,1
1086,0001,17,22,1,0
1323,0001,16,11,1,1
1085,0001,17,23,0,0
1322,0001,16,10,0,1
3002,0001,16,4,1,1
3001,0001,17,37,1,0
2112,0001,16,40,1,1
2116,0001,17,1,1,0
1029,0001,16,28,1,1
3029,0001,17,38,1,0
1028,0001,16,27,1,1
1027,0001,16,26,1,1
3027,0001,16,2,1,1
1026,0001,16,25,1,1
1025,0001,16,24,1,1
3028,0001,16,1,1,1
1024,0001,17,18,1,0
1023,0001,16,22,1,1
1032,0001,16,31,1,1
1033,0001,16,32,1,1
1030,0001,16,29,1,1
3032,0001,16,3,1,1
1031,0001,16,30,1,1
1017,0001,17,19,0,0
1016,0001,16,23,1,1
1012,0001,17,15,1,0
1015,0001,17,17,0,0
1014,0001,17,16,1,0
1056,0001,16,19,1,1
1212,0001,16,16,1,1
1057,0001,16,18,1,1
1213,0001,16,17,1,1
1470,0001,16,14,0,1
1091,0002,23,14,1,0
1090,0002,23,15,1,0
1093,0002,20,21,1,1
1048,0002,23,11,1,0
1092,0002,20,20,1,1
1315,0002,20,18,1,1
1047,0002,23,10,1,0
1095,0002,20,23,0,1
1046,0002,23,9,1,0
1094,0002,20,22,1,1
1097,0002,20,25,1,1
1102,0002,20,29,0,1
2815,0002,23,2,1,0
1096,0002,20,24,1,1
1099,0002,20,26,1,1
1100,0002,20,27,0,1
1101,0002,23,5,1,0
1049,0002,23,12,1,0
1050,0002,23,13,1,0
1051,0002,20,19,1,1
1243,0002,23,20,1,0
1054,0002,20,17,0,1
1055,0002,20,16,1,1
2801,0002,23,1,0,0
1080,0002,20,10,0,1
1328,0002,23,3,0,0
1082,0002,20,12,1,1
1081,0002,20,11,1,1
1088,0002,23,16,0,0
2803,0002,20,31,0,1
1087,0002,23,17,1,0
1086,0002,23,18,1,0
1085,0002,23,19,0,0
1078,0002,20,8,1,1
1079,0002,20,9,1,1
1040,0002,23,4,0,0
1041,0002,20,28,0,1
1042,0002,23,6,0,0
1043,0002,23,7,1,0
1044,0002,23,8,1,0
1371,0002,20,30,0,1
1075,0002,20,5,1,1
1074,0002,20,4,1,1
1077,0002,23,26,1,0
1076,0002,20,6,1,1
1071,0002,20,1,0,1
1070,0002,23,31,1,0
1073,0002,20,3,1,1
1072,0002,20,2,1,1
1067,0002,23,28,1,0
1068,0002,23,29,1,0
1069,0002,23,30,1,0
1066,0002,23,27,1,0
1065,0002,20,7,1,1
1064,0002,23,25,1,0
1063,0002,23,24,1,0
1062,0002,23,23,0,0
1061,0002,23,22,1,0
1060,0002,23,21,1,0
1056,0002,20,15,1,1
1057,0002,20,14,1,1
1213,0002,20,13,1,1
1149,0003,7,18,0,1
1148,0003,7,17,1,1
1147,0003,7,16,1,1
1146,0003,7,15,1,1
1108,0003,6,6,1,0
1109,0003,6,7,1,0
1106,0003,6,4,1,0
1107,0003,6,5,1,0
1104,0003,6,2,1,0
1105,0003,6,3,1,0
1103,0003,6,1,1,0
1110,0003,6,8,1,0
1153,0003,7,22,1,1
1154,0003,7,23,1,1
1151,0003,7,20,1,1
1152,0003,7,21,1,1
1622,0003,7,2,1,1
1150,0003,7,19,1,1
1564,0003,7,1,0,1
1623,0003,6,29,1,0
1138,0003,7,7,1,1
1137,0003,7,6,1,1
1139,0003,7,8,1,1
1134,0003,7,3,1,1
1136,0003,7,5,1,1
1135,0003,7,4,1,1
1141,0003,7,10,1,1
1142,0003,7,11,1,1
1143,0003,7,12,1,1
1333,0003,7,9,0,1
1552,0003,7,14,1,1
1373,0003,7,28,1,1
1550,0003,7,13,1,1
1124,0003,6,22,1,0
1125,0003,6,23,1,0
1122,0003,6,20,0,0
1123,0003,6,21,1,0
1128,0003,6,26,1,0
1129,0003,6,27,1,0
1126,0003,6,24,1,0
1127,0003,6,25,1,0
1130,0003,6,28,1,0
1156,0003,7,25,1,1
1119,0003,6,17,1,0
1155,0003,7,24,1,1
1158,0003,7,27,1,1
1157,0003,7,26,1,1
1111,0003,6,9,1,0
1112,0003,6,10,1,0
1113,0003,6,11,1,0
1114,0003,6,12,1,0
1115,0003,6,13,1,0
1116,0003,6,14,1,0
1117,0003,6,15,1,0
1118,0003,6,16,1,0
1121,0003,6,19,1,0
1120,0003,6,18,1,0
1475,0004,25,1,1,0
1292,0004,25,3,1,0
1293,0004,25,18,1,0
1291,0004,25,2,1,0
1296,0004,25,22,1,0
1192,0004,25,20,1,0
1297,0004,25,23,1,0
1191,0004,24,10,1,1
1091,0004,24,16,1,1
1294,0004,24,12,1,1
1295,0004,25,21,1,0
1314,0004,24,29,1,1
1313,0004,24,28,1,1
1312,0004,25,5,1,0
1311,0004,24,13,1,1
1310,0004,25,19,1,0
1051,0004,25,15,1,0
1052,0004,25,14,1,0
1188,0004,24,11,1,1
1240,0004,24,15,1,1
1586,0004,24,1,1,1
1239,0004,24,14,1,1
1610,0004,24,25,1,1
1169,0004,24,18,1,1
1168,0004,24,17,1,1
1166,0004,25,13,1,0
1603,0004,25,7,1,0
1604,0004,24,24,1,1
1171,0004,24,20,1,1
1172,0004,24,21,1,1
1543,0004,25,28,1,0
1170,0004,24,19,1,1
1175,0004,24,26,1,1
1176,0004,25,4,1,0
1173,0004,24,22,1,1
1174,0004,24,23,1,1
1307,0004,24,7,1,1
1306,0004,24,6,1,1
1309,0004,24,9,1,1
1308,0004,24,8,1,1
1298,0004,25,24,1,0
1299,0004,25,25,1,0
1301,0004,25,27,1,0
1300,0004,24,4,1,1
1303,0004,24,3,1,1
1302,0004,24,2,1,1
1305,0004,24,5,1,1
1304,0004,25,26,1,0
1204,0004,24,27,1,1
1216,0004,25,16,1,0
1217,0004,25,17,1,0
1160,0004,25,6,1,0
1161,0004,25,8,1,0
1162,0004,25,9,1,0
1163,0004,25,10,1,0
1164,0004,25,11,1,0
1165,0004,25,12,1,0
1253,0005,18,2,1,0
1252,0005,18,1,0,0
1289,0005,19,27,1,1
1288,0005,19,26,1,1
1287,0005,19,25,1,1
1280,0005,19,18,1,1
1281,0005,19,19,1,1
1282,0005,19,20,1,1
1283,0005,19,21,1,1
1284,0005,19,22,1,1
1285,0005,19,23,1,1
1286,0005,19,24,0,1
2219,0005,18,23,1,0
2257,0005,19,3,1,1
2216,0005,18,26,1,0
1277,0005,19,9,1,1
1276,0005,19,8,1,1
2218,0005,18,24,1,0
1279,0005,19,17,1,1
1278,0005,19,16,1,1
1274,0005,19,6,1,1
1275,0005,19,7,1,1
1273,0005,19,5,1,1
1270,0005,19,2,1,1
1453,0005,19,4,1,1
1027,0005,18,13,1,0
1026,0005,19,15,1,1
1025,0005,19,14,1,1
1024,0005,18,16,1,0
1023,0005,19,12,1,1
2228,0005,18,25,1,0
1269,0005,19,1,1,1
1268,0005,18,28,0,0
1267,0005,18,27,1,0
1266,0005,18,22,1,0
1265,0005,18,21,1,0
1261,0005,18,10,0,0
1262,0005,18,11,1,0
1263,0005,18,12,1,0
1264,0005,18,20,1,0
1260,0005,18,9,1,0
1017,0005,18,17,0,0
1016,0005,19,13,1,1
1019,0005,18,19,1,0
1018,0005,18,18,0,0
1015,0005,18,15,0,0
1014,0005,18,14,1,0
1021,0005,19,10,1,1
1022,0005,19,11,0,1
1259,0005,18,8,1,0
1258,0005,18,7,1,0
1255,0005,18,4,1,0
1254,0005,18,3,1,0
1257,0005,18,6,1,0
1256,0005,18,5,0,0
2008,0006,3,5,1,0
1570,0006,4,10,1,1
2009,0006,3,6,1,0
2006,0006,3,3,1,0
2007,0006,3,4,1,0
1571,0006,3,29,1,0
2050,0006,3,4,1,0
2005,0006,3,2,1,0
1091,0006,4,15,1,1
1051,0006,3,24,1,0
1052,0006,3,23,1,0
2012,0006,3,9,1,0
2011,0006,3,8,0,0
2206,0006,4,7,0,1
2010,0006,3,7,1,0
2205,0006,4,6,0,1
2204,0006,4,4,1,1
2203,0006,3,36,1,0
2202,0006,4,2,1,1
2201,0006,4,1,1,1
2017,0006,3,14,1,0
2019,0006,4,25,1,1
2013,0006,3,10,1,0
2014,0006,3,11,1,0
2015,0006,3,12,1,0
2016,0006,3,13,1,0
2263,0006,4,5,1,1
1589,0006,3,30,1,0
2264,0006,3,34,1,0
1588,0006,4,9,1,1
1587,0006,4,14,1,1
2260,0006,3,31,1,0
1591,0006,3,28,1,0
1590,0006,4,11,1,1
2258,0006,4,8,1,1
2021,0006,4,27,1,1
2020,0006,4,26,1,1
2215,0006,3,37,1,0
2023,0006,4,29,0,1
2022,0006,4,28,1,1
1613,0006,3,27,1,0
2212,0006,3,33,0,0
1612,0006,4,12,1,1
2211,0006,3,32,1,0
1611,0006,3,26,1,0
2214,0006,4,3,1,1
1610,0006,4,24,1,1
2213,0006,3,35,1,0
1169,0006,4,17,1,1
1168,0006,4,16,1,1
2030,0006,4,36,1,1
1166,0006,3,22,1,0
2031,0006,4,37,1,1
1603,0006,3,16,1,0
1604,0006,4,23,1,1
2025,0006,4,31,0,1
1171,0006,4,19,1,1
2024,0006,4,30,1,1
1172,0006,4,20,1,1
2027,0006,4,33,1,1
2026,0006,4,32,0,1
1170,0006,4,18,1,1
2029,0006,4,35,1,1
2028,0006,4,34,1,1
1173,0006,4,21,1,1
1174,0006,4,22,1,1
2041,0006,4,36,1,1
1401,0006,4,13,1,1
1402,0006,3,25,1,0
2088,0006,3,1,1,0
1160,0006,3,15,1,0
1161,0006,3,17,1,0
1162,0006,3,18,1,0
1163,0006,3,19,1,0
1164,0006,3,20,1,0
1165,0006,3,21,1,0
2811,0008,86,9,1,0
2812,0008,86,10,1,0
2810,0008,90,34,1,1
1144,0008,90,16,1,1
2819,0008,90,32,1,1
2817,0008,86,12,0,0
2818,0008,90,31,0,1
1102,0008,90,27,0,1
2815,0008,86,13,1,0
2816,0008,90,29,1,1
1100,0008,90,25,0,1
1099,0008,90,24,1,1
2813,0008,86,11,1,0
2814,0008,90,30,1,1
1101,0008,86,16,1,0
1344,0008,90,2,1,1
1342,0008,86,38,1,0
1343,0008,90,1,1,1
1341,0008,86,37,1,0
1340,0008,86,36,1,0
1183,0008,90,20,0,1
1329,0008,86,19,1,0
1328,0008,86,14,0,0
2806,0008,86,5,1,0
2807,0008,86,6,0,0
2807,0008,91,37,0,1
2808,0008,86,6,1,0
2809,0008,86,7,1,0
2804,0008,86,3,1,0
2805,0008,86,4,1,0
1330,0008,86,20,1,0
1040,0008,86,15,0,0
1041,0008,90,26,0,1
1339,0008,86,35,1,0
1042,0008,86,17,0,0
1043,0008,86,18,1,0
2846,0008,90,39,1,1
1140,0008,86,29,1,0
1335,0008,86,31,1,0
1141,0008,90,13,1,1
2844,0008,86,1,1,0
1336,0008,86,32,1,0
2843,0008,90,40,1,1
1142,0008,90,14,1,1
1555,0008,86,23,1,0
1337,0008,86,33,1,0
1143,0008,90,15,1,1
2842,0008,86,2,1,0
1556,0008,86,25,1,0
1338,0008,86,34,1,0
1331,0008,86,21,1,0
1333,0008,90,12,0,1
1334,0008,86,30,1,0
1370,0008,90,23,1,1
1371,0008,90,28,0,1
1122,0008,86,27,0,0
1027,0008,86,22,1,0
1123,0008,86,28,1,0
1026,0008,90,19,1,1
1025,0008,90,18,1,1
2836,0008,90,36,1,1
1366,0008,90,11,1,1
1367,0008,90,17,1,1
1507,0008,86,24,0,0
1364,0008,90,9,1,1
1365,0008,90,10,1,1
1368,0008,90,21,1,1
1369,0008,90,22,1,1
1361,0008,90,6,1,1
1360,0008,90,5,1,1
1363,0008,90,8,1,1
1362,0008,90,7,1,1
2825,0008,90,38,1,1
2824,0008,90,37,1,1
1121,0008,86,26,1,0
1356,0008,86,39,1,0
2822,0008,90,35,0,1
1358,0008,90,3,1,1
2821,0008,86,8,1,0
1359,0008,90,4,1,1
2820,0008,90,33,1,1
1395,0009,1,6,1,1
1396,0009,1,7,1,1
1393,0009,1,4,1,1
1009,0009,5,8,1,0
1394,0009,1,5,1,1
1391,0009,1,2,1,1
1392,0009,5,27,1,0
1390,0009,1,1,1,1
1389,0009,5,28,1,0
1388,0009,1,3,1,1
1387,0009,5,26,1,0
1386,0009,5,25,1,0
1011,0009,5,10,1,0
1010,0009,5,9,1,0
1382,0009,1,9,1,1
1383,0009,1,8,1,1
1384,0009,5,23,1,0
1385,0009,5,24,1,0
1381,0009,5,20,1,0
1616,0009,5,19,0,0
1376,0009,5,5,1,0
1375,0009,5,4,1,0
1378,0009,5,7,1,0
1377,0009,5,6,1,0
1612,0009,1,11,1,1
1611,0009,5,18,1,0
1374,0009,5,3,1,0
1373,0009,1,29,1,1
1372,0009,5,1,1,0
1029,0009,1,21,1,1
1028,0009,1,20,1,1
1027,0009,1,19,1,1
1026,0009,1,18,1,1
1025,0009,1,17,1,1
1024,0009,5,14,1,0
1023,0009,1,15,1,1
1030,0009,1,22,1,1
1031,0009,1,23,1,1
1405,0009,1,26,1,1
1406,0009,1,27,1,1
1159,0009,5,2,1,0
1407,0009,1,28,1,1
1401,0009,1,12,1,1
1017,0009,5,15,0,0
1016,0009,1,16,1,1
1402,0009,5,17,1,0
1403,0009,1,24,1,1
1404,0009,1,25,1,1
1018,0009,5,16,0,0
1012,0009,5,11,1,0
1015,0009,5,13,0,0
1014,0009,5,12,1,0
1398,0009,5,21,1,0
1397,0009,5,22,1,0
1021,0009,1,13,1,1
1022,0009,1,14,0,1
1399,0009,1,10,1,1
1091,0011,50,16,1,1
1251,0011,50,30,1,1
1250,0011,50,29,1,1
1245,0011,48,4,1,0
1246,0011,50,25,1,1
1051,0011,48,12,1,0
1243,0011,50,22,1,1
1244,0011,50,23,1,1
1249,0011,50,28,1,1
1054,0011,48,10,0,0
1055,0011,48,9,1,0
1247,0011,50,26,1,1
1248,0011,50,27,1,1
2103,0011,144,18,1,1
4157,0011,144,20,1,1
4159,0011,144,22,0,1
4158,0011,144,21,1,1
2064,0011,144,15,1,1
2065,0011,144,16,1,1
2062,0011,144,13,1,1
2063,0011,144,14,1,1
1088,0011,50,18,0,1
1240,0011,50,15,1,1
1087,0011,50,19,1,1
1086,0011,50,20,1,1
1242,0011,50,17,1,1
1085,0011,50,21,0,1
1232,0011,50,7,1,1
1233,0011,50,8,1,1
1234,0011,50,9,1,1
1235,0011,50,10,1,1
1236,0011,50,11,1,1
1237,0011,50,12,1,1
1238,0011,50,13,1,1
4160,0011,144,23,1,1
1239,0011,50,14,1,1
4161,0011,144,24,1,1
4163,0011,144,19,0,1
2032,0011,48,1,1,0
2033,0011,50,33,1,1
2034,0011,48,3,1,0
1231,0011,50,6,1,1
1230,0011,50,5,1,1
3753,0011,48,25,1,0
1225,0011,48,22,1,0
3751,0011,50,1,1,1
1226,0011,48,23,1,0
3752,0011,50,2,1,1
1223,0011,48,20,1,0
1224,0011,48,21,1,0
1221,0011,48,18,1,0
1222,0011,48,19,1,0
1229,0011,50,4,1,1
1220,0011,48,17,1,0
3014,0011,50,31,1,1
3015,0011,48,4,1,0
2086,0011,144,17,1,1
1214,0011,48,11,1,0
1216,0011,48,13,1,0
1206,0011,48,6,1,0
1217,0011,48,14,1,0
1205,0011,48,5,1,0
1210,0011,48,3,1,0
1211,0011,50,24,1,1
1056,0011,48,8,1,0
1212,0011,48,5,1,0
3768,0011,48,24,1,0
1057,0011,48,7,1,0
1213,0011,48,6,1,0
3769,0011,50,3,1,1
2037,0011,50,34,1,1
2036,0011,48,2,1,0
2035,0011,50,32,1,1
1218,0011,48,15,1,0
1208,0011,48,1,1,0
1219,0011,48,16,1,0
1207,0011,48,7,1,0
1209,0011,48,2,1,0
1411,0030,74,28,1,0
2008,0030,74,6,1,0
1410,0030,74,24,1,0
2009,0030,74,7,1,0
1291,0030,74,13,1,0
2007,0030,74,5,1,0
1007,0030,74,17,1,0
1415,0030,46,5,0,1
1414,0030,74,42,0,0
2050,0030,74,4,1,0
1297,0030,46,10,1,1
1413,0030,46,8,1,1
2051,0030,46,46,1,1
1412,0030,74,40,0,0
1419,0030,74,46,0,0
1418,0030,46,2,1,1
1417,0030,46,3,1,1
1314,0030,46,36,1,1
1416,0030,74,45,1,0
1102,0030,74,30,0,0
1253,0030,74,25,1,0
2815,0030,46,17,1,1
1289,0030,46,24,1,1
1288,0030,46,23,1,1
1287,0030,46,22,1,1
2047,0030,46,38,1,1
2046,0030,46,37,1,1
2049,0030,74,9,1,0
2048,0030,46,39,1,1
1420,0030,46,4,1,1
1422,0030,46,7,1,1
1421,0030,74,44,0,0
2801,0030,74,33,0,0
1424,0030,46,9,0,1
1423,0030,74,41,1,0
1328,0030,46,18,0,1
1426,0030,46,21,1,1
1425,0030,46,20,0,1
1428,0030,74,23,1,0
1427,0030,46,25,1,1
2803,0030,74,32,0,0
1234,0030,46,1,1,1
1040,0030,46,19,0,1
1041,0030,74,29,0,0
1376,0030,46,29,1,1
1375,0030,46,28,1,1
1177,0030,74,14,1,0
1178,0030,74,15,1,0
1374,0030,46,27,1,1
1371,0030,74,31,0,0
1430,0030,74,18,0,0
2074,0030,74,8,1,0
2075,0030,46,41,0,1
1499,0030,74,43,1,0
1032,0030,46,31,1,1
1033,0030,46,32,1,1
1221,0030,74,47,1,0
1503,0030,46,6,1,1
2027,0030,46,42,1,1
1543,0030,46,15,1,1
2029,0030,46,44,1,1
2028,0030,46,43,1,1
1307,0030,74,39,1,0
2040,0030,74,3,1,0
1409,0030,46,30,1,1
1306,0030,74,38,1,0
2041,0030,46,45,1,1
1405,0030,74,20,1,0
2044,0030,74,11,1,0
1406,0030,74,21,1,0
2045,0030,74,12,1,0
1159,0030,46,26,1,1
1407,0030,74,22,1,0
1298,0030,46,11,1,1
2042,0030,46,40,1,1
1408,0030,74,16,1,0
2043,0030,74,10,1,0
1299,0030,46,12,1,1
1111,0030,46,33,1,1
1301,0030,46,14,1,1
1300,0030,74,36,1,0
1303,0030,74,35,1,0
2089,0030,74,1,1,0
1305,0030,74,37,1,0
1304,0030,46,13,1,1
2086,0030,46,47,1,1
2826,0030,46,16,1,1
1203,0030,46,35,1,1
1537,0030,74,34,1,0
1202,0030,46,34,1,1
1532,0030,74,19,1,0
1255,0030,74,27,1,0
1254,0030,74,26,1,0
2039,0030,74,2,1,0
1196,0031,30,9,0,1
1195,0031,30,8,1,1
1572,0031,31,12,1,0
1198,0031,30,12,1,1
1197,0031,30,11,1,1
1192,0031,31,20,1,0
1191,0031,30,2,1,1
1194,0031,30,7,0,1
1193,0031,30,4,0,1
1048,0031,31,18,1,0
1047,0031,31,17,1,0
1095,0031,30,6,0,1
1190,0031,30,1,1,1
1027,0031,30,10,1,1
1094,0031,30,5,1,1
1011,0031,31,11,1,0
1188,0031,30,3,1,1
1175,0031,31,1,1,0
1189,0031,31,21,1,0
1010,0031,31,10,1,0
1176,0031,30,18,1,1
1187,0031,31,19,0,0
1186,0031,31,16,0,0
1185,0031,31,15,0,0
1184,0031,31,14,0,0
1183,0031,31,13,0,0
1182,0031,31,9,1,0
1181,0031,30,13,0,1
1180,0031,31,7,0,0
1112,0031,31,5,1,0
1204,0031,31,2,1,0
1203,0031,30,17,1,1
1200,0031,30,14,1,1
1202,0031,30,16,1,1
1201,0031,30,15,1,1
1199,0031,31,8,1,0
1179,0031,31,6,1,0
1177,0031,31,3,1,0
1178,0031,31,4,1,0
1437,0032,22,14,1,0
1292,0032,22,3,1,0
1436,0032,22,13,1,0
1474,0032,22,10,1,0
1435,0032,22,12,1,0
1290,0032,22,1,0,0
1434,0032,22,11,1,0
1291,0032,22,2,1,0
1433,0032,21,11,0,1
1609,0032,22,6,1,0
1314,0032,21,19,1,1
1313,0032,21,18,1,1
1574,0032,21,2,0,1
1312,0032,22,5,1,0
1439,0032,21,5,0,1
1438,0032,22,15,1,0
1523,0032,21,13,1,1
1522,0032,21,14,1,1
1524,0032,21,12,1,1
1527,0032,22,8,1,0
1175,0032,21,16,1,1
1526,0032,22,9,1,0
1176,0032,22,4,1,0
1528,0032,22,7,1,0
1561,0032,22,17,1,0
1560,0032,22,16,1,0
1469,0032,21,6,0,1
1340,0032,22,18,1,0
1361,0032,21,4,1,1
1360,0032,21,3,1,1
1441,0032,21,1,1,1
1326,0032,21,7,0,1
1204,0032,21,17,1,1
1472,0032,21,9,0,1
1473,0032,21,10,0,1
1471,0032,21,8,0,1
1554,0032,22,19,1,0
1610,0032,21,15,1,1
3005,0033,12,4,0,0
3006,0033,12,5,0,0
3004,0033,12,3,0,0
3009,0033,2,36,1,1
3007,0033,12,6,1,0
3008,0033,2,35,0,1
3010,0033,2,37,0,1
1346,0033,12,12,1,0
2205,0033,2,10,0,1
1347,0033,12,13,1,0
2204,0033,2,8,1,1
2203,0033,12,34,1,0
1622,0033,12,21,1,0
1344,0033,12,10,1,0
2202,0033,2,6,1,1
1623,0033,2,20,1,1
1343,0033,12,9,1,0
2220,0033,2,1,1,1
2221,0033,2,2,0,1
1134,0033,12,22,1,0
2263,0033,2,9,1,1
2264,0033,12,32,1,0
2215,0033,12,35,1,0
2217,0033,12,27,1,0
2212,0033,12,31,0,0
2214,0033,2,7,1,1
2213,0033,12,33,1,0
1457,0033,2,18,1,1
1456,0033,2,17,0,1
1459,0033,2,21,1,1
1452,0033,12,26,0,0
1455,0033,2,16,1,1
1454,0033,2,15,0,1
2232,0033,2,5,0,1
2231,0033,12,30,0,0
2230,0033,2,12,0,1
2224,0033,12,36,0,0
2225,0033,2,11,0,1
2222,0033,12,38,0,0
2271,0033,2,14,1,1
2223,0033,2,4,1,1
2229,0033,12,28,1,0
2226,0033,12,29,0,0
1130,0033,2,19,1,1
2227,0033,2,13,1,1
1440,0033,12,11,0,0
1460,0033,2,22,1,1
1461,0033,2,23,1,1
1462,0033,2,24,1,1
1446,0033,12,19,1,0
1445,0033,12,18,1,0
1468,0033,2,32,1,1
1447,0033,12,20,1,0
1467,0033,2,30,0,1
1442,0033,12,16,1,0
1466,0033,2,29,0,1
1441,0033,12,14,1,0
1465,0033,2,27,1,1
1444,0033,12,17,1,0
1464,0033,2,25,1,1
1443,0033,12,15,1,0
1463,0033,2,26,0,1
3018,0033,12,7,1,0
3019,0033,12,8,0,0
1449,0033,12,23,1,0
3016,0033,12,1,0,0
3017,0033,2,39,0,1
2233,0033,12,37,1,0
3022,0033,2,38,0,1
2234,0033,2,3,0,1
3021,0033,2,34,1,1
2235,0033,12,39,0,0
3023,0033,12,2,0,0
3020,0033,2,33,0,1
1353,0033,2,28,1,1
1450,0033,12,24,0,0
1451,0033,12,25,1,0
1356,0033,2,31,1,1
2053,0034,135,2,1,0
2054,0034,135,3,1,0
2055,0034,135,4,1,0
2056,0034,135,5,1,0
2032,0034,135,12,1,0
2033,0034,107,10,1,1
2034,0034,135,14,1,0
2052,0034,135,1,1,0
1075,0034,135,20,1,0
1074,0034,135,19,1,0
1077,0034,107,1,1,1
1076,0034,135,21,1,0
1070,0034,107,6,1,1
1073,0034,135,18,1,0
1251,0034,107,7,1,1
1072,0034,135,17,1,0
2068,0034,107,20,0,1
2069,0034,107,21,0,1
1067,0034,107,3,1,1
1068,0034,107,4,1,1
1069,0034,107,5,1,1
2066,0034,107,18,0,1
2067,0034,107,19,0,1
2064,0034,107,14,1,1
2065,0034,107,15,1,1
2013,0034,135,6,1,0
2062,0034,107,12,1,1
2014,0034,135,7,1,0
2063,0034,107,13,1,1
2060,0034,135,11,1,0
2061,0034,107,11,1,1
1066,0034,107,2,1,1
3014,0034,107,8,1,1
3015,0034,135,15,1,0
1205,0034,135,16,1,0
2036,0034,135,13,1,0
2023,0034,107,17,0,1
2035,0034,107,9,1,1
2022,0034,107,16,1,1
2059,0034,135,10,0,0
2058,0034,135,9,1,0
2057,0034,135,8,1,0
2017,0035,119,4,1,1
1292,0035,113,6,1,0
1290,0035,119,9,0,1
2019,0035,113,9,1,0
2065,0035,119,1,1,1
1291,0035,113,5,1,0
2015,0035,119,2,1,1
2002,0035,113,3,1,0
2003,0035,119,10,1,1
2016,0035,119,3,1,1
1314,0035,119,8,1,1
1313,0035,119,7,1,1
1312,0035,113,8,1,0
1204,0035,119,6,1,1
2112,0035,119,11,1,1
2021,0035,113,11,1,0
2020,0035,113,10,1,0
1175,0035,119,5,1,1
2116,0035,113,1,1,0
1536,0035,113,4,1,0
1176,0035,113,7,1,0
2105,0035,113,2,0,0
1292,0041,88,6,1,0
1477,0041,87,1,0,1
1290,0041,87,8,0,1
1291,0041,88,5,1,0
2121,0041,87,9,0,1
1314,0041,87,7,1,1
1313,0041,87,6,1,1
1312,0041,88,8,1,0
1617,0041,88,3,1,0
1204,0041,87,5,1,1
1171,0041,87,2,1,1
1160,0041,88,9,1,0
1480,0041,88,2,1,0
1175,0041,87,4,1,1
1481,0041,88,1,1,0
1176,0041,88,7,1,0
1536,0041,88,4,1,0
1164,0041,88,10,1,0
1610,0041,87,3,1,1
1484,0041,87,10,1,1
2032,0042,29,2,0,0
2033,0042,28,10,0,1
2034,0042,29,4,0,0
2061,0042,28,11,0,1
3014,0042,28,8,0,1
3015,0042,29,5,0,0
1086,0042,28,1,0,1
1251,0042,28,7,0,1
1250,0042,28,6,0,1
1246,0042,28,2,0,1
1206,0042,29,7,0,0
1205,0042,29,6,0,0
1210,0042,29,11,0,0
1249,0042,28,5,0,1
1247,0042,28,3,0,1
1248,0042,28,4,0,1
2037,0042,29,1,0,0
2036,0042,29,3,0,0
2035,0042,28,9,0,1
1208,0042,29,9,0,0
1207,0042,29,8,0,0
1209,0042,29,10,0,0
1169,0050,34,2,1,1
1004,0050,57,15,1,0
1166,0050,57,23,1,0
1432,0050,57,19,1,0
1005,0050,57,16,1,0
2070,0050,57,9,1,0
1006,0050,57,17,1,0
2072,0050,34,14,1,1
3313,0050,34,19,1,1
2071,0050,57,10,1,0
3314,0050,57,4,1,0
3311,0050,34,17,1,1
2073,0050,34,15,0,1
3312,0050,34,18,1,1
2076,0050,57,12,1,0
3315,0050,57,3,0,0
2077,0050,34,12,1,1
3321,0050,130,17,0,1
1172,0050,34,3,1,1
1480,0050,34,11,1,1
1152,0050,34,6,1,1
1481,0050,34,10,1,1
1563,0050,34,1,1,1
1484,0050,57,13,1,0
3305,0050,57,5,1,0
3304,0050,34,20,1,1
3307,0050,57,7,1,0
3306,0050,57,6,1,0
3301,0050,57,1,1,0
3302,0050,34,21,0,1
1111,0050,57,18,1,0
1035,0050,34,8,1,1
3322,0050,57,2,1,0
1034,0050,34,7,1,1
3323,0050,34,22,1,1
1036,0050,34,9,1,1
3309,0050,57,8,0,0
3308,0050,137,8,0,0
3308,0050,130,18,0,1
1514,0050,57,21,1,0
1513,0050,57,20,1,0
2114,0050,57,11,1,0
1530,0050,57,14,1,0
2115,0050,34,13,1,1
3310,0050,34,16,0,1
1163,0050,57,22,1,0
1516,0050,34,5,0,1
1515,0050,34,4,0,1
2437,0051,110,15,1,1
2435,0051,109,7,1,0
2435,0051,112,22,1,1
2434,0051,109,8,1,0
2434,0051,112,23,1,1
2431,0051,110,18,1,1
2432,0051,110,17,1,1
2405,0051,109,5,1,0
2404,0051,109,4,0,0
2403,0051,109,3,0,0
2402,0051,109,2,1,0
2401,0051,109,1,1,0
2401,0051,112,20,1,1
3962,0051,112,33,1,1
3961,0051,112,32,1,1
4610,0051,112,25,0,1
1011,0051,109,19,1,0
2409,0051,109,9,1,0
2408,0051,109,8,1,0
2407,0051,109,7,1,0
2406,0051,109,6,1,0
1280,0051,110,3,1,1
1487,0051,109,15,0,0
1281,0051,110,4,1,1
1486,0051,109,14,1,0
1282,0051,110,5,1,1
1485,0051,109,13,1,0
2420,0051,110,18,0,1
2421,0051,110,19,1,1
1489,0051,110,6,1,1
3954,0051,112,31,1,1
2414,0051,110,12,1,1
4603,0051,112,29,1,1
2413,0051,110,11,1,1
4602,0051,112,28,1,1
2416,0051,110,14,1,1
2415,0051,110,13,1,1
2410,0051,109,10,1,0
2412,0051,110,10,1,1
4601,0051,112,27,1,1
2411,0051,109,11,1,0
1490,0051,110,7,0,1
1491,0051,110,8,0,1
1279,0051,110,2,1,1
2418,0051,110,16,1,1
2417,0051,109,6,1,0
2417,0051,112,21,1,1
3959,0051,112,30,1,1
2419,0051,110,17,0,1
4608,0051,112,26,1,1
1167,0051,112,1,1,1
1606,0051,110,1,1,1
1261,0051,109,17,0,0
1262,0051,109,18,1,0
1260,0051,109,16,1,0
2827,0051,109,12,1,0
2829,0051,110,9,1,1
2450,0051,112,24,0,1
2451,0051,109,9,0,0
2451,0051,110,16,0,1
3724,0052,37,29,1,0
3723,0052,37,30,1,0
4070,0052,142,6,0,0
1521,0052,37,19,1,0
1520,0052,36,14,1,1
4511,0052,44,20,1,1
4510,0052,142,3,1,0
3103,0052,36,9,0,1
3102,0052,36,8,1,1
3105,0052,37,21,1,0
3104,0052,36,10,1,1
3712,0052,37,27,0,0
3711,0052,37,26,0,0
3714,0052,37,28,0,0
3135,0052,37,20,1,0
3710,0052,37,25,0,0
3715,0052,36,3,1,1
3717,0052,36,2,0,1
4508,0052,142,2,1,0
4507,0052,142,1,1,0
4509,0052,44,21,1,1
4502,0052,142,4,1,0
4504,0052,142,5,0,0
1494,0052,36,15,1,1
1518,0052,37,18,1,0
4503,0052,44,18,0,1
1495,0052,36,16,0,1
1517,0052,36,13,1,1
1551,0052,44,1,0,1
1492,0052,37,14,1,0
4505,0052,44,19,1,1
1493,0052,37,16,1,0
3500,0052,37,6,0,0
3707,0052,36,5,0,1
3501,0052,36,25,1,1
3705,0052,36,4,0,1
3504,0052,37,10,1,0
3505,0052,37,11,1,0
3708,0052,36,6,0,1
3502,0052,37,8,1,0
3709,0052,36,7,0,1
3503,0052,37,9,1,0
3508,0052,36,19,0,1
3509,0052,36,20,1,1
3506,0052,37,12,1,0
3507,0052,37,13,1,0
1497,0052,37,17,1,0
3512,0052,36,23,1,1
3511,0052,36,22,1,1
3510,0052,36,21,1,1
3515,0052,36,26,0,1
3514,0052,37,7,0,0
3513,0052,36,24,1,1
4053,0052,37,2,0,0
4054,0052,37,3,1,0
2830,0052,36,18,1,1
1543,0052,36,17,1,1
3134,0052,36,12,1,1
4057,0052,36,27,0,1
4058,0052,36,28,0,1
4055,0052,37,4,1,0
4056,0052,37,5,0,0
4059,0052,36,29,1,1
3732,0052,36,1,1,1
3119,0052,36,11,1,1
1537,0052,37,15,1,0
4060,0052,36,30,0,1
4066,0052,37,5,0,0
3121,0052,37,23,0,0
4067,0052,36,26,0,1
3120,0052,37,22,1,0
3122,0052,37,24,1,0
4069,0052,37,1,1,0
4069,0052,44,17,1,1
4302,0053,82,22,0,0
4302,0053,83,7,0,1
1293,0053,82,4,1,0
4301,0053,83,6,0,1
4304,0053,82,20,1,0
4303,0053,83,7,1,1
4306,0053,83,10,1,1
1414,0053,82,7,0,0
4305,0053,83,9,1,1
1294,0053,83,23,1,1
4308,0053,82,19,1,0
4307,0053,82,18,1,0
1311,0053,83,24,1,1
1310,0053,82,5,1,0
4403,0053,33,30,0,0
4255,0053,82,23,0,0
4256,0053,82,24,0,0
4253,0053,83,4,1,1
4254,0053,83,5,1,1
4252,0053,83,3,0,1
4310,0053,82,21,1,0
4653,0053,33,29,0,0
4311,0053,82,22,1,0
4315,0053,82,17,1,0
1422,0053,83,21,1,1
4652,0053,33,28,0,0
4316,0053,83,11,1,1
4257,0053,82,25,0,0
4264,0053,83,2,1,1
4267,0053,83,1,1,1
1239,0053,83,25,1,1
4322,0053,83,8,1,1
1167,0053,82,1,1,0
4269,0053,82,26,1,0
3761,0053,82,11,0,0
3760,0053,82,10,0,0
1498,0053,82,9,0,0
1499,0053,82,8,1,0
3754,0053,83,12,0,1
3757,0053,83,15,1,1
1500,0053,83,22,1,1
3758,0053,83,17,0,1
1503,0053,83,20,1,1
3755,0053,83,13,1,1
1502,0053,82,6,1,0
3756,0053,83,14,1,1
1540,0053,82,2,1,0
1504,0053,83,19,0,1
1542,0053,83,26,1,1
3759,0053,83,18,0,1
4270,0053,33,27,1,0
3770,0053,83,16,1,1
3771,0053,82,12,1,0
3762,0053,82,13,1,0
3763,0053,82,14,1,0
3764,0053,82,15,1,0
3765,0053,82,16,0,0
1217,0053,82,3,1,0
4208,0054,111,24,0,0
4209,0054,111,25,1,0
3869,0054,111,23,0,0
4204,0054,68,4,1,1
4205,0054,68,5,0,1
4202,0054,68,2,1,1
4203,0054,111,26,1,0
3864,0054,111,21,0,0
3863,0054,111,20,1,0
3862,0054,111,19,1,0
4401,0054,68,1,0,1
4403,0054,138,24,0,0
4402,0054,68,2,0,1
3865,0054,111,22,1,0
2508,0054,68,10,1,1
2507,0054,68,9,0,1
2506,0054,68,8,1,1
2505,0054,68,7,1,1
2509,0054,68,11,1,1
4211,0054,111,27,1,0
1567,0054,66,1,1,0
4210,0054,68,3,1,1
2504,0054,68,6,1,1
2503,0054,68,5,1,1
2502,0054,68,4,1,1
4653,0054,68,2,0,1
2501,0054,68,3,0,1
4654,0054,66,20,0,0
4652,0054,68,1,0,1
3851,0054,68,3,1,1
3853,0054,68,5,0,1
3852,0054,68,4,1,1
3855,0054,68,7,1,1
1088,0054,68,21,0,1
3854,0054,68,6,1,1
1242,0054,68,20,1,1
2517,0054,66,16,1,0
2516,0054,66,15,1,0
1233,0054,68,15,1,1
2519,0054,66,18,1,0
2518,0054,66,17,1,0
1235,0054,68,16,1,1
1238,0054,68,17,1,1
1239,0054,68,18,1,1
2511,0054,66,10,0,0
2510,0054,68,12,0,1
2513,0054,66,12,1,0
2512,0054,66,11,1,0
2515,0054,66,14,1,0
2514,0054,66,13,0,0
3752,0054,68,13,1,1
1221,0054,66,6,1,0
1540,0054,66,3,1,0
1542,0054,68,19,1,1
1506,0054,66,8,1,0
1508,0054,68,14,1,1
2520,0054,66,19,0,0
4201,0054,68,1,1,1
1214,0054,66,2,1,0
1539,0054,66,7,1,0
1217,0054,66,4,1,0
3766,0054,66,9,0,0
1218,0054,66,5,1,0
3869,0055,79,20,0,0
3864,0055,79,18,0,0
3863,0055,79,17,1,0
3862,0055,79,16,1,0
3861,0055,79,15,0,0
4401,0055,78,1,0,1
4403,0055,79,21,0,0
3865,0055,79,19,1,0
4402,0055,78,2,0,1
3752,0055,78,14,1,1
1221,0055,79,6,1,0
2509,0055,78,13,1,1
1540,0055,79,3,1,0
1567,0055,79,1,1,0
2524,0055,79,12,1,0
1542,0055,78,20,1,1
2523,0055,79,11,1,0
1506,0055,79,8,1,0
2522,0055,78,12,1,1
2521,0055,78,11,1,1
1508,0055,78,15,1,1
3859,0055,79,13,0,0
3858,0055,78,10,0,1
3851,0055,78,3,1,1
3853,0055,78,5,0,1
3852,0055,78,4,1,1
3855,0055,78,7,1,1
1088,0055,78,22,0,1
3854,0055,78,6,1,1
3857,0055,78,9,0,1
1242,0055,78,21,1,1
3856,0055,78,8,0,1
1539,0055,79,7,1,0
1214,0055,79,2,1,0
1233,0055,78,16,1,1
1217,0055,79,4,1,0
1235,0055,78,17,1,1
3766,0055,79,9,0,0
1238,0055,78,18,1,1
3860,0055,79,14,0,0
1239,0055,78,19,1,1
1218,0055,79,5,1,0
2512,0055,79,10,1,0
4208,0056,58,15,0,0
4209,0056,58,16,1,0
4206,0056,59,6,0,1
4207,0056,58,14,0,0
4204,0056,59,4,1,1
4205,0056,59,5,0,1
4202,0056,59,2,1,1
4203,0056,58,17,1,0
1595,0056,58,1,1,0
3752,0056,59,11,1,1
2529,0056,58,12,1,0
1221,0056,58,6,1,0
2509,0056,59,10,1,1
2526,0056,59,8,1,1
1540,0056,58,3,1,0
2525,0056,59,7,0,1
4211,0056,58,18,1,0
1542,0056,59,17,1,1
4210,0056,59,3,1,1
2523,0056,58,11,1,0
1506,0056,58,8,1,0
2522,0056,59,9,1,1
1508,0056,59,12,1,1
4201,0056,59,1,1,1
1088,0056,59,19,0,1
1242,0056,59,18,1,1
1539,0056,58,7,1,0
1214,0056,58,2,1,0
1233,0056,59,13,1,1
1235,0056,59,14,1,1
1217,0056,58,4,1,0
3766,0056,58,9,0,0
1238,0056,59,15,1,1
1239,0056,59,16,1,1
1218,0056,58,5,1,0
2512,0056,58,10,1,0
2530,0056,58,13,0,0
2210,0057,42,19,0,1
2334,0057,40,31,0,0
2335,0057,40,32,0,0
2332,0057,40,29,0,0
2333,0057,40,30,0,0
2338,0057,42,1,0,1
1573,0057,42,21,1,1
2339,0057,42,2,0,1
2336,0057,40,33,0,0
2342,0057,42,5,0,1
2341,0057,42,4,0,1
2209,0057,42,20,0,1
2244,0057,41,16,1,0
2340,0057,42,3,0,1
2208,0057,41,8,0,0
2245,0057,41,12,0,0
2207,0057,41,9,0,0
2206,0057,42,18,0,1
2321,0057,41,22,1,0
2322,0057,42,5,1,1
2323,0057,41,24,1,0
2324,0057,41,25,1,0
2325,0057,41,26,1,0
2331,0057,40,28,0,0
1277,0057,42,23,1,1
1276,0057,42,22,1,1
2211,0057,41,10,1,0
2319,0057,42,8,0,1
2316,0057,41,18,0,0
2317,0057,41,19,0,0
2314,0057,85,17,0,0
2314,0057,84,12,0,1
2315,0057,41,17,0,0
2312,0057,42,10,0,1
2313,0057,42,11,0,1
1023,0057,42,26,1,1
2311,0057,42,9,0,1
2320,0057,41,21,1,0
2223,0057,42,15,1,1
1501,0057,41,1,1,0
2361,0057,40,27,0,0
2361,0057,42,1,0,1
1265,0057,41,6,1,0
1264,0057,41,5,1,0
2344,0057,42,7,0,1
2307,0057,42,6,1,1
2343,0057,42,6,0,1
2308,0057,42,7,1,1
2309,0057,41,20,0,0
1017,0057,41,2,0,0
2303,0057,42,3,1,1
2304,0057,42,4,1,1
2305,0057,41,23,1,0
1019,0057,41,4,1,0
1018,0057,41,3,0,0
2241,0057,41,11,0,0
2240,0057,42,17,0,1
2243,0057,41,14,1,0
2242,0057,41,15,1,0
2302,0057,42,2,1,1
2233,0057,41,13,1,0
1020,0057,41,7,1,0
1021,0057,42,24,1,1
1022,0057,42,25,0,1
2236,0057,42,12,1,1
2237,0057,42,14,1,1
2238,0057,42,13,1,1
2239,0057,42,16,0,1
1090,0059,95,1,0,0
4105,0059,93,5,0,1
2334,0059,77,6,0,0
2335,0059,77,7,0,0
4103,0059,93,3,0,1
2332,0059,77,4,0,0
4104,0059,93,4,0,1
2333,0059,77,5,0,0
2338,0059,65,29,0,1
4109,0059,95,21,0,0
2339,0059,65,30,0,1
2336,0059,77,8,0,0
2337,0059,77,9,0,0
4108,0059,95,20,0,0
2342,0059,65,33,0,1
2341,0059,65,32,0,1
2340,0059,65,31,0,1
4111,0059,95,23,0,0
4110,0059,95,22,0,0
2325,0059,65,36,0,1
2328,0059,65,28,0,1
3408,0059,93,3,0,1
3407,0059,143,18,0,0
3409,0059,143,19,0,0
2331,0059,77,3,0,0
3402,0059,143,21,0,0
3401,0059,95,23,0,0
3401,0059,93,1,0,1
3404,0059,93,4,0,1
3403,0059,143,20,0,0
3406,0059,143,17,0,0
3405,0059,93,5,0,1
1457,0059,77,16,0,0
2621,0059,77,37,0,0
1456,0059,77,15,0,0
2620,0059,77,36,0,0
1270,0059,77,14,0,0
2629,0059,65,3,0,1
2628,0059,95,15,0,0
2627,0059,93,10,0,1
3025,0059,77,26,0,0
1509,0059,77,17,0,0
1267,0059,65,24,0,1
3410,0059,93,2,0,1
2630,0059,93,7,0,1
2632,0059,143,16,0,0
2631,0059,93,6,0,1
2634,0059,77,35,0,0
2633,0059,143,15,0,0
2637,0059,77,32,0,0
1449,0059,65,22,0,1
2301,0059,77,1,0,0
2302,0059,77,2,0,0
4102,0059,93,2,0,1
3024,0059,65,12,0,1
4101,0059,93,1,0,1
1450,0059,65,23,0,1
1352,0059,77,20,0,0
1351,0059,77,19,0,0
2608,0059,65,8,0,1
1350,0059,77,18,0,0
2609,0059,65,9,0,1
2701,0059,77,12,0,0
2606,0059,65,6,0,1
2607,0059,65,7,0,1
2702,0059,77,13,0,0
2604,0059,65,4,0,1
2605,0059,77,33,0,0
2602,0059,65,2,0,1
2704,0059,65,26,0,1
2601,0059,95,14,0,0
2601,0059,65,1,0,1
4554,0059,95,26,0,0
4554,0059,93,9,0,1
4555,0059,95,25,0,0
4555,0059,93,8,0,1
1348,0059,65,18,0,1
1349,0059,65,19,0,1
1346,0059,65,16,0,1
1347,0059,65,17,0,1
1344,0059,65,14,0,1
1345,0059,65,15,0,1
1564,0059,65,21,0,1
1343,0059,65,13,0,1
2901,0059,77,11,0,0
2902,0059,65,27,0,1
2615,0059,77,30,0,0
2616,0059,77,31,0,0
2617,0059,65,5,0,1
2618,0059,77,34,0,0
2611,0059,65,11,0,1
2262,0059,65,25,0,1
2612,0059,77,27,0,0
3816,0059,93,6,0,1
2613,0059,77,28,0,0
2614,0059,77,29,0,0
3817,0059,95,19,0,0
4551,0059,95,18,0,0
4551,0059,93,7,0,1
4553,0059,95,16,0,0
4552,0059,95,17,0,0
2610,0059,65,10,0,1
2359,0059,77,10,0,0
2344,0059,65,35,0,1
2343,0059,65,34,0,1
1353,0059,77,21,0,0
1354,0059,77,22,0,0
1355,0059,77,23,0,0
1356,0059,77,24,0,0
1535,0059,65,20,0,1
1533,0059,77,25,0,0
4351,0061,116,20,1,0
4351,0061,45,1,1,1
4355,0061,89,19,1,0
4354,0061,89,18,1,0
4353,0061,45,3,1,1
4352,0061,45,2,1,1
2705,0061,45,7,0,1
2706,0061,45,10,0,1
2709,0061,45,13,1,1
2707,0061,45,11,1,1
2708,0061,45,12,1,1
1563,0061,116,1,1,0
3250,0061,45,12,1,1
4360,0061,89,15,1,0
4362,0061,45,4,0,1
4361,0061,89,16,1,0
2710,0061,45,14,1,1
2711,0061,45,15,0,1
4363,0061,89,17,0,0
2712,0061,45,16,0,1
3208,0061,45,6,1,1
2713,0061,45,17,0,1
3209,0061,45,7,1,1
2714,0061,45,18,1,1
2715,0061,89,3,1,0
2716,0061,89,4,0,0
2717,0061,89,5,0,0
2718,0061,89,6,0,0
2719,0061,89,7,1,0
4356,0061,45,13,1,1
4357,0061,116,21,1,0
4358,0061,45,5,1,1
4359,0061,45,6,1,1
3211,0061,45,9,1,1
3210,0061,45,8,0,1
3249,0061,116,22,1,0
3801,0061,45,1,1,1
2723,0061,89,11,0,0
3218,0061,116,25,1,0
3802,0061,45,2,1,1
2724,0061,89,14,0,0
3219,0061,116,26,0,0
2721,0061,89,9,0,0
3216,0061,116,23,1,0
2722,0061,89,10,1,0
3217,0061,116,24,1,0
2720,0061,89,8,0,0
3212,0061,45,10,1,1
3213,0061,45,11,1,1
3809,0061,116,32,1,0
3807,0061,116,30,0,0
3808,0061,116,31,1,0
3805,0061,45,5,0,1
2727,0061,45,9,1,1
3806,0061,116,29,0,0
3803,0061,45,3,1,1
3804,0061,45,4,0,1
3221,0061,116,28,1,0
3220,0061,116,27,1,0
2732,0061,89,12,1,0
2733,0061,89,13,1,0
2734,0061,45,8,0,1
1465,0061,89,2,1,0
1441,0061,45,19,1,1
1534,0061,89,1,1,0
1169,0064,35,2,1,1
1167,0064,35,1,1,1
1166,0064,54,21,1,0
1432,0064,54,17,1,0
3317,0064,54,8,0,0
4002,0064,54,2,1,0
3318,0064,35,15,0,1
4003,0064,54,3,1,0
3316,0064,35,14,1,1
4001,0064,54,1,1,0
1172,0064,35,3,1,1
2101,0064,54,9,1,0
2047,0064,35,10,1,1
4018,0064,54,5,1,0
2046,0064,35,9,1,1
4012,0064,35,20,1,1
4011,0064,35,19,1,1
4013,0064,35,21,1,1
2044,0064,54,13,1,0
2081,0064,35,11,0,1
2045,0064,54,14,1,0
2080,0064,54,11,1,0
4010,0064,35,18,1,1
2084,0064,35,13,0,1
2083,0064,35,12,0,1
2082,0064,54,12,0,0
1514,0064,54,19,1,0
1513,0064,54,18,1,0
1203,0064,35,8,1,1
2079,0064,54,10,0,0
1202,0064,35,7,1,1
1201,0064,35,6,1,1
4008,0064,35,16,0,1
4009,0064,35,17,0,1
4004,0064,54,4,1,0
1163,0064,54,20,1,0
1177,0064,54,15,1,0
4006,0064,54,6,0,0
1516,0064,35,5,0,1
1178,0064,54,16,1,0
4007,0064,54,7,0,0
1515,0064,35,4,0,1
3110,0065,9,14,1,1
3111,0065,9,15,1,1
3124,0065,8,11,0,0
3146,0065,8,12,0,0
3605,0065,9,5,0,1
3606,0065,9,6,0,1
4454,0065,140,5,0,1
3603,0065,9,3,0,1
4453,0065,141,17,0,0
4453,0065,140,3,0,1
3604,0065,9,4,1,1
3601,0065,140,6,0,1
4452,0065,141,16,0,0
4452,0065,140,2,0,1
4451,0065,141,15,0,0
4451,0065,140,1,0,1
3602,0065,9,2,1,1
1521,0065,8,3,1,0
1520,0065,9,17,1,1
3107,0065,9,11,1,1
3109,0065,9,13,1,1
3108,0065,9,12,1,1
3616,0065,141,13,0,0
3113,0065,8,4,1,0
3114,0065,8,5,0,0
3617,0065,9,1,1,1
3115,0065,8,6,1,0
3116,0065,8,7,1,0
3117,0065,8,8,1,0
3136,0065,9,10,1,1
3611,0065,8,13,0,0
3612,0065,8,14,0,0
3613,0065,8,15,1,0
3614,0065,8,16,1,0
3615,0065,8,17,1,0
4455,0065,141,14,0,0
4456,0065,140,4,0,1
3143,0065,8,10,0,0
3142,0065,9,9,0,1
3145,0065,9,7,0,1
1519,0065,8,1,1,0
1518,0065,8,2,1,0
1517,0065,9,16,1,1
3123,0065,9,8,0,1
3141,0065,8,9,1,0
1169,0067,14,2,1,1
1474,0067,53,22,1,0
1609,0067,53,18,1,0
1523,0067,14,6,1,1
1522,0067,14,7,1,1
1525,0067,14,4,0,1
1524,0067,14,5,1,1
4152,0067,53,2,1,0
2103,0067,14,16,1,1
4153,0067,53,3,1,0
2104,0067,14,16,0,1
1172,0067,14,3,1,1
4151,0067,53,1,1,0
1527,0067,53,20,1,0
4156,0067,53,6,0,0
1526,0067,53,21,1,0
4157,0067,14,18,1,1
4154,0067,53,4,1,0
1528,0067,53,19,1,0
4155,0067,53,5,1,0
2106,0067,14,17,0,1
2017,0067,53,17,1,0
4159,0067,14,20,0,1
4158,0067,14,19,1,1
2019,0067,14,9,1,1
2064,0067,14,13,1,1
2065,0067,14,14,1,1
2062,0067,14,11,1,1
2063,0067,14,12,1,1
2060,0067,53,15,1,0
2016,0067,53,16,1,0
2085,0067,53,8,1,0
2089,0067,53,10,1,0
2086,0067,14,15,1,1
4160,0067,14,21,1,1
2038,0067,53,9,1,0
4161,0067,14,22,1,1
4162,0067,53,7,0,0
2020,0067,14,10,1,1
4163,0067,14,17,0,1
1556,0067,14,1,1,1
1163,0067,53,23,1,0
2059,0067,53,14,0,0
2058,0067,53,13,1,0
2057,0067,53,12,1,0
2039,0067,53,11,1,0
1610,0067,14,8,1,1
3506,0068,39,7,1,0
4508,0068,39,2,1,0
4507,0068,39,1,1,0
1537,0068,39,9,1,0
2837,0068,38,6,1,1
4509,0068,38,10,1,1
3516,0068,38,5,1,1
4062,0068,39,6,1,0
4502,0068,39,4,1,0
2830,0068,38,4,1,1
4511,0068,38,9,1,1
4510,0068,39,3,1,0
1543,0068,38,3,1,1
4504,0068,39,5,0,0
1495,0068,38,2,0,1
4503,0068,38,7,0,1
1492,0068,39,8,1,0
1529,0068,38,1,1,1
1493,0068,39,10,1,0
4505,0068,38,8,1,1
1008,0070,115,16,0,0
1430,0070,114,5,0,1
1029,0070,114,3,0,1
1009,0070,115,17,0,0
1027,0070,114,2,0,1
2076,0070,115,12,0,0
1606,0070,114,1,0,1
2077,0070,114,9,0,1
3964,0070,115,6,0,0
1031,0070,114,4,0,1
3962,0070,114,19,0,1
3961,0070,114,18,0,1
3960,0070,115,4,0,0
1480,0070,114,8,0,1
1011,0070,115,18,0,0
1481,0070,114,7,0,1
1483,0070,115,14,0,0
1484,0070,115,13,0,0
1409,0070,115,15,0,0
2424,0070,115,10,0,0
2425,0070,115,11,0,0
2426,0070,114,10,0,1
2427,0070,114,11,0,1
2422,0070,115,8,0,0
2423,0070,115,9,0,0
1429,0070,114,6,0,1
2428,0070,114,12,0,1
2429,0070,114,13,0,1
3954,0070,114,17,0,1
3953,0070,115,3,0,0
3956,0070,115,7,0,0
3955,0070,115,5,0,0
3952,0070,115,2,0,0
3951,0070,115,1,0,0
3958,0070,114,15,0,1
3957,0070,114,14,0,1
3959,0070,114,16,0,1
2435,0071,63,12,1,1
2436,0071,63,10,1,1
2433,0071,64,6,0,0
2434,0071,63,13,1,1
2431,0071,64,8,1,0
2432,0071,64,7,1,0
1606,0071,63,1,1,1
4610,0071,63,15,0,1
1011,0071,64,18,1,0
2406,0071,64,9,1,0
1261,0071,64,16,0,0
1262,0071,64,17,1,0
1280,0071,63,3,1,1
1486,0071,64,15,1,0
1281,0071,63,4,1,1
1485,0071,64,14,1,0
2827,0071,64,13,1,0
2413,0071,63,9,1,1
4602,0071,63,18,1,1
4605,0071,64,2,1,0
4604,0071,64,1,1,0
2410,0071,64,11,1,0
2412,0071,63,8,1,1
2829,0071,63,7,1,1
4601,0071,63,17,1,1
2411,0071,64,12,1,0
1490,0071,63,5,0,1
1491,0071,63,6,0,1
2430,0071,64,10,1,0
1279,0071,63,2,1,1
2450,0071,63,14,0,1
4607,0071,64,4,1,0
2417,0071,63,11,1,1
4606,0071,64,3,1,0
4609,0071,64,5,0,0
4608,0071,63,16,1,1
2914,0072,72,13,0,1
2749,0072,69,7,0,0
2749,0072,100,19,0,1
2915,0072,72,14,1,1
2912,0072,72,11,1,1
2913,0072,72,12,1,1
2701,0072,72,19,0,1
2918,0072,70,8,1,0
2702,0072,72,20,0,1
2919,0072,70,9,0,0
2916,0072,72,15,0,1
2917,0072,72,16,1,1
1315,0072,71,1,1,0
2704,0072,70,6,0,0
2911,0072,72,10,1,1
3924,0072,72,1,0,1
2905,0072,72,17,1,1
2906,0072,72,18,1,1
2907,0072,70,7,1,0
2262,0072,70,5,0,0
1510,0072,70,1,1,0
3913,0072,72,4,1,1
3914,0072,70,22,1,0
3915,0072,70,23,0,0
3910,0072,70,18,1,0
3911,0072,70,19,1,0
3912,0072,70,20,1,0
1457,0072,72,23,1,1
1456,0072,72,22,0,1
1270,0072,72,21,1,1
4707,0072,71,28,0,0
4708,0072,72,1,0,1
3901,0072,71,24,0,0
4705,0072,71,27,0,0
4706,0072,72,2,0,1
4703,0072,71,26,0,0
3903,0072,72,3,1,1
4704,0072,72,3,0,1
3902,0072,72,2,0,1
2930,0072,70,16,1,0
4701,0072,71,25,0,0
3905,0072,72,5,1,1
4702,0072,72,4,0,1
3904,0072,70,21,1,0
3907,0072,72,7,1,1
4700,0072,72,5,0,1
3906,0072,72,6,1,1
3909,0072,70,17,1,0
3908,0072,72,8,1,1
1267,0072,70,4,1,0
2927,0072,70,15,1,0
2928,0072,72,9,1,1
2923,0072,70,13,1,0
2924,0072,70,14,1,0
2920,0072,70,10,0,0
2921,0072,70,11,0,0
2922,0072,70,12,1,0
1449,0072,70,2,1,0
1450,0072,70,3,0,0
2621,0073,43,4,0,0
2620,0073,43,3,1,0
2641,0073,43,2,0,0
2622,0073,73,14,0,1
2640,0073,43,5,1,0
2602,0073,73,12,1,1
4105,0073,73,5,1,1
2603,0073,73,13,1,1
2628,0073,43,6,0,0
4103,0073,73,3,1,1
2627,0073,73,10,0,1
4104,0073,73,4,1,1
4109,0073,43,12,1,0
4108,0073,43,11,0,0
4554,0073,73,9,1,1
4555,0073,73,8,1,1
4111,0073,43,14,0,0
4110,0073,43,13,1,0
2619,0073,43,2,1,0
2635,0073,73,11,1,1
3816,0073,73,6,1,1
3817,0073,43,10,1,0
4551,0073,43,9,1,0
4551,0073,73,7,1,1
4553,0073,43,7,1,0
4552,0073,43,8,1,0
4102,0073,73,2,0,1
1511,0073,43,1,1,0
4101,0073,73,1,0,1
3218,0074,117,6,1,0
3801,0074,118,1,1,1
3219,0074,117,7,0,0
3802,0074,118,2,1,1
3216,0074,117,4,1,0
3217,0074,117,5,1,0
3212,0074,118,10,1,1
3213,0074,118,11,1,1
3809,0074,117,13,1,0
3807,0074,117,11,0,0
3808,0074,117,12,1,0
3805,0074,118,5,0,1
3806,0074,117,10,0,0
3803,0074,118,3,1,1
3804,0074,118,4,0,1
3221,0074,117,9,1,0
3220,0074,117,8,1,0
3201,0074,118,3,0,1
3250,0074,118,12,1,1
3202,0074,118,4,0,1
3203,0074,118,5,0,1
3204,0074,133,2,0,0
3204,0074,118,6,0,1
3205,0074,133,3,0,0
3810,0074,118,1,0,1
3811,0074,133,6,0,0
3206,0074,133,4,0,0
3207,0074,133,5,0,0
3812,0074,118,2,0,1
3208,0074,118,6,1,1
3209,0074,118,7,1,1
4356,0074,118,13,1,1
4357,0074,117,2,1,0
3211,0074,118,9,1,1
3249,0074,117,3,1,0
1534,0074,117,1,1,0
3210,0074,118,8,0,1
2630,0075,121,7,0,1
2619,0075,120,2,0,0
2632,0075,120,4,0,0
2631,0075,121,6,0,1
2633,0075,120,3,0,0
2603,0075,121,8,0,1
3408,0075,121,3,0,1
3407,0075,120,6,0,0
1511,0075,120,1,0,0
3409,0075,120,7,0,0
3419,0075,121,9,0,1
3418,0075,136,18,0,0
3418,0075,121,8,0,1
3417,0075,136,17,0,0
3417,0075,121,7,0,1
3416,0075,136,16,0,0
3416,0075,121,6,0,1
3415,0075,136,15,0,0
3415,0075,121,5,0,1
3402,0075,120,9,0,0
3414,0075,136,14,0,0
3414,0075,121,4,0,1
3401,0075,136,10,0,0
3401,0075,121,1,0,1
3413,0075,136,13,0,0
3413,0075,121,3,0,1
3404,0075,121,4,0,1
3412,0075,136,12,0,0
3412,0075,121,2,0,1
3403,0075,120,8,0,0
3411,0075,136,11,0,0
3411,0075,121,1,0,1
3406,0075,120,5,0,0
3405,0075,121,5,0,1
3410,0075,121,2,0,1
3126,0077,10,2,1,1
3110,0077,10,7,1,1
3127,0077,10,3,1,1
3124,0077,15,17,0,0
3111,0077,10,8,1,1
3112,0077,11,4,1,0
3112,0077,10,9,1,1
3125,0077,15,12,1,0
3125,0077,10,1,1,1
3146,0077,15,18,0,0
3128,0077,10,4,1,1
3129,0077,10,5,1,1
1521,0077,11,3,1,0
1520,0077,10,13,1,1
3130,0077,11,10,1,0
3109,0077,10,6,1,1
3133,0077,11,13,1,0
3132,0077,11,12,0,0
3131,0077,11,11,1,0
3139,0077,10,10,1,1
3113,0077,11,7,1,0
3114,0077,11,8,0,0
3115,0077,11,9,1,0
3116,0077,15,13,1,0
3117,0077,15,14,1,0
3137,0077,11,5,1,0
3611,0077,15,19,0,0
3612,0077,15,20,0,0
3613,0077,15,21,1,0
3614,0077,15,22,1,0
3615,0077,15,23,1,0
1214,0077,15,1,1,0
3143,0077,15,16,0,0
3144,0077,11,6,1,0
3144,0077,10,11,1,1
1519,0077,11,1,1,0
1518,0077,11,2,1,0
1517,0077,10,12,1,1
3141,0077,15,15,1,0
2437,0078,56,1,1,0
2438,0078,56,4,0,0
2453,0078,55,12,1,1
2817,0078,56,14,0,0
2816,0078,55,5,1,1
1497,0078,55,1,1,1
2439,0078,56,6,0,0
2814,0078,55,6,1,1
2405,0078,55,18,1,1
2838,0078,56,13,1,0
2403,0078,55,15,0,1
2839,0078,55,7,1,1
2441,0078,55,16,0,1
2440,0078,55,14,0,1
1543,0078,55,3,1,1
2850,0078,56,12,0,0
2832,0078,55,10,1,1
2831,0078,56,10,1,0
2834,0078,55,11,1,1
2833,0078,56,9,1,0
2442,0078,56,7,0,0
2443,0078,55,13,0,1
2801,0078,56,16,0,0
2420,0078,56,5,0,0
2448,0078,56,3,1,0
2449,0078,55,17,1,1
2803,0078,56,15,0,0
2826,0078,55,4,1,1
1537,0078,56,17,1,0
2849,0078,55,8,0,1
2848,0078,56,11,1,0
2847,0078,55,9,1,1
2418,0078,56,2,1,0
1495,0078,55,2,0,1
2452,0078,56,8,1,0
1493,0078,56,18,1,0
4707,0079,122,10,0,0
4708,0079,123,1,0,1
4705,0079,122,9,0,0
4706,0079,123,2,0,1
3903,0079,123,6,0,1
4703,0079,122,8,0,0
4704,0079,123,3,0,1
3905,0079,123,8,0,1
4701,0079,122,7,0,0
4702,0079,123,4,0,1
3904,0079,122,5,0,0
3907,0079,123,10,0,1
3906,0079,123,9,0,1
4700,0079,123,5,0,1
3913,0079,123,7,0,1
1510,0079,122,1,0,0
3914,0079,122,6,0,0
3910,0079,122,2,0,0
3911,0079,122,3,0,0
3912,0079,122,4,0,0
3724,0081,94,13,1,1
3707,0081,81,12,0,0
3723,0081,94,14,1,1
3705,0081,81,11,0,0
3708,0081,81,13,0,0
3709,0081,81,14,0,0
4453,0081,81,7,0,0
4452,0081,81,5,0,0
1497,0081,108,1,1,1
1521,0081,108,3,1,1
1520,0081,81,9,1,0
6000,0081,81,1,1,0
6001,0081,108,9,0,1
6002,0081,81,2,0,0
3103,0081,81,16,0,0
3134,0081,81,19,1,0
6003,0081,108,8,1,1
3102,0081,81,15,1,0
3105,0081,94,5,1,1
6004,0081,81,3,1,0
6005,0081,108,7,0,1
3104,0081,81,17,1,0
3712,0081,94,11,0,1
3711,0081,94,10,0,1
3714,0081,94,12,0,1
3732,0081,81,8,1,0
3732,0081,94,15,1,1
3135,0081,94,4,1,1
3710,0081,94,9,0,1
3119,0081,81,18,1,0
6006,0081,81,4,0,0
3715,0081,81,10,1,0
3717,0081,81,9,0,0
4460,0081,81,6,1,0
4459,0081,108,5,1,1
4457,0081,108,4,1,1
4458,0081,108,6,0,1
3121,0081,94,7,0,1
1518,0081,108,2,1,1
3120,0081,94,6,1,1
1517,0081,81,8,1,0
1551,0081,94,1,0,1
3122,0081,94,8,1,1
1447,0090,52,1,0,0
2254,0090,52,6,0,0
2267,0090,51,2,0,1
2253,0090,51,5,0,1
2252,0090,51,6,0,1
2268,0090,52,8,0,0
2251,0090,52,4,0,0
2250,0090,52,5,0,0
2231,0090,52,3,0,0
2225,0090,51,7,0,1
2248,0090,51,3,0,1
2271,0090,51,8,0,1
2249,0090,51,4,0,1
2255,0090,52,7,0,0
2217,0090,52,2,0,0
2201,0090,51,1,0,1
2915,0091,124,7,0,0
2918,0091,127,16,0,1
2919,0091,127,17,0,1
2916,0091,124,8,0,0
2917,0091,124,9,0,0
2334,0091,127,8,0,1
2335,0091,127,9,0,1
2709,0091,127,24,0,1
2338,0091,124,15,0,0
2339,0091,124,16,0,0
2707,0091,127,22,0,1
2336,0091,127,10,0,1
2708,0091,127,23,0,1
2337,0091,127,11,0,1
2341,0091,124,18,0,0
2340,0091,124,17,0,0
2329,0091,125,24,0,0
2903,0091,127,14,0,1
2904,0091,127,15,0,1
2908,0091,124,10,0,0
2751,0091,127,20,0,1
2322,0091,124,24,0,0
2750,0091,124,6,0,0
2323,0091,127,3,0,1
2324,0091,127,4,0,1
2325,0091,127,5,0,1
2719,0091,124,1,0,0
2326,0091,127,12,0,1
2327,0091,127,1,0,1
2328,0091,124,14,0,0
2330,0091,127,3,0,1
2909,0091,124,11,0,0
2721,0091,124,3,0,0
2722,0091,124,4,0,0
2720,0091,124,2,0,0
2725,0091,127,21,0,1
2726,0091,124,5,0,0
2360,0091,124,20,0,0
2348,0091,124,19,0,0
2346,0091,127,2,0,1
2925,0091,124,12,0,0
2345,0091,125,23,0,0
2926,0091,127,19,0,1
2303,0091,124,22,0,0
2304,0091,124,23,0,0
2920,0091,127,18,0,1
2305,0091,127,2,0,1
2306,0091,127,1,0,1
2301,0091,127,6,0,1
2302,0091,124,21,0,0
2350,0091,127,13,0,1
2351,0091,124,13,0,0
2353,0091,127,7,0,1
2435,0094,129,2,1,1
2433,0094,128,11,0,0
2434,0094,129,3,1,1
2431,0094,128,13,1,0
2432,0094,128,12,1,0
3962,0094,129,13,1,1
3961,0094,129,12,1,1
4610,0094,129,5,0,1
3960,0094,128,4,1,0
3954,0094,129,11,1,1
4603,0094,129,9,1,1
3953,0094,128,3,1,0
4602,0094,129,8,1,1
4605,0094,128,7,1,0
4604,0094,128,6,1,0
3955,0094,128,5,1,0
3952,0094,128,2,1,0
4601,0094,129,7,1,1
3951,0094,128,1,0,0
4607,0094,128,9,1,0
2450,0094,129,4,0,1
4606,0094,128,8,1,0
2417,0094,129,1,1,1
4609,0094,128,10,0,0
4608,0094,129,6,1,1
3959,0094,129,10,1,1
4901,0096,97,2,0,1
4900,0096,99,6,0,0
4802,0096,99,2,0,0
4803,0096,97,6,0,1
4800,0096,99,3,1,0
4801,0096,97,5,1,1
6000,0096,99,4,1,0
6000,0096,97,4,1,1
6001,0096,97,3,0,1
4850,0096,97,1,1,1
6002,0096,99,5,0,0
4950,0096,99,1,1,0
1396,0803,76,4,0,1
1391,0803,76,2,0,1
1023,0803,76,12,0,1
1548,0803,76,1,0,1
1389,0803,75,12,0,0
1501,0803,75,1,0,0
1545,0803,76,3,0,1
1546,0803,75,11,0,0
1017,0803,75,2,0,0
1382,0803,76,6,0,1
1401,0803,76,9,0,1
1402,0803,75,4,0,0
1383,0803,76,5,0,1
1384,0803,75,10,0,0
1018,0803,75,3,0,0
1381,0803,75,7,0,0
1398,0803,75,8,0,0
1397,0803,75,9,0,0
1616,0803,75,6,0,0
1021,0803,76,10,0,1
1399,0803,76,7,0,1
1022,0803,76,11,0,1
1612,0803,76,8,0,1
1611,0803,75,5,0,0
1292,0805,60,3,1,0
1475,0805,60,1,1,0
1169,0805,61,2,1,1
1293,0805,62,5,1,0
1168,0805,61,1,1,1
1291,0805,60,2,1,0
1166,0805,60,13,1,0
1296,0805,62,9,1,0
1192,0805,62,7,1,0
1297,0805,62,10,1,0
1091,0805,60,13,1,1
1294,0805,60,9,1,1
1295,0805,62,8,1,0
1314,0805,61,13,1,1
1313,0805,61,12,1,1
1312,0805,60,5,1,0
1311,0805,60,10,1,1
1310,0805,62,6,1,0
1603,0805,60,7,1,0
1604,0805,61,8,1,1
1051,0805,62,2,1,0
1052,0805,62,1,1,0
1520,0805,60,2,1,1
1171,0805,61,4,1,1
1172,0805,61,5,1,1
1568,0805,60,1,0,1
1170,0805,61,3,1,1
1188,0805,60,8,1,1
1175,0805,61,10,1,1
1176,0805,60,4,1,0
1173,0805,61,6,1,1
1174,0805,61,7,1,1
1307,0805,60,5,1,1
1306,0805,60,4,1,1
1309,0805,60,7,1,1
1308,0805,60,6,1,1
1298,0805,62,11,1,0
1240,0805,60,12,1,1
1305,0805,62,12,1,0
1305,0805,60,3,1,1
1204,0805,61,11,1,1
1216,0805,62,3,1,0
1217,0805,62,4,1,0
1239,0805,60,11,1,1
1160,0805,60,6,1,0
1161,0805,60,8,1,0
1162,0805,60,9,1,0
1163,0805,60,10,1,0
1164,0805,60,11,1,0
1165,0805,60,12,1,0
1610,0805,61,9,1,1
1003,0804,103,3,0,0
1004,0804,103,4,0,0
2749,0804,105,1,0,1
1001,0804,103,1,0,0
1002,0804,103,2,0,0
1191,0804,104,7,0,0
1005,0804,103,5,0,0
1006,0804,103,6,0,0
1395,0804,104,17,0,0
1577,0804,103,24,0,0
1396,0804,104,18,0,0
1009,0804,102,15,0,0
1393,0804,104,15,0,0
1394,0804,104,16,0,0
1391,0804,104,13,0,0
1576,0804,104,1,0,0
1388,0804,104,14,0,0
1520,0804,104,3,0,0
1011,0804,102,17,0,0
1188,0804,104,8,0,0
1010,0804,102,16,0,0
1424,0804,104,4,0,0
1489,0804,102,8,0,0
1382,0804,104,20,0,0
1383,0804,104,19,0,0
1585,0804,103,23,0,0
5036,0804,103,25,0,0
1085,0804,103,14,0,0
1584,0804,104,9,0,0
1514,0804,103,10,0,0
1593,0804,104,12,0,0
1513,0804,103,9,0,0
1376,0804,102,12,0,0
1375,0804,102,11,0,0
2219,0804,104,28,0,0
1378,0804,102,14,0,0
1377,0804,102,13,0,0
2216,0804,104,31,0,0
2218,0804,104,29,0,0
1612,0804,104,22,0,0
1457,0804,105,6,0,1
1456,0804,105,5,0,1
1270,0804,105,4,0,1
1432,0804,103,8,0,0
1124,0804,102,25,0,0
1125,0804,102,26,0,0
1122,0804,102,23,0,0
1123,0804,102,24,0,0
1128,0804,102,29,0,0
1129,0804,102,30,0,0
1126,0804,102,27,0,0
1127,0804,102,28,0,0
1267,0804,103,30,0,0
1266,0804,104,27,0,0
1265,0804,104,26,0,0
1309,0804,104,6,0,0
1308,0804,104,5,0,0
1264,0804,104,25,0,0
1111,0804,103,7,0,0
1064,0804,103,20,0,0
1063,0804,103,19,0,0
1062,0804,103,18,0,0
1061,0804,103,17,0,0
1449,0804,103,27,0,0
1060,0804,103,16,0,0
1399,0804,104,21,0,0
1121,0804,102,22,0,0
1258,0804,102,7,0,0
1450,0804,103,28,0,0
1451,0804,103,29,0,0
1255,0804,102,4,0,0
1254,0804,102,3,0,0
1257,0804,102,6,0,0
1256,0804,102,5,0,0
2701,0804,105,2,0,1
2702,0804,105,3,0,1
2704,0804,104,32,0,0
1253,0804,102,2,0,0
1252,0804,102,1,0,0
1243,0804,103,15,0,0
1568,0804,104,2,0,0
1344,0804,103,22,0,0
1564,0804,106,1,0,0
1343,0804,103,21,0,0
2262,0804,103,31,0,0
1374,0804,102,10,0,0
1024,0804,102,21,0,0
2228,0804,104,30,0,0
1221,0804,104,10,0,0
1222,0804,104,11,0,0
1159,0804,102,9,0,0
1401,0804,104,23,0,0
1012,0804,102,18,0,0
1015,0804,102,20,0,0
1014,0804,102,19,0,0
1021,0804,104,24,0,0
1162,0804,103,11,0,0
1163,0804,103,12,0,0
1164,0804,103,13,0,0
ANF1,a,145,12,1,0
ANF2,a,146,18,1,1
BLO1,a,145,2,1,0
BLO2,a,146,28,1,1
CDG1,a,145,9,1,0
CDG2,a,146,21,1,1
GAR1,a,145,8,1,0
GAR2,a,146,22,1,1
GCL1,a,145,6,1,0
GCL2,a,146,24,1,1
HFR1,a,145,5,1,0
HFR2,a,146,25,1,1
ITA1,a,145,4,1,0
ITA2,a,146,26,1,1
JCA1,a,145,7,1,0
JCA2,a,146,23,1,1
JFK2,a,146,1,1,1
PON1,a,145,13,1,0
PON2,a,146,17,1,1
POT1,a,145,1,1,0
REP1,a,145,10,1,0
REP2,a,146,20,1,1
STA1,a,145,11,1,0
STA2,a,146,19,1,1
TRI1,a,145,3,1,0
TRI2,a,146,27,1,1
VU1,a,145,14,1,0
VU2,a,146,16,1,1
