arret_id,trajet_id,heure_depart,stop_sequence,terminus
2437,3079,630,1,0
2418,3079,630,2,0
2448,3079,632,3,0
2438,3079,632,4,0
2420,3079,634,5,0
2439,3079,635,6,0
2442,3079,636,7,0
2833,3079,640,8,0
2831,3079,642,9,0
2812,3079,645,10,0
2813,3079,646,11,0
2817,3079,647,12,0
2803,3079,649,13,0
2801,3079,650,14,0
1537,3079,652,15,0
1493,3079,653,16,0
1497,3079,657,17,1
1497,3089,735,1,0
1495,3089,738,2,0
1543,3089,740,3,0
2826,3089,741,4,0
2802,3089,742,5,0
2814,3089,744,6,0
2818,3089,745,7,0
2819,3089,746,8,0
2832,3089,748,9,0
2834,3089,750,10,0
2443,3089,754,11,0
2440,3089,755,12,0
2403,3089,756,13,0
2441,3089,758,14,0
2449,3089,759,15,0
2405,3089,760,16,0
2437,3089,761,17,1
1497,3088,665,1,0
1495,3088,668,2,0
1543,3088,670,3,0
2826,3088,671,4,0
2802,3088,672,5,0
2814,3088,674,6,0
2818,3088,675,7,0
2819,3088,676,8,0
2832,3088,678,9,0
2834,3088,680,10,0
2443,3088,684,11,0
2440,3088,685,12,0
2403,3088,686,13,0
2441,3088,688,14,0
2449,3088,689,15,0
2405,3088,690,16,0
2437,3088,691,17,1
1497,3087,590,1,0
1495,3087,593,2,0
1543,3087,595,3,0
2826,3087,596,4,0
2802,3087,597,5,0
2814,3087,599,6,0
2818,3087,600,7,0
2819,3087,601,8,0
2832,3087,603,9,0
2834,3087,605,10,0
2443,3087,609,11,0
2440,3087,610,12,0
2403,3087,611,13,0
2441,3087,613,14,0
2449,3087,614,15,0
2405,3087,615,16,0
2437,3087,616,17,1
2437,3086,560,1,0
2418,3086,560,2,0
2448,3086,562,3,0
2438,3086,562,4,0
2420,3086,564,5,0
2439,3086,565,6,0
2442,3086,566,7,0
2833,3086,570,8,0
2831,3086,572,9,0
2812,3086,575,10,0
2813,3086,576,11,0
2817,3086,577,12,0
2803,3086,579,13,0
2801,3086,580,14,0
1537,3086,582,15,0
1493,3086,583,16,0
1497,3086,587,17,1
2437,3085,1070,1,0
2418,3085,1070,2,0
2448,3085,1072,3,0
2438,3085,1072,4,0
2420,3085,1074,5,0
2439,3085,1075,6,0
2442,3085,1076,7,0
2833,3085,1080,8,0
2831,3085,1083,9,0
2812,3085,1086,10,0
2813,3085,1087,11,0
2817,3085,1089,12,0
2803,3085,1091,13,0
2801,3085,1092,14,0
1537,3085,1094,15,0
1493,3085,1095,16,0
1497,3085,1099,17,1
2437,3084,990,1,0
2418,3084,990,2,0
2448,3084,992,3,0
2438,3084,992,4,0
2420,3084,994,5,0
2439,3084,995,6,0
2442,3084,996,7,0
2833,3084,1000,8,0
2831,3084,1003,9,0
2812,3084,1006,10,0
2813,3084,1007,11,0
2817,3084,1009,12,0
2803,3084,1011,13,0
2801,3084,1012,14,0
1537,3084,1014,15,0
1493,3084,1015,16,0
1497,3084,1019,17,1
2437,3083,920,1,0
2418,3083,920,2,0
2448,3083,922,3,0
2438,3083,922,4,0
2420,3083,924,5,0
2439,3083,925,6,0
2442,3083,926,7,0
2833,3083,930,8,0
2831,3083,933,9,0
2812,3083,936,10,0
2813,3083,937,11,0
2817,3083,939,12,0
2803,3083,941,13,0
2801,3083,942,14,0
1537,3083,944,15,0
1493,3083,945,16,0
1497,3083,949,17,1
2437,3082,850,1,0
2418,3082,850,2,0
2448,3082,852,3,0
2438,3082,852,4,0
2420,3082,854,5,0
2439,3082,855,6,0
2442,3082,856,7,0
2833,3082,860,8,0
2831,3082,863,9,0
2812,3082,866,10,0
2813,3082,867,11,0
2817,3082,869,12,0
2803,3082,871,13,0
2801,3082,872,14,0
1537,3082,874,15,0
1493,3082,875,16,0
1497,3082,879,17,1
2437,3081,780,1,0
2418,3081,780,2,0
2448,3081,782,3,0
2438,3081,782,4,0
2420,3081,784,5,0
2439,3081,785,6,0
2442,3081,786,7,0
2833,3081,790,8,0
2831,3081,792,9,0
2812,3081,795,10,0
2813,3081,796,11,0
2817,3081,797,12,0
2803,3081,799,13,0
2801,3081,800,14,0
1537,3081,802,15,0
1493,3081,803,16,0
1497,3081,807,17,1
2437,3080,700,1,0
2418,3080,700,2,0
2448,3080,702,3,0
2438,3080,702,4,0
2420,3080,704,5,0
2439,3080,705,6,0
2442,3080,706,7,0
2833,3080,710,8,0
2831,3080,712,9,0
2812,3080,715,10,0
2813,3080,716,11,0
2817,3080,717,12,0
2803,3080,719,13,0
2801,3080,720,14,0
1537,3080,722,15,0
1493,3080,723,16,0
1497,3080,727,17,1
1497,3094,1105,1,0
1495,3094,1108,2,0
1543,3094,1110,3,0
2826,3094,1111,4,0
2802,3094,1112,5,0
2814,3094,1114,6,0
2818,3094,1115,7,0
2819,3094,1116,8,0
2832,3094,1118,9,0
2834,3094,1120,10,0
2443,3094,1124,11,0
2440,3094,1125,12,0
2403,3094,1126,13,0
2441,3094,1128,14,0
2449,3094,1129,15,0
2405,3094,1130,16,0
2437,3094,1131,17,1
1497,3091,885,1,0
1495,3091,888,2,0
1543,3091,890,3,0
2826,3091,891,4,0
2802,3091,892,5,0
2814,3091,894,6,0
2818,3091,895,7,0
2819,3091,896,8,0
2832,3091,898,9,0
2834,3091,900,10,0
2443,3091,904,11,0
2440,3091,905,12,0
2403,3091,906,13,0
2441,3091,908,14,0
2449,3091,909,15,0
2405,3091,910,16,0
2437,3091,911,17,1
1497,3090,810,1,0
1495,3090,813,2,0
1543,3090,815,3,0
2826,3090,816,4,0
2802,3090,817,5,0
2814,3090,819,6,0
2818,3090,820,7,0
2819,3090,821,8,0
2832,3090,823,9,0
2834,3090,825,10,0
2443,3090,829,11,0
2440,3090,830,12,0
2403,3090,831,13,0
2441,3090,833,14,0
2449,3090,834,15,0
2405,3090,835,16,0
2437,3090,836,17,1
1497,3093,1035,1,0
1495,3093,1039,2,0
1543,3093,1040,3,0
2826,3093,1042,4,0
2802,3093,1043,5,0
2814,3093,1045,6,0
2818,3093,1047,7,0
2819,3093,1048,8,0
2832,3093,1050,9,0
2834,3093,1052,10,0
2443,3093,1056,11,0
2440,3093,1057,12,0
2403,3093,1058,13,0
2441,3093,1060,14,0
2449,3093,1061,15,0
2405,3093,1062,16,0
2437,3093,1063,17,1
1497,3092,955,1,0
1495,3092,959,2,0
1543,3092,960,3,0
2826,3092,962,4,0
2802,3092,963,5,0
2814,3092,965,6,0
2818,3092,967,7,0
2819,3092,968,8,0
2832,3092,970,9,0
2834,3092,972,10,0
2443,3092,976,11,0
2440,3092,977,12,0
2403,3092,978,13,0
2441,3092,980,14,0
2449,3092,981,15,0
2405,3092,982,16,0
2437,3092,983,17,1
1497,2508,990,1,0
1495,2508,994,2,0
1543,2508,995,3,0
2826,2508,997,4,0
2802,2508,998,5,0
2814,2508,1000,6,0
2818,2508,1002,7,0
2819,2508,1003,8,0
2832,2508,1005,9,0
2834,2508,1007,10,0
2443,2508,1011,11,0
2440,2508,1012,12,0
2403,2508,1013,13,0
2441,2508,1016,14,0
2449,2508,1017,15,0
2405,2508,1018,16,0
2437,2508,1019,17,1
1497,2507,990,1,0
1495,2507,994,2,0
1543,2507,995,3,0
2826,2507,997,4,0
2802,2507,998,5,0
2814,2507,1000,6,0
2818,2507,1002,7,0
2819,2507,1003,8,0
2832,2507,1005,9,0
2834,2507,1007,10,0
2443,2507,1011,11,0
2440,2507,1012,12,0
2403,2507,1013,13,0
2441,2507,1016,14,0
2449,2507,1017,15,0
2405,2507,1018,16,0
2437,2507,1019,17,1
1497,2506,990,1,0
1495,2506,994,2,0
1543,2506,995,3,0
2826,2506,997,4,0
2802,2506,998,5,0
2814,2506,1000,6,0
2818,2506,1002,7,0
2819,2506,1003,8,0
2832,2506,1005,9,0
2834,2506,1007,10,0
2443,2506,1011,11,0
2440,2506,1012,12,0
2403,2506,1013,13,0
2441,2506,1016,14,0
2449,2506,1017,15,0
2405,2506,1018,16,0
2437,2506,1019,17,1
1497,2505,955,1,0
1495,2505,959,2,0
1543,2505,960,3,0
2826,2505,962,4,0
2802,2505,963,5,0
2814,2505,965,6,0
2818,2505,966,7,0
2819,2505,967,8,0
2832,2505,969,9,0
2834,2505,971,10,0
2443,2505,975,11,0
2440,2505,976,12,0
2403,2505,977,13,0
2441,2505,979,14,0
2449,2505,980,15,0
2405,2505,981,16,0
2437,2505,982,17,1
1497,2509,990,1,0
1495,2509,994,2,0
1543,2509,995,3,0
2826,2509,997,4,0
2802,2509,998,5,0
2814,2509,1000,6,0
2818,2509,1002,7,0
2819,2509,1003,8,0
2832,2509,1005,9,0
2834,2509,1007,10,0
2443,2509,1011,11,0
2440,2509,1012,12,0
2403,2509,1013,13,0
2441,2509,1016,14,0
2449,2509,1017,15,0
2405,2509,1018,16,0
2437,2509,1019,17,1
1497,2500,955,1,0
1495,2500,959,2,0
1543,2500,960,3,0
2826,2500,962,4,0
2802,2500,963,5,0
2814,2500,965,6,0
2818,2500,966,7,0
2819,2500,967,8,0
2832,2500,969,9,0
2834,2500,971,10,0
2443,2500,975,11,0
2440,2500,976,12,0
2403,2500,977,13,0
2441,2500,979,14,0
2449,2500,980,15,0
2405,2500,981,16,0
2437,2500,982,17,1
1497,2504,955,1,0
1495,2504,959,2,0
1543,2504,960,3,0
2826,2504,962,4,0
2802,2504,963,5,0
2814,2504,965,6,0
2818,2504,966,7,0
2819,2504,967,8,0
2832,2504,969,9,0
2834,2504,971,10,0
2443,2504,975,11,0
2440,2504,976,12,0
2403,2504,977,13,0
2441,2504,979,14,0
2449,2504,980,15,0
2405,2504,981,16,0
2437,2504,982,17,1
1497,2503,955,1,0
1495,2503,959,2,0
1543,2503,960,3,0
2826,2503,962,4,0
2802,2503,963,5,0
2814,2503,965,6,0
2818,2503,966,7,0
2819,2503,967,8,0
2832,2503,969,9,0
2834,2503,971,10,0
2443,2503,975,11,0
2440,2503,976,12,0
2403,2503,977,13,0
2441,2503,979,14,0
2449,2503,980,15,0
2405,2503,981,16,0
2437,2503,982,17,1
1497,2502,955,1,0
1495,2502,959,2,0
1543,2502,960,3,0
2826,2502,962,4,0
2802,2502,963,5,0
2814,2502,965,6,0
2818,2502,966,7,0
2819,2502,967,8,0
2832,2502,969,9,0
2834,2502,971,10,0
2443,2502,975,11,0
2440,2502,976,12,0
2403,2502,977,13,0
2441,2502,979,14,0
2449,2502,980,15,0
2405,2502,981,16,0
2437,2502,982,17,1
1497,2501,955,1,0
1495,2501,959,2,0
1543,2501,960,3,0
2826,2501,962,4,0
2802,2501,963,5,0
2814,2501,965,6,0
2818,2501,966,7,0
2819,2501,967,8,0
2832,2501,969,9,0
2834,2501,971,10,0
2443,2501,975,11,0
2440,2501,976,12,0
2403,2501,977,13,0
2441,2501,979,14,0
2449,2501,980,15,0
2405,2501,981,16,0
2437,2501,982,17,1
1497,2517,1035,1,0
1495,2517,1039,2,0
1543,2517,1040,3,0
2826,2517,1042,4,0
2802,2517,1043,5,0
2814,2517,1045,6,0
2818,2517,1047,7,0
2819,2517,1048,8,0
2832,2517,1050,9,0
2834,2517,1052,10,0
2443,2517,1056,11,0
2440,2517,1057,12,0
2403,2517,1058,13,0
2441,2517,1061,14,0
2449,2517,1062,15,0
2405,2517,1063,16,0
2437,2517,1064,17,1
1497,2516,1035,1,0
1495,2516,1039,2,0
1543,2516,1040,3,0
2826,2516,1042,4,0
2802,2516,1043,5,0
2814,2516,1045,6,0
2818,2516,1047,7,0
2819,2516,1048,8,0
2832,2516,1050,9,0
2834,2516,1052,10,0
2443,2516,1056,11,0
2440,2516,1057,12,0
2403,2516,1058,13,0
2441,2516,1061,14,0
2449,2516,1062,15,0
2405,2516,1063,16,0
2437,2516,1064,17,1
1497,2519,1035,1,0
1495,2519,1039,2,0
1543,2519,1040,3,0
2826,2519,1042,4,0
2802,2519,1043,5,0
2814,2519,1045,6,0
2818,2519,1047,7,0
2819,2519,1048,8,0
2832,2519,1050,9,0
2834,2519,1052,10,0
2443,2519,1056,11,0
2440,2519,1057,12,0
2403,2519,1058,13,0
2441,2519,1061,14,0
2449,2519,1062,15,0
2405,2519,1063,16,0
2437,2519,1064,17,1
1497,2518,1035,1,0
1495,2518,1039,2,0
1543,2518,1040,3,0
2826,2518,1042,4,0
2802,2518,1043,5,0
2814,2518,1045,6,0
2818,2518,1047,7,0
2819,2518,1048,8,0
2832,2518,1050,9,0
2834,2518,1052,10,0
2443,2518,1056,11,0
2440,2518,1057,12,0
2403,2518,1058,13,0
2441,2518,1061,14,0
2449,2518,1062,15,0
2405,2518,1063,16,0
2437,2518,1064,17,1
1497,2511,990,1,0
1495,2511,994,2,0
1543,2511,995,3,0
2826,2511,997,4,0
2802,2511,998,5,0
2814,2511,1000,6,0
2818,2511,1002,7,0
2819,2511,1003,8,0
2832,2511,1005,9,0
2834,2511,1007,10,0
2443,2511,1011,11,0
2440,2511,1012,12,0
2403,2511,1013,13,0
2441,2511,1016,14,0
2449,2511,1017,15,0
2405,2511,1018,16,0
2437,2511,1019,17,1
1497,2510,990,1,0
1495,2510,994,2,0
1543,2510,995,3,0
2826,2510,997,4,0
2802,2510,998,5,0
2814,2510,1000,6,0
2818,2510,1002,7,0
2819,2510,1003,8,0
2832,2510,1005,9,0
2834,2510,1007,10,0
2443,2510,1011,11,0
2440,2510,1012,12,0
2403,2510,1013,13,0
2441,2510,1016,14,0
2449,2510,1017,15,0
2405,2510,1018,16,0
2437,2510,1019,17,1
1497,2513,1035,1,0
1495,2513,1039,2,0
1543,2513,1040,3,0
2826,2513,1042,4,0
2802,2513,1043,5,0
2814,2513,1045,6,0
2818,2513,1047,7,0
2819,2513,1048,8,0
2832,2513,1050,9,0
2834,2513,1052,10,0
2443,2513,1056,11,0
2440,2513,1057,12,0
2403,2513,1058,13,0
2441,2513,1061,14,0
2449,2513,1062,15,0
2405,2513,1063,16,0
2437,2513,1064,17,1
1497,2512,990,1,0
1495,2512,994,2,0
1543,2512,995,3,0
2826,2512,997,4,0
2802,2512,998,5,0
2814,2512,1000,6,0
2818,2512,1002,7,0
2819,2512,1003,8,0
2832,2512,1005,9,0
2834,2512,1007,10,0
2443,2512,1011,11,0
2440,2512,1012,12,0
2403,2512,1013,13,0
2441,2512,1016,14,0
2449,2512,1017,15,0
2405,2512,1018,16,0
2437,2512,1019,17,1
1497,2515,1035,1,0
1495,2515,1039,2,0
1543,2515,1040,3,0
2826,2515,1042,4,0
2802,2515,1043,5,0
2814,2515,1045,6,0
2818,2515,1047,7,0
2819,2515,1048,8,0
2832,2515,1050,9,0
2834,2515,1052,10,0
2443,2515,1056,11,0
2440,2515,1057,12,0
2403,2515,1058,13,0
2441,2515,1061,14,0
2449,2515,1062,15,0
2405,2515,1063,16,0
2437,2515,1064,17,1
1497,2514,1035,1,0
1495,2514,1039,2,0
1543,2514,1040,3,0
2826,2514,1042,4,0
2802,2514,1043,5,0
2814,2514,1045,6,0
2818,2514,1047,7,0
2819,2514,1048,8,0
2832,2514,1050,9,0
2834,2514,1052,10,0
2443,2514,1056,11,0
2440,2514,1057,12,0
2403,2514,1058,13,0
2441,2514,1061,14,0
2449,2514,1062,15,0
2405,2514,1063,16,0
2437,2514,1064,17,1
1497,2529,1105,1,0
1495,2529,1109,2,0
1543,2529,1110,3,0
2826,2529,1112,4,0
2802,2529,1113,5,0
2814,2529,1115,6,0
2818,2529,1117,7,0
2819,2529,1118,8,0
2832,2529,1120,9,0
2834,2529,1122,10,0
2443,2529,1126,11,0
2440,2529,1127,12,0
2403,2529,1128,13,0
2441,2529,1131,14,0
2449,2529,1132,15,0
2405,2529,1133,16,0
2437,2529,1134,17,1
1497,2528,1105,1,0
1495,2528,1109,2,0
1543,2528,1110,3,0
2826,2528,1112,4,0
2802,2528,1113,5,0
2814,2528,1115,6,0
2818,2528,1117,7,0
2819,2528,1118,8,0
2832,2528,1120,9,0
2834,2528,1122,10,0
2443,2528,1126,11,0
2440,2528,1127,12,0
2403,2528,1128,13,0
2441,2528,1131,14,0
2449,2528,1132,15,0
2405,2528,1133,16,0
2437,2528,1134,17,1
1497,2527,1105,1,0
1495,2527,1109,2,0
1543,2527,1110,3,0
2826,2527,1112,4,0
2802,2527,1113,5,0
2814,2527,1115,6,0
2818,2527,1117,7,0
2819,2527,1118,8,0
2832,2527,1120,9,0
2834,2527,1122,10,0
2443,2527,1126,11,0
2440,2527,1127,12,0
2403,2527,1128,13,0
2441,2527,1131,14,0
2449,2527,1132,15,0
2405,2527,1133,16,0
2437,2527,1134,17,1
1497,2526,1090,1,0
1495,2526,1094,2,0
1543,2526,1095,3,0
2826,2526,1097,4,0
2802,2526,1098,5,0
2814,2526,1100,6,0
2818,2526,1102,7,0
2819,2526,1103,8,0
2832,2526,1105,9,0
2834,2526,1107,10,0
2443,2526,1111,11,0
2440,2526,1112,12,0
2403,2526,1113,13,0
2441,2526,1116,14,0
2449,2526,1117,15,0
2405,2526,1118,16,0
2437,2526,1119,17,1
1497,2525,1090,1,0
1495,2525,1094,2,0
1543,2525,1095,3,0
2826,2525,1097,4,0
2802,2525,1098,5,0
2814,2525,1100,6,0
2818,2525,1102,7,0
2819,2525,1103,8,0
2832,2525,1105,9,0
2834,2525,1107,10,0
2443,2525,1111,11,0
2440,2525,1112,12,0
2403,2525,1113,13,0
2441,2525,1116,14,0
2449,2525,1117,15,0
2405,2525,1118,16,0
2437,2525,1119,17,1
1497,2524,1090,1,0
1495,2524,1094,2,0
1543,2524,1095,3,0
2826,2524,1097,4,0
2802,2524,1098,5,0
2814,2524,1100,6,0
2818,2524,1102,7,0
2819,2524,1103,8,0
2832,2524,1105,9,0
2834,2524,1107,10,0
2443,2524,1111,11,0
2440,2524,1112,12,0
2403,2524,1113,13,0
2441,2524,1116,14,0
2449,2524,1117,15,0
2405,2524,1118,16,0
2437,2524,1119,17,1
1497,2523,1090,1,0
1495,2523,1094,2,0
1543,2523,1095,3,0
2826,2523,1097,4,0
2802,2523,1098,5,0
2814,2523,1100,6,0
2818,2523,1102,7,0
2819,2523,1103,8,0
2832,2523,1105,9,0
2834,2523,1107,10,0
2443,2523,1111,11,0
2440,2523,1112,12,0
2403,2523,1113,13,0
2441,2523,1116,14,0
2449,2523,1117,15,0
2405,2523,1118,16,0
2437,2523,1119,17,1
1497,2522,1090,1,0
1495,2522,1094,2,0
1543,2522,1095,3,0
2826,2522,1097,4,0
2802,2522,1098,5,0
2814,2522,1100,6,0
2818,2522,1102,7,0
2819,2522,1103,8,0
2832,2522,1105,9,0
2834,2522,1107,10,0
2443,2522,1111,11,0
2440,2522,1112,12,0
2403,2522,1113,13,0
2441,2522,1116,14,0
2449,2522,1117,15,0
2405,2522,1118,16,0
2437,2522,1119,17,1
1497,2521,1090,1,0
1495,2521,1094,2,0
1543,2521,1095,3,0
2826,2521,1097,4,0
2802,2521,1098,5,0
2814,2521,1100,6,0
2818,2521,1102,7,0
2819,2521,1103,8,0
2832,2521,1105,9,0
2834,2521,1107,10,0
2443,2521,1111,11,0
2440,2521,1112,12,0
2403,2521,1113,13,0
2441,2521,1116,14,0
2449,2521,1117,15,0
2405,2521,1118,16,0
2437,2521,1119,17,1
1497,2520,1090,1,0
1495,2520,1094,2,0
1543,2520,1095,3,0
2826,2520,1097,4,0
2802,2520,1098,5,0
2814,2520,1100,6,0
2818,2520,1102,7,0
2819,2520,1103,8,0
2832,2520,1105,9,0
2834,2520,1107,10,0
2443,2520,1111,11,0
2440,2520,1112,12,0
2403,2520,1113,13,0
2441,2520,1116,14,0
2449,2520,1117,15,0
2405,2520,1118,16,0
2437,2520,1119,17,1
1497,2540,1165,1,0
1495,2540,1169,2,0
1543,2540,1170,3,0
2826,2540,1172,4,0
2802,2540,1173,5,0
2814,2540,1175,6,0
2818,2540,1176,7,0
2819,2540,1177,8,0
2832,2540,1179,9,0
2834,2540,1181,10,0
2443,2540,1185,11,0
2440,2540,1186,12,0
2403,2540,1187,13,0
2441,2540,1189,14,0
2449,2540,1190,15,0
2405,2540,1191,16,0
2437,2540,1192,17,1
1497,2539,1165,1,0
1495,2539,1169,2,0
1543,2539,1170,3,0
2826,2539,1172,4,0
2802,2539,1173,5,0
2814,2539,1175,6,0
2818,2539,1176,7,0
2819,2539,1177,8,0
2832,2539,1179,9,0
2834,2539,1181,10,0
2443,2539,1185,11,0
2440,2539,1186,12,0
2403,2539,1187,13,0
2441,2539,1189,14,0
2449,2539,1190,15,0
2405,2539,1191,16,0
2437,2539,1192,17,1
1497,2538,1165,1,0
1495,2538,1169,2,0
1543,2538,1170,3,0
2826,2538,1172,4,0
2802,2538,1173,5,0
2814,2538,1175,6,0
2818,2538,1176,7,0
2819,2538,1177,8,0
2832,2538,1179,9,0
2834,2538,1181,10,0
2443,2538,1185,11,0
2440,2538,1186,12,0
2403,2538,1187,13,0
2441,2538,1189,14,0
2449,2538,1190,15,0
2405,2538,1191,16,0
2437,2538,1192,17,1
1497,2535,1165,1,0
1495,2535,1169,2,0
1543,2535,1170,3,0
2826,2535,1172,4,0
2802,2535,1173,5,0
2814,2535,1175,6,0
2818,2535,1176,7,0
2819,2535,1177,8,0
2832,2535,1179,9,0
2834,2535,1181,10,0
2443,2535,1185,11,0
2440,2535,1186,12,0
2403,2535,1187,13,0
2441,2535,1189,14,0
2449,2535,1190,15,0
2405,2535,1191,16,0
2437,2535,1192,17,1
1497,2534,1165,1,0
1495,2534,1169,2,0
1543,2534,1170,3,0
2826,2534,1172,4,0
2802,2534,1173,5,0
2814,2534,1175,6,0
2818,2534,1176,7,0
2819,2534,1177,8,0
2832,2534,1179,9,0
2834,2534,1181,10,0
2443,2534,1185,11,0
2440,2534,1186,12,0
2403,2534,1187,13,0
2441,2534,1189,14,0
2449,2534,1190,15,0
2405,2534,1191,16,0
2437,2534,1192,17,1
1497,2537,1165,1,0
1495,2537,1169,2,0
1543,2537,1170,3,0
2826,2537,1172,4,0
2802,2537,1173,5,0
2814,2537,1175,6,0
2818,2537,1176,7,0
2819,2537,1177,8,0
2832,2537,1179,9,0
2834,2537,1181,10,0
2443,2537,1185,11,0
2440,2537,1186,12,0
2403,2537,1187,13,0
2441,2537,1189,14,0
2449,2537,1190,15,0
2405,2537,1191,16,0
2437,2537,1192,17,1
1497,2536,1165,1,0
1495,2536,1169,2,0
1543,2536,1170,3,0
2826,2536,1172,4,0
2802,2536,1173,5,0
2814,2536,1175,6,0
2818,2536,1176,7,0
2819,2536,1177,8,0
2832,2536,1179,9,0
2834,2536,1181,10,0
2443,2536,1185,11,0
2440,2536,1186,12,0
2403,2536,1187,13,0
2441,2536,1189,14,0
2449,2536,1190,15,0
2405,2536,1191,16,0
2437,2536,1192,17,1
1497,2531,1105,1,0
1495,2531,1109,2,0
1543,2531,1110,3,0
2826,2531,1112,4,0
2802,2531,1113,5,0
2814,2531,1115,6,0
2818,2531,1117,7,0
2819,2531,1118,8,0
2832,2531,1120,9,0
2834,2531,1122,10,0
2443,2531,1126,11,0
2440,2531,1127,12,0
2403,2531,1128,13,0
2441,2531,1131,14,0
2449,2531,1132,15,0
2405,2531,1133,16,0
2437,2531,1134,17,1
1497,2530,1105,1,0
1495,2530,1109,2,0
1543,2530,1110,3,0
2826,2530,1112,4,0
2802,2530,1113,5,0
2814,2530,1115,6,0
2818,2530,1117,7,0
2819,2530,1118,8,0
2832,2530,1120,9,0
2834,2530,1122,10,0
2443,2530,1126,11,0
2440,2530,1127,12,0
2403,2530,1128,13,0
2441,2530,1131,14,0
2449,2530,1132,15,0
2405,2530,1133,16,0
2437,2530,1134,17,1
1497,2533,1105,1,0
1495,2533,1109,2,0
1543,2533,1110,3,0
2826,2533,1112,4,0
2802,2533,1113,5,0
2814,2533,1115,6,0
2818,2533,1117,7,0
2819,2533,1118,8,0
2832,2533,1120,9,0
2834,2533,1122,10,0
2443,2533,1126,11,0
2440,2533,1127,12,0
2403,2533,1128,13,0
2441,2533,1131,14,0
2449,2533,1132,15,0
2405,2533,1133,16,0
2437,2533,1134,17,1
1497,2532,1105,1,0
1495,2532,1109,2,0
1543,2532,1110,3,0
2826,2532,1112,4,0
2802,2532,1113,5,0
2814,2532,1115,6,0
2818,2532,1117,7,0
2819,2532,1118,8,0
2832,2532,1120,9,0
2834,2532,1122,10,0
2443,2532,1126,11,0
2440,2532,1127,12,0
2403,2532,1128,13,0
2441,2532,1131,14,0
2449,2532,1132,15,0
2405,2532,1133,16,0
2437,2532,1134,17,1
2437,2437,1045,1,0
2418,2437,1045,2,0
2448,2437,1047,3,0
2438,2437,1048,4,0
2420,2437,1050,5,0
2439,2437,1051,6,0
2442,2437,1052,7,0
2833,2437,1056,8,0
2831,2437,1058,9,0
2812,2437,1061,10,0
2813,2437,1062,11,0
2817,2437,1064,12,0
2803,2437,1066,13,0
2801,2437,1067,14,0
1537,2437,1069,15,0
1493,2437,1071,16,0
1497,2437,1076,17,1
2437,2438,1045,1,0
2418,2438,1045,2,0
2448,2438,1047,3,0
2438,2438,1048,4,0
2420,2438,1050,5,0
2439,2438,1051,6,0
2442,2438,1052,7,0
2833,2438,1056,8,0
2831,2438,1058,9,0
2812,2438,1061,10,0
2813,2438,1062,11,0
2817,2438,1064,12,0
2803,2438,1066,13,0
2801,2438,1067,14,0
1537,2438,1069,15,0
1493,2438,1071,16,0
1497,2438,1076,17,1
2437,2435,990,1,0
2418,2435,990,2,0
2448,2435,992,3,0
2438,2435,993,4,0
2420,2435,995,5,0
2439,2435,996,6,0
2442,2435,997,7,0
2833,2435,1001,8,0
2831,2435,1003,9,0
2812,2435,1006,10,0
2813,2435,1007,11,0
2817,2435,1009,12,0
2803,2435,1011,13,0
2801,2435,1012,14,0
1537,2435,1014,15,0
1493,2435,1016,16,0
1497,2435,1021,17,1
2437,2436,1045,1,0
2418,2436,1045,2,0
2448,2436,1047,3,0
2438,2436,1048,4,0
2420,2436,1050,5,0
2439,2436,1051,6,0
2442,2436,1052,7,0
2833,2436,1056,8,0
2831,2436,1058,9,0
2812,2436,1061,10,0
2813,2436,1062,11,0
2817,2436,1064,12,0
2803,2436,1066,13,0
2801,2436,1067,14,0
1537,2436,1069,15,0
1493,2436,1071,16,0
1497,2436,1076,17,1
2437,2433,990,1,0
2418,2433,990,2,0
2448,2433,992,3,0
2438,2433,993,4,0
2420,2433,995,5,0
2439,2433,996,6,0
2442,2433,997,7,0
2833,2433,1001,8,0
2831,2433,1003,9,0
2812,2433,1006,10,0
2813,2433,1007,11,0
2817,2433,1009,12,0
2803,2433,1011,13,0
2801,2433,1012,14,0
1537,2433,1014,15,0
1493,2433,1016,16,0
1497,2433,1021,17,1
2437,2434,990,1,0
2418,2434,990,2,0
2448,2434,992,3,0
2438,2434,993,4,0
2420,2434,995,5,0
2439,2434,996,6,0
2442,2434,997,7,0
2833,2434,1001,8,0
2831,2434,1003,9,0
2812,2434,1006,10,0
2813,2434,1007,11,0
2817,2434,1009,12,0
2803,2434,1011,13,0
2801,2434,1012,14,0
1537,2434,1014,15,0
1493,2434,1016,16,0
1497,2434,1021,17,1
2437,2431,990,1,0
2418,2431,990,2,0
2448,2431,992,3,0
2438,2431,993,4,0
2420,2431,995,5,0
2439,2431,996,6,0
2442,2431,997,7,0
2833,2431,1001,8,0
2831,2431,1003,9,0
2812,2431,1006,10,0
2813,2431,1007,11,0
2817,2431,1009,12,0
2803,2431,1011,13,0
2801,2431,1012,14,0
1537,2431,1014,15,0
1493,2431,1016,16,0
1497,2431,1021,17,1
2437,2432,990,1,0
2418,2432,990,2,0
2448,2432,992,3,0
2438,2432,993,4,0
2420,2432,995,5,0
2439,2432,996,6,0
2442,2432,997,7,0
2833,2432,1001,8,0
2831,2432,1003,9,0
2812,2432,1006,10,0
2813,2432,1007,11,0
2817,2432,1009,12,0
2803,2432,1011,13,0
2801,2432,1012,14,0
1537,2432,1014,15,0
1493,2432,1016,16,0
1497,2432,1021,17,1
2437,2439,1045,1,0
2418,2439,1045,2,0
2448,2439,1047,3,0
2438,2439,1048,4,0
2420,2439,1050,5,0
2439,2439,1051,6,0
2442,2439,1052,7,0
2833,2439,1056,8,0
2831,2439,1058,9,0
2812,2439,1061,10,0
2813,2439,1062,11,0
2817,2439,1064,12,0
2803,2439,1066,13,0
2801,2439,1067,14,0
1537,2439,1069,15,0
1493,2439,1071,16,0
1497,2439,1076,17,1
2437,2441,1045,1,0
2418,2441,1045,2,0
2448,2441,1047,3,0
2438,2441,1048,4,0
2420,2441,1050,5,0
2439,2441,1051,6,0
2442,2441,1052,7,0
2833,2441,1056,8,0
2831,2441,1058,9,0
2812,2441,1061,10,0
2813,2441,1062,11,0
2817,2441,1064,12,0
2803,2441,1066,13,0
2801,2441,1067,14,0
1537,2441,1069,15,0
1493,2441,1071,16,0
1497,2441,1076,17,1
2437,2440,1045,1,0
2418,2440,1045,2,0
2448,2440,1047,3,0
2438,2440,1048,4,0
2420,2440,1050,5,0
2439,2440,1051,6,0
2442,2440,1052,7,0
2833,2440,1056,8,0
2831,2440,1058,9,0
2812,2440,1061,10,0
2813,2440,1062,11,0
2817,2440,1064,12,0
2803,2440,1066,13,0
2801,2440,1067,14,0
1537,2440,1069,15,0
1493,2440,1071,16,0
1497,2440,1076,17,1
2437,2424,850,1,0
2418,2424,850,2,0
2448,2424,852,3,0
2438,2424,853,4,0
2420,2424,855,5,0
2439,2424,856,6,0
2442,2424,857,7,0
2833,2424,861,8,0
2831,2424,863,9,0
2812,2424,865,10,0
2813,2424,866,11,0
2817,2424,867,12,0
2803,2424,869,13,0
2801,2424,870,14,0
1537,2424,872,15,0
1493,2424,874,16,0
1497,2424,878,17,1
2437,2425,850,1,0
2418,2425,850,2,0
2448,2425,852,3,0
2438,2425,853,4,0
2420,2425,855,5,0
2439,2425,856,6,0
2442,2425,857,7,0
2833,2425,861,8,0
2831,2425,863,9,0
2812,2425,865,10,0
2813,2425,866,11,0
2817,2425,867,12,0
2803,2425,869,13,0
2801,2425,870,14,0
1537,2425,872,15,0
1493,2425,874,16,0
1497,2425,878,17,1
2437,2426,850,1,0
2418,2426,850,2,0
2448,2426,852,3,0
2438,2426,853,4,0
2420,2426,855,5,0
2439,2426,856,6,0
2442,2426,857,7,0
2833,2426,861,8,0
2831,2426,863,9,0
2812,2426,865,10,0
2813,2426,866,11,0
2817,2426,867,12,0
2803,2426,869,13,0
2801,2426,870,14,0
1537,2426,872,15,0
1493,2426,874,16,0
1497,2426,878,17,1
2437,2427,850,1,0
2418,2427,850,2,0
2448,2427,852,3,0
2438,2427,853,4,0
2420,2427,855,5,0
2439,2427,856,6,0
2442,2427,857,7,0
2833,2427,861,8,0
2831,2427,863,9,0
2812,2427,865,10,0
2813,2427,866,11,0
2817,2427,867,12,0
2803,2427,869,13,0
2801,2427,870,14,0
1537,2427,872,15,0
1493,2427,874,16,0
1497,2427,878,17,1
2437,2420,780,1,0
2418,2420,780,2,0
2448,2420,782,3,0
2438,2420,783,4,0
2420,2420,785,5,0
2439,2420,786,6,0
2442,2420,787,7,0
2833,2420,791,8,0
2831,2420,793,9,0
2812,2420,795,10,0
2813,2420,796,11,0
2817,2420,797,12,0
2803,2420,799,13,0
2801,2420,800,14,0
1537,2420,802,15,0
1493,2420,804,16,0
1497,2420,808,17,1
2437,2421,780,1,0
2418,2421,780,2,0
2448,2421,782,3,0
2438,2421,783,4,0
2420,2421,785,5,0
2439,2421,786,6,0
2442,2421,787,7,0
2833,2421,791,8,0
2831,2421,793,9,0
2812,2421,795,10,0
2813,2421,796,11,0
2817,2421,797,12,0
2803,2421,799,13,0
2801,2421,800,14,0
1537,2421,802,15,0
1493,2421,804,16,0
1497,2421,808,17,1
2437,2422,850,1,0
2418,2422,850,2,0
2448,2422,852,3,0
2438,2422,853,4,0
2420,2422,855,5,0
2439,2422,856,6,0
2442,2422,857,7,0
2833,2422,861,8,0
2831,2422,863,9,0
2812,2422,865,10,0
2813,2422,866,11,0
2817,2422,867,12,0
2803,2422,869,13,0
2801,2422,870,14,0
1537,2422,872,15,0
1493,2422,874,16,0
1497,2422,878,17,1
2437,2423,850,1,0
2418,2423,850,2,0
2448,2423,852,3,0
2438,2423,853,4,0
2420,2423,855,5,0
2439,2423,856,6,0
2442,2423,857,7,0
2833,2423,861,8,0
2831,2423,863,9,0
2812,2423,865,10,0
2813,2423,866,11,0
2817,2423,867,12,0
2803,2423,869,13,0
2801,2423,870,14,0
1537,2423,872,15,0
1493,2423,874,16,0
1497,2423,878,17,1
2437,2428,850,1,0
2418,2428,850,2,0
2448,2428,852,3,0
2438,2428,853,4,0
2420,2428,855,5,0
2439,2428,856,6,0
2442,2428,857,7,0
2833,2428,861,8,0
2831,2428,863,9,0
2812,2428,865,10,0
2813,2428,866,11,0
2817,2428,867,12,0
2803,2428,869,13,0
2801,2428,870,14,0
1537,2428,872,15,0
1493,2428,874,16,0
1497,2428,878,17,1
2437,2429,990,1,0
2418,2429,990,2,0
2448,2429,992,3,0
2438,2429,993,4,0
2420,2429,995,5,0
2439,2429,996,6,0
2442,2429,997,7,0
2833,2429,1001,8,0
2831,2429,1003,9,0
2812,2429,1006,10,0
2813,2429,1007,11,0
2817,2429,1009,12,0
2803,2429,1011,13,0
2801,2429,1012,14,0
1537,2429,1014,15,0
1493,2429,1016,16,0
1497,2429,1021,17,1
2437,2430,990,1,0
2418,2430,990,2,0
2448,2430,992,3,0
2438,2430,993,4,0
2420,2430,995,5,0
2439,2430,996,6,0
2442,2430,997,7,0
2833,2430,1001,8,0
2831,2430,1003,9,0
2812,2430,1006,10,0
2813,2430,1007,11,0
2817,2430,1009,12,0
2803,2430,1011,13,0
2801,2430,1012,14,0
1537,2430,1014,15,0
1493,2430,1016,16,0
1497,2430,1021,17,1
2437,2455,1125,1,0
2418,2455,1125,2,0
2448,2455,1127,3,0
2438,2455,1128,4,0
2420,2455,1130,5,0
2439,2455,1131,6,0
2442,2455,1132,7,0
2833,2455,1136,8,0
2831,2455,1138,9,0
2812,2455,1140,10,0
2813,2455,1141,11,0
2817,2455,1142,12,0
2803,2455,1144,13,0
2801,2455,1145,14,0
1537,2455,1147,15,0
1493,2455,1149,16,0
1497,2455,1153,17,1
2437,2456,1125,1,0
2418,2456,1125,2,0
2448,2456,1127,3,0
2438,2456,1128,4,0
2420,2456,1130,5,0
2439,2456,1131,6,0
2442,2456,1132,7,0
2833,2456,1136,8,0
2831,2456,1138,9,0
2812,2456,1140,10,0
2813,2456,1141,11,0
2817,2456,1142,12,0
2803,2456,1144,13,0
2801,2456,1145,14,0
1537,2456,1147,15,0
1493,2456,1149,16,0
1497,2456,1153,17,1
2437,2453,1125,1,0
2418,2453,1125,2,0
2448,2453,1127,3,0
2438,2453,1128,4,0
2420,2453,1130,5,0
2439,2453,1131,6,0
2442,2453,1132,7,0
2833,2453,1136,8,0
2831,2453,1138,9,0
2812,2453,1140,10,0
2813,2453,1141,11,0
2817,2453,1142,12,0
2803,2453,1144,13,0
2801,2453,1145,14,0
1537,2453,1147,15,0
1493,2453,1149,16,0
1497,2453,1153,17,1
2437,2454,1125,1,0
2418,2454,1125,2,0
2448,2454,1127,3,0
2438,2454,1128,4,0
2420,2454,1130,5,0
2439,2454,1131,6,0
2442,2454,1132,7,0
2833,2454,1136,8,0
2831,2454,1138,9,0
2812,2454,1140,10,0
2813,2454,1141,11,0
2817,2454,1142,12,0
2803,2454,1144,13,0
2801,2454,1145,14,0
1537,2454,1147,15,0
1493,2454,1149,16,0
1497,2454,1153,17,1
1497,2459,465,1,0
1495,2459,469,2,0
1543,2459,470,3,0
2826,2459,472,4,0
2802,2459,473,5,0
2814,2459,475,6,0
2818,2459,477,7,0
2819,2459,478,8,0
2832,2459,481,9,0
2834,2459,483,10,0
2443,2459,487,11,0
2440,2459,488,12,0
2403,2459,489,13,0
2441,2459,491,14,0
2449,2459,491,15,0
2405,2459,492,16,0
2437,2459,493,17,1
1497,2457,465,1,0
1495,2457,469,2,0
1543,2457,470,3,0
2826,2457,472,4,0
2802,2457,473,5,0
2814,2457,475,6,0
2818,2457,477,7,0
2819,2457,478,8,0
2832,2457,481,9,0
2834,2457,483,10,0
2443,2457,487,11,0
2440,2457,488,12,0
2403,2457,489,13,0
2441,2457,491,14,0
2449,2457,491,15,0
2405,2457,492,16,0
2437,2457,493,17,1
1497,2458,465,1,0
1495,2458,469,2,0
1543,2458,470,3,0
2826,2458,472,4,0
2802,2458,473,5,0
2814,2458,475,6,0
2818,2458,477,7,0
2819,2458,478,8,0
2832,2458,481,9,0
2834,2458,483,10,0
2443,2458,487,11,0
2440,2458,488,12,0
2403,2458,489,13,0
2441,2458,491,14,0
2449,2458,491,15,0
2405,2458,492,16,0
2437,2458,493,17,1
1497,2463,465,1,0
1495,2463,469,2,0
1543,2463,470,3,0
2826,2463,472,4,0
2802,2463,473,5,0
2814,2463,475,6,0
2818,2463,477,7,0
2819,2463,478,8,0
2832,2463,481,9,0
2834,2463,483,10,0
2443,2463,487,11,0
2440,2463,488,12,0
2403,2463,489,13,0
2441,2463,491,14,0
2449,2463,491,15,0
2405,2463,492,16,0
2437,2463,493,17,1
1497,2462,465,1,0
1495,2462,469,2,0
1543,2462,470,3,0
2826,2462,472,4,0
2802,2462,473,5,0
2814,2462,475,6,0
2818,2462,477,7,0
2819,2462,478,8,0
2832,2462,481,9,0
2834,2462,483,10,0
2443,2462,487,11,0
2440,2462,488,12,0
2403,2462,489,13,0
2441,2462,491,14,0
2449,2462,491,15,0
2405,2462,492,16,0
2437,2462,493,17,1
1497,2461,465,1,0
1495,2461,469,2,0
1543,2461,470,3,0
2826,2461,472,4,0
2802,2461,473,5,0
2814,2461,475,6,0
2818,2461,477,7,0
2819,2461,478,8,0
2832,2461,481,9,0
2834,2461,483,10,0
2443,2461,487,11,0
2440,2461,488,12,0
2403,2461,489,13,0
2441,2461,491,14,0
2449,2461,491,15,0
2405,2461,492,16,0
2437,2461,493,17,1
1497,2460,465,1,0
1495,2460,469,2,0
1543,2460,470,3,0
2826,2460,472,4,0
2802,2460,473,5,0
2814,2460,475,6,0
2818,2460,477,7,0
2819,2460,478,8,0
2832,2460,481,9,0
2834,2460,483,10,0
2443,2460,487,11,0
2440,2460,488,12,0
2403,2460,489,13,0
2441,2460,491,14,0
2449,2460,491,15,0
2405,2460,492,16,0
2437,2460,493,17,1
2437,2442,1045,1,0
2418,2442,1045,2,0
2448,2442,1047,3,0
2438,2442,1048,4,0
2420,2442,1050,5,0
2439,2442,1051,6,0
2442,2442,1052,7,0
2833,2442,1056,8,0
2831,2442,1058,9,0
2812,2442,1061,10,0
2813,2442,1062,11,0
2817,2442,1064,12,0
2803,2442,1066,13,0
2801,2442,1067,14,0
1537,2442,1069,15,0
1493,2442,1071,16,0
1497,2442,1076,17,1
2437,2443,1070,1,0
2418,2443,1070,2,0
2448,2443,1072,3,0
2438,2443,1073,4,0
2420,2443,1075,5,0
2439,2443,1076,6,0
2442,2443,1077,7,0
2833,2443,1081,8,0
2831,2443,1083,9,0
2812,2443,1085,10,0
2813,2443,1086,11,0
2817,2443,1088,12,0
2803,2443,1090,13,0
2801,2443,1091,14,0
1537,2443,1093,15,0
1493,2443,1095,16,0
1497,2443,1099,17,1
2437,2444,1070,1,0
2418,2444,1070,2,0
2448,2444,1072,3,0
2438,2444,1073,4,0
2420,2444,1075,5,0
2439,2444,1076,6,0
2442,2444,1077,7,0
2833,2444,1081,8,0
2831,2444,1083,9,0
2812,2444,1085,10,0
2813,2444,1086,11,0
2817,2444,1088,12,0
2803,2444,1090,13,0
2801,2444,1091,14,0
1537,2444,1093,15,0
1493,2444,1095,16,0
1497,2444,1099,17,1
2437,2445,1070,1,0
2418,2445,1070,2,0
2448,2445,1072,3,0
2438,2445,1073,4,0
2420,2445,1075,5,0
2439,2445,1076,6,0
2442,2445,1077,7,0
2833,2445,1081,8,0
2831,2445,1083,9,0
2812,2445,1085,10,0
2813,2445,1086,11,0
2817,2445,1088,12,0
2803,2445,1090,13,0
2801,2445,1091,14,0
1537,2445,1093,15,0
1493,2445,1095,16,0
1497,2445,1099,17,1
2437,2446,1070,1,0
2418,2446,1070,2,0
2448,2446,1072,3,0
2438,2446,1073,4,0
2420,2446,1075,5,0
2439,2446,1076,6,0
2442,2446,1077,7,0
2833,2446,1081,8,0
2831,2446,1083,9,0
2812,2446,1085,10,0
2813,2446,1086,11,0
2817,2446,1088,12,0
2803,2446,1090,13,0
2801,2446,1091,14,0
1537,2446,1093,15,0
1493,2446,1095,16,0
1497,2446,1099,17,1
2437,2447,1070,1,0
2418,2447,1070,2,0
2448,2447,1072,3,0
2438,2447,1073,4,0
2420,2447,1075,5,0
2439,2447,1076,6,0
2442,2447,1077,7,0
2833,2447,1081,8,0
2831,2447,1083,9,0
2812,2447,1085,10,0
2813,2447,1086,11,0
2817,2447,1088,12,0
2803,2447,1090,13,0
2801,2447,1091,14,0
1537,2447,1093,15,0
1493,2447,1095,16,0
1497,2447,1099,17,1
2437,2448,1070,1,0
2418,2448,1070,2,0
2448,2448,1072,3,0
2438,2448,1073,4,0
2420,2448,1075,5,0
2439,2448,1076,6,0
2442,2448,1077,7,0
2833,2448,1081,8,0
2831,2448,1083,9,0
2812,2448,1085,10,0
2813,2448,1086,11,0
2817,2448,1088,12,0
2803,2448,1090,13,0
2801,2448,1091,14,0
1537,2448,1093,15,0
1493,2448,1095,16,0
1497,2448,1099,17,1
2437,2449,1070,1,0
2418,2449,1070,2,0
2448,2449,1072,3,0
2438,2449,1073,4,0
2420,2449,1075,5,0
2439,2449,1076,6,0
2442,2449,1077,7,0
2833,2449,1081,8,0
2831,2449,1083,9,0
2812,2449,1085,10,0
2813,2449,1086,11,0
2817,2449,1088,12,0
2803,2449,1090,13,0
2801,2449,1091,14,0
1537,2449,1093,15,0
1493,2449,1095,16,0
1497,2449,1099,17,1
2437,2450,1125,1,0
2418,2450,1125,2,0
2448,2450,1127,3,0
2438,2450,1128,4,0
2420,2450,1130,5,0
2439,2450,1131,6,0
2442,2450,1132,7,0
2833,2450,1136,8,0
2831,2450,1138,9,0
2812,2450,1140,10,0
2813,2450,1141,11,0
2817,2450,1142,12,0
2803,2450,1144,13,0
2801,2450,1145,14,0
1537,2450,1147,15,0
1493,2450,1149,16,0
1497,2450,1153,17,1
2437,2452,1125,1,0
2418,2452,1125,2,0
2448,2452,1127,3,0
2438,2452,1128,4,0
2420,2452,1130,5,0
2439,2452,1131,6,0
2442,2452,1132,7,0
2833,2452,1136,8,0
2831,2452,1138,9,0
2812,2452,1140,10,0
2813,2452,1141,11,0
2817,2452,1142,12,0
2803,2452,1144,13,0
2801,2452,1145,14,0
1537,2452,1147,15,0
1493,2452,1149,16,0
1497,2452,1153,17,1
2437,2451,1125,1,0
2418,2451,1125,2,0
2448,2451,1127,3,0
2438,2451,1128,4,0
2420,2451,1130,5,0
2439,2451,1131,6,0
2442,2451,1132,7,0
2833,2451,1136,8,0
2831,2451,1138,9,0
2812,2451,1140,10,0
2813,2451,1141,11,0
2817,2451,1142,12,0
2803,2451,1144,13,0
2801,2451,1145,14,0
1537,2451,1147,15,0
1493,2451,1149,16,0
1497,2451,1153,17,1
1497,2479,590,1,0
1495,2479,594,2,0
1543,2479,595,3,0
2826,2479,597,4,0
2802,2479,598,5,0
2814,2479,600,6,0
2818,2479,601,7,0
2819,2479,602,8,0
2832,2479,604,9,0
2834,2479,606,10,0
2443,2479,610,11,0
2440,2479,611,12,0
2403,2479,612,13,0
2441,2479,614,14,0
2449,2479,615,15,0
2405,2479,616,16,0
2437,2479,617,17,1
1497,2478,590,1,0
1495,2478,594,2,0
1543,2478,595,3,0
2826,2478,597,4,0
2802,2478,598,5,0
2814,2478,600,6,0
2818,2478,601,7,0
2819,2478,602,8,0
2832,2478,604,9,0
2834,2478,606,10,0
2443,2478,610,11,0
2440,2478,611,12,0
2403,2478,612,13,0
2441,2478,614,14,0
2449,2478,615,15,0
2405,2478,616,16,0
2437,2478,617,17,1
1497,2477,525,1,0
1495,2477,529,2,0
1543,2477,530,3,0
2826,2477,532,4,0
2802,2477,533,5,0
2814,2477,535,6,0
2818,2477,537,7,0
2819,2477,538,8,0
2832,2477,541,9,0
2834,2477,543,10,0
2443,2477,547,11,0
2440,2477,548,12,0
2403,2477,549,13,0
2441,2477,551,14,0
2449,2477,551,15,0
2405,2477,552,16,0
2437,2477,553,17,1
1497,2476,525,1,0
1495,2476,529,2,0
1543,2476,530,3,0
2826,2476,532,4,0
2802,2476,533,5,0
2814,2476,535,6,0
2818,2476,537,7,0
2819,2476,538,8,0
2832,2476,541,9,0
2834,2476,543,10,0
2443,2476,547,11,0
2440,2476,548,12,0
2403,2476,549,13,0
2441,2476,551,14,0
2449,2476,551,15,0
2405,2476,552,16,0
2437,2476,553,17,1
1497,2475,525,1,0
1495,2475,529,2,0
1543,2475,530,3,0
2826,2475,532,4,0
2802,2475,533,5,0
2814,2475,535,6,0
2818,2475,537,7,0
2819,2475,538,8,0
2832,2475,541,9,0
2834,2475,543,10,0
2443,2475,547,11,0
2440,2475,548,12,0
2403,2475,549,13,0
2441,2475,551,14,0
2449,2475,551,15,0
2405,2475,552,16,0
2437,2475,553,17,1
1497,2484,590,1,0
1495,2484,594,2,0
1543,2484,595,3,0
2826,2484,597,4,0
2802,2484,598,5,0
2814,2484,600,6,0
2818,2484,601,7,0
2819,2484,602,8,0
2832,2484,604,9,0
2834,2484,606,10,0
2443,2484,610,11,0
2440,2484,611,12,0
2403,2484,612,13,0
2441,2484,614,14,0
2449,2484,615,15,0
2405,2484,616,16,0
2437,2484,617,17,1
1497,2485,735,1,0
1495,2485,739,2,0
1543,2485,740,3,0
2826,2485,742,4,0
2802,2485,743,5,0
2814,2485,745,6,0
2818,2485,746,7,0
2819,2485,747,8,0
2832,2485,749,9,0
2834,2485,751,10,0
2443,2485,755,11,0
2440,2485,756,12,0
2403,2485,757,13,0
2441,2485,759,14,0
2449,2485,760,15,0
2405,2485,761,16,0
2437,2485,762,17,1
1497,2482,590,1,0
1495,2482,594,2,0
1543,2482,595,3,0
2826,2482,597,4,0
2802,2482,598,5,0
2814,2482,600,6,0
2818,2482,601,7,0
2819,2482,602,8,0
2832,2482,604,9,0
2834,2482,606,10,0
2443,2482,610,11,0
2440,2482,611,12,0
2403,2482,612,13,0
2441,2482,614,14,0
2449,2482,615,15,0
2405,2482,616,16,0
2437,2482,617,17,1
1497,2483,590,1,0
1495,2483,594,2,0
1543,2483,595,3,0
2826,2483,597,4,0
2802,2483,598,5,0
2814,2483,600,6,0
2818,2483,601,7,0
2819,2483,602,8,0
2832,2483,604,9,0
2834,2483,606,10,0
2443,2483,610,11,0
2440,2483,611,12,0
2403,2483,612,13,0
2441,2483,614,14,0
2449,2483,615,15,0
2405,2483,616,16,0
2437,2483,617,17,1
1497,2480,590,1,0
1495,2480,594,2,0
1543,2480,595,3,0
2826,2480,597,4,0
2802,2480,598,5,0
2814,2480,600,6,0
2818,2480,601,7,0
2819,2480,602,8,0
2832,2480,604,9,0
2834,2480,606,10,0
2443,2480,610,11,0
2440,2480,611,12,0
2403,2480,612,13,0
2441,2480,614,14,0
2449,2480,615,15,0
2405,2480,616,16,0
2437,2480,617,17,1
1497,2481,590,1,0
1495,2481,594,2,0
1543,2481,595,3,0
2826,2481,597,4,0
2802,2481,598,5,0
2814,2481,600,6,0
2818,2481,601,7,0
2819,2481,602,8,0
2832,2481,604,9,0
2834,2481,606,10,0
2443,2481,610,11,0
2440,2481,611,12,0
2403,2481,612,13,0
2441,2481,614,14,0
2449,2481,615,15,0
2405,2481,616,16,0
2437,2481,617,17,1
1497,2469,500,1,0
1495,2469,504,2,0
1543,2469,505,3,0
2826,2469,507,4,0
2802,2469,508,5,0
2814,2469,510,6,0
2818,2469,512,7,0
2819,2469,513,8,0
2832,2469,516,9,0
2834,2469,518,10,0
2443,2469,522,11,0
2440,2469,523,12,0
2403,2469,524,13,0
2441,2469,526,14,0
2449,2469,526,15,0
2405,2469,527,16,0
2437,2469,528,17,1
1497,2468,500,1,0
1495,2468,504,2,0
1543,2468,505,3,0
2826,2468,507,4,0
2802,2468,508,5,0
2814,2468,510,6,0
2818,2468,512,7,0
2819,2468,513,8,0
2832,2468,516,9,0
2834,2468,518,10,0
2443,2468,522,11,0
2440,2468,523,12,0
2403,2468,524,13,0
2441,2468,526,14,0
2449,2468,526,15,0
2405,2468,527,16,0
2437,2468,528,17,1
1497,2465,500,1,0
1495,2465,504,2,0
1543,2465,505,3,0
2826,2465,507,4,0
2802,2465,508,5,0
2814,2465,510,6,0
2818,2465,512,7,0
2819,2465,513,8,0
2832,2465,516,9,0
2834,2465,518,10,0
2443,2465,522,11,0
2440,2465,523,12,0
2403,2465,524,13,0
2441,2465,526,14,0
2449,2465,526,15,0
2405,2465,527,16,0
2437,2465,528,17,1
1497,2464,500,1,0
1495,2464,504,2,0
1543,2464,505,3,0
2826,2464,507,4,0
2802,2464,508,5,0
2814,2464,510,6,0
2818,2464,512,7,0
2819,2464,513,8,0
2832,2464,516,9,0
2834,2464,518,10,0
2443,2464,522,11,0
2440,2464,523,12,0
2403,2464,524,13,0
2441,2464,526,14,0
2449,2464,526,15,0
2405,2464,527,16,0
2437,2464,528,17,1
1497,2467,500,1,0
1495,2467,504,2,0
1543,2467,505,3,0
2826,2467,507,4,0
2802,2467,508,5,0
2814,2467,510,6,0
2818,2467,512,7,0
2819,2467,513,8,0
2832,2467,516,9,0
2834,2467,518,10,0
2443,2467,522,11,0
2440,2467,523,12,0
2403,2467,524,13,0
2441,2467,526,14,0
2449,2467,526,15,0
2405,2467,527,16,0
2437,2467,528,17,1
1497,2466,500,1,0
1495,2466,504,2,0
1543,2466,505,3,0
2826,2466,507,4,0
2802,2466,508,5,0
2814,2466,510,6,0
2818,2466,512,7,0
2819,2466,513,8,0
2832,2466,516,9,0
2834,2466,518,10,0
2443,2466,522,11,0
2440,2466,523,12,0
2403,2466,524,13,0
2441,2466,526,14,0
2449,2466,526,15,0
2405,2466,527,16,0
2437,2466,528,17,1
1497,2471,525,1,0
1495,2471,529,2,0
1543,2471,530,3,0
2826,2471,532,4,0
2802,2471,533,5,0
2814,2471,535,6,0
2818,2471,537,7,0
2819,2471,538,8,0
2832,2471,541,9,0
2834,2471,543,10,0
2443,2471,547,11,0
2440,2471,548,12,0
2403,2471,549,13,0
2441,2471,551,14,0
2449,2471,551,15,0
2405,2471,552,16,0
2437,2471,553,17,1
1497,2472,525,1,0
1495,2472,529,2,0
1543,2472,530,3,0
2826,2472,532,4,0
2802,2472,533,5,0
2814,2472,535,6,0
2818,2472,537,7,0
2819,2472,538,8,0
2832,2472,541,9,0
2834,2472,543,10,0
2443,2472,547,11,0
2440,2472,548,12,0
2403,2472,549,13,0
2441,2472,551,14,0
2449,2472,551,15,0
2405,2472,552,16,0
2437,2472,553,17,1
1497,2473,525,1,0
1495,2473,529,2,0
1543,2473,530,3,0
2826,2473,532,4,0
2802,2473,533,5,0
2814,2473,535,6,0
2818,2473,537,7,0
2819,2473,538,8,0
2832,2473,541,9,0
2834,2473,543,10,0
2443,2473,547,11,0
2440,2473,548,12,0
2403,2473,549,13,0
2441,2473,551,14,0
2449,2473,551,15,0
2405,2473,552,16,0
2437,2473,553,17,1
1497,2474,525,1,0
1495,2474,529,2,0
1543,2474,530,3,0
2826,2474,532,4,0
2802,2474,533,5,0
2814,2474,535,6,0
2818,2474,537,7,0
2819,2474,538,8,0
2832,2474,541,9,0
2834,2474,543,10,0
2443,2474,547,11,0
2440,2474,548,12,0
2403,2474,549,13,0
2441,2474,551,14,0
2449,2474,551,15,0
2405,2474,552,16,0
2437,2474,553,17,1
1497,2470,500,1,0
1495,2470,504,2,0
1543,2470,505,3,0
2826,2470,507,4,0
2802,2470,508,5,0
2814,2470,510,6,0
2818,2470,512,7,0
2819,2470,513,8,0
2832,2470,516,9,0
2834,2470,518,10,0
2443,2470,522,11,0
2440,2470,523,12,0
2403,2470,524,13,0
2441,2470,526,14,0
2449,2470,526,15,0
2405,2470,527,16,0
2437,2470,528,17,1
1497,2499,955,1,0
1495,2499,959,2,0
1543,2499,960,3,0
2826,2499,962,4,0
2802,2499,963,5,0
2814,2499,965,6,0
2818,2499,966,7,0
2819,2499,967,8,0
2832,2499,969,9,0
2834,2499,971,10,0
2443,2499,975,11,0
2440,2499,976,12,0
2403,2499,977,13,0
2441,2499,979,14,0
2449,2499,980,15,0
2405,2499,981,16,0
2437,2499,982,17,1
1497,2498,810,1,0
1495,2498,814,2,0
1543,2498,815,3,0
2826,2498,817,4,0
2802,2498,818,5,0
2814,2498,820,6,0
2818,2498,821,7,0
2819,2498,822,8,0
2832,2498,824,9,0
2834,2498,826,10,0
2443,2498,830,11,0
2440,2498,831,12,0
2403,2498,832,13,0
2441,2498,834,14,0
2449,2498,835,15,0
2405,2498,836,16,0
2437,2498,837,17,1
1497,2497,810,1,0
1495,2497,814,2,0
1543,2497,815,3,0
2826,2497,817,4,0
2802,2497,818,5,0
2814,2497,820,6,0
2818,2497,821,7,0
2819,2497,822,8,0
2832,2497,824,9,0
2834,2497,826,10,0
2443,2497,830,11,0
2440,2497,831,12,0
2403,2497,832,13,0
2441,2497,834,14,0
2449,2497,835,15,0
2405,2497,836,16,0
2437,2497,837,17,1
1497,2487,735,1,0
1495,2487,739,2,0
1543,2487,740,3,0
2826,2487,742,4,0
2802,2487,743,5,0
2814,2487,745,6,0
2818,2487,746,7,0
2819,2487,747,8,0
2832,2487,749,9,0
2834,2487,751,10,0
2443,2487,755,11,0
2440,2487,756,12,0
2403,2487,757,13,0
2441,2487,759,14,0
2449,2487,760,15,0
2405,2487,761,16,0
2437,2487,762,17,1
1497,2486,735,1,0
1495,2486,739,2,0
1543,2486,740,3,0
2826,2486,742,4,0
2802,2486,743,5,0
2814,2486,745,6,0
2818,2486,746,7,0
2819,2486,747,8,0
2832,2486,749,9,0
2834,2486,751,10,0
2443,2486,755,11,0
2440,2486,756,12,0
2403,2486,757,13,0
2441,2486,759,14,0
2449,2486,760,15,0
2405,2486,761,16,0
2437,2486,762,17,1
1497,2489,735,1,0
1495,2489,739,2,0
1543,2489,740,3,0
2826,2489,742,4,0
2802,2489,743,5,0
2814,2489,745,6,0
2818,2489,746,7,0
2819,2489,747,8,0
2832,2489,749,9,0
2834,2489,751,10,0
2443,2489,755,11,0
2440,2489,756,12,0
2403,2489,757,13,0
2441,2489,759,14,0
2449,2489,760,15,0
2405,2489,761,16,0
2437,2489,762,17,1
1497,2488,735,1,0
1495,2488,739,2,0
1543,2488,740,3,0
2826,2488,742,4,0
2802,2488,743,5,0
2814,2488,745,6,0
2818,2488,746,7,0
2819,2488,747,8,0
2832,2488,749,9,0
2834,2488,751,10,0
2443,2488,755,11,0
2440,2488,756,12,0
2403,2488,757,13,0
2441,2488,759,14,0
2449,2488,760,15,0
2405,2488,761,16,0
2437,2488,762,17,1
1497,2490,735,1,0
1495,2490,739,2,0
1543,2490,740,3,0
2826,2490,742,4,0
2802,2490,743,5,0
2814,2490,745,6,0
2818,2490,746,7,0
2819,2490,747,8,0
2832,2490,749,9,0
2834,2490,751,10,0
2443,2490,755,11,0
2440,2490,756,12,0
2403,2490,757,13,0
2441,2490,759,14,0
2449,2490,760,15,0
2405,2490,761,16,0
2437,2490,762,17,1
1497,2491,735,1,0
1495,2491,739,2,0
1543,2491,740,3,0
2826,2491,742,4,0
2802,2491,743,5,0
2814,2491,745,6,0
2818,2491,746,7,0
2819,2491,747,8,0
2832,2491,749,9,0
2834,2491,751,10,0
2443,2491,755,11,0
2440,2491,756,12,0
2403,2491,757,13,0
2441,2491,759,14,0
2449,2491,760,15,0
2405,2491,761,16,0
2437,2491,762,17,1
1497,2492,810,1,0
1495,2492,814,2,0
1543,2492,815,3,0
2826,2492,817,4,0
2802,2492,818,5,0
2814,2492,820,6,0
2818,2492,821,7,0
2819,2492,822,8,0
2832,2492,824,9,0
2834,2492,826,10,0
2443,2492,830,11,0
2440,2492,831,12,0
2403,2492,832,13,0
2441,2492,834,14,0
2449,2492,835,15,0
2405,2492,836,16,0
2437,2492,837,17,1
1497,2493,810,1,0
1495,2493,814,2,0
1543,2493,815,3,0
2826,2493,817,4,0
2802,2493,818,5,0
2814,2493,820,6,0
2818,2493,821,7,0
2819,2493,822,8,0
2832,2493,824,9,0
2834,2493,826,10,0
2443,2493,830,11,0
2440,2493,831,12,0
2403,2493,832,13,0
2441,2493,834,14,0
2449,2493,835,15,0
2405,2493,836,16,0
2437,2493,837,17,1
1497,2494,810,1,0
1495,2494,814,2,0
1543,2494,815,3,0
2826,2494,817,4,0
2802,2494,818,5,0
2814,2494,820,6,0
2818,2494,821,7,0
2819,2494,822,8,0
2832,2494,824,9,0
2834,2494,826,10,0
2443,2494,830,11,0
2440,2494,831,12,0
2403,2494,832,13,0
2441,2494,834,14,0
2449,2494,835,15,0
2405,2494,836,16,0
2437,2494,837,17,1
1497,2495,810,1,0
1495,2495,814,2,0
1543,2495,815,3,0
2826,2495,817,4,0
2802,2495,818,5,0
2814,2495,820,6,0
2818,2495,821,7,0
2819,2495,822,8,0
2832,2495,824,9,0
2834,2495,826,10,0
2443,2495,830,11,0
2440,2495,831,12,0
2403,2495,832,13,0
2441,2495,834,14,0
2449,2495,835,15,0
2405,2495,836,16,0
2437,2495,837,17,1
1497,2496,810,1,0
1495,2496,814,2,0
1543,2496,815,3,0
2826,2496,817,4,0
2802,2496,818,5,0
2814,2496,820,6,0
2818,2496,821,7,0
2819,2496,822,8,0
2832,2496,824,9,0
2834,2496,826,10,0
2443,2496,830,11,0
2440,2496,831,12,0
2403,2496,832,13,0
2441,2496,834,14,0
2449,2496,835,15,0
2405,2496,836,16,0
2437,2496,837,17,1
2437,2405,530,1,0
2418,2405,530,2,0
2448,2405,532,3,0
2438,2405,533,4,0
2420,2405,535,5,0
2439,2405,536,6,0
2442,2405,537,7,0
2833,2405,541,8,0
2831,2405,543,9,0
2812,2405,545,10,0
2813,2405,546,11,0
2817,2405,547,12,0
2803,2405,549,13,0
2801,2405,550,14,0
1537,2405,552,15,0
1493,2405,554,16,0
1497,2405,558,17,1
2437,2404,530,1,0
2418,2404,530,2,0
2448,2404,532,3,0
2438,2404,533,4,0
2420,2404,535,5,0
2439,2404,536,6,0
2442,2404,537,7,0
2833,2404,541,8,0
2831,2404,543,9,0
2812,2404,545,10,0
2813,2404,546,11,0
2817,2404,547,12,0
2803,2404,549,13,0
2801,2404,550,14,0
1537,2404,552,15,0
1493,2404,554,16,0
1497,2404,558,17,1
2437,2403,530,1,0
2418,2403,530,2,0
2448,2403,532,3,0
2438,2403,533,4,0
2420,2403,535,5,0
2439,2403,536,6,0
2442,2403,537,7,0
2833,2403,541,8,0
2831,2403,543,9,0
2812,2403,545,10,0
2813,2403,546,11,0
2817,2403,547,12,0
2803,2403,549,13,0
2801,2403,550,14,0
1537,2403,552,15,0
1493,2403,554,16,0
1497,2403,558,17,1
2437,2402,530,1,0
2418,2402,530,2,0
2448,2402,532,3,0
2438,2402,533,4,0
2420,2402,535,5,0
2439,2402,536,6,0
2442,2402,537,7,0
2833,2402,541,8,0
2831,2402,543,9,0
2812,2402,545,10,0
2813,2402,546,11,0
2817,2402,547,12,0
2803,2402,549,13,0
2801,2402,550,14,0
1537,2402,552,15,0
1493,2402,554,16,0
1497,2402,558,17,1
2437,2401,530,1,0
2418,2401,530,2,0
2448,2401,532,3,0
2438,2401,533,4,0
2420,2401,535,5,0
2439,2401,536,6,0
2442,2401,537,7,0
2833,2401,541,8,0
2831,2401,543,9,0
2812,2401,545,10,0
2813,2401,546,11,0
2817,2401,547,12,0
2803,2401,549,13,0
2801,2401,550,14,0
1537,2401,552,15,0
1493,2401,554,16,0
1497,2401,558,17,1
2437,2400,500,1,0
2418,2400,500,2,0
2448,2400,502,3,0
2438,2400,503,4,0
2420,2400,505,5,0
2439,2400,506,6,0
2442,2400,507,7,0
2833,2400,511,8,0
2831,2400,513,9,0
2812,2400,516,10,0
2813,2400,517,11,0
2817,2400,518,12,0
2803,2400,520,13,0
2801,2400,521,14,0
1537,2400,523,15,0
1493,2400,525,16,0
1497,2400,530,17,1
2437,2409,560,1,0
2418,2409,560,2,0
2448,2409,562,3,0
2438,2409,563,4,0
2420,2409,565,5,0
2439,2409,566,6,0
2442,2409,567,7,0
2833,2409,571,8,0
2831,2409,573,9,0
2812,2409,575,10,0
2813,2409,576,11,0
2817,2409,577,12,0
2803,2409,579,13,0
2801,2409,580,14,0
1537,2409,582,15,0
1493,2409,584,16,0
1497,2409,588,17,1
2437,2408,560,1,0
2418,2408,560,2,0
2448,2408,562,3,0
2438,2408,563,4,0
2420,2408,565,5,0
2439,2408,566,6,0
2442,2408,567,7,0
2833,2408,571,8,0
2831,2408,573,9,0
2812,2408,575,10,0
2813,2408,576,11,0
2817,2408,577,12,0
2803,2408,579,13,0
2801,2408,580,14,0
1537,2408,582,15,0
1493,2408,584,16,0
1497,2408,588,17,1
2437,2407,530,1,0
2418,2407,530,2,0
2448,2407,532,3,0
2438,2407,533,4,0
2420,2407,535,5,0
2439,2407,536,6,0
2442,2407,537,7,0
2833,2407,541,8,0
2831,2407,543,9,0
2812,2407,545,10,0
2813,2407,546,11,0
2817,2407,547,12,0
2803,2407,549,13,0
2801,2407,550,14,0
1537,2407,552,15,0
1493,2407,554,16,0
1497,2407,558,17,1
2437,2406,530,1,0
2418,2406,530,2,0
2448,2406,532,3,0
2438,2406,533,4,0
2420,2406,535,5,0
2439,2406,536,6,0
2442,2406,537,7,0
2833,2406,541,8,0
2831,2406,543,9,0
2812,2406,545,10,0
2813,2406,546,11,0
2817,2406,547,12,0
2803,2406,549,13,0
2801,2406,550,14,0
1537,2406,552,15,0
1493,2406,554,16,0
1497,2406,558,17,1
2437,2414,560,1,0
2418,2414,560,2,0
2448,2414,562,3,0
2438,2414,563,4,0
2420,2414,565,5,0
2439,2414,566,6,0
2442,2414,567,7,0
2833,2414,571,8,0
2831,2414,573,9,0
2812,2414,575,10,0
2813,2414,576,11,0
2817,2414,577,12,0
2803,2414,579,13,0
2801,2414,580,14,0
1537,2414,582,15,0
1493,2414,584,16,0
1497,2414,588,17,1
2437,2413,560,1,0
2418,2413,560,2,0
2448,2413,562,3,0
2438,2413,563,4,0
2420,2413,565,5,0
2439,2413,566,6,0
2442,2413,567,7,0
2833,2413,571,8,0
2831,2413,573,9,0
2812,2413,575,10,0
2813,2413,576,11,0
2817,2413,577,12,0
2803,2413,579,13,0
2801,2413,580,14,0
1537,2413,582,15,0
1493,2413,584,16,0
1497,2413,588,17,1
2437,2416,780,1,0
2418,2416,780,2,0
2448,2416,782,3,0
2438,2416,783,4,0
2420,2416,785,5,0
2439,2416,786,6,0
2442,2416,787,7,0
2833,2416,791,8,0
2831,2416,793,9,0
2812,2416,795,10,0
2813,2416,796,11,0
2817,2416,797,12,0
2803,2416,799,13,0
2801,2416,800,14,0
1537,2416,802,15,0
1493,2416,804,16,0
1497,2416,808,17,1
2437,2415,780,1,0
2418,2415,780,2,0
2448,2415,782,3,0
2438,2415,783,4,0
2420,2415,785,5,0
2439,2415,786,6,0
2442,2415,787,7,0
2833,2415,791,8,0
2831,2415,793,9,0
2812,2415,795,10,0
2813,2415,796,11,0
2817,2415,797,12,0
2803,2415,799,13,0
2801,2415,800,14,0
1537,2415,802,15,0
1493,2415,804,16,0
1497,2415,808,17,1
2437,2410,560,1,0
2418,2410,560,2,0
2448,2410,562,3,0
2438,2410,563,4,0
2420,2410,565,5,0
2439,2410,566,6,0
2442,2410,567,7,0
2833,2410,571,8,0
2831,2410,573,9,0
2812,2410,575,10,0
2813,2410,576,11,0
2817,2410,577,12,0
2803,2410,579,13,0
2801,2410,580,14,0
1537,2410,582,15,0
1493,2410,584,16,0
1497,2410,588,17,1
2437,2412,560,1,0
2418,2412,560,2,0
2448,2412,562,3,0
2438,2412,563,4,0
2420,2412,565,5,0
2439,2412,566,6,0
2442,2412,567,7,0
2833,2412,571,8,0
2831,2412,573,9,0
2812,2412,575,10,0
2813,2412,576,11,0
2817,2412,577,12,0
2803,2412,579,13,0
2801,2412,580,14,0
1537,2412,582,15,0
1493,2412,584,16,0
1497,2412,588,17,1
2437,2411,560,1,0
2418,2411,560,2,0
2448,2411,562,3,0
2438,2411,563,4,0
2420,2411,565,5,0
2439,2411,566,6,0
2442,2411,567,7,0
2833,2411,571,8,0
2831,2411,573,9,0
2812,2411,575,10,0
2813,2411,576,11,0
2817,2411,577,12,0
2803,2411,579,13,0
2801,2411,580,14,0
1537,2411,582,15,0
1493,2411,584,16,0
1497,2411,588,17,1
2437,2418,780,1,0
2418,2418,780,2,0
2448,2418,782,3,0
2438,2418,783,4,0
2420,2418,785,5,0
2439,2418,786,6,0
2442,2418,787,7,0
2833,2418,791,8,0
2831,2418,793,9,0
2812,2418,795,10,0
2813,2418,796,11,0
2817,2418,797,12,0
2803,2418,799,13,0
2801,2418,800,14,0
1537,2418,802,15,0
1493,2418,804,16,0
1497,2418,808,17,1
2437,2417,780,1,0
2418,2417,780,2,0
2448,2417,782,3,0
2438,2417,783,4,0
2420,2417,785,5,0
2439,2417,786,6,0
2442,2417,787,7,0
2833,2417,791,8,0
2831,2417,793,9,0
2812,2417,795,10,0
2813,2417,796,11,0
2817,2417,797,12,0
2803,2417,799,13,0
2801,2417,800,14,0
1537,2417,802,15,0
1493,2417,804,16,0
1497,2417,808,17,1
2437,2419,780,1,0
2418,2419,780,2,0
2448,2419,782,3,0
2438,2419,783,4,0
2420,2419,785,5,0
2439,2419,786,6,0
2442,2419,787,7,0
2833,2419,791,8,0
2831,2419,793,9,0
2812,2419,795,10,0
2813,2419,796,11,0
2817,2419,797,12,0
2803,2419,799,13,0
2801,2419,800,14,0
1537,2419,802,15,0
1493,2419,804,16,0
1497,2419,808,17,1
2437,2381,420,1,0
2418,2381,420,2,0
2448,2381,422,3,0
2438,2381,423,4,0
2420,2381,425,5,0
2439,2381,426,6,0
2442,2381,427,7,0
2833,2381,431,8,0
2831,2381,433,9,0
2812,2381,436,10,0
2813,2381,437,11,0
2817,2381,438,12,0
2803,2381,439,13,0
2801,2381,440,14,0
1537,2381,442,15,0
1493,2381,444,16,0
1497,2381,449,17,1
2437,2382,420,1,0
2418,2382,420,2,0
2448,2382,422,3,0
2438,2382,423,4,0
2420,2382,425,5,0
2439,2382,426,6,0
2442,2382,427,7,0
2833,2382,431,8,0
2831,2382,433,9,0
2812,2382,436,10,0
2813,2382,437,11,0
2817,2382,438,12,0
2803,2382,439,13,0
2801,2382,440,14,0
1537,2382,442,15,0
1493,2382,444,16,0
1497,2382,449,17,1
2437,2380,420,1,0
2418,2380,420,2,0
2448,2380,422,3,0
2438,2380,423,4,0
2420,2380,425,5,0
2439,2380,426,6,0
2442,2380,427,7,0
2833,2380,431,8,0
2831,2380,433,9,0
2812,2380,436,10,0
2813,2380,437,11,0
2817,2380,438,12,0
2803,2380,439,13,0
2801,2380,440,14,0
1537,2380,442,15,0
1493,2380,444,16,0
1497,2380,449,17,1
2437,2385,420,1,0
2418,2385,420,2,0
2448,2385,422,3,0
2438,2385,423,4,0
2420,2385,425,5,0
2439,2385,426,6,0
2442,2385,427,7,0
2833,2385,431,8,0
2831,2385,433,9,0
2812,2385,436,10,0
2813,2385,437,11,0
2817,2385,438,12,0
2803,2385,439,13,0
2801,2385,440,14,0
1537,2385,442,15,0
1493,2385,444,16,0
1497,2385,449,17,1
2437,2386,420,1,0
2418,2386,420,2,0
2448,2386,422,3,0
2438,2386,423,4,0
2420,2386,425,5,0
2439,2386,426,6,0
2442,2386,427,7,0
2833,2386,431,8,0
2831,2386,433,9,0
2812,2386,436,10,0
2813,2386,437,11,0
2817,2386,438,12,0
2803,2386,439,13,0
2801,2386,440,14,0
1537,2386,442,15,0
1493,2386,444,16,0
1497,2386,449,17,1
2437,2383,420,1,0
2418,2383,420,2,0
2448,2383,422,3,0
2438,2383,423,4,0
2420,2383,425,5,0
2439,2383,426,6,0
2442,2383,427,7,0
2833,2383,431,8,0
2831,2383,433,9,0
2812,2383,436,10,0
2813,2383,437,11,0
2817,2383,438,12,0
2803,2383,439,13,0
2801,2383,440,14,0
1537,2383,442,15,0
1493,2383,444,16,0
1497,2383,449,17,1
2437,2384,420,1,0
2418,2384,420,2,0
2448,2384,422,3,0
2438,2384,423,4,0
2420,2384,425,5,0
2439,2384,426,6,0
2442,2384,427,7,0
2833,2384,431,8,0
2831,2384,433,9,0
2812,2384,436,10,0
2813,2384,437,11,0
2817,2384,438,12,0
2803,2384,439,13,0
2801,2384,440,14,0
1537,2384,442,15,0
1493,2384,444,16,0
1497,2384,449,17,1
2437,2398,500,1,0
2418,2398,500,2,0
2448,2398,502,3,0
2438,2398,503,4,0
2420,2398,505,5,0
2439,2398,506,6,0
2442,2398,507,7,0
2833,2398,511,8,0
2831,2398,513,9,0
2812,2398,516,10,0
2813,2398,517,11,0
2817,2398,518,12,0
2803,2398,520,13,0
2801,2398,521,14,0
1537,2398,523,15,0
1493,2398,525,16,0
1497,2398,530,17,1
2437,2399,500,1,0
2418,2399,500,2,0
2448,2399,502,3,0
2438,2399,503,4,0
2420,2399,505,5,0
2439,2399,506,6,0
2442,2399,507,7,0
2833,2399,511,8,0
2831,2399,513,9,0
2812,2399,516,10,0
2813,2399,517,11,0
2817,2399,518,12,0
2803,2399,520,13,0
2801,2399,521,14,0
1537,2399,523,15,0
1493,2399,525,16,0
1497,2399,530,17,1
2437,2397,500,1,0
2418,2397,500,2,0
2448,2397,502,3,0
2438,2397,503,4,0
2420,2397,505,5,0
2439,2397,506,6,0
2442,2397,507,7,0
2833,2397,511,8,0
2831,2397,513,9,0
2812,2397,516,10,0
2813,2397,517,11,0
2817,2397,518,12,0
2803,2397,520,13,0
2801,2397,521,14,0
1537,2397,523,15,0
1493,2397,525,16,0
1497,2397,530,17,1
2437,2396,500,1,0
2418,2396,500,2,0
2448,2396,502,3,0
2438,2396,503,4,0
2420,2396,505,5,0
2439,2396,506,6,0
2442,2396,507,7,0
2833,2396,511,8,0
2831,2396,513,9,0
2812,2396,516,10,0
2813,2396,517,11,0
2817,2396,518,12,0
2803,2396,520,13,0
2801,2396,521,14,0
1537,2396,523,15,0
1493,2396,525,16,0
1497,2396,530,17,1
2437,2395,500,1,0
2418,2395,500,2,0
2448,2395,502,3,0
2438,2395,503,4,0
2420,2395,505,5,0
2439,2395,506,6,0
2442,2395,507,7,0
2833,2395,511,8,0
2831,2395,513,9,0
2812,2395,516,10,0
2813,2395,517,11,0
2817,2395,518,12,0
2803,2395,520,13,0
2801,2395,521,14,0
1537,2395,523,15,0
1493,2395,525,16,0
1497,2395,530,17,1
2437,2394,500,1,0
2418,2394,500,2,0
2448,2394,502,3,0
2438,2394,503,4,0
2420,2394,505,5,0
2439,2394,506,6,0
2442,2394,507,7,0
2833,2394,511,8,0
2831,2394,513,9,0
2812,2394,516,10,0
2813,2394,517,11,0
2817,2394,518,12,0
2803,2394,520,13,0
2801,2394,521,14,0
1537,2394,523,15,0
1493,2394,525,16,0
1497,2394,530,17,1
2437,2393,440,1,0
2418,2393,440,2,0
2448,2393,442,3,0
2438,2393,443,4,0
2420,2393,446,5,0
2439,2393,447,6,0
2442,2393,448,7,0
2833,2393,453,8,0
2831,2393,455,9,0
2812,2393,458,10,0
2813,2393,459,11,0
2817,2393,460,12,0
2803,2393,462,13,0
2801,2393,463,14,0
1537,2393,465,15,0
1493,2393,467,16,0
1497,2393,472,17,1
2437,2392,440,1,0
2418,2392,440,2,0
2448,2392,442,3,0
2438,2392,443,4,0
2420,2392,446,5,0
2439,2392,447,6,0
2442,2392,448,7,0
2833,2392,453,8,0
2831,2392,455,9,0
2812,2392,458,10,0
2813,2392,459,11,0
2817,2392,460,12,0
2803,2392,462,13,0
2801,2392,463,14,0
1537,2392,465,15,0
1493,2392,467,16,0
1497,2392,472,17,1
2437,2391,440,1,0
2418,2391,440,2,0
2448,2391,442,3,0
2438,2391,443,4,0
2420,2391,446,5,0
2439,2391,447,6,0
2442,2391,448,7,0
2833,2391,453,8,0
2831,2391,455,9,0
2812,2391,458,10,0
2813,2391,459,11,0
2817,2391,460,12,0
2803,2391,462,13,0
2801,2391,463,14,0
1537,2391,465,15,0
1493,2391,467,16,0
1497,2391,472,17,1
2437,2390,440,1,0
2418,2390,440,2,0
2448,2390,442,3,0
2438,2390,443,4,0
2420,2390,446,5,0
2439,2390,447,6,0
2442,2390,448,7,0
2833,2390,453,8,0
2831,2390,455,9,0
2812,2390,458,10,0
2813,2390,459,11,0
2817,2390,460,12,0
2803,2390,462,13,0
2801,2390,463,14,0
1537,2390,465,15,0
1493,2390,467,16,0
1497,2390,472,17,1
2437,2389,440,1,0
2418,2389,440,2,0
2448,2389,442,3,0
2438,2389,443,4,0
2420,2389,446,5,0
2439,2389,447,6,0
2442,2389,448,7,0
2833,2389,453,8,0
2831,2389,455,9,0
2812,2389,458,10,0
2813,2389,459,11,0
2817,2389,460,12,0
2803,2389,462,13,0
2801,2389,463,14,0
1537,2389,465,15,0
1493,2389,467,16,0
1497,2389,472,17,1
2437,2387,440,1,0
2418,2387,440,2,0
2448,2387,442,3,0
2438,2387,443,4,0
2420,2387,446,5,0
2439,2387,447,6,0
2442,2387,448,7,0
2833,2387,453,8,0
2831,2387,455,9,0
2812,2387,458,10,0
2813,2387,459,11,0
2817,2387,460,12,0
2803,2387,462,13,0
2801,2387,463,14,0
1537,2387,465,15,0
1493,2387,467,16,0
1497,2387,472,17,1
2437,2388,440,1,0
2418,2388,440,2,0
2448,2388,442,3,0
2438,2388,443,4,0
2420,2388,446,5,0
2439,2388,447,6,0
2442,2388,448,7,0
2833,2388,453,8,0
2831,2388,455,9,0
2812,2388,458,10,0
2813,2388,459,11,0
2817,2388,460,12,0
2803,2388,462,13,0
2801,2388,463,14,0
1537,2388,465,15,0
1493,2388,467,16,0
1497,2388,472,17,1
1497,2602,1135,1,0
1495,2602,1139,2,0
1543,2602,1140,3,0
2826,2602,1142,4,0
2802,2602,1143,5,0
2814,2602,1145,6,0
2818,2602,1146,7,0
2819,2602,1147,8,0
2832,2602,1149,9,0
2834,2602,1151,10,0
2443,2602,1155,11,0
2440,2602,1156,12,0
2403,2602,1157,13,0
2441,2602,1159,14,0
2449,2602,1160,15,0
2405,2602,1161,16,0
2437,2602,1162,17,1
1497,2603,1135,1,0
1495,2603,1139,2,0
1543,2603,1140,3,0
2826,2603,1142,4,0
2802,2603,1143,5,0
2814,2603,1145,6,0
2818,2603,1146,7,0
2819,2603,1147,8,0
2832,2603,1149,9,0
2834,2603,1151,10,0
2443,2603,1155,11,0
2440,2603,1156,12,0
2403,2603,1157,13,0
2441,2603,1159,14,0
2449,2603,1160,15,0
2405,2603,1161,16,0
2437,2603,1162,17,1
1497,2600,1135,1,0
1495,2600,1139,2,0
1543,2600,1140,3,0
2826,2600,1142,4,0
2802,2600,1143,5,0
2814,2600,1145,6,0
2818,2600,1146,7,0
2819,2600,1147,8,0
2832,2600,1149,9,0
2834,2600,1151,10,0
2443,2600,1155,11,0
2440,2600,1156,12,0
2403,2600,1157,13,0
2441,2600,1159,14,0
2449,2600,1160,15,0
2405,2600,1161,16,0
2437,2600,1162,17,1
1497,2601,1135,1,0
1495,2601,1139,2,0
1543,2601,1140,3,0
2826,2601,1142,4,0
2802,2601,1143,5,0
2814,2601,1145,6,0
2818,2601,1146,7,0
2819,2601,1147,8,0
2832,2601,1149,9,0
2834,2601,1151,10,0
2443,2601,1155,11,0
2440,2601,1156,12,0
2403,2601,1157,13,0
2441,2601,1159,14,0
2449,2601,1160,15,0
2405,2601,1161,16,0
2437,2601,1162,17,1
1497,2599,1135,1,0
1495,2599,1139,2,0
1543,2599,1140,3,0
2826,2599,1142,4,0
2802,2599,1143,5,0
2814,2599,1145,6,0
2818,2599,1146,7,0
2819,2599,1147,8,0
2832,2599,1149,9,0
2834,2599,1151,10,0
2443,2599,1155,11,0
2440,2599,1156,12,0
2403,2599,1157,13,0
2441,2599,1159,14,0
2449,2599,1160,15,0
2405,2599,1161,16,0
2437,2599,1162,17,1
1497,2598,1135,1,0
1495,2598,1139,2,0
1543,2598,1140,3,0
2826,2598,1142,4,0
2802,2598,1143,5,0
2814,2598,1145,6,0
2818,2598,1146,7,0
2819,2598,1147,8,0
2832,2598,1149,9,0
2834,2598,1151,10,0
2443,2598,1155,11,0
2440,2598,1156,12,0
2403,2598,1157,13,0
2441,2598,1159,14,0
2449,2598,1160,15,0
2405,2598,1161,16,0
2437,2598,1162,17,1
1497,2597,1135,1,0
1495,2597,1139,2,0
1543,2597,1140,3,0
2826,2597,1142,4,0
2802,2597,1143,5,0
2814,2597,1145,6,0
2818,2597,1146,7,0
2819,2597,1147,8,0
2832,2597,1149,9,0
2834,2597,1151,10,0
2443,2597,1155,11,0
2440,2597,1156,12,0
2403,2597,1157,13,0
2441,2597,1159,14,0
2449,2597,1160,15,0
2405,2597,1161,16,0
2437,2597,1162,17,1
2437,2596,1095,1,0
2418,2596,1095,2,0
2448,2596,1097,3,0
2438,2596,1098,4,0
2420,2596,1100,5,0
2439,2596,1101,6,0
2442,2596,1102,7,0
2833,2596,1106,8,0
2831,2596,1108,9,0
2812,2596,1110,10,0
2813,2596,1111,11,0
2817,2596,1113,12,0
2803,2596,1115,13,0
2801,2596,1116,14,0
1537,2596,1118,15,0
1493,2596,1120,16,0
1497,2596,1124,17,1
2437,2592,1095,1,0
2418,2592,1095,2,0
2448,2592,1097,3,0
2438,2592,1098,4,0
2420,2592,1100,5,0
2439,2592,1101,6,0
2442,2592,1102,7,0
2833,2592,1106,8,0
2831,2592,1108,9,0
2812,2592,1110,10,0
2813,2592,1111,11,0
2817,2592,1113,12,0
2803,2592,1115,13,0
2801,2592,1116,14,0
1537,2592,1118,15,0
1493,2592,1120,16,0
1497,2592,1124,17,1
2437,2593,1095,1,0
2418,2593,1095,2,0
2448,2593,1097,3,0
2438,2593,1098,4,0
2420,2593,1100,5,0
2439,2593,1101,6,0
2442,2593,1102,7,0
2833,2593,1106,8,0
2831,2593,1108,9,0
2812,2593,1110,10,0
2813,2593,1111,11,0
2817,2593,1113,12,0
2803,2593,1115,13,0
2801,2593,1116,14,0
1537,2593,1118,15,0
1493,2593,1120,16,0
1497,2593,1124,17,1
2437,2594,1095,1,0
2418,2594,1095,2,0
2448,2594,1097,3,0
2438,2594,1098,4,0
2420,2594,1100,5,0
2439,2594,1101,6,0
2442,2594,1102,7,0
2833,2594,1106,8,0
2831,2594,1108,9,0
2812,2594,1110,10,0
2813,2594,1111,11,0
2817,2594,1113,12,0
2803,2594,1115,13,0
2801,2594,1116,14,0
1537,2594,1118,15,0
1493,2594,1120,16,0
1497,2594,1124,17,1
2437,2595,1095,1,0
2418,2595,1095,2,0
2448,2595,1097,3,0
2438,2595,1098,4,0
2420,2595,1100,5,0
2439,2595,1101,6,0
2442,2595,1102,7,0
2833,2595,1106,8,0
2831,2595,1108,9,0
2812,2595,1110,10,0
2813,2595,1111,11,0
2817,2595,1113,12,0
2803,2595,1115,13,0
2801,2595,1116,14,0
1537,2595,1118,15,0
1493,2595,1120,16,0
1497,2595,1124,17,1
2437,2590,1095,1,0
2418,2590,1095,2,0
2448,2590,1097,3,0
2438,2590,1098,4,0
2420,2590,1100,5,0
2439,2590,1101,6,0
2442,2590,1102,7,0
2833,2590,1106,8,0
2831,2590,1108,9,0
2812,2590,1110,10,0
2813,2590,1111,11,0
2817,2590,1113,12,0
2803,2590,1115,13,0
2801,2590,1116,14,0
1537,2590,1118,15,0
1493,2590,1120,16,0
1497,2590,1124,17,1
2437,2591,1095,1,0
2418,2591,1095,2,0
2448,2591,1097,3,0
2438,2591,1098,4,0
2420,2591,1100,5,0
2439,2591,1101,6,0
2442,2591,1102,7,0
2833,2591,1106,8,0
2831,2591,1108,9,0
2812,2591,1110,10,0
2813,2591,1111,11,0
2817,2591,1113,12,0
2803,2591,1115,13,0
2801,2591,1116,14,0
1537,2591,1118,15,0
1493,2591,1120,16,0
1497,2591,1124,17,1
1497,2589,1060,1,0
1495,2589,1064,2,0
1543,2589,1065,3,0
2826,2589,1067,4,0
2802,2589,1068,5,0
2814,2589,1070,6,0
2818,2589,1072,7,0
2819,2589,1073,8,0
2832,2589,1075,9,0
2834,2589,1077,10,0
2443,2589,1081,11,0
2440,2589,1082,12,0
2403,2589,1083,13,0
2441,2589,1086,14,0
2449,2589,1087,15,0
2405,2589,1088,16,0
2437,2589,1089,17,1
1497,2586,1060,1,0
1495,2586,1064,2,0
1543,2586,1065,3,0
2826,2586,1067,4,0
2802,2586,1068,5,0
2814,2586,1070,6,0
2818,2586,1072,7,0
2819,2586,1073,8,0
2832,2586,1075,9,0
2834,2586,1077,10,0
2443,2586,1081,11,0
2440,2586,1082,12,0
2403,2586,1083,13,0
2441,2586,1086,14,0
2449,2586,1087,15,0
2405,2586,1088,16,0
2437,2586,1089,17,1
1497,2585,1060,1,0
1495,2585,1064,2,0
1543,2585,1065,3,0
2826,2585,1067,4,0
2802,2585,1068,5,0
2814,2585,1070,6,0
2818,2585,1072,7,0
2819,2585,1073,8,0
2832,2585,1075,9,0
2834,2585,1077,10,0
2443,2585,1081,11,0
2440,2585,1082,12,0
2403,2585,1083,13,0
2441,2585,1086,14,0
2449,2585,1087,15,0
2405,2585,1088,16,0
2437,2585,1089,17,1
1497,2588,1060,1,0
1495,2588,1064,2,0
1543,2588,1065,3,0
2826,2588,1067,4,0
2802,2588,1068,5,0
2814,2588,1070,6,0
2818,2588,1072,7,0
2819,2588,1073,8,0
2832,2588,1075,9,0
2834,2588,1077,10,0
2443,2588,1081,11,0
2440,2588,1082,12,0
2403,2588,1083,13,0
2441,2588,1086,14,0
2449,2588,1087,15,0
2405,2588,1088,16,0
2437,2588,1089,17,1
1497,2587,1060,1,0
1495,2587,1064,2,0
1543,2587,1065,3,0
2826,2587,1067,4,0
2802,2587,1068,5,0
2814,2587,1070,6,0
2818,2587,1072,7,0
2819,2587,1073,8,0
2832,2587,1075,9,0
2834,2587,1077,10,0
2443,2587,1081,11,0
2440,2587,1082,12,0
2403,2587,1083,13,0
2441,2587,1086,14,0
2449,2587,1087,15,0
2405,2587,1088,16,0
2437,2587,1089,17,1
2437,2580,920,1,0
2418,2580,920,2,0
2448,2580,922,3,0
2438,2580,923,4,0
2420,2580,925,5,0
2439,2580,926,6,0
2442,2580,927,7,0
2833,2580,931,8,0
2831,2580,933,9,0
2812,2580,935,10,0
2813,2580,936,11,0
2817,2580,937,12,0
2803,2580,939,13,0
2801,2580,940,14,0
1537,2580,942,15,0
1493,2580,944,16,0
1497,2580,948,17,1
1497,2584,1060,1,0
1495,2584,1064,2,0
1543,2584,1065,3,0
2826,2584,1067,4,0
2802,2584,1068,5,0
2814,2584,1070,6,0
2818,2584,1072,7,0
2819,2584,1073,8,0
2832,2584,1075,9,0
2834,2584,1077,10,0
2443,2584,1081,11,0
2440,2584,1082,12,0
2403,2584,1083,13,0
2441,2584,1086,14,0
2449,2584,1087,15,0
2405,2584,1088,16,0
2437,2584,1089,17,1
1497,2583,1060,1,0
1495,2583,1064,2,0
1543,2583,1065,3,0
2826,2583,1067,4,0
2802,2583,1068,5,0
2814,2583,1070,6,0
2818,2583,1072,7,0
2819,2583,1073,8,0
2832,2583,1075,9,0
2834,2583,1077,10,0
2443,2583,1081,11,0
2440,2583,1082,12,0
2403,2583,1083,13,0
2441,2583,1086,14,0
2449,2583,1087,15,0
2405,2583,1088,16,0
2437,2583,1089,17,1
2437,2582,920,1,0
2418,2582,920,2,0
2448,2582,922,3,0
2438,2582,923,4,0
2420,2582,925,5,0
2439,2582,926,6,0
2442,2582,927,7,0
2833,2582,931,8,0
2831,2582,933,9,0
2812,2582,935,10,0
2813,2582,936,11,0
2817,2582,937,12,0
2803,2582,939,13,0
2801,2582,940,14,0
1537,2582,942,15,0
1493,2582,944,16,0
1497,2582,948,17,1
2437,2581,920,1,0
2418,2581,920,2,0
2448,2581,922,3,0
2438,2581,923,4,0
2420,2581,925,5,0
2439,2581,926,6,0
2442,2581,927,7,0
2833,2581,931,8,0
2831,2581,933,9,0
2812,2581,935,10,0
2813,2581,936,11,0
2817,2581,937,12,0
2803,2581,939,13,0
2801,2581,940,14,0
1537,2581,942,15,0
1493,2581,944,16,0
1497,2581,948,17,1
2437,2576,920,1,0
2418,2576,920,2,0
2448,2576,922,3,0
2438,2576,923,4,0
2420,2576,925,5,0
2439,2576,926,6,0
2442,2576,927,7,0
2833,2576,931,8,0
2831,2576,933,9,0
2812,2576,935,10,0
2813,2576,936,11,0
2817,2576,937,12,0
2803,2576,939,13,0
2801,2576,940,14,0
1537,2576,942,15,0
1493,2576,944,16,0
1497,2576,948,17,1
2437,2577,920,1,0
2418,2577,920,2,0
2448,2577,922,3,0
2438,2577,923,4,0
2420,2577,925,5,0
2439,2577,926,6,0
2442,2577,927,7,0
2833,2577,931,8,0
2831,2577,933,9,0
2812,2577,935,10,0
2813,2577,936,11,0
2817,2577,937,12,0
2803,2577,939,13,0
2801,2577,940,14,0
1537,2577,942,15,0
1493,2577,944,16,0
1497,2577,948,17,1
1497,2574,885,1,0
1495,2574,889,2,0
1543,2574,890,3,0
2826,2574,892,4,0
2802,2574,893,5,0
2814,2574,895,6,0
2818,2574,896,7,0
2819,2574,897,8,0
2832,2574,899,9,0
2834,2574,901,10,0
2443,2574,905,11,0
2440,2574,906,12,0
2403,2574,907,13,0
2441,2574,909,14,0
2449,2574,910,15,0
2405,2574,911,16,0
2437,2574,912,17,1
1497,2575,885,1,0
1495,2575,889,2,0
1543,2575,890,3,0
2826,2575,892,4,0
2802,2575,893,5,0
2814,2575,895,6,0
2818,2575,896,7,0
2819,2575,897,8,0
2832,2575,899,9,0
2834,2575,901,10,0
2443,2575,905,11,0
2440,2575,906,12,0
2403,2575,907,13,0
2441,2575,909,14,0
2449,2575,910,15,0
2405,2575,911,16,0
2437,2575,912,17,1
2437,2578,920,1,0
2418,2578,920,2,0
2448,2578,922,3,0
2438,2578,923,4,0
2420,2578,925,5,0
2439,2578,926,6,0
2442,2578,927,7,0
2833,2578,931,8,0
2831,2578,933,9,0
2812,2578,935,10,0
2813,2578,936,11,0
2817,2578,937,12,0
2803,2578,939,13,0
2801,2578,940,14,0
1537,2578,942,15,0
1493,2578,944,16,0
1497,2578,948,17,1
2437,2579,920,1,0
2418,2579,920,2,0
2448,2579,922,3,0
2438,2579,923,4,0
2420,2579,925,5,0
2439,2579,926,6,0
2442,2579,927,7,0
2833,2579,931,8,0
2831,2579,933,9,0
2812,2579,935,10,0
2813,2579,936,11,0
2817,2579,937,12,0
2803,2579,939,13,0
2801,2579,940,14,0
1537,2579,942,15,0
1493,2579,944,16,0
1497,2579,948,17,1
1497,2571,885,1,0
1495,2571,889,2,0
1543,2571,890,3,0
2826,2571,892,4,0
2802,2571,893,5,0
2814,2571,895,6,0
2818,2571,896,7,0
2819,2571,897,8,0
2832,2571,899,9,0
2834,2571,901,10,0
2443,2571,905,11,0
2440,2571,906,12,0
2403,2571,907,13,0
2441,2571,909,14,0
2449,2571,910,15,0
2405,2571,911,16,0
2437,2571,912,17,1
1497,2570,885,1,0
1495,2570,889,2,0
1543,2570,890,3,0
2826,2570,892,4,0
2802,2570,893,5,0
2814,2570,895,6,0
2818,2570,896,7,0
2819,2570,897,8,0
2832,2570,899,9,0
2834,2570,901,10,0
2443,2570,905,11,0
2440,2570,906,12,0
2403,2570,907,13,0
2441,2570,909,14,0
2449,2570,910,15,0
2405,2570,911,16,0
2437,2570,912,17,1
1497,2573,885,1,0
1495,2573,889,2,0
1543,2573,890,3,0
2826,2573,892,4,0
2802,2573,893,5,0
2814,2573,895,6,0
2818,2573,896,7,0
2819,2573,897,8,0
2832,2573,899,9,0
2834,2573,901,10,0
2443,2573,905,11,0
2440,2573,906,12,0
2403,2573,907,13,0
2441,2573,909,14,0
2449,2573,910,15,0
2405,2573,911,16,0
2437,2573,912,17,1
1497,2572,885,1,0
1495,2572,889,2,0
1543,2572,890,3,0
2826,2572,892,4,0
2802,2572,893,5,0
2814,2572,895,6,0
2818,2572,896,7,0
2819,2572,897,8,0
2832,2572,899,9,0
2834,2572,901,10,0
2443,2572,905,11,0
2440,2572,906,12,0
2403,2572,907,13,0
2441,2572,909,14,0
2449,2572,910,15,0
2405,2572,911,16,0
2437,2572,912,17,1
1497,2563,665,1,0
1495,2563,669,2,0
1543,2563,670,3,0
2826,2563,672,4,0
2802,2563,673,5,0
2814,2563,675,6,0
2818,2563,676,7,0
2819,2563,677,8,0
2832,2563,679,9,0
2834,2563,681,10,0
2443,2563,685,11,0
2440,2563,686,12,0
2403,2563,687,13,0
2441,2563,689,14,0
2449,2563,690,15,0
2405,2563,691,16,0
2437,2563,692,17,1
1497,2564,665,1,0
1495,2564,669,2,0
1543,2564,670,3,0
2826,2564,672,4,0
2802,2564,673,5,0
2814,2564,675,6,0
2818,2564,676,7,0
2819,2564,677,8,0
2832,2564,679,9,0
2834,2564,681,10,0
2443,2564,685,11,0
2440,2564,686,12,0
2403,2564,687,13,0
2441,2564,689,14,0
2449,2564,690,15,0
2405,2564,691,16,0
2437,2564,692,17,1
1497,2565,665,1,0
1495,2565,669,2,0
1543,2565,670,3,0
2826,2565,672,4,0
2802,2565,673,5,0
2814,2565,675,6,0
2818,2565,676,7,0
2819,2565,677,8,0
2832,2565,679,9,0
2834,2565,681,10,0
2443,2565,685,11,0
2440,2565,686,12,0
2403,2565,687,13,0
2441,2565,689,14,0
2449,2565,690,15,0
2405,2565,691,16,0
2437,2565,692,17,1
1497,2566,665,1,0
1495,2566,669,2,0
1543,2566,670,3,0
2826,2566,672,4,0
2802,2566,673,5,0
2814,2566,675,6,0
2818,2566,676,7,0
2819,2566,677,8,0
2832,2566,679,9,0
2834,2566,681,10,0
2443,2566,685,11,0
2440,2566,686,12,0
2403,2566,687,13,0
2441,2566,689,14,0
2449,2566,690,15,0
2405,2566,691,16,0
2437,2566,692,17,1
1497,2567,665,1,0
1495,2567,669,2,0
1543,2567,670,3,0
2826,2567,672,4,0
2802,2567,673,5,0
2814,2567,675,6,0
2818,2567,676,7,0
2819,2567,677,8,0
2832,2567,679,9,0
2834,2567,681,10,0
2443,2567,685,11,0
2440,2567,686,12,0
2403,2567,687,13,0
2441,2567,689,14,0
2449,2567,690,15,0
2405,2567,691,16,0
2437,2567,692,17,1
1497,2568,665,1,0
1495,2568,669,2,0
1543,2568,670,3,0
2826,2568,672,4,0
2802,2568,673,5,0
2814,2568,675,6,0
2818,2568,676,7,0
2819,2568,677,8,0
2832,2568,679,9,0
2834,2568,681,10,0
2443,2568,685,11,0
2440,2568,686,12,0
2403,2568,687,13,0
2441,2568,689,14,0
2449,2568,690,15,0
2405,2568,691,16,0
2437,2568,692,17,1
1497,2569,885,1,0
1495,2569,889,2,0
1543,2569,890,3,0
2826,2569,892,4,0
2802,2569,893,5,0
2814,2569,895,6,0
2818,2569,896,7,0
2819,2569,897,8,0
2832,2569,899,9,0
2834,2569,901,10,0
2443,2569,905,11,0
2440,2569,906,12,0
2403,2569,907,13,0
2441,2569,909,14,0
2449,2569,910,15,0
2405,2569,911,16,0
2437,2569,912,17,1
1497,2562,665,1,0
1495,2562,669,2,0
1543,2562,670,3,0
2826,2562,672,4,0
2802,2562,673,5,0
2814,2562,675,6,0
2818,2562,676,7,0
2819,2562,677,8,0
2832,2562,679,9,0
2834,2562,681,10,0
2443,2562,685,11,0
2440,2562,686,12,0
2403,2562,687,13,0
2441,2562,689,14,0
2449,2562,690,15,0
2405,2562,691,16,0
2437,2562,692,17,1
2437,2561,700,1,0
2418,2561,700,2,0
2448,2561,702,3,0
2438,2561,703,4,0
2420,2561,705,5,0
2439,2561,706,6,0
2442,2561,707,7,0
2833,2561,711,8,0
2831,2561,713,9,0
2812,2561,715,10,0
2813,2561,716,11,0
2817,2561,717,12,0
2803,2561,719,13,0
2801,2561,720,14,0
1537,2561,722,15,0
1493,2561,724,16,0
1497,2561,728,17,1
2437,2560,700,1,0
2418,2560,700,2,0
2448,2560,702,3,0
2438,2560,703,4,0
2420,2560,705,5,0
2439,2560,706,6,0
2442,2560,707,7,0
2833,2560,711,8,0
2831,2560,713,9,0
2812,2560,715,10,0
2813,2560,716,11,0
2817,2560,717,12,0
2803,2560,719,13,0
2801,2560,720,14,0
1537,2560,722,15,0
1493,2560,724,16,0
1497,2560,728,17,1
2437,2558,700,1,0
2418,2558,700,2,0
2448,2558,702,3,0
2438,2558,703,4,0
2420,2558,705,5,0
2439,2558,706,6,0
2442,2558,707,7,0
2833,2558,711,8,0
2831,2558,713,9,0
2812,2558,715,10,0
2813,2558,716,11,0
2817,2558,717,12,0
2803,2558,719,13,0
2801,2558,720,14,0
1537,2558,722,15,0
1493,2558,724,16,0
1497,2558,728,17,1
2437,2559,700,1,0
2418,2559,700,2,0
2448,2559,702,3,0
2438,2559,703,4,0
2420,2559,705,5,0
2439,2559,706,6,0
2442,2559,707,7,0
2833,2559,711,8,0
2831,2559,713,9,0
2812,2559,715,10,0
2813,2559,716,11,0
2817,2559,717,12,0
2803,2559,719,13,0
2801,2559,720,14,0
1537,2559,722,15,0
1493,2559,724,16,0
1497,2559,728,17,1
2437,2556,700,1,0
2418,2556,700,2,0
2448,2556,702,3,0
2438,2556,703,4,0
2420,2556,705,5,0
2439,2556,706,6,0
2442,2556,707,7,0
2833,2556,711,8,0
2831,2556,713,9,0
2812,2556,715,10,0
2813,2556,716,11,0
2817,2556,717,12,0
2803,2556,719,13,0
2801,2556,720,14,0
1537,2556,722,15,0
1493,2556,724,16,0
1497,2556,728,17,1
2437,2557,700,1,0
2418,2557,700,2,0
2448,2557,702,3,0
2438,2557,703,4,0
2420,2557,705,5,0
2439,2557,706,6,0
2442,2557,707,7,0
2833,2557,711,8,0
2831,2557,713,9,0
2812,2557,715,10,0
2813,2557,716,11,0
2817,2557,717,12,0
2803,2557,719,13,0
2801,2557,720,14,0
1537,2557,722,15,0
1493,2557,724,16,0
1497,2557,728,17,1
2437,2554,630,1,0
2418,2554,630,2,0
2448,2554,632,3,0
2438,2554,633,4,0
2420,2554,635,5,0
2439,2554,636,6,0
2442,2554,637,7,0
2833,2554,641,8,0
2831,2554,643,9,0
2812,2554,645,10,0
2813,2554,646,11,0
2817,2554,647,12,0
2803,2554,649,13,0
2801,2554,650,14,0
1537,2554,652,15,0
1493,2554,654,16,0
1497,2554,658,17,1
2437,2555,700,1,0
2418,2555,700,2,0
2448,2555,702,3,0
2438,2555,703,4,0
2420,2555,705,5,0
2439,2555,706,6,0
2442,2555,707,7,0
2833,2555,711,8,0
2831,2555,713,9,0
2812,2555,715,10,0
2813,2555,716,11,0
2817,2555,717,12,0
2803,2555,719,13,0
2801,2555,720,14,0
1537,2555,722,15,0
1493,2555,724,16,0
1497,2555,728,17,1
2437,2552,630,1,0
2418,2552,630,2,0
2448,2552,632,3,0
2438,2552,633,4,0
2420,2552,635,5,0
2439,2552,636,6,0
2442,2552,637,7,0
2833,2552,641,8,0
2831,2552,643,9,0
2812,2552,645,10,0
2813,2552,646,11,0
2817,2552,647,12,0
2803,2552,649,13,0
2801,2552,650,14,0
1537,2552,652,15,0
1493,2552,654,16,0
1497,2552,658,17,1
2437,2553,630,1,0
2418,2553,630,2,0
2448,2553,632,3,0
2438,2553,633,4,0
2420,2553,635,5,0
2439,2553,636,6,0
2442,2553,637,7,0
2833,2553,641,8,0
2831,2553,643,9,0
2812,2553,645,10,0
2813,2553,646,11,0
2817,2553,647,12,0
2803,2553,649,13,0
2801,2553,650,14,0
1537,2553,652,15,0
1493,2553,654,16,0
1497,2553,658,17,1
2437,2551,630,1,0
2418,2551,630,2,0
2448,2551,632,3,0
2438,2551,633,4,0
2420,2551,635,5,0
2439,2551,636,6,0
2442,2551,637,7,0
2833,2551,641,8,0
2831,2551,643,9,0
2812,2551,645,10,0
2813,2551,646,11,0
2817,2551,647,12,0
2803,2551,649,13,0
2801,2551,650,14,0
1537,2551,652,15,0
1493,2551,654,16,0
1497,2551,658,17,1
2437,2550,630,1,0
2418,2550,630,2,0
2448,2550,632,3,0
2438,2550,633,4,0
2420,2550,635,5,0
2439,2550,636,6,0
2442,2550,637,7,0
2833,2550,641,8,0
2831,2550,643,9,0
2812,2550,645,10,0
2813,2550,646,11,0
2817,2550,647,12,0
2803,2550,649,13,0
2801,2550,650,14,0
1537,2550,652,15,0
1493,2550,654,16,0
1497,2550,658,17,1
2437,2549,630,1,0
2418,2549,630,2,0
2448,2549,632,3,0
2438,2549,633,4,0
2420,2549,635,5,0
2439,2549,636,6,0
2442,2549,637,7,0
2833,2549,641,8,0
2831,2549,643,9,0
2812,2549,645,10,0
2813,2549,646,11,0
2817,2549,647,12,0
2803,2549,649,13,0
2801,2549,650,14,0
1537,2549,652,15,0
1493,2549,654,16,0
1497,2549,658,17,1
2437,2545,470,1,0
2418,2545,470,2,0
2448,2545,472,3,0
2438,2545,473,4,0
2420,2545,476,5,0
2439,2545,477,6,0
2442,2545,478,7,0
2833,2545,483,8,0
2831,2545,485,9,0
2812,2545,488,10,0
2813,2545,489,11,0
2817,2545,490,12,0
2803,2545,492,13,0
2801,2545,493,14,0
1537,2545,495,15,0
1493,2545,497,16,0
1497,2545,502,17,1
2437,2546,470,1,0
2418,2546,470,2,0
2448,2546,472,3,0
2438,2546,473,4,0
2420,2546,476,5,0
2439,2546,477,6,0
2442,2546,478,7,0
2833,2546,483,8,0
2831,2546,485,9,0
2812,2546,488,10,0
2813,2546,489,11,0
2817,2546,490,12,0
2803,2546,492,13,0
2801,2546,493,14,0
1537,2546,495,15,0
1493,2546,497,16,0
1497,2546,502,17,1
2437,2547,470,1,0
2418,2547,470,2,0
2448,2547,472,3,0
2438,2547,473,4,0
2420,2547,476,5,0
2439,2547,477,6,0
2442,2547,478,7,0
2833,2547,483,8,0
2831,2547,485,9,0
2812,2547,488,10,0
2813,2547,489,11,0
2817,2547,490,12,0
2803,2547,492,13,0
2801,2547,493,14,0
1537,2547,495,15,0
1493,2547,497,16,0
1497,2547,502,17,1
2437,2548,630,1,0
2418,2548,630,2,0
2448,2548,632,3,0
2438,2548,633,4,0
2420,2548,635,5,0
2439,2548,636,6,0
2442,2548,637,7,0
2833,2548,641,8,0
2831,2548,643,9,0
2812,2548,645,10,0
2813,2548,646,11,0
2817,2548,647,12,0
2803,2548,649,13,0
2801,2548,650,14,0
1537,2548,652,15,0
1493,2548,654,16,0
1497,2548,658,17,1
2437,2541,470,1,0
2418,2541,470,2,0
2448,2541,472,3,0
2438,2541,473,4,0
2420,2541,476,5,0
2439,2541,477,6,0
2442,2541,478,7,0
2833,2541,483,8,0
2831,2541,485,9,0
2812,2541,488,10,0
2813,2541,489,11,0
2817,2541,490,12,0
2803,2541,492,13,0
2801,2541,493,14,0
1537,2541,495,15,0
1493,2541,497,16,0
1497,2541,502,17,1
2437,2542,470,1,0
2418,2542,470,2,0
2448,2542,472,3,0
2438,2542,473,4,0
2420,2542,476,5,0
2439,2542,477,6,0
2442,2542,478,7,0
2833,2542,483,8,0
2831,2542,485,9,0
2812,2542,488,10,0
2813,2542,489,11,0
2817,2542,490,12,0
2803,2542,492,13,0
2801,2542,493,14,0
1537,2542,495,15,0
1493,2542,497,16,0
1497,2542,502,17,1
2437,2543,470,1,0
2418,2543,470,2,0
2448,2543,472,3,0
2438,2543,473,4,0
2420,2543,476,5,0
2439,2543,477,6,0
2442,2543,478,7,0
2833,2543,483,8,0
2831,2543,485,9,0
2812,2543,488,10,0
2813,2543,489,11,0
2817,2543,490,12,0
2803,2543,492,13,0
2801,2543,493,14,0
1537,2543,495,15,0
1493,2543,497,16,0
1497,2543,502,17,1
2437,2544,470,1,0
2418,2544,470,2,0
2448,2544,472,3,0
2438,2544,473,4,0
2420,2544,476,5,0
2439,2544,477,6,0
2442,2544,478,7,0
2833,2544,483,8,0
2831,2544,485,9,0
2812,2544,488,10,0
2813,2544,489,11,0
2817,2544,490,12,0
2803,2544,492,13,0
2801,2544,493,14,0
1537,2544,495,15,0
1493,2544,497,16,0
1497,2544,502,17,1
