arret_id,trajet_id,heure_depart,stop_sequence,terminus
4101,2040,490,1,0
4102,2040,491,2,0
4103,2040,493,3,0
4104,2040,494,4,0
4105,2040,494,5,0
4551,2040,502,6,0
4555,2040,503,7,0
1511,2040,520,8,1
1511,8034,970,1,0
4552,8034,983,2,0
4551,8034,984,3,0
4108,8034,991,4,0
4109,8034,991,5,0
4110,8034,992,6,0
4111,8034,994,7,0
4112,8034,995,8,1
4101,6822,455,1,0
4102,6822,456,2,0
4103,6822,458,3,0
4104,6822,459,4,0
4105,6822,459,5,0
4551,6822,467,6,0
4555,6822,468,7,0
1511,6822,485,8,1
1511,4565,1020,1,0
4552,4565,1034,2,0
4551,4565,1035,3,0
4108,4565,1043,4,0
4109,4565,1043,5,0
4110,4565,1044,6,0
4111,4565,1046,7,0
4112,4565,1047,8,1
4101,991,420,1,0
4102,991,421,2,0
4103,991,423,3,0
4104,991,424,4,0
4105,991,424,5,0
4551,991,432,6,0
4555,991,433,7,0
1511,991,445,8,1
1511,2557,1080,1,0
4552,2557,1094,2,0
4551,2557,1095,3,0
4108,2557,1103,4,0
4109,2557,1104,5,0
4110,2557,1105,6,0
4111,2557,1107,7,0
4112,2557,1108,8,1
