arret_id,trajet_id,heure_depart,stop_sequence,terminus
1497,35,970,1,0
1518,35,972,2,0
1521,35,974,3,0
3135,35,980,4,0
3105,35,982,5,0
3120,35,983,6,0
3121,35,983,7,0
3122,35,984,8,0
3710,35,986,9,0
3711,35,988,10,0
3712,35,989,11,0
3714,35,990,12,0
3724,35,991,13,0
3723,35,992,14,0
3732,35,994,15,0
4457,35,999,16,0
4459,35,1000,17,0
4458,35,1001,18,0
6005,35,1005,19,0
6003,35,1006,20,0
6001,35,1007,21,0
6000,35,1009,22,1
1497,36,1060,1,0
1518,36,1062,2,0
1521,36,1064,3,0
3135,36,1070,4,0
3105,36,1072,5,0
3120,36,1073,6,0
3121,36,1073,7,0
3122,36,1074,8,0
3710,36,1076,9,0
3711,36,1078,10,0
3712,36,1079,11,0
3714,36,1080,12,0
3724,36,1081,13,0
3723,36,1082,14,0
3732,36,1084,15,0
4457,36,1089,16,0
4459,36,1090,17,0
4458,36,1091,18,0
6005,36,1095,19,0
6003,36,1096,20,0
6001,36,1097,21,0
6000,36,1099,22,1
1497,33,790,1,0
1518,33,792,2,0
1521,33,794,3,0
3135,33,799,4,0
3105,33,801,5,0
3120,33,802,6,0
3121,33,802,7,0
3122,33,803,8,0
3710,33,805,9,0
3711,33,807,10,0
3712,33,808,11,0
3714,33,809,12,0
3724,33,810,13,0
3723,33,811,14,0
3732,33,813,15,0
4457,33,818,16,0
4459,33,819,17,0
4458,33,820,18,0
6005,33,824,19,0
6003,33,825,20,0
6001,33,826,21,0
6000,33,828,22,1
1497,34,880,1,0
1518,34,882,2,0
1521,34,884,3,0
3135,34,889,4,0
3105,34,891,5,0
3120,34,892,6,0
3121,34,892,7,0
3122,34,893,8,0
3710,34,895,9,0
3711,34,897,10,0
3712,34,898,11,0
3714,34,899,12,0
3724,34,900,13,0
3723,34,901,14,0
3732,34,903,15,0
4457,34,908,16,0
4459,34,909,17,0
4458,34,910,18,0
6005,34,914,19,0
6003,34,915,20,0
6001,34,916,21,0
6000,34,918,22,1
1497,37,1150,1,0
1518,37,1152,2,0
1521,37,1154,3,0
3135,37,1160,4,0
3105,37,1162,5,0
3120,37,1163,6,0
3121,37,1163,7,0
3122,37,1164,8,0
3710,37,1166,9,0
3711,37,1168,10,0
3712,37,1169,11,0
3714,37,1170,12,0
3724,37,1171,13,0
3723,37,1172,14,0
3732,37,1174,15,0
4457,37,1179,16,0
4459,37,1180,17,0
4458,37,1181,18,0
6005,37,1185,19,0
6003,37,1186,20,0
6001,37,1187,21,0
6000,37,1189,22,1
1497,38,1240,1,0
1518,38,1242,2,0
1521,38,1244,3,0
3135,38,1249,4,0
3105,38,1251,5,0
3120,38,1252,6,0
3121,38,1252,7,0
3122,38,1253,8,0
3710,38,1255,9,0
3711,38,1257,10,0
3712,38,1258,11,0
3714,38,1259,12,0
3724,38,1260,13,0
3723,38,1261,14,0
3732,38,1263,15,0
4457,38,1268,16,0
4459,38,1269,17,0
4458,38,1270,18,0
6005,38,1274,19,0
6003,38,1275,20,0
6001,38,1276,21,0
6000,38,1278,22,1
6000,28,835,1,0
6002,28,836,2,0
6004,28,838,3,0
6006,28,839,4,0
4452,28,844,5,0
4460,28,845,6,0
4453,28,846,7,0
3732,28,852,8,0
3717,28,853,9,0
3715,28,854,10,0
3705,28,855,11,0
3707,28,856,12,0
3708,28,857,13,0
3709,28,859,14,0
3102,28,861,15,0
3103,28,862,16,0
3104,28,862,17,0
3119,28,863,18,0
3134,28,865,19,0
1517,28,871,20,0
1520,28,873,21,0
1497,28,875,22,1
6000,29,925,1,0
6002,29,926,2,0
6004,29,928,3,0
6006,29,929,4,0
4452,29,934,5,0
4460,29,935,6,0
4453,29,936,7,0
3732,29,942,8,0
3717,29,943,9,0
3715,29,944,10,0
3705,29,945,11,0
3707,29,946,12,0
3708,29,947,13,0
3709,29,949,14,0
3102,29,951,15,0
3103,29,952,16,0
3104,29,952,17,0
3119,29,953,18,0
3134,29,955,19,0
1517,29,961,20,0
1520,29,963,21,0
1497,29,965,22,1
6000,30,1015,1,0
6002,30,1016,2,0
6004,30,1018,3,0
6006,30,1019,4,0
4452,30,1024,5,0
4460,30,1025,6,0
4453,30,1026,7,0
3732,30,1032,8,0
3717,30,1033,9,0
3715,30,1034,10,0
3705,30,1035,11,0
3707,30,1036,12,0
3708,30,1037,13,0
3709,30,1039,14,0
3102,30,1041,15,0
3103,30,1042,16,0
3104,30,1042,17,0
3119,30,1043,18,0
3134,30,1045,19,0
1517,30,1051,20,0
1520,30,1053,21,0
1497,30,1055,22,1
6000,32,1195,1,0
6002,32,1196,2,0
6004,32,1198,3,0
6006,32,1199,4,0
4452,32,1204,5,0
4460,32,1205,6,0
4453,32,1206,7,0
3732,32,1212,8,0
3717,32,1213,9,0
3715,32,1214,10,0
3705,32,1214,11,0
3707,32,1215,12,0
3708,32,1216,13,0
3709,32,1218,14,0
3102,32,1220,15,0
3103,32,1221,16,0
3104,32,1221,17,0
3119,32,1222,18,0
3134,32,1224,19,0
1517,32,1230,20,0
1520,32,1232,21,0
1497,32,1234,22,1
6000,31,1105,1,0
6002,31,1106,2,0
6004,31,1108,3,0
6006,31,1109,4,0
4452,31,1114,5,0
4460,31,1115,6,0
4453,31,1116,7,0
3732,31,1122,8,0
3717,31,1123,9,0
3715,31,1124,10,0
3705,31,1125,11,0
3707,31,1126,12,0
3708,31,1127,13,0
3709,31,1129,14,0
3102,31,1131,15,0
3103,31,1132,16,0
3104,31,1132,17,0
3119,31,1133,18,0
3134,31,1135,19,0
1517,31,1141,20,0
1520,31,1143,21,0
1497,31,1145,22,1
1497,10098,800,1,0
1518,10098,803,2,0
1521,10098,805,3,0
4457,10098,817,4,0
4459,10098,818,5,0
4458,10098,819,6,0
6005,10098,823,7,0
6003,10098,824,8,0
6001,10098,825,9,0
6000,10098,827,10,1
1497,10099,800,1,0
1518,10099,803,2,0
1521,10099,805,3,0
4457,10099,817,4,0
4459,10099,818,5,0
4458,10099,819,6,0
6005,10099,823,7,0
6003,10099,824,8,0
6001,10099,825,9,0
6000,10099,827,10,1
6000,10093,1145,1,0
6002,10093,1146,2,0
6004,10093,1148,3,0
6006,10093,1149,4,0
4452,10093,1154,5,0
4460,10093,1155,6,0
4453,10093,1155,7,0
1517,10093,1167,8,0
1520,10093,1169,9,0
1497,10093,1171,10,1
6000,10092,1145,1,0
6002,10092,1146,2,0
6004,10092,1148,3,0
6006,10092,1149,4,0
4452,10092,1154,5,0
4460,10092,1155,6,0
4453,10092,1155,7,0
1517,10092,1167,8,0
1520,10092,1169,9,0
1497,10092,1171,10,1
6000,10091,1145,1,0
6002,10091,1146,2,0
6004,10091,1148,3,0
6006,10091,1149,4,0
4452,10091,1154,5,0
4460,10091,1155,6,0
4453,10091,1155,7,0
1517,10091,1167,8,0
1520,10091,1169,9,0
1497,10091,1171,10,1
6000,10090,1145,1,0
6002,10090,1146,2,0
6004,10090,1148,3,0
6006,10090,1149,4,0
4452,10090,1154,5,0
4460,10090,1155,6,0
4453,10090,1155,7,0
1517,10090,1167,8,0
1520,10090,1169,9,0
1497,10090,1171,10,1
6000,10097,1210,1,0
6002,10097,1211,2,0
6004,10097,1213,3,0
6006,10097,1214,4,0
4452,10097,1219,5,0
4460,10097,1220,6,0
4453,10097,1220,7,0
1517,10097,1232,8,0
1520,10097,1234,9,0
1497,10097,1236,10,1
6000,10096,1210,1,0
6002,10096,1211,2,0
6004,10096,1213,3,0
6006,10096,1214,4,0
4452,10096,1219,5,0
4460,10096,1220,6,0
4453,10096,1220,7,0
1517,10096,1232,8,0
1520,10096,1234,9,0
1497,10096,1236,10,1
6000,10095,1210,1,0
6002,10095,1211,2,0
6004,10095,1213,3,0
6006,10095,1214,4,0
4452,10095,1219,5,0
4460,10095,1220,6,0
4453,10095,1220,7,0
1517,10095,1232,8,0
1520,10095,1234,9,0
1497,10095,1236,10,1
6000,10094,1210,1,0
6002,10094,1211,2,0
6004,10094,1213,3,0
6006,10094,1214,4,0
4452,10094,1219,5,0
4460,10094,1220,6,0
4453,10094,1220,7,0
1517,10094,1232,8,0
1520,10094,1234,9,0
1497,10094,1236,10,1
6000,10087,1075,1,0
6002,10087,1076,2,0
6004,10087,1078,3,0
6006,10087,1079,4,0
4452,10087,1084,5,0
4460,10087,1085,6,0
4453,10087,1086,7,0
1517,10087,1098,8,0
1520,10087,1100,9,0
1497,10087,1102,10,1
6000,10088,1075,1,0
6002,10088,1076,2,0
6004,10088,1078,3,0
6006,10088,1079,4,0
4452,10088,1084,5,0
4460,10088,1085,6,0
4453,10088,1086,7,0
1517,10088,1098,8,0
1520,10088,1100,9,0
1497,10088,1102,10,1
6000,10089,1075,1,0
6002,10089,1076,2,0
6004,10089,1078,3,0
6006,10089,1079,4,0
4452,10089,1084,5,0
4460,10089,1085,6,0
4453,10089,1086,7,0
1517,10089,1098,8,0
1520,10089,1100,9,0
1497,10089,1102,10,1
1497,10084,1210,1,0
1518,10084,1213,2,0
1521,10084,1215,3,0
4457,10084,1227,4,0
4459,10084,1228,5,0
4458,10084,1229,6,0
6005,10084,1233,7,0
6003,10084,1234,8,0
6001,10084,1235,9,0
6000,10084,1236,10,1
1497,10083,1210,1,0
1518,10083,1213,2,0
1521,10083,1215,3,0
4457,10083,1227,4,0
4459,10083,1228,5,0
4458,10083,1229,6,0
6005,10083,1233,7,0
6003,10083,1234,8,0
6001,10083,1235,9,0
6000,10083,1236,10,1
6000,10086,1075,1,0
6002,10086,1076,2,0
6004,10086,1078,3,0
6006,10086,1079,4,0
4452,10086,1084,5,0
4460,10086,1085,6,0
4453,10086,1086,7,0
1517,10086,1098,8,0
1520,10086,1100,9,0
1497,10086,1102,10,1
1497,10085,1210,1,0
1518,10085,1213,2,0
1521,10085,1215,3,0
4457,10085,1227,4,0
4459,10085,1228,5,0
4458,10085,1229,6,0
6005,10085,1233,7,0
6003,10085,1234,8,0
6001,10085,1235,9,0
6000,10085,1236,10,1
6000,10080,1000,1,0
6002,10080,1001,2,0
6004,10080,1003,3,0
6006,10080,1004,4,0
4452,10080,1009,5,0
4460,10080,1010,6,0
4453,10080,1011,7,0
1517,10080,1023,8,0
1520,10080,1025,9,0
1497,10080,1027,10,1
1497,10082,1210,1,0
1518,10082,1213,2,0
1521,10082,1215,3,0
4457,10082,1227,4,0
4459,10082,1228,5,0
4458,10082,1229,6,0
6005,10082,1233,7,0
6003,10082,1234,8,0
6001,10082,1235,9,0
6000,10082,1236,10,1
6000,10081,1000,1,0
6002,10081,1001,2,0
6004,10081,1003,3,0
6006,10081,1004,4,0
4452,10081,1009,5,0
4460,10081,1010,6,0
4453,10081,1011,7,0
1517,10081,1023,8,0
1520,10081,1025,9,0
1497,10081,1027,10,1
6000,10078,1000,1,0
6002,10078,1001,2,0
6004,10078,1003,3,0
6006,10078,1004,4,0
4452,10078,1009,5,0
4460,10078,1010,6,0
4453,10078,1011,7,0
1517,10078,1023,8,0
1520,10078,1025,9,0
1497,10078,1027,10,1
6000,10079,1000,1,0
6002,10079,1001,2,0
6004,10079,1003,3,0
6006,10079,1004,4,0
4452,10079,1009,5,0
4460,10079,1010,6,0
4453,10079,1011,7,0
1517,10079,1023,8,0
1520,10079,1025,9,0
1497,10079,1027,10,1
6000,10076,965,1,0
6002,10076,966,2,0
6004,10076,968,3,0
6006,10076,969,4,0
4452,10076,974,5,0
4460,10076,975,6,0
4453,10076,976,7,0
1517,10076,989,8,0
1520,10076,991,9,0
1497,10076,993,10,1
6000,10077,965,1,0
6002,10077,966,2,0
6004,10077,968,3,0
6006,10077,969,4,0
4452,10077,974,5,0
4460,10077,975,6,0
4453,10077,976,7,0
1517,10077,989,8,0
1520,10077,991,9,0
1497,10077,993,10,1
6000,10075,965,1,0
6002,10075,966,2,0
6004,10075,968,3,0
6006,10075,969,4,0
4452,10075,974,5,0
4460,10075,975,6,0
4453,10075,976,7,0
1517,10075,989,8,0
1520,10075,991,9,0
1497,10075,993,10,1
6000,10074,965,1,0
6002,10074,966,2,0
6004,10074,968,3,0
6006,10074,969,4,0
4452,10074,974,5,0
4460,10074,975,6,0
4453,10074,976,7,0
1517,10074,989,8,0
1520,10074,991,9,0
1497,10074,993,10,1
6000,10073,900,1,0
6002,10073,901,2,0
6004,10073,903,3,0
6006,10073,905,4,0
4452,10073,910,5,0
4460,10073,911,6,0
4453,10073,912,7,0
1517,10073,925,8,0
1520,10073,927,9,0
1497,10073,929,10,1
6000,10072,900,1,0
6002,10072,901,2,0
6004,10072,903,3,0
6006,10072,905,4,0
4452,10072,910,5,0
4460,10072,911,6,0
4453,10072,912,7,0
1517,10072,925,8,0
1520,10072,927,9,0
1497,10072,929,10,1
6000,10071,900,1,0
6002,10071,901,2,0
6004,10071,903,3,0
6006,10071,905,4,0
4452,10071,910,5,0
4460,10071,911,6,0
4453,10071,912,7,0
1517,10071,925,8,0
1520,10071,927,9,0
1497,10071,929,10,1
6000,10070,900,1,0
6002,10070,901,2,0
6004,10070,903,3,0
6006,10070,905,4,0
4452,10070,910,5,0
4460,10070,911,6,0
4453,10070,912,7,0
1517,10070,925,8,0
1520,10070,927,9,0
1497,10070,929,10,1
6000,10066,830,1,0
6002,10066,831,2,0
6004,10066,833,3,0
6006,10066,835,4,0
4452,10066,840,5,0
4460,10066,841,6,0
4453,10066,842,7,0
1517,10066,855,8,0
1520,10066,857,9,0
1497,10066,859,10,1
6000,10065,765,1,0
6002,10065,766,2,0
6004,10065,768,3,0
6006,10065,770,4,0
4452,10065,775,5,0
4460,10065,776,6,0
4453,10065,777,7,0
1517,10065,789,8,0
1520,10065,791,9,0
1497,10065,793,10,1
6000,10068,830,1,0
6002,10068,831,2,0
6004,10068,833,3,0
6006,10068,835,4,0
4452,10068,840,5,0
4460,10068,841,6,0
4453,10068,842,7,0
1517,10068,855,8,0
1520,10068,857,9,0
1497,10068,859,10,1
6000,10067,830,1,0
6002,10067,831,2,0
6004,10067,833,3,0
6006,10067,835,4,0
4452,10067,840,5,0
4460,10067,841,6,0
4453,10067,842,7,0
1517,10067,855,8,0
1520,10067,857,9,0
1497,10067,859,10,1
6000,10069,830,1,0
6002,10069,831,2,0
6004,10069,833,3,0
6006,10069,835,4,0
4452,10069,840,5,0
4460,10069,841,6,0
4453,10069,842,7,0
1517,10069,855,8,0
1520,10069,857,9,0
1497,10069,859,10,1
1497,10060,510,1,0
1518,10060,512,2,0
1521,10060,514,3,0
4457,10060,526,4,0
4459,10060,527,5,0
4458,10060,528,6,0
6005,10060,532,7,0
6003,10060,533,8,0
6001,10060,534,9,0
6000,10060,536,10,1
1497,10061,510,1,0
1518,10061,512,2,0
1521,10061,514,3,0
4457,10061,526,4,0
4459,10061,527,5,0
4458,10061,528,6,0
6005,10061,532,7,0
6003,10061,533,8,0
6001,10061,534,9,0
6000,10061,536,10,1
6000,10062,765,1,0
6002,10062,766,2,0
6004,10062,768,3,0
6006,10062,770,4,0
4452,10062,775,5,0
4460,10062,776,6,0
4453,10062,777,7,0
1517,10062,789,8,0
1520,10062,791,9,0
1497,10062,793,10,1
6000,10063,765,1,0
6002,10063,766,2,0
6004,10063,768,3,0
6006,10063,770,4,0
4452,10063,775,5,0
4460,10063,776,6,0
4453,10063,777,7,0
1517,10063,789,8,0
1520,10063,791,9,0
1497,10063,793,10,1
6000,10064,765,1,0
6002,10064,766,2,0
6004,10064,768,3,0
6006,10064,770,4,0
4452,10064,775,5,0
4460,10064,776,6,0
4453,10064,777,7,0
1517,10064,789,8,0
1520,10064,791,9,0
1497,10064,793,10,1
1497,10057,540,1,0
1518,10057,543,2,0
1521,10057,545,3,0
4457,10057,557,4,0
4459,10057,558,5,0
4458,10057,559,6,0
6005,10057,563,7,0
6003,10057,564,8,0
6001,10057,565,9,0
6000,10057,567,10,1
1497,10056,540,1,0
1518,10056,543,2,0
1521,10056,545,3,0
4457,10056,557,4,0
4459,10056,558,5,0
4458,10056,559,6,0
6005,10056,563,7,0
6003,10056,564,8,0
6001,10056,565,9,0
6000,10056,567,10,1
1497,10055,540,1,0
1518,10055,543,2,0
1521,10055,545,3,0
4457,10055,557,4,0
4459,10055,558,5,0
4458,10055,559,6,0
6005,10055,563,7,0
6003,10055,564,8,0
6001,10055,565,9,0
6000,10055,567,10,1
1497,10054,540,1,0
1518,10054,543,2,0
1521,10054,545,3,0
4457,10054,557,4,0
4459,10054,558,5,0
4458,10054,559,6,0
6005,10054,563,7,0
6003,10054,564,8,0
6001,10054,565,9,0
6000,10054,567,10,1
1497,10059,510,1,0
1518,10059,512,2,0
1521,10059,514,3,0
4457,10059,526,4,0
4459,10059,527,5,0
4458,10059,528,6,0
6005,10059,532,7,0
6003,10059,533,8,0
6001,10059,534,9,0
6000,10059,536,10,1
1497,10058,510,1,0
1518,10058,512,2,0
1521,10058,514,3,0
4457,10058,526,4,0
4459,10058,527,5,0
4458,10058,528,6,0
6005,10058,532,7,0
6003,10058,533,8,0
6001,10058,534,9,0
6000,10058,536,10,1
1497,10052,470,1,0
1518,10052,472,2,0
1521,10052,474,3,0
4457,10052,486,4,0
4459,10052,487,5,0
4458,10052,488,6,0
6005,10052,492,7,0
6003,10052,493,8,0
6001,10052,494,9,0
6000,10052,496,10,1
1497,10053,470,1,0
1518,10053,472,2,0
1521,10053,474,3,0
4457,10053,486,4,0
4459,10053,487,5,0
4458,10053,488,6,0
6005,10053,492,7,0
6003,10053,493,8,0
6001,10053,494,9,0
6000,10053,496,10,1
1497,10050,470,1,0
1518,10050,472,2,0
1521,10050,474,3,0
4457,10050,486,4,0
4459,10050,487,5,0
4458,10050,488,6,0
6005,10050,492,7,0
6003,10050,493,8,0
6001,10050,494,9,0
6000,10050,496,10,1
1497,10051,470,1,0
1518,10051,472,2,0
1521,10051,474,3,0
4457,10051,486,4,0
4459,10051,487,5,0
4458,10051,488,6,0
6005,10051,492,7,0
6003,10051,493,8,0
6001,10051,494,9,0
6000,10051,496,10,1
1497,10048,435,1,0
1518,10048,437,2,0
1521,10048,439,3,0
4457,10048,451,4,0
4459,10048,452,5,0
4458,10048,453,6,0
6005,10048,457,7,0
6003,10048,458,8,0
6001,10048,459,9,0
6000,10048,461,10,1
1497,10047,435,1,0
1518,10047,437,2,0
1521,10047,439,3,0
4457,10047,451,4,0
4459,10047,452,5,0
4458,10047,453,6,0
6005,10047,457,7,0
6003,10047,458,8,0
6001,10047,459,9,0
6000,10047,461,10,1
1497,10049,435,1,0
1518,10049,437,2,0
1521,10049,439,3,0
4457,10049,451,4,0
4459,10049,452,5,0
4458,10049,453,6,0
6005,10049,457,7,0
6003,10049,458,8,0
6001,10049,459,9,0
6000,10049,461,10,1
1497,10044,385,1,0
1518,10044,387,2,0
1521,10044,389,3,0
4457,10044,401,4,0
4459,10044,402,5,0
4458,10044,403,6,0
6005,10044,407,7,0
6003,10044,408,8,0
6001,10044,409,9,0
6000,10044,411,10,1
1497,10043,385,1,0
1518,10043,387,2,0
1521,10043,389,3,0
4457,10043,401,4,0
4459,10043,402,5,0
4458,10043,403,6,0
6005,10043,407,7,0
6003,10043,408,8,0
6001,10043,409,9,0
6000,10043,411,10,1
1497,10046,435,1,0
1518,10046,437,2,0
1521,10046,439,3,0
4457,10046,451,4,0
4459,10046,452,5,0
4458,10046,453,6,0
6005,10046,457,7,0
6003,10046,458,8,0
6001,10046,459,9,0
6000,10046,461,10,1
1497,10045,385,1,0
1518,10045,387,2,0
1521,10045,389,3,0
4457,10045,401,4,0
4459,10045,402,5,0
4458,10045,403,6,0
6005,10045,407,7,0
6003,10045,408,8,0
6001,10045,409,9,0
6000,10045,411,10,1
6000,10040,570,1,0
6002,10040,571,2,0
6004,10040,573,3,0
6006,10040,574,4,0
4452,10040,579,5,0
4460,10040,580,6,0
4453,10040,581,7,0
1517,10040,593,8,0
1520,10040,595,9,0
1497,10040,597,10,1
6000,10041,570,1,0
6002,10041,571,2,0
6004,10041,573,3,0
6006,10041,574,4,0
4452,10041,579,5,0
4460,10041,580,6,0
4453,10041,581,7,0
1517,10041,593,8,0
1520,10041,595,9,0
1497,10041,597,10,1
1497,10042,385,1,0
1518,10042,387,2,0
1521,10042,389,3,0
4457,10042,401,4,0
4459,10042,402,5,0
4458,10042,403,6,0
6005,10042,407,7,0
6003,10042,408,8,0
6001,10042,409,9,0
6000,10042,411,10,1
6000,10039,570,1,0
6002,10039,571,2,0
6004,10039,573,3,0
6006,10039,574,4,0
4452,10039,579,5,0
4460,10039,580,6,0
4453,10039,581,7,0
1517,10039,593,8,0
1520,10039,595,9,0
1497,10039,597,10,1
6000,10038,570,1,0
6002,10038,571,2,0
6004,10038,573,3,0
6006,10038,574,4,0
4452,10038,579,5,0
4460,10038,580,6,0
4453,10038,581,7,0
1517,10038,593,8,0
1520,10038,595,9,0
1497,10038,597,10,1
6000,10037,540,1,0
6002,10037,541,2,0
6004,10037,543,3,0
6006,10037,544,4,0
4452,10037,549,5,0
4460,10037,550,6,0
4453,10037,551,7,0
1517,10037,563,8,0
1520,10037,565,9,0
1497,10037,567,10,1
6000,10036,540,1,0
6002,10036,541,2,0
6004,10036,543,3,0
6006,10036,544,4,0
4452,10036,549,5,0
4460,10036,550,6,0
4453,10036,551,7,0
1517,10036,563,8,0
1520,10036,565,9,0
1497,10036,567,10,1
6000,10035,540,1,0
6002,10035,541,2,0
6004,10035,543,3,0
6006,10035,544,4,0
4452,10035,549,5,0
4460,10035,550,6,0
4453,10035,551,7,0
1517,10035,563,8,0
1520,10035,565,9,0
1497,10035,567,10,1
6000,10034,540,1,0
6002,10034,541,2,0
6004,10034,543,3,0
6006,10034,544,4,0
4452,10034,549,5,0
4460,10034,550,6,0
4453,10034,551,7,0
1517,10034,563,8,0
1520,10034,565,9,0
1497,10034,567,10,1
6000,10033,505,1,0
6002,10033,506,2,0
6004,10033,508,3,0
6006,10033,509,4,0
4452,10033,514,5,0
4460,10033,515,6,0
4453,10033,516,7,0
1517,10033,528,8,0
1520,10033,530,9,0
1497,10033,533,10,1
6000,10032,505,1,0
6002,10032,506,2,0
6004,10032,508,3,0
6006,10032,509,4,0
4452,10032,514,5,0
4460,10032,515,6,0
4453,10032,516,7,0
1517,10032,528,8,0
1520,10032,530,9,0
1497,10032,533,10,1
6000,10030,505,1,0
6002,10030,506,2,0
6004,10030,508,3,0
6006,10030,509,4,0
4452,10030,514,5,0
4460,10030,515,6,0
4453,10030,516,7,0
1517,10030,528,8,0
1520,10030,530,9,0
1497,10030,533,10,1
6000,10031,505,1,0
6002,10031,506,2,0
6004,10031,508,3,0
6006,10031,509,4,0
4452,10031,514,5,0
4460,10031,515,6,0
4453,10031,516,7,0
1517,10031,528,8,0
1520,10031,530,9,0
1497,10031,533,10,1
6000,10130,1035,1,0
6002,10130,1036,2,0
6004,10130,1038,3,0
6006,10130,1039,4,0
4452,10130,1044,5,0
4460,10130,1045,6,0
4453,10130,1046,7,0
1517,10130,1058,8,0
1520,10130,1060,9,0
1497,10130,1062,10,1
6000,10139,1110,1,0
6002,10139,1111,2,0
6004,10139,1113,3,0
6006,10139,1114,4,0
4452,10139,1119,5,0
4460,10139,1120,6,0
4453,10139,1121,7,0
1517,10139,1133,8,0
1520,10139,1135,9,0
1497,10139,1137,10,1
1497,10135,1075,1,0
1518,10135,1078,2,0
1521,10135,1080,3,0
4457,10135,1092,4,0
4459,10135,1093,5,0
4458,10135,1094,6,0
6005,10135,1099,7,0
6003,10135,1100,8,0
6001,10135,1101,9,0
6000,10135,1103,10,1
1497,10136,1075,1,0
1518,10136,1078,2,0
1521,10136,1080,3,0
4457,10136,1092,4,0
4459,10136,1093,5,0
4458,10136,1094,6,0
6005,10136,1099,7,0
6003,10136,1100,8,0
6001,10136,1101,9,0
6000,10136,1103,10,1
1497,10137,1075,1,0
1518,10137,1078,2,0
1521,10137,1080,3,0
4457,10137,1092,4,0
4459,10137,1093,5,0
4458,10137,1094,6,0
6005,10137,1099,7,0
6003,10137,1100,8,0
6001,10137,1101,9,0
6000,10137,1103,10,1
6000,10138,1110,1,0
6002,10138,1111,2,0
6004,10138,1113,3,0
6006,10138,1114,4,0
4452,10138,1119,5,0
4460,10138,1120,6,0
4453,10138,1121,7,0
1517,10138,1133,8,0
1520,10138,1135,9,0
1497,10138,1137,10,1
6000,10131,1035,1,0
6002,10131,1036,2,0
6004,10131,1038,3,0
6006,10131,1039,4,0
4452,10131,1044,5,0
4460,10131,1045,6,0
4453,10131,1046,7,0
1517,10131,1058,8,0
1520,10131,1060,9,0
1497,10131,1062,10,1
6000,10132,1035,1,0
6002,10132,1036,2,0
6004,10132,1038,3,0
6006,10132,1039,4,0
4452,10132,1044,5,0
4460,10132,1045,6,0
4453,10132,1046,7,0
1517,10132,1058,8,0
1520,10132,1060,9,0
1497,10132,1062,10,1
6000,10133,1035,1,0
6002,10133,1036,2,0
6004,10133,1038,3,0
6006,10133,1039,4,0
4452,10133,1044,5,0
4460,10133,1045,6,0
4453,10133,1046,7,0
1517,10133,1058,8,0
1520,10133,1060,9,0
1497,10133,1062,10,1
1497,10134,1075,1,0
1518,10134,1078,2,0
1521,10134,1080,3,0
4457,10134,1092,4,0
4459,10134,1093,5,0
4458,10134,1094,6,0
6005,10134,1099,7,0
6003,10134,1100,8,0
6001,10134,1101,9,0
6000,10134,1103,10,1
6000,10141,1110,1,0
6002,10141,1111,2,0
6004,10141,1113,3,0
6006,10141,1114,4,0
4452,10141,1119,5,0
4460,10141,1120,6,0
4453,10141,1121,7,0
1517,10141,1133,8,0
1520,10141,1135,9,0
1497,10141,1137,10,1
6000,10140,1110,1,0
6002,10140,1111,2,0
6004,10140,1113,3,0
6006,10140,1114,4,0
4452,10140,1119,5,0
4460,10140,1120,6,0
4453,10140,1121,7,0
1517,10140,1133,8,0
1520,10140,1135,9,0
1497,10140,1137,10,1
6000,10148,1180,1,0
6002,10148,1181,2,0
6004,10148,1183,3,0
6006,10148,1184,4,0
4452,10148,1189,5,0
4460,10148,1190,6,0
4453,10148,1190,7,0
1517,10148,1202,8,0
1520,10148,1204,9,0
1497,10148,1206,10,1
6000,10149,1180,1,0
6002,10149,1181,2,0
6004,10149,1183,3,0
6006,10149,1184,4,0
4452,10149,1189,5,0
4460,10149,1190,6,0
4453,10149,1190,7,0
1517,10149,1202,8,0
1520,10149,1204,9,0
1497,10149,1206,10,1
6000,10146,1180,1,0
6002,10146,1181,2,0
6004,10146,1183,3,0
6006,10146,1184,4,0
4452,10146,1189,5,0
4460,10146,1190,6,0
4453,10146,1190,7,0
1517,10146,1202,8,0
1520,10146,1204,9,0
1497,10146,1206,10,1
6000,10147,1180,1,0
6002,10147,1181,2,0
6004,10147,1183,3,0
6006,10147,1184,4,0
4452,10147,1189,5,0
4460,10147,1190,6,0
4453,10147,1190,7,0
1517,10147,1202,8,0
1520,10147,1204,9,0
1497,10147,1206,10,1
1497,10144,1145,1,0
1518,10144,1148,2,0
1521,10144,1150,3,0
4457,10144,1162,4,0
4459,10144,1163,5,0
4458,10144,1164,6,0
6005,10144,1168,7,0
6003,10144,1169,8,0
6001,10144,1170,9,0
6000,10144,1172,10,1
1497,10145,1145,1,0
1518,10145,1148,2,0
1521,10145,1150,3,0
4457,10145,1162,4,0
4459,10145,1163,5,0
4458,10145,1164,6,0
6005,10145,1168,7,0
6003,10145,1169,8,0
6001,10145,1170,9,0
6000,10145,1172,10,1
1497,10142,1145,1,0
1518,10142,1148,2,0
1521,10142,1150,3,0
4457,10142,1162,4,0
4459,10142,1163,5,0
4458,10142,1164,6,0
6005,10142,1168,7,0
6003,10142,1169,8,0
6001,10142,1170,9,0
6000,10142,1172,10,1
1497,10143,1145,1,0
1518,10143,1148,2,0
1521,10143,1150,3,0
4457,10143,1162,4,0
4459,10143,1163,5,0
4458,10143,1164,6,0
6005,10143,1168,7,0
6003,10143,1169,8,0
6001,10143,1170,9,0
6000,10143,1172,10,1
1497,10117,1040,1,0
1518,10117,1043,2,0
1521,10117,1045,3,0
4457,10117,1057,4,0
4459,10117,1058,5,0
4458,10117,1059,6,0
6005,10117,1064,7,0
6003,10117,1065,8,0
6001,10117,1066,9,0
6000,10117,1068,10,1
1497,10118,1175,1,0
1518,10118,1178,2,0
1521,10118,1180,3,0
4457,10118,1192,4,0
4459,10118,1193,5,0
4458,10118,1194,6,0
6005,10118,1198,7,0
6003,10118,1199,8,0
6001,10118,1200,9,0
6000,10118,1201,10,1
1497,10119,1175,1,0
1518,10119,1178,2,0
1521,10119,1180,3,0
4457,10119,1192,4,0
4459,10119,1193,5,0
4458,10119,1194,6,0
6005,10119,1198,7,0
6003,10119,1199,8,0
6001,10119,1200,9,0
6000,10119,1201,10,1
1497,10110,965,1,0
1518,10110,968,2,0
1521,10110,970,3,0
4457,10110,982,4,0
4459,10110,983,5,0
4458,10110,984,6,0
6005,10110,988,7,0
6003,10110,989,8,0
6001,10110,990,9,0
6000,10110,992,10,1
1497,10111,965,1,0
1518,10111,968,2,0
1521,10111,970,3,0
4457,10111,982,4,0
4459,10111,983,5,0
4458,10111,984,6,0
6005,10111,988,7,0
6003,10111,989,8,0
6001,10111,990,9,0
6000,10111,992,10,1
1497,10112,965,1,0
1518,10112,968,2,0
1521,10112,970,3,0
4457,10112,982,4,0
4459,10112,983,5,0
4458,10112,984,6,0
6005,10112,988,7,0
6003,10112,989,8,0
6001,10112,990,9,0
6000,10112,992,10,1
1497,10113,965,1,0
1518,10113,968,2,0
1521,10113,970,3,0
4457,10113,982,4,0
4459,10113,983,5,0
4458,10113,984,6,0
6005,10113,988,7,0
6003,10113,989,8,0
6001,10113,990,9,0
6000,10113,992,10,1
1497,10114,1040,1,0
1518,10114,1043,2,0
1521,10114,1045,3,0
4457,10114,1057,4,0
4459,10114,1058,5,0
4458,10114,1059,6,0
6005,10114,1064,7,0
6003,10114,1065,8,0
6001,10114,1066,9,0
6000,10114,1068,10,1
1497,10115,1040,1,0
1518,10115,1043,2,0
1521,10115,1045,3,0
4457,10115,1057,4,0
4459,10115,1058,5,0
4458,10115,1059,6,0
6005,10115,1064,7,0
6003,10115,1065,8,0
6001,10115,1066,9,0
6000,10115,1068,10,1
1497,10116,1040,1,0
1518,10116,1043,2,0
1521,10116,1045,3,0
4457,10116,1057,4,0
4459,10116,1058,5,0
4458,10116,1059,6,0
6005,10116,1064,7,0
6003,10116,1065,8,0
6001,10116,1066,9,0
6000,10116,1068,10,1
1497,10128,1000,1,0
1518,10128,1003,2,0
1521,10128,1005,3,0
4457,10128,1017,4,0
4459,10128,1018,5,0
4458,10128,1019,6,0
6005,10128,1023,7,0
6003,10128,1024,8,0
6001,10128,1025,9,0
6000,10128,1027,10,1
1497,10129,1000,1,0
1518,10129,1003,2,0
1521,10129,1005,3,0
4457,10129,1017,4,0
4459,10129,1018,5,0
4458,10129,1019,6,0
6005,10129,1023,7,0
6003,10129,1024,8,0
6001,10129,1025,9,0
6000,10129,1027,10,1
1497,10122,1110,1,0
1518,10122,1113,2,0
1521,10122,1115,3,0
4457,10122,1127,4,0
4459,10122,1128,5,0
4458,10122,1129,6,0
6005,10122,1134,7,0
6003,10122,1135,8,0
6001,10122,1136,9,0
6000,10122,1138,10,1
1497,10123,1110,1,0
1518,10123,1113,2,0
1521,10123,1115,3,0
4457,10123,1127,4,0
4459,10123,1128,5,0
4458,10123,1129,6,0
6005,10123,1134,7,0
6003,10123,1135,8,0
6001,10123,1136,9,0
6000,10123,1138,10,1
1497,10120,1175,1,0
1518,10120,1178,2,0
1521,10120,1180,3,0
4457,10120,1192,4,0
4459,10120,1193,5,0
4458,10120,1194,6,0
6005,10120,1198,7,0
6003,10120,1199,8,0
6001,10120,1200,9,0
6000,10120,1201,10,1
1497,10121,1175,1,0
1518,10121,1178,2,0
1521,10121,1180,3,0
4457,10121,1192,4,0
4459,10121,1193,5,0
4458,10121,1194,6,0
6005,10121,1198,7,0
6003,10121,1199,8,0
6001,10121,1200,9,0
6000,10121,1201,10,1
1497,10126,1000,1,0
1518,10126,1003,2,0
1521,10126,1005,3,0
4457,10126,1017,4,0
4459,10126,1018,5,0
4458,10126,1019,6,0
6005,10126,1023,7,0
6003,10126,1024,8,0
6001,10126,1025,9,0
6000,10126,1027,10,1
1497,10127,1000,1,0
1518,10127,1003,2,0
1521,10127,1005,3,0
4457,10127,1017,4,0
4459,10127,1018,5,0
4458,10127,1019,6,0
6005,10127,1023,7,0
6003,10127,1024,8,0
6001,10127,1025,9,0
6000,10127,1027,10,1
1497,10124,1110,1,0
1518,10124,1113,2,0
1521,10124,1115,3,0
4457,10124,1127,4,0
4459,10124,1128,5,0
4458,10124,1129,6,0
6005,10124,1134,7,0
6003,10124,1135,8,0
6001,10124,1136,9,0
6000,10124,1138,10,1
1497,10125,1110,1,0
1518,10125,1113,2,0
1521,10125,1115,3,0
4457,10125,1127,4,0
4459,10125,1128,5,0
4458,10125,1129,6,0
6005,10125,1134,7,0
6003,10125,1135,8,0
6001,10125,1136,9,0
6000,10125,1138,10,1
1497,10105,865,1,0
1518,10105,868,2,0
1521,10105,870,3,0
4457,10105,882,4,0
4459,10105,883,5,0
4458,10105,884,6,0
6005,10105,888,7,0
6003,10105,889,8,0
6001,10105,890,9,0
6000,10105,892,10,1
1497,10104,865,1,0
1518,10104,868,2,0
1521,10104,870,3,0
4457,10104,882,4,0
4459,10104,883,5,0
4458,10104,884,6,0
6005,10104,888,7,0
6003,10104,889,8,0
6001,10104,890,9,0
6000,10104,892,10,1
1497,10103,865,1,0
1518,10103,868,2,0
1521,10103,870,3,0
4457,10103,882,4,0
4459,10103,883,5,0
4458,10103,884,6,0
6005,10103,888,7,0
6003,10103,889,8,0
6001,10103,890,9,0
6000,10103,892,10,1
1497,10102,865,1,0
1518,10102,868,2,0
1521,10102,870,3,0
4457,10102,882,4,0
4459,10102,883,5,0
4458,10102,884,6,0
6005,10102,888,7,0
6003,10102,889,8,0
6001,10102,890,9,0
6000,10102,892,10,1
1497,10101,800,1,0
1518,10101,803,2,0
1521,10101,805,3,0
4457,10101,817,4,0
4459,10101,818,5,0
4458,10101,819,6,0
6005,10101,823,7,0
6003,10101,824,8,0
6001,10101,825,9,0
6000,10101,827,10,1
1497,10100,800,1,0
1518,10100,803,2,0
1521,10100,805,3,0
4457,10100,817,4,0
4459,10100,818,5,0
4458,10100,819,6,0
6005,10100,823,7,0
6003,10100,824,8,0
6001,10100,825,9,0
6000,10100,827,10,1
1497,10109,932,1,0
1518,10109,935,2,0
1521,10109,937,3,0
4457,10109,949,4,0
4459,10109,950,5,0
4458,10109,951,6,0
6005,10109,955,7,0
6003,10109,956,8,0
6001,10109,957,9,0
6000,10109,959,10,1
1497,10108,932,1,0
1518,10108,935,2,0
1521,10108,937,3,0
4457,10108,949,4,0
4459,10108,950,5,0
4458,10108,951,6,0
6005,10108,955,7,0
6003,10108,956,8,0
6001,10108,957,9,0
6000,10108,959,10,1
1497,10107,932,1,0
1518,10107,935,2,0
1521,10107,937,3,0
4457,10107,949,4,0
4459,10107,950,5,0
4458,10107,951,6,0
6005,10107,955,7,0
6003,10107,956,8,0
6001,10107,957,9,0
6000,10107,959,10,1
1497,10106,932,1,0
1518,10106,935,2,0
1521,10106,937,3,0
4457,10106,949,4,0
4459,10106,950,5,0
4458,10106,951,6,0
6005,10106,955,7,0
6003,10106,956,8,0
6001,10106,957,9,0
6000,10106,959,10,1
6000,10014,400,1,0
6002,10014,401,2,0
6004,10014,403,3,0
6006,10014,404,4,0
4452,10014,409,5,0
4460,10014,410,6,0
4453,10014,411,7,0
1517,10014,423,8,0
1520,10014,425,9,0
1497,10014,427,10,1
6000,10015,400,1,0
6002,10015,401,2,0
6004,10015,403,3,0
6006,10015,404,4,0
4452,10015,409,5,0
4460,10015,410,6,0
4453,10015,411,7,0
1517,10015,423,8,0
1520,10015,425,9,0
1497,10015,427,10,1
6000,10016,400,1,0
6002,10016,401,2,0
6004,10016,403,3,0
6006,10016,404,4,0
4452,10016,409,5,0
4460,10016,410,6,0
4453,10016,411,7,0
1517,10016,423,8,0
1520,10016,425,9,0
1497,10016,427,10,1
6000,10017,400,1,0
6002,10017,401,2,0
6004,10017,403,3,0
6006,10017,404,4,0
4452,10017,409,5,0
4460,10017,410,6,0
4453,10017,411,7,0
1517,10017,423,8,0
1520,10017,425,9,0
1497,10017,427,10,1
6000,10018,420,1,0
6002,10018,421,2,0
6004,10018,423,3,0
6006,10018,424,4,0
4452,10018,429,5,0
4460,10018,430,6,0
4453,10018,431,7,0
1517,10018,443,8,0
1520,10018,445,9,0
1497,10018,448,10,1
6000,10019,420,1,0
6002,10019,421,2,0
6004,10019,423,3,0
6006,10019,424,4,0
4452,10019,429,5,0
4460,10019,430,6,0
4453,10019,431,7,0
1517,10019,443,8,0
1520,10019,445,9,0
1497,10019,448,10,1
6000,10020,420,1,0
6002,10020,421,2,0
6004,10020,423,3,0
6006,10020,424,4,0
4452,10020,429,5,0
4460,10020,430,6,0
4453,10020,431,7,0
1517,10020,443,8,0
1520,10020,445,9,0
1497,10020,448,10,1
6000,10027,470,1,0
6002,10027,471,2,0
6004,10027,473,3,0
6006,10027,474,4,0
4452,10027,479,5,0
4460,10027,480,6,0
4453,10027,481,7,0
1517,10027,493,8,0
1520,10027,495,9,0
1497,10027,498,10,1
6000,10028,470,1,0
6002,10028,471,2,0
6004,10028,473,3,0
6006,10028,474,4,0
4452,10028,479,5,0
4460,10028,480,6,0
4453,10028,481,7,0
1517,10028,493,8,0
1520,10028,495,9,0
1497,10028,498,10,1
6000,10025,430,1,0
6002,10025,431,2,0
6004,10025,433,3,0
6006,10025,434,4,0
4452,10025,439,5,0
4460,10025,440,6,0
4453,10025,441,7,0
1517,10025,453,8,0
1520,10025,455,9,0
1497,10025,458,10,1
6000,10026,470,1,0
6002,10026,471,2,0
6004,10026,473,3,0
6006,10026,474,4,0
4452,10026,479,5,0
4460,10026,480,6,0
4453,10026,481,7,0
1517,10026,493,8,0
1520,10026,495,9,0
1497,10026,498,10,1
6000,10023,430,1,0
6002,10023,431,2,0
6004,10023,433,3,0
6006,10023,434,4,0
4452,10023,439,5,0
4460,10023,440,6,0
4453,10023,441,7,0
1517,10023,453,8,0
1520,10023,455,9,0
1497,10023,458,10,1
6000,10024,430,1,0
6002,10024,431,2,0
6004,10024,433,3,0
6006,10024,434,4,0
4452,10024,439,5,0
4460,10024,440,6,0
4453,10024,441,7,0
1517,10024,453,8,0
1520,10024,455,9,0
1497,10024,458,10,1
6000,10021,420,1,0
6002,10021,421,2,0
6004,10021,423,3,0
6006,10021,424,4,0
4452,10021,429,5,0
4460,10021,430,6,0
4453,10021,431,7,0
1517,10021,443,8,0
1520,10021,445,9,0
1497,10021,448,10,1
6000,10022,430,1,0
6002,10022,431,2,0
6004,10022,433,3,0
6006,10022,434,4,0
4452,10022,439,5,0
4460,10022,440,6,0
4453,10022,441,7,0
1517,10022,453,8,0
1520,10022,455,9,0
1497,10022,458,10,1
6000,10029,470,1,0
6002,10029,471,2,0
6004,10029,473,3,0
6006,10029,474,4,0
4452,10029,479,5,0
4460,10029,480,6,0
4453,10029,481,7,0
1517,10029,493,8,0
1520,10029,495,9,0
1497,10029,498,10,1
6000,9304,505,1,0
6002,9304,506,2,0
6004,9304,508,3,0
6006,9304,509,4,0
4452,9304,514,5,0
4460,9304,515,6,0
4453,9304,516,7,0
1517,9304,529,8,0
1520,9304,531,9,0
1497,9304,533,10,1
6000,9305,570,1,0
6002,9305,571,2,0
6004,9305,573,3,0
6006,9305,574,4,0
4452,9305,579,5,0
4460,9305,580,6,0
4453,9305,581,7,0
1517,9305,594,8,0
1520,9305,596,9,0
1497,9305,598,10,1
6000,9302,435,1,0
6002,9302,436,2,0
6004,9302,438,3,0
6006,9302,439,4,0
4452,9302,444,5,0
4460,9302,445,6,0
4453,9302,446,7,0
1517,9302,459,8,0
1520,9302,461,9,0
1497,9302,463,10,1
6000,9303,505,1,0
6002,9303,506,2,0
6004,9303,508,3,0
6006,9303,509,4,0
4452,9303,514,5,0
4460,9303,515,6,0
4453,9303,516,7,0
1517,9303,529,8,0
1520,9303,531,9,0
1497,9303,533,10,1
6000,9301,435,1,0
6002,9301,436,2,0
6004,9301,438,3,0
6006,9301,439,4,0
4452,9301,444,5,0
4460,9301,445,6,0
4453,9301,446,7,0
1517,9301,459,8,0
1520,9301,461,9,0
1497,9301,463,10,1
1497,9307,470,1,0
1518,9307,472,2,0
1521,9307,473,3,0
4457,9307,486,4,0
4459,9307,487,5,0
4458,9307,488,6,0
6005,9307,493,7,0
6003,9307,494,8,0
6001,9307,495,9,0
6000,9307,497,10,1
6000,9306,570,1,0
6002,9306,571,2,0
6004,9306,573,3,0
6006,9306,574,4,0
4452,9306,579,5,0
4460,9306,580,6,0
4453,9306,581,7,0
1517,9306,594,8,0
1520,9306,596,9,0
1497,9306,598,10,1
1497,9309,540,1,0
1518,9309,542,2,0
1521,9309,543,3,0
4457,9309,556,4,0
4459,9309,557,5,0
4458,9309,558,6,0
6005,9309,563,7,0
6003,9309,564,8,0
6001,9309,565,9,0
6000,9309,567,10,1
1497,9308,470,1,0
1518,9308,472,2,0
1521,9308,473,3,0
4457,9308,486,4,0
4459,9308,487,5,0
4458,9308,488,6,0
6005,9308,493,7,0
6003,9308,494,8,0
6001,9308,495,9,0
6000,9308,497,10,1
6000,9313,830,1,0
6002,9313,831,2,0
6004,9313,833,3,0
6006,9313,834,4,0
4452,9313,839,5,0
4460,9313,840,6,0
4453,9313,841,7,0
1517,9313,854,8,0
1520,9313,856,9,0
1497,9313,858,10,1
6000,9314,830,1,0
6002,9314,831,2,0
6004,9314,833,3,0
6006,9314,834,4,0
4452,9314,839,5,0
4460,9314,840,6,0
4453,9314,841,7,0
1517,9314,854,8,0
1520,9314,856,9,0
1497,9314,858,10,1
1497,9315,1210,1,0
1518,9315,1212,2,0
1521,9315,1213,3,0
4457,9315,1226,4,0
4459,9315,1227,5,0
4458,9315,1228,6,0
6005,9315,1233,7,0
6003,9315,1234,8,0
6001,9315,1235,9,0
6000,9315,1237,10,1
1497,9316,1210,1,0
1518,9316,1212,2,0
1521,9316,1213,3,0
4457,9316,1226,4,0
4459,9316,1227,5,0
4458,9316,1228,6,0
6005,9316,1233,7,0
6003,9316,1234,8,0
6001,9316,1235,9,0
6000,9316,1237,10,1
1497,9310,540,1,0
1518,9310,542,2,0
1521,9310,543,3,0
4457,9310,556,4,0
4459,9310,557,5,0
4458,9310,558,6,0
6005,9310,563,7,0
6003,9310,564,8,0
6001,9310,565,9,0
6000,9310,567,10,1
6000,9311,765,1,0
6002,9311,766,2,0
6004,9311,768,3,0
6006,9311,769,4,0
4452,9311,774,5,0
4460,9311,775,6,0
4453,9311,776,7,0
1517,9311,789,8,0
1520,9311,791,9,0
1497,9311,793,10,1
6000,9312,765,1,0
6002,9312,766,2,0
6004,9312,768,3,0
6006,9312,769,4,0
4452,9312,774,5,0
4460,9312,775,6,0
4453,9312,776,7,0
1517,9312,789,8,0
1520,9312,791,9,0
1497,9312,793,10,1
1497,9319,1000,1,0
1518,9319,1002,2,0
1521,9319,1003,3,0
4457,9319,1016,4,0
4459,9319,1017,5,0
4458,9319,1018,6,0
6005,9319,1023,7,0
6003,9319,1024,8,0
6001,9319,1025,9,0
6000,9319,1027,10,1
1497,9318,800,1,0
1518,9318,802,2,0
1521,9318,803,3,0
4457,9318,816,4,0
4459,9318,817,5,0
4458,9318,818,6,0
6005,9318,823,7,0
6003,9318,824,8,0
6001,9318,825,9,0
6000,9318,827,10,1
1497,9317,800,1,0
1518,9317,802,2,0
1521,9317,803,3,0
4457,9317,816,4,0
4459,9317,817,5,0
4458,9317,818,6,0
6005,9317,823,7,0
6003,9317,824,8,0
6001,9317,825,9,0
6000,9317,827,10,1
6000,9322,1035,1,0
6002,9322,1036,2,0
6004,9322,1038,3,0
6006,9322,1039,4,0
4452,9322,1044,5,0
4460,9322,1045,6,0
4453,9322,1046,7,0
1517,9322,1059,8,0
1520,9322,1061,9,0
1497,9322,1063,10,1
1497,9323,1070,1,0
1518,9323,1072,2,0
1521,9323,1073,3,0
4457,9323,1086,4,0
4459,9323,1087,5,0
4458,9323,1088,6,0
6005,9323,1093,7,0
6003,9323,1094,8,0
6001,9323,1095,9,0
6000,9323,1097,10,1
1497,9320,1000,1,0
1518,9320,1002,2,0
1521,9320,1003,3,0
4457,9320,1016,4,0
4459,9320,1017,5,0
4458,9320,1018,6,0
6005,9320,1023,7,0
6003,9320,1024,8,0
6001,9320,1025,9,0
6000,9320,1027,10,1
6000,9321,1035,1,0
6002,9321,1036,2,0
6004,9321,1038,3,0
6006,9321,1039,4,0
4452,9321,1044,5,0
4460,9321,1045,6,0
4453,9321,1046,7,0
1517,9321,1059,8,0
1520,9321,1061,9,0
1497,9321,1063,10,1
6000,9326,1105,1,0
6002,9326,1106,2,0
6004,9326,1108,3,0
6006,9326,1109,4,0
4452,9326,1114,5,0
4460,9326,1115,6,0
4453,9326,1116,7,0
1517,9326,1129,8,0
1520,9326,1131,9,0
1497,9326,1133,10,1
1497,9327,1140,1,0
1518,9327,1142,2,0
1521,9327,1143,3,0
4457,9327,1156,4,0
4459,9327,1157,5,0
4458,9327,1158,6,0
6005,9327,1163,7,0
6003,9327,1164,8,0
6001,9327,1165,9,0
6000,9327,1167,10,1
1497,9324,1070,1,0
1518,9324,1072,2,0
1521,9324,1073,3,0
4457,9324,1086,4,0
4459,9324,1087,5,0
4458,9324,1088,6,0
6005,9324,1093,7,0
6003,9324,1094,8,0
6001,9324,1095,9,0
6000,9324,1097,10,1
6000,9325,1105,1,0
6002,9325,1106,2,0
6004,9325,1108,3,0
6006,9325,1109,4,0
4452,9325,1114,5,0
4460,9325,1115,6,0
4453,9325,1116,7,0
1517,9325,1129,8,0
1520,9325,1131,9,0
1497,9325,1133,10,1
6000,9329,1175,1,0
6002,9329,1176,2,0
6004,9329,1178,3,0
6006,9329,1179,4,0
4452,9329,1184,5,0
4460,9329,1185,6,0
4453,9329,1186,7,0
1517,9329,1199,8,0
1520,9329,1201,9,0
1497,9329,1203,10,1
1497,9328,1140,1,0
1518,9328,1142,2,0
1521,9328,1143,3,0
4457,9328,1156,4,0
4459,9328,1157,5,0
4458,9328,1158,6,0
6005,9328,1163,7,0
6003,9328,1164,8,0
6001,9328,1165,9,0
6000,9328,1167,10,1
6000,9330,1175,1,0
6002,9330,1176,2,0
6004,9330,1178,3,0
6006,9330,1179,4,0
4452,9330,1184,5,0
4460,9330,1185,6,0
4453,9330,1186,7,0
1517,9330,1199,8,0
1520,9330,1201,9,0
1497,9330,1203,10,1
1497,9331,730,1,0
1518,9331,732,2,0
1521,9331,733,3,0
4457,9331,746,4,0
4459,9331,747,5,0
4458,9331,748,6,0
6005,9331,753,7,0
6003,9331,754,8,0
6001,9331,755,9,0
6000,9331,757,10,1
1497,9332,730,1,0
1518,9332,732,2,0
1521,9332,733,3,0
4457,9332,746,4,0
4459,9332,747,5,0
4458,9332,748,6,0
6005,9332,753,7,0
6003,9332,754,8,0
6001,9332,755,9,0
6000,9332,757,10,1
6000,9333,1240,1,0
6002,9333,1241,2,0
6004,9333,1243,3,0
6006,9333,1244,4,0
4452,9333,1249,5,0
4460,9333,1250,6,0
4453,9333,1251,7,0
1517,9333,1264,8,0
1520,9333,1266,9,0
1497,9333,1268,10,1
6000,9334,1240,1,0
6002,9334,1241,2,0
6004,9334,1243,3,0
6006,9334,1244,4,0
4452,9334,1249,5,0
4460,9334,1250,6,0
4453,9334,1251,7,0
1517,9334,1264,8,0
1520,9334,1266,9,0
1497,9334,1268,10,1
1497,9335,405,1,0
1518,9335,407,2,0
1521,9335,408,3,0
4457,9335,421,4,0
4459,9335,422,5,0
4458,9335,423,6,0
6005,9335,428,7,0
6003,9335,429,8,0
6001,9335,430,9,0
6000,9335,432,10,1
1497,9336,405,1,0
1518,9336,407,2,0
1521,9336,408,3,0
4457,9336,421,4,0
4459,9336,422,5,0
4458,9336,423,6,0
6005,9336,428,7,0
6003,9336,429,8,0
6001,9336,430,9,0
6000,9336,432,10,1
1497,10152,735,1,0
1518,10152,738,2,0
1521,10152,740,3,0
4457,10152,752,4,0
4459,10152,753,5,0
4458,10152,754,6,0
6005,10152,758,7,0
6003,10152,759,8,0
6001,10152,760,9,0
6000,10152,762,10,1
1497,10151,735,1,0
1518,10151,738,2,0
1521,10151,740,3,0
4457,10151,752,4,0
4459,10151,753,5,0
4458,10151,754,6,0
6005,10151,758,7,0
6003,10151,759,8,0
6001,10151,760,9,0
6000,10151,762,10,1
1497,10150,735,1,0
1518,10150,738,2,0
1521,10150,740,3,0
4457,10150,752,4,0
4459,10150,753,5,0
4458,10150,754,6,0
6005,10150,758,7,0
6003,10150,759,8,0
6001,10150,760,9,0
6000,10150,762,10,1
1497,10159,1240,1,0
1518,10159,1243,2,0
1521,10159,1245,3,0
4457,10159,1257,4,0
4459,10159,1258,5,0
4458,10159,1259,6,0
6005,10159,1263,7,0
6003,10159,1264,8,0
6001,10159,1265,9,0
6000,10159,1266,10,1
6000,10157,1240,1,0
6002,10157,1241,2,0
6004,10157,1243,3,0
6006,10157,1244,4,0
4452,10157,1249,5,0
4460,10157,1250,6,0
4453,10157,1250,7,0
1517,10157,1262,8,0
1520,10157,1264,9,0
1497,10157,1266,10,1
1497,10158,1240,1,0
1518,10158,1243,2,0
1521,10158,1245,3,0
4457,10158,1257,4,0
4459,10158,1258,5,0
4458,10158,1259,6,0
6005,10158,1263,7,0
6003,10158,1264,8,0
6001,10158,1265,9,0
6000,10158,1266,10,1
6000,10155,1240,1,0
6002,10155,1241,2,0
6004,10155,1243,3,0
6006,10155,1244,4,0
4452,10155,1249,5,0
4460,10155,1250,6,0
4453,10155,1250,7,0
1517,10155,1262,8,0
1520,10155,1264,9,0
1497,10155,1266,10,1
6000,10156,1240,1,0
6002,10156,1241,2,0
6004,10156,1243,3,0
6006,10156,1244,4,0
4452,10156,1249,5,0
4460,10156,1250,6,0
4453,10156,1250,7,0
1517,10156,1262,8,0
1520,10156,1264,9,0
1497,10156,1266,10,1
1497,10153,735,1,0
1518,10153,738,2,0
1521,10153,740,3,0
4457,10153,752,4,0
4459,10153,753,5,0
4458,10153,754,6,0
6005,10153,758,7,0
6003,10153,759,8,0
6001,10153,760,9,0
6000,10153,762,10,1
6000,10154,1240,1,0
6002,10154,1241,2,0
6004,10154,1243,3,0
6006,10154,1244,4,0
4452,10154,1249,5,0
4460,10154,1250,6,0
4453,10154,1250,7,0
1517,10154,1262,8,0
1520,10154,1264,9,0
1497,10154,1266,10,1
1497,10161,1240,1,0
1518,10161,1243,2,0
1521,10161,1245,3,0
4457,10161,1257,4,0
4459,10161,1258,5,0
4458,10161,1259,6,0
6005,10161,1263,7,0
6003,10161,1264,8,0
6001,10161,1265,9,0
6000,10161,1266,10,1
1497,10160,1240,1,0
1518,10160,1243,2,0
1521,10160,1245,3,0
4457,10160,1257,4,0
4459,10160,1258,5,0
4458,10160,1259,6,0
6005,10160,1263,7,0
6003,10160,1264,8,0
6001,10160,1265,9,0
6000,10160,1266,10,1
