arret_id,trajet_id,heure_depart,stop_sequence,terminus
repwb,31,1720,1,0
plbreta2,31,1721,2,0
ptbreta2,31,1722,3,0
mail2,31,1723,4,0
chqpost2,31,1723,5,0
lguillg2,31,1725,6,0
marbeuf2,31,1726,7,0
lasalle2,31,1727,8,0
berger2,31,1728,9,0
moulin2,31,1729,10,0
villuni2,31,1730,11,0
boislab2,31,1732,12,0
kenguye1,31,1737,13,1
repwb,69,1625,1,0
plbreta2,69,1626,2,0
ptbreta2,69,1627,3,0
mail2,69,1628,4,0
chqpost2,69,1629,5,0
lguillg2,69,1631,6,0
marbeuf2,69,1631,7,0
lasalle2,69,1633,8,0
berger2,69,1634,9,0
moulin2,69,1635,10,0
villuni2,69,1637,11,0
boislab2,69,1638,12,0
kenguye1,69,1644,13,1
kenguye1,3281,1500,1,0
bourdon1,3281,1501,2,0
gouges1,3281,1505,3,0
boislab1,3281,1506,4,0
villuni1,3281,1507,5,0
moulin1,3281,1508,6,0
berger1,3281,1510,7,0
lasalle1,3281,1512,8,0
marbeuf1,3281,1513,9,0
lguillg1,3281,1514,10,0
chqpost1,3281,1515,11,0
mail1,3281,1517,12,0
ptbreta1,3281,1517,13,0
plbreta1,3281,1518,14,0
repea,3281,1519,15,1
repwb,2136,1505,1,0
plbreta2,2136,1506,2,0
ptbreta2,2136,1507,3,0
mail2,2136,1508,4,0
chqpost2,2136,1509,5,0
lguillg2,2136,1511,6,0
marbeuf2,2136,1511,7,0
lasalle2,2136,1513,8,0
berger2,2136,1514,9,0
moulin2,2136,1515,10,0
villuni2,2136,1517,11,0
boislab2,2136,1518,12,0
kenguye1,2136,1524,13,1
repwb,3206,1565,1,0
plbreta2,3206,1566,2,0
ptbreta2,3206,1567,3,0
mail2,3206,1568,4,0
chqpost2,3206,1569,5,0
lguillg2,3206,1571,6,0
marbeuf2,3206,1571,7,0
lasalle2,3206,1573,8,0
berger2,3206,1574,9,0
moulin2,3206,1575,10,0
villuni2,3206,1577,11,0
boislab2,3206,1578,12,0
kenguye1,3206,1584,13,1
kenguye1,3214,1740,1,0
bourdon1,3214,1741,2,0
gouges1,3214,1744,3,0
boislab1,3214,1745,4,0
villuni1,3214,1747,5,0
moulin1,3214,1748,6,0
berger1,3214,1749,7,0
lasalle1,3214,1750,8,0
marbeuf1,3214,1752,9,0
lguillg1,3214,1753,10,0
chqpost1,3214,1754,11,0
mail1,3214,1755,12,0
ptbreta1,3214,1755,13,0
plbreta1,3214,1756,14,0
repea,3214,1757,15,1
repea,3352,1735,1,0
ptpastm2,3352,1736,2,0
bert2,3352,1737,3,0
ptchadu2,3352,1737,4,0
robidou2,3352,1738,5,0
ptstras2,3352,1739,6,0
plbaud2,3352,1741,7,0
tourneb2,3352,1743,8,0
beauec2,3352,1744,9,0
insa2,3352,1745,10,0
restuni2,3352,1746,11,0
iutguil2,3352,1747,12,0
closco,3352,1748,13,1
closco,2006,1840,1,0
iutguil1,2006,1841,2,0
restuni1,2006,1843,3,0
insa1,2006,1844,4,0
beauec1,2006,1844,5,0
tourneb1,2006,1845,6,0
plbaud1,2006,1847,7,0
ptstras1,2006,1849,8,0
robidou1,2006,1850,9,0
ptchadu1,2006,1851,10,0
bert1,2006,1852,11,0
ptpastm1,2006,1852,12,0
repwb,2006,1853,13,1
closco,2075,1810,1,0
iutguil1,2075,1811,2,0
restuni1,2075,1813,3,0
insa1,2075,1814,4,0
beauec1,2075,1814,5,0
tourneb1,2075,1815,6,0
plbaud1,2075,1817,7,0
ptstras1,2075,1819,8,0
robidou1,2075,1820,9,0
ptchadu1,2075,1821,10,0
bert1,2075,1822,11,0
ptpastm1,2075,1822,12,0
repwb,2075,1823,13,1
kenguye1,123,1800,1,0
bourdon1,123,1801,2,0
gouges1,123,1804,3,0
boislab1,123,1805,4,0
villuni1,123,1807,5,0
moulin1,123,1808,6,0
berger1,123,1809,7,0
lasalle1,123,1810,8,0
marbeuf1,123,1812,9,0
lguillg1,123,1813,10,0
chqpost1,123,1814,11,0
mail1,123,1815,12,0
ptbreta1,123,1815,13,0
plbreta1,123,1816,14,0
repea,123,1817,15,1
repea,3763,1550,1,0
ptpastm2,3763,1551,2,0
bert2,3763,1552,3,0
ptchadu2,3763,1553,4,0
robidou2,3763,1554,5,0
ptstras2,3763,1554,6,0
plbaud2,3763,1557,7,0
tourneb2,3763,1559,8,0
beauec2,3763,1561,9,0
insa2,3763,1561,10,0
restuni2,3763,1562,11,0
iutguil2,3763,1564,12,0
closco,3763,1565,13,1
repea,3805,1890,1,0
ptpastm2,3805,1891,2,0
bert2,3805,1892,3,0
ptchadu2,3805,1892,4,0
robidou2,3805,1893,5,0
ptstras2,3805,1894,6,0
plbaud2,3805,1896,7,0
tourneb2,3805,1898,8,0
beauec2,3805,1899,9,0
insa2,3805,1900,10,0
restuni2,3805,1901,11,0
iutguil2,3805,1902,12,0
closco,3805,1903,13,1
closco,109,1540,1,0
iutguil1,109,1541,2,0
restuni1,109,1543,3,0
insa1,109,1544,4,0
beauec1,109,1545,5,0
tourneb1,109,1546,6,0
plbaud1,109,1548,7,0
ptstras1,109,1550,8,0
robidou1,109,1551,9,0
ptchadu1,109,1552,10,0
bert1,109,1553,11,0
ptpastm1,109,1554,12,0
repwb,109,1555,13,1
closco,4970,1655,1,0
iutguil1,4970,1656,2,0
restuni1,4970,1658,3,0
insa1,4970,1659,4,0
beauec1,4970,1660,5,0
tourneb1,4970,1661,6,0
plbaud1,4970,1663,7,0
ptstras1,4970,1665,8,0
robidou1,4970,1666,9,0
ptchadu1,4970,1667,10,0
bert1,4970,1668,11,0
ptpastm1,4970,1669,12,0
repwb,4970,1670,13,1
closco,4983,1875,1,0
iutguil1,4983,1876,2,0
restuni1,4983,1878,3,0
insa1,4983,1879,4,0
beauec1,4983,1879,5,0
tourneb1,4983,1880,6,0
plbaud1,4983,1882,7,0
ptstras1,4983,1884,8,0
robidou1,4983,1885,9,0
ptchadu1,4983,1886,10,0
bert1,4983,1887,11,0
ptpastm1,4983,1887,12,0
repwb,4983,1888,13,1
repwb,3969,1660,1,0
plbreta2,3969,1661,2,0
ptbreta2,3969,1662,3,0
mail2,3969,1663,4,0
chqpost2,3969,1664,5,0
lguillg2,3969,1666,6,0
marbeuf2,3969,1666,7,0
lasalle2,3969,1668,8,0
berger2,3969,1669,9,0
moulin2,3969,1670,10,0
villuni2,3969,1672,11,0
boislab2,3969,1673,12,0
kenguye1,3969,1679,13,1
kenguye1,3107,1525,1,0
bourdon1,3107,1526,2,0
gouges1,3107,1530,3,0
boislab1,3107,1531,4,0
villuni1,3107,1532,5,0
moulin1,3107,1533,6,0
berger1,3107,1535,7,0
lasalle1,3107,1537,8,0
marbeuf1,3107,1538,9,0
lguillg1,3107,1539,10,0
chqpost1,3107,1540,11,0
mail1,3107,1542,12,0
ptbreta1,3107,1542,13,0
plbreta1,3107,1543,14,0
repea,3107,1544,15,1
closco,1840,1625,1,0
iutguil1,1840,1626,2,0
restuni1,1840,1628,3,0
insa1,1840,1629,4,0
beauec1,1840,1630,5,0
tourneb1,1840,1631,6,0
plbaud1,1840,1633,7,0
ptstras1,1840,1635,8,0
robidou1,1840,1636,9,0
ptchadu1,1840,1637,10,0
bert1,1840,1638,11,0
ptpastm1,1840,1639,12,0
repwb,1840,1640,13,1
repwb,2989,1595,1,0
plbreta2,2989,1596,2,0
ptbreta2,2989,1597,3,0
mail2,2989,1598,4,0
chqpost2,2989,1599,5,0
lguillg2,2989,1601,6,0
marbeuf2,2989,1601,7,0
lasalle2,2989,1603,8,0
berger2,2989,1604,9,0
moulin2,2989,1605,10,0
villuni2,2989,1607,11,0
boislab2,2989,1608,12,0
kenguye1,2989,1614,13,1
kenguye1,4607,1680,1,0
bourdon1,4607,1681,2,0
gouges1,4607,1684,3,0
boislab1,4607,1685,4,0
villuni1,4607,1687,5,0
moulin1,4607,1688,6,0
berger1,4607,1689,7,0
lasalle1,4607,1690,8,0
marbeuf1,4607,1692,9,0
lguillg1,4607,1693,10,0
chqpost1,4607,1694,11,0
mail1,4607,1695,12,0
ptbreta1,4607,1695,13,0
plbreta1,4607,1696,14,0
repea,4607,1697,15,1
closco,4671,1510,1,0
iutguil1,4671,1511,2,0
restuni1,4671,1513,3,0
insa1,4671,1514,4,0
beauec1,4671,1515,5,0
tourneb1,4671,1516,6,0
plbaud1,4671,1518,7,0
ptstras1,4671,1520,8,0
robidou1,4671,1521,9,0
ptchadu1,4671,1522,10,0
bert1,4671,1523,11,0
ptpastm1,4671,1524,12,0
repwb,4671,1525,13,1
kenguye1,6782,1770,1,0
bourdon1,6782,1771,2,0
gouges1,6782,1774,3,0
boislab1,6782,1775,4,0
villuni1,6782,1777,5,0
moulin1,6782,1778,6,0
berger1,6782,1779,7,0
lasalle1,6782,1780,8,0
marbeuf1,6782,1782,9,0
lguillg1,6782,1783,10,0
chqpost1,6782,1784,11,0
mail1,6782,1785,12,0
ptbreta1,6782,1785,13,0
plbreta1,6782,1786,14,0
repea,6782,1787,15,1
repea,411,1495,1,0
ptpastm2,411,1496,2,0
bert2,411,1497,3,0
ptchadu2,411,1498,4,0
robidou2,411,1499,5,0
ptstras2,411,1499,6,0
plbaud2,411,1502,7,0
tourneb2,411,1504,8,0
beauec2,411,1506,9,0
insa2,411,1506,10,0
restuni2,411,1507,11,0
iutguil2,411,1509,12,0
closco,411,1510,13,1
repea,452,1795,1,0
ptpastm2,452,1796,2,0
bert2,452,1797,3,0
ptchadu2,452,1797,4,0
robidou2,452,1798,5,0
ptstras2,452,1799,6,0
plbaud2,452,1801,7,0
tourneb2,452,1803,8,0
beauec2,452,1804,9,0
insa2,452,1805,10,0
restuni2,452,1806,11,0
iutguil2,452,1807,12,0
closco,452,1808,13,1
closco,460,1485,1,0
iutguil1,460,1486,2,0
restuni1,460,1488,3,0
insa1,460,1489,4,0
beauec1,460,1490,5,0
tourneb1,460,1491,6,0
plbaud1,460,1493,7,0
ptstras1,460,1495,8,0
robidou1,460,1496,9,0
ptchadu1,460,1497,10,0
bert1,460,1498,11,0
ptpastm1,460,1499,12,0
repwb,460,1500,13,1
closco,1768,1750,1,0
iutguil1,1768,1751,2,0
restuni1,1768,1753,3,0
insa1,1768,1754,4,0
beauec1,1768,1754,5,0
tourneb1,1768,1755,6,0
plbaud1,1768,1757,7,0
ptstras1,1768,1759,8,0
robidou1,1768,1760,9,0
ptchadu1,1768,1761,10,0
bert1,1768,1762,11,0
ptpastm1,1768,1762,12,0
repwb,1768,1763,13,1
repea,6734,1860,1,0
ptpastm2,6734,1861,2,0
bert2,6734,1862,3,0
ptchadu2,6734,1862,4,0
robidou2,6734,1863,5,0
ptstras2,6734,1864,6,0
plbaud2,6734,1866,7,0
tourneb2,6734,1868,8,0
beauec2,6734,1869,9,0
insa2,6734,1870,10,0
restuni2,6734,1871,11,0
iutguil2,6734,1872,12,0
closco,6734,1873,13,1
closco,2785,1720,1,0
iutguil1,2785,1721,2,0
restuni1,2785,1723,3,0
insa1,2785,1724,4,0
beauec1,2785,1724,5,0
tourneb1,2785,1725,6,0
plbaud1,2785,1727,7,0
ptstras1,2785,1729,8,0
robidou1,2785,1730,9,0
ptchadu1,2785,1731,10,0
bert1,2785,1732,11,0
ptpastm1,2785,1732,12,0
repwb,2785,1733,13,1
kenguye1,334,1555,1,0
bourdon1,334,1556,2,0
gouges1,334,1560,3,0
boislab1,334,1561,4,0
villuni1,334,1562,5,0
moulin1,334,1563,6,0
berger1,334,1565,7,0
lasalle1,334,1567,8,0
marbeuf1,334,1568,9,0
lguillg1,334,1569,10,0
chqpost1,334,1570,11,0
mail1,334,1572,12,0
ptbreta1,334,1572,13,0
plbreta1,334,1573,14,0
repea,334,1574,15,1
repea,6948,1825,1,0
ptpastm2,6948,1826,2,0
bert2,6948,1827,3,0
ptchadu2,6948,1827,4,0
robidou2,6948,1828,5,0
ptstras2,6948,1829,6,0
plbaud2,6948,1831,7,0
tourneb2,6948,1833,8,0
beauec2,6948,1834,9,0
insa2,6948,1835,10,0
restuni2,6948,1836,11,0
iutguil2,6948,1837,12,0
closco,6948,1838,13,1
kenguye1,6909,1585,1,0
bourdon1,6909,1586,2,0
gouges1,6909,1590,3,0
boislab1,6909,1591,4,0
villuni1,6909,1592,5,0
moulin1,6909,1593,6,0
berger1,6909,1595,7,0
lasalle1,6909,1597,8,0
marbeuf1,6909,1598,9,0
lguillg1,6909,1599,10,0
chqpost1,6909,1600,11,0
mail1,6909,1602,12,0
ptbreta1,6909,1602,13,0
plbreta1,6909,1603,14,0
repea,6909,1604,15,1
kenguye1,4725,1645,1,0
bourdon1,4725,1646,2,0
gouges1,4725,1650,3,0
boislab1,4725,1651,4,0
villuni1,4725,1652,5,0
moulin1,4725,1653,6,0
berger1,4725,1655,7,0
lasalle1,4725,1657,8,0
marbeuf1,4725,1658,9,0
lguillg1,4725,1659,10,0
chqpost1,4725,1660,11,0
mail1,4725,1662,12,0
ptbreta1,4725,1662,13,0
plbreta1,4725,1663,14,0
repea,4725,1664,15,1
closco,262,1685,1,0
iutguil1,262,1686,2,0
restuni1,262,1688,3,0
insa1,262,1689,4,0
beauec1,262,1689,5,0
tourneb1,262,1690,6,0
plbaud1,262,1692,7,0
ptstras1,262,1694,8,0
robidou1,262,1695,9,0
ptchadu1,262,1696,10,0
bert1,262,1697,11,0
ptpastm1,262,1697,12,0
repwb,262,1698,13,1
repwb,2482,1820,1,0
plbreta2,2482,1821,2,0
ptbreta2,2482,1822,3,0
mail2,2482,1823,4,0
chqpost2,2482,1823,5,0
lguillg2,2482,1825,6,0
marbeuf2,2482,1826,7,0
lasalle2,2482,1827,8,0
berger2,2482,1828,9,0
moulin2,2482,1829,10,0
villuni2,2482,1830,11,0
boislab2,2482,1832,12,0
kenguye1,2482,1837,13,1
repea,5717,1580,1,0
ptpastm2,5717,1581,2,0
bert2,5717,1582,3,0
ptchadu2,5717,1583,4,0
robidou2,5717,1584,5,0
ptstras2,5717,1584,6,0
plbaud2,5717,1587,7,0
tourneb2,5717,1589,8,0
beauec2,5717,1591,9,0
insa2,5717,1591,10,0
restuni2,5717,1592,11,0
iutguil2,5717,1594,12,0
closco,5717,1595,13,1
closco,4273,1565,1,0
iutguil1,4273,1566,2,0
restuni1,4273,1568,3,0
insa1,4273,1569,4,0
beauec1,4273,1570,5,0
tourneb1,4273,1571,6,0
plbaud1,4273,1573,7,0
ptstras1,4273,1575,8,0
robidou1,4273,1576,9,0
ptchadu1,4273,1577,10,0
bert1,4273,1578,11,0
ptpastm1,4273,1579,12,0
repwb,4273,1580,13,1
closco,1291,1465,1,0
iutguil1,1291,1466,2,0
restuni1,1291,1468,3,0
insa1,1291,1469,4,0
beauec1,1291,1470,5,0
tourneb1,1291,1471,6,0
plbaud1,1291,1473,7,0
ptstras1,1291,1475,8,0
robidou1,1291,1476,9,0
ptchadu1,1291,1477,10,0
bert1,1291,1478,11,0
ptpastm1,1291,1479,12,0
repwb,1291,1480,13,1
repwb,1294,1780,1,0
plbreta2,1294,1781,2,0
ptbreta2,1294,1782,3,0
mail2,1294,1783,4,0
chqpost2,1294,1783,5,0
lguillg2,1294,1785,6,0
marbeuf2,1294,1786,7,0
lasalle2,1294,1787,8,0
berger2,1294,1788,9,0
moulin2,1294,1789,10,0
villuni2,1294,1790,11,0
boislab2,1294,1792,12,0
kenguye1,1294,1797,13,1
repwb,2747,1535,1,0
plbreta2,2747,1536,2,0
ptbreta2,2747,1537,3,0
mail2,2747,1538,4,0
chqpost2,2747,1539,5,0
lguillg2,2747,1541,6,0
marbeuf2,2747,1541,7,0
lasalle2,2747,1543,8,0
berger2,2747,1544,9,0
moulin2,2747,1545,10,0
villuni2,2747,1547,11,0
boislab2,2747,1548,12,0
kenguye1,2747,1554,13,1
kenguye1,2709,1475,1,0
bourdon1,2709,1476,2,0
gouges1,2709,1480,3,0
boislab1,2709,1481,4,0
villuni1,2709,1482,5,0
moulin1,2709,1483,6,0
berger1,2709,1485,7,0
lasalle1,2709,1487,8,0
marbeuf1,2709,1488,9,0
lguillg1,2709,1489,10,0
chqpost1,2709,1490,11,0
mail1,2709,1492,12,0
ptbreta1,2709,1492,13,0
plbreta1,2709,1493,14,0
repea,2709,1494,15,1
kenguye1,5572,1840,1,0
bourdon1,5572,1841,2,0
gouges1,5572,1844,3,0
boislab1,5572,1845,4,0
villuni1,5572,1847,5,0
moulin1,5572,1848,6,0
berger1,5572,1849,7,0
lasalle1,5572,1850,8,0
marbeuf1,5572,1852,9,0
lguillg1,5572,1853,10,0
chqpost1,5572,1854,11,0
mail1,5572,1855,12,0
ptbreta1,5572,1855,13,0
plbreta1,5572,1856,14,0
repea,5572,1857,15,1
repea,1086,1705,1,0
ptpastm2,1086,1706,2,0
bert2,1086,1707,3,0
ptchadu2,1086,1707,4,0
robidou2,1086,1708,5,0
ptstras2,1086,1709,6,0
plbaud2,1086,1711,7,0
tourneb2,1086,1713,8,0
beauec2,1086,1714,9,0
insa2,1086,1715,10,0
restuni2,1086,1716,11,0
iutguil2,1086,1717,12,0
closco,1086,1718,13,1
repea,5463,1670,1,0
ptpastm2,5463,1671,2,0
bert2,5463,1672,3,0
ptchadu2,5463,1673,4,0
robidou2,5463,1674,5,0
ptstras2,5463,1674,6,0
plbaud2,5463,1677,7,0
tourneb2,5463,1679,8,0
beauec2,5463,1681,9,0
insa2,5463,1681,10,0
restuni2,5463,1682,11,0
iutguil2,5463,1684,12,0
closco,5463,1685,13,1
repea,5261,1525,1,0
ptpastm2,5261,1526,2,0
bert2,5261,1527,3,0
ptchadu2,5261,1528,4,0
robidou2,5261,1529,5,0
ptstras2,5261,1529,6,0
plbaud2,5261,1532,7,0
tourneb2,5261,1534,8,0
beauec2,5261,1536,9,0
insa2,5261,1536,10,0
restuni2,5261,1537,11,0
iutguil2,5261,1539,12,0
closco,5261,1540,13,1
closco,6281,1595,1,0
iutguil1,6281,1596,2,0
restuni1,6281,1598,3,0
insa1,6281,1599,4,0
beauec1,6281,1600,5,0
tourneb1,6281,1601,6,0
plbaud1,6281,1603,7,0
ptstras1,6281,1605,8,0
robidou1,6281,1606,9,0
ptchadu1,6281,1607,10,0
bert1,6281,1608,11,0
ptpastm1,6281,1609,12,0
repwb,6281,1610,13,1
repea,6226,1765,1,0
ptpastm2,6226,1766,2,0
bert2,6226,1767,3,0
ptchadu2,6226,1767,4,0
robidou2,6226,1768,5,0
ptstras2,6226,1769,6,0
plbaud2,6226,1771,7,0
tourneb2,6226,1773,8,0
beauec2,6226,1774,9,0
insa2,6226,1775,10,0
restuni2,6226,1776,11,0
iutguil2,6226,1777,12,0
closco,6226,1778,13,1
kenguye1,5181,1710,1,0
bourdon1,5181,1711,2,0
gouges1,5181,1714,3,0
boislab1,5181,1715,4,0
villuni1,5181,1717,5,0
moulin1,5181,1718,6,0
berger1,5181,1719,7,0
lasalle1,5181,1720,8,0
marbeuf1,5181,1722,9,0
lguillg1,5181,1723,10,0
chqpost1,5181,1724,11,0
mail1,5181,1725,12,0
ptbreta1,5181,1725,13,0
plbreta1,5181,1726,14,0
repea,5181,1727,15,1
repea,5005,1640,1,0
ptpastm2,5005,1641,2,0
bert2,5005,1642,3,0
ptchadu2,5005,1643,4,0
robidou2,5005,1644,5,0
ptstras2,5005,1644,6,0
plbaud2,5005,1647,7,0
tourneb2,5005,1649,8,0
beauec2,5005,1651,9,0
insa2,5005,1651,10,0
restuni2,5005,1652,11,0
iutguil2,5005,1654,12,0
closco,5005,1655,13,1
repwb,5001,1865,1,0
plbreta2,5001,1866,2,0
ptbreta2,5001,1867,3,0
mail2,5001,1868,4,0
chqpost2,5001,1868,5,0
lguillg2,5001,1870,6,0
marbeuf2,5001,1871,7,0
lasalle2,5001,1872,8,0
berger2,5001,1873,9,0
moulin2,5001,1874,10,0
villuni2,5001,1875,11,0
boislab2,5001,1877,12,0
kenguye1,5001,1882,13,1
kenguye1,6452,1615,1,0
bourdon1,6452,1616,2,0
gouges1,6452,1620,3,0
boislab1,6452,1621,4,0
villuni1,6452,1622,5,0
moulin1,6452,1623,6,0
berger1,6452,1625,7,0
lasalle1,6452,1627,8,0
marbeuf1,6452,1628,9,0
lguillg1,6452,1629,10,0
chqpost1,6452,1630,11,0
mail1,6452,1632,12,0
ptbreta1,6452,1632,13,0
plbreta1,6452,1633,14,0
repea,6452,1634,15,1
closco,1990,1905,1,0
iutguil1,1990,1906,2,0
restuni1,1990,1908,3,0
insa1,1990,1909,4,0
beauec1,1990,1909,5,0
tourneb1,1990,1910,6,0
plbaud1,1990,1912,7,0
ptstras1,1990,1914,8,0
robidou1,1990,1915,9,0
ptchadu1,1990,1916,10,0
bert1,1990,1917,11,0
ptpastm1,1990,1917,12,0
repwb,1990,1918,13,1
repwb,1967,1750,1,0
plbreta2,1967,1751,2,0
ptbreta2,1967,1752,3,0
mail2,1967,1753,4,0
chqpost2,1967,1753,5,0
lguillg2,1967,1755,6,0
marbeuf2,1967,1756,7,0
lasalle2,1967,1757,8,0
berger2,1967,1758,9,0
moulin2,1967,1759,10,0
villuni2,1967,1760,11,0
boislab2,1967,1762,12,0
kenguye1,1967,1767,13,1
closco,1968,1780,1,0
iutguil1,1968,1781,2,0
restuni1,1968,1783,3,0
insa1,1968,1784,4,0
beauec1,1968,1784,5,0
tourneb1,1968,1785,6,0
plbaud1,1968,1787,7,0
ptstras1,1968,1789,8,0
robidou1,1968,1790,9,0
ptchadu1,1968,1791,10,0
bert1,1968,1792,11,0
ptpastm1,1968,1792,12,0
repwb,1968,1793,13,1
repea,6524,1610,1,0
ptpastm2,6524,1611,2,0
bert2,6524,1612,3,0
ptchadu2,6524,1613,4,0
robidou2,6524,1614,5,0
ptstras2,6524,1614,6,0
plbaud2,6524,1617,7,0
tourneb2,6524,1619,8,0
beauec2,6524,1621,9,0
insa2,6524,1621,10,0
restuni2,6524,1622,11,0
iutguil2,6524,1624,12,0
closco,6524,1625,13,1
repwb,6527,1690,1,0
plbreta2,6527,1691,2,0
ptbreta2,6527,1692,3,0
mail2,6527,1693,4,0
chqpost2,6527,1693,5,0
lguillg2,6527,1695,6,0
marbeuf2,6527,1696,7,0
lasalle2,6527,1697,8,0
berger2,6527,1698,9,0
moulin2,6527,1699,10,0
villuni2,6527,1700,11,0
boislab2,6527,1702,12,0
kenguye1,6527,1707,13,1
