arret_id,trajet_id,heure_depart,stop_sequence,terminus
closco30,3344,945,1,0
iutguil1,3344,946,2,0
restuni1,3344,947,3,0
insa1,3344,948,4,0
beauec1,3344,949,5,0
tourneb1,3344,950,6,0
piletie1,3344,951,7,0
mouljgl1,3344,952,8,0
horegn1,3344,953,9,0
durafst1,3344,954,10,0
ptstra2,3344,955,11,0
chardon2,3344,956,12,0
cimestm2,3344,957,13,0
mareuil2,3344,958,14,0
ledant2,3344,958,15,0
bourglb2,3344,959,16,0
langevi3,3344,960,17,0
gide2,3344,962,18,0
colbinq4,3344,963,19,0
triangl2,3344,965,20,1
triangl1,2016,1150,1,0
colbinq3,2016,1152,2,0
gide1,2016,1153,3,0
langevi1,2016,1153,4,0
bourglb1,2016,1155,5,0
ledante1,2016,1156,6,0
mareuil1,2016,1156,7,0
cimestm1,2016,1157,8,0
chardon1,2016,1158,9,0
ptstra1,2016,1159,10,0
durafou4,2016,1160,11,0
horegn2,2016,1161,12,0
mouljgl2,2016,1162,13,0
piletie2,2016,1163,14,0
tourneb2,2016,1164,15,0
beauec2,2016,1165,16,0
insa2,2016,1166,17,0
restuni2,2016,1167,18,0
iutguil2,2016,1169,19,0
closco30,2016,1170,20,1
triangl1,2064,510,1,0
colbinq3,2064,512,2,0
gide1,2064,513,3,0
langevi1,2064,514,4,0
bourglb1,2064,516,5,0
ledante1,2064,517,6,0
mareuil1,2064,518,7,0
cimestm1,2064,519,8,0
chardon1,2064,520,9,0
ptstra1,2064,522,10,0
durafou4,2064,523,11,0
horegn2,2064,524,12,0
mouljgl2,2064,525,13,0
piletie2,2064,526,14,0
tourneb2,2064,528,15,0
beauec2,2064,529,16,0
insa2,2064,530,17,0
restuni2,2064,531,18,0
iutguil2,2064,533,19,0
closco30,2064,534,20,1
triangl1,3563,1090,1,0
colbinq3,3563,1092,2,0
gide1,3563,1093,3,0
langevi1,3563,1093,4,0
bourglb1,3563,1095,5,0
ledante1,3563,1096,6,0
mareuil1,3563,1097,7,0
cimestm1,3563,1098,8,0
chardon1,3563,1099,9,0
ptstra1,3563,1101,10,0
durafou4,3563,1102,11,0
horegn2,3563,1103,12,0
mouljgl2,3563,1103,13,0
piletie2,3563,1105,14,0
tourneb2,3563,1106,15,0
beauec2,3563,1107,16,0
insa2,3563,1108,17,0
restuni2,3563,1109,18,0
iutguil2,3563,1111,19,0
closco30,3563,1112,20,1
triangl1,3752,585,1,0
colbinq3,3752,587,2,0
gide1,3752,588,3,0
langevi1,3752,588,4,0
bourglb1,3752,590,5,0
ledante1,3752,591,6,0
mareuil1,3752,591,7,0
cimestm1,3752,592,8,0
chardon1,3752,593,9,0
ptstra1,3752,595,10,0
durafou4,3752,596,11,0
horegn2,3752,597,12,0
mouljgl2,3752,597,13,0
piletie2,3752,599,14,0
tourneb2,3752,600,15,0
beauec2,3752,601,16,0
insa2,3752,602,17,0
restuni2,3752,603,18,0
iutguil2,3752,605,19,0
closco30,3752,606,20,1
closco30,4989,840,1,0
iutguil1,4989,841,2,0
restuni1,4989,842,3,0
insa1,4989,843,4,0
beauec1,4989,844,5,0
tourneb1,4989,845,6,0
piletie1,4989,847,7,0
mouljgl1,4989,848,8,0
horegn1,4989,848,9,0
durafst1,4989,849,10,0
ptstra2,4989,851,11,0
chardon2,4989,852,12,0
cimestm2,4989,853,13,0
mareuil2,4989,854,14,0
ledant2,4989,854,15,0
bourglb2,4989,855,16,0
langevi3,4989,856,17,0
gide2,4989,858,18,0
colbinq4,4989,859,19,0
triangl2,4989,861,20,1
closco30,4987,510,1,0
iutguil1,4987,511,2,0
restuni1,4987,512,3,0
insa1,4987,513,4,0
beauec1,4987,514,5,0
tourneb1,4987,515,6,0
piletie1,4987,517,7,0
mouljgl1,4987,518,8,0
horegn1,4987,519,9,0
durafst1,4987,520,10,0
ptstra2,4987,521,11,0
chardon2,4987,523,12,0
cimestm2,4987,524,13,0
mareuil2,4987,525,14,0
ledant2,4987,526,15,0
bourglb2,4987,527,16,0
langevi3,4987,528,17,0
gide2,4987,530,18,0
colbinq4,4987,531,19,0
triangl2,4987,533,20,1
closco30,3065,560,1,0
iutguil1,3065,561,2,0
restuni1,3065,562,3,0
insa1,3065,563,4,0
beauec1,3065,564,5,0
tourneb1,3065,565,6,0
piletie1,3065,566,7,0
mouljgl1,3065,567,8,0
horegn1,3065,568,9,0
durafst1,3065,569,10,0
ptstra2,3065,570,11,0
chardon2,3065,571,12,0
cimestm2,3065,572,13,0
mareuil2,3065,573,14,0
ledant2,3065,573,15,0
bourglb2,3065,574,16,0
langevi3,3065,575,17,0
gide2,3065,577,18,0
colbinq4,3065,578,19,0
triangl2,3065,580,20,1
closco30,3081,760,1,0
iutguil1,3081,761,2,0
restuni1,3081,762,3,0
insa1,3081,763,4,0
beauec1,3081,764,5,0
tourneb1,3081,765,6,0
piletie1,3081,767,7,0
mouljgl1,3081,768,8,0
horegn1,3081,768,9,0
durafst1,3081,769,10,0
ptstra2,3081,771,11,0
chardon2,3081,772,12,0
cimestm2,3081,773,13,0
mareuil2,3081,774,14,0
ledant2,3081,774,15,0
bourglb2,3081,775,16,0
langevi3,3081,776,17,0
gide2,3081,778,18,0
colbinq4,3081,779,19,0
triangl2,3081,781,20,1
triangl1,3924,1000,1,0
colbinq3,3924,1002,2,0
gide1,3924,1003,3,0
langevi1,3924,1003,4,0
bourglb1,3924,1005,5,0
ledante1,3924,1006,6,0
mareuil1,3924,1007,7,0
cimestm1,3924,1008,8,0
chardon1,3924,1009,9,0
ptstra1,3924,1011,10,0
durafou4,3924,1012,11,0
horegn2,3924,1013,12,0
mouljgl2,3924,1013,13,0
piletie2,3924,1015,14,0
tourneb2,3924,1016,15,0
beauec2,3924,1017,16,0
insa2,3924,1018,17,0
restuni2,3924,1019,18,0
iutguil2,3924,1021,19,0
closco30,3924,1022,20,1
triangl1,3977,625,1,0
colbinq3,3977,627,2,0
gide1,3977,628,3,0
langevi1,3977,628,4,0
bourglb1,3977,630,5,0
ledante1,3977,631,6,0
mareuil1,3977,631,7,0
cimestm1,3977,632,8,0
chardon1,3977,633,9,0
ptstra1,3977,634,10,0
durafou4,3977,635,11,0
horegn2,3977,636,12,0
mouljgl2,3977,637,13,0
piletie2,3977,638,14,0
tourneb2,3977,639,15,0
beauec2,3977,640,16,0
insa2,3977,641,17,0
restuni2,3977,642,18,0
iutguil2,3977,644,19,0
closco30,3977,645,20,1
triangl1,530,810,1,0
colbinq3,530,812,2,0
gide1,530,813,3,0
langevi1,530,813,4,0
bourglb1,530,815,5,0
ledante1,530,816,6,0
mareuil1,530,816,7,0
cimestm1,530,817,8,0
chardon1,530,818,9,0
ptstra1,530,820,10,0
durafou4,530,821,11,0
horegn2,530,822,12,0
mouljgl2,530,822,13,0
piletie2,530,824,14,0
tourneb2,530,825,15,0
beauec2,530,826,16,0
insa2,530,827,17,0
restuni2,530,828,18,0
iutguil2,530,830,19,0
closco30,530,831,20,1
closco30,4700,600,1,0
iutguil1,4700,601,2,0
restuni1,4700,602,3,0
insa1,4700,603,4,0
beauec1,4700,604,5,0
tourneb1,4700,605,6,0
piletie1,4700,606,7,0
mouljgl1,4700,607,8,0
horegn1,4700,608,9,0
durafst1,4700,609,10,0
ptstra2,4700,610,11,0
chardon2,4700,611,12,0
cimestm2,4700,612,13,0
mareuil2,4700,613,14,0
ledant2,4700,613,15,0
bourglb2,4700,614,16,0
langevi3,4700,615,17,0
gide2,4700,617,18,0
colbinq4,4700,618,19,0
triangl2,4700,620,20,1
triangl1,6860,540,1,0
colbinq3,6860,542,2,0
gide1,6860,543,3,0
langevi1,6860,543,4,0
bourglb1,6860,545,5,0
ledante1,6860,546,6,0
mareuil1,6860,546,7,0
cimestm1,6860,547,8,0
chardon1,6860,548,9,0
ptstra1,6860,550,10,0
durafou4,6860,551,11,0
horegn2,6860,552,12,0
mouljgl2,6860,552,13,0
piletie2,6860,554,14,0
tourneb2,6860,555,15,0
beauec2,6860,556,16,0
insa2,6860,557,17,0
restuni2,6860,558,18,0
iutguil2,6860,560,19,0
closco30,6860,561,20,1
triangl1,4654,730,1,0
colbinq3,4654,732,2,0
gide1,4654,733,3,0
langevi1,4654,733,4,0
bourglb1,4654,735,5,0
ledante1,4654,736,6,0
mareuil1,4654,736,7,0
cimestm1,4654,737,8,0
chardon1,4654,738,9,0
ptstra1,4654,739,10,0
durafou4,4654,740,11,0
horegn2,4654,741,12,0
mouljgl2,4654,742,13,0
piletie2,4654,743,14,0
tourneb2,4654,744,15,0
beauec2,4654,745,16,0
insa2,4654,746,17,0
restuni2,4654,747,18,0
iutguil2,4654,749,19,0
closco30,4654,750,20,1
triangl1,473,675,1,0
colbinq3,473,677,2,0
gide1,473,678,3,0
langevi1,473,678,4,0
bourglb1,473,680,5,0
ledante1,473,681,6,0
mareuil1,473,681,7,0
cimestm1,473,682,8,0
chardon1,473,683,9,0
ptstra1,473,684,10,0
durafou4,473,685,11,0
horegn2,473,686,12,0
mouljgl2,473,687,13,0
piletie2,473,688,14,0
tourneb2,473,689,15,0
beauec2,473,690,16,0
insa2,473,691,17,0
restuni2,473,692,18,0
iutguil2,473,694,19,0
closco30,473,695,20,1
closco30,2788,650,1,0
iutguil1,2788,651,2,0
restuni1,2788,652,3,0
insa1,2788,653,4,0
beauec1,2788,654,5,0
tourneb1,2788,655,6,0
piletie1,2788,656,7,0
mouljgl1,2788,657,8,0
horegn1,2788,658,9,0
durafst1,2788,659,10,0
ptstra2,2788,660,11,0
chardon2,2788,661,12,0
cimestm2,2788,662,13,0
mareuil2,2788,663,14,0
ledant2,2788,663,15,0
bourglb2,2788,664,16,0
langevi3,2788,665,17,0
gide2,2788,667,18,0
colbinq4,2788,668,19,0
triangl2,2788,670,20,1
closco30,1633,1090,1,0
iutguil1,1633,1091,2,0
restuni1,1633,1092,3,0
insa1,1633,1093,4,0
beauec1,1633,1094,5,0
tourneb1,1633,1095,6,0
piletie1,1633,1097,7,0
mouljgl1,1633,1098,8,0
horegn1,1633,1099,9,0
durafst1,1633,1100,10,0
ptstra2,1633,1101,11,0
chardon2,1633,1103,12,0
cimestm2,1633,1104,13,0
mareuil2,1633,1105,14,0
ledant2,1633,1106,15,0
bourglb2,1633,1107,16,0
langevi3,1633,1108,17,0
gide2,1633,1110,18,0
colbinq4,1633,1111,19,0
triangl2,1633,1113,20,1
closco30,4839,1060,1,0
iutguil1,4839,1061,2,0
restuni1,4839,1062,3,0
insa1,4839,1063,4,0
beauec1,4839,1064,5,0
tourneb1,4839,1065,6,0
piletie1,4839,1067,7,0
mouljgl1,4839,1068,8,0
horegn1,4839,1069,9,0
durafst1,4839,1070,10,0
ptstra2,4839,1071,11,0
chardon2,4839,1073,12,0
cimestm2,4839,1074,13,0
mareuil2,4839,1075,14,0
ledant2,4839,1077,15,0
bourglb2,4839,1078,16,0
langevi3,4839,1079,17,0
gide2,4839,1081,18,0
colbinq4,4839,1082,19,0
triangl2,4839,1084,20,1
closco30,4779,705,1,0
iutguil1,4779,706,2,0
restuni1,4779,707,3,0
insa1,4779,708,4,0
beauec1,4779,709,5,0
tourneb1,4779,710,6,0
piletie1,4779,711,7,0
mouljgl1,4779,712,8,0
horegn1,4779,713,9,0
durafst1,4779,714,10,0
ptstra2,4779,715,11,0
chardon2,4779,716,12,0
cimestm2,4779,717,13,0
mareuil2,4779,718,14,0
ledant2,4779,718,15,0
bourglb2,4779,719,16,0
langevi3,4779,720,17,0
gide2,4779,722,18,0
colbinq4,4779,723,19,0
triangl2,4779,725,20,1
triangl1,5812,915,1,0
colbinq3,5812,917,2,0
gide1,5812,918,3,0
langevi1,5812,918,4,0
bourglb1,5812,920,5,0
ledante1,5812,921,6,0
mareuil1,5812,921,7,0
cimestm1,5812,922,8,0
chardon1,5812,923,9,0
ptstra1,5812,924,10,0
durafou4,5812,925,11,0
horegn2,5812,926,12,0
mouljgl2,5812,927,13,0
piletie2,5812,928,14,0
tourneb2,5812,929,15,0
beauec2,5812,930,16,0
insa2,5812,931,17,0
restuni2,5812,932,18,0
iutguil2,5812,934,19,0
closco30,5812,935,20,1
triangl1,5856,1060,1,0
colbinq3,5856,1062,2,0
gide1,5856,1063,3,0
langevi1,5856,1063,4,0
bourglb1,5856,1065,5,0
ledante1,5856,1066,6,0
mareuil1,5856,1067,7,0
cimestm1,5856,1068,8,0
chardon1,5856,1069,9,0
ptstra1,5856,1071,10,0
durafou4,5856,1072,11,0
horegn2,5856,1073,12,0
mouljgl2,5856,1073,13,0
piletie2,5856,1075,14,0
tourneb2,5856,1076,15,0
beauec2,5856,1077,16,0
insa2,5856,1078,17,0
restuni2,5856,1079,18,0
iutguil2,5856,1081,19,0
closco30,5856,1082,20,1
triangl1,1446,970,1,0
colbinq3,1446,972,2,0
gide1,1446,973,3,0
langevi1,1446,973,4,0
bourglb1,1446,975,5,0
ledante1,1446,976,6,0
mareuil1,1446,976,7,0
cimestm1,1446,977,8,0
chardon1,1446,978,9,0
ptstra1,1446,979,10,0
durafou4,1446,980,11,0
horegn2,1446,981,12,0
mouljgl2,1446,982,13,0
piletie2,1446,983,14,0
tourneb2,1446,984,15,0
beauec2,1446,985,16,0
insa2,1446,986,17,0
restuni2,1446,987,18,0
iutguil2,1446,989,19,0
closco30,1446,990,20,1
triangl1,967,865,1,0
colbinq3,967,867,2,0
gide1,967,868,3,0
langevi1,967,868,4,0
bourglb1,967,870,5,0
ledante1,967,871,6,0
mareuil1,967,871,7,0
cimestm1,967,872,8,0
chardon1,967,873,9,0
ptstra1,967,874,10,0
durafou4,967,875,11,0
horegn2,967,876,12,0
mouljgl2,967,877,13,0
piletie2,967,878,14,0
tourneb2,967,879,15,0
beauec2,967,880,16,0
insa2,967,881,17,0
restuni2,967,882,18,0
iutguil2,967,884,19,0
closco30,967,885,20,1
closco30,4242,970,1,0
iutguil1,4242,971,2,0
restuni1,4242,972,3,0
insa1,4242,973,4,0
beauec1,4242,974,5,0
tourneb1,4242,975,6,0
piletie1,4242,977,7,0
mouljgl1,4242,978,8,0
horegn1,4242,978,9,0
durafst1,4242,979,10,0
ptstra2,4242,981,11,0
chardon2,4242,982,12,0
cimestm2,4242,983,13,0
mareuil2,4242,984,14,0
ledant2,4242,985,15,0
bourglb2,4242,986,16,0
langevi3,4242,987,17,0
gide2,4242,989,18,0
colbinq4,4242,990,19,0
triangl2,4242,992,20,1
closco30,2483,1150,1,0
iutguil1,2483,1151,2,0
restuni1,2483,1152,3,0
insa1,2483,1153,4,0
beauec1,2483,1154,5,0
tourneb1,2483,1155,6,0
piletie1,2483,1157,7,0
mouljgl1,2483,1158,8,0
horegn1,2483,1158,9,0
durafst1,2483,1159,10,0
ptstra2,2483,1161,11,0
chardon2,2483,1162,12,0
cimestm2,2483,1163,13,0
mareuil2,2483,1164,14,0
ledant2,2483,1164,15,0
bourglb2,2483,1165,16,0
langevi3,2483,1166,17,0
gide2,2483,1167,18,0
colbinq4,2483,1168,19,0
triangl2,2483,1170,20,1
closco30,1365,730,1,0
iutguil1,1365,731,2,0
restuni1,1365,732,3,0
insa1,1365,733,4,0
beauec1,1365,734,5,0
tourneb1,1365,735,6,0
piletie1,1365,737,7,0
mouljgl1,1365,738,8,0
horegn1,1365,738,9,0
durafst1,1365,739,10,0
ptstra2,1365,741,11,0
chardon2,1365,742,12,0
cimestm2,1365,743,13,0
mareuil2,1365,744,14,0
ledant2,1365,745,15,0
bourglb2,1365,746,16,0
langevi3,1365,747,17,0
gide2,1365,749,18,0
colbinq4,1365,750,19,0
triangl2,1365,752,20,1
triangl1,1226,1120,1,0
colbinq3,1226,1122,2,0
gide1,1226,1123,3,0
langevi1,1226,1123,4,0
bourglb1,1226,1125,5,0
ledante1,1226,1126,6,0
mareuil1,1226,1126,7,0
cimestm1,1226,1127,8,0
chardon1,1226,1128,9,0
ptstra1,1226,1129,10,0
durafou4,1226,1130,11,0
horegn2,1226,1131,12,0
mouljgl2,1226,1132,13,0
piletie2,1226,1133,14,0
tourneb2,1226,1134,15,0
beauec2,1226,1135,16,0
insa2,1226,1136,17,0
restuni2,1226,1137,18,0
iutguil2,1226,1139,19,0
closco30,1226,1140,20,1
triangl1,2764,760,1,0
colbinq3,2764,762,2,0
gide1,2764,763,3,0
langevi1,2764,763,4,0
bourglb1,2764,765,5,0
ledante1,2764,766,6,0
mareuil1,2764,766,7,0
cimestm1,2764,767,8,0
chardon1,2764,768,9,0
ptstra1,2764,769,10,0
durafou4,2764,770,11,0
horegn2,2764,771,12,0
mouljgl2,2764,772,13,0
piletie2,2764,773,14,0
tourneb2,2764,774,15,0
beauec2,2764,775,16,0
insa2,2764,776,17,0
restuni2,2764,777,18,0
iutguil2,2764,779,19,0
closco30,2764,780,20,1
closco30,2772,1030,1,0
iutguil1,2772,1031,2,0
restuni1,2772,1032,3,0
insa1,2772,1033,4,0
beauec1,2772,1034,5,0
tourneb1,2772,1035,6,0
piletie1,2772,1037,7,0
mouljgl1,2772,1038,8,0
horegn1,2772,1038,9,0
durafst1,2772,1039,10,0
ptstra2,2772,1041,11,0
chardon2,2772,1042,12,0
cimestm2,2772,1043,13,0
mareuil2,2772,1044,14,0
ledant2,2772,1046,15,0
bourglb2,2772,1047,16,0
langevi3,2772,1048,17,0
gide2,2772,1050,18,0
colbinq4,2772,1051,19,0
triangl2,2772,1053,20,1
closco30,5504,450,1,0
iutguil1,5504,451,2,0
restuni1,5504,452,3,0
insa1,5504,453,4,0
beauec1,5504,454,5,0
tourneb1,5504,455,6,0
piletie1,5504,457,7,0
mouljgl1,5504,458,8,0
horegn1,5504,459,9,0
durafst1,5504,460,10,0
ptstra2,5504,461,11,0
chardon2,5504,463,12,0
cimestm2,5504,464,13,0
mareuil2,5504,465,14,0
ledant2,5504,466,15,0
bourglb2,5504,467,16,0
langevi3,5504,468,17,0
gide2,5504,470,18,0
colbinq4,5504,471,19,0
triangl2,5504,473,20,1
triangl1,1168,450,1,0
colbinq3,1168,452,2,0
gide1,1168,453,3,0
langevi1,1168,453,4,0
bourglb1,1168,455,5,0
ledante1,1168,456,6,0
mareuil1,1168,457,7,0
cimestm1,1168,458,8,0
chardon1,1168,459,9,0
ptstra1,1168,460,10,0
durafou4,1168,461,11,0
horegn2,1168,462,12,0
mouljgl2,1168,463,13,0
piletie2,1168,464,14,0
tourneb2,1168,465,15,0
beauec2,1168,467,16,0
insa2,1168,468,17,0
restuni2,1168,469,18,0
iutguil2,1168,471,19,0
closco30,1168,472,20,1
triangl1,622,785,1,0
colbinq3,622,787,2,0
gide1,622,788,3,0
langevi1,622,788,4,0
bourglb1,622,790,5,0
ledante1,622,791,6,0
mareuil1,622,791,7,0
cimestm1,622,792,8,0
chardon1,622,793,9,0
ptstra1,622,795,10,0
durafou4,622,796,11,0
horegn2,622,797,12,0
mouljgl2,622,797,13,0
piletie2,622,799,14,0
tourneb2,622,800,15,0
beauec2,622,801,16,0
insa2,622,802,17,0
restuni2,622,803,18,0
iutguil2,622,805,19,0
closco30,622,806,20,1
closco30,615,480,1,0
iutguil1,615,481,2,0
restuni1,615,482,3,0
insa1,615,483,4,0
beauec1,615,484,5,0
tourneb1,615,485,6,0
piletie1,615,487,7,0
mouljgl1,615,488,8,0
horegn1,615,489,9,0
durafst1,615,490,10,0
ptstra2,615,491,11,0
chardon2,615,493,12,0
cimestm2,615,494,13,0
mareuil2,615,495,14,0
ledant2,615,496,15,0
bourglb2,615,497,16,0
langevi3,615,498,17,0
gide2,615,500,18,0
colbinq4,615,501,19,0
triangl2,615,503,20,1
triangl1,1064,1030,1,0
colbinq3,1064,1032,2,0
gide1,1064,1033,3,0
langevi1,1064,1033,4,0
bourglb1,1064,1035,5,0
ledante1,1064,1036,6,0
mareuil1,1064,1037,7,0
cimestm1,1064,1038,8,0
chardon1,1064,1039,9,0
ptstra1,1064,1041,10,0
durafou4,1064,1042,11,0
horegn2,1064,1043,12,0
mouljgl2,1064,1043,13,0
piletie2,1064,1045,14,0
tourneb2,1064,1046,15,0
beauec2,1064,1047,16,0
insa2,1064,1048,17,0
restuni2,1064,1049,18,0
iutguil2,1064,1051,19,0
closco30,1064,1052,20,1
closco30,4366,785,1,0
iutguil1,4366,786,2,0
restuni1,4366,787,3,0
insa1,4366,788,4,0
beauec1,4366,789,5,0
tourneb1,4366,790,6,0
piletie1,4366,792,7,0
mouljgl1,4366,793,8,0
horegn1,4366,793,9,0
durafst1,4366,794,10,0
ptstra2,4366,796,11,0
chardon2,4366,797,12,0
cimestm2,4366,798,13,0
mareuil2,4366,799,14,0
ledant2,4366,799,15,0
bourglb2,4366,800,16,0
langevi3,4366,801,17,0
gide2,4366,803,18,0
colbinq4,4366,804,19,0
triangl2,4366,806,20,1
closco30,4095,1120,1,0
iutguil1,4095,1121,2,0
restuni1,4095,1122,3,0
insa1,4095,1123,4,0
beauec1,4095,1124,5,0
tourneb1,4095,1125,6,0
piletie1,4095,1127,7,0
mouljgl1,4095,1128,8,0
horegn1,4095,1129,9,0
durafst1,4095,1130,10,0
ptstra2,4095,1131,11,0
chardon2,4095,1133,12,0
cimestm2,4095,1134,13,0
mareuil2,4095,1135,14,0
ledant2,4095,1136,15,0
bourglb2,4095,1137,16,0
langevi3,4095,1138,17,0
gide2,4095,1140,18,0
colbinq4,4095,1141,19,0
triangl2,4095,1143,20,1
triangl1,6477,480,1,0
colbinq3,6477,482,2,0
gide1,6477,483,3,0
langevi1,6477,484,4,0
bourglb1,6477,486,5,0
ledante1,6477,487,6,0
mareuil1,6477,488,7,0
cimestm1,6477,489,8,0
chardon1,6477,490,9,0
ptstra1,6477,492,10,0
durafou4,6477,493,11,0
horegn2,6477,494,12,0
mouljgl2,6477,495,13,0
piletie2,6477,496,14,0
tourneb2,6477,498,15,0
beauec2,6477,499,16,0
insa2,6477,500,17,0
restuni2,6477,501,18,0
iutguil2,6477,503,19,0
closco30,6477,504,20,1
closco30,6682,890,1,0
iutguil1,6682,891,2,0
restuni1,6682,892,3,0
insa1,6682,893,4,0
beauec1,6682,894,5,0
tourneb1,6682,895,6,0
piletie1,6682,897,7,0
mouljgl1,6682,898,8,0
horegn1,6682,898,9,0
durafst1,6682,899,10,0
ptstra2,6682,901,11,0
chardon2,6682,902,12,0
cimestm2,6682,903,13,0
mareuil2,6682,904,14,0
ledant2,6682,904,15,0
bourglb2,6682,905,16,0
langevi3,6682,906,17,0
gide2,6682,908,18,0
colbinq4,6682,909,19,0
triangl2,6682,911,20,1
closco30,1931,1000,1,0
iutguil1,1931,1001,2,0
restuni1,1931,1002,3,0
insa1,1931,1003,4,0
beauec1,1931,1004,5,0
tourneb1,1931,1005,6,0
piletie1,1931,1007,7,0
mouljgl1,1931,1008,8,0
horegn1,1931,1008,9,0
durafst1,1931,1009,10,0
ptstra2,1931,1011,11,0
chardon2,1931,1012,12,0
cimestm2,1931,1013,13,0
mareuil2,1931,1014,14,0
ledant2,1931,1015,15,0
bourglb2,1931,1016,16,0
langevi3,1931,1017,17,0
gide2,1931,1019,18,0
colbinq4,1931,1020,19,0
triangl2,1931,1022,20,1
