arret_id,trajet_id,heure_depart,stop_sequence,terminus
repto1,64,805,2,0
ptpastm2,64,806,3,0
robidou2,64,809,4,0
durafst2,64,811,5,0
horegn2,64,812,6,0
mouljgl2,64,812,7,0
piletie2,64,813,8,0
tourneb2,64,814,9,0
belair2,64,815,10,0
taillis2,64,816,11,0
rdpbra2,64,820,12,0
monnia2,64,821,13,0
zapeup2,64,822,14,0
haltece2,64,823,15,0
bordage2,64,824,16,0
rigourdt,64,826,17,1
repto1,7000,575,2,0
ptpastm2,7000,576,3,0
robidou2,7000,579,4,0
durafst2,7000,581,5,0
horegn2,7000,582,6,0
mouljgl2,7000,582,7,0
piletie2,7000,583,8,0
tourneb2,7000,584,9,0
belair2,7000,585,10,0
taillis2,7000,586,11,0
rdpbra2,7000,589,12,0
monnia2,7000,590,13,0
zapeup2,7000,591,14,0
haltece2,7000,592,15,0
bordage2,7000,593,16,0
rigourdt,7000,595,17,1
repto1,3241,400,2,0
ptpastm2,3241,401,3,0
robidou2,3241,403,4,0
durafst2,3241,405,5,0
horegn2,3241,406,6,0
mouljgl2,3241,406,7,0
piletie2,3241,407,8,0
tourneb2,3241,408,9,0
belair2,3241,409,10,0
taillis2,3241,410,11,0
rdpbra2,3241,413,12,0
monnia2,3241,414,13,0
zapeup2,3241,415,14,0
haltece2,3241,416,15,0
bordage2,3241,417,16,0
rigoudi2,3241,419,17,0
turba2,3241,428,18,0
patis2,3241,428,19,0
cxrobr2,3241,430,20,0
provenc2,3241,431,21,0
saules2,3241,432,22,0
maingue2,3241,432,23,0
brecean,3241,433,24,1
repto1,2110,555,2,0
ptpastm2,2110,556,3,0
robidou2,2110,559,4,0
durafst2,2110,562,5,0
horegn2,2110,563,6,0
mouljgl2,2110,563,7,0
piletie2,2110,564,8,0
tourneb2,2110,565,9,0
belair2,2110,566,10,0
taillis2,2110,567,11,0
rdpbra2,2110,570,12,0
monnia2,2110,571,13,0
zapeup2,2110,572,14,0
haltece2,2110,573,15,0
bordage2,2110,574,16,0
rigoudi2,2110,576,17,0
turba2,2110,585,18,0
patis2,2110,585,19,0
cxrobr2,2110,587,20,0
provenc2,2110,588,21,0
saules2,2110,589,22,0
maingue2,2110,589,23,0
brecean,2110,590,24,1
repto1,2126,660,2,0
ptpastm2,2126,661,3,0
robidou2,2126,663,4,0
durafst2,2126,665,5,0
horegn2,2126,666,6,0
mouljgl2,2126,666,7,0
piletie2,2126,667,8,0
tourneb2,2126,668,9,0
belair2,2126,669,10,0
taillis2,2126,670,11,0
rdpbra2,2126,674,12,0
monnia2,2126,675,13,0
zapeup2,2126,676,14,0
haltece2,2126,677,15,0
bordage2,2126,677,16,0
rigoudi2,2126,679,17,0
turba2,2126,688,18,0
patis2,2126,688,19,0
cxrobr2,2126,690,20,0
provenc2,2126,691,21,0
saules2,2126,692,22,0
maingue2,2126,693,23,0
brecean,2126,694,24,1
repto1,3217,435,2,0
ptpastm2,3217,436,3,0
robidou2,3217,438,4,0
durafst2,3217,440,5,0
horegn2,3217,441,6,0
mouljgl2,3217,441,7,0
piletie2,3217,442,8,0
tourneb2,3217,443,9,0
belair2,3217,444,10,0
taillis2,3217,445,11,0
rdpbra2,3217,449,12,0
monnia2,3217,450,13,0
zapeup2,3217,451,14,0
haltece2,3217,452,15,0
bordage2,3217,453,16,0
rigoudi2,3217,455,17,0
turba2,3217,464,18,0
patis2,3217,464,19,0
cxrobr2,3217,466,20,0
provenc2,3217,467,21,0
saules2,3217,468,22,0
maingue2,3217,468,23,0
brecean,3217,469,24,1
repto1,2202,835,2,0
ptpastm2,2202,836,3,0
robidou2,2202,839,4,0
durafst2,2202,841,5,0
horegn2,2202,842,6,0
mouljgl2,2202,842,7,0
piletie2,2202,843,8,0
tourneb2,2202,844,9,0
belair2,2202,845,10,0
taillis2,2202,846,11,0
rdpbra2,2202,850,12,0
monnia2,2202,851,13,0
zapeup2,2202,852,14,0
haltece2,2202,853,15,0
bordage2,2202,854,16,0
rigoudi2,2202,856,17,0
turba2,2202,865,18,0
patis2,2202,865,19,0
cxrobr2,2202,867,20,0
provenc2,2202,868,21,0
saules2,2202,869,22,0
maingue2,2202,869,23,0
brecean,2202,870,24,1
brecean,3381,413,1,0
maingue1,3381,415,2,0
saules1,3381,416,3,0
provenc1,3381,417,4,0
cxrobr1,3381,418,5,0
patis1,3381,420,6,0
turba1,3381,420,7,0
champel1,3381,427,8,0
htgrip1,3381,428,9,0
bordage1,3381,429,10,0
haltece1,3381,430,11,0
zapeup1,3381,430,12,0
monnia1,3381,432,13,0
rdptbra1,3381,434,14,0
taillis1,3381,437,15,0
belair1,3381,439,16,0
tourneb1,3381,440,17,0
piletie1,3381,441,18,0
mouljgl1,3381,442,19,0
horegn1,3381,443,20,0
durafst1,3381,444,21,0
robidou1,3381,446,22,0
repto1,3381,450,23,1
repto1,3397,515,2,0
ptpastm2,3397,516,3,0
robidou2,3397,519,4,0
durafst2,3397,522,5,0
horegn2,3397,523,6,0
mouljgl2,3397,523,7,0
piletie2,3397,524,8,0
tourneb2,3397,525,9,0
belair2,3397,526,10,0
taillis2,3397,527,11,0
rdpbra2,3397,531,12,0
monnia2,3397,532,13,0
zapeup2,3397,533,14,0
haltece2,3397,534,15,0
bordage2,3397,535,16,0
rigoudi2,3397,537,17,0
turba2,3397,546,18,0
patis2,3397,546,19,0
cxrobr2,3397,548,20,0
provenc2,3397,549,21,0
saules2,3397,550,22,0
maingue2,3397,550,23,0
brecean,3397,551,24,1
repto1,2227,835,2,0
ptpastm2,2227,836,3,0
robidou2,2227,839,4,0
durafst2,2227,841,5,0
horegn2,2227,842,6,0
mouljgl2,2227,842,7,0
piletie2,2227,843,8,0
tourneb2,2227,844,9,0
belair2,2227,845,10,0
taillis2,2227,846,11,0
rdpbra2,2227,850,12,0
monnia2,2227,851,13,0
zapeup2,2227,852,14,0
haltece2,2227,853,15,0
bordage2,2227,853,16,0
rigoudi2,2227,855,17,0
turba2,2227,864,18,0
patis2,2227,864,19,0
cxrobr2,2227,866,20,0
provenc2,2227,867,21,0
saules2,2227,868,22,0
maingue2,2227,869,23,0
brecean,2227,870,24,1
brecean,2277,1105,1,0
maingue1,2277,1107,2,0
saules1,2277,1108,3,0
provenc1,2277,1109,4,0
cxrobr1,2277,1110,5,0
patis1,2277,1112,6,0
turba1,2277,1112,7,0
champel1,2277,1120,8,0
htgrip1,2277,1121,9,0
rigourdt,2277,1121,10,0
bordage1,2277,1123,11,0
haltece1,2277,1124,12,0
zapeup1,2277,1124,13,0
monnia1,2277,1126,14,0
rdptbra1,2277,1127,15,0
taillis1,2277,1130,16,0
belair1,2277,1131,17,0
tourneb1,2277,1132,18,0
piletie1,2277,1133,19,0
mouljgl1,2277,1134,20,0
horegn1,2277,1135,21,0
durafst1,2277,1136,22,0
robidou1,2277,1138,23,0
repto1,2277,1142,24,1
repto1,3410,535,2,0
ptpastm2,3410,536,3,0
robidou2,3410,539,4,0
durafst2,3410,542,5,0
horegn2,3410,543,6,0
mouljgl2,3410,543,7,0
piletie2,3410,544,8,0
tourneb2,3410,545,9,0
belair2,3410,546,10,0
taillis2,3410,547,11,0
rdpbra2,3410,551,12,0
monnia2,3410,552,13,0
zapeup2,3410,553,14,0
haltece2,3410,554,15,0
bordage2,3410,555,16,0
rigourdt,3410,557,17,1
repto1,3638,495,2,0
ptpastm2,3638,496,3,0
robidou2,3638,499,4,0
durafst2,3638,502,5,0
horegn2,3638,503,6,0
mouljgl2,3638,503,7,0
piletie2,3638,504,8,0
tourneb2,3638,505,9,0
belair2,3638,506,10,0
taillis2,3638,507,11,0
rdpbra2,3638,511,12,0
monnia2,3638,512,13,0
zapeup2,3638,513,14,0
haltece2,3638,514,15,0
bordage2,3638,515,16,0
rigoudi2,3638,517,17,0
turba2,3638,526,18,0
patis2,3638,526,19,0
cxrobr2,3638,528,20,0
provenc2,3638,529,21,0
saules2,3638,530,22,0
maingue2,3638,530,23,0
brecean,3638,531,24,1
brecean,3637,759,1,0
maingue1,3637,761,2,0
saules1,3637,762,3,0
provenc1,3637,763,4,0
cxrobr1,3637,764,5,0
patis1,3637,766,6,0
turba1,3637,766,7,0
champel1,3637,774,8,0
htgrip1,3637,775,9,0
rigourdt,3637,775,10,0
bordage1,3637,777,11,0
haltece1,3637,778,12,0
zapeup1,3637,778,13,0
monnia1,3637,780,14,0
rdptbra1,3637,781,15,0
taillis1,3637,784,16,0
belair1,3637,785,17,0
tourneb1,3637,786,18,0
piletie1,3637,787,19,0
mouljgl1,3637,788,20,0
horegn1,3637,789,21,0
durafst1,3637,790,22,0
robidou1,3637,792,23,0
repto1,3637,796,24,1
repto1,3722,465,2,0
ptpastm2,3722,466,3,0
robidou2,3722,468,4,0
durafst2,3722,469,5,0
horegn2,3722,470,6,0
mouljgl2,3722,470,7,0
piletie2,3722,471,8,0
tourneb2,3722,472,9,0
belair2,3722,473,10,0
taillis2,3722,474,11,0
rdpbra2,3722,477,12,0
monnia2,3722,478,13,0
zapeup2,3722,479,14,0
haltece2,3722,480,15,0
bordage2,3722,481,16,0
rigoudi2,3722,483,17,0
turba2,3722,492,18,0
patis2,3722,492,19,0
cxrobr2,3722,494,20,0
provenc2,3722,495,21,0
saules2,3722,496,22,0
maingue2,3722,496,23,0
brecean,3722,497,24,1
brecean,3732,1000,1,0
maingue1,3732,1002,2,0
saules1,3732,1003,3,0
provenc1,3732,1004,4,0
cxrobr1,3732,1005,5,0
patis1,3732,1007,6,0
turba1,3732,1007,7,0
champel1,3732,1015,8,0
htgrip1,3732,1016,9,0
rigourdt,3732,1016,10,0
bordage1,3732,1018,11,0
haltece1,3732,1019,12,0
zapeup1,3732,1019,13,0
monnia1,3732,1021,14,0
rdptbra1,3732,1023,15,0
taillis1,3732,1026,16,0
belair1,3732,1028,17,0
tourneb1,3732,1029,18,0
piletie1,3732,1030,19,0
mouljgl1,3732,1031,20,0
horegn1,3732,1032,21,0
durafst1,3732,1033,22,0
robidou1,3732,1036,23,0
repto1,3732,1040,24,1
brecean,159,510,1,0
maingue1,159,512,2,0
saules1,159,512,3,0
provenc1,159,513,4,0
cxrobr1,159,514,5,0
patis1,159,516,6,0
turba1,159,516,7,0
champel1,159,523,8,0
htgrip1,159,524,9,0
rigourdt,159,524,10,0
bordage1,159,526,11,0
haltece1,159,526,12,0
zapeup1,159,527,13,0
monnia1,159,528,14,0
rdptbra1,159,529,15,0
taillis1,159,532,16,0
belair1,159,533,17,0
tourneb1,159,534,18,0
piletie1,159,535,19,0
mouljgl1,159,536,20,0
horegn1,159,537,21,0
durafst1,159,538,22,0
robidou1,159,540,23,0
repto1,159,543,24,1
brecean,162,395,1,0
maingue1,162,397,2,0
saules1,162,398,3,0
provenc1,162,399,4,0
cxrobr1,162,400,5,0
patis1,162,402,6,0
turba1,162,402,7,0
champel1,162,409,8,0
htgrip1,162,410,9,0
bordage1,162,411,10,0
haltece1,162,412,11,0
zapeup1,162,412,12,0
monnia1,162,414,13,0
rdptbra1,162,415,14,0
taillis1,162,418,15,0
belair1,162,419,16,0
tourneb1,162,420,17,0
piletie1,162,421,18,0
mouljgl1,162,422,19,0
horegn1,162,423,20,0
durafst1,162,424,21,0
robidou1,162,426,22,0
repto1,162,430,23,1
repto1,3855,860,2,0
ptpastm2,3855,861,3,0
robidou2,3855,864,4,0
durafst2,3855,866,5,0
horegn2,3855,867,6,0
mouljgl2,3855,867,7,0
piletie2,3855,868,8,0
tourneb2,3855,869,9,0
belair2,3855,870,10,0
taillis2,3855,871,11,0
rdpbra2,3855,875,12,0
monnia2,3855,876,13,0
zapeup2,3855,877,14,0
haltece2,3855,878,15,0
bordage2,3855,878,16,0
rigourdt,3855,880,17,1
repto1,3877,715,2,0
ptpastm2,3877,716,3,0
robidou2,3877,719,4,0
durafst2,3877,721,5,0
horegn2,3877,722,6,0
mouljgl2,3877,722,7,0
piletie2,3877,723,8,0
tourneb2,3877,724,9,0
belair2,3877,725,10,0
taillis2,3877,726,11,0
rdpbra2,3877,730,12,0
monnia2,3877,731,13,0
zapeup2,3877,732,14,0
haltece2,3877,733,15,0
bordage2,3877,734,16,0
rigoudi2,3877,736,17,0
turba2,3877,745,18,0
patis2,3877,745,19,0
cxrobr2,3877,747,20,0
provenc2,3877,748,21,0
saules2,3877,749,22,0
maingue2,3877,749,23,0
brecean,3877,750,24,1
brecean,3982,1135,1,0
maingue1,3982,1137,2,0
saules1,3982,1137,3,0
provenc1,3982,1138,4,0
cxrobr1,3982,1139,5,0
patis1,3982,1141,6,0
turba1,3982,1141,7,0
champel1,3982,1148,8,0
htgrip1,3982,1149,9,0
rigourdt,3982,1149,10,0
bordage1,3982,1151,11,0
haltece1,3982,1152,12,0
zapeup1,3982,1152,13,0
monnia1,3982,1154,14,0
rdptbra1,3982,1155,15,0
taillis1,3982,1158,16,0
belair1,3982,1159,17,0
tourneb1,3982,1160,18,0
piletie1,3982,1161,19,0
mouljgl1,3982,1162,20,0
horegn1,3982,1162,21,0
durafst1,3982,1163,22,0
robidou1,3982,1165,23,0
repto1,3982,1169,24,1
brecean,3155,1080,1,0
maingue1,3155,1082,2,0
saules1,3155,1083,3,0
provenc1,3155,1084,4,0
cxrobr1,3155,1085,5,0
patis1,3155,1087,6,0
turba1,3155,1087,7,0
champel1,3155,1095,8,0
htgrip1,3155,1096,9,0
rigourdt,3155,1096,10,0
bordage1,3155,1098,11,0
haltece1,3155,1099,12,0
zapeup1,3155,1099,13,0
monnia1,3155,1101,14,0
rdptbra1,3155,1102,15,0
taillis1,3155,1105,16,0
belair1,3155,1106,17,0
tourneb1,3155,1107,18,0
piletie1,3155,1108,19,0
mouljgl1,3155,1109,20,0
horegn1,3155,1110,21,0
durafst1,3155,1111,22,0
robidou1,3155,1114,23,0
repto1,3155,1118,24,1
repto1,532,940,2,0
ptpastm2,532,941,3,0
robidou2,532,944,4,0
durafst2,532,946,5,0
horegn2,532,947,6,0
mouljgl2,532,947,7,0
piletie2,532,948,8,0
tourneb2,532,949,9,0
belair2,532,950,10,0
taillis2,532,951,11,0
rdpbra2,532,955,12,0
monnia2,532,956,13,0
zapeup2,532,957,14,0
haltece2,532,958,15,0
bordage2,532,958,16,0
rigoudi2,532,960,17,0
turba2,532,969,18,0
patis2,532,969,19,0
cxrobr2,532,971,20,0
provenc2,532,972,21,0
saules2,532,973,22,0
maingue2,532,974,23,0
brecean,532,975,24,1
repto1,538,1130,2,0
ptpastm2,538,1131,3,0
robidou2,538,1134,4,0
durafst2,538,1136,5,0
horegn2,538,1137,6,0
mouljgl2,538,1137,7,0
piletie2,538,1138,8,0
tourneb2,538,1139,9,0
belair2,538,1140,10,0
taillis2,538,1141,11,0
rdpbra2,538,1145,12,0
monnia2,538,1146,13,0
zapeup2,538,1147,14,0
haltece2,538,1148,15,0
bordage2,538,1149,16,0
rigoudi2,538,1151,17,0
turba2,538,1160,18,0
patis2,538,1160,19,0
cxrobr2,538,1162,20,0
provenc2,538,1163,21,0
saules2,538,1164,22,0
maingue2,538,1164,23,0
brecean,538,1165,24,1
rigourdt,2979,600,1,0
bordage1,2979,602,2,0
haltece1,2979,603,3,0
zapeup1,2979,603,4,0
monnia1,2979,605,5,0
rdptbra1,2979,606,6,0
taillis1,2979,609,7,0
belair1,2979,610,8,0
tourneb1,2979,611,9,0
piletie1,2979,612,10,0
mouljgl1,2979,613,11,0
horegn1,2979,614,12,0
durafst1,2979,615,13,0
robidou1,2979,617,14,0
repto1,2979,621,15,1
rigourdt,2991,829,1,0
bordage1,2991,831,2,0
haltece1,2991,832,3,0
zapeup1,2991,832,4,0
monnia1,2991,834,5,0
rdptbra1,2991,835,6,0
taillis1,2991,838,7,0
belair1,2991,839,8,0
tourneb1,2991,840,9,0
piletie1,2991,841,10,0
mouljgl1,2991,842,11,0
horegn1,2991,843,12,0
durafst1,2991,844,13,0
robidou1,2991,846,14,0
repto1,2991,850,15,1
brecean,4706,480,1,0
maingue1,4706,482,2,0
saules1,4706,483,3,0
provenc1,4706,484,4,0
cxrobr1,4706,485,5,0
patis1,4706,487,6,0
turba1,4706,488,7,0
champel1,4706,496,8,0
htgrip1,4706,497,9,0
bordage1,4706,498,10,0
haltece1,4706,499,11,0
zapeup1,4706,499,12,0
monnia1,4706,501,13,0
rdptbra1,4706,503,14,0
taillis1,4706,508,15,0
belair1,4706,510,16,0
tourneb1,4706,511,17,0
piletie1,4706,512,18,0
mouljgl1,4706,513,19,0
horegn1,4706,514,20,0
durafst1,4706,515,21,0
robidou1,4706,518,22,0
repto1,4706,522,23,1
repto1,2930,555,2,0
ptpastm2,2930,556,3,0
robidou2,2930,558,4,0
durafst2,2930,559,5,0
horegn2,2930,560,6,0
mouljgl2,2930,560,7,0
piletie2,2930,561,8,0
tourneb2,2930,562,9,0
belair2,2930,563,10,0
taillis2,2930,564,11,0
rdpbra2,2930,567,12,0
monnia2,2930,568,13,0
zapeup2,2930,569,14,0
haltece2,2930,570,15,0
bordage2,2930,571,16,0
rigoudi2,2930,573,17,0
turba2,2930,582,18,0
patis2,2930,582,19,0
cxrobr2,2930,584,20,0
provenc2,2930,585,21,0
saules2,2930,586,22,0
maingue2,2930,586,23,0
brecean,2930,587,24,1
repto1,1888,1050,2,0
ptpastm2,1888,1051,3,0
robidou2,1888,1054,4,0
durafst2,1888,1057,5,0
horegn2,1888,1058,6,0
mouljgl2,1888,1058,7,0
piletie2,1888,1060,8,0
tourneb2,1888,1061,9,0
belair2,1888,1063,10,0
taillis2,1888,1064,11,0
rdpbra2,1888,1068,12,0
monnia2,1888,1069,13,0
zapeup2,1888,1070,14,0
haltece2,1888,1071,15,0
bordage2,1888,1072,16,0
rigoudi2,1888,1074,17,0
turba2,1888,1084,18,0
patis2,1888,1084,19,0
cxrobr2,1888,1086,20,0
provenc2,1888,1087,21,0
saules2,1888,1088,22,0
maingue2,1888,1089,23,0
brecean,1888,1090,24,1
repto1,2928,1090,2,0
ptpastm2,2928,1091,3,0
robidou2,2928,1094,4,0
durafst2,2928,1096,5,0
horegn2,2928,1097,6,0
mouljgl2,2928,1097,7,0
piletie2,2928,1099,8,0
tourneb2,2928,1100,9,0
belair2,2928,1101,10,0
taillis2,2928,1102,11,0
rdpbra2,2928,1106,12,0
monnia2,2928,1107,13,0
zapeup2,2928,1108,14,0
haltece2,2928,1109,15,0
bordage2,2928,1109,16,0
rigoudi2,2928,1111,17,0
turba2,2928,1120,18,0
patis2,2928,1120,19,0
cxrobr2,2928,1122,20,0
provenc2,2928,1123,21,0
saules2,2928,1124,22,0
maingue2,2928,1125,23,0
brecean,2928,1126,24,1
repto1,4695,660,2,0
ptpastm2,4695,661,3,0
robidou2,4695,664,4,0
durafst2,4695,666,5,0
horegn2,4695,667,6,0
mouljgl2,4695,667,7,0
piletie2,4695,668,8,0
tourneb2,4695,669,9,0
belair2,4695,670,10,0
taillis2,4695,671,11,0
rdpbra2,4695,675,12,0
monnia2,4695,676,13,0
zapeup2,4695,677,14,0
haltece2,4695,678,15,0
bordage2,4695,679,16,0
rigoudi2,4695,681,17,0
turba2,4695,690,18,0
patis2,4695,690,19,0
cxrobr2,4695,692,20,0
provenc2,4695,693,21,0
saules2,4695,694,22,0
maingue2,4695,694,23,0
brecean,4695,695,24,1
repto1,593,455,2,0
ptpastm2,593,456,3,0
robidou2,593,459,4,0
durafst2,593,462,5,0
horegn2,593,463,6,0
mouljgl2,593,463,7,0
piletie2,593,464,8,0
tourneb2,593,465,9,0
belair2,593,466,10,0
taillis2,593,467,11,0
rdpbra2,593,471,12,0
monnia2,593,472,13,0
zapeup2,593,473,14,0
haltece2,593,474,15,0
bordage2,593,475,16,0
rigoudi2,593,477,17,0
turba2,593,486,18,0
patis2,593,486,19,0
cxrobr2,593,488,20,0
provenc2,593,489,21,0
saules2,593,490,22,0
maingue2,593,490,23,0
brecean,593,491,24,1
repto1,6767,890,2,0
ptpastm2,6767,891,3,0
robidou2,6767,894,4,0
durafst2,6767,896,5,0
horegn2,6767,897,6,0
mouljgl2,6767,897,7,0
piletie2,6767,898,8,0
tourneb2,6767,899,9,0
belair2,6767,900,10,0
taillis2,6767,901,11,0
rdpbra2,6767,905,12,0
monnia2,6767,906,13,0
zapeup2,6767,907,14,0
haltece2,6767,908,15,0
bordage2,6767,909,16,0
rigoudi2,6767,911,17,0
turba2,6767,920,18,0
patis2,6767,920,19,0
cxrobr2,6767,922,20,0
provenc2,6767,923,21,0
saules2,6767,924,22,0
maingue2,6767,924,23,0
brecean,6767,925,24,1
brecean,421,1045,1,0
maingue1,421,1047,2,0
saules1,421,1048,3,0
provenc1,421,1049,4,0
cxrobr1,421,1050,5,0
patis1,421,1052,6,0
turba1,421,1052,7,0
champel1,421,1060,8,0
htgrip1,421,1061,9,0
rigourdt,421,1061,10,0
bordage1,421,1063,11,0
haltece1,421,1064,12,0
zapeup1,421,1064,13,0
monnia1,421,1066,14,0
rdptbra1,421,1067,15,0
taillis1,421,1070,16,0
belair1,421,1071,17,0
tourneb1,421,1072,18,0
piletie1,421,1073,19,0
mouljgl1,421,1074,20,0
horegn1,421,1075,21,0
durafst1,421,1076,22,0
robidou1,421,1078,23,0
repto1,421,1082,24,1
repto1,442,750,2,0
turba2,442,770,3,0
patis2,442,770,4,0
cxrobr2,442,772,5,0
provenc2,442,773,6,0
saules2,442,775,7,0
maingue2,442,776,8,0
brecean,442,778,9,1
brecean,450,609,1,0
maingue1,450,611,2,0
saules1,450,612,3,0
provenc1,450,613,4,0
cxrobr1,450,614,5,0
patis1,450,616,6,0
turba1,450,616,7,0
champel1,450,624,8,0
htgrip1,450,625,9,0
rigourdt,450,625,10,0
bordage1,450,627,11,0
haltece1,450,628,12,0
zapeup1,450,628,13,0
monnia1,450,630,14,0
rdptbra1,450,631,15,0
taillis1,450,634,16,0
belair1,450,635,17,0
tourneb1,450,636,18,0
piletie1,450,637,19,0
mouljgl1,450,638,20,0
horegn1,450,639,21,0
durafst1,450,640,22,0
robidou1,450,642,23,0
repto1,450,646,24,1
brecean,1766,540,1,0
maingue1,1766,542,2,0
saules1,1766,543,3,0
provenc1,1766,544,4,0
cxrobr1,1766,545,5,0
patis1,1766,547,6,0
turba1,1766,547,7,0
champel1,1766,556,8,0
htgrip1,1766,557,9,0
rigourdt,1766,557,10,0
bordage1,1766,559,11,0
haltece1,1766,560,12,0
zapeup1,1766,560,13,0
monnia1,1766,562,14,0
rdptbra1,1766,563,15,0
taillis1,1766,566,16,0
belair1,1766,567,17,0
tourneb1,1766,568,18,0
piletie1,1766,569,19,0
mouljgl1,1766,570,20,0
horegn1,1766,571,21,0
durafst1,1766,572,22,0
robidou1,1766,574,23,0
repto1,1766,578,24,1
brecean,2816,1100,1,0
maingue1,2816,1102,2,0
saules1,2816,1103,3,0
provenc1,2816,1104,4,0
cxrobr1,2816,1105,5,0
patis1,2816,1107,6,0
turba1,2816,1107,7,0
champel1,2816,1115,8,0
htgrip1,2816,1116,9,0
rigourdt,2816,1116,10,0
bordage1,2816,1118,11,0
haltece1,2816,1119,12,0
zapeup1,2816,1119,13,0
monnia1,2816,1121,14,0
rdptbra1,2816,1122,15,0
taillis1,2816,1125,16,0
belair1,2816,1126,17,0
tourneb1,2816,1127,18,0
piletie1,2816,1128,19,0
mouljgl1,2816,1129,20,0
horegn1,2816,1130,21,0
durafst1,2816,1131,22,0
robidou1,2816,1134,23,0
repto1,2816,1138,24,1
repto1,6735,575,2,0
ptpastm2,6735,576,3,0
robidou2,6735,578,4,0
durafst2,6735,579,5,0
horegn2,6735,580,6,0
mouljgl2,6735,580,7,0
piletie2,6735,581,8,0
tourneb2,6735,582,9,0
belair2,6735,583,10,0
taillis2,6735,584,11,0
rdpbra2,6735,587,12,0
monnia2,6735,588,13,0
zapeup2,6735,589,14,0
haltece2,6735,590,15,0
bordage2,6735,591,16,0
rigourdt,6735,593,17,1
brecean,2808,1120,1,0
maingue1,2808,1122,2,0
saules1,2808,1123,3,0
provenc1,2808,1124,4,0
cxrobr1,2808,1125,5,0
patis1,2808,1127,6,0
turba1,2808,1127,7,0
champel1,2808,1135,8,0
htgrip1,2808,1136,9,0
rigourdt,2808,1136,10,0
bordage1,2808,1138,11,0
haltece1,2808,1139,12,0
zapeup1,2808,1139,13,0
monnia1,2808,1141,14,0
rdptbra1,2808,1142,15,0
taillis1,2808,1145,16,0
belair1,2808,1146,17,0
tourneb1,2808,1147,18,0
piletie1,2808,1148,19,0
mouljgl1,2808,1149,20,0
horegn1,2808,1150,21,0
durafst1,2808,1151,22,0
robidou1,2808,1153,23,0
repto1,2808,1157,24,1
repto1,6707,1070,2,0
ptpastm2,6707,1071,3,0
robidou2,6707,1074,4,0
durafst2,6707,1077,5,0
horegn2,6707,1078,6,0
mouljgl2,6707,1078,7,0
piletie2,6707,1080,8,0
tourneb2,6707,1081,9,0
belair2,6707,1083,10,0
taillis2,6707,1084,11,0
rdpbra2,6707,1088,12,0
monnia2,6707,1089,13,0
zapeup2,6707,1090,14,0
haltece2,6707,1091,15,0
bordage2,6707,1092,16,0
rigoudi2,6707,1094,17,0
turba2,6707,1104,18,0
patis2,6707,1104,19,0
cxrobr2,6707,1106,20,0
provenc2,6707,1107,21,0
saules2,6707,1108,22,0
maingue2,6707,1109,23,0
brecean,6707,1110,24,1
brecean,6717,420,1,0
maingue1,6717,421,2,0
saules1,6717,422,3,0
provenc1,6717,422,4,0
cxrobr1,6717,423,5,0
patis1,6717,425,6,0
turba1,6717,425,7,0
champel1,6717,433,8,0
htgrip1,6717,434,9,0
bordage1,6717,435,10,0
haltece1,6717,435,11,0
zapeup1,6717,436,12,0
monnia1,6717,437,13,0
rdptbra1,6717,438,14,0
taillis1,6717,440,15,0
belair1,6717,441,16,0
tourneb1,6717,442,17,0
piletie1,6717,443,18,0
mouljgl1,6717,444,19,0
horegn1,6717,445,20,0
durafst1,6717,446,21,0
robidou1,6717,448,22,0
repto1,6717,451,23,1
brecean,4510,520,1,0
maingue1,4510,522,2,0
saules1,4510,523,3,0
provenc1,4510,524,4,0
cxrobr1,4510,525,5,0
patis1,4510,527,6,0
turba1,4510,527,7,0
champel1,4510,536,8,0
htgrip1,4510,537,9,0
rigourdt,4510,537,10,0
bordage1,4510,539,11,0
haltece1,4510,540,12,0
zapeup1,4510,540,13,0
monnia1,4510,542,14,0
rdptbra1,4510,543,15,0
taillis1,4510,546,16,0
belair1,4510,547,17,0
tourneb1,4510,548,18,0
piletie1,4510,549,19,0
mouljgl1,4510,550,20,0
horegn1,4510,551,21,0
durafst1,4510,552,22,0
robidou1,4510,554,23,0
repto1,4510,558,24,1
brecean,494,1020,1,0
maingue1,494,1022,2,0
saules1,494,1023,3,0
provenc1,494,1024,4,0
cxrobr1,494,1025,5,0
patis1,494,1027,6,0
turba1,494,1027,7,0
champel1,494,1035,8,0
htgrip1,494,1036,9,0
rigourdt,494,1036,10,0
bordage1,494,1038,11,0
haltece1,494,1039,12,0
zapeup1,494,1039,13,0
monnia1,494,1041,14,0
rdptbra1,494,1043,15,0
taillis1,494,1046,16,0
belair1,494,1048,17,0
tourneb1,494,1049,18,0
piletie1,494,1050,19,0
mouljgl1,494,1051,20,0
horegn1,494,1052,21,0
durafst1,494,1053,22,0
robidou1,494,1056,23,0
repto1,494,1060,24,1
repto1,4571,970,2,0
ptpastm2,4571,971,3,0
robidou2,4571,974,4,0
durafst2,4571,977,5,0
horegn2,4571,978,6,0
mouljgl2,4571,978,7,0
piletie2,4571,980,8,0
tourneb2,4571,981,9,0
belair2,4571,982,10,0
taillis2,4571,983,11,0
rdpbra2,4571,987,12,0
monnia2,4571,988,13,0
zapeup2,4571,989,14,0
haltece2,4571,990,15,0
bordage2,4571,991,16,0
rigoudi2,4571,993,17,0
turba2,4571,1002,18,0
patis2,4571,1002,19,0
cxrobr2,4571,1004,20,0
provenc2,4571,1005,21,0
saules2,4571,1006,22,0
maingue2,4571,1006,23,0
brecean,4571,1007,24,1
rigourdt,1684,996,1,0
bordage1,1684,998,2,0
haltece1,1684,999,3,0
zapeup1,1684,999,4,0
monnia1,1684,1001,5,0
rdptbra1,1684,1003,6,0
taillis1,1684,1006,7,0
belair1,1684,1007,8,0
tourneb1,1684,1008,9,0
piletie1,1684,1009,10,0
mouljgl1,1684,1010,11,0
horegn1,1684,1011,12,0
durafst1,1684,1012,13,0
robidou1,1684,1015,14,0
repto1,1684,1019,15,1
brecean,4911,1015,1,0
maingue1,4911,1017,2,0
saules1,4911,1018,3,0
provenc1,4911,1019,4,0
cxrobr1,4911,1020,5,0
patis1,4911,1022,6,0
turba1,4911,1022,7,0
champel1,4911,1030,8,0
htgrip1,4911,1031,9,0
rigourdt,4911,1031,10,0
bordage1,4911,1033,11,0
haltece1,4911,1034,12,0
zapeup1,4911,1034,13,0
monnia1,4911,1036,14,0
rdptbra1,4911,1037,15,0
taillis1,4911,1040,16,0
belair1,4911,1041,17,0
tourneb1,4911,1042,18,0
piletie1,4911,1043,19,0
mouljgl1,4911,1044,20,0
horegn1,4911,1045,21,0
durafst1,4911,1046,22,0
robidou1,4911,1048,23,0
repto1,4911,1052,24,1
repto1,1573,840,2,0
turba2,1573,860,3,0
patis2,1573,860,4,0
cxrobr2,1573,862,5,0
provenc2,1573,863,6,0
saules2,1573,865,7,0
maingue2,1573,866,8,0
brecean,1573,868,9,1
rigourdt,5944,600,1,0
bordage1,5944,602,2,0
haltece1,5944,602,3,0
zapeup1,5944,603,4,0
monnia1,5944,604,5,0
rdptbra1,5944,605,6,0
taillis1,5944,608,7,0
belair1,5944,609,8,0
tourneb1,5944,610,9,0
piletie1,5944,611,10,0
mouljgl1,5944,612,11,0
horegn1,5944,613,12,0
durafst1,5944,614,13,0
robidou1,5944,616,14,0
repto1,5944,620,15,1
rigourdt,5979,710,1,0
bordage1,5979,712,2,0
haltece1,5979,713,3,0
zapeup1,5979,713,4,0
monnia1,5979,715,5,0
rdptbra1,5979,716,6,0
taillis1,5979,719,7,0
belair1,5979,720,8,0
tourneb1,5979,721,9,0
piletie1,5979,722,10,0
mouljgl1,5979,723,11,0
horegn1,5979,724,12,0
durafst1,5979,725,13,0
robidou1,5979,727,14,0
repto1,5979,731,15,1
brecean,361,714,1,0
maingue1,361,716,2,0
saules1,361,717,3,0
provenc1,361,718,4,0
cxrobr1,361,719,5,0
patis1,361,721,6,0
turba1,361,721,7,0
champel1,361,729,8,0
htgrip1,361,730,9,0
rigourdt,361,730,10,0
bordage1,361,732,11,0
haltece1,361,733,12,0
zapeup1,361,733,13,0
monnia1,361,735,14,0
rdptbra1,361,736,15,0
taillis1,361,739,16,0
belair1,361,740,17,0
tourneb1,361,741,18,0
piletie1,361,742,19,0
mouljgl1,361,743,20,0
horegn1,361,744,21,0
durafst1,361,745,22,0
robidou1,361,747,23,0
repto1,361,751,24,1
brecean,226,500,1,0
maingue1,226,502,2,0
saules1,226,503,3,0
provenc1,226,504,4,0
cxrobr1,226,505,5,0
patis1,226,507,6,0
turba1,226,508,7,0
champel1,226,516,8,0
htgrip1,226,517,9,0
bordage1,226,518,10,0
haltece1,226,519,11,0
zapeup1,226,519,12,0
monnia1,226,521,13,0
rdptbra1,226,523,14,0
taillis1,226,528,15,0
belair1,226,529,16,0
tourneb1,226,530,17,0
piletie1,226,531,18,0
mouljgl1,226,532,19,0
horegn1,226,533,20,0
durafst1,226,534,21,0
robidou1,226,537,22,0
repto1,226,541,23,1
rigourdt,5913,654,1,0
bordage1,5913,656,2,0
haltece1,5913,657,3,0
zapeup1,5913,657,4,0
monnia1,5913,659,5,0
rdptbra1,5913,660,6,0
taillis1,5913,663,7,0
belair1,5913,664,8,0
tourneb1,5913,665,9,0
piletie1,5913,666,10,0
mouljgl1,5913,667,11,0
horegn1,5913,668,12,0
durafst1,5913,669,13,0
robidou1,5913,671,14,0
repto1,5913,675,15,1
repto1,5929,860,2,0
ptpastm2,5929,861,3,0
robidou2,5929,864,4,0
durafst2,5929,866,5,0
horegn2,5929,867,6,0
mouljgl2,5929,867,7,0
piletie2,5929,868,8,0
tourneb2,5929,869,9,0
belair2,5929,870,10,0
taillis2,5929,871,11,0
rdpbra2,5929,875,12,0
monnia2,5929,876,13,0
zapeup2,5929,877,14,0
haltece2,5929,878,15,0
bordage2,5929,879,16,0
rigourdt,5929,881,17,1
brecean,4824,789,1,0
maingue1,4824,791,2,0
saules1,4824,792,3,0
provenc1,4824,793,4,0
cxrobr1,4824,794,5,0
patis1,4824,796,6,0
turba1,4824,796,7,0
champel1,4824,804,8,0
htgrip1,4824,805,9,0
rigourdt,4824,805,10,0
bordage1,4824,807,11,0
haltece1,4824,808,12,0
zapeup1,4824,808,13,0
monnia1,4824,810,14,0
rdptbra1,4824,811,15,0
taillis1,4824,814,16,0
belair1,4824,815,17,0
tourneb1,4824,816,18,0
piletie1,4824,817,19,0
mouljgl1,4824,818,20,0
horegn1,4824,819,21,0
durafst1,4824,820,22,0
robidou1,4824,822,23,0
repto1,4824,826,24,1
repto1,1551,1060,2,0
ptpastm2,1551,1061,3,0
robidou2,1551,1064,4,0
durafst2,1551,1066,5,0
horegn2,1551,1067,6,0
mouljgl2,1551,1067,7,0
piletie2,1551,1069,8,0
tourneb2,1551,1070,9,0
belair2,1551,1071,10,0
taillis2,1551,1072,11,0
rdpbra2,1551,1076,12,0
monnia2,1551,1077,13,0
zapeup2,1551,1078,14,0
haltece2,1551,1079,15,0
bordage2,1551,1079,16,0
rigoudi2,1551,1081,17,0
turba2,1551,1090,18,0
patis2,1551,1090,19,0
cxrobr2,1551,1092,20,0
provenc2,1551,1093,21,0
saules2,1551,1094,22,0
maingue2,1551,1095,23,0
brecean,1551,1096,24,1
repto1,1475,1120,2,0
ptpastm2,1475,1121,3,0
robidou2,1475,1124,4,0
durafst2,1475,1126,5,0
horegn2,1475,1127,6,0
mouljgl2,1475,1127,7,0
piletie2,1475,1129,8,0
tourneb2,1475,1130,9,0
belair2,1475,1131,10,0
taillis2,1475,1132,11,0
rdpbra2,1475,1136,12,0
monnia2,1475,1137,13,0
zapeup2,1475,1138,14,0
haltece2,1475,1139,15,0
bordage2,1475,1139,16,0
rigoudi2,1475,1141,17,0
turba2,1475,1150,18,0
patis2,1475,1150,19,0
cxrobr2,1475,1152,20,0
provenc2,1475,1153,21,0
saules2,1475,1154,22,0
maingue2,1475,1155,23,0
brecean,1475,1156,24,1
repto1,281,760,2,0
ptpastm2,281,761,3,0
robidou2,281,763,4,0
durafst2,281,765,5,0
horegn2,281,766,6,0
mouljgl2,281,766,7,0
piletie2,281,767,8,0
tourneb2,281,768,9,0
belair2,281,769,10,0
taillis2,281,770,11,0
rdpbra2,281,774,12,0
monnia2,281,775,13,0
zapeup2,281,776,14,0
haltece2,281,777,15,0
bordage2,281,777,16,0
rigourdt,281,779,17,1
brecean,926,1165,1,0
maingue1,926,1167,2,0
saules1,926,1167,3,0
provenc1,926,1168,4,0
cxrobr1,926,1169,5,0
patis1,926,1171,6,0
turba1,926,1171,7,0
champel1,926,1179,8,0
htgrip1,926,1180,9,0
rigourdt,926,1180,10,0
bordage1,926,1182,11,0
haltece1,926,1183,12,0
zapeup1,926,1183,13,0
monnia1,926,1185,14,0
rdptbra1,926,1186,15,0
taillis1,926,1189,16,0
belair1,926,1190,17,0
tourneb1,926,1191,18,0
piletie1,926,1192,19,0
mouljgl1,926,1193,20,0
horegn1,926,1194,21,0
durafst1,926,1195,22,0
robidou1,926,1197,23,0
repto1,926,1201,24,1
brecean,986,985,1,0
maingue1,986,987,2,0
saules1,986,988,3,0
provenc1,986,989,4,0
cxrobr1,986,990,5,0
patis1,986,992,6,0
turba1,986,992,7,0
champel1,986,1000,8,0
htgrip1,986,1001,9,0
rigourdt,986,1001,10,0
bordage1,986,1003,11,0
haltece1,986,1004,12,0
zapeup1,986,1004,13,0
monnia1,986,1006,14,0
rdptbra1,986,1007,15,0
taillis1,986,1010,16,0
belair1,986,1011,17,0
tourneb1,986,1012,18,0
piletie1,986,1013,19,0
mouljgl1,986,1014,20,0
horegn1,986,1015,21,0
durafst1,986,1016,22,0
robidou1,986,1018,23,0
repto1,986,1022,24,1
repto1,978,1050,2,0
turba2,978,1070,3,0
patis2,978,1070,4,0
cxrobr2,978,1072,5,0
provenc2,978,1073,6,0
saules2,978,1075,7,0
maingue2,978,1076,8,0
brecean,978,1078,9,1
repto1,1407,990,2,0
ptpastm2,1407,991,3,0
robidou2,1407,994,4,0
durafst2,1407,997,5,0
horegn2,1407,998,6,0
mouljgl2,1407,998,7,0
piletie2,1407,1000,8,0
tourneb2,1407,1001,9,0
belair2,1407,1002,10,0
taillis2,1407,1003,11,0
rdpbra2,1407,1007,12,0
monnia2,1407,1008,13,0
zapeup2,1407,1009,14,0
haltece2,1407,1010,15,0
bordage2,1407,1011,16,0
rigoudi2,1407,1013,17,0
turba2,1407,1022,18,0
patis2,1407,1022,19,0
cxrobr2,1407,1024,20,0
provenc2,1407,1025,21,0
saules2,1407,1026,22,0
maingue2,1407,1027,23,0
brecean,1407,1028,24,1
repto1,953,1180,2,0
ptpastm2,953,1181,3,0
robidou2,953,1184,4,0
durafst2,953,1186,5,0
horegn2,953,1187,6,0
mouljgl2,953,1187,7,0
piletie2,953,1188,8,0
tourneb2,953,1189,9,0
belair2,953,1190,10,0
taillis2,953,1191,11,0
rdpbra2,953,1195,12,0
monnia2,953,1196,13,0
zapeup2,953,1197,14,0
haltece2,953,1198,15,0
bordage2,953,1199,16,0
rigoudi2,953,1201,17,0
turba2,953,1210,18,0
patis2,953,1210,19,0
cxrobr2,953,1212,20,0
provenc2,953,1213,21,0
saules2,953,1214,22,0
maingue2,953,1214,23,0
brecean,953,1215,24,1
repto1,2426,1110,2,0
ptpastm2,2426,1111,3,0
robidou2,2426,1114,4,0
durafst2,2426,1116,5,0
horegn2,2426,1117,6,0
mouljgl2,2426,1117,7,0
piletie2,2426,1119,8,0
tourneb2,2426,1120,9,0
belair2,2426,1121,10,0
taillis2,2426,1122,11,0
rdpbra2,2426,1126,12,0
monnia2,2426,1127,13,0
zapeup2,2426,1128,14,0
haltece2,2426,1129,15,0
bordage2,2426,1130,16,0
rigoudi2,2426,1132,17,0
turba2,2426,1141,18,0
patis2,2426,1141,19,0
cxrobr2,2426,1143,20,0
provenc2,2426,1144,21,0
saules2,2426,1145,22,0
maingue2,2426,1145,23,0
brecean,2426,1146,24,1
rigourdt,2448,549,1,0
bordage1,2448,551,2,0
haltece1,2448,551,3,0
zapeup1,2448,552,4,0
monnia1,2448,553,5,0
rdptbra1,2448,554,6,0
taillis1,2448,557,7,0
belair1,2448,558,8,0
tourneb1,2448,559,9,0
piletie1,2448,560,10,0
mouljgl1,2448,561,11,0
horegn1,2448,562,12,0
durafst1,2448,563,13,0
robidou1,2448,565,14,0
repto1,2448,568,15,1
repto1,5772,685,2,0
ptpastm2,5772,686,3,0
robidou2,5772,688,4,0
durafst2,5772,690,5,0
horegn2,5772,691,6,0
mouljgl2,5772,691,7,0
piletie2,5772,692,8,0
tourneb2,5772,693,9,0
belair2,5772,694,10,0
taillis2,5772,695,11,0
rdpbra2,5772,699,12,0
monnia2,5772,700,13,0
zapeup2,5772,701,14,0
haltece2,5772,702,15,0
bordage2,5772,702,16,0
rigourdt,5772,704,17,1
repto1,5710,1150,2,0
ptpastm2,5710,1151,3,0
robidou2,5710,1154,4,0
durafst2,5710,1156,5,0
horegn2,5710,1157,6,0
mouljgl2,5710,1157,7,0
piletie2,5710,1158,8,0
tourneb2,5710,1159,9,0
belair2,5710,1160,10,0
taillis2,5710,1161,11,0
rdpbra2,5710,1165,12,0
monnia2,5710,1166,13,0
zapeup2,5710,1167,14,0
haltece2,5710,1168,15,0
bordage2,5710,1169,16,0
rigoudi2,5710,1171,17,0
turba2,5710,1180,18,0
patis2,5710,1180,19,0
cxrobr2,5710,1182,20,0
provenc2,5710,1183,21,0
saules2,5710,1184,22,0
maingue2,5710,1184,23,0
brecean,5710,1185,24,1
repto1,2499,1150,2,0
ptpastm2,2499,1151,3,0
robidou2,2499,1154,4,0
durafst2,2499,1156,5,0
horegn2,2499,1157,6,0
mouljgl2,2499,1157,7,0
piletie2,2499,1159,8,0
tourneb2,2499,1160,9,0
belair2,2499,1161,10,0
taillis2,2499,1162,11,0
rdpbra2,2499,1166,12,0
monnia2,2499,1167,13,0
zapeup2,2499,1168,14,0
haltece2,2499,1169,15,0
bordage2,2499,1169,16,0
rigoudi2,2499,1171,17,0
turba2,2499,1180,18,0
patis2,2499,1180,19,0
cxrobr2,2499,1182,20,0
provenc2,2499,1183,21,0
saules2,2499,1184,22,0
maingue2,2499,1185,23,0
brecean,2499,1186,24,1
brecean,4269,843,1,0
maingue1,4269,845,2,0
saules1,4269,846,3,0
provenc1,4269,847,4,0
cxrobr1,4269,848,5,0
patis1,4269,850,6,0
turba1,4269,850,7,0
champel1,4269,858,8,0
htgrip1,4269,859,9,0
rigourdt,4269,859,10,0
bordage1,4269,861,11,0
haltece1,4269,862,12,0
zapeup1,4269,862,13,0
monnia1,4269,864,14,0
rdptbra1,4269,865,15,0
taillis1,4269,868,16,0
belair1,4269,869,17,0
tourneb1,4269,870,18,0
piletie1,4269,871,19,0
mouljgl1,4269,872,20,0
horegn1,4269,873,21,0
durafst1,4269,874,22,0
robidou1,4269,876,23,0
repto1,4269,880,24,1
repto1,4275,740,2,0
ptpastm2,4275,741,3,0
robidou2,4275,744,4,0
durafst2,4275,746,5,0
horegn2,4275,747,6,0
mouljgl2,4275,747,7,0
piletie2,4275,748,8,0
tourneb2,4275,749,9,0
belair2,4275,750,10,0
taillis2,4275,751,11,0
rdpbra2,4275,755,12,0
monnia2,4275,756,13,0
zapeup2,4275,757,14,0
haltece2,4275,758,15,0
bordage2,4275,759,16,0
rigoudi2,4275,761,17,0
turba2,4275,770,18,0
patis2,4275,770,19,0
cxrobr2,4275,772,20,0
provenc2,4275,773,21,0
saules2,4275,774,22,0
maingue2,4275,774,23,0
brecean,4275,775,24,1
brecean,1386,1165,1,0
maingue1,1386,1167,2,0
saules1,1386,1167,3,0
provenc1,1386,1168,4,0
cxrobr1,1386,1169,5,0
patis1,1386,1171,6,0
turba1,1386,1171,7,0
champel1,1386,1178,8,0
htgrip1,1386,1179,9,0
rigourdt,1386,1179,10,0
bordage1,1386,1181,11,0
haltece1,1386,1182,12,0
zapeup1,1386,1182,13,0
monnia1,1386,1184,14,0
rdptbra1,1386,1185,15,0
taillis1,1386,1188,16,0
belair1,1386,1189,17,0
tourneb1,1386,1190,18,0
piletie1,1386,1191,19,0
mouljgl1,1386,1192,20,0
horegn1,1386,1192,21,0
durafst1,1386,1193,22,0
robidou1,1386,1195,23,0
repto1,1386,1199,24,1
brecean,5790,445,1,0
maingue1,5790,447,2,0
saules1,5790,448,3,0
provenc1,5790,449,4,0
cxrobr1,5790,450,5,0
patis1,5790,452,6,0
turba1,5790,452,7,0
champel1,5790,460,8,0
htgrip1,5790,461,9,0
bordage1,5790,462,10,0
haltece1,5790,463,11,0
zapeup1,5790,463,12,0
monnia1,5790,465,13,0
rdptbra1,5790,467,14,0
taillis1,5790,472,15,0
belair1,5790,474,16,0
tourneb1,5790,475,17,0
piletie1,5790,476,18,0
mouljgl1,5790,477,19,0
horegn1,5790,478,20,0
durafst1,5790,479,21,0
robidou1,5790,482,22,0
repto1,5790,486,23,1
brecean,4195,903,1,0
maingue1,4195,905,2,0
saules1,4195,906,3,0
provenc1,4195,907,4,0
cxrobr1,4195,908,5,0
patis1,4195,910,6,0
turba1,4195,910,7,0
champel1,4195,918,8,0
htgrip1,4195,919,9,0
rigourdt,4195,919,10,0
bordage1,4195,921,11,0
haltece1,4195,922,12,0
zapeup1,4195,922,13,0
monnia1,4195,924,14,0
rdptbra1,4195,925,15,0
taillis1,4195,928,16,0
belair1,4195,929,17,0
tourneb1,4195,930,18,0
piletie1,4195,931,19,0
mouljgl1,4195,932,20,0
horegn1,4195,933,21,0
durafst1,4195,934,22,0
robidou1,4195,936,23,0
repto1,4195,940,24,1
repto1,873,1030,2,0
ptpastm2,873,1031,3,0
robidou2,873,1034,4,0
durafst2,873,1037,5,0
horegn2,873,1038,6,0
mouljgl2,873,1038,7,0
piletie2,873,1040,8,0
tourneb2,873,1041,9,0
belair2,873,1042,10,0
taillis2,873,1043,11,0
rdpbra2,873,1047,12,0
monnia2,873,1048,13,0
zapeup2,873,1049,14,0
haltece2,873,1050,15,0
bordage2,873,1051,16,0
rigoudi2,873,1053,17,0
turba2,873,1063,18,0
patis2,873,1063,19,0
cxrobr2,873,1065,20,0
provenc2,873,1066,21,0
saules2,873,1067,22,0
maingue2,873,1068,23,0
brecean,873,1069,24,1
brecean,2412,1195,1,0
maingue1,2412,1197,2,0
saules1,2412,1197,3,0
provenc1,2412,1198,4,0
cxrobr1,2412,1199,5,0
patis1,2412,1201,6,0
turba1,2412,1201,7,0
champel1,2412,1209,8,0
htgrip1,2412,1210,9,0
rigourdt,2412,1210,10,0
bordage1,2412,1212,11,0
haltece1,2412,1213,12,0
zapeup1,2412,1213,13,0
monnia1,2412,1215,14,0
rdptbra1,2412,1216,15,0
taillis1,2412,1218,16,0
belair1,2412,1219,17,0
tourneb1,2412,1220,18,0
piletie1,2412,1221,19,0
mouljgl1,2412,1222,20,0
horegn1,2412,1223,21,0
durafst1,2412,1224,22,0
robidou1,2412,1226,23,0
repto1,2412,1230,24,1
brecean,5638,460,1,0
maingue1,5638,461,2,0
saules1,5638,462,3,0
provenc1,5638,462,4,0
cxrobr1,5638,463,5,0
patis1,5638,465,6,0
turba1,5638,465,7,0
champel1,5638,473,8,0
htgrip1,5638,474,9,0
bordage1,5638,475,10,0
haltece1,5638,475,11,0
zapeup1,5638,476,12,0
monnia1,5638,477,13,0
rdptbra1,5638,478,14,0
taillis1,5638,481,15,0
belair1,5638,482,16,0
tourneb1,5638,483,17,0
piletie1,5638,484,18,0
mouljgl1,5638,485,19,0
horegn1,5638,486,20,0
durafst1,5638,487,21,0
robidou1,5638,489,22,0
repto1,5638,492,23,1
repto1,2318,475,2,0
ptpastm2,2318,476,3,0
robidou2,2318,479,4,0
durafst2,2318,482,5,0
horegn2,2318,483,6,0
mouljgl2,2318,483,7,0
piletie2,2318,484,8,0
tourneb2,2318,485,9,0
belair2,2318,486,10,0
taillis2,2318,487,11,0
rdpbra2,2318,491,12,0
monnia2,2318,492,13,0
zapeup2,2318,493,14,0
haltece2,2318,494,15,0
bordage2,2318,495,16,0
rigoudi2,2318,497,17,0
turba2,2318,506,18,0
patis2,2318,506,19,0
cxrobr2,2318,508,20,0
provenc2,2318,509,21,0
saules2,2318,510,22,0
maingue2,2318,510,23,0
brecean,2318,511,24,1
repto1,5617,960,2,0
turba2,5617,980,3,0
patis2,5617,980,4,0
cxrobr2,5617,982,5,0
provenc2,5617,983,6,0
saules2,5617,985,7,0
maingue2,5617,986,8,0
brecean,5617,988,9,1
repto1,4150,890,2,0
ptpastm2,4150,891,3,0
robidou2,4150,894,4,0
durafst2,4150,896,5,0
horegn2,4150,897,6,0
mouljgl2,4150,897,7,0
piletie2,4150,898,8,0
tourneb2,4150,899,9,0
belair2,4150,900,10,0
taillis2,4150,901,11,0
rdpbra2,4150,905,12,0
monnia2,4150,906,13,0
zapeup2,4150,907,14,0
haltece2,4150,908,15,0
bordage2,4150,908,16,0
rigoudi2,4150,910,17,0
turba2,4150,919,18,0
patis2,4150,919,19,0
cxrobr2,4150,921,20,0
provenc2,4150,922,21,0
saules2,4150,923,22,0
maingue2,4150,924,23,0
brecean,4150,925,24,1
repto1,4138,505,2,0
ptpastm2,4138,506,3,0
robidou2,4138,508,4,0
durafst2,4138,509,5,0
horegn2,4138,510,6,0
mouljgl2,4138,510,7,0
piletie2,4138,511,8,0
tourneb2,4138,512,9,0
belair2,4138,513,10,0
taillis2,4138,514,11,0
rdpbra2,4138,517,12,0
monnia2,4138,518,13,0
zapeup2,4138,519,14,0
haltece2,4138,520,15,0
bordage2,4138,521,16,0
rigoudi2,4138,523,17,0
turba2,4138,532,18,0
patis2,4138,532,19,0
cxrobr2,4138,534,20,0
provenc2,4138,535,21,0
saules2,4138,536,22,0
maingue2,4138,536,23,0
brecean,4138,537,24,1
repto1,4140,1000,2,0
ptpastm2,4140,1001,3,0
robidou2,4140,1004,4,0
durafst2,4140,1006,5,0
horegn2,4140,1007,6,0
mouljgl2,4140,1007,7,0
piletie2,4140,1009,8,0
tourneb2,4140,1010,9,0
belair2,4140,1011,10,0
taillis2,4140,1012,11,0
rdpbra2,4140,1016,12,0
monnia2,4140,1017,13,0
zapeup2,4140,1018,14,0
haltece2,4140,1019,15,0
bordage2,4140,1019,16,0
rigoudi2,4140,1021,17,0
turba2,4140,1030,18,0
patis2,4140,1030,19,0
cxrobr2,4140,1032,20,0
provenc2,4140,1033,21,0
saules2,4140,1034,22,0
maingue2,4140,1035,23,0
brecean,4140,1036,24,1
brecean,1247,1080,1,0
maingue1,1247,1083,2,0
saules1,1247,1084,3,0
provenc1,1247,1085,4,0
cxrobr1,1247,1086,5,0
patis1,1247,1088,6,0
turba1,1247,1089,7,0
repto1,1247,1108,8,1
repto1,5657,630,2,0
ptpastm2,5657,631,3,0
robidou2,5657,634,4,0
durafst2,5657,636,5,0
horegn2,5657,637,6,0
mouljgl2,5657,637,7,0
piletie2,5657,638,8,0
tourneb2,5657,639,9,0
belair2,5657,640,10,0
taillis2,5657,641,11,0
rdpbra2,5657,645,12,0
monnia2,5657,646,13,0
zapeup2,5657,647,14,0
haltece2,5657,648,15,0
bordage2,5657,649,16,0
rigourdt,5657,651,17,1
repto1,5675,805,2,0
ptpastm2,5675,806,3,0
robidou2,5675,808,4,0
durafst2,5675,810,5,0
horegn2,5675,811,6,0
mouljgl2,5675,811,7,0
piletie2,5675,812,8,0
tourneb2,5675,813,9,0
belair2,5675,814,10,0
taillis2,5675,815,11,0
rdpbra2,5675,819,12,0
monnia2,5675,820,13,0
zapeup2,5675,821,14,0
haltece2,5675,822,15,0
bordage2,5675,822,16,0
rigourdt,5675,824,17,1
brecean,902,560,1,0
maingue1,902,562,2,0
saules1,902,563,3,0
provenc1,902,564,4,0
cxrobr1,902,565,5,0
patis1,902,567,6,0
turba1,902,567,7,0
champel1,902,575,8,0
htgrip1,902,576,9,0
rigourdt,902,576,10,0
bordage1,902,578,11,0
haltece1,902,579,12,0
zapeup1,902,579,13,0
monnia1,902,581,14,0
rdptbra1,902,582,15,0
taillis1,902,585,16,0
belair1,902,586,17,0
tourneb1,902,587,18,0
piletie1,902,588,19,0
mouljgl1,902,589,20,0
horegn1,902,590,21,0
durafst1,902,591,22,0
robidou1,902,593,23,0
repto1,902,597,24,1
rigourdt,717,884,1,0
bordage1,717,886,2,0
haltece1,717,887,3,0
zapeup1,717,887,4,0
monnia1,717,889,5,0
rdptbra1,717,890,6,0
taillis1,717,893,7,0
belair1,717,894,8,0
tourneb1,717,895,9,0
piletie1,717,896,10,0
mouljgl1,717,897,11,0
horegn1,717,898,12,0
durafst1,717,899,13,0
robidou1,717,901,14,0
repto1,717,905,15,1
repto1,2737,1240,2,0
ptpastm2,2737,1241,3,0
robidou2,2737,1243,4,0
durafst2,2737,1244,5,0
horegn2,2737,1245,6,0
mouljgl2,2737,1245,7,0
piletie2,2737,1246,8,0
tourneb2,2737,1247,9,0
belair2,2737,1248,10,0
taillis2,2737,1249,11,0
rdpbra2,2737,1252,12,0
monnia2,2737,1253,13,0
zapeup2,2737,1254,14,0
haltece2,2737,1255,15,0
bordage2,2737,1255,16,0
rigoudi2,2737,1257,17,0
turba2,2737,1265,18,0
patis2,2737,1266,19,0
cxrobr2,2737,1267,20,0
provenc2,2737,1268,21,0
saules2,2737,1269,22,0
maingue2,2737,1269,23,0
brecean,2737,1270,24,1
rigourdt,5521,655,1,0
bordage1,5521,657,2,0
haltece1,5521,658,3,0
zapeup1,5521,658,4,0
monnia1,5521,660,5,0
rdptbra1,5521,661,6,0
taillis1,5521,664,7,0
belair1,5521,665,8,0
tourneb1,5521,666,9,0
piletie1,5521,667,10,0
mouljgl1,5521,668,11,0
horegn1,5521,669,12,0
durafst1,5521,670,13,0
robidou1,5521,672,14,0
repto1,5521,676,15,1
repto1,5550,970,2,0
ptpastm2,5550,971,3,0
robidou2,5550,974,4,0
durafst2,5550,976,5,0
horegn2,5550,977,6,0
mouljgl2,5550,977,7,0
piletie2,5550,978,8,0
tourneb2,5550,979,9,0
belair2,5550,980,10,0
taillis2,5550,981,11,0
rdpbra2,5550,985,12,0
monnia2,5550,986,13,0
zapeup2,5550,987,14,0
haltece2,5550,988,15,0
bordage2,5550,988,16,0
rigoudi2,5550,990,17,0
turba2,5550,999,18,0
patis2,5550,999,19,0
cxrobr2,5550,1001,20,0
provenc2,5550,1002,21,0
saules2,5550,1003,22,0
maingue2,5550,1004,23,0
brecean,5550,1005,24,1
repto1,4422,605,2,0
ptpastm2,4422,606,3,0
robidou2,4422,608,4,0
durafst2,4422,609,5,0
horegn2,4422,610,6,0
mouljgl2,4422,610,7,0
piletie2,4422,611,8,0
tourneb2,4422,612,9,0
belair2,4422,613,10,0
taillis2,4422,614,11,0
rdpbra2,4422,617,12,0
monnia2,4422,618,13,0
zapeup2,4422,619,14,0
haltece2,4422,620,15,0
bordage2,4422,621,16,0
rigoudi2,4422,623,17,0
turba2,4422,632,18,0
patis2,4422,632,19,0
cxrobr2,4422,634,20,0
provenc2,4422,635,21,0
saules2,4422,636,22,0
maingue2,4422,636,23,0
brecean,4422,637,24,1
brecean,5568,1135,1,0
maingue1,5568,1137,2,0
saules1,5568,1137,3,0
provenc1,5568,1138,4,0
cxrobr1,5568,1139,5,0
patis1,5568,1141,6,0
turba1,5568,1141,7,0
champel1,5568,1149,8,0
htgrip1,5568,1150,9,0
rigourdt,5568,1150,10,0
bordage1,5568,1152,11,0
haltece1,5568,1153,12,0
zapeup1,5568,1153,13,0
monnia1,5568,1155,14,0
rdptbra1,5568,1156,15,0
taillis1,5568,1159,16,0
belair1,5568,1160,17,0
tourneb1,5568,1161,18,0
piletie1,5568,1162,19,0
mouljgl1,5568,1163,20,0
horegn1,5568,1164,21,0
durafst1,5568,1165,22,0
robidou1,5568,1167,23,0
repto1,5568,1171,24,1
repto1,1146,785,2,0
ptpastm2,1146,786,3,0
robidou2,1146,788,4,0
durafst2,1146,790,5,0
horegn2,1146,791,6,0
mouljgl2,1146,791,7,0
piletie2,1146,792,8,0
tourneb2,1146,793,9,0
belair2,1146,794,10,0
taillis2,1146,795,11,0
rdpbra2,1146,799,12,0
monnia2,1146,800,13,0
zapeup2,1146,801,14,0
haltece2,1146,802,15,0
bordage2,1146,802,16,0
rigoudi2,1146,804,17,0
turba2,1146,813,18,0
patis2,1146,813,19,0
cxrobr2,1146,815,20,0
provenc2,1146,816,21,0
saules2,1146,817,22,0
maingue2,1146,818,23,0
brecean,1146,819,24,1
brecean,2645,870,1,0
maingue1,2645,873,2,0
saules1,2645,874,3,0
provenc1,2645,875,4,0
cxrobr1,2645,876,5,0
patis1,2645,878,6,0
turba1,2645,879,7,0
repto1,2645,898,8,1
brecean,676,780,1,0
maingue1,676,783,2,0
saules1,676,784,3,0
provenc1,676,785,4,0
cxrobr1,676,786,5,0
patis1,676,788,6,0
turba1,676,789,7,0
repto1,676,808,8,1
repto1,2634,760,2,0
ptpastm2,2634,761,3,0
robidou2,2634,764,4,0
durafst2,2634,766,5,0
horegn2,2634,767,6,0
mouljgl2,2634,767,7,0
piletie2,2634,768,8,0
tourneb2,2634,769,9,0
belair2,2634,770,10,0
taillis2,2634,771,11,0
rdpbra2,2634,775,12,0
monnia2,2634,776,13,0
zapeup2,2634,777,14,0
haltece2,2634,778,15,0
bordage2,2634,779,16,0
rigourdt,2634,781,17,1
repto1,697,915,2,0
ptpastm2,697,916,3,0
robidou2,697,919,4,0
durafst2,697,921,5,0
horegn2,697,922,6,0
mouljgl2,697,922,7,0
piletie2,697,923,8,0
tourneb2,697,924,9,0
belair2,697,925,10,0
taillis2,697,926,11,0
rdpbra2,697,930,12,0
monnia2,697,931,13,0
zapeup2,697,932,14,0
haltece2,697,933,15,0
bordage2,697,933,16,0
rigourdt,697,935,17,1
repto1,2637,1180,2,0
ptpastm2,2637,1181,3,0
robidou2,2637,1184,4,0
durafst2,2637,1186,5,0
horegn2,2637,1187,6,0
mouljgl2,2637,1187,7,0
piletie2,2637,1189,8,0
tourneb2,2637,1190,9,0
belair2,2637,1191,10,0
taillis2,2637,1192,11,0
rdpbra2,2637,1196,12,0
monnia2,2637,1197,13,0
zapeup2,2637,1198,14,0
haltece2,2637,1199,15,0
bordage2,2637,1199,16,0
rigoudi2,2637,1201,17,0
turba2,2637,1210,18,0
patis2,2637,1210,19,0
cxrobr2,2637,1212,20,0
provenc2,2637,1213,21,0
saules2,2637,1214,22,0
maingue2,2637,1214,23,0
brecean,2637,1215,24,1
rigourdt,691,940,1,0
bordage1,691,942,2,0
haltece1,691,943,3,0
zapeup1,691,943,4,0
monnia1,691,945,5,0
rdptbra1,691,946,6,0
taillis1,691,949,7,0
belair1,691,950,8,0
tourneb1,691,951,9,0
piletie1,691,952,10,0
mouljgl1,691,953,11,0
horegn1,691,954,12,0
durafst1,691,955,13,0
robidou1,691,957,14,0
repto1,691,961,15,1
brecean,667,560,1,0
maingue1,667,562,2,0
saules1,667,563,3,0
provenc1,667,564,4,0
cxrobr1,667,565,5,0
patis1,667,567,6,0
turba1,667,567,7,0
champel1,667,575,8,0
htgrip1,667,576,9,0
rigourdt,667,576,10,0
bordage1,667,578,11,0
haltece1,667,578,12,0
zapeup1,667,579,13,0
monnia1,667,580,14,0
rdptbra1,667,581,15,0
taillis1,667,584,16,0
belair1,667,585,17,0
tourneb1,667,586,18,0
piletie1,667,587,19,0
mouljgl1,667,588,20,0
horegn1,667,589,21,0
durafst1,667,590,22,0
robidou1,667,592,23,0
repto1,667,595,24,1
brecean,653,1040,1,0
maingue1,653,1042,2,0
saules1,653,1043,3,0
provenc1,653,1044,4,0
cxrobr1,653,1045,5,0
patis1,653,1047,6,0
turba1,653,1047,7,0
champel1,653,1055,8,0
htgrip1,653,1056,9,0
rigourdt,653,1056,10,0
bordage1,653,1058,11,0
haltece1,653,1059,12,0
zapeup1,653,1059,13,0
monnia1,653,1061,14,0
rdptbra1,653,1063,15,0
taillis1,653,1066,16,0
belair1,653,1068,17,0
tourneb1,653,1069,18,0
piletie1,653,1070,19,0
mouljgl1,653,1071,20,0
horegn1,653,1072,21,0
durafst1,653,1073,22,0
robidou1,653,1076,23,0
repto1,653,1080,24,1
repto1,654,630,2,0
ptpastm2,654,631,3,0
robidou2,654,633,4,0
durafst2,654,634,5,0
horegn2,654,635,6,0
mouljgl2,654,635,7,0
piletie2,654,636,8,0
tourneb2,654,637,9,0
belair2,654,638,10,0
taillis2,654,639,11,0
rdpbra2,654,642,12,0
monnia2,654,643,13,0
zapeup2,654,644,14,0
haltece2,654,645,15,0
bordage2,654,646,16,0
rigourdt,654,648,17,1
repto1,1086,785,2,0
ptpastm2,1086,786,3,0
robidou2,1086,789,4,0
durafst2,1086,791,5,0
horegn2,1086,792,6,0
mouljgl2,1086,792,7,0
piletie2,1086,793,8,0
tourneb2,1086,794,9,0
belair2,1086,795,10,0
taillis2,1086,796,11,0
rdpbra2,1086,800,12,0
monnia2,1086,801,13,0
zapeup2,1086,802,14,0
haltece2,1086,803,15,0
bordage2,1086,804,16,0
rigoudi2,1086,806,17,0
turba2,1086,815,18,0
patis2,1086,815,19,0
cxrobr2,1086,817,20,0
provenc2,1086,818,21,0
saules2,1086,819,22,0
maingue2,1086,819,23,0
brecean,1086,820,24,1
repto1,2586,1090,2,0
ptpastm2,2586,1091,3,0
robidou2,2586,1094,4,0
durafst2,2586,1097,5,0
horegn2,2586,1098,6,0
mouljgl2,2586,1098,7,0
piletie2,2586,1100,8,0
tourneb2,2586,1101,9,0
belair2,2586,1103,10,0
taillis2,2586,1104,11,0
rdpbra2,2586,1108,12,0
monnia2,2586,1109,13,0
zapeup2,2586,1110,14,0
haltece2,2586,1111,15,0
bordage2,2586,1112,16,0
rigoudi2,2586,1114,17,0
turba2,2586,1123,18,0
patis2,2586,1123,19,0
cxrobr2,2586,1125,20,0
provenc2,2586,1126,21,0
saules2,2586,1127,22,0
maingue2,2586,1128,23,0
brecean,2586,1129,24,1
brecean,5409,664,1,0
maingue1,5409,666,2,0
saules1,5409,667,3,0
provenc1,5409,668,4,0
cxrobr1,5409,669,5,0
patis1,5409,671,6,0
turba1,5409,671,7,0
champel1,5409,679,8,0
htgrip1,5409,680,9,0
rigourdt,5409,680,10,0
bordage1,5409,682,11,0
haltece1,5409,683,12,0
zapeup1,5409,683,13,0
monnia1,5409,685,14,0
rdptbra1,5409,686,15,0
taillis1,5409,689,16,0
belair1,5409,690,17,0
tourneb1,5409,691,18,0
piletie1,5409,692,19,0
mouljgl1,5409,693,20,0
horegn1,5409,694,21,0
durafst1,5409,695,22,0
robidou1,5409,697,23,0
repto1,5409,701,24,1
repto1,2566,526,2,0
ptpastm2,2566,527,3,0
robidou2,2566,529,4,0
durafst2,2566,530,5,0
horegn2,2566,531,6,0
mouljgl2,2566,531,7,0
piletie2,2566,532,8,0
tourneb2,2566,533,9,0
belair2,2566,534,10,0
taillis2,2566,535,11,0
rdpbra2,2566,538,12,0
monnia2,2566,539,13,0
zapeup2,2566,540,14,0
haltece2,2566,541,15,0
bordage2,2566,542,16,0
rigourdt,2566,544,17,1
brecean,5481,1060,1,0
maingue1,5481,1062,2,0
saules1,5481,1063,3,0
provenc1,5481,1064,4,0
cxrobr1,5481,1065,5,0
patis1,5481,1067,6,0
turba1,5481,1067,7,0
champel1,5481,1075,8,0
htgrip1,5481,1076,9,0
rigourdt,5481,1076,10,0
bordage1,5481,1078,11,0
haltece1,5481,1079,12,0
zapeup1,5481,1079,13,0
monnia1,5481,1081,14,0
rdptbra1,5481,1083,15,0
taillis1,5481,1086,16,0
belair1,5481,1088,17,0
tourneb1,5481,1089,18,0
piletie1,5481,1090,19,0
mouljgl1,5481,1091,20,0
horegn1,5481,1092,21,0
durafst1,5481,1093,22,0
robidou1,5481,1096,23,0
repto1,5481,1100,24,1
brecean,5476,460,1,0
maingue1,5476,462,2,0
saules1,5476,463,3,0
provenc1,5476,464,4,0
cxrobr1,5476,465,5,0
patis1,5476,467,6,0
turba1,5476,468,7,0
champel1,5476,476,8,0
htgrip1,5476,477,9,0
bordage1,5476,478,10,0
haltece1,5476,479,11,0
zapeup1,5476,479,12,0
monnia1,5476,481,13,0
rdptbra1,5476,483,14,0
taillis1,5476,488,15,0
belair1,5476,490,16,0
tourneb1,5476,491,17,0
piletie1,5476,492,18,0
mouljgl1,5476,493,19,0
horegn1,5476,494,20,0
durafst1,5476,495,21,0
robidou1,5476,498,22,0
repto1,5476,502,23,1
rigourdt,5349,944,1,0
bordage1,5349,946,2,0
haltece1,5349,947,3,0
zapeup1,5349,947,4,0
monnia1,5349,949,5,0
rdptbra1,5349,950,6,0
taillis1,5349,953,7,0
belair1,5349,954,8,0
tourneb1,5349,955,9,0
piletie1,5349,956,10,0
mouljgl1,5349,957,11,0
horegn1,5349,958,12,0
durafst1,5349,959,13,0
robidou1,5349,961,14,0
repto1,5349,965,15,1
brecean,6012,630,1,0
maingue1,6012,633,2,0
saules1,6012,634,3,0
provenc1,6012,635,4,0
cxrobr1,6012,636,5,0
patis1,6012,638,6,0
turba1,6012,639,7,0
repto1,6012,658,8,1
repto1,6068,915,2,0
ptpastm2,6068,916,3,0
robidou2,6068,919,4,0
durafst2,6068,921,5,0
horegn2,6068,922,6,0
mouljgl2,6068,922,7,0
piletie2,6068,923,8,0
tourneb2,6068,924,9,0
belair2,6068,925,10,0
taillis2,6068,926,11,0
rdpbra2,6068,930,12,0
monnia2,6068,931,13,0
zapeup2,6068,932,14,0
haltece2,6068,933,15,0
bordage2,6068,934,16,0
rigourdt,6068,936,17,1
brecean,5386,430,1,0
maingue1,5386,432,2,0
saules1,5386,433,3,0
provenc1,5386,434,4,0
cxrobr1,5386,435,5,0
patis1,5386,437,6,0
turba1,5386,437,7,0
champel1,5386,444,8,0
htgrip1,5386,445,9,0
bordage1,5386,446,10,0
haltece1,5386,447,11,0
zapeup1,5386,447,12,0
monnia1,5386,449,13,0
rdptbra1,5386,451,14,0
taillis1,5386,455,15,0
belair1,5386,457,16,0
tourneb1,5386,458,17,0
piletie1,5386,459,18,0
mouljgl1,5386,460,19,0
horegn1,5386,461,20,0
durafst1,5386,462,21,0
robidou1,5386,465,22,0
repto1,5386,469,23,1
rigourdt,5231,377,1,0
bordage1,5231,379,2,0
haltece1,5231,379,3,0
zapeup1,5231,380,4,0
monnia1,5231,381,5,0
rdptbra1,5231,382,6,0
taillis1,5231,385,7,0
belair1,5231,386,8,0
tourneb1,5231,387,9,0
piletie1,5231,388,10,0
mouljgl1,5231,389,11,0
horegn1,5231,390,12,0
durafst1,5231,391,13,0
robidou1,5231,393,14,0
repto1,5231,397,15,1
rigourdt,5269,755,1,0
bordage1,5269,757,2,0
haltece1,5269,758,3,0
zapeup1,5269,758,4,0
monnia1,5269,760,5,0
rdptbra1,5269,761,6,0
taillis1,5269,764,7,0
belair1,5269,765,8,0
tourneb1,5269,766,9,0
piletie1,5269,767,10,0
mouljgl1,5269,768,11,0
horegn1,5269,769,12,0
durafst1,5269,770,13,0
robidou1,5269,772,14,0
repto1,5269,776,15,1
repto1,5298,685,2,0
ptpastm2,5298,686,3,0
robidou2,5298,689,4,0
durafst2,5298,691,5,0
horegn2,5298,692,6,0
mouljgl2,5298,692,7,0
piletie2,5298,693,8,0
tourneb2,5298,694,9,0
belair2,5298,695,10,0
taillis2,5298,696,11,0
rdpbra2,5298,700,12,0
monnia2,5298,701,13,0
zapeup2,5298,702,14,0
haltece2,5298,703,15,0
bordage2,5298,704,16,0
rigourdt,5298,706,17,1
rigourdt,4040,709,1,0
bordage1,4040,711,2,0
haltece1,4040,712,3,0
zapeup1,4040,712,4,0
monnia1,4040,714,5,0
rdptbra1,4040,715,6,0
taillis1,4040,718,7,0
belair1,4040,719,8,0
tourneb1,4040,720,9,0
piletie1,4040,721,10,0
mouljgl1,4040,722,11,0
horegn1,4040,723,12,0
durafst1,4040,724,13,0
robidou1,4040,726,14,0
repto1,4040,730,15,1
brecean,4045,950,1,0
maingue1,4045,952,2,0
saules1,4045,953,3,0
provenc1,4045,954,4,0
cxrobr1,4045,955,5,0
patis1,4045,957,6,0
turba1,4045,957,7,0
champel1,4045,965,8,0
htgrip1,4045,966,9,0
rigourdt,4045,966,10,0
bordage1,4045,968,11,0
haltece1,4045,969,12,0
zapeup1,4045,969,13,0
monnia1,4045,971,14,0
rdptbra1,4045,972,15,0
taillis1,4045,975,16,0
belair1,4045,976,17,0
tourneb1,4045,977,18,0
piletie1,4045,978,19,0
mouljgl1,4045,979,20,0
horegn1,4045,980,21,0
durafst1,4045,981,22,0
robidou1,4045,983,23,0
repto1,4045,987,24,1
repto1,6242,1210,2,0
ptpastm2,6242,1211,3,0
robidou2,6242,1213,4,0
durafst2,6242,1215,5,0
horegn2,6242,1216,6,0
mouljgl2,6242,1216,7,0
piletie2,6242,1217,8,0
tourneb2,6242,1218,9,0
belair2,6242,1219,10,0
taillis2,6242,1220,11,0
rdpbra2,6242,1223,12,0
monnia2,6242,1224,13,0
zapeup2,6242,1225,14,0
haltece2,6242,1226,15,0
bordage2,6242,1226,16,0
rigoudi2,6242,1228,17,0
turba2,6242,1236,18,0
patis2,6242,1237,19,0
cxrobr2,6242,1238,20,0
provenc2,6242,1239,21,0
saules2,6242,1240,22,0
maingue2,6242,1240,23,0
brecean,6242,1241,24,1
brecean,6203,1075,1,0
maingue1,6203,1077,2,0
saules1,6203,1078,3,0
provenc1,6203,1079,4,0
cxrobr1,6203,1080,5,0
patis1,6203,1082,6,0
turba1,6203,1082,7,0
champel1,6203,1090,8,0
htgrip1,6203,1091,9,0
rigourdt,6203,1091,10,0
bordage1,6203,1093,11,0
haltece1,6203,1094,12,0
zapeup1,6203,1094,13,0
monnia1,6203,1096,14,0
rdptbra1,6203,1097,15,0
taillis1,6203,1100,16,0
belair1,6203,1101,17,0
tourneb1,6203,1102,18,0
piletie1,6203,1103,19,0
mouljgl1,6203,1104,20,0
horegn1,6203,1105,21,0
durafst1,6203,1106,22,0
robidou1,6203,1108,23,0
repto1,6203,1112,24,1
repto1,5149,1030,2,0
ptpastm2,5149,1031,3,0
robidou2,5149,1034,4,0
durafst2,5149,1036,5,0
horegn2,5149,1037,6,0
mouljgl2,5149,1037,7,0
piletie2,5149,1039,8,0
tourneb2,5149,1040,9,0
belair2,5149,1041,10,0
taillis2,5149,1042,11,0
rdpbra2,5149,1046,12,0
monnia2,5149,1047,13,0
zapeup2,5149,1048,14,0
haltece2,5149,1049,15,0
bordage2,5149,1049,16,0
rigoudi2,5149,1051,17,0
turba2,5149,1060,18,0
patis2,5149,1060,19,0
cxrobr2,5149,1062,20,0
provenc2,5149,1063,21,0
saules2,5149,1064,22,0
maingue2,5149,1065,23,0
brecean,5149,1066,24,1
brecean,6145,895,1,0
maingue1,6145,897,2,0
saules1,6145,898,3,0
provenc1,6145,899,4,0
cxrobr1,6145,900,5,0
patis1,6145,902,6,0
turba1,6145,902,7,0
champel1,6145,910,8,0
htgrip1,6145,911,9,0
rigourdt,6145,911,10,0
bordage1,6145,913,11,0
haltece1,6145,914,12,0
zapeup1,6145,914,13,0
monnia1,6145,916,14,0
rdptbra1,6145,917,15,0
taillis1,6145,920,16,0
belair1,6145,921,17,0
tourneb1,6145,922,18,0
piletie1,6145,923,19,0
mouljgl1,6145,924,20,0
horegn1,6145,925,21,0
durafst1,6145,926,22,0
robidou1,6145,928,23,0
repto1,6145,932,24,1
repto1,6132,605,2,0
ptpastm2,6132,606,3,0
robidou2,6132,609,4,0
durafst2,6132,612,5,0
horegn2,6132,613,6,0
mouljgl2,6132,613,7,0
piletie2,6132,615,8,0
tourneb2,6132,616,9,0
belair2,6132,617,10,0
taillis2,6132,618,11,0
rdpbra2,6132,622,12,0
monnia2,6132,623,13,0
zapeup2,6132,624,14,0
haltece2,6132,625,15,0
bordage2,6132,626,16,0
rigoudi2,6132,628,17,0
turba2,6132,637,18,0
patis2,6132,637,19,0
cxrobr2,6132,639,20,0
provenc2,6132,640,21,0
saules2,6132,641,22,0
maingue2,6132,641,23,0
brecean,6132,642,24,1
repto1,6129,740,2,0
ptpastm2,6129,741,3,0
robidou2,6129,743,4,0
durafst2,6129,745,5,0
horegn2,6129,746,6,0
mouljgl2,6129,746,7,0
piletie2,6129,747,8,0
tourneb2,6129,748,9,0
belair2,6129,749,10,0
taillis2,6129,750,11,0
rdpbra2,6129,754,12,0
monnia2,6129,755,13,0
zapeup2,6129,756,14,0
haltece2,6129,757,15,0
bordage2,6129,757,16,0
rigoudi2,6129,759,17,0
turba2,6129,768,18,0
patis2,6129,768,19,0
cxrobr2,6129,770,20,0
provenc2,6129,771,21,0
saules2,6129,772,22,0
maingue2,6129,773,23,0
brecean,6129,774,24,1
repto1,6100,1010,2,0
ptpastm2,6100,1011,3,0
robidou2,6100,1014,4,0
durafst2,6100,1017,5,0
horegn2,6100,1018,6,0
mouljgl2,6100,1018,7,0
piletie2,6100,1020,8,0
tourneb2,6100,1021,9,0
belair2,6100,1022,10,0
taillis2,6100,1023,11,0
rdpbra2,6100,1027,12,0
monnia2,6100,1028,13,0
zapeup2,6100,1029,14,0
haltece2,6100,1030,15,0
bordage2,6100,1031,16,0
rigoudi2,6100,1033,17,0
turba2,6100,1043,18,0
patis2,6100,1043,19,0
cxrobr2,6100,1045,20,0
provenc2,6100,1046,21,0
saules2,6100,1047,22,0
maingue2,6100,1048,23,0
brecean,6100,1049,24,1
rigourdt,5093,499,1,0
bordage1,5093,501,2,0
haltece1,5093,501,3,0
zapeup1,5093,502,4,0
monnia1,5093,503,5,0
rdptbra1,5093,504,6,0
taillis1,5093,507,7,0
belair1,5093,508,8,0
tourneb1,5093,509,9,0
piletie1,5093,510,10,0
mouljgl1,5093,511,11,0
horegn1,5093,512,12,0
durafst1,5093,513,13,0
robidou1,5093,515,14,0
repto1,5093,518,15,1
repto1,6384,1140,2,0
turba2,6384,1160,3,0
patis2,6384,1160,4,0
cxrobr2,6384,1162,5,0
provenc2,6384,1163,6,0
saules2,6384,1165,7,0
maingue2,6384,1166,8,0
brecean,6384,1168,9,1
repto1,6618,420,2,0
ptpastm2,6618,421,3,0
robidou2,6618,423,4,0
durafst2,6618,424,5,0
horegn2,6618,425,6,0
mouljgl2,6618,425,7,0
piletie2,6618,426,8,0
tourneb2,6618,427,9,0
belair2,6618,428,10,0
taillis2,6618,429,11,0
rdpbra2,6618,432,12,0
monnia2,6618,433,13,0
zapeup2,6618,434,14,0
haltece2,6618,435,15,0
bordage2,6618,436,16,0
rigoudi2,6618,438,17,0
turba2,6618,447,18,0
patis2,6618,447,19,0
cxrobr2,6618,449,20,0
provenc2,6618,450,21,0
saules2,6618,451,22,0
maingue2,6618,451,23,0
brecean,6618,452,24,1
brecean,6655,990,1,0
maingue1,6655,993,2,0
saules1,6655,994,3,0
provenc1,6655,995,4,0
cxrobr1,6655,996,5,0
patis1,6655,998,6,0
turba1,6655,999,7,0
repto1,6655,1018,8,1
brecean,6548,1195,1,0
maingue1,6548,1197,2,0
saules1,6548,1197,3,0
provenc1,6548,1198,4,0
cxrobr1,6548,1199,5,0
patis1,6548,1201,6,0
turba1,6548,1201,7,0
champel1,6548,1208,8,0
htgrip1,6548,1209,9,0
rigourdt,6548,1209,10,0
bordage1,6548,1211,11,0
haltece1,6548,1212,12,0
zapeup1,6548,1212,13,0
monnia1,6548,1214,14,0
rdptbra1,6548,1215,15,0
taillis1,6548,1218,16,0
belair1,6548,1219,17,0
tourneb1,6548,1220,18,0
piletie1,6548,1221,19,0
mouljgl1,6548,1222,20,0
horegn1,6548,1222,21,0
durafst1,6548,1223,22,0
robidou1,6548,1225,23,0
repto1,6548,1229,24,1
repto1,6586,715,2,0
ptpastm2,6586,716,3,0
robidou2,6586,718,4,0
durafst2,6586,720,5,0
horegn2,6586,721,6,0
mouljgl2,6586,721,7,0
piletie2,6586,722,8,0
tourneb2,6586,723,9,0
belair2,6586,724,10,0
taillis2,6586,725,11,0
rdpbra2,6586,729,12,0
monnia2,6586,730,13,0
zapeup2,6586,731,14,0
haltece2,6586,732,15,0
bordage2,6586,732,16,0
rigoudi2,6586,734,17,0
turba2,6586,743,18,0
patis2,6586,743,19,0
cxrobr2,6586,745,20,0
provenc2,6586,746,21,0
saules2,6586,747,22,0
maingue2,6586,748,23,0
brecean,6586,749,24,1
repto1,1941,950,2,0
ptpastm2,1941,951,3,0
robidou2,1941,954,4,0
durafst2,1941,957,5,0
horegn2,1941,958,6,0
mouljgl2,1941,958,7,0
piletie2,1941,960,8,0
tourneb2,1941,961,9,0
belair2,1941,962,10,0
taillis2,1941,963,11,0
rdpbra2,1941,967,12,0
monnia2,1941,968,13,0
zapeup2,1941,969,14,0
haltece2,1941,970,15,0
bordage2,1941,971,16,0
rigoudi2,1941,973,17,0
turba2,1941,982,18,0
patis2,1941,982,19,0
cxrobr2,1941,984,20,0
provenc2,1941,985,21,0
saules2,1941,986,22,0
maingue2,1941,986,23,0
brecean,1941,987,24,1
brecean,1961,960,1,0
maingue1,1961,962,2,0
saules1,1961,963,3,0
provenc1,1961,964,4,0
cxrobr1,1961,965,5,0
patis1,1961,967,6,0
turba1,1961,967,7,0
champel1,1961,975,8,0
htgrip1,1961,976,9,0
rigourdt,1961,976,10,0
bordage1,1961,978,11,0
haltece1,1961,979,12,0
zapeup1,1961,979,13,0
monnia1,1961,981,14,0
rdptbra1,1961,982,15,0
taillis1,1961,985,16,0
belair1,1961,986,17,0
tourneb1,1961,987,18,0
piletie1,1961,988,19,0
mouljgl1,1961,989,20,0
horegn1,1961,990,21,0
durafst1,1961,991,22,0
robidou1,1961,993,23,0
repto1,1961,997,24,1
