arret_id,trajet_id,heure_depart,stop_sequence,terminus
2366,28534,760,1,0
2367,28534,765,2,0
3920,28534,774,3,0
4353,28534,778,4,0
4362,28534,779,5,0
3820,28534,786,6,0
3815,28534,788,7,0
3830,28534,790,8,0
3825,28534,792,9,0
3827,28534,793,10,1
2366,28535,1030,1,0
2367,28535,1035,2,0
3920,28535,1049,3,0
4353,28535,1053,4,0
4362,28535,1054,5,0
3820,28535,1061,6,0
3815,28535,1063,7,0
3830,28535,1065,8,0
3825,28535,1067,9,0
3827,28535,1068,10,1
3826,28533,468,1,0
3824,28533,469,2,0
3828,28533,471,3,0
3814,28533,474,4,0
3821,28533,475,5,0
4363,28533,478,6,0
4354,28533,479,7,0
3921,28533,482,8,0
2367,28533,495,9,0
2366,28533,500,10,1
