arret_id,trajet_id,heure_depart,stop_sequence,terminus
1548,12,750,1,0
1391,12,755,2,0
1545,12,756,3,0
1396,12,757,4,0
1383,12,758,5,0
1382,12,759,6,0
1399,12,760,7,0
1612,12,762,8,0
1401,12,763,9,0
1021,12,764,10,0
1022,12,765,11,0
1023,12,767,12,0
1242,12,768,13,1
1501,3276,960,1,0
1017,3276,961,2,0
1018,3276,963,3,0
1402,3276,964,4,0
1611,3276,965,5,0
1616,3276,966,6,0
1381,3276,969,7,0
1398,3276,970,8,0
1397,3276,971,9,0
1384,3276,972,10,0
1546,3276,973,11,0
1389,3276,974,12,0
1547,3276,979,13,1
1501,3350,780,1,0
1017,3350,781,2,0
1018,3350,783,3,0
1402,3350,784,4,0
1611,3350,785,5,0
1616,3350,786,6,0
1381,3350,789,7,0
1398,3350,790,8,0
1397,3350,791,9,0
1384,3350,792,10,0
1546,3350,793,11,0
1389,3350,794,12,0
1547,3350,799,13,1
1501,3568,720,1,0
1017,3568,721,2,0
1018,3568,723,3,0
1402,3568,724,4,0
1611,3568,725,5,0
1616,3568,726,6,0
1381,3568,729,7,0
1398,3568,730,8,0
1397,3568,731,9,0
1384,3568,732,10,0
1546,3568,733,11,0
1389,3568,734,12,0
1547,3568,739,13,1
1501,6899,900,1,0
1017,6899,901,2,0
1018,6899,903,3,0
1402,6899,904,4,0
1611,6899,905,5,0
1616,6899,906,6,0
1381,6899,909,7,0
1398,6899,910,8,0
1397,6899,911,9,0
1384,6899,912,10,0
1546,6899,913,11,0
1389,6899,914,12,0
1547,6899,919,13,1
1501,6757,840,1,0
1017,6757,841,2,0
1018,6757,843,3,0
1402,6757,844,4,0
1611,6757,845,5,0
1616,6757,846,6,0
1381,6757,849,7,0
1398,6757,850,8,0
1397,6757,851,9,0
1384,6757,852,10,0
1546,6757,853,11,0
1389,6757,854,12,0
1547,6757,859,13,1
1056,4732,720,1,0
1616,4732,726,2,0
1381,4732,729,3,0
1398,4732,730,4,0
1397,4732,731,5,0
1384,4732,732,6,0
1546,4732,733,7,0
1389,4732,734,8,0
1547,4732,739,9,1
1501,294,1150,1,0
1017,294,1151,2,0
1018,294,1153,3,0
1402,294,1154,4,0
1611,294,1155,5,0
1616,294,1156,6,0
1381,294,1159,7,0
1398,294,1160,8,0
1397,294,1161,9,0
1384,294,1162,10,0
1546,294,1163,11,0
1389,294,1164,12,0
1547,294,1168,13,1
1501,292,1150,1,0
1017,292,1151,2,0
1018,292,1153,3,0
1402,292,1154,4,0
1611,292,1155,5,0
1616,292,1156,6,0
1381,292,1159,7,0
1398,292,1160,8,0
1397,292,1161,9,0
1384,292,1162,10,0
1546,292,1163,11,0
1389,292,1164,12,0
1547,292,1169,13,1
1056,947,780,1,0
1616,947,786,2,0
1381,947,789,3,0
1398,947,790,4,0
1397,947,791,5,0
1384,947,792,6,0
1546,947,793,7,0
1389,947,794,8,0
1547,947,799,9,1
1501,1268,1090,1,0
1017,1268,1091,2,0
1018,1268,1093,3,0
1402,1268,1094,4,0
1611,1268,1095,5,0
1616,1268,1096,6,0
1381,1268,1099,7,0
1398,1268,1100,8,0
1397,1268,1101,9,0
1384,1268,1102,10,0
1546,1268,1103,11,0
1389,1268,1104,12,0
1547,1268,1108,13,1
1501,1267,1090,1,0
1017,1267,1091,2,0
1018,1267,1093,3,0
1402,1267,1094,4,0
1611,1267,1095,5,0
1616,1267,1096,6,0
1381,1267,1099,7,0
1398,1267,1100,8,0
1397,1267,1101,9,0
1384,1267,1102,10,0
1546,1267,1103,11,0
1389,1267,1104,12,0
1547,1267,1109,13,1
1548,1238,810,1,0
1391,1238,815,2,0
1545,1238,816,3,0
1396,1238,817,4,0
1383,1238,818,5,0
1382,1238,819,6,0
1399,1238,820,7,0
1612,1238,822,8,0
1401,1238,823,9,0
1021,1238,824,10,0
1022,1238,825,11,0
1023,1238,827,12,0
1242,1238,828,13,1
1548,760,1120,1,0
1391,760,1125,2,0
1545,760,1126,3,0
1396,760,1127,4,0
1383,760,1128,5,0
1382,760,1129,6,0
1399,760,1130,7,0
1612,760,1132,8,0
1401,760,1133,9,0
1021,760,1134,10,0
1022,760,1135,11,0
1023,760,1137,12,0
1242,760,1138,13,1
1548,5582,1180,1,0
1391,5582,1185,2,0
1545,5582,1186,3,0
1396,5582,1187,4,0
1383,5582,1188,5,0
1382,5582,1189,6,0
1399,5582,1190,7,0
1612,5582,1192,8,0
1401,5582,1193,9,0
1021,5582,1194,10,0
1022,5582,1195,11,0
1023,5582,1197,12,0
1242,5582,1198,13,1
1548,6297,930,1,0
1391,6297,935,2,0
1545,6297,936,3,0
1396,6297,937,4,0
1383,6297,938,5,0
1382,6297,939,6,0
1399,6297,940,7,0
1612,6297,942,8,0
1401,6297,943,9,0
1021,6297,944,10,0
1022,6297,945,11,0
1023,6297,947,12,0
1242,6297,948,13,1
1548,6118,1060,1,0
1391,6118,1065,2,0
1545,6118,1066,3,0
1396,6118,1067,4,0
1383,6118,1068,5,0
1382,6118,1069,6,0
1399,6118,1070,7,0
1612,6118,1072,8,0
1401,6118,1073,9,0
1021,6118,1074,10,0
1022,6118,1075,11,0
1023,6118,1077,12,0
1242,6118,1078,13,1
1501,5035,1030,1,0
1017,5035,1031,2,0
1018,5035,1033,3,0
1402,5035,1034,4,0
1611,5035,1035,5,0
1616,5035,1036,6,0
1381,5035,1039,7,0
1398,5035,1040,8,0
1397,5035,1041,9,0
1384,5035,1042,10,0
1546,5035,1043,11,0
1389,5035,1044,12,0
1547,5035,1049,13,1
1501,5036,1030,1,0
1017,5036,1031,2,0
1018,5036,1033,3,0
1402,5036,1034,4,0
1611,5036,1035,5,0
1616,5036,1036,6,0
1381,5036,1039,7,0
1398,5036,1040,8,0
1397,5036,1041,9,0
1384,5036,1042,10,0
1546,5036,1043,11,0
1389,5036,1044,12,0
1547,5036,1048,13,1
1548,6475,870,1,0
1391,6475,875,2,0
1545,6475,876,3,0
1396,6475,877,4,0
1383,6475,878,5,0
1382,6475,879,6,0
1399,6475,880,7,0
1612,6475,882,8,0
1401,6475,883,9,0
1021,6475,884,10,0
1022,6475,885,11,0
1023,6475,887,12,0
1242,6475,888,13,1
1548,6602,990,1,0
1391,6602,995,2,0
1545,6602,996,3,0
1396,6602,997,4,0
1383,6602,998,5,0
1382,6602,999,6,0
1399,6602,1000,7,0
1612,6602,1002,8,0
1401,6602,1003,9,0
1021,6602,1004,10,0
1022,6602,1005,11,0
1023,6602,1007,12,0
1242,6602,1008,13,1
1548,6562,750,1,0
1391,6562,755,2,0
1545,6562,756,3,0
1396,6562,757,4,0
1383,6562,758,5,0
1382,6562,759,6,0
1399,6562,760,7,0
1612,6562,763,8,0
1477,6562,769,9,1
