arret_id,trajet_id,heure_depart,stop_sequence,terminus
3246,9444,965,1,0
4712,9444,974,2,0
4701,9444,978,3,0
4703,9444,980,4,0
4705,9444,982,5,0
4707,9444,984,6,0
4760,9444,986,7,1
4702,9070,468,1,0
4700,9070,471,2,0
4711,9070,475,3,0
3246,9070,485,4,1
3246,3113,695,1,0
4712,3113,704,2,0
4701,3113,708,3,0
4703,3113,710,4,0
4705,3113,712,5,0
4707,3113,714,6,0
4760,3113,716,7,1
3246,6718,760,1,0
4712,6718,769,2,0
4701,6718,773,3,0
4703,6718,775,4,0
4705,6718,777,5,0
4707,6718,779,6,0
4760,6718,781,7,1
3246,324,1025,1,0
4712,324,1034,2,0
4701,324,1038,3,0
4703,324,1040,4,0
4705,324,1042,5,0
4707,324,1044,6,0
4760,324,1046,7,1
4708,4419,525,1,0
4706,4419,527,2,0
4704,4419,528,3,0
4702,4419,530,4,0
4700,4419,532,5,0
4711,4419,536,6,0
3246,4419,545,7,1
4708,2549,463,1,0
4706,2549,464,2,0
4704,2549,465,3,0
3246,2549,485,4,1
