arret_id,trajet_id,heure_depart,stop_sequence,terminus
1234,7110,1010,1,0
1418,7110,1012,2,0
1417,7110,1013,3,0
1420,7110,1014,4,0
1643,7110,1015,5,0
1503,7110,1016,6,0
1422,7110,1017,7,0
1413,7110,1018,8,0
1424,7110,1019,9,0
1297,7110,1021,10,0
1298,7110,1022,11,0
1299,7110,1022,12,0
1304,7110,1023,13,0
1301,7110,1024,14,0
1537,7110,1025,15,0
2826,7110,1027,16,0
2815,7110,1029,17,0
1328,7110,1030,18,0
1040,7110,1031,19,0
1425,7110,1032,20,0
1625,7110,1033,21,0
1426,7110,1034,22,0
1287,7110,1035,23,0
1288,7110,1036,24,0
1289,7110,1036,25,0
1427,7110,1037,26,0
1159,7110,1038,27,0
1374,7110,1039,28,0
1375,7110,1040,29,0
1376,7110,1041,30,0
1377,7110,1042,31,0
1378,7110,1043,32,0
1032,7110,1044,33,0
1033,7110,1046,34,0
1637,7110,1047,35,0
1111,7110,1048,36,0
1201,7110,1048,37,0
1202,7110,1049,38,0
1203,7110,1050,39,0
1314,7110,1051,40,0
1290,7110,1052,41,1
1290,7130,450,1,0
1291,7130,451,2,0
1177,7130,453,3,0
1178,7130,453,4,0
1152,7130,455,5,0
1638,7130,456,6,0
1007,7130,457,7,0
1634,7130,459,8,0
1403,7130,460,9,0
1404,7130,461,10,0
1405,7130,462,11,0
1406,7130,463,12,0
1407,7130,463,13,0
1428,7130,464,14,0
1410,7130,465,15,0
1253,7130,466,16,0
1254,7130,467,17,0
1255,7130,468,18,0
1411,7130,469,19,0
1626,7130,470,20,0
1041,7130,471,21,0
1102,7130,472,22,0
1371,7130,472,23,0
2803,7130,474,24,0
2801,7130,475,25,0
1543,7130,477,26,0
1303,7130,478,27,0
1300,7130,479,28,0
1305,7130,481,29,0
1306,7130,482,30,0
1307,7130,483,31,0
1412,7130,484,32,0
1423,7130,485,33,0
1414,7130,487,34,0
1499,7130,488,35,0
1421,7130,489,36,0
1416,7130,490,37,0
1419,7130,491,38,0
1221,7130,492,39,0
1222,7130,493,40,1
1290,7139,1165,1,0
1291,7139,1166,2,0
1177,7139,1168,3,0
1178,7139,1168,4,0
1152,7139,1170,5,0
1638,7139,1171,6,0
1007,7139,1172,7,0
1634,7139,1174,8,0
1403,7139,1175,9,0
1404,7139,1176,10,0
1405,7139,1177,11,0
1406,7139,1178,12,0
1407,7139,1178,13,0
1428,7139,1179,14,0
1410,7139,1180,15,0
1253,7139,1181,16,0
1254,7139,1181,17,0
1255,7139,1182,18,0
1411,7139,1183,19,0
1626,7139,1184,20,0
1041,7139,1185,21,0
1102,7139,1186,22,0
1371,7139,1186,23,0
2803,7139,1188,24,0
2801,7139,1189,25,0
1543,7139,1191,26,0
1303,7139,1192,27,0
1300,7139,1193,28,0
1305,7139,1195,29,0
1306,7139,1196,30,0
1307,7139,1197,31,0
1412,7139,1198,32,0
1423,7139,1199,33,0
1414,7139,1201,34,0
1499,7139,1202,35,0
1421,7139,1203,36,0
1416,7139,1204,37,0
1419,7139,1205,38,0
1221,7139,1206,39,0
1222,7139,1207,40,1
1234,7159,885,1,0
1418,7159,886,2,0
1417,7159,887,3,0
1420,7159,888,4,0
1643,7159,889,5,0
1503,7159,890,6,0
1422,7159,891,7,0
1413,7159,892,8,0
1424,7159,893,9,0
1297,7159,895,10,0
1298,7159,896,11,0
1299,7159,897,12,0
1304,7159,898,13,0
1301,7159,899,14,0
1537,7159,900,15,0
2826,7159,902,16,0
2815,7159,904,17,0
1328,7159,905,18,0
1040,7159,906,19,0
1425,7159,907,20,0
1625,7159,908,21,0
1426,7159,909,22,0
1287,7159,910,23,0
1288,7159,911,24,0
1289,7159,911,25,0
1427,7159,912,26,0
1159,7159,913,27,0
1374,7159,914,28,0
1375,7159,915,29,0
1376,7159,915,30,0
1377,7159,916,31,0
1378,7159,917,32,0
1032,7159,919,33,0
1033,7159,920,34,0
1637,7159,922,35,0
1111,7159,923,36,0
1201,7159,924,37,0
1202,7159,925,38,0
1203,7159,926,39,0
1314,7159,927,40,0
1290,7159,928,41,1
1290,2195,763,1,0
1291,2195,764,2,0
1177,2195,766,3,0
1178,2195,766,4,0
1152,2195,768,5,0
1638,2195,769,6,0
1007,2195,770,7,0
1634,2195,772,8,0
1403,2195,773,9,0
1404,2195,774,10,0
1405,2195,775,11,0
1406,2195,776,12,0
1407,2195,776,13,0
1428,2195,777,14,0
1410,2195,778,15,0
1253,2195,779,16,0
1254,2195,780,17,0
1255,2195,781,18,0
1411,2195,782,19,0
1626,2195,783,20,0
1041,2195,785,21,0
1102,2195,786,22,0
1371,2195,786,23,0
2803,2195,789,24,0
2801,2195,790,25,0
1543,2195,792,26,0
1303,2195,793,27,0
1300,2195,794,28,0
1305,2195,796,29,0
1306,2195,797,30,0
1307,2195,798,31,0
1412,2195,799,32,0
1423,2195,801,33,0
1414,2195,803,34,0
1499,2195,804,35,0
1421,2195,805,36,0
1416,2195,806,37,0
1419,2195,807,38,0
1221,2195,808,39,0
1222,2195,809,40,1
1234,2221,945,1,0
1418,2221,946,2,0
1417,2221,947,3,0
1420,2221,948,4,0
1643,2221,949,5,0
1503,2221,950,6,0
1422,2221,951,7,0
1413,2221,953,8,0
1424,2221,955,9,0
1297,2221,957,10,0
1298,2221,958,11,0
1299,2221,959,12,0
1304,2221,960,13,0
1301,2221,961,14,0
1537,2221,962,15,0
2826,2221,964,16,0
2815,2221,966,17,0
1328,2221,968,18,0
1040,2221,969,19,0
1425,2221,970,20,0
1625,2221,971,21,0
1426,2221,972,22,0
1287,2221,973,23,0
1288,2221,974,24,0
1289,2221,974,25,0
1427,2221,975,26,0
1159,2221,976,27,0
1374,2221,977,28,0
1375,2221,978,29,0
1376,2221,978,30,0
1377,2221,979,31,0
1378,2221,980,32,0
1032,2221,982,33,0
1033,2221,983,34,0
1637,2221,985,35,0
1111,2221,986,36,0
1201,2221,987,37,0
1202,2221,988,38,0
1203,2221,989,39,0
1314,2221,990,40,0
1290,2221,991,41,1
1234,2260,500,1,0
1418,2260,501,2,0
1417,2260,502,3,0
1420,2260,503,4,0
1643,2260,504,5,0
1503,2260,505,6,0
1422,2260,506,7,0
1413,2260,508,8,0
1424,2260,509,9,0
1297,2260,511,10,0
1298,2260,512,11,0
1299,2260,513,12,0
1304,2260,514,13,0
1301,2260,515,14,0
1537,2260,517,15,0
2826,2260,519,16,0
2815,2260,521,17,0
1328,2260,522,18,0
1040,2260,523,19,0
1425,2260,524,20,0
1625,2260,525,21,0
1426,2260,526,22,0
1287,2260,527,23,0
1288,2260,528,24,0
1289,2260,529,25,0
1427,2260,530,26,0
1159,2260,531,27,0
1374,2260,532,28,0
1375,2260,533,29,0
1376,2260,533,30,0
1377,2260,534,31,0
1378,2260,535,32,0
1032,2260,537,33,0
1033,2260,538,34,0
1637,2260,540,35,0
1111,2260,541,36,0
1201,2260,542,37,0
1202,2260,543,38,0
1203,2260,544,39,0
1314,2260,545,40,0
1290,2260,546,41,1
1234,2223,1095,1,0
1418,2223,1096,2,0
1417,2223,1097,3,0
1420,2223,1098,4,0
1643,2223,1099,5,0
1503,2223,1100,6,0
1422,2223,1101,7,0
1413,2223,1103,8,0
1424,2223,1104,9,0
1297,2223,1106,10,0
1298,2223,1107,11,0
1299,2223,1108,12,0
1304,2223,1109,13,0
1301,2223,1110,14,0
1537,2223,1111,15,0
2826,2223,1113,16,0
2815,2223,1115,17,0
1328,2223,1117,18,0
1040,2223,1118,19,0
1425,2223,1119,20,0
1625,2223,1120,21,0
1426,2223,1121,22,0
1287,2223,1122,23,0
1288,2223,1123,24,0
1289,2223,1123,25,0
1427,2223,1124,26,0
1159,2223,1125,27,0
1374,2223,1126,28,0
1375,2223,1127,29,0
1376,2223,1127,30,0
1377,2223,1128,31,0
1378,2223,1129,32,0
1032,2223,1131,33,0
1033,2223,1132,34,0
1637,2223,1134,35,0
1111,2223,1135,36,0
1201,2223,1136,37,0
1202,2223,1137,38,0
1203,2223,1138,39,0
1314,2223,1139,40,0
1290,2223,1140,41,1
1297,2285,660,1,0
1298,2285,661,2,0
1299,2285,662,3,0
1304,2285,663,4,0
1301,2285,664,5,0
1537,2285,665,6,0
2826,2285,667,7,0
2815,2285,669,8,0
1328,2285,671,9,0
1040,2285,672,10,0
1425,2285,673,11,0
1625,2285,674,12,0
1426,2285,675,13,0
1287,2285,676,14,0
1288,2285,677,15,0
1289,2285,677,16,0
1427,2285,678,17,0
1159,2285,679,18,0
1374,2285,680,19,0
1375,2285,681,20,0
1376,2285,681,21,0
1377,2285,682,22,0
1378,2285,683,23,0
1032,2285,685,24,0
1033,2285,686,25,0
1637,2285,688,26,0
1111,2285,689,27,0
1201,2285,690,28,0
1202,2285,691,29,0
1203,2285,692,30,0
1314,2285,693,31,0
1290,2285,694,32,1
1290,3406,962,1,0
1291,3406,963,2,0
1177,3406,964,3,0
1178,3406,965,4,0
1152,3406,966,5,0
1638,3406,967,6,0
1007,3406,968,7,0
1634,3406,970,8,0
1403,3406,970,9,0
1404,3406,971,10,0
1405,3406,972,11,0
1406,3406,973,12,0
1407,3406,974,13,0
1428,3406,975,14,0
1410,3406,976,15,0
1253,3406,977,16,0
1254,3406,977,17,0
1255,3406,978,18,0
1411,3406,979,19,0
1626,3406,980,20,0
1041,3406,981,21,0
1102,3406,981,22,0
1371,3406,982,23,0
2803,3406,983,24,0
2801,3406,984,25,0
1543,3406,986,26,0
1303,3406,987,27,0
1300,3406,988,28,0
1305,3406,990,29,0
1306,3406,991,30,0
1307,3406,992,31,0
1412,3406,993,32,0
1423,3406,994,33,0
1414,3406,996,34,0
1499,3406,996,35,0
1421,3406,997,36,0
1416,3406,998,37,0
1419,3406,999,38,0
1221,3406,1001,39,0
1222,3406,1002,40,1
1234,3405,1275,1,0
1418,3405,1276,2,0
1417,3405,1276,3,0
1420,3405,1277,4,0
1643,3405,1278,5,0
1503,3405,1279,6,0
1422,3405,1280,7,0
1413,3405,1281,8,0
1424,3405,1282,9,0
1297,3405,1284,10,0
1298,3405,1285,11,0
1299,3405,1286,12,0
1304,3405,1287,13,0
1301,3405,1288,14,0
1537,3405,1289,15,0
2826,3405,1291,16,0
2815,3405,1293,17,0
1328,3405,1294,18,0
1040,3405,1295,19,0
1425,3405,1296,20,0
1625,3405,1297,21,0
1426,3405,1298,22,0
1287,3405,1299,23,0
1288,3405,1300,24,0
1289,3405,1300,25,0
1427,3405,1301,26,0
1159,3405,1302,27,0
1374,3405,1303,28,0
1375,3405,1304,29,0
1376,3405,1304,30,0
1377,3405,1305,31,0
1378,3405,1306,32,0
1032,3405,1308,33,0
1033,3405,1309,34,0
1637,3405,1311,35,0
1111,3405,1312,36,0
1201,3405,1312,37,0
1202,3405,1313,38,0
1203,3405,1314,39,0
1314,3405,1315,40,0
1290,3405,1316,41,1
1234,3587,1155,1,0
1418,3587,1156,2,0
1417,3587,1157,3,0
1420,3587,1158,4,0
1643,3587,1159,5,0
1503,3587,1160,6,0
1422,3587,1161,7,0
1413,3587,1162,8,0
1424,3587,1163,9,0
1297,3587,1165,10,0
1298,3587,1166,11,0
1299,3587,1167,12,0
1304,3587,1168,13,0
1301,3587,1169,14,0
1537,3587,1170,15,0
2826,3587,1172,16,0
2815,3587,1174,17,0
1328,3587,1175,18,0
1040,3587,1176,19,0
1425,3587,1177,20,0
1625,3587,1178,21,0
1426,3587,1179,22,0
1287,3587,1180,23,0
1288,3587,1181,24,0
1289,3587,1181,25,0
1427,3587,1182,26,0
1159,3587,1183,27,0
1374,3587,1184,28,0
1375,3587,1185,29,0
1376,3587,1185,30,0
1377,3587,1186,31,0
1378,3587,1187,32,0
1032,3587,1189,33,0
1033,3587,1190,34,0
1637,3587,1192,35,0
1111,3587,1193,36,0
1201,3587,1193,37,0
1202,3587,1194,38,0
1203,3587,1195,39,0
1314,3587,1196,40,0
1290,3587,1197,41,1
1290,3562,835,1,0
1291,3562,836,2,0
1177,3562,838,3,0
1178,3562,838,4,0
1152,3562,840,5,0
1638,3562,841,6,0
1007,3562,842,7,0
1634,3562,844,8,0
1403,3562,845,9,0
1404,3562,846,10,0
1405,3562,847,11,0
1406,3562,848,12,0
1407,3562,848,13,0
1428,3562,849,14,0
1410,3562,850,15,0
1253,3562,851,16,0
1254,3562,851,17,0
1255,3562,852,18,0
1411,3562,853,19,0
1626,3562,854,20,0
1041,3562,855,21,0
1102,3562,856,22,0
1371,3562,857,23,0
2803,3562,859,24,0
2801,3562,861,25,0
1543,3562,863,26,0
1303,3562,864,27,0
1300,3562,865,28,0
1305,3562,867,29,0
1306,3562,868,30,0
1307,3562,869,31,0
1412,3562,870,32,0
1423,3562,871,33,0
1414,3562,873,34,0
1499,3562,873,35,0
1421,3562,874,36,0
1416,3562,875,37,0
1419,3562,876,38,0
1221,3562,877,39,0
1222,3562,878,40,1
1234,2032,1240,1,0
1418,2032,1241,2,0
1417,2032,1241,3,0
1420,2032,1242,4,0
1643,2032,1243,5,0
1503,2032,1244,6,0
1422,2032,1245,7,0
1413,2032,1246,8,0
1424,2032,1247,9,0
1297,2032,1249,10,0
1298,2032,1250,11,0
1299,2032,1251,12,0
1304,2032,1252,13,0
1301,2032,1253,14,0
1537,2032,1254,15,0
2826,2032,1256,16,0
2815,2032,1258,17,0
1328,2032,1259,18,0
1040,2032,1260,19,0
1425,2032,1261,20,0
1625,2032,1262,21,0
1426,2032,1263,22,0
1287,2032,1264,23,0
1288,2032,1265,24,0
1289,2032,1265,25,0
1427,2032,1266,26,0
1159,2032,1267,27,0
1374,2032,1268,28,0
1375,2032,1269,29,0
1376,2032,1269,30,0
1377,2032,1270,31,0
1378,2032,1271,32,0
1032,2032,1273,33,0
1033,2032,1274,34,0
1637,2032,1276,35,0
1111,2032,1277,36,0
1201,2032,1277,37,0
1202,2032,1278,38,0
1203,2032,1279,39,0
1314,2032,1280,40,0
1290,2032,1281,41,1
1290,3559,855,1,0
1291,3559,856,2,0
1177,3559,858,3,0
1178,3559,858,4,0
1152,3559,860,5,0
1638,3559,861,6,0
1007,3559,862,7,0
1634,3559,864,8,0
1403,3559,865,9,0
1404,3559,866,10,0
1405,3559,867,11,0
1406,3559,868,12,0
1407,3559,868,13,0
1428,3559,869,14,0
1410,3559,870,15,0
1253,3559,871,16,0
1254,3559,872,17,0
1255,3559,873,18,0
1411,3559,874,19,0
1626,3559,875,20,0
1041,3559,877,21,0
1102,3559,878,22,0
1371,3559,878,23,0
2803,3559,881,24,0
2801,3559,882,25,0
1543,3559,884,26,0
1303,3559,885,27,0
1300,3559,887,28,0
1305,3559,888,29,0
1306,3559,889,30,0
1307,3559,891,31,0
1412,3559,892,32,0
1423,3559,894,33,0
1414,3559,896,34,0
1499,3559,897,35,0
1421,3559,898,36,0
1416,3559,899,37,0
1419,3559,900,38,0
1221,3559,901,39,0
1222,3559,902,40,1
1234,3573,1105,1,0
1418,3573,1106,2,0
1417,3573,1107,3,0
1420,3573,1108,4,0
1643,3573,1109,5,0
1503,3573,1110,6,0
1422,3573,1111,7,0
1413,3573,1112,8,0
1424,3573,1113,9,0
1297,3573,1115,10,0
1298,3573,1116,11,0
1299,3573,1117,12,0
1304,3573,1118,13,0
1301,3573,1119,14,0
1537,3573,1120,15,0
2826,3573,1122,16,0
2815,3573,1124,17,0
1328,3573,1125,18,0
1040,3573,1126,19,0
1425,3573,1127,20,0
1625,3573,1128,21,0
1426,3573,1129,22,0
1287,3573,1130,23,0
1288,3573,1131,24,0
1289,3573,1131,25,0
1427,3573,1132,26,0
1159,3573,1133,27,0
1374,3573,1134,28,0
1375,3573,1135,29,0
1376,3573,1135,30,0
1377,3573,1136,31,0
1378,3573,1137,32,0
1032,3573,1139,33,0
1033,3573,1140,34,0
1637,3573,1142,35,0
1111,3573,1143,36,0
1201,3573,1144,37,0
1202,3573,1145,38,0
1203,3573,1146,39,0
1314,3573,1147,40,0
1290,3573,1148,41,1
1234,3607,605,1,0
1418,3607,606,2,0
1417,3607,607,3,0
1420,3607,608,4,0
1643,3607,609,5,0
1503,3607,610,6,0
1422,3607,611,7,0
1413,3607,613,8,0
1424,3607,614,9,0
1297,3607,616,10,0
1298,3607,617,11,0
1299,3607,618,12,0
1304,3607,619,13,0
1301,3607,620,14,0
1537,3607,621,15,0
2826,3607,623,16,0
2815,3607,625,17,0
1328,3607,626,18,0
1040,3607,627,19,0
1425,3607,628,20,0
1625,3607,629,21,0
1426,3607,630,22,0
1287,3607,631,23,0
1288,3607,632,24,0
1289,3607,632,25,0
1427,3607,633,26,0
1159,3607,634,27,0
1374,3607,635,28,0
1375,3607,636,29,0
1376,3607,636,30,0
1377,3607,637,31,0
1378,3607,638,32,0
1032,3607,640,33,0
1033,3607,641,34,0
1637,3607,643,35,0
1111,3607,644,36,0
1201,3607,645,37,0
1202,3607,646,38,0
1203,3607,647,39,0
1314,3607,648,40,0
1290,3607,649,41,1
1234,3645,820,1,0
1418,3645,822,2,0
1417,3645,823,3,0
1420,3645,824,4,0
1643,3645,825,5,0
1503,3645,826,6,0
1422,3645,827,7,0
1413,3645,828,8,0
1424,3645,829,9,0
1297,3645,831,10,0
1298,3645,832,11,0
1299,3645,832,12,0
1304,3645,833,13,0
1301,3645,834,14,0
1537,3645,835,15,0
2826,3645,837,16,0
2815,3645,839,17,0
1328,3645,840,18,0
1040,3645,841,19,0
1425,3645,842,20,0
1625,3645,843,21,0
1426,3645,844,22,0
1287,3645,845,23,0
1288,3645,846,24,0
1289,3645,846,25,0
1427,3645,847,26,0
1159,3645,848,27,0
1374,3645,849,28,0
1375,3645,850,29,0
1376,3645,851,30,0
1377,3645,852,31,0
1378,3645,853,32,0
1032,3645,854,33,0
1033,3645,855,34,0
1637,3645,856,35,0
1111,3645,857,36,0
1201,3645,857,37,0
1202,3645,858,38,0
1203,3645,859,39,0
1314,3645,860,40,0
1290,3645,861,41,1
1234,3706,915,1,0
1418,3706,916,2,0
1417,3706,917,3,0
1420,3706,918,4,0
1643,3706,919,5,0
1503,3706,920,6,0
1422,3706,921,7,0
1413,3706,922,8,0
1424,3706,923,9,0
1297,3706,925,10,0
1298,3706,926,11,0
1299,3706,927,12,0
1304,3706,928,13,0
1301,3706,929,14,0
1537,3706,930,15,0
2826,3706,932,16,0
2815,3706,934,17,0
1328,3706,936,18,0
1040,3706,937,19,0
1425,3706,938,20,0
1625,3706,939,21,0
1426,3706,940,22,0
1287,3706,941,23,0
1288,3706,942,24,0
1289,3706,942,25,0
1427,3706,943,26,0
1159,3706,944,27,0
1374,3706,945,28,0
1375,3706,946,29,0
1376,3706,946,30,0
1377,3706,947,31,0
1378,3706,948,32,0
1032,3706,950,33,0
1033,3706,951,34,0
1637,3706,953,35,0
1111,3706,954,36,0
1201,3706,955,37,0
1202,3706,956,38,0
1203,3706,957,39,0
1314,3706,958,40,0
1290,3706,959,41,1
1234,126,1245,1,0
1418,126,1246,2,0
1417,126,1246,3,0
1420,126,1247,4,0
1643,126,1248,5,0
1503,126,1249,6,0
1422,126,1250,7,0
1413,126,1251,8,0
1424,126,1252,9,0
1297,126,1254,10,0
1298,126,1255,11,0
1299,126,1255,12,0
1304,126,1256,13,0
1301,126,1257,14,0
1537,126,1258,15,0
2826,126,1260,16,0
2815,126,1261,17,0
1328,126,1263,18,0
1040,126,1263,19,0
1425,126,1264,20,0
1625,126,1265,21,0
1426,126,1266,22,0
1287,126,1267,23,0
1288,126,1268,24,0
1289,126,1268,25,0
1427,126,1269,26,0
1159,126,1270,27,0
1374,126,1271,28,0
1375,126,1272,29,0
1376,126,1272,30,0
1377,126,1273,31,0
1378,126,1274,32,0
1032,126,1276,33,0
1033,126,1277,34,0
1637,126,1279,35,0
1111,126,1280,36,0
1201,126,1280,37,0
1202,126,1281,38,0
1203,126,1282,39,0
1314,126,1283,40,0
1290,126,1284,41,1
1290,3795,1005,1,0
1291,3795,1006,2,0
1177,3795,1008,3,0
1178,3795,1008,4,0
1152,3795,1010,5,0
1638,3795,1011,6,0
1007,3795,1013,7,0
1634,3795,1015,8,0
1403,3795,1016,9,0
1404,3795,1017,10,0
1405,3795,1018,11,0
1406,3795,1019,12,0
1407,3795,1019,13,0
1428,3795,1020,14,0
1410,3795,1021,15,0
1253,3795,1022,16,0
1254,3795,1023,17,0
1255,3795,1024,18,0
1411,3795,1025,19,0
1626,3795,1026,20,0
1041,3795,1028,21,0
1102,3795,1029,22,0
1371,3795,1030,23,0
2803,3795,1032,24,0
2801,3795,1034,25,0
1543,3795,1036,26,0
1303,3795,1037,27,0
1300,3795,1039,28,0
1305,3795,1040,29,0
1306,3795,1041,30,0
1307,3795,1043,31,0
1412,3795,1044,32,0
1423,3795,1046,33,0
1414,3795,1048,34,0
1499,3795,1049,35,0
1421,3795,1050,36,0
1416,3795,1051,37,0
1419,3795,1052,38,0
1221,3795,1053,39,0
1222,3795,1054,40,1
1234,3778,1210,1,0
1418,3778,1211,2,0
1417,3778,1211,3,0
1420,3778,1212,4,0
1643,3778,1213,5,0
1503,3778,1214,6,0
1422,3778,1215,7,0
1413,3778,1216,8,0
1424,3778,1217,9,0
1297,3778,1219,10,0
1298,3778,1220,11,0
1299,3778,1221,12,0
1304,3778,1222,13,0
1301,3778,1223,14,0
1537,3778,1224,15,0
2826,3778,1226,16,0
2815,3778,1228,17,0
1328,3778,1229,18,0
1040,3778,1230,19,0
1425,3778,1231,20,0
1625,3778,1232,21,0
1426,3778,1233,22,0
1287,3778,1234,23,0
1288,3778,1235,24,0
1289,3778,1235,25,0
1427,3778,1236,26,0
1159,3778,1237,27,0
1374,3778,1238,28,0
1375,3778,1239,29,0
1376,3778,1239,30,0
1377,3778,1240,31,0
1378,3778,1241,32,0
1032,3778,1243,33,0
1033,3778,1244,34,0
1637,3778,1246,35,0
1111,3778,1247,36,0
1201,3778,1247,37,0
1202,3778,1248,38,0
1203,3778,1249,39,0
1314,3778,1250,40,0
1290,3778,1251,41,1
1234,3753,1180,1,0
1418,3753,1181,2,0
1417,3753,1181,3,0
1420,3753,1182,4,0
1643,3753,1183,5,0
1503,3753,1184,6,0
1422,3753,1185,7,0
1413,3753,1186,8,0
1424,3753,1187,9,0
1297,3753,1189,10,0
1298,3753,1190,11,0
1299,3753,1191,12,0
1304,3753,1192,13,0
1301,3753,1193,14,0
1537,3753,1194,15,0
2826,3753,1196,16,0
2815,3753,1198,17,0
1328,3753,1199,18,0
1040,3753,1200,19,0
1425,3753,1201,20,0
1625,3753,1202,21,0
1426,3753,1203,22,0
1287,3753,1204,23,0
1288,3753,1205,24,0
1289,3753,1205,25,0
1427,3753,1206,26,0
1159,3753,1207,27,0
1374,3753,1208,28,0
1375,3753,1209,29,0
1376,3753,1209,30,0
1377,3753,1210,31,0
1378,3753,1211,32,0
1032,3753,1213,33,0
1033,3753,1214,34,0
1637,3753,1216,35,0
1111,3753,1217,36,0
1201,3753,1217,37,0
1202,3753,1218,38,0
1203,3753,1219,39,0
1314,3753,1220,40,0
1290,3753,1221,41,1
1234,3869,950,1,0
1418,3869,951,2,0
1417,3869,952,3,0
1420,3869,953,4,0
1643,3869,954,5,0
1503,3869,955,6,0
1422,3869,956,7,0
1413,3869,957,8,0
1424,3869,958,9,0
1297,3869,960,10,0
1298,3869,961,11,0
1299,3869,962,12,0
1304,3869,963,13,0
1301,3869,964,14,0
1537,3869,965,15,0
2826,3869,967,16,0
2815,3869,969,17,0
1328,3869,971,18,0
1040,3869,972,19,0
1425,3869,973,20,0
1625,3869,974,21,0
1426,3869,975,22,0
1287,3869,976,23,0
1288,3869,977,24,0
1289,3869,977,25,0
1427,3869,978,26,0
1159,3869,979,27,0
1374,3869,980,28,0
1375,3869,981,29,0
1376,3869,981,30,0
1377,3869,982,31,0
1378,3869,983,32,0
1032,3869,985,33,0
1033,3869,986,34,0
1637,3869,988,35,0
1111,3869,989,36,0
1201,3869,990,37,0
1202,3869,991,38,0
1203,3869,992,39,0
1314,3869,993,40,0
1290,3869,994,41,1
1290,3868,900,1,0
1291,3868,901,2,0
1177,3868,903,3,0
1178,3868,903,4,0
1152,3868,905,5,0
1638,3868,906,6,0
1007,3868,907,7,0
1634,3868,909,8,0
1403,3868,910,9,0
1404,3868,911,10,0
1405,3868,912,11,0
1406,3868,913,12,0
1407,3868,913,13,0
1428,3868,914,14,0
1410,3868,915,15,0
1253,3868,916,16,0
1254,3868,916,17,0
1255,3868,917,18,0
1411,3868,918,19,0
1626,3868,919,20,0
1041,3868,920,21,0
1102,3868,921,22,0
1371,3868,922,23,0
2803,3868,924,24,0
2801,3868,926,25,0
1543,3868,928,26,0
1303,3868,929,27,0
1300,3868,930,28,0
1305,3868,932,29,0
1306,3868,933,30,0
1307,3868,934,31,0
1412,3868,935,32,0
1423,3868,936,33,0
1414,3868,938,34,0
1499,3868,939,35,0
1421,3868,940,36,0
1416,3868,941,37,0
1419,3868,942,38,0
1221,3868,943,39,0
1222,3868,944,40,1
1290,3871,1000,1,0
1291,3871,1001,2,0
1177,3871,1003,3,0
1178,3871,1003,4,0
1152,3871,1005,5,0
1638,3871,1006,6,0
1007,3871,1007,7,0
1634,3871,1009,8,0
1403,3871,1010,9,0
1404,3871,1011,10,0
1405,3871,1012,11,0
1406,3871,1013,12,0
1407,3871,1013,13,0
1428,3871,1014,14,0
1410,3871,1015,15,0
1253,3871,1016,16,0
1254,3871,1016,17,0
1255,3871,1017,18,0
1411,3871,1018,19,0
1626,3871,1019,20,0
1041,3871,1020,21,0
1102,3871,1021,22,0
1371,3871,1022,23,0
2803,3871,1024,24,0
2801,3871,1026,25,0
1543,3871,1028,26,0
1303,3871,1029,27,0
1300,3871,1030,28,0
1305,3871,1032,29,0
1306,3871,1033,30,0
1307,3871,1034,31,0
1412,3871,1035,32,0
1423,3871,1036,33,0
1414,3871,1038,34,0
1499,3871,1039,35,0
1421,3871,1040,36,0
1416,3871,1041,37,0
1419,3871,1042,38,0
1221,3871,1043,39,0
1222,3871,1044,40,1
1290,3854,510,1,0
1291,3854,511,2,0
1177,3854,512,3,0
1178,3854,513,4,0
1152,3854,514,5,0
1638,3854,515,6,0
1007,3854,516,7,0
1634,3854,518,8,0
1403,3854,518,9,0
1404,3854,519,10,0
1405,3854,520,11,0
1406,3854,521,12,0
1407,3854,521,13,0
1428,3854,522,14,0
1410,3854,523,15,0
1253,3854,524,16,0
1254,3854,524,17,0
1255,3854,525,18,0
1411,3854,526,19,0
1626,3854,527,20,0
1041,3854,528,21,0
1102,3854,529,22,0
1371,3854,529,23,0
2803,3854,532,24,0
2801,3854,533,25,0
1543,3854,535,26,0
1303,3854,536,27,0
1300,3854,537,28,0
1305,3854,538,29,0
1306,3854,539,30,0
1307,3854,540,31,0
1412,3854,541,32,0
1423,3854,542,33,0
1414,3854,544,34,0
1499,3854,544,35,0
1421,3854,545,36,0
1416,3854,546,37,0
1419,3854,547,38,0
1221,3854,548,39,0
1222,3854,549,40,1
1290,3830,965,1,0
1291,3830,966,2,0
1177,3830,968,3,0
1178,3830,968,4,0
1152,3830,970,5,0
1638,3830,971,6,0
1007,3830,972,7,0
1634,3830,974,8,0
1403,3830,975,9,0
1404,3830,976,10,0
1405,3830,977,11,0
1406,3830,978,12,0
1407,3830,978,13,0
1428,3830,979,14,0
1410,3830,980,15,0
1253,3830,981,16,0
1254,3830,981,17,0
1255,3830,982,18,0
1411,3830,983,19,0
1626,3830,984,20,0
1041,3830,985,21,0
1102,3830,986,22,0
1371,3830,987,23,0
2803,3830,989,24,0
2801,3830,991,25,0
1543,3830,993,26,0
1303,3830,994,27,0
1300,3830,995,28,0
1305,3830,997,29,0
1306,3830,998,30,0
1307,3830,999,31,0
1412,3830,1000,32,0
1423,3830,1001,33,0
1414,3830,1003,34,0
1499,3830,1004,35,0
1421,3830,1005,36,0
1416,3830,1006,37,0
1419,3830,1007,38,0
1221,3830,1008,39,0
1222,3830,1009,40,1
1290,4962,1057,1,0
1291,4962,1058,2,0
1177,4962,1059,3,0
1178,4962,1060,4,0
1152,4962,1061,5,0
1638,4962,1062,6,0
1007,4962,1063,7,0
1634,4962,1065,8,0
1403,4962,1065,9,0
1404,4962,1066,10,0
1405,4962,1067,11,0
1406,4962,1068,12,0
1407,4962,1069,13,0
1428,4962,1070,14,0
1410,4962,1071,15,0
1253,4962,1072,16,0
1254,4962,1072,17,0
1255,4962,1073,18,0
1411,4962,1074,19,0
1626,4962,1075,20,0
1041,4962,1076,21,0
1102,4962,1076,22,0
1371,4962,1077,23,0
2803,4962,1078,24,0
2801,4962,1079,25,0
1543,4962,1081,26,0
1303,4962,1082,27,0
1300,4962,1083,28,0
1305,4962,1085,29,0
1306,4962,1086,30,0
1307,4962,1087,31,0
1412,4962,1088,32,0
1423,4962,1089,33,0
1414,4962,1091,34,0
1499,4962,1091,35,0
1421,4962,1092,36,0
1416,4962,1093,37,0
1419,4962,1094,38,0
1221,4962,1096,39,0
1222,4962,1097,40,1
1290,4991,693,1,0
1291,4991,694,2,0
1177,4991,696,3,0
1178,4991,696,4,0
1152,4991,698,5,0
1638,4991,699,6,0
1007,4991,700,7,0
1634,4991,702,8,0
1403,4991,703,9,0
1404,4991,704,10,0
1405,4991,705,11,0
1406,4991,706,12,0
1407,4991,706,13,0
1428,4991,707,14,0
1410,4991,708,15,0
1253,4991,709,16,0
1254,4991,710,17,0
1255,4991,711,18,0
1411,4991,712,19,0
1626,4991,713,20,0
1041,4991,714,21,0
1102,4991,715,22,0
1371,4991,715,23,0
2803,4991,718,24,0
2801,4991,719,25,0
1543,4991,721,26,0
1303,4991,722,27,0
1300,4991,723,28,0
1305,4991,725,29,0
1306,4991,726,30,0
1307,4991,727,31,0
1412,4991,728,32,0
1423,4991,729,33,0
1414,4991,731,34,0
1499,4991,732,35,0
1421,4991,733,36,0
1416,4991,734,37,0
1419,4991,735,38,0
1221,4991,736,39,0
1222,4991,737,40,1
1290,3898,832,1,0
1291,3898,833,2,0
1177,3898,835,3,0
1178,3898,835,4,0
1152,3898,837,5,0
1638,3898,838,6,0
1007,3898,839,7,0
1634,3898,841,8,0
1403,3898,842,9,0
1404,3898,843,10,0
1405,3898,844,11,0
1406,3898,845,12,0
1407,3898,845,13,0
1428,3898,846,14,0
1410,3898,847,15,0
1253,3898,848,16,0
1254,3898,849,17,0
1255,3898,850,18,0
1411,3898,851,19,0
1626,3898,852,20,0
1041,3898,854,21,0
1102,3898,855,22,0
1371,3898,855,23,0
2803,3898,858,24,0
2801,3898,859,25,0
1543,3898,861,26,0
1303,3898,862,27,0
1300,3898,864,28,0
1305,3898,865,29,0
1306,3898,866,30,0
1307,3898,868,31,0
1412,3898,869,32,0
1423,3898,871,33,0
1414,3898,873,34,0
1499,3898,874,35,0
1421,3898,875,36,0
1416,3898,876,37,0
1419,3898,877,38,0
1221,3898,878,39,0
1222,3898,879,40,1
1290,3179,415,1,0
1291,3179,416,2,0
1177,3179,417,3,0
1178,3179,418,4,0
1152,3179,419,5,0
1638,3179,420,6,0
1007,3179,421,7,0
1634,3179,423,8,0
1403,3179,424,9,0
1404,3179,425,10,0
1405,3179,426,11,0
1406,3179,427,12,0
1407,3179,427,13,0
1428,3179,428,14,0
1410,3179,429,15,0
1253,3179,430,16,0
1254,3179,431,17,0
1255,3179,432,18,0
1411,3179,433,19,0
1626,3179,434,20,0
1041,3179,435,21,0
1102,3179,436,22,0
1371,3179,436,23,0
2803,3179,438,24,0
2801,3179,439,25,0
1543,3179,441,26,0
1303,3179,442,27,0
1300,3179,443,28,0
1305,3179,445,29,0
1306,3179,446,30,0
1307,3179,447,31,0
1412,3179,448,32,0
1423,3179,449,33,0
1414,3179,451,34,0
1499,3179,451,35,0
1421,3179,452,36,0
1416,3179,453,37,0
1419,3179,454,38,0
1221,3179,455,39,0
1222,3179,456,40,1
1290,530,1135,1,0
1291,530,1136,2,0
1177,530,1138,3,0
1178,530,1138,4,0
1152,530,1140,5,0
1638,530,1141,6,0
1007,530,1142,7,0
1634,530,1144,8,0
1403,530,1145,9,0
1404,530,1146,10,0
1405,530,1147,11,0
1406,530,1148,12,0
1407,530,1148,13,0
1428,530,1149,14,0
1410,530,1150,15,0
1253,530,1151,16,0
1254,530,1151,17,0
1255,530,1152,18,0
1411,530,1153,19,0
1626,530,1154,20,0
1041,530,1155,21,0
1102,530,1156,22,0
1371,530,1156,23,0
2803,530,1158,24,0
2801,530,1159,25,0
1543,530,1161,26,0
1303,530,1162,27,0
1300,530,1163,28,0
1305,530,1165,29,0
1306,530,1166,30,0
1307,530,1167,31,0
1412,530,1168,32,0
1423,530,1169,33,0
1414,530,1171,34,0
1499,530,1172,35,0
1421,530,1173,36,0
1416,530,1174,37,0
1419,530,1175,38,0
1221,530,1176,39,0
1222,530,1177,40,1
1290,2968,658,1,0
1291,2968,659,2,0
1177,2968,661,3,0
1178,2968,661,4,0
1152,2968,663,5,0
1638,2968,664,6,0
1007,2968,665,7,0
1634,2968,667,8,0
1403,2968,668,9,0
1404,2968,669,10,0
1405,2968,670,11,0
1406,2968,671,12,0
1407,2968,671,13,0
1428,2968,672,14,0
1410,2968,673,15,0
1253,2968,674,16,0
1254,2968,675,17,0
1255,2968,676,18,0
1411,2968,677,19,0
1626,2968,678,20,0
1041,2968,679,21,0
1102,2968,680,22,0
1371,2968,680,23,0
2803,2968,683,24,0
2801,2968,684,25,0
1543,2968,686,26,0
1303,2968,687,27,0
1300,2968,688,28,0
1305,2968,690,29,0
1306,2968,691,30,0
1307,2968,692,31,0
1412,2968,693,32,0
1423,2968,694,33,0
1414,2968,696,34,0
1499,2968,697,35,0
1421,2968,698,36,0
1416,2968,699,37,0
1419,2968,700,38,0
1221,2968,701,39,0
1222,2968,702,40,1
1234,2992,435,1,0
1418,2992,436,2,0
1417,2992,437,3,0
1420,2992,438,4,0
1643,2992,439,5,0
1503,2992,440,6,0
1422,2992,441,7,0
1413,2992,443,8,0
1424,2992,444,9,0
1297,2992,446,10,0
1298,2992,447,11,0
1299,2992,448,12,0
1304,2992,449,13,0
1301,2992,450,14,0
1537,2992,451,15,0
2826,2992,453,16,0
2815,2992,454,17,0
1328,2992,456,18,0
1040,2992,456,19,0
1425,2992,457,20,0
1625,2992,458,21,0
1426,2992,459,22,0
1287,2992,460,23,0
1288,2992,461,24,0
1289,2992,461,25,0
1427,2992,462,26,0
1159,2992,463,27,0
1374,2992,464,28,0
1375,2992,465,29,0
1376,2992,465,30,0
1377,2992,466,31,0
1378,2992,467,32,0
1032,2992,469,33,0
1033,2992,470,34,0
1637,2992,472,35,0
1111,2992,473,36,0
1201,2992,474,37,0
1202,2992,475,38,0
1203,2992,476,39,0
1314,2992,477,40,0
1290,2992,478,41,1
1290,555,867,1,0
1291,555,868,2,0
1177,555,869,3,0
1178,555,870,4,0
1152,555,871,5,0
1638,555,872,6,0
1007,555,873,7,0
1634,555,875,8,0
1403,555,875,9,0
1404,555,876,10,0
1405,555,877,11,0
1406,555,878,12,0
1407,555,879,13,0
1428,555,880,14,0
1410,555,881,15,0
1253,555,882,16,0
1254,555,882,17,0
1255,555,883,18,0
1411,555,884,19,0
1626,555,885,20,0
1041,555,886,21,0
1102,555,886,22,0
1371,555,887,23,0
2803,555,888,24,0
2801,555,889,25,0
1543,555,891,26,0
1303,555,892,27,0
1300,555,893,28,0
1305,555,895,29,0
1306,555,896,30,0
1307,555,897,31,0
1412,555,898,32,0
1423,555,899,33,0
1414,555,901,34,0
1499,555,901,35,0
1421,555,902,36,0
1416,555,903,37,0
1419,555,904,38,0
1221,555,906,39,0
1222,555,907,40,1
1234,562,725,1,0
1418,562,726,2,0
1417,562,727,3,0
1420,562,728,4,0
1643,562,729,5,0
1503,562,730,6,0
1422,562,731,7,0
1413,562,733,8,0
1424,562,734,9,0
1297,562,736,10,0
1298,562,737,11,0
1299,562,737,12,0
1304,562,738,13,0
1301,562,739,14,0
1537,562,740,15,0
2826,562,742,16,0
2815,562,743,17,0
1328,562,745,18,0
1040,562,745,19,0
1425,562,746,20,0
1625,562,748,21,0
1426,562,749,22,0
1287,562,750,23,0
1288,562,751,24,0
1289,562,751,25,0
1427,562,752,26,0
1159,562,753,27,0
1374,562,754,28,0
1375,562,755,29,0
1376,562,756,30,0
1377,562,757,31,0
1378,562,758,32,0
1032,562,759,33,0
1033,562,760,34,0
1637,562,761,35,0
1111,562,762,36,0
1201,562,762,37,0
1202,562,763,38,0
1203,562,764,39,0
1314,562,765,40,0
1290,562,766,41,1
1290,6821,915,1,0
1291,6821,916,2,0
1177,6821,918,3,0
1178,6821,918,4,0
1152,6821,920,5,0
1638,6821,921,6,0
1007,6821,922,7,0
1634,6821,924,8,0
1403,6821,925,9,0
1404,6821,926,10,0
1405,6821,927,11,0
1406,6821,928,12,0
1407,6821,928,13,0
1428,6821,929,14,0
1410,6821,930,15,0
1253,6821,931,16,0
1254,6821,932,17,0
1255,6821,933,18,0
1411,6821,934,19,0
1626,6821,935,20,0
1041,6821,937,21,0
1102,6821,938,22,0
1371,6821,938,23,0
2803,6821,941,24,0
2801,6821,942,25,0
1543,6821,944,26,0
1303,6821,945,27,0
1300,6821,947,28,0
1305,6821,948,29,0
1306,6821,949,30,0
1307,6821,951,31,0
1412,6821,952,32,0
1423,6821,954,33,0
1414,6821,956,34,0
1499,6821,957,35,0
1421,6821,958,36,0
1416,6821,959,37,0
1419,6821,960,38,0
1221,6821,961,39,0
1222,6821,962,40,1
1234,2923,885,1,0
1418,2923,886,2,0
1417,2923,887,3,0
1420,2923,888,4,0
1643,2923,889,5,0
1503,2923,890,6,0
1422,2923,891,7,0
1413,2923,893,8,0
1424,2923,894,9,0
1297,2923,896,10,0
1298,2923,897,11,0
1299,2923,898,12,0
1304,2923,899,13,0
1301,2923,900,14,0
1537,2923,901,15,0
2826,2923,903,16,0
2815,2923,905,17,0
1328,2923,907,18,0
1040,2923,908,19,0
1425,2923,909,20,0
1625,2923,910,21,0
1426,2923,911,22,0
1287,2923,912,23,0
1288,2923,913,24,0
1289,2923,913,25,0
1427,2923,914,26,0
1159,2923,915,27,0
1374,2923,916,28,0
1375,2923,917,29,0
1376,2923,917,30,0
1377,2923,918,31,0
1378,2923,919,32,0
1032,2923,921,33,0
1033,2923,922,34,0
1637,2923,924,35,0
1111,2923,925,36,0
1201,2923,926,37,0
1202,2923,927,38,0
1203,2923,928,39,0
1314,2923,929,40,0
1290,2923,930,41,1
1234,1873,780,1,0
1418,1873,781,2,0
1417,1873,782,3,0
1420,1873,783,4,0
1643,1873,784,5,0
1503,1873,785,6,0
1422,1873,786,7,0
1413,1873,788,8,0
1424,1873,789,9,0
1297,1873,791,10,0
1298,1873,792,11,0
1299,1873,793,12,0
1304,1873,794,13,0
1301,1873,795,14,0
1537,1873,797,15,0
2826,1873,799,16,0
2815,1873,801,17,0
1328,1873,803,18,0
1040,1873,804,19,0
1425,1873,805,20,0
1625,1873,806,21,0
1426,1873,807,22,0
1287,1873,808,23,0
1288,1873,809,24,0
1289,1873,809,25,0
1427,1873,810,26,0
1159,1873,811,27,0
1374,1873,812,28,0
1375,1873,813,29,0
1376,1873,813,30,0
1377,1873,814,31,0
1378,1873,815,32,0
1032,1873,817,33,0
1033,1873,818,34,0
1637,1873,820,35,0
1111,1873,821,36,0
1201,1873,822,37,0
1202,1873,823,38,0
1203,1873,824,39,0
1314,1873,825,40,0
1290,1873,826,41,1
1290,4601,1025,1,0
1291,4601,1026,2,0
1177,4601,1028,3,0
1178,4601,1028,4,0
1152,4601,1030,5,0
1638,4601,1031,6,0
1007,4601,1032,7,0
1634,4601,1034,8,0
1403,4601,1035,9,0
1404,4601,1036,10,0
1405,4601,1037,11,0
1406,4601,1038,12,0
1407,4601,1038,13,0
1428,4601,1039,14,0
1410,4601,1040,15,0
1253,4601,1041,16,0
1254,4601,1041,17,0
1255,4601,1042,18,0
1411,4601,1043,19,0
1626,4601,1044,20,0
1041,4601,1045,21,0
1102,4601,1046,22,0
1371,4601,1047,23,0
2803,4601,1049,24,0
2801,4601,1051,25,0
1543,4601,1053,26,0
1303,4601,1054,27,0
1300,4601,1055,28,0
1305,4601,1057,29,0
1306,4601,1058,30,0
1307,4601,1059,31,0
1412,4601,1060,32,0
1423,4601,1061,33,0
1414,4601,1063,34,0
1499,4601,1064,35,0
1421,4601,1065,36,0
1416,4601,1066,37,0
1419,4601,1067,38,0
1221,4601,1068,39,0
1222,4601,1069,40,1
1234,6772,1130,1,0
1418,6772,1131,2,0
1417,6772,1132,3,0
1420,6772,1133,4,0
1643,6772,1134,5,0
1503,6772,1135,6,0
1422,6772,1136,7,0
1413,6772,1137,8,0
1424,6772,1138,9,0
1297,6772,1140,10,0
1298,6772,1141,11,0
1299,6772,1142,12,0
1304,6772,1143,13,0
1301,6772,1144,14,0
1537,6772,1145,15,0
2826,6772,1147,16,0
2815,6772,1149,17,0
1328,6772,1150,18,0
1040,6772,1151,19,0
1425,6772,1152,20,0
1625,6772,1153,21,0
1426,6772,1154,22,0
1287,6772,1155,23,0
1288,6772,1156,24,0
1289,6772,1156,25,0
1427,6772,1157,26,0
1159,6772,1158,27,0
1374,6772,1159,28,0
1375,6772,1160,29,0
1376,6772,1160,30,0
1377,6772,1161,31,0
1378,6772,1162,32,0
1032,6772,1164,33,0
1033,6772,1165,34,0
1637,6772,1167,35,0
1111,6772,1168,36,0
1201,6772,1169,37,0
1202,6772,1170,38,0
1203,6772,1171,39,0
1314,6772,1172,40,0
1290,6772,1173,41,1
1290,1725,1230,1,0
1291,1725,1231,2,0
1177,1725,1232,3,0
1178,1725,1233,4,0
1152,1725,1234,5,0
1638,1725,1235,6,0
1007,1725,1236,7,0
1634,1725,1238,8,0
1403,1725,1239,9,0
1404,1725,1240,10,0
1405,1725,1241,11,0
1406,1725,1242,12,0
1407,1725,1242,13,0
1428,1725,1243,14,0
1410,1725,1244,15,0
1253,1725,1245,16,0
1254,1725,1245,17,0
1255,1725,1246,18,0
1411,1725,1247,19,0
1626,1725,1248,20,0
1041,1725,1249,21,0
1102,1725,1250,22,0
1371,1725,1250,23,0
2803,1725,1252,24,0
2801,1725,1253,25,0
1543,1725,1255,26,0
1303,1725,1256,27,0
1300,1725,1257,28,0
1305,1725,1258,29,0
1306,1725,1259,30,0
1307,1725,1260,31,0
1412,1725,1261,32,0
1423,1725,1262,33,0
1414,1725,1264,34,0
1499,1725,1264,35,0
1421,1725,1265,36,0
1416,1725,1266,37,0
1419,1725,1267,38,0
1221,1725,1267,39,0
1222,1725,1268,40,1
1234,6781,523,1,0
1418,6781,524,2,0
1417,6781,525,3,0
1420,6781,526,4,0
1643,6781,527,5,0
1503,6781,528,6,0
1422,6781,529,7,0
1413,6781,530,8,0
1424,6781,531,9,0
1297,6781,533,10,0
1298,6781,534,11,0
1299,6781,535,12,0
1304,6781,536,13,0
1301,6781,537,14,0
1537,6781,538,15,0
2826,6781,540,16,0
2815,6781,542,17,0
1328,6781,543,18,0
1040,6781,544,19,0
1425,6781,545,20,0
1625,6781,546,21,0
1426,6781,546,22,0
1287,6781,547,23,0
1288,6781,548,24,0
1289,6781,548,25,0
1427,6781,549,26,0
1159,6781,550,27,0
1374,6781,551,28,0
1375,6781,552,29,0
1376,6781,552,30,0
1377,6781,553,31,0
1378,6781,554,32,0
1032,6781,556,33,0
1033,6781,557,34,0
1637,6781,559,35,0
1111,6781,560,36,0
1201,6781,561,37,0
1202,6781,562,38,0
1203,6781,563,39,0
1314,6781,564,40,0
1290,6781,565,41,1
1297,1712,725,1,0
1298,1712,726,2,0
1299,1712,727,3,0
1304,1712,728,4,0
1301,1712,729,5,0
1537,1712,730,6,0
2826,1712,732,7,0
2815,1712,734,8,0
1328,1712,736,9,0
1040,1712,737,10,0
1425,1712,738,11,0
1625,1712,739,12,0
1426,1712,740,13,0
1287,1712,741,14,0
1288,1712,742,15,0
1289,1712,742,16,0
1427,1712,743,17,0
1159,1712,744,18,0
1374,1712,745,19,0
1375,1712,746,20,0
1376,1712,746,21,0
1377,1712,747,22,0
1378,1712,748,23,0
1032,1712,750,24,0
1033,1712,751,25,0
1637,1712,753,26,0
1111,1712,754,27,0
1201,1712,755,28,0
1202,1712,756,29,0
1203,1712,757,30,0
1314,1712,758,31,0
1290,1712,759,32,1
1234,6748,675,1,0
1418,6748,676,2,0
1417,6748,677,3,0
1420,6748,678,4,0
1643,6748,679,5,0
1503,6748,680,6,0
1422,6748,681,7,0
1413,6748,683,8,0
1424,6748,684,9,0
1297,6748,686,10,0
1298,6748,687,11,0
1299,6748,688,12,0
1304,6748,689,13,0
1301,6748,690,14,0
1537,6748,691,15,0
2826,6748,693,16,0
2815,6748,695,17,0
1328,6748,696,18,0
1040,6748,697,19,0
1425,6748,698,20,0
1625,6748,699,21,0
1426,6748,700,22,0
1287,6748,701,23,0
1288,6748,702,24,0
1289,6748,702,25,0
1427,6748,703,26,0
1159,6748,704,27,0
1374,6748,705,28,0
1375,6748,706,29,0
1376,6748,706,30,0
1377,6748,707,31,0
1378,6748,708,32,0
1032,6748,710,33,0
1033,6748,711,34,0
1637,6748,713,35,0
1111,6748,714,36,0
1201,6748,715,37,0
1202,6748,716,38,0
1203,6748,717,39,0
1314,6748,718,40,0
1290,6748,719,41,1
1290,460,420,1,0
1291,460,421,2,0
1177,460,422,3,0
1178,460,423,4,0
1152,460,424,5,0
1638,460,425,6,0
1007,460,426,7,0
1634,460,428,8,0
1403,460,428,9,0
1404,460,429,10,0
1405,460,430,11,0
1406,460,431,12,0
1407,460,431,13,0
1428,460,432,14,0
1410,460,433,15,0
1253,460,434,16,0
1254,460,434,17,0
1255,460,435,18,0
1411,460,436,19,0
1626,460,437,20,0
1041,460,438,21,0
1102,460,439,22,0
1371,460,439,23,0
2803,460,442,24,0
2801,460,443,25,0
1543,460,445,26,0
1303,460,446,27,0
1300,460,447,28,0
1305,460,448,29,0
1306,460,449,30,0
1307,460,450,31,0
1412,460,451,32,0
1423,460,452,33,0
1414,460,454,34,0
1499,460,454,35,0
1421,460,455,36,0
1416,460,456,37,0
1419,460,457,38,0
1221,460,457,39,0
1222,460,458,40,1
1234,1785,1105,1,0
1418,1785,1107,2,0
1417,1785,1108,3,0
1420,1785,1109,4,0
1643,1785,1110,5,0
1503,1785,1111,6,0
1422,1785,1112,7,0
1413,1785,1113,8,0
1424,1785,1114,9,0
1297,1785,1116,10,0
1298,1785,1117,11,0
1299,1785,1117,12,0
1304,1785,1118,13,0
1301,1785,1119,14,0
1537,1785,1120,15,0
2826,1785,1122,16,0
2815,1785,1124,17,0
1328,1785,1125,18,0
1040,1785,1126,19,0
1425,1785,1127,20,0
1625,1785,1128,21,0
1426,1785,1129,22,0
1287,1785,1130,23,0
1288,1785,1131,24,0
1289,1785,1131,25,0
1427,1785,1132,26,0
1159,1785,1133,27,0
1374,1785,1134,28,0
1375,1785,1135,29,0
1376,1785,1136,30,0
1377,1785,1137,31,0
1378,1785,1138,32,0
1032,1785,1139,33,0
1033,1785,1141,34,0
1637,1785,1142,35,0
1111,1785,1143,36,0
1201,1785,1143,37,0
1202,1785,1144,38,0
1203,1785,1145,39,0
1314,1785,1146,40,0
1290,1785,1147,41,1
1290,1761,1200,1,0
1291,1761,1201,2,0
1177,1761,1202,3,0
1178,1761,1203,4,0
1152,1761,1204,5,0
1638,1761,1205,6,0
1007,1761,1206,7,0
1634,1761,1208,8,0
1403,1761,1209,9,0
1404,1761,1210,10,0
1405,1761,1211,11,0
1406,1761,1212,12,0
1407,1761,1212,13,0
1428,1761,1213,14,0
1410,1761,1214,15,0
1253,1761,1215,16,0
1254,1761,1215,17,0
1255,1761,1216,18,0
1411,1761,1217,19,0
1626,1761,1218,20,0
1041,1761,1219,21,0
1102,1761,1220,22,0
1371,1761,1220,23,0
2803,1761,1222,24,0
2801,1761,1223,25,0
1543,1761,1225,26,0
1303,1761,1226,27,0
1300,1761,1227,28,0
1305,1761,1228,29,0
1306,1761,1229,30,0
1307,1761,1230,31,0
1412,1761,1231,32,0
1423,1761,1232,33,0
1414,1761,1234,34,0
1499,1761,1234,35,0
1421,1761,1235,36,0
1416,1761,1236,37,0
1419,1761,1237,38,0
1221,1761,1237,39,0
1222,1761,1238,40,1
1234,6730,850,1,0
1418,6730,851,2,0
1417,6730,852,3,0
1420,6730,853,4,0
1643,6730,854,5,0
1503,6730,855,6,0
1422,6730,856,7,0
1413,6730,857,8,0
1424,6730,858,9,0
1297,6730,860,10,0
1298,6730,861,11,0
1299,6730,862,12,0
1304,6730,863,13,0
1301,6730,864,14,0
1537,6730,865,15,0
2826,6730,867,16,0
2815,6730,869,17,0
1328,6730,870,18,0
1040,6730,871,19,0
1425,6730,872,20,0
1625,6730,873,21,0
1426,6730,874,22,0
1287,6730,875,23,0
1288,6730,876,24,0
1289,6730,876,25,0
1427,6730,877,26,0
1159,6730,878,27,0
1374,6730,879,28,0
1375,6730,880,29,0
1376,6730,880,30,0
1377,6730,881,31,0
1378,6730,882,32,0
1032,6730,884,33,0
1033,6730,885,34,0
1637,6730,887,35,0
1111,6730,888,36,0
1201,6730,889,37,0
1202,6730,890,38,0
1203,6730,891,39,0
1314,6730,892,40,0
1290,6730,893,41,1
1290,1741,765,1,0
1291,1741,766,2,0
1177,1741,768,3,0
1178,1741,768,4,0
1152,1741,770,5,0
1638,1741,771,6,0
1007,1741,772,7,0
1634,1741,774,8,0
1403,1741,775,9,0
1404,1741,776,10,0
1405,1741,777,11,0
1406,1741,778,12,0
1407,1741,778,13,0
1428,1741,779,14,0
1410,1741,780,15,0
1253,1741,781,16,0
1254,1741,781,17,0
1255,1741,782,18,0
1411,1741,783,19,0
1626,1741,784,20,0
1041,1741,785,21,0
1102,1741,786,22,0
1371,1741,786,23,0
2803,1741,789,24,0
2801,1741,790,25,0
1543,1741,792,26,0
1303,1741,793,27,0
1300,1741,794,28,0
1305,1741,796,29,0
1306,1741,797,30,0
1307,1741,798,31,1
1290,6706,665,1,0
1291,6706,666,2,0
1177,6706,668,3,0
1178,6706,668,4,0
1152,6706,670,5,0
1638,6706,671,6,0
1007,6706,672,7,0
1634,6706,674,8,0
1403,6706,675,9,0
1404,6706,676,10,0
1405,6706,677,11,0
1406,6706,678,12,0
1407,6706,678,13,0
1428,6706,679,14,0
1410,6706,680,15,0
1253,6706,681,16,0
1254,6706,681,17,0
1255,6706,682,18,0
1411,6706,683,19,0
1626,6706,684,20,0
1041,6706,685,21,0
1102,6706,686,22,0
1371,6706,686,23,0
2803,6706,689,24,0
2801,6706,690,25,0
1543,6706,692,26,0
1303,6706,693,27,0
1300,6706,694,28,0
1305,6706,696,29,0
1306,6706,697,30,0
1307,6706,698,31,1
1290,1739,865,1,0
1291,1739,866,2,0
1177,1739,868,3,0
1178,1739,868,4,0
1152,1739,870,5,0
1638,1739,871,6,0
1007,1739,872,7,0
1634,1739,874,8,0
1403,1739,875,9,0
1404,1739,876,10,0
1405,1739,877,11,0
1406,1739,878,12,0
1407,1739,878,13,0
1428,1739,879,14,0
1410,1739,880,15,0
1253,1739,881,16,0
1254,1739,881,17,0
1255,1739,882,18,0
1411,1739,883,19,0
1626,1739,884,20,0
1041,1739,885,21,0
1102,1739,886,22,0
1371,1739,887,23,0
2803,1739,889,24,0
2801,1739,891,25,0
1543,1739,893,26,0
1303,1739,894,27,0
1300,1739,895,28,0
1305,1739,897,29,0
1306,1739,898,30,0
1307,1739,899,31,0
1412,1739,900,32,0
1423,1739,901,33,0
1414,1739,903,34,0
1499,1739,903,35,0
1421,1739,904,36,0
1416,1739,905,37,0
1419,1739,906,38,0
1221,1739,907,39,0
1222,1739,908,40,1
1290,4512,1125,1,0
1291,4512,1126,2,0
1177,4512,1128,3,0
1178,4512,1128,4,0
1152,4512,1130,5,0
1638,4512,1131,6,0
1007,4512,1132,7,0
1634,4512,1134,8,0
1403,4512,1135,9,0
1404,4512,1136,10,0
1405,4512,1137,11,0
1406,4512,1138,12,0
1407,4512,1138,13,0
1428,4512,1139,14,0
1410,4512,1140,15,0
1253,4512,1141,16,0
1254,4512,1142,17,0
1255,4512,1143,18,0
1411,4512,1144,19,0
1626,4512,1145,20,0
1041,4512,1147,21,0
1102,4512,1148,22,0
1371,4512,1148,23,0
2803,4512,1151,24,0
2801,4512,1152,25,0
1543,4512,1154,26,0
1303,4512,1155,27,0
1300,4512,1156,28,0
1305,4512,1157,29,0
1306,4512,1158,30,0
1307,4512,1159,31,0
1412,4512,1160,32,0
1423,4512,1161,33,0
1414,4512,1163,34,0
1499,4512,1164,35,0
1421,4512,1165,36,0
1416,4512,1166,37,0
1419,4512,1167,38,0
1221,4512,1168,39,0
1222,4512,1169,40,1
1290,1696,450,1,0
1291,1696,451,2,0
1177,1696,452,3,0
1178,1696,453,4,0
1152,1696,454,5,0
1638,1696,455,6,0
1007,1696,456,7,0
1634,1696,458,8,0
1403,1696,458,9,0
1404,1696,459,10,0
1405,1696,460,11,0
1406,1696,461,12,0
1407,1696,461,13,0
1428,1696,462,14,0
1410,1696,463,15,0
1253,1696,464,16,0
1254,1696,464,17,0
1255,1696,465,18,0
1411,1696,466,19,0
1626,1696,467,20,0
1041,1696,468,21,0
1102,1696,469,22,0
1371,1696,469,23,0
2803,1696,472,24,0
2801,1696,473,25,0
1543,1696,475,26,0
1303,1696,476,27,0
1300,1696,477,28,0
1305,1696,478,29,0
1306,1696,479,30,0
1307,1696,480,31,0
1412,1696,481,32,0
1423,1696,482,33,0
1414,1696,484,34,0
1499,1696,484,35,0
1421,1696,485,36,0
1416,1696,486,37,0
1419,1696,487,38,0
1221,1696,487,39,0
1222,1696,488,40,1
1234,4523,915,1,0
1418,4523,917,2,0
1417,4523,918,3,0
1420,4523,919,4,0
1643,4523,920,5,0
1503,4523,921,6,0
1422,4523,922,7,0
1413,4523,923,8,0
1424,4523,924,9,0
1297,4523,926,10,0
1298,4523,927,11,0
1299,4523,927,12,0
1304,4523,928,13,0
1301,4523,929,14,0
1537,4523,930,15,0
2826,4523,932,16,0
2815,4523,934,17,0
1328,4523,935,18,0
1040,4523,936,19,0
1425,4523,937,20,0
1625,4523,938,21,0
1426,4523,939,22,0
1287,4523,940,23,0
1288,4523,941,24,0
1289,4523,941,25,0
1427,4523,942,26,0
1159,4523,943,27,0
1374,4523,944,28,0
1375,4523,945,29,0
1376,4523,946,30,0
1377,4523,947,31,0
1378,4523,948,32,0
1032,4523,949,33,0
1033,4523,950,34,0
1637,4523,951,35,0
1111,4523,952,36,0
1201,4523,952,37,0
1202,4523,953,38,0
1203,4523,954,39,0
1314,4523,955,40,0
1290,4523,956,41,1
1234,4577,1053,1,0
1418,4577,1054,2,0
1417,4577,1055,3,0
1420,4577,1056,4,0
1643,4577,1057,5,0
1503,4577,1058,6,0
1422,4577,1059,7,0
1413,4577,1060,8,0
1424,4577,1061,9,0
1297,4577,1063,10,0
1298,4577,1064,11,0
1299,4577,1065,12,0
1304,4577,1066,13,0
1301,4577,1067,14,0
1537,4577,1068,15,0
2826,4577,1070,16,0
2815,4577,1072,17,0
1328,4577,1074,18,0
1040,4577,1075,19,0
1425,4577,1076,20,0
1625,4577,1077,21,0
1426,4577,1078,22,0
1287,4577,1079,23,0
1288,4577,1080,24,0
1289,4577,1080,25,0
1427,4577,1081,26,0
1159,4577,1082,27,0
1374,4577,1083,28,0
1375,4577,1084,29,0
1376,4577,1084,30,0
1377,4577,1085,31,0
1378,4577,1086,32,0
1032,4577,1088,33,0
1033,4577,1089,34,0
1637,4577,1091,35,0
1111,4577,1092,36,0
1201,4577,1093,37,0
1202,4577,1094,38,0
1203,4577,1095,39,0
1314,4577,1096,40,0
1290,4577,1097,41,1
1234,1575,1080,1,0
1418,1575,1081,2,0
1417,1575,1082,3,0
1420,1575,1083,4,0
1643,1575,1084,5,0
1503,1575,1085,6,0
1422,1575,1086,7,0
1413,1575,1087,8,0
1424,1575,1088,9,0
1297,1575,1090,10,0
1298,1575,1091,11,0
1299,1575,1092,12,0
1304,1575,1093,13,0
1301,1575,1094,14,0
1537,1575,1095,15,0
2826,1575,1097,16,0
2815,1575,1099,17,0
1328,1575,1100,18,0
1040,1575,1101,19,0
1425,1575,1102,20,0
1625,1575,1103,21,0
1426,1575,1104,22,0
1287,1575,1105,23,0
1288,1575,1106,24,0
1289,1575,1106,25,0
1427,1575,1107,26,0
1159,1575,1108,27,0
1374,1575,1109,28,0
1375,1575,1110,29,0
1376,1575,1110,30,0
1377,1575,1111,31,0
1378,1575,1112,32,0
1032,1575,1114,33,0
1033,1575,1115,34,0
1637,1575,1117,35,0
1111,1575,1118,36,0
1201,1575,1119,37,0
1202,1575,1120,38,0
1203,1575,1121,39,0
1314,1575,1122,40,0
1290,1575,1123,41,1
1290,5969,350,1,0
1291,5969,351,2,0
1177,5969,352,3,0
1178,5969,353,4,0
1152,5969,354,5,0
1638,5969,355,6,0
1007,5969,356,7,0
1634,5969,358,8,0
1403,5969,359,9,0
1404,5969,360,10,0
1405,5969,361,11,0
1406,5969,362,12,0
1407,5969,362,13,0
1428,5969,363,14,0
1410,5969,364,15,0
1253,5969,365,16,0
1254,5969,366,17,0
1255,5969,367,18,0
1411,5969,368,19,0
1626,5969,369,20,0
1041,5969,370,21,0
1102,5969,371,22,0
1371,5969,371,23,0
2803,5969,373,24,0
2801,5969,374,25,0
1543,5969,376,26,0
1303,5969,377,27,0
1300,5969,378,28,0
1305,5969,379,29,0
1306,5969,380,30,0
1307,5969,381,31,0
1412,5969,382,32,0
1423,5969,383,33,0
1414,5969,385,34,0
1499,5969,385,35,0
1421,5969,386,36,0
1416,5969,387,37,0
1419,5969,388,38,0
1221,5969,389,39,0
1222,5969,390,40,1
1234,5992,570,1,0
1418,5992,571,2,0
1417,5992,572,3,0
1420,5992,573,4,0
1643,5992,574,5,0
1503,5992,575,6,0
1422,5992,576,7,0
1413,5992,578,8,0
1424,5992,579,9,0
1297,5992,581,10,0
1298,5992,582,11,0
1299,5992,583,12,0
1304,5992,584,13,0
1301,5992,585,14,0
1537,5992,586,15,0
2826,5992,588,16,0
2815,5992,590,17,0
1328,5992,591,18,0
1040,5992,592,19,0
1425,5992,593,20,0
1625,5992,594,21,0
1426,5992,595,22,0
1287,5992,596,23,0
1288,5992,597,24,0
1289,5992,598,25,0
1427,5992,599,26,0
1159,5992,600,27,0
1374,5992,601,28,0
1375,5992,602,29,0
1376,5992,602,30,0
1377,5992,603,31,0
1378,5992,604,32,0
1032,5992,606,33,0
1033,5992,607,34,0
1637,5992,609,35,0
1111,5992,610,36,0
1201,5992,611,37,0
1202,5992,612,38,0
1203,5992,613,39,0
1314,5992,614,40,0
1290,5992,615,41,1
1234,5998,535,1,0
1418,5998,536,2,0
1417,5998,537,3,0
1420,5998,538,4,0
1643,5998,539,5,0
1503,5998,540,6,0
1422,5998,541,7,0
1413,5998,543,8,0
1424,5998,544,9,0
1297,5998,546,10,0
1298,5998,547,11,0
1299,5998,548,12,0
1304,5998,549,13,0
1301,5998,550,14,0
1537,5998,552,15,0
2826,5998,554,16,0
2815,5998,556,17,0
1328,5998,557,18,0
1040,5998,558,19,0
1425,5998,559,20,0
1625,5998,560,21,0
1426,5998,561,22,0
1287,5998,562,23,0
1288,5998,563,24,0
1289,5998,564,25,0
1427,5998,565,26,0
1159,5998,566,27,0
1374,5998,567,28,0
1375,5998,568,29,0
1376,5998,568,30,0
1377,5998,569,31,0
1378,5998,570,32,0
1032,5998,572,33,0
1033,5998,573,34,0
1637,5998,575,35,0
1111,5998,576,36,0
1201,5998,577,37,0
1202,5998,578,38,0
1203,5998,579,39,0
1314,5998,580,40,0
1290,5998,581,41,1
1234,213,1185,1,0
1418,213,1186,2,0
1417,213,1186,3,0
1420,213,1187,4,0
1643,213,1188,5,0
1503,213,1189,6,0
1422,213,1190,7,0
1413,213,1191,8,0
1424,213,1192,9,0
1297,213,1194,10,0
1298,213,1195,11,0
1299,213,1196,12,0
1304,213,1197,13,0
1301,213,1198,14,0
1537,213,1199,15,0
2826,213,1201,16,0
2815,213,1203,17,0
1328,213,1204,18,0
1040,213,1205,19,0
1425,213,1206,20,0
1625,213,1207,21,0
1426,213,1208,22,0
1287,213,1209,23,0
1288,213,1210,24,0
1289,213,1210,25,0
1427,213,1211,26,0
1159,213,1212,27,0
1374,213,1213,28,0
1375,213,1214,29,0
1376,213,1214,30,0
1377,213,1215,31,0
1378,213,1216,32,0
1032,213,1218,33,0
1033,213,1219,34,0
1637,213,1221,35,0
1111,213,1222,36,0
1201,213,1222,37,0
1202,213,1223,38,0
1203,213,1224,39,0
1314,213,1225,40,0
1290,213,1226,41,1
1290,6986,885,1,0
1291,6986,886,2,0
1177,6986,888,3,0
1178,6986,888,4,0
1152,6986,890,5,0
1638,6986,891,6,0
1007,6986,892,7,0
1634,6986,894,8,0
1403,6986,895,9,0
1404,6986,896,10,0
1405,6986,897,11,0
1406,6986,898,12,0
1407,6986,898,13,0
1428,6986,899,14,0
1410,6986,900,15,0
1253,6986,901,16,0
1254,6986,902,17,0
1255,6986,903,18,0
1411,6986,904,19,0
1626,6986,905,20,0
1041,6986,907,21,0
1102,6986,908,22,0
1371,6986,908,23,0
2803,6986,911,24,0
2801,6986,912,25,0
1543,6986,914,26,0
1303,6986,915,27,0
1300,6986,917,28,0
1305,6986,918,29,0
1306,6986,919,30,0
1307,6986,921,31,0
1412,6986,922,32,0
1423,6986,924,33,0
1414,6986,926,34,0
1499,6986,927,35,0
1421,6986,928,36,0
1416,6986,929,37,0
1419,6986,930,38,0
1221,6986,931,39,0
1222,6986,932,40,1
1234,4822,985,1,0
1418,4822,986,2,0
1417,4822,987,3,0
1420,4822,988,4,0
1643,4822,989,5,0
1503,4822,990,6,0
1422,4822,991,7,0
1413,4822,992,8,0
1424,4822,993,9,0
1297,4822,995,10,0
1298,4822,996,11,0
1299,4822,997,12,0
1304,4822,998,13,0
1301,4822,999,14,0
1537,4822,1000,15,0
2826,4822,1002,16,0
2815,4822,1004,17,0
1328,4822,1006,18,0
1040,4822,1007,19,0
1425,4822,1008,20,0
1625,4822,1009,21,0
1426,4822,1010,22,0
1287,4822,1011,23,0
1288,4822,1012,24,0
1289,4822,1012,25,0
1427,4822,1013,26,0
1159,4822,1014,27,0
1374,4822,1015,28,0
1375,4822,1016,29,0
1376,4822,1016,30,0
1377,4822,1017,31,0
1378,4822,1018,32,0
1032,4822,1020,33,0
1033,4822,1021,34,0
1637,4822,1023,35,0
1111,4822,1024,36,0
1201,4822,1025,37,0
1202,4822,1026,38,0
1203,4822,1027,39,0
1314,4822,1028,40,0
1290,4822,1029,41,1
1290,1503,540,1,0
1291,1503,541,2,0
1177,1503,542,3,0
1178,1503,543,4,0
1152,1503,544,5,0
1638,1503,545,6,0
1007,1503,546,7,0
1634,1503,548,8,0
1403,1503,548,9,0
1404,1503,549,10,0
1405,1503,550,11,0
1406,1503,551,12,0
1407,1503,551,13,0
1428,1503,552,14,0
1410,1503,553,15,0
1253,1503,554,16,0
1254,1503,554,17,0
1255,1503,555,18,0
1411,1503,556,19,0
1626,1503,557,20,0
1041,1503,558,21,0
1102,1503,559,22,0
1371,1503,559,23,0
2803,1503,562,24,0
2801,1503,563,25,0
1543,1503,565,26,0
1303,1503,566,27,0
1300,1503,567,28,0
1305,1503,568,29,0
1306,1503,569,30,0
1307,1503,570,31,1
1234,6923,1065,1,0
1418,6923,1066,2,0
1417,6923,1067,3,0
1420,6923,1068,4,0
1643,6923,1069,5,0
1503,6923,1070,6,0
1422,6923,1071,7,0
1413,6923,1073,8,0
1424,6923,1075,9,0
1297,6923,1077,10,0
1298,6923,1078,11,0
1299,6923,1079,12,0
1304,6923,1080,13,0
1301,6923,1081,14,0
1537,6923,1083,15,0
2826,6923,1085,16,0
2815,6923,1087,17,0
1328,6923,1089,18,0
1040,6923,1090,19,0
1425,6923,1091,20,0
1625,6923,1092,21,0
1426,6923,1093,22,0
1287,6923,1094,23,0
1288,6923,1095,24,0
1289,6923,1095,25,0
1427,6923,1096,26,0
1159,6923,1097,27,0
1374,6923,1098,28,0
1375,6923,1099,29,0
1376,6923,1099,30,0
1377,6923,1100,31,0
1378,6923,1101,32,0
1032,6923,1103,33,0
1033,6923,1105,34,0
1637,6923,1106,35,0
1111,6923,1108,36,0
1201,6923,1109,37,0
1202,6923,1110,38,0
1203,6923,1111,39,0
1314,6923,1112,40,0
1290,6923,1113,41,1
1290,1559,1095,1,0
1291,1559,1096,2,0
1177,1559,1098,3,0
1178,1559,1098,4,0
1152,1559,1100,5,0
1638,1559,1101,6,0
1007,1559,1103,7,0
1634,1559,1105,8,0
1403,1559,1106,9,0
1404,1559,1107,10,0
1405,1559,1108,11,0
1406,1559,1109,12,0
1407,1559,1109,13,0
1428,1559,1110,14,0
1410,1559,1111,15,0
1253,1559,1112,16,0
1254,1559,1113,17,0
1255,1559,1114,18,0
1411,1559,1115,19,0
1626,1559,1116,20,0
1041,1559,1118,21,0
1102,1559,1119,22,0
1371,1559,1119,23,0
2803,1559,1122,24,0
2801,1559,1123,25,0
1543,1559,1125,26,0
1303,1559,1126,27,0
1300,1559,1127,28,0
1305,1559,1128,29,0
1306,1559,1129,30,0
1307,1559,1130,31,0
1412,1559,1131,32,0
1423,1559,1132,33,0
1414,1559,1134,34,0
1499,1559,1135,35,0
1421,1559,1136,36,0
1416,1559,1137,37,0
1419,1559,1138,38,0
1221,1559,1139,39,0
1222,1559,1140,40,1
1290,1486,728,1,0
1291,1486,729,2,0
1177,1486,731,3,0
1178,1486,731,4,0
1152,1486,733,5,0
1638,1486,734,6,0
1007,1486,735,7,0
1634,1486,737,8,0
1403,1486,738,9,0
1404,1486,739,10,0
1405,1486,740,11,0
1406,1486,741,12,0
1407,1486,741,13,0
1428,1486,742,14,0
1410,1486,743,15,0
1253,1486,744,16,0
1254,1486,745,17,0
1255,1486,746,18,0
1411,1486,747,19,0
1626,1486,748,20,0
1041,1486,749,21,0
1102,1486,750,22,0
1371,1486,750,23,0
2803,1486,753,24,0
2801,1486,754,25,0
1543,1486,756,26,0
1303,1486,757,27,0
1300,1486,758,28,0
1305,1486,760,29,0
1306,1486,761,30,0
1307,1486,762,31,0
1412,1486,763,32,0
1423,1486,765,33,0
1414,1486,767,34,0
1499,1486,768,35,0
1421,1486,769,36,0
1416,1486,770,37,0
1419,1486,771,38,0
1221,1486,772,39,0
1222,1486,773,40,1
1234,4731,1155,1,0
1418,4731,1156,2,0
1417,4731,1156,3,0
1420,4731,1157,4,0
1643,4731,1158,5,0
1503,4731,1159,6,0
1422,4731,1160,7,0
1413,4731,1162,8,0
1424,4731,1163,9,0
1297,4731,1165,10,0
1298,4731,1166,11,0
1299,4731,1167,12,0
1304,4731,1168,13,0
1301,4731,1169,14,0
1537,4731,1170,15,0
2826,4731,1172,16,0
2815,4731,1174,17,0
1328,4731,1175,18,0
1040,4731,1176,19,0
1425,4731,1177,20,0
1625,4731,1178,21,0
1426,4731,1179,22,0
1287,4731,1180,23,0
1288,4731,1181,24,0
1289,4731,1181,25,0
1427,4731,1182,26,0
1159,4731,1183,27,0
1374,4731,1184,28,0
1375,4731,1185,29,0
1376,4731,1185,30,0
1377,4731,1186,31,0
1378,4731,1187,32,0
1032,4731,1189,33,0
1033,4731,1190,34,0
1637,4731,1192,35,0
1111,4731,1193,36,0
1201,4731,1193,37,0
1202,4731,1194,38,0
1203,4731,1195,39,0
1314,4731,1196,40,0
1290,4731,1197,41,1
1290,265,945,1,0
1291,265,946,2,0
1177,265,948,3,0
1178,265,948,4,0
1152,265,950,5,0
1638,265,951,6,0
1007,265,952,7,0
1634,265,954,8,0
1403,265,955,9,0
1404,265,956,10,0
1405,265,957,11,0
1406,265,958,12,0
1407,265,958,13,0
1428,265,959,14,0
1410,265,960,15,0
1253,265,961,16,0
1254,265,962,17,0
1255,265,963,18,0
1411,265,964,19,0
1626,265,965,20,0
1041,265,967,21,0
1102,265,968,22,0
1371,265,969,23,0
2803,265,971,24,0
2801,265,973,25,0
1543,265,975,26,0
1303,265,976,27,0
1300,265,978,28,0
1305,265,979,29,0
1306,265,980,30,0
1307,265,982,31,0
1412,265,983,32,0
1423,265,985,33,0
1414,265,987,34,0
1499,265,988,35,0
1421,265,989,36,0
1416,265,990,37,0
1419,265,991,38,0
1221,265,992,39,0
1222,265,993,40,1
1290,1411,553,1,0
1291,1411,554,2,0
1177,1411,556,3,0
1178,1411,556,4,0
1152,1411,558,5,0
1638,1411,559,6,0
1007,1411,560,7,0
1634,1411,562,8,0
1403,1411,563,9,0
1404,1411,564,10,0
1405,1411,565,11,0
1406,1411,566,12,0
1407,1411,566,13,0
1428,1411,567,14,0
1410,1411,568,15,0
1253,1411,569,16,0
1254,1411,570,17,0
1255,1411,571,18,0
1411,1411,572,19,0
1626,1411,573,20,0
1041,1411,574,21,0
1102,1411,575,22,0
1371,1411,575,23,0
2803,1411,578,24,0
2801,1411,579,25,0
1543,1411,581,26,0
1303,1411,582,27,0
1300,1411,583,28,0
1305,1411,585,29,0
1306,1411,586,30,0
1307,1411,587,31,0
1412,1411,588,32,0
1423,1411,589,33,0
1414,1411,591,34,0
1499,1411,592,35,0
1421,1411,593,36,0
1416,1411,594,37,0
1419,1411,595,38,0
1221,1411,596,39,0
1222,1411,597,40,1
1290,1428,700,1,0
1291,1428,701,2,0
1177,1428,703,3,0
1178,1428,703,4,0
1152,1428,705,5,0
1638,1428,706,6,0
1007,1428,707,7,0
1634,1428,709,8,0
1403,1428,710,9,0
1404,1428,711,10,0
1405,1428,712,11,0
1406,1428,713,12,0
1407,1428,713,13,0
1428,1428,714,14,0
1410,1428,715,15,0
1253,1428,716,16,0
1254,1428,716,17,0
1255,1428,717,18,0
1411,1428,718,19,0
1626,1428,719,20,0
1041,1428,720,21,0
1102,1428,721,22,0
1371,1428,721,23,0
2803,1428,724,24,0
2801,1428,725,25,0
1543,1428,727,26,0
1303,1428,728,27,0
1300,1428,729,28,0
1305,1428,731,29,0
1306,1428,732,30,0
1307,1428,733,31,1
1234,939,555,1,0
1418,939,556,2,0
1417,939,557,3,0
1420,939,558,4,0
1643,939,559,5,0
1503,939,560,6,0
1422,939,561,7,0
1413,939,562,8,0
1424,939,563,9,0
1297,939,565,10,0
1298,939,566,11,0
1299,939,567,12,0
1304,939,568,13,0
1301,939,569,14,0
1537,939,570,15,0
2826,939,572,16,0
2815,939,574,17,0
1328,939,575,18,0
1040,939,576,19,0
1425,939,577,20,0
1625,939,578,21,0
1426,939,578,22,0
1287,939,579,23,0
1288,939,580,24,0
1289,939,580,25,0
1427,939,581,26,0
1159,939,582,27,0
1374,939,583,28,0
1375,939,584,29,0
1376,939,584,30,0
1377,939,585,31,0
1378,939,586,32,0
1032,939,588,33,0
1033,939,589,34,0
1637,939,591,35,0
1111,939,592,36,0
1201,939,593,37,0
1202,939,594,38,0
1203,939,595,39,0
1314,939,596,40,0
1290,939,597,41,1
1290,1431,633,1,0
1291,1431,634,2,0
1177,1431,636,3,0
1178,1431,636,4,0
1152,1431,638,5,0
1638,1431,639,6,0
1007,1431,640,7,0
1634,1431,642,8,0
1403,1431,643,9,0
1404,1431,644,10,0
1405,1431,645,11,0
1406,1431,646,12,0
1407,1431,646,13,0
1428,1431,647,14,0
1410,1431,648,15,0
1253,1431,649,16,0
1254,1431,649,17,0
1255,1431,650,18,0
1411,1431,651,19,0
1626,1431,652,20,0
1041,1431,653,21,0
1102,1431,654,22,0
1371,1431,654,23,0
2803,1431,657,24,0
2801,1431,658,25,0
1543,1431,660,26,0
1303,1431,661,27,0
1300,1431,662,28,0
1305,1431,664,29,0
1306,1431,665,30,0
1307,1431,666,31,1
1290,981,485,1,0
1291,981,486,2,0
1177,981,488,3,0
1178,981,488,4,0
1152,981,490,5,0
1638,981,491,6,0
1007,981,492,7,0
1634,981,494,8,0
1403,981,495,9,0
1404,981,496,10,0
1405,981,497,11,0
1406,981,498,12,0
1407,981,498,13,0
1428,981,499,14,0
1410,981,500,15,0
1253,981,501,16,0
1254,981,502,17,0
1255,981,503,18,0
1411,981,504,19,0
1626,981,505,20,0
1041,981,506,21,0
1102,981,507,22,0
1371,981,507,23,0
2803,981,509,24,0
2801,981,510,25,0
1543,981,512,26,0
1303,981,513,27,0
1300,981,514,28,0
1305,981,516,29,0
1306,981,517,30,0
1307,981,518,31,0
1412,981,519,32,0
1423,981,521,33,0
1414,981,523,34,0
1499,981,524,35,0
1421,981,525,36,0
1416,981,526,37,0
1419,981,527,38,0
1221,981,528,39,0
1222,981,529,40,1
1234,965,493,1,0
1418,965,494,2,0
1417,965,494,3,0
1420,965,495,4,0
1643,965,496,5,0
1503,965,497,6,0
1422,965,498,7,0
1413,965,499,8,0
1424,965,500,9,0
1297,965,502,10,0
1298,965,503,11,0
1299,965,504,12,0
1304,965,505,13,0
1301,965,506,14,0
1537,965,507,15,0
2826,965,509,16,0
2815,965,511,17,0
1328,965,512,18,0
1040,965,513,19,0
1425,965,514,20,0
1625,965,515,21,0
1426,965,515,22,0
1287,965,516,23,0
1288,965,517,24,0
1289,965,517,25,0
1427,965,518,26,0
1159,965,519,27,0
1374,965,520,28,0
1375,965,521,29,0
1376,965,521,30,0
1377,965,522,31,0
1378,965,523,32,0
1032,965,525,33,0
1033,965,526,34,0
1637,965,528,35,0
1111,965,529,36,0
1201,965,530,37,0
1202,965,531,38,0
1203,965,532,39,0
1314,965,533,40,0
1290,965,534,41,1
1290,2531,1050,1,0
1291,2531,1051,2,0
1177,2531,1053,3,0
1178,2531,1053,4,0
1152,2531,1055,5,0
1638,2531,1056,6,0
1007,2531,1057,7,0
1634,2531,1059,8,0
1403,2531,1060,9,0
1404,2531,1061,10,0
1405,2531,1062,11,0
1406,2531,1063,12,0
1407,2531,1063,13,0
1428,2531,1064,14,0
1410,2531,1065,15,0
1253,2531,1066,16,0
1254,2531,1066,17,0
1255,2531,1067,18,0
1411,2531,1068,19,0
1626,2531,1069,20,0
1041,2531,1070,21,0
1102,2531,1071,22,0
1371,2531,1072,23,0
2803,2531,1074,24,0
2801,2531,1076,25,0
1543,2531,1078,26,0
1303,2531,1079,27,0
1300,2531,1080,28,0
1305,2531,1082,29,0
1306,2531,1083,30,0
1307,2531,1084,31,0
1412,2531,1085,32,0
1423,2531,1086,33,0
1414,2531,1088,34,0
1499,2531,1089,35,0
1421,2531,1090,36,0
1416,2531,1091,37,0
1419,2531,1092,38,0
1221,2531,1093,39,0
1222,2531,1094,40,1
1234,4234,1035,1,0
1418,4234,1036,2,0
1417,4234,1037,3,0
1420,4234,1038,4,0
1643,4234,1039,5,0
1503,4234,1040,6,0
1422,4234,1041,7,0
1413,4234,1043,8,0
1424,4234,1045,9,0
1297,4234,1047,10,0
1298,4234,1048,11,0
1299,4234,1049,12,0
1304,4234,1050,13,0
1301,4234,1051,14,0
1537,4234,1053,15,0
2826,4234,1055,16,0
2815,4234,1057,17,0
1328,4234,1059,18,0
1040,4234,1060,19,0
1425,4234,1061,20,0
1625,4234,1062,21,0
1426,4234,1063,22,0
1287,4234,1064,23,0
1288,4234,1065,24,0
1289,4234,1065,25,0
1427,4234,1066,26,0
1159,4234,1067,27,0
1374,4234,1068,28,0
1375,4234,1069,29,0
1376,4234,1069,30,0
1377,4234,1070,31,0
1378,4234,1071,32,0
1032,4234,1073,33,0
1033,4234,1075,34,0
1637,4234,1076,35,0
1111,4234,1078,36,0
1201,4234,1079,37,0
1202,4234,1080,38,0
1203,4234,1081,39,0
1314,4234,1082,40,0
1290,4234,1083,41,1
1290,1394,480,1,0
1291,1394,481,2,0
1177,1394,482,3,0
1178,1394,483,4,0
1152,1394,484,5,0
1638,1394,485,6,0
1007,1394,486,7,0
1634,1394,488,8,0
1403,1394,488,9,0
1404,1394,489,10,0
1405,1394,490,11,0
1406,1394,491,12,0
1407,1394,491,13,0
1428,1394,492,14,0
1410,1394,493,15,0
1253,1394,494,16,0
1254,1394,494,17,0
1255,1394,495,18,0
1411,1394,496,19,0
1626,1394,497,20,0
1041,1394,498,21,0
1102,1394,499,22,0
1371,1394,499,23,0
2803,1394,502,24,0
2801,1394,503,25,0
1543,1394,505,26,0
1303,1394,506,27,0
1300,1394,507,28,0
1305,1394,508,29,0
1306,1394,509,30,0
1307,1394,510,31,0
1412,1394,511,32,0
1423,1394,512,33,0
1414,1394,514,34,0
1499,1394,514,35,0
1421,1394,515,36,0
1416,1394,516,37,0
1419,1394,517,38,0
1221,1394,517,39,0
1222,1394,518,40,1
1234,1365,435,1,0
1418,1365,436,2,0
1417,1365,436,3,0
1420,1365,437,4,0
1643,1365,438,5,0
1503,1365,439,6,0
1422,1365,440,7,0
1413,1365,441,8,0
1424,1365,442,9,0
1297,1365,444,10,0
1298,1365,445,11,0
1299,1365,446,12,0
1304,1365,447,13,0
1301,1365,448,14,0
1537,1365,449,15,0
2826,1365,451,16,0
2815,1365,453,17,0
1328,1365,454,18,0
1040,1365,455,19,0
1425,1365,456,20,0
1625,1365,457,21,0
1426,1365,457,22,0
1287,1365,458,23,0
1288,1365,459,24,0
1289,1365,459,25,0
1427,1365,460,26,0
1159,1365,461,27,0
1374,1365,462,28,0
1375,1365,463,29,0
1376,1365,463,30,0
1377,1365,464,31,0
1378,1365,465,32,0
1032,1365,467,33,0
1033,1365,468,34,0
1637,1365,470,35,0
1111,1365,471,36,0
1201,1365,471,37,0
1202,1365,472,38,0
1203,1365,473,39,0
1314,1365,474,40,0
1290,1365,475,41,1
1290,1363,975,1,0
1291,1363,976,2,0
1177,1363,978,3,0
1178,1363,978,4,0
1152,1363,980,5,0
1638,1363,981,6,0
1007,1363,982,7,0
1634,1363,984,8,0
1403,1363,985,9,0
1404,1363,986,10,0
1405,1363,987,11,0
1406,1363,988,12,0
1407,1363,988,13,0
1428,1363,989,14,0
1410,1363,990,15,0
1253,1363,991,16,0
1254,1363,992,17,0
1255,1363,993,18,0
1411,1363,994,19,0
1626,1363,995,20,0
1041,1363,997,21,0
1102,1363,998,22,0
1371,1363,999,23,0
2803,1363,1001,24,0
2801,1363,1003,25,0
1543,1363,1005,26,0
1303,1363,1006,27,0
1300,1363,1008,28,0
1305,1363,1009,29,0
1306,1363,1010,30,0
1307,1363,1012,31,0
1412,1363,1013,32,0
1423,1363,1015,33,0
1414,1363,1017,34,0
1499,1363,1018,35,0
1421,1363,1019,36,0
1416,1363,1020,37,0
1419,1363,1021,38,0
1221,1363,1022,39,0
1222,1363,1023,40,1
1297,1362,795,1,0
1298,1362,796,2,0
1299,1362,797,3,0
1304,1362,798,4,0
1301,1362,799,5,0
1537,1362,800,6,0
2826,1362,802,7,0
2815,1362,804,8,0
1328,1362,805,9,0
1040,1362,806,10,0
1425,1362,807,11,0
1625,1362,808,12,0
1426,1362,809,13,0
1287,1362,810,14,0
1288,1362,811,15,0
1289,1362,811,16,0
1427,1362,812,17,0
1159,1362,813,18,0
1374,1362,814,19,0
1375,1362,815,20,0
1376,1362,815,21,0
1377,1362,816,22,0
1378,1362,817,23,0
1032,1362,819,24,0
1033,1362,820,25,0
1637,1362,822,26,0
1111,1362,823,27,0
1201,1362,824,28,0
1202,1362,825,29,0
1203,1362,826,30,0
1314,1362,827,31,0
1290,1362,828,32,1
1234,1358,630,1,0
1418,1358,631,2,0
1417,1358,632,3,0
1420,1358,633,4,0
1643,1358,634,5,0
1503,1358,635,6,0
1422,1358,636,7,0
1413,1358,638,8,0
1424,1358,639,9,0
1297,1358,641,10,0
1298,1358,642,11,0
1299,1358,642,12,0
1304,1358,643,13,0
1301,1358,644,14,0
1537,1358,645,15,0
2826,1358,647,16,0
2815,1358,648,17,0
1328,1358,650,18,0
1040,1358,650,19,0
1425,1358,651,20,0
1625,1358,653,21,0
1426,1358,654,22,0
1287,1358,655,23,0
1288,1358,656,24,0
1289,1358,656,25,0
1427,1358,657,26,0
1159,1358,658,27,0
1374,1358,659,28,0
1375,1358,660,29,0
1376,1358,661,30,0
1377,1358,662,31,0
1378,1358,663,32,0
1032,1358,664,33,0
1033,1358,665,34,0
1637,1358,666,35,0
1111,1358,667,36,0
1201,1358,667,37,0
1202,1358,668,38,0
1203,1358,669,39,0
1314,1358,670,40,0
1290,1358,671,41,1
1297,856,760,1,0
1298,856,761,2,0
1299,856,762,3,0
1304,856,763,4,0
1301,856,764,5,0
1537,856,765,6,0
2826,856,767,7,0
2815,856,769,8,0
1328,856,771,9,0
1040,856,772,10,0
1425,856,773,11,0
1625,856,774,12,0
1426,856,775,13,0
1287,856,776,14,0
1288,856,777,15,0
1289,856,777,16,0
1427,856,778,17,0
1159,856,779,18,0
1374,856,780,19,0
1375,856,781,20,0
1376,856,781,21,0
1377,856,782,22,0
1378,856,783,23,0
1032,856,785,24,0
1033,856,786,25,0
1637,856,788,26,0
1111,856,789,27,0
1201,856,790,28,0
1202,856,791,29,0
1203,856,792,30,0
1314,856,793,31,0
1290,856,794,32,1
1234,882,463,1,0
1418,882,464,2,0
1417,882,464,3,0
1420,882,465,4,0
1643,882,466,5,0
1503,882,467,6,0
1422,882,468,7,0
1413,882,469,8,0
1424,882,470,9,0
1297,882,472,10,0
1298,882,473,11,0
1299,882,474,12,0
1304,882,475,13,0
1301,882,476,14,0
1537,882,477,15,0
2826,882,479,16,0
2815,882,481,17,0
1328,882,482,18,0
1040,882,483,19,0
1425,882,484,20,0
1625,882,485,21,0
1426,882,485,22,0
1287,882,486,23,0
1288,882,487,24,0
1289,882,487,25,0
1427,882,488,26,0
1159,882,489,27,0
1374,882,490,28,0
1375,882,491,29,0
1376,882,491,30,0
1377,882,492,31,0
1378,882,493,32,0
1032,882,495,33,0
1033,882,496,34,0
1637,882,498,35,0
1111,882,499,36,0
1201,882,499,37,0
1202,882,500,38,0
1203,882,501,39,0
1314,882,502,40,0
1290,882,503,41,1
1234,894,1275,1,0
1418,894,1276,2,0
1417,894,1276,3,0
1420,894,1277,4,0
1643,894,1278,5,0
1503,894,1279,6,0
1422,894,1280,7,0
1413,894,1281,8,0
1424,894,1282,9,0
1297,894,1284,10,0
1298,894,1285,11,0
1299,894,1285,12,0
1304,894,1286,13,0
1301,894,1287,14,0
1537,894,1288,15,0
2826,894,1290,16,0
2815,894,1291,17,0
1328,894,1293,18,0
1040,894,1293,19,0
1425,894,1294,20,0
1625,894,1295,21,0
1426,894,1296,22,0
1287,894,1297,23,0
1288,894,1298,24,0
1289,894,1298,25,0
1427,894,1299,26,0
1159,894,1300,27,0
1374,894,1301,28,0
1375,894,1302,29,0
1376,894,1302,30,0
1377,894,1303,31,0
1378,894,1304,32,0
1032,894,1306,33,0
1033,894,1307,34,0
1637,894,1309,35,0
1111,894,1310,36,0
1201,894,1310,37,0
1202,894,1311,38,0
1203,894,1312,39,0
1314,894,1313,40,0
1290,894,1314,41,1
1234,5641,1200,1,0
1418,5641,1202,2,0
1417,5641,1203,3,0
1420,5641,1204,4,0
1643,5641,1205,5,0
1503,5641,1206,6,0
1422,5641,1207,7,0
1413,5641,1208,8,0
1424,5641,1209,9,0
1297,5641,1211,10,0
1298,5641,1212,11,0
1299,5641,1212,12,0
1304,5641,1213,13,0
1301,5641,1214,14,0
1537,5641,1215,15,0
2826,5641,1217,16,0
2815,5641,1219,17,0
1328,5641,1220,18,0
1040,5641,1221,19,0
1425,5641,1222,20,0
1625,5641,1223,21,0
1426,5641,1224,22,0
1287,5641,1225,23,0
1288,5641,1226,24,0
1289,5641,1226,25,0
1427,5641,1227,26,0
1159,5641,1228,27,0
1374,5641,1229,28,0
1375,5641,1230,29,0
1376,5641,1231,30,0
1377,5641,1232,31,0
1378,5641,1233,32,0
1032,5641,1234,33,0
1033,5641,1236,34,0
1637,5641,1237,35,0
1111,5641,1238,36,0
1201,5641,1238,37,0
1202,5641,1239,38,0
1203,5641,1240,39,0
1314,5641,1241,40,0
1290,5641,1242,41,1
1234,5651,975,1,0
1418,5651,976,2,0
1417,5651,977,3,0
1420,5651,978,4,0
1643,5651,979,5,0
1503,5651,980,6,0
1422,5651,981,7,0
1413,5651,983,8,0
1424,5651,985,9,0
1297,5651,987,10,0
1298,5651,988,11,0
1299,5651,989,12,0
1304,5651,990,13,0
1301,5651,991,14,0
1537,5651,992,15,0
2826,5651,994,16,0
2815,5651,996,17,0
1328,5651,998,18,0
1040,5651,999,19,0
1425,5651,1000,20,0
1625,5651,1001,21,0
1426,5651,1002,22,0
1287,5651,1003,23,0
1288,5651,1004,24,0
1289,5651,1004,25,0
1427,5651,1005,26,0
1159,5651,1006,27,0
1374,5651,1007,28,0
1375,5651,1008,29,0
1376,5651,1008,30,0
1377,5651,1009,31,0
1378,5651,1010,32,0
1032,5651,1012,33,0
1033,5651,1014,34,0
1637,5651,1015,35,0
1111,5651,1017,36,0
1201,5651,1018,37,0
1202,5651,1019,38,0
1203,5651,1020,39,0
1314,5651,1021,40,0
1290,5651,1022,41,1
1290,2303,1260,1,0
1291,2303,1261,2,0
1177,2303,1262,3,0
1178,2303,1263,4,0
1152,2303,1264,5,0
1638,2303,1265,6,0
1007,2303,1266,7,0
1634,2303,1268,8,0
1403,2303,1269,9,0
1404,2303,1270,10,0
1405,2303,1271,11,0
1406,2303,1272,12,0
1407,2303,1272,13,0
1428,2303,1273,14,0
1410,2303,1274,15,0
1253,2303,1275,16,0
1254,2303,1275,17,0
1255,2303,1276,18,0
1411,2303,1277,19,0
1626,2303,1278,20,0
1041,2303,1279,21,0
1102,2303,1280,22,0
1371,2303,1280,23,0
2803,2303,1283,24,0
2801,2303,1284,25,0
1543,2303,1286,26,0
1303,2303,1287,27,0
1300,2303,1288,28,0
1305,2303,1289,29,0
1306,2303,1290,30,0
1307,2303,1291,31,0
1412,2303,1292,32,0
1423,2303,1293,33,0
1414,2303,1295,34,0
1499,2303,1295,35,0
1421,2303,1296,36,0
1416,2303,1297,37,0
1419,2303,1298,38,0
1221,2303,1299,39,0
1222,2303,1300,40,1
1290,4128,623,1,0
1291,4128,624,2,0
1177,4128,626,3,0
1178,4128,626,4,0
1152,4128,628,5,0
1638,4128,629,6,0
1007,4128,630,7,0
1634,4128,632,8,0
1403,4128,633,9,0
1404,4128,634,10,0
1405,4128,635,11,0
1406,4128,636,12,0
1407,4128,636,13,0
1428,4128,637,14,0
1410,4128,638,15,0
1253,4128,639,16,0
1254,4128,640,17,0
1255,4128,641,18,0
1411,4128,642,19,0
1626,4128,643,20,0
1041,4128,644,21,0
1102,4128,645,22,0
1371,4128,645,23,0
2803,4128,648,24,0
2801,4128,649,25,0
1543,4128,651,26,0
1303,4128,652,27,0
1300,4128,653,28,0
1305,4128,655,29,0
1306,4128,656,30,0
1307,4128,657,31,0
1412,4128,658,32,0
1423,4128,659,33,0
1414,4128,661,34,0
1499,4128,662,35,0
1421,4128,663,36,0
1416,4128,664,37,0
1419,4128,665,38,0
1221,4128,666,39,0
1222,4128,667,40,1
1234,1247,640,1,0
1418,1247,641,2,0
1417,1247,642,3,0
1420,1247,643,4,0
1643,1247,644,5,0
1503,1247,645,6,0
1422,1247,646,7,0
1413,1247,648,8,0
1424,1247,649,9,0
1297,1247,651,10,0
1298,1247,652,11,0
1299,1247,653,12,0
1304,1247,654,13,0
1301,1247,655,14,0
1537,1247,656,15,0
2826,1247,658,16,0
2815,1247,660,17,0
1328,1247,661,18,0
1040,1247,662,19,0
1425,1247,663,20,0
1625,1247,664,21,0
1426,1247,665,22,0
1287,1247,666,23,0
1288,1247,667,24,0
1289,1247,667,25,0
1427,1247,668,26,0
1159,1247,669,27,0
1374,1247,670,28,0
1375,1247,671,29,0
1376,1247,671,30,0
1377,1247,672,31,0
1378,1247,673,32,0
1032,1247,675,33,0
1033,1247,676,34,0
1637,1247,678,35,0
1111,1247,679,36,0
1201,1247,680,37,0
1202,1247,681,38,0
1203,1247,682,39,0
1314,1247,683,40,0
1290,1247,684,41,1
1290,5694,385,1,0
1291,5694,386,2,0
1177,5694,387,3,0
1178,5694,388,4,0
1152,5694,389,5,0
1638,5694,390,6,0
1007,5694,391,7,0
1634,5694,393,8,0
1403,5694,394,9,0
1404,5694,395,10,0
1405,5694,396,11,0
1406,5694,397,12,0
1407,5694,397,13,0
1428,5694,398,14,0
1410,5694,399,15,0
1253,5694,400,16,0
1254,5694,401,17,0
1255,5694,402,18,0
1411,5694,403,19,0
1626,5694,404,20,0
1041,5694,405,21,0
1102,5694,406,22,0
1371,5694,406,23,0
2803,5694,408,24,0
2801,5694,409,25,0
1543,5694,411,26,0
1303,5694,412,27,0
1300,5694,413,28,0
1305,5694,414,29,0
1306,5694,415,30,0
1307,5694,416,31,0
1412,5694,417,32,0
1423,5694,418,33,0
1414,5694,420,34,0
1499,5694,420,35,0
1421,5694,421,36,0
1416,5694,422,37,0
1419,5694,423,38,0
1221,5694,424,39,0
1222,5694,425,40,1
1234,5662,850,1,0
1418,5662,851,2,0
1417,5662,852,3,0
1420,5662,853,4,0
1643,5662,854,5,0
1503,5662,855,6,0
1422,5662,856,7,0
1413,5662,858,8,0
1424,5662,859,9,0
1297,5662,861,10,0
1298,5662,862,11,0
1299,5662,863,12,0
1304,5662,864,13,0
1301,5662,865,14,0
1537,5662,866,15,0
2826,5662,868,16,0
2815,5662,870,17,0
1328,5662,872,18,0
1040,5662,873,19,0
1425,5662,874,20,0
1625,5662,875,21,0
1426,5662,876,22,0
1287,5662,877,23,0
1288,5662,878,24,0
1289,5662,878,25,0
1427,5662,879,26,0
1159,5662,880,27,0
1374,5662,881,28,0
1375,5662,882,29,0
1376,5662,882,30,0
1377,5662,883,31,0
1378,5662,884,32,0
1032,5662,886,33,0
1033,5662,887,34,0
1637,5662,889,35,0
1111,5662,890,36,0
1201,5662,891,37,0
1202,5662,892,38,0
1203,5662,893,39,0
1314,5662,894,40,0
1290,5662,895,41,1
1290,2751,1190,1,0
1291,2751,1191,2,0
1177,2751,1193,3,0
1178,2751,1193,4,0
1152,2751,1195,5,0
1638,2751,1196,6,0
1007,2751,1197,7,0
1634,2751,1199,8,0
1403,2751,1200,9,0
1404,2751,1201,10,0
1405,2751,1202,11,0
1406,2751,1203,12,0
1407,2751,1203,13,0
1428,2751,1204,14,0
1410,2751,1205,15,0
1253,2751,1206,16,0
1254,2751,1206,17,0
1255,2751,1207,18,0
1411,2751,1208,19,0
1626,2751,1209,20,0
1041,2751,1210,21,0
1102,2751,1211,22,0
1371,2751,1211,23,0
2803,2751,1214,24,0
2801,2751,1215,25,0
1543,2751,1217,26,0
1303,2751,1218,27,0
1300,2751,1219,28,0
1305,2751,1220,29,0
1306,2751,1221,30,0
1307,2751,1222,31,0
1412,2751,1223,32,0
1423,2751,1224,33,0
1414,2751,1226,34,0
1499,2751,1226,35,0
1421,2751,1227,36,0
1416,2751,1228,37,0
1419,2751,1229,38,0
1221,2751,1230,39,0
1222,2751,1231,40,1
1290,2761,772,1,0
1291,2761,773,2,0
1177,2761,774,3,0
1178,2761,775,4,0
1152,2761,776,5,0
1638,2761,777,6,0
1007,2761,778,7,0
1634,2761,780,8,0
1403,2761,780,9,0
1404,2761,781,10,0
1405,2761,782,11,0
1406,2761,783,12,0
1407,2761,784,13,0
1428,2761,785,14,0
1410,2761,786,15,0
1253,2761,787,16,0
1254,2761,787,17,0
1255,2761,788,18,0
1411,2761,789,19,0
1626,2761,790,20,0
1041,2761,791,21,0
1102,2761,791,22,0
1371,2761,792,23,0
2803,2761,793,24,0
2801,2761,794,25,0
1543,2761,796,26,0
1303,2761,797,27,0
1300,2761,798,28,0
1305,2761,800,29,0
1306,2761,801,30,0
1307,2761,802,31,0
1412,2761,803,32,0
1423,2761,804,33,0
1414,2761,806,34,0
1499,2761,806,35,0
1421,2761,807,36,0
1416,2761,808,37,0
1419,2761,809,38,0
1221,2761,811,39,0
1222,2761,812,40,1
1290,2732,1155,1,0
1291,2732,1156,2,0
1177,2732,1158,3,0
1178,2732,1158,4,0
1152,2732,1160,5,0
1638,2732,1161,6,0
1007,2732,1162,7,0
1634,2732,1164,8,0
1403,2732,1165,9,0
1404,2732,1166,10,0
1405,2732,1167,11,0
1406,2732,1168,12,0
1407,2732,1168,13,0
1428,2732,1169,14,0
1410,2732,1170,15,0
1253,2732,1171,16,0
1254,2732,1171,17,0
1255,2732,1172,18,0
1411,2732,1173,19,0
1626,2732,1174,20,0
1041,2732,1175,21,0
1102,2732,1176,22,0
1371,2732,1176,23,0
2803,2732,1179,24,0
2801,2732,1180,25,0
1543,2732,1182,26,0
1303,2732,1183,27,0
1300,2732,1184,28,0
1305,2732,1185,29,0
1306,2732,1186,30,0
1307,2732,1187,31,0
1412,2732,1188,32,0
1423,2732,1189,33,0
1414,2732,1191,34,0
1499,2732,1192,35,0
1421,2732,1193,36,0
1416,2732,1194,37,0
1419,2732,1195,38,0
1221,2732,1196,39,0
1222,2732,1197,40,1
1297,1110,595,1,0
1298,1110,596,2,0
1299,1110,597,3,0
1304,1110,598,4,0
1301,1110,599,5,0
1537,1110,600,6,0
2826,1110,602,7,0
2815,1110,604,8,0
1328,1110,605,9,0
1040,1110,606,10,0
1425,1110,607,11,0
1625,1110,608,12,0
1426,1110,608,13,0
1287,1110,609,14,0
1288,1110,610,15,0
1289,1110,610,16,0
1427,1110,611,17,0
1159,1110,612,18,0
1374,1110,613,19,0
1375,1110,614,20,0
1376,1110,614,21,0
1377,1110,615,22,0
1378,1110,616,23,0
1032,1110,618,24,0
1033,1110,619,25,0
1637,1110,621,26,0
1111,1110,622,27,0
1201,1110,623,28,0
1202,1110,624,29,0
1203,1110,625,30,0
1314,1110,626,31,0
1290,1110,627,32,1
1290,1146,1075,1,0
1291,1146,1076,2,0
1177,1146,1078,3,0
1178,1146,1078,4,0
1152,1146,1080,5,0
1638,1146,1081,6,0
1007,1146,1082,7,0
1634,1146,1084,8,0
1403,1146,1085,9,0
1404,1146,1086,10,0
1405,1146,1087,11,0
1406,1146,1088,12,0
1407,1146,1088,13,0
1428,1146,1089,14,0
1410,1146,1090,15,0
1253,1146,1091,16,0
1254,1146,1091,17,0
1255,1146,1092,18,0
1411,1146,1093,19,0
1626,1146,1094,20,0
1041,1146,1095,21,0
1102,1146,1096,22,0
1371,1146,1096,23,0
2803,1146,1099,24,0
2801,1146,1100,25,0
1543,1146,1102,26,0
1303,1146,1103,27,0
1300,1146,1104,28,0
1305,1146,1106,29,0
1306,1146,1107,30,0
1307,1146,1108,31,0
1412,1146,1109,32,0
1423,1146,1110,33,0
1414,1146,1112,34,0
1499,1146,1113,35,0
1421,1146,1114,36,0
1416,1146,1115,37,0
1419,1146,1116,38,0
1221,1146,1117,39,0
1222,1146,1118,40,1
1290,641,603,1,0
1291,641,604,2,0
1177,641,606,3,0
1178,641,606,4,0
1152,641,608,5,0
1638,641,609,6,0
1007,641,610,7,0
1634,641,612,8,0
1403,641,613,9,0
1404,641,614,10,0
1405,641,615,11,0
1406,641,616,12,0
1407,641,616,13,0
1428,641,617,14,0
1410,641,618,15,0
1253,641,619,16,0
1254,641,619,17,0
1255,641,620,18,0
1411,641,621,19,0
1626,641,622,20,0
1041,641,623,21,0
1102,641,624,22,0
1371,641,624,23,0
2803,641,627,24,0
2801,641,628,25,0
1543,641,630,26,0
1303,641,631,27,0
1300,641,632,28,0
1305,641,633,29,0
1306,641,634,30,0
1307,641,635,31,1
1290,2618,1152,1,0
1291,2618,1153,2,0
1177,2618,1154,3,0
1178,2618,1155,4,0
1152,2618,1156,5,0
1638,2618,1157,6,0
1007,2618,1158,7,0
1634,2618,1160,8,0
1403,2618,1160,9,0
1404,2618,1161,10,0
1405,2618,1162,11,0
1406,2618,1163,12,0
1407,2618,1164,13,0
1428,2618,1165,14,0
1410,2618,1166,15,0
1253,2618,1167,16,0
1254,2618,1167,17,0
1255,2618,1168,18,0
1411,2618,1169,19,0
1626,2618,1170,20,0
1041,2618,1171,21,0
1102,2618,1171,22,0
1371,2618,1172,23,0
2803,2618,1173,24,0
2801,2618,1174,25,0
1543,2618,1176,26,0
1303,2618,1177,27,0
1300,2618,1178,28,0
1305,2618,1180,29,0
1306,2618,1181,30,0
1307,2618,1182,31,0
1412,2618,1183,32,0
1423,2618,1184,33,0
1414,2618,1186,34,0
1499,2618,1186,35,0
1421,2618,1187,36,0
1416,2618,1188,37,0
1419,2618,1189,38,0
1221,2618,1191,39,0
1222,2618,1192,40,1
1290,4382,935,1,0
1291,4382,936,2,0
1177,4382,938,3,0
1178,4382,938,4,0
1152,4382,940,5,0
1638,4382,941,6,0
1007,4382,942,7,0
1634,4382,944,8,0
1403,4382,945,9,0
1404,4382,946,10,0
1405,4382,947,11,0
1406,4382,948,12,0
1407,4382,948,13,0
1428,4382,949,14,0
1410,4382,950,15,0
1253,4382,951,16,0
1254,4382,951,17,0
1255,4382,952,18,0
1411,4382,953,19,0
1626,4382,954,20,0
1041,4382,955,21,0
1102,4382,956,22,0
1371,4382,957,23,0
2803,4382,959,24,0
2801,4382,961,25,0
1543,4382,963,26,0
1303,4382,964,27,0
1300,4382,965,28,0
1305,4382,967,29,0
1306,4382,968,30,0
1307,4382,969,31,0
1412,4382,970,32,0
1423,4382,971,33,0
1414,4382,973,34,0
1499,4382,974,35,0
1421,4382,975,36,0
1416,4382,976,37,0
1419,4382,977,38,0
1221,4382,978,39,0
1222,4382,979,40,1
1234,4353,915,1,0
1418,4353,916,2,0
1417,4353,917,3,0
1420,4353,918,4,0
1643,4353,919,5,0
1503,4353,920,6,0
1422,4353,921,7,0
1413,4353,923,8,0
1424,4353,925,9,0
1297,4353,927,10,0
1298,4353,928,11,0
1299,4353,929,12,0
1304,4353,930,13,0
1301,4353,931,14,0
1537,4353,932,15,0
2826,4353,934,16,0
2815,4353,936,17,0
1328,4353,938,18,0
1040,4353,939,19,0
1425,4353,940,20,0
1625,4353,941,21,0
1426,4353,942,22,0
1287,4353,943,23,0
1288,4353,944,24,0
1289,4353,944,25,0
1427,4353,945,26,0
1159,4353,946,27,0
1374,4353,947,28,0
1375,4353,948,29,0
1376,4353,948,30,0
1377,4353,949,31,0
1378,4353,950,32,0
1032,4353,952,33,0
1033,4353,953,34,0
1637,4353,955,35,0
1111,4353,956,36,0
1201,4353,957,37,0
1202,4353,958,38,0
1203,4353,959,39,0
1314,4353,960,40,0
1290,4353,961,41,1
1234,5453,1005,1,0
1418,5453,1006,2,0
1417,5453,1007,3,0
1420,5453,1008,4,0
1643,5453,1009,5,0
1503,5453,1010,6,0
1422,5453,1011,7,0
1413,5453,1013,8,0
1424,5453,1015,9,0
1297,5453,1017,10,0
1298,5453,1018,11,0
1299,5453,1019,12,0
1304,5453,1020,13,0
1301,5453,1021,14,0
1537,5453,1023,15,0
2826,5453,1025,16,0
2815,5453,1027,17,0
1328,5453,1029,18,0
1040,5453,1030,19,0
1425,5453,1031,20,0
1625,5453,1032,21,0
1426,5453,1033,22,0
1287,5453,1034,23,0
1288,5453,1035,24,0
1289,5453,1035,25,0
1427,5453,1036,26,0
1159,5453,1037,27,0
1374,5453,1038,28,0
1375,5453,1039,29,0
1376,5453,1039,30,0
1377,5453,1040,31,0
1378,5453,1041,32,0
1032,5453,1043,33,0
1033,5453,1045,34,0
1637,5453,1046,35,0
1111,5453,1048,36,0
1201,5453,1049,37,0
1202,5453,1050,38,0
1203,5453,1051,39,0
1314,5453,1052,40,0
1290,5453,1053,41,1
1290,5422,1105,1,0
1291,5422,1106,2,0
1177,5422,1108,3,0
1178,5422,1108,4,0
1152,5422,1110,5,0
1638,5422,1111,6,0
1007,5422,1112,7,0
1634,5422,1114,8,0
1403,5422,1115,9,0
1404,5422,1116,10,0
1405,5422,1117,11,0
1406,5422,1118,12,0
1407,5422,1118,13,0
1428,5422,1119,14,0
1410,5422,1120,15,0
1253,5422,1121,16,0
1254,5422,1121,17,0
1255,5422,1122,18,0
1411,5422,1123,19,0
1626,5422,1124,20,0
1041,5422,1125,21,0
1102,5422,1126,22,0
1371,5422,1126,23,0
2803,5422,1129,24,0
2801,5422,1130,25,0
1543,5422,1132,26,0
1303,5422,1133,27,0
1300,5422,1134,28,0
1305,5422,1136,29,0
1306,5422,1137,30,0
1307,5422,1138,31,0
1412,5422,1139,32,0
1423,5422,1140,33,0
1414,5422,1142,34,0
1499,5422,1143,35,0
1421,5422,1144,36,0
1416,5422,1145,37,0
1419,5422,1146,38,0
1221,5422,1147,39,0
1222,5422,1148,40,1
1297,6081,825,1,0
1298,6081,826,2,0
1299,6081,827,3,0
1304,6081,828,4,0
1301,6081,829,5,0
1537,6081,830,6,0
2826,6081,832,7,0
2815,6081,834,8,0
1328,6081,835,9,0
1040,6081,836,10,0
1425,6081,837,11,0
1625,6081,838,12,0
1426,6081,839,13,0
1287,6081,840,14,0
1288,6081,841,15,0
1289,6081,841,16,0
1427,6081,842,17,0
1159,6081,843,18,0
1374,6081,844,19,0
1375,6081,845,20,0
1376,6081,845,21,0
1377,6081,846,22,0
1378,6081,847,23,0
1032,6081,849,24,0
1033,6081,850,25,0
1637,6081,852,26,0
1111,6081,853,27,0
1201,6081,854,28,0
1202,6081,855,29,0
1203,6081,856,30,0
1314,6081,857,31,0
1290,6081,858,32,1
1290,5356,677,1,0
1291,5356,678,2,0
1177,5356,679,3,0
1178,5356,680,4,0
1152,5356,681,5,0
1638,5356,682,6,0
1007,5356,683,7,0
1634,5356,685,8,0
1403,5356,685,9,0
1404,5356,686,10,0
1405,5356,687,11,0
1406,5356,688,12,0
1407,5356,688,13,0
1428,5356,689,14,0
1410,5356,690,15,0
1253,5356,691,16,0
1254,5356,691,17,0
1255,5356,692,18,0
1411,5356,693,19,0
1626,5356,694,20,0
1041,5356,695,21,0
1102,5356,696,22,0
1371,5356,696,23,0
2803,5356,698,24,0
2801,5356,699,25,0
1543,5356,701,26,0
1303,5356,702,27,0
1300,5356,703,28,0
1305,5356,704,29,0
1306,5356,705,30,0
1307,5356,706,31,0
1412,5356,707,32,0
1423,5356,708,33,0
1414,5356,710,34,0
1499,5356,710,35,0
1421,5356,711,36,0
1416,5356,712,37,0
1419,5356,713,38,0
1221,5356,715,39,0
1222,5356,716,40,1
1290,5334,733,1,0
1291,5334,734,2,0
1177,5334,736,3,0
1178,5334,736,4,0
1152,5334,738,5,0
1638,5334,739,6,0
1007,5334,740,7,0
1634,5334,742,8,0
1403,5334,743,9,0
1404,5334,744,10,0
1405,5334,745,11,0
1406,5334,746,12,0
1407,5334,746,13,0
1428,5334,747,14,0
1410,5334,748,15,0
1253,5334,749,16,0
1254,5334,749,17,0
1255,5334,750,18,0
1411,5334,751,19,0
1626,5334,752,20,0
1041,5334,753,21,0
1102,5334,754,22,0
1371,5334,754,23,0
2803,5334,757,24,0
2801,5334,758,25,0
1543,5334,760,26,0
1303,5334,761,27,0
1300,5334,762,28,0
1305,5334,764,29,0
1306,5334,765,30,0
1307,5334,766,31,1
1290,6062,800,1,0
1291,6062,801,2,0
1177,6062,803,3,0
1178,6062,803,4,0
1152,6062,805,5,0
1638,6062,806,6,0
1007,6062,807,7,0
1634,6062,809,8,0
1403,6062,810,9,0
1404,6062,811,10,0
1405,6062,812,11,0
1406,6062,813,12,0
1407,6062,813,13,0
1428,6062,814,14,0
1410,6062,815,15,0
1253,6062,816,16,0
1254,6062,816,17,0
1255,6062,817,18,0
1411,6062,818,19,0
1626,6062,819,20,0
1041,6062,820,21,0
1102,6062,821,22,0
1371,6062,822,23,0
2803,6062,824,24,0
2801,6062,826,25,0
1543,6062,828,26,0
1303,6062,829,27,0
1300,6062,830,28,0
1305,6062,832,29,0
1306,6062,833,30,0
1307,6062,834,31,0
1412,6062,835,32,0
1423,6062,836,33,0
1414,6062,838,34,0
1499,6062,838,35,0
1421,6062,839,36,0
1416,6062,840,37,0
1419,6062,841,38,0
1221,6062,842,39,0
1222,6062,843,40,1
1234,5388,745,1,0
1418,5388,746,2,0
1417,5388,747,3,0
1420,5388,748,4,0
1643,5388,749,5,0
1503,5388,750,6,0
1422,5388,751,7,0
1413,5388,753,8,0
1424,5388,754,9,0
1297,5388,756,10,0
1298,5388,757,11,0
1299,5388,758,12,0
1304,5388,759,13,0
1301,5388,760,14,0
1537,5388,762,15,0
2826,5388,764,16,0
2815,5388,766,17,0
1328,5388,768,18,0
1040,5388,769,19,0
1425,5388,770,20,0
1625,5388,771,21,0
1426,5388,772,22,0
1287,5388,773,23,0
1288,5388,774,24,0
1289,5388,774,25,0
1427,5388,775,26,0
1159,5388,776,27,0
1374,5388,777,28,0
1375,5388,778,29,0
1376,5388,778,30,0
1377,5388,779,31,0
1378,5388,780,32,0
1032,5388,782,33,0
1033,5388,783,34,0
1637,5388,785,35,0
1111,5388,786,36,0
1201,5388,787,37,0
1202,5388,788,38,0
1203,5388,789,39,0
1314,5388,790,40,0
1290,5388,791,41,1
1290,5204,588,1,0
1291,5204,589,2,0
1177,5204,591,3,0
1178,5204,591,4,0
1152,5204,593,5,0
1638,5204,594,6,0
1007,5204,595,7,0
1634,5204,597,8,0
1403,5204,598,9,0
1404,5204,599,10,0
1405,5204,600,11,0
1406,5204,601,12,0
1407,5204,601,13,0
1428,5204,602,14,0
1410,5204,603,15,0
1253,5204,604,16,0
1254,5204,605,17,0
1255,5204,606,18,0
1411,5204,607,19,0
1626,5204,608,20,0
1041,5204,609,21,0
1102,5204,610,22,0
1371,5204,610,23,0
2803,5204,613,24,0
2801,5204,614,25,0
1543,5204,616,26,0
1303,5204,617,27,0
1300,5204,618,28,0
1305,5204,620,29,0
1306,5204,621,30,0
1307,5204,622,31,0
1412,5204,623,32,0
1423,5204,624,33,0
1414,5204,626,34,0
1499,5204,627,35,0
1421,5204,628,36,0
1416,5204,629,37,0
1419,5204,630,38,0
1221,5204,631,39,0
1222,5204,632,40,1
1234,5207,395,1,0
1418,5207,396,2,0
1417,5207,397,3,0
1420,5207,398,4,0
1643,5207,399,5,0
1503,5207,400,6,0
1422,5207,401,7,0
1413,5207,403,8,0
1424,5207,404,9,0
1297,5207,406,10,0
1298,5207,407,11,0
1299,5207,408,12,0
1304,5207,409,13,0
1301,5207,410,14,0
1537,5207,411,15,0
2826,5207,413,16,0
2815,5207,414,17,0
1328,5207,416,18,0
1040,5207,416,19,0
1425,5207,417,20,0
1625,5207,418,21,0
1426,5207,419,22,0
1287,5207,420,23,0
1288,5207,421,24,0
1289,5207,421,25,0
1427,5207,422,26,0
1159,5207,423,27,0
1374,5207,424,28,0
1375,5207,425,29,0
1376,5207,425,30,0
1377,5207,426,31,0
1378,5207,427,32,0
1032,5207,429,33,0
1033,5207,430,34,0
1637,5207,432,35,0
1111,5207,433,36,0
1201,5207,433,37,0
1202,5207,434,38,0
1203,5207,435,39,0
1314,5207,436,40,0
1290,5207,437,41,1
1297,5201,692,1,0
1298,5201,693,2,0
1299,5201,694,3,0
1304,5201,695,4,0
1301,5201,696,5,0
1537,5201,697,6,0
2826,5201,699,7,0
2815,5201,701,8,0
1328,5201,703,9,0
1040,5201,704,10,0
1425,5201,705,11,0
1625,5201,706,12,0
1426,5201,707,13,0
1287,5201,708,14,0
1288,5201,709,15,0
1289,5201,709,16,0
1427,5201,710,17,0
1159,5201,711,18,0
1374,5201,712,19,0
1375,5201,713,20,0
1376,5201,713,21,0
1377,5201,714,22,0
1378,5201,715,23,0
1032,5201,717,24,0
1033,5201,718,25,0
1637,5201,720,26,0
1111,5201,721,27,0
1201,5201,722,28,0
1202,5201,723,29,0
1203,5201,724,30,0
1314,5201,725,31,0
1290,5201,726,32,1
1290,5296,518,1,0
1291,5296,519,2,0
1177,5296,521,3,0
1178,5296,521,4,0
1152,5296,523,5,0
1638,5296,524,6,0
1007,5296,525,7,0
1634,5296,527,8,0
1403,5296,528,9,0
1404,5296,529,10,0
1405,5296,530,11,0
1406,5296,531,12,0
1407,5296,531,13,0
1428,5296,532,14,0
1410,5296,533,15,0
1253,5296,534,16,0
1254,5296,535,17,0
1255,5296,536,18,0
1411,5296,537,19,0
1626,5296,538,20,0
1041,5296,539,21,0
1102,5296,540,22,0
1371,5296,540,23,0
2803,5296,542,24,0
2801,5296,543,25,0
1543,5296,545,26,0
1303,5296,546,27,0
1300,5296,548,28,0
1305,5296,549,29,0
1306,5296,550,30,0
1307,5296,552,31,0
1412,5296,553,32,0
1423,5296,555,33,0
1414,5296,557,34,0
1499,5296,558,35,0
1421,5296,559,36,0
1416,5296,560,37,0
1419,5296,561,38,0
1221,5296,562,39,0
1222,5296,563,40,1
1290,5108,797,1,0
1291,5108,798,2,0
1177,5108,800,3,0
1178,5108,800,4,0
1152,5108,802,5,0
1638,5108,803,6,0
1007,5108,804,7,0
1634,5108,806,8,0
1403,5108,807,9,0
1404,5108,808,10,0
1405,5108,809,11,0
1406,5108,810,12,0
1407,5108,810,13,0
1428,5108,811,14,0
1410,5108,812,15,0
1253,5108,813,16,0
1254,5108,814,17,0
1255,5108,815,18,0
1411,5108,816,19,0
1626,5108,817,20,0
1041,5108,819,21,0
1102,5108,820,22,0
1371,5108,820,23,0
2803,5108,823,24,0
2801,5108,824,25,0
1543,5108,826,26,0
1303,5108,827,27,0
1300,5108,828,28,0
1305,5108,830,29,0
1306,5108,831,30,0
1307,5108,832,31,0
1412,5108,833,32,0
1423,5108,835,33,0
1414,5108,837,34,0
1499,5108,838,35,0
1421,5108,839,36,0
1416,5108,840,37,0
1419,5108,841,38,0
1221,5108,842,39,0
1222,5108,843,40,1
1297,5100,627,1,0
1298,5100,628,2,0
1299,5100,629,3,0
1304,5100,630,4,0
1301,5100,631,5,0
1537,5100,632,6,0
2826,5100,634,7,0
2815,5100,636,8,0
1328,5100,637,9,0
1040,5100,638,10,0
1425,5100,639,11,0
1625,5100,640,12,0
1426,5100,640,13,0
1287,5100,641,14,0
1288,5100,642,15,0
1289,5100,642,16,0
1427,5100,643,17,0
1159,5100,644,18,0
1374,5100,645,19,0
1375,5100,646,20,0
1376,5100,646,21,0
1377,5100,647,22,0
1378,5100,648,23,0
1032,5100,650,24,0
1033,5100,651,25,0
1637,5100,653,26,0
1111,5100,654,27,0
1201,5100,655,28,0
1202,5100,656,29,0
1203,5100,657,30,0
1314,5100,658,31,0
1290,5100,659,32,1
1234,5155,710,1,0
1418,5155,711,2,0
1417,5155,712,3,0
1420,5155,713,4,0
1643,5155,714,5,0
1503,5155,715,6,0
1422,5155,716,7,0
1413,5155,718,8,0
1424,5155,719,9,0
1297,5155,721,10,0
1298,5155,722,11,0
1299,5155,723,12,0
1304,5155,724,13,0
1301,5155,725,14,0
1537,5155,727,15,0
2826,5155,729,16,0
2815,5155,731,17,0
1328,5155,733,18,0
1040,5155,734,19,0
1425,5155,735,20,0
1625,5155,736,21,0
1426,5155,737,22,0
1287,5155,738,23,0
1288,5155,739,24,0
1289,5155,739,25,0
1427,5155,740,26,0
1159,5155,741,27,0
1374,5155,742,28,0
1375,5155,743,29,0
1376,5155,743,30,0
1377,5155,744,31,0
1378,5155,745,32,0
1032,5155,747,33,0
1033,5155,748,34,0
1637,5155,750,35,0
1111,5155,751,36,0
1201,5155,752,37,0
1202,5155,753,38,0
1203,5155,754,39,0
1314,5155,755,40,0
1290,5155,756,41,1
1234,5186,1125,1,0
1418,5186,1126,2,0
1417,5186,1127,3,0
1420,5186,1128,4,0
1643,5186,1129,5,0
1503,5186,1130,6,0
1422,5186,1131,7,0
1413,5186,1133,8,0
1424,5186,1134,9,0
1297,5186,1136,10,0
1298,5186,1137,11,0
1299,5186,1138,12,0
1304,5186,1139,13,0
1301,5186,1140,14,0
1537,5186,1141,15,0
2826,5186,1143,16,0
2815,5186,1145,17,0
1328,5186,1147,18,0
1040,5186,1148,19,0
1425,5186,1149,20,0
1625,5186,1150,21,0
1426,5186,1151,22,0
1287,5186,1152,23,0
1288,5186,1153,24,0
1289,5186,1153,25,0
1427,5186,1154,26,0
1159,5186,1155,27,0
1374,5186,1156,28,0
1375,5186,1157,29,0
1376,5186,1157,30,0
1377,5186,1158,31,0
1378,5186,1159,32,0
1032,5186,1161,33,0
1033,5186,1162,34,0
1637,5186,1164,35,0
1111,5186,1165,36,0
1201,5186,1165,37,0
1202,5186,1166,38,0
1203,5186,1167,39,0
1314,5186,1168,40,0
1290,5186,1169,41,1
1290,5188,1065,1,0
1291,5188,1066,2,0
1177,5188,1068,3,0
1178,5188,1068,4,0
1152,5188,1070,5,0
1638,5188,1071,6,0
1007,5188,1073,7,0
1634,5188,1075,8,0
1403,5188,1076,9,0
1404,5188,1077,10,0
1405,5188,1078,11,0
1406,5188,1079,12,0
1407,5188,1079,13,0
1428,5188,1080,14,0
1410,5188,1081,15,0
1253,5188,1082,16,0
1254,5188,1083,17,0
1255,5188,1084,18,0
1411,5188,1085,19,0
1626,5188,1086,20,0
1041,5188,1088,21,0
1102,5188,1089,22,0
1371,5188,1090,23,0
2803,5188,1092,24,0
2801,5188,1094,25,0
1543,5188,1096,26,0
1303,5188,1097,27,0
1300,5188,1098,28,0
1305,5188,1100,29,0
1306,5188,1101,30,0
1307,5188,1102,31,0
1412,5188,1103,32,0
1423,5188,1104,33,0
1414,5188,1106,34,0
1499,5188,1107,35,0
1421,5188,1108,36,0
1416,5188,1109,37,0
1419,5188,1110,38,0
1221,5188,1111,39,0
1222,5188,1112,40,1
1234,6119,1215,1,0
1418,6119,1216,2,0
1417,6119,1216,3,0
1420,6119,1217,4,0
1643,6119,1218,5,0
1503,6119,1219,6,0
1422,6119,1220,7,0
1413,6119,1221,8,0
1424,6119,1222,9,0
1297,6119,1224,10,0
1298,6119,1225,11,0
1299,6119,1225,12,0
1304,6119,1226,13,0
1301,6119,1227,14,0
1537,6119,1228,15,0
2826,6119,1230,16,0
2815,6119,1231,17,0
1328,6119,1233,18,0
1040,6119,1233,19,0
1425,6119,1234,20,0
1625,6119,1235,21,0
1426,6119,1236,22,0
1287,6119,1237,23,0
1288,6119,1238,24,0
1289,6119,1238,25,0
1427,6119,1239,26,0
1159,6119,1240,27,0
1374,6119,1241,28,0
1375,6119,1242,29,0
1376,6119,1242,30,0
1377,6119,1243,31,0
1378,6119,1244,32,0
1032,6119,1246,33,0
1033,6119,1247,34,0
1637,6119,1249,35,0
1111,6119,1250,36,0
1201,6119,1250,37,0
1202,6119,1251,38,0
1203,6119,1252,39,0
1314,6119,1253,40,0
1290,6119,1254,41,1
1290,6141,1225,1,0
1291,6141,1226,2,0
1177,6141,1227,3,0
1178,6141,1228,4,0
1152,6141,1229,5,0
1638,6141,1230,6,0
1007,6141,1231,7,0
1634,6141,1233,8,0
1403,6141,1234,9,0
1404,6141,1235,10,0
1405,6141,1236,11,0
1406,6141,1237,12,0
1407,6141,1237,13,0
1428,6141,1238,14,0
1410,6141,1239,15,0
1253,6141,1240,16,0
1254,6141,1240,17,0
1255,6141,1241,18,0
1411,6141,1242,19,0
1626,6141,1243,20,0
1041,6141,1244,21,0
1102,6141,1245,22,0
1371,6141,1245,23,0
2803,6141,1248,24,0
2801,6141,1249,25,0
1543,6141,1251,26,0
1303,6141,1252,27,0
1300,6141,1253,28,0
1305,6141,1254,29,0
1306,6141,1255,30,0
1307,6141,1256,31,0
1412,6141,1257,32,0
1423,6141,1258,33,0
1414,6141,1260,34,0
1499,6141,1260,35,0
1421,6141,1261,36,0
1416,6141,1262,37,0
1419,6141,1263,38,0
1221,6141,1264,39,0
1222,6141,1265,40,1
1234,5085,815,1,0
1418,5085,816,2,0
1417,5085,817,3,0
1420,5085,818,4,0
1643,5085,819,5,0
1503,5085,820,6,0
1422,5085,821,7,0
1413,5085,823,8,0
1424,5085,824,9,0
1297,5085,826,10,0
1298,5085,827,11,0
1299,5085,828,12,0
1304,5085,829,13,0
1301,5085,830,14,0
1537,5085,832,15,0
2826,5085,834,16,0
2815,5085,836,17,0
1328,5085,838,18,0
1040,5085,839,19,0
1425,5085,840,20,0
1625,5085,841,21,0
1426,5085,842,22,0
1287,5085,843,23,0
1288,5085,844,24,0
1289,5085,844,25,0
1427,5085,845,26,0
1159,5085,846,27,0
1374,5085,847,28,0
1375,5085,848,29,0
1376,5085,848,30,0
1377,5085,849,31,0
1378,5085,850,32,0
1032,5085,852,33,0
1033,5085,853,34,0
1637,5085,855,35,0
1111,5085,856,36,0
1201,5085,857,37,0
1202,5085,858,38,0
1203,5085,859,39,0
1314,5085,860,40,0
1290,5085,861,41,1
1290,6363,1035,1,0
1291,6363,1036,2,0
1177,6363,1038,3,0
1178,6363,1038,4,0
1152,6363,1040,5,0
1638,6363,1041,6,0
1007,6363,1043,7,0
1634,6363,1045,8,0
1403,6363,1046,9,0
1404,6363,1047,10,0
1405,6363,1048,11,0
1406,6363,1049,12,0
1407,6363,1049,13,0
1428,6363,1050,14,0
1410,6363,1051,15,0
1253,6363,1052,16,0
1254,6363,1053,17,0
1255,6363,1054,18,0
1411,6363,1055,19,0
1626,6363,1056,20,0
1041,6363,1058,21,0
1102,6363,1059,22,0
1371,6363,1060,23,0
2803,6363,1062,24,0
2801,6363,1064,25,0
1543,6363,1066,26,0
1303,6363,1067,27,0
1300,6363,1069,28,0
1305,6363,1070,29,0
1306,6363,1071,30,0
1307,6363,1073,31,0
1412,6363,1074,32,0
1423,6363,1076,33,0
1414,6363,1078,34,0
1499,6363,1079,35,0
1421,6363,1080,36,0
1416,6363,1081,37,0
1419,6363,1082,38,0
1221,6363,1083,39,0
1222,6363,1084,40,1
1234,6690,465,1,0
1418,6690,466,2,0
1417,6690,467,3,0
1420,6690,468,4,0
1643,6690,469,5,0
1503,6690,470,6,0
1422,6690,471,7,0
1413,6690,473,8,0
1424,6690,474,9,0
1297,6690,476,10,0
1298,6690,477,11,0
1299,6690,478,12,0
1304,6690,479,13,0
1301,6690,480,14,0
1537,6690,481,15,0
2826,6690,483,16,0
2815,6690,485,17,0
1328,6690,486,18,0
1040,6690,487,19,0
1425,6690,488,20,0
1625,6690,489,21,0
1426,6690,490,22,0
1287,6690,491,23,0
1288,6690,492,24,0
1289,6690,493,25,0
1427,6690,494,26,0
1159,6690,495,27,0
1374,6690,496,28,0
1375,6690,497,29,0
1376,6690,497,30,0
1377,6690,498,31,0
1378,6690,499,32,0
1032,6690,501,33,0
1033,6690,502,34,0
1637,6690,504,35,0
1111,6690,505,36,0
1201,6690,506,37,0
1202,6690,507,38,0
1203,6690,508,39,0
1314,6690,509,40,0
1290,6690,510,41,1
1290,6682,582,1,0
1291,6682,583,2,0
1177,6682,584,3,0
1178,6682,585,4,0
1152,6682,586,5,0
1638,6682,587,6,0
1007,6682,588,7,0
1634,6682,590,8,0
1403,6682,590,9,0
1404,6682,591,10,0
1405,6682,592,11,0
1406,6682,593,12,0
1407,6682,593,13,0
1428,6682,594,14,0
1410,6682,595,15,0
1253,6682,596,16,0
1254,6682,596,17,0
1255,6682,597,18,0
1411,6682,598,19,0
1626,6682,599,20,0
1041,6682,600,21,0
1102,6682,601,22,0
1371,6682,601,23,0
2803,6682,603,24,0
2801,6682,604,25,0
1543,6682,606,26,0
1303,6682,607,27,0
1300,6682,608,28,0
1305,6682,609,29,0
1306,6682,610,30,0
1307,6682,611,31,0
1412,6682,612,32,0
1423,6682,613,33,0
1414,6682,615,34,0
1499,6682,615,35,0
1421,6682,616,36,0
1416,6682,617,37,0
1419,6682,618,38,0
1221,6682,620,39,0
1222,6682,621,40,1
1234,6550,1020,1,0
1418,6550,1021,2,0
1417,6550,1022,3,0
1420,6550,1023,4,0
1643,6550,1024,5,0
1503,6550,1025,6,0
1422,6550,1026,7,0
1413,6550,1027,8,0
1424,6550,1028,9,0
1297,6550,1030,10,0
1298,6550,1031,11,0
1299,6550,1032,12,0
1304,6550,1033,13,0
1301,6550,1034,14,0
1537,6550,1035,15,0
2826,6550,1037,16,0
2815,6550,1039,17,0
1328,6550,1041,18,0
1040,6550,1042,19,0
1425,6550,1043,20,0
1625,6550,1044,21,0
1426,6550,1045,22,0
1287,6550,1046,23,0
1288,6550,1047,24,0
1289,6550,1047,25,0
1427,6550,1048,26,0
1159,6550,1049,27,0
1374,6550,1050,28,0
1375,6550,1051,29,0
1376,6550,1051,30,0
1377,6550,1052,31,0
1378,6550,1053,32,0
1032,6550,1055,33,0
1033,6550,1056,34,0
1637,6550,1058,35,0
1111,6550,1059,36,0
1201,6550,1060,37,0
1202,6550,1061,38,0
1203,6550,1062,39,0
1314,6550,1063,40,0
1290,6550,1064,41,1
1290,1912,570,1,0
1291,1912,571,2,0
1177,1912,572,3,0
1178,1912,573,4,0
1152,1912,574,5,0
1638,1912,575,6,0
1007,1912,576,7,0
1634,1912,578,8,0
1403,1912,578,9,0
1404,1912,579,10,0
1405,1912,580,11,0
1406,1912,581,12,0
1407,1912,581,13,0
1428,1912,582,14,0
1410,1912,583,15,0
1253,1912,584,16,0
1254,1912,584,17,0
1255,1912,585,18,0
1411,1912,586,19,0
1626,1912,587,20,0
1041,1912,588,21,0
1102,1912,589,22,0
1371,1912,589,23,0
2803,1912,592,24,0
2801,1912,593,25,0
1543,1912,595,26,0
1303,1912,596,27,0
1300,1912,597,28,0
1305,1912,598,29,0
1306,1912,599,30,0
1307,1912,600,31,1
