arret_id,trajet_id,heure_depart,stop_sequence,terminus
1564,2164,730,1,0
2704,2164,740,2,0
2749,2164,742,3,1
1252,5013,270,1,0
1253,5013,271,2,0
1254,5013,272,3,0
1255,5013,272,4,0
1256,5013,273,5,0
1257,5013,274,6,0
1258,5013,275,7,0
1489,5013,276,8,0
1159,5013,277,9,0
1374,5013,277,10,0
1375,5013,278,11,0
1376,5013,279,12,0
1377,5013,280,13,0
1378,5013,281,14,0
1009,5013,282,15,0
1010,5013,283,16,0
1011,5013,284,17,0
1012,5013,285,18,0
1014,5013,287,19,0
1015,5013,288,20,0
1024,5013,290,21,0
1121,5013,293,22,0
1122,5013,294,23,0
1123,5013,295,24,0
1124,5013,295,25,0
1125,5013,296,26,0
1126,5013,296,27,0
1127,5013,297,28,0
1128,5013,298,29,0
1129,5013,299,30,0
2704,5013,308,31,0
2749,5013,310,32,1
1001,2903,265,1,0
1002,2903,266,2,0
1003,2903,266,3,0
1004,2903,266,4,0
1005,2903,267,5,0
1006,2903,268,6,0
1111,2903,269,7,0
1432,2903,270,8,0
1513,2903,270,9,0
1514,2903,271,10,0
1162,2903,272,11,0
1163,2903,273,12,0
1479,2903,273,13,0
1085,2903,276,14,0
1084,2903,278,15,0
1059,2903,279,16,0
1060,2903,279,17,0
1061,2903,280,18,0
1062,2903,281,19,0
1063,2903,282,20,0
1064,2903,283,21,0
1343,2903,285,22,0
1344,2903,286,23,0
1585,2903,287,24,0
1577,2903,289,25,0
5036,2903,290,26,0
1564,2903,291,27,0
1449,2903,293,28,0
1450,2903,294,29,0
1451,2903,294,30,0
1267,2903,295,31,0
2262,2903,302,32,0
2704,2903,306,33,0
2749,2903,308,34,1
1576,4946,270,1,0
1568,4946,271,2,0
1520,4946,271,3,0
1424,4946,272,4,0
1308,4946,273,5,0
1309,4946,274,6,0
1191,4946,275,7,0
1188,4946,276,8,0
1584,4946,277,9,0
1221,4946,279,10,0
1222,4946,280,11,0
1593,4946,283,12,0
1391,4946,284,13,0
1388,4946,284,14,0
1393,4946,285,15,0
1394,4946,286,16,0
1395,4946,287,17,0
1396,4946,288,18,0
1383,4946,289,19,0
1382,4946,290,20,0
1399,4946,291,21,0
1400,4946,292,22,0
1401,4946,293,23,0
1021,4946,294,24,0
1264,4946,295,25,0
1265,4946,295,26,0
1266,4946,296,27,0
2219,4946,297,28,0
2218,4946,298,29,0
2228,4946,299,30,0
2216,4946,300,31,0
2704,4946,308,32,0
2749,4946,310,33,1
2749,921,799,1,0
2701,921,800,2,0
2702,921,802,3,0
1270,921,807,4,0
1456,921,808,5,0
1457,921,808,6,0
1564,921,810,7,1
