arret_id,trajet_id,heure_depart,stop_sequence,terminus
1481,17282,960,1,0
1480,17282,962,2,0
1617,17282,963,3,0
1536,17282,964,4,0
1291,17282,965,5,0
1292,17282,967,6,0
1176,17282,968,7,0
1312,17282,969,8,0
1160,17282,970,9,0
1161,17282,972,10,0
1164,17282,976,11,0
1056,17282,982,12,1
1481,17283,980,1,0
1480,17283,982,2,0
1617,17283,983,3,0
1536,17283,984,4,0
1291,17283,985,5,0
1292,17283,987,6,0
1176,17283,988,7,0
1312,17283,989,8,0
1160,17283,990,9,0
1161,17283,992,10,0
1164,17283,996,11,0
1056,17283,1002,12,1
1481,17280,960,1,0
1480,17280,962,2,0
1617,17280,963,3,0
1536,17280,964,4,0
1291,17280,965,5,0
1292,17280,967,6,0
1176,17280,968,7,0
1312,17280,969,8,0
1160,17280,970,9,0
1161,17280,972,10,0
1164,17280,976,11,0
1056,17280,982,12,1
1481,17281,960,1,0
1480,17281,962,2,0
1617,17281,963,3,0
1536,17281,964,4,0
1291,17281,965,5,0
1292,17281,967,6,0
1176,17281,968,7,0
1312,17281,969,8,0
1160,17281,970,9,0
1161,17281,972,10,0
1164,17281,976,11,0
1056,17281,982,12,1
1481,17288,1020,1,0
1480,17288,1022,2,0
1617,17288,1025,3,0
1536,17288,1026,4,0
1291,17288,1027,5,0
1292,17288,1029,6,0
1176,17288,1030,7,0
1312,17288,1031,8,0
1160,17288,1032,9,0
1161,17288,1034,10,0
1164,17288,1038,11,0
1056,17288,1045,12,1
1481,17289,1020,1,0
1480,17289,1022,2,0
1617,17289,1025,3,0
1536,17289,1026,4,0
1291,17289,1027,5,0
1292,17289,1029,6,0
1176,17289,1030,7,0
1312,17289,1031,8,0
1160,17289,1032,9,0
1161,17289,1034,10,0
1164,17289,1038,11,0
1056,17289,1045,12,1
1481,17286,980,1,0
1480,17286,982,2,0
1617,17286,983,3,0
1536,17286,984,4,0
1291,17286,985,5,0
1292,17286,987,6,0
1176,17286,988,7,0
1312,17286,989,8,0
1160,17286,990,9,0
1161,17286,992,10,0
1164,17286,996,11,0
1056,17286,1002,12,1
1481,17287,980,1,0
1480,17287,982,2,0
1617,17287,983,3,0
1536,17287,984,4,0
1291,17287,985,5,0
1292,17287,987,6,0
1176,17287,988,7,0
1312,17287,989,8,0
1160,17287,990,9,0
1161,17287,992,10,0
1164,17287,996,11,0
1056,17287,1002,12,1
1481,17284,980,1,0
1480,17284,982,2,0
1617,17284,983,3,0
1536,17284,984,4,0
1291,17284,985,5,0
1292,17284,987,6,0
1176,17284,988,7,0
1312,17284,989,8,0
1160,17284,990,9,0
1161,17284,992,10,0
1164,17284,996,11,0
1056,17284,1002,12,1
1481,17285,980,1,0
1480,17285,982,2,0
1617,17285,983,3,0
1536,17285,984,4,0
1291,17285,985,5,0
1292,17285,987,6,0
1176,17285,988,7,0
1312,17285,989,8,0
1160,17285,990,9,0
1161,17285,992,10,0
1164,17285,996,11,0
1056,17285,1002,12,1
1481,17291,1020,1,0
1480,17291,1022,2,0
1617,17291,1025,3,0
1536,17291,1026,4,0
1291,17291,1027,5,0
1292,17291,1029,6,0
1176,17291,1030,7,0
1312,17291,1031,8,0
1160,17291,1032,9,0
1161,17291,1034,10,0
1164,17291,1038,11,0
1056,17291,1045,12,1
1481,17292,1020,1,0
1480,17292,1022,2,0
1617,17292,1025,3,0
1536,17292,1026,4,0
1291,17292,1027,5,0
1292,17292,1029,6,0
1176,17292,1030,7,0
1312,17292,1031,8,0
1160,17292,1032,9,0
1161,17292,1034,10,0
1164,17292,1038,11,0
1056,17292,1045,12,1
1481,17293,1040,1,0
1480,17293,1042,2,0
1617,17293,1045,3,0
1536,17293,1046,4,0
1291,17293,1047,5,0
1292,17293,1049,6,0
1176,17293,1050,7,0
1312,17293,1051,8,0
1160,17293,1052,9,0
1161,17293,1054,10,0
1164,17293,1058,11,0
1056,17293,1065,12,1
1481,17294,1040,1,0
1480,17294,1042,2,0
1617,17294,1045,3,0
1536,17294,1046,4,0
1291,17294,1047,5,0
1292,17294,1049,6,0
1176,17294,1050,7,0
1312,17294,1051,8,0
1160,17294,1052,9,0
1161,17294,1054,10,0
1164,17294,1058,11,0
1056,17294,1065,12,1
1481,17290,1020,1,0
1480,17290,1022,2,0
1617,17290,1025,3,0
1536,17290,1026,4,0
1291,17290,1027,5,0
1292,17290,1029,6,0
1176,17290,1030,7,0
1312,17290,1031,8,0
1160,17290,1032,9,0
1161,17290,1034,10,0
1164,17290,1038,11,0
1056,17290,1045,12,1
1481,17299,1080,1,0
1480,17299,1082,2,0
1617,17299,1085,3,0
1536,17299,1086,4,0
1291,17299,1087,5,0
1292,17299,1089,6,0
1176,17299,1090,7,0
1312,17299,1091,8,0
1160,17299,1093,9,0
1161,17299,1095,10,0
1164,17299,1099,11,0
1056,17299,1106,12,1
1481,17295,1040,1,0
1480,17295,1042,2,0
1617,17295,1045,3,0
1536,17295,1046,4,0
1291,17295,1047,5,0
1292,17295,1049,6,0
1176,17295,1050,7,0
1312,17295,1051,8,0
1160,17295,1052,9,0
1161,17295,1054,10,0
1164,17295,1058,11,0
1056,17295,1065,12,1
1481,17296,1040,1,0
1480,17296,1042,2,0
1617,17296,1045,3,0
1536,17296,1046,4,0
1291,17296,1047,5,0
1292,17296,1049,6,0
1176,17296,1050,7,0
1312,17296,1051,8,0
1160,17296,1052,9,0
1161,17296,1054,10,0
1164,17296,1058,11,0
1056,17296,1065,12,1
1481,17297,1040,1,0
1480,17297,1042,2,0
1617,17297,1045,3,0
1536,17297,1046,4,0
1291,17297,1047,5,0
1292,17297,1049,6,0
1176,17297,1050,7,0
1312,17297,1051,8,0
1160,17297,1052,9,0
1161,17297,1054,10,0
1164,17297,1058,11,0
1056,17297,1065,12,1
1481,17298,1080,1,0
1480,17298,1082,2,0
1617,17298,1085,3,0
1536,17298,1086,4,0
1291,17298,1087,5,0
1292,17298,1089,6,0
1176,17298,1090,7,0
1312,17298,1091,8,0
1160,17298,1093,9,0
1161,17298,1095,10,0
1164,17298,1099,11,0
1056,17298,1106,12,1
1477,17260,480,1,0
1171,17260,485,2,0
1174,17260,489,3,0
1610,17260,490,4,0
1175,17260,492,5,0
1204,17260,492,6,0
1313,17260,494,7,0
1314,17260,495,8,0
1475,17260,496,9,0
2121,17260,498,10,0
1484,17260,500,11,0
1483,17260,502,12,1
1477,17261,480,1,0
1171,17261,485,2,0
1174,17261,489,3,0
1610,17261,490,4,0
1175,17261,492,5,0
1204,17261,492,6,0
1313,17261,494,7,0
1314,17261,495,8,0
1475,17261,496,9,0
2121,17261,498,10,0
1484,17261,500,11,0
1483,17261,502,12,1
1477,17264,490,1,0
1171,17264,495,2,0
1174,17264,499,3,0
1610,17264,500,4,0
1175,17264,502,5,0
1204,17264,502,6,0
1313,17264,504,7,0
1314,17264,505,8,0
1475,17264,506,9,0
2121,17264,508,10,0
1484,17264,510,11,0
1483,17264,512,12,1
1477,17265,490,1,0
1171,17265,495,2,0
1174,17265,499,3,0
1610,17265,500,4,0
1175,17265,502,5,0
1204,17265,502,6,0
1313,17265,504,7,0
1314,17265,505,8,0
1475,17265,506,9,0
2121,17265,508,10,0
1484,17265,510,11,0
1483,17265,512,12,1
1477,17262,480,1,0
1171,17262,485,2,0
1174,17262,489,3,0
1610,17262,490,4,0
1175,17262,492,5,0
1204,17262,492,6,0
1313,17262,494,7,0
1314,17262,495,8,0
1475,17262,496,9,0
2121,17262,498,10,0
1484,17262,500,11,0
1483,17262,502,12,1
1477,17263,490,1,0
1171,17263,495,2,0
1174,17263,499,3,0
1610,17263,500,4,0
1175,17263,502,5,0
1204,17263,502,6,0
1313,17263,504,7,0
1314,17263,505,8,0
1475,17263,506,9,0
2121,17263,508,10,0
1484,17263,510,11,0
1483,17263,512,12,1
1477,17268,525,1,0
1171,17268,530,2,0
1174,17268,534,3,0
1610,17268,535,4,0
1175,17268,537,5,0
1204,17268,537,6,0
1313,17268,539,7,0
1314,17268,540,8,0
1475,17268,541,9,0
2121,17268,543,10,0
1484,17268,545,11,0
1483,17268,547,12,1
1477,17269,525,1,0
1171,17269,530,2,0
1174,17269,534,3,0
1610,17269,535,4,0
1175,17269,537,5,0
1204,17269,537,6,0
1313,17269,539,7,0
1314,17269,540,8,0
1475,17269,541,9,0
2121,17269,543,10,0
1484,17269,545,11,0
1483,17269,547,12,1
1477,17266,490,1,0
1171,17266,495,2,0
1174,17266,499,3,0
1610,17266,500,4,0
1175,17266,502,5,0
1204,17266,502,6,0
1313,17266,504,7,0
1314,17266,505,8,0
1475,17266,506,9,0
2121,17266,508,10,0
1484,17266,510,11,0
1483,17266,512,12,1
1477,17267,490,1,0
1171,17267,495,2,0
1174,17267,499,3,0
1610,17267,500,4,0
1175,17267,502,5,0
1204,17267,502,6,0
1313,17267,504,7,0
1314,17267,505,8,0
1475,17267,506,9,0
2121,17267,508,10,0
1484,17267,510,11,0
1483,17267,512,12,1
1477,17270,525,1,0
1171,17270,530,2,0
1174,17270,534,3,0
1610,17270,535,4,0
1175,17270,537,5,0
1204,17270,537,6,0
1313,17270,539,7,0
1314,17270,540,8,0
1475,17270,541,9,0
2121,17270,543,10,0
1484,17270,545,11,0
1483,17270,547,12,1
1477,17271,525,1,0
1171,17271,530,2,0
1174,17271,534,3,0
1610,17271,535,4,0
1175,17271,537,5,0
1204,17271,537,6,0
1313,17271,539,7,0
1314,17271,540,8,0
1475,17271,541,9,0
2121,17271,543,10,0
1484,17271,545,11,0
1483,17271,547,12,1
1477,17272,525,1,0
1171,17272,530,2,0
1174,17272,534,3,0
1610,17272,535,4,0
1175,17272,537,5,0
1204,17272,537,6,0
1313,17272,539,7,0
1314,17272,540,8,0
1475,17272,541,9,0
2121,17272,543,10,0
1484,17272,545,11,0
1483,17272,547,12,1
1477,17273,455,1,0
1171,17273,460,2,0
1174,17273,464,3,0
1610,17273,466,4,0
1175,17273,468,5,0
1204,17273,468,6,0
1313,17273,470,7,0
1314,17273,471,8,0
1475,17273,472,9,0
2121,17273,474,10,0
1484,17273,476,11,0
1483,17273,478,12,1
1477,17274,455,1,0
1171,17274,460,2,0
1174,17274,464,3,0
1610,17274,466,4,0
1175,17274,468,5,0
1204,17274,468,6,0
1313,17274,470,7,0
1314,17274,471,8,0
1475,17274,472,9,0
2121,17274,474,10,0
1484,17274,476,11,0
1483,17274,478,12,1
1477,17275,455,1,0
1171,17275,460,2,0
1174,17275,464,3,0
1610,17275,466,4,0
1175,17275,468,5,0
1204,17275,468,6,0
1313,17275,470,7,0
1314,17275,471,8,0
1475,17275,472,9,0
2121,17275,474,10,0
1484,17275,476,11,0
1483,17275,478,12,1
1477,17276,455,1,0
1171,17276,460,2,0
1174,17276,464,3,0
1610,17276,466,4,0
1175,17276,468,5,0
1204,17276,468,6,0
1313,17276,470,7,0
1314,17276,471,8,0
1475,17276,472,9,0
2121,17276,474,10,0
1484,17276,476,11,0
1483,17276,478,12,1
1477,17277,455,1,0
1171,17277,460,2,0
1174,17277,464,3,0
1610,17277,466,4,0
1175,17277,468,5,0
1204,17277,468,6,0
1313,17277,470,7,0
1314,17277,471,8,0
1475,17277,472,9,0
2121,17277,474,10,0
1484,17277,476,11,0
1483,17277,478,12,1
1481,17278,960,1,0
1480,17278,962,2,0
1617,17278,963,3,0
1536,17278,964,4,0
1291,17278,965,5,0
1292,17278,967,6,0
1176,17278,968,7,0
1312,17278,969,8,0
1160,17278,970,9,0
1161,17278,972,10,0
1164,17278,976,11,0
1056,17278,982,12,1
1481,17279,960,1,0
1480,17279,962,2,0
1617,17279,963,3,0
1536,17279,964,4,0
1291,17279,965,5,0
1292,17279,967,6,0
1176,17279,968,7,0
1312,17279,969,8,0
1160,17279,970,9,0
1161,17279,972,10,0
1164,17279,976,11,0
1056,17279,982,12,1
1477,17259,480,1,0
1171,17259,485,2,0
1174,17259,489,3,0
1610,17259,490,4,0
1175,17259,492,5,0
1204,17259,492,6,0
1313,17259,494,7,0
1314,17259,495,8,0
1475,17259,496,9,0
2121,17259,498,10,0
1484,17259,500,11,0
1483,17259,502,12,1
1477,17256,468,1,0
1171,17256,473,2,0
1174,17256,477,3,0
1610,17256,479,4,0
1175,17256,481,5,0
1204,17256,481,6,0
1313,17256,483,7,0
1314,17256,484,8,0
1475,17256,485,9,0
2121,17256,487,10,0
1484,17256,489,11,0
1483,17256,491,12,1
1477,17255,468,1,0
1171,17255,473,2,0
1174,17255,477,3,0
1610,17255,479,4,0
1175,17255,481,5,0
1204,17255,481,6,0
1313,17255,483,7,0
1314,17255,484,8,0
1475,17255,485,9,0
2121,17255,487,10,0
1484,17255,489,11,0
1483,17255,491,12,1
1477,17258,480,1,0
1171,17258,485,2,0
1174,17258,489,3,0
1610,17258,490,4,0
1175,17258,492,5,0
1204,17258,492,6,0
1313,17258,494,7,0
1314,17258,495,8,0
1475,17258,496,9,0
2121,17258,498,10,0
1484,17258,500,11,0
1483,17258,502,12,1
1477,17257,468,1,0
1171,17257,473,2,0
1174,17257,477,3,0
1610,17257,479,4,0
1175,17257,481,5,0
1204,17257,481,6,0
1313,17257,483,7,0
1314,17257,484,8,0
1475,17257,485,9,0
2121,17257,487,10,0
1484,17257,489,11,0
1483,17257,491,12,1
1477,17254,468,1,0
1171,17254,473,2,0
1174,17254,477,3,0
1610,17254,479,4,0
1175,17254,481,5,0
1204,17254,481,6,0
1313,17254,483,7,0
1314,17254,484,8,0
1475,17254,485,9,0
2121,17254,487,10,0
1484,17254,489,11,0
1483,17254,491,12,1
1477,17253,468,1,0
1171,17253,473,2,0
1174,17253,477,3,0
1610,17253,479,4,0
1175,17253,481,5,0
1204,17253,481,6,0
1313,17253,483,7,0
1314,17253,484,8,0
1475,17253,485,9,0
2121,17253,487,10,0
1484,17253,489,11,0
1483,17253,491,12,1
1477,17312,545,1,0
1171,17312,550,2,0
1174,17312,554,3,0
1610,17312,555,4,0
1175,17312,556,5,0
1204,17312,557,6,0
1313,17312,558,7,0
1314,17312,559,8,0
1475,17312,560,9,0
2121,17312,562,10,0
1484,17312,564,11,0
1483,17312,566,12,1
1477,17313,507,1,0
1171,17313,512,2,0
1174,17313,516,3,0
1610,17313,517,4,0
1175,17313,519,5,0
1204,17313,519,6,0
1313,17313,521,7,0
1314,17313,522,8,0
1475,17313,523,9,0
2121,17313,525,10,0
1484,17313,527,11,0
1483,17313,529,12,1
1477,17310,545,1,0
1171,17310,550,2,0
1174,17310,554,3,0
1610,17310,555,4,0
1175,17310,556,5,0
1204,17310,557,6,0
1313,17310,558,7,0
1314,17310,559,8,0
1475,17310,560,9,0
2121,17310,562,10,0
1484,17310,564,11,0
1483,17310,566,12,1
1477,17311,545,1,0
1171,17311,550,2,0
1174,17311,554,3,0
1610,17311,555,4,0
1175,17311,556,5,0
1204,17311,557,6,0
1313,17311,558,7,0
1314,17311,559,8,0
1475,17311,560,9,0
2121,17311,562,10,0
1484,17311,564,11,0
1483,17311,566,12,1
1481,17319,1060,1,0
1480,17319,1062,2,0
1617,17319,1065,3,0
1536,17319,1066,4,0
1291,17319,1067,5,0
1292,17319,1069,6,0
1176,17319,1070,7,0
1312,17319,1071,8,0
1160,17319,1073,9,0
1161,17319,1075,10,0
1164,17319,1079,11,0
1056,17319,1086,12,1
1481,17318,1060,1,0
1480,17318,1062,2,0
1617,17318,1065,3,0
1536,17318,1066,4,0
1291,17318,1067,5,0
1292,17318,1069,6,0
1176,17318,1070,7,0
1312,17318,1071,8,0
1160,17318,1073,9,0
1161,17318,1075,10,0
1164,17318,1079,11,0
1056,17318,1086,12,1
1477,17317,507,1,0
1171,17317,512,2,0
1174,17317,516,3,0
1610,17317,517,4,0
1175,17317,519,5,0
1204,17317,519,6,0
1313,17317,521,7,0
1314,17317,522,8,0
1475,17317,523,9,0
2121,17317,525,10,0
1484,17317,527,11,0
1483,17317,529,12,1
1477,17316,507,1,0
1171,17316,512,2,0
1174,17316,516,3,0
1610,17316,517,4,0
1175,17316,519,5,0
1204,17316,519,6,0
1313,17316,521,7,0
1314,17316,522,8,0
1475,17316,523,9,0
2121,17316,525,10,0
1484,17316,527,11,0
1483,17316,529,12,1
1477,17315,507,1,0
1171,17315,512,2,0
1174,17315,516,3,0
1610,17315,517,4,0
1175,17315,519,5,0
1204,17315,519,6,0
1313,17315,521,7,0
1314,17315,522,8,0
1475,17315,523,9,0
2121,17315,525,10,0
1484,17315,527,11,0
1483,17315,529,12,1
1477,17314,507,1,0
1171,17314,512,2,0
1174,17314,516,3,0
1610,17314,517,4,0
1175,17314,519,5,0
1204,17314,519,6,0
1313,17314,521,7,0
1314,17314,522,8,0
1475,17314,523,9,0
2121,17314,525,10,0
1484,17314,527,11,0
1483,17314,529,12,1
1481,17300,1080,1,0
1480,17300,1082,2,0
1617,17300,1085,3,0
1536,17300,1086,4,0
1291,17300,1087,5,0
1292,17300,1089,6,0
1176,17300,1090,7,0
1312,17300,1091,8,0
1160,17300,1093,9,0
1161,17300,1095,10,0
1164,17300,1099,11,0
1056,17300,1106,12,1
1481,17301,1080,1,0
1480,17301,1082,2,0
1617,17301,1085,3,0
1536,17301,1086,4,0
1291,17301,1087,5,0
1292,17301,1089,6,0
1176,17301,1090,7,0
1312,17301,1091,8,0
1160,17301,1093,9,0
1161,17301,1095,10,0
1164,17301,1099,11,0
1056,17301,1106,12,1
1481,17302,1080,1,0
1480,17302,1082,2,0
1617,17302,1085,3,0
1536,17302,1086,4,0
1291,17302,1087,5,0
1292,17302,1089,6,0
1176,17302,1090,7,0
1312,17302,1091,8,0
1160,17302,1093,9,0
1161,17302,1095,10,0
1164,17302,1099,11,0
1056,17302,1106,12,1
1477,17308,545,1,0
1171,17308,550,2,0
1174,17308,554,3,0
1610,17308,555,4,0
1175,17308,556,5,0
1204,17308,557,6,0
1313,17308,558,7,0
1314,17308,559,8,0
1475,17308,560,9,0
2121,17308,562,10,0
1484,17308,564,11,0
1483,17308,566,12,1
1481,17307,1100,1,0
1480,17307,1102,2,0
1617,17307,1105,3,0
1536,17307,1106,4,0
1291,17307,1107,5,0
1292,17307,1109,6,0
1176,17307,1110,7,0
1312,17307,1111,8,0
1160,17307,1113,9,0
1161,17307,1114,10,0
1164,17307,1118,11,0
1056,17307,1125,12,1
1477,17309,545,1,0
1171,17309,550,2,0
1174,17309,554,3,0
1610,17309,555,4,0
1175,17309,556,5,0
1204,17309,557,6,0
1313,17309,558,7,0
1314,17309,559,8,0
1475,17309,560,9,0
2121,17309,562,10,0
1484,17309,564,11,0
1483,17309,566,12,1
1481,17304,1100,1,0
1480,17304,1102,2,0
1617,17304,1105,3,0
1536,17304,1106,4,0
1291,17304,1107,5,0
1292,17304,1109,6,0
1176,17304,1110,7,0
1312,17304,1111,8,0
1160,17304,1113,9,0
1161,17304,1114,10,0
1164,17304,1118,11,0
1056,17304,1125,12,1
1481,17303,1100,1,0
1480,17303,1102,2,0
1617,17303,1105,3,0
1536,17303,1106,4,0
1291,17303,1107,5,0
1292,17303,1109,6,0
1176,17303,1110,7,0
1312,17303,1111,8,0
1160,17303,1113,9,0
1161,17303,1114,10,0
1164,17303,1118,11,0
1056,17303,1125,12,1
1481,17306,1100,1,0
1480,17306,1102,2,0
1617,17306,1105,3,0
1536,17306,1106,4,0
1291,17306,1107,5,0
1292,17306,1109,6,0
1176,17306,1110,7,0
1312,17306,1111,8,0
1160,17306,1113,9,0
1161,17306,1114,10,0
1164,17306,1118,11,0
1056,17306,1125,12,1
1481,17305,1100,1,0
1480,17305,1102,2,0
1617,17305,1105,3,0
1536,17305,1106,4,0
1291,17305,1107,5,0
1292,17305,1109,6,0
1176,17305,1110,7,0
1312,17305,1111,8,0
1160,17305,1113,9,0
1161,17305,1114,10,0
1164,17305,1118,11,0
1056,17305,1125,12,1
1481,17330,1000,1,0
1480,17330,1002,2,0
1617,17330,1003,3,0
1536,17330,1004,4,0
1291,17330,1005,5,0
1292,17330,1007,6,0
1176,17330,1008,7,0
1312,17330,1009,8,0
1160,17330,1010,9,0
1161,17330,1012,10,0
1164,17330,1016,11,0
1056,17330,1022,12,1
1481,17331,1000,1,0
1480,17331,1002,2,0
1617,17331,1003,3,0
1536,17331,1004,4,0
1291,17331,1005,5,0
1292,17331,1007,6,0
1176,17331,1008,7,0
1312,17331,1009,8,0
1160,17331,1010,9,0
1161,17331,1012,10,0
1164,17331,1016,11,0
1056,17331,1022,12,1
1481,17332,1000,1,0
1480,17332,1002,2,0
1617,17332,1003,3,0
1536,17332,1004,4,0
1291,17332,1005,5,0
1292,17332,1007,6,0
1176,17332,1008,7,0
1312,17332,1009,8,0
1160,17332,1010,9,0
1161,17332,1012,10,0
1164,17332,1016,11,0
1056,17332,1022,12,1
1481,17320,1060,1,0
1480,17320,1062,2,0
1617,17320,1065,3,0
1536,17320,1066,4,0
1291,17320,1067,5,0
1292,17320,1069,6,0
1176,17320,1070,7,0
1312,17320,1071,8,0
1160,17320,1073,9,0
1161,17320,1075,10,0
1164,17320,1079,11,0
1056,17320,1086,12,1
1481,17321,1060,1,0
1480,17321,1062,2,0
1617,17321,1065,3,0
1536,17321,1066,4,0
1291,17321,1067,5,0
1292,17321,1069,6,0
1176,17321,1070,7,0
1312,17321,1071,8,0
1160,17321,1073,9,0
1161,17321,1075,10,0
1164,17321,1079,11,0
1056,17321,1086,12,1
1481,17322,1060,1,0
1480,17322,1062,2,0
1617,17322,1065,3,0
1536,17322,1066,4,0
1291,17322,1067,5,0
1292,17322,1069,6,0
1176,17322,1070,7,0
1312,17322,1071,8,0
1160,17322,1073,9,0
1161,17322,1075,10,0
1164,17322,1079,11,0
1056,17322,1086,12,1
1481,17323,1125,1,0
1480,17323,1127,2,0
1617,17323,1129,3,0
1536,17323,1130,4,0
1291,17323,1131,5,0
1292,17323,1133,6,0
1176,17323,1134,7,0
1312,17323,1135,8,0
1160,17323,1136,9,0
1161,17323,1137,10,0
1164,17323,1141,11,0
1056,17323,1147,12,1
1481,17324,1125,1,0
1480,17324,1127,2,0
1617,17324,1129,3,0
1536,17324,1130,4,0
1291,17324,1131,5,0
1292,17324,1133,6,0
1176,17324,1134,7,0
1312,17324,1135,8,0
1160,17324,1136,9,0
1161,17324,1137,10,0
1164,17324,1141,11,0
1056,17324,1147,12,1
1481,17326,1125,1,0
1480,17326,1127,2,0
1617,17326,1129,3,0
1536,17326,1130,4,0
1291,17326,1131,5,0
1292,17326,1133,6,0
1176,17326,1134,7,0
1312,17326,1135,8,0
1160,17326,1136,9,0
1161,17326,1137,10,0
1164,17326,1141,11,0
1056,17326,1147,12,1
1481,17325,1125,1,0
1480,17325,1127,2,0
1617,17325,1129,3,0
1536,17325,1130,4,0
1291,17325,1131,5,0
1292,17325,1133,6,0
1176,17325,1134,7,0
1312,17325,1135,8,0
1160,17325,1136,9,0
1161,17325,1137,10,0
1164,17325,1141,11,0
1056,17325,1147,12,1
1481,17328,1000,1,0
1480,17328,1002,2,0
1617,17328,1003,3,0
1536,17328,1004,4,0
1291,17328,1005,5,0
1292,17328,1007,6,0
1176,17328,1008,7,0
1312,17328,1009,8,0
1160,17328,1010,9,0
1161,17328,1012,10,0
1164,17328,1016,11,0
1056,17328,1022,12,1
1481,17327,1125,1,0
1480,17327,1127,2,0
1617,17327,1129,3,0
1536,17327,1130,4,0
1291,17327,1131,5,0
1292,17327,1133,6,0
1176,17327,1134,7,0
1312,17327,1135,8,0
1160,17327,1136,9,0
1161,17327,1137,10,0
1164,17327,1141,11,0
1056,17327,1147,12,1
1481,17329,1000,1,0
1480,17329,1002,2,0
1617,17329,1003,3,0
1536,17329,1004,4,0
1291,17329,1005,5,0
1292,17329,1007,6,0
1176,17329,1008,7,0
1312,17329,1009,8,0
1160,17329,1010,9,0
1161,17329,1012,10,0
1164,17329,1016,11,0
1056,17329,1022,12,1
