arret_id,trajet_id,heure_depart,stop_sequence,terminus
4604,17663,465,1,0
4605,17663,467,2,0
4606,17663,468,3,0
4607,17663,469,4,0
4609,17663,472,5,0
2451,17663,475,6,0
2432,17663,477,7,0
2431,17663,478,8,0
2406,17663,479,9,0
2430,17663,481,10,0
2410,17663,482,11,0
2411,17663,483,12,0
2827,17663,485,13,0
1485,17663,487,14,0
1486,17663,488,15,0
1261,17663,492,16,0
1011,17663,500,17,0
1606,17663,503,18,1
1606,17662,430,1,0
1279,17662,432,2,0
1280,17662,433,3,0
1281,17662,435,4,0
1490,17662,438,5,0
1491,17662,439,6,0
2829,17662,441,7,0
2412,17662,443,8,0
2413,17662,445,9,0
2436,17662,446,10,0
2417,17662,448,11,0
2435,17662,448,12,0
2434,17662,450,13,0
2458,17662,451,14,0
4610,17662,453,15,0
4608,17662,456,16,0
4601,17662,457,17,0
4602,17662,458,18,0
4603,17662,459,19,1
4604,17665,465,1,0
4605,17665,467,2,0
4606,17665,468,3,0
4607,17665,469,4,0
4609,17665,472,5,0
2451,17665,475,6,0
2432,17665,477,7,0
2431,17665,478,8,0
2406,17665,479,9,0
2430,17665,481,10,0
2410,17665,482,11,0
2411,17665,483,12,0
2827,17665,485,13,0
1485,17665,487,14,0
1486,17665,488,15,0
1261,17665,492,16,0
1011,17665,500,17,0
1606,17665,503,18,1
4604,17664,465,1,0
4605,17664,467,2,0
4606,17664,468,3,0
4607,17664,469,4,0
4609,17664,472,5,0
2451,17664,475,6,0
2432,17664,477,7,0
2431,17664,478,8,0
2406,17664,479,9,0
2430,17664,481,10,0
2410,17664,482,11,0
2411,17664,483,12,0
2827,17664,485,13,0
1485,17664,487,14,0
1486,17664,488,15,0
1261,17664,492,16,0
1011,17664,500,17,0
1606,17664,503,18,1
1606,17661,430,1,0
1279,17661,432,2,0
1280,17661,433,3,0
1281,17661,435,4,0
1490,17661,438,5,0
1491,17661,439,6,0
2829,17661,441,7,0
2412,17661,443,8,0
2413,17661,445,9,0
2436,17661,446,10,0
2417,17661,448,11,0
2435,17661,448,12,0
2434,17661,450,13,0
2458,17661,451,14,0
4610,17661,453,15,0
4608,17661,456,16,0
4601,17661,457,17,0
4602,17661,458,18,0
4603,17661,459,19,1
1606,17660,430,1,0
1279,17660,432,2,0
1280,17660,433,3,0
1281,17660,435,4,0
1490,17660,438,5,0
1491,17660,439,6,0
2829,17660,441,7,0
2412,17660,443,8,0
2413,17660,445,9,0
2436,17660,446,10,0
2417,17660,448,11,0
2435,17660,448,12,0
2434,17660,450,13,0
2458,17660,451,14,0
4610,17660,453,15,0
4608,17660,456,16,0
4601,17660,457,17,0
4602,17660,458,18,0
4603,17660,459,19,1
4604,17666,465,1,0
4605,17666,467,2,0
4606,17666,468,3,0
4607,17666,469,4,0
4609,17666,472,5,0
2451,17666,475,6,0
2432,17666,477,7,0
2431,17666,478,8,0
2406,17666,479,9,0
2430,17666,481,10,0
2410,17666,482,11,0
2411,17666,483,12,0
2827,17666,485,13,0
1485,17666,487,14,0
1486,17666,488,15,0
1261,17666,492,16,0
1011,17666,500,17,0
1606,17666,503,18,1
4604,17667,465,1,0
4605,17667,467,2,0
4606,17667,468,3,0
4607,17667,469,4,0
4609,17667,472,5,0
2451,17667,475,6,0
2432,17667,477,7,0
2431,17667,478,8,0
2406,17667,479,9,0
2430,17667,481,10,0
2410,17667,482,11,0
2411,17667,483,12,0
2827,17667,485,13,0
1485,17667,487,14,0
1486,17667,488,15,0
1261,17667,492,16,0
1011,17667,500,17,0
1606,17667,503,18,1
4604,17668,465,1,0
4605,17668,467,2,0
4606,17668,468,3,0
4607,17668,469,4,0
4609,17668,472,5,0
2451,17668,475,6,0
2432,17668,477,7,0
2431,17668,478,8,0
2406,17668,479,9,0
2430,17668,481,10,0
2410,17668,482,11,0
2411,17668,483,12,0
2827,17668,485,13,0
1485,17668,487,14,0
1486,17668,488,15,0
1261,17668,492,16,0
1011,17668,500,17,0
1606,17668,503,18,1
1606,17669,395,1,0
1279,17669,397,2,0
1280,17669,398,3,0
1281,17669,400,4,0
1490,17669,403,5,0
1491,17669,404,6,0
2829,17669,406,7,0
2412,17669,408,8,0
2413,17669,410,9,0
2436,17669,411,10,0
2417,17669,413,11,0
2435,17669,413,12,0
2434,17669,415,13,0
2458,17669,416,14,0
4610,17669,418,15,0
4608,17669,421,16,0
4601,17669,422,17,0
4602,17669,423,18,0
4603,17669,424,19,1
1606,17674,395,1,0
1279,17674,397,2,0
1280,17674,398,3,0
1281,17674,400,4,0
1490,17674,403,5,0
1491,17674,404,6,0
2829,17674,406,7,0
2412,17674,408,8,0
2413,17674,410,9,0
2436,17674,411,10,0
2417,17674,413,11,0
2435,17674,413,12,0
2434,17674,415,13,0
2458,17674,416,14,0
4610,17674,418,15,0
4608,17674,421,16,0
4601,17674,422,17,0
4602,17674,423,18,0
4603,17674,424,19,1
1606,17673,395,1,0
1279,17673,397,2,0
1280,17673,398,3,0
1281,17673,400,4,0
1490,17673,403,5,0
1491,17673,404,6,0
2829,17673,406,7,0
2412,17673,408,8,0
2413,17673,410,9,0
2436,17673,411,10,0
2417,17673,413,11,0
2435,17673,413,12,0
2434,17673,415,13,0
2458,17673,416,14,0
4610,17673,418,15,0
4608,17673,421,16,0
4601,17673,422,17,0
4602,17673,423,18,0
4603,17673,424,19,1
1606,17672,395,1,0
1279,17672,397,2,0
1280,17672,398,3,0
1281,17672,400,4,0
1490,17672,403,5,0
1491,17672,404,6,0
2829,17672,406,7,0
2412,17672,408,8,0
2413,17672,410,9,0
2436,17672,411,10,0
2417,17672,413,11,0
2435,17672,413,12,0
2434,17672,415,13,0
2458,17672,416,14,0
4610,17672,418,15,0
4608,17672,421,16,0
4601,17672,422,17,0
4602,17672,423,18,0
4603,17672,424,19,1
1606,17671,395,1,0
1279,17671,397,2,0
1280,17671,398,3,0
1281,17671,400,4,0
1490,17671,403,5,0
1491,17671,404,6,0
2829,17671,406,7,0
2412,17671,408,8,0
2413,17671,410,9,0
2436,17671,411,10,0
2417,17671,413,11,0
2435,17671,413,12,0
2434,17671,415,13,0
2458,17671,416,14,0
4610,17671,418,15,0
4608,17671,421,16,0
4601,17671,422,17,0
4602,17671,423,18,0
4603,17671,424,19,1
1606,17670,395,1,0
1279,17670,397,2,0
1280,17670,398,3,0
1281,17670,400,4,0
1490,17670,403,5,0
1491,17670,404,6,0
2829,17670,406,7,0
2412,17670,408,8,0
2413,17670,410,9,0
2436,17670,411,10,0
2417,17670,413,11,0
2435,17670,413,12,0
2434,17670,415,13,0
2458,17670,416,14,0
4610,17670,418,15,0
4608,17670,421,16,0
4601,17670,422,17,0
4602,17670,423,18,0
4603,17670,424,19,1
4604,17640,1062,1,0
4605,17640,1063,2,0
4606,17640,1064,3,0
4607,17640,1065,4,0
4609,17640,1068,5,0
2451,17640,1070,6,0
2432,17640,1071,7,0
2431,17640,1073,8,0
2406,17640,1073,9,0
2430,17640,1075,10,0
2410,17640,1076,11,0
2411,17640,1077,12,0
2827,17640,1079,13,0
1485,17640,1081,14,0
1486,17640,1082,15,0
1261,17640,1086,16,0
1011,17640,1093,17,0
1606,17640,1095,18,1
4604,17641,1062,1,0
4605,17641,1063,2,0
4606,17641,1064,3,0
4607,17641,1065,4,0
4609,17641,1068,5,0
2451,17641,1070,6,0
2432,17641,1071,7,0
2431,17641,1073,8,0
2406,17641,1073,9,0
2430,17641,1075,10,0
2410,17641,1076,11,0
2411,17641,1077,12,0
2827,17641,1079,13,0
1485,17641,1081,14,0
1486,17641,1082,15,0
1261,17641,1086,16,0
1011,17641,1093,17,0
1606,17641,1095,18,1
4604,17642,1062,1,0
4605,17642,1063,2,0
4606,17642,1064,3,0
4607,17642,1065,4,0
4609,17642,1068,5,0
2451,17642,1070,6,0
2432,17642,1071,7,0
2431,17642,1073,8,0
2406,17642,1073,9,0
2430,17642,1075,10,0
2410,17642,1076,11,0
2411,17642,1077,12,0
2827,17642,1079,13,0
1485,17642,1081,14,0
1486,17642,1082,15,0
1261,17642,1086,16,0
1011,17642,1093,17,0
1606,17642,1095,18,1
4604,17643,1062,1,0
4605,17643,1063,2,0
4606,17643,1064,3,0
4607,17643,1065,4,0
4609,17643,1068,5,0
2451,17643,1070,6,0
2432,17643,1071,7,0
2431,17643,1073,8,0
2406,17643,1073,9,0
2430,17643,1075,10,0
2410,17643,1076,11,0
2411,17643,1077,12,0
2827,17643,1079,13,0
1485,17643,1081,14,0
1486,17643,1082,15,0
1261,17643,1086,16,0
1011,17643,1093,17,0
1606,17643,1095,18,1
4604,17645,525,1,0
4605,17645,527,2,0
4606,17645,528,3,0
4607,17645,529,4,0
4609,17645,532,5,0
2451,17645,534,6,0
2432,17645,535,7,0
2431,17645,537,8,0
2406,17645,537,9,0
2430,17645,539,10,0
2410,17645,540,11,0
2411,17645,542,12,0
2827,17645,545,13,0
1485,17645,547,14,0
1486,17645,548,15,0
1261,17645,551,16,0
1011,17645,557,17,0
1606,17645,559,18,1
4604,17644,1062,1,0
4605,17644,1063,2,0
4606,17644,1064,3,0
4607,17644,1065,4,0
4609,17644,1068,5,0
2451,17644,1070,6,0
2432,17644,1071,7,0
2431,17644,1073,8,0
2406,17644,1073,9,0
2430,17644,1075,10,0
2410,17644,1076,11,0
2411,17644,1077,12,0
2827,17644,1079,13,0
1485,17644,1081,14,0
1486,17644,1082,15,0
1261,17644,1086,16,0
1011,17644,1093,17,0
1606,17644,1095,18,1
4604,17647,525,1,0
4605,17647,527,2,0
4606,17647,528,3,0
4607,17647,529,4,0
4609,17647,532,5,0
2451,17647,534,6,0
2432,17647,535,7,0
2431,17647,537,8,0
2406,17647,537,9,0
2430,17647,539,10,0
2410,17647,540,11,0
2411,17647,542,12,0
2827,17647,545,13,0
1485,17647,547,14,0
1486,17647,548,15,0
1261,17647,551,16,0
1011,17647,557,17,0
1606,17647,559,18,1
4604,17646,525,1,0
4605,17646,527,2,0
4606,17646,528,3,0
4607,17646,529,4,0
4609,17646,532,5,0
2451,17646,534,6,0
2432,17646,535,7,0
2431,17646,537,8,0
2406,17646,537,9,0
2430,17646,539,10,0
2410,17646,540,11,0
2411,17646,542,12,0
2827,17646,545,13,0
1485,17646,547,14,0
1486,17646,548,15,0
1261,17646,551,16,0
1011,17646,557,17,0
1606,17646,559,18,1
4604,17649,525,1,0
4605,17649,527,2,0
4606,17649,528,3,0
4607,17649,529,4,0
4609,17649,532,5,0
2451,17649,534,6,0
2432,17649,535,7,0
2431,17649,537,8,0
2406,17649,537,9,0
2430,17649,539,10,0
2410,17649,540,11,0
2411,17649,542,12,0
2827,17649,545,13,0
1485,17649,547,14,0
1486,17649,548,15,0
1261,17649,551,16,0
1011,17649,557,17,0
1606,17649,559,18,1
4604,17648,525,1,0
4605,17648,527,2,0
4606,17648,528,3,0
4607,17648,529,4,0
4609,17648,532,5,0
2451,17648,534,6,0
2432,17648,535,7,0
2431,17648,537,8,0
2406,17648,537,9,0
2430,17648,539,10,0
2410,17648,540,11,0
2411,17648,542,12,0
2827,17648,545,13,0
1485,17648,547,14,0
1486,17648,548,15,0
1261,17648,551,16,0
1011,17648,557,17,0
1606,17648,559,18,1
4604,17650,525,1,0
4605,17650,527,2,0
4606,17650,528,3,0
4607,17650,529,4,0
4609,17650,532,5,0
2451,17650,534,6,0
2432,17650,535,7,0
2431,17650,537,8,0
2406,17650,537,9,0
2430,17650,539,10,0
2410,17650,540,11,0
2411,17650,542,12,0
2827,17650,545,13,0
1485,17650,547,14,0
1486,17650,548,15,0
1261,17650,551,16,0
1011,17650,557,17,0
1606,17650,559,18,1
1606,17653,1175,1,0
1279,17653,1177,2,0
1280,17653,1178,3,0
1281,17653,1180,4,0
1490,17653,1183,5,0
1491,17653,1184,6,0
2829,17653,1186,7,0
2412,17653,1188,8,0
2413,17653,1189,9,0
2436,17653,1190,10,0
2417,17653,1192,11,0
2435,17653,1192,12,0
2434,17653,1194,13,0
2458,17653,1195,14,0
4610,17653,1197,15,0
4608,17653,1200,16,0
4601,17653,1201,17,0
4602,17653,1202,18,0
4603,17653,1203,19,1
1606,17654,1175,1,0
1279,17654,1177,2,0
1280,17654,1178,3,0
1281,17654,1180,4,0
1490,17654,1183,5,0
1491,17654,1184,6,0
2829,17654,1186,7,0
2412,17654,1188,8,0
2413,17654,1189,9,0
2436,17654,1190,10,0
2417,17654,1192,11,0
2435,17654,1192,12,0
2434,17654,1194,13,0
2458,17654,1195,14,0
4610,17654,1197,15,0
4608,17654,1200,16,0
4601,17654,1201,17,0
4602,17654,1202,18,0
4603,17654,1203,19,1
1606,17651,1175,1,0
1279,17651,1177,2,0
1280,17651,1178,3,0
1281,17651,1180,4,0
1490,17651,1183,5,0
1491,17651,1184,6,0
2829,17651,1186,7,0
2412,17651,1188,8,0
2413,17651,1189,9,0
2436,17651,1190,10,0
2417,17651,1192,11,0
2435,17651,1192,12,0
2434,17651,1194,13,0
2458,17651,1195,14,0
4610,17651,1197,15,0
4608,17651,1200,16,0
4601,17651,1201,17,0
4602,17651,1202,18,0
4603,17651,1203,19,1
1606,17652,1175,1,0
1279,17652,1177,2,0
1280,17652,1178,3,0
1281,17652,1180,4,0
1490,17652,1183,5,0
1491,17652,1184,6,0
2829,17652,1186,7,0
2412,17652,1188,8,0
2413,17652,1189,9,0
2436,17652,1190,10,0
2417,17652,1192,11,0
2435,17652,1192,12,0
2434,17652,1194,13,0
2458,17652,1195,14,0
4610,17652,1197,15,0
4608,17652,1200,16,0
4601,17652,1201,17,0
4602,17652,1202,18,0
4603,17652,1203,19,1
1606,17658,430,1,0
1279,17658,432,2,0
1280,17658,433,3,0
1281,17658,435,4,0
1490,17658,438,5,0
1491,17658,439,6,0
2829,17658,441,7,0
2412,17658,443,8,0
2413,17658,445,9,0
2436,17658,446,10,0
2417,17658,448,11,0
2435,17658,448,12,0
2434,17658,450,13,0
2458,17658,451,14,0
4610,17658,453,15,0
4608,17658,456,16,0
4601,17658,457,17,0
4602,17658,458,18,0
4603,17658,459,19,1
1606,17657,430,1,0
1279,17657,432,2,0
1280,17657,433,3,0
1281,17657,435,4,0
1490,17657,438,5,0
1491,17657,439,6,0
2829,17657,441,7,0
2412,17657,443,8,0
2413,17657,445,9,0
2436,17657,446,10,0
2417,17657,448,11,0
2435,17657,448,12,0
2434,17657,450,13,0
2458,17657,451,14,0
4610,17657,453,15,0
4608,17657,456,16,0
4601,17657,457,17,0
4602,17657,458,18,0
4603,17657,459,19,1
1606,17656,1175,1,0
1279,17656,1177,2,0
1280,17656,1178,3,0
1281,17656,1180,4,0
1490,17656,1183,5,0
1491,17656,1184,6,0
2829,17656,1186,7,0
2412,17656,1188,8,0
2413,17656,1189,9,0
2436,17656,1190,10,0
2417,17656,1192,11,0
2435,17656,1192,12,0
2434,17656,1194,13,0
2458,17656,1195,14,0
4610,17656,1197,15,0
4608,17656,1200,16,0
4601,17656,1201,17,0
4602,17656,1202,18,0
4603,17656,1203,19,1
1606,17655,1175,1,0
1279,17655,1177,2,0
1280,17655,1178,3,0
1281,17655,1180,4,0
1490,17655,1183,5,0
1491,17655,1184,6,0
2829,17655,1186,7,0
2412,17655,1188,8,0
2413,17655,1189,9,0
2436,17655,1190,10,0
2417,17655,1192,11,0
2435,17655,1192,12,0
2434,17655,1194,13,0
2458,17655,1195,14,0
4610,17655,1197,15,0
4608,17655,1200,16,0
4601,17655,1201,17,0
4602,17655,1202,18,0
4603,17655,1203,19,1
1606,17659,430,1,0
1279,17659,432,2,0
1280,17659,433,3,0
1281,17659,435,4,0
1490,17659,438,5,0
1491,17659,439,6,0
2829,17659,441,7,0
2412,17659,443,8,0
2413,17659,445,9,0
2436,17659,446,10,0
2417,17659,448,11,0
2435,17659,448,12,0
2434,17659,450,13,0
2458,17659,451,14,0
4610,17659,453,15,0
4608,17659,456,16,0
4601,17659,457,17,0
4602,17659,458,18,0
4603,17659,459,19,1
4604,17620,430,1,0
4605,17620,432,2,0
4606,17620,433,3,0
4607,17620,434,4,0
4609,17620,437,5,0
2451,17620,440,6,0
2432,17620,442,7,0
2431,17620,443,8,0
2406,17620,444,9,0
2430,17620,446,10,0
2410,17620,447,11,0
2411,17620,449,12,0
2827,17620,451,13,0
1485,17620,453,14,0
1486,17620,454,15,0
1261,17620,459,16,0
1011,17620,466,17,0
1606,17620,469,18,1
4604,17621,1140,1,0
4605,17621,1141,2,0
4606,17621,1142,3,0
4607,17621,1143,4,0
4609,17621,1146,5,0
2451,17621,1148,6,0
2432,17621,1149,7,0
2431,17621,1150,8,0
2406,17621,1151,9,0
2430,17621,1152,10,0
2410,17621,1153,11,0
2411,17621,1154,12,0
2827,17621,1156,13,0
1485,17621,1158,14,0
1486,17621,1159,15,0
1261,17621,1163,16,0
1011,17621,1168,17,0
1606,17621,1170,18,1
4604,17627,395,1,0
4605,17627,397,2,0
4606,17627,398,3,0
4607,17627,399,4,0
4609,17627,402,5,0
2451,17627,404,6,0
2432,17627,405,7,0
2431,17627,407,8,0
2406,17627,407,9,0
2430,17627,409,10,0
2410,17627,410,11,0
2411,17627,412,12,0
2827,17627,414,13,0
1485,17627,416,14,0
1486,17627,417,15,0
1261,17627,420,16,0
1011,17627,425,17,0
1606,17627,427,18,1
4604,17626,1140,1,0
4605,17626,1141,2,0
4606,17626,1142,3,0
4607,17626,1143,4,0
4609,17626,1146,5,0
2451,17626,1148,6,0
2432,17626,1149,7,0
2431,17626,1150,8,0
2406,17626,1151,9,0
2430,17626,1152,10,0
2410,17626,1153,11,0
2411,17626,1154,12,0
2827,17626,1156,13,0
1485,17626,1158,14,0
1486,17626,1159,15,0
1261,17626,1163,16,0
1011,17626,1168,17,0
1606,17626,1170,18,1
4604,17629,395,1,0
4605,17629,397,2,0
4606,17629,398,3,0
4607,17629,399,4,0
4609,17629,402,5,0
2451,17629,404,6,0
2432,17629,405,7,0
2431,17629,407,8,0
2406,17629,407,9,0
2430,17629,409,10,0
2410,17629,410,11,0
2411,17629,412,12,0
2827,17629,414,13,0
1485,17629,416,14,0
1486,17629,417,15,0
1261,17629,420,16,0
1011,17629,425,17,0
1606,17629,427,18,1
4604,17628,395,1,0
4605,17628,397,2,0
4606,17628,398,3,0
4607,17628,399,4,0
4609,17628,402,5,0
2451,17628,404,6,0
2432,17628,405,7,0
2431,17628,407,8,0
2406,17628,407,9,0
2430,17628,409,10,0
2410,17628,410,11,0
2411,17628,412,12,0
2827,17628,414,13,0
1485,17628,416,14,0
1486,17628,417,15,0
1261,17628,420,16,0
1011,17628,425,17,0
1606,17628,427,18,1
4604,17623,1140,1,0
4605,17623,1141,2,0
4606,17623,1142,3,0
4607,17623,1143,4,0
4609,17623,1146,5,0
2451,17623,1148,6,0
2432,17623,1149,7,0
2431,17623,1150,8,0
2406,17623,1151,9,0
2430,17623,1152,10,0
2410,17623,1153,11,0
2411,17623,1154,12,0
2827,17623,1156,13,0
1485,17623,1158,14,0
1486,17623,1159,15,0
1261,17623,1163,16,0
1011,17623,1168,17,0
1606,17623,1170,18,1
4604,17622,1140,1,0
4605,17622,1141,2,0
4606,17622,1142,3,0
4607,17622,1143,4,0
4609,17622,1146,5,0
2451,17622,1148,6,0
2432,17622,1149,7,0
2431,17622,1150,8,0
2406,17622,1151,9,0
2430,17622,1152,10,0
2410,17622,1153,11,0
2411,17622,1154,12,0
2827,17622,1156,13,0
1485,17622,1158,14,0
1486,17622,1159,15,0
1261,17622,1163,16,0
1011,17622,1168,17,0
1606,17622,1170,18,1
4604,17625,1140,1,0
4605,17625,1141,2,0
4606,17625,1142,3,0
4607,17625,1143,4,0
4609,17625,1146,5,0
2451,17625,1148,6,0
2432,17625,1149,7,0
2431,17625,1150,8,0
2406,17625,1151,9,0
2430,17625,1152,10,0
2410,17625,1153,11,0
2411,17625,1154,12,0
2827,17625,1156,13,0
1485,17625,1158,14,0
1486,17625,1159,15,0
1261,17625,1163,16,0
1011,17625,1168,17,0
1606,17625,1170,18,1
4604,17624,1140,1,0
4605,17624,1141,2,0
4606,17624,1142,3,0
4607,17624,1143,4,0
4609,17624,1146,5,0
2451,17624,1148,6,0
2432,17624,1149,7,0
2431,17624,1150,8,0
2406,17624,1151,9,0
2430,17624,1152,10,0
2410,17624,1153,11,0
2411,17624,1154,12,0
2827,17624,1156,13,0
1485,17624,1158,14,0
1486,17624,1159,15,0
1261,17624,1163,16,0
1011,17624,1168,17,0
1606,17624,1170,18,1
4604,17631,395,1,0
4605,17631,397,2,0
4606,17631,398,3,0
4607,17631,399,4,0
4609,17631,402,5,0
2451,17631,404,6,0
2432,17631,405,7,0
2431,17631,407,8,0
2406,17631,407,9,0
2430,17631,409,10,0
2410,17631,410,11,0
2411,17631,412,12,0
2827,17631,414,13,0
1485,17631,416,14,0
1486,17631,417,15,0
1261,17631,420,16,0
1011,17631,425,17,0
1606,17631,427,18,1
4604,17632,395,1,0
4605,17632,397,2,0
4606,17632,398,3,0
4607,17632,399,4,0
4609,17632,402,5,0
2451,17632,404,6,0
2432,17632,405,7,0
2431,17632,407,8,0
2406,17632,407,9,0
2430,17632,409,10,0
2410,17632,410,11,0
2411,17632,412,12,0
2827,17632,414,13,0
1485,17632,416,14,0
1486,17632,417,15,0
1261,17632,420,16,0
1011,17632,425,17,0
1606,17632,427,18,1
4604,17630,395,1,0
4605,17630,397,2,0
4606,17630,398,3,0
4607,17630,399,4,0
4609,17630,402,5,0
2451,17630,404,6,0
2432,17630,405,7,0
2431,17630,407,8,0
2406,17630,407,9,0
2430,17630,409,10,0
2410,17630,410,11,0
2411,17630,412,12,0
2827,17630,414,13,0
1485,17630,416,14,0
1486,17630,417,15,0
1261,17630,420,16,0
1011,17630,425,17,0
1606,17630,427,18,1
4604,17639,1062,1,0
4605,17639,1063,2,0
4606,17639,1064,3,0
4607,17639,1065,4,0
4609,17639,1068,5,0
2451,17639,1070,6,0
2432,17639,1071,7,0
2431,17639,1073,8,0
2406,17639,1073,9,0
2430,17639,1075,10,0
2410,17639,1076,11,0
2411,17639,1077,12,0
2827,17639,1079,13,0
1485,17639,1081,14,0
1486,17639,1082,15,0
1261,17639,1086,16,0
1011,17639,1093,17,0
1606,17639,1095,18,1
1606,17638,1020,1,0
1279,17638,1022,2,0
1280,17638,1024,3,0
1281,17638,1026,4,0
1490,17638,1033,5,0
1491,17638,1035,6,0
2829,17638,1037,7,0
2412,17638,1039,8,0
2413,17638,1041,9,0
2436,17638,1042,10,0
2417,17638,1044,11,0
2435,17638,1045,12,0
2434,17638,1046,13,0
2458,17638,1048,14,0
4610,17638,1051,15,0
4608,17638,1054,16,0
4601,17638,1055,17,0
4602,17638,1056,18,0
4603,17638,1058,19,1
1606,17637,1020,1,0
1279,17637,1022,2,0
1280,17637,1024,3,0
1281,17637,1026,4,0
1490,17637,1033,5,0
1491,17637,1035,6,0
2829,17637,1037,7,0
2412,17637,1039,8,0
2413,17637,1041,9,0
2436,17637,1042,10,0
2417,17637,1044,11,0
2435,17637,1045,12,0
2434,17637,1046,13,0
2458,17637,1048,14,0
4610,17637,1051,15,0
4608,17637,1054,16,0
4601,17637,1055,17,0
4602,17637,1056,18,0
4603,17637,1058,19,1
1606,17636,1020,1,0
1279,17636,1022,2,0
1280,17636,1024,3,0
1281,17636,1026,4,0
1490,17636,1033,5,0
1491,17636,1035,6,0
2829,17636,1037,7,0
2412,17636,1039,8,0
2413,17636,1041,9,0
2436,17636,1042,10,0
2417,17636,1044,11,0
2435,17636,1045,12,0
2434,17636,1046,13,0
2458,17636,1048,14,0
4610,17636,1051,15,0
4608,17636,1054,16,0
4601,17636,1055,17,0
4602,17636,1056,18,0
4603,17636,1058,19,1
1606,17635,1020,1,0
1279,17635,1022,2,0
1280,17635,1024,3,0
1281,17635,1026,4,0
1490,17635,1033,5,0
1491,17635,1035,6,0
2829,17635,1037,7,0
2412,17635,1039,8,0
2413,17635,1041,9,0
2436,17635,1042,10,0
2417,17635,1044,11,0
2435,17635,1045,12,0
2434,17635,1046,13,0
2458,17635,1048,14,0
4610,17635,1051,15,0
4608,17635,1054,16,0
4601,17635,1055,17,0
4602,17635,1056,18,0
4603,17635,1058,19,1
1606,17634,1020,1,0
1279,17634,1022,2,0
1280,17634,1024,3,0
1281,17634,1026,4,0
1490,17634,1033,5,0
1491,17634,1035,6,0
2829,17634,1037,7,0
2412,17634,1039,8,0
2413,17634,1041,9,0
2436,17634,1042,10,0
2417,17634,1044,11,0
2435,17634,1045,12,0
2434,17634,1046,13,0
2458,17634,1048,14,0
4610,17634,1051,15,0
4608,17634,1054,16,0
4601,17634,1055,17,0
4602,17634,1056,18,0
4603,17634,1058,19,1
1606,17633,1020,1,0
1279,17633,1022,2,0
1280,17633,1024,3,0
1281,17633,1026,4,0
1490,17633,1033,5,0
1491,17633,1035,6,0
2829,17633,1037,7,0
2412,17633,1039,8,0
2413,17633,1041,9,0
2436,17633,1042,10,0
2417,17633,1044,11,0
2435,17633,1045,12,0
2434,17633,1046,13,0
2458,17633,1048,14,0
4610,17633,1051,15,0
4608,17633,1054,16,0
4601,17633,1055,17,0
4602,17633,1056,18,0
4603,17633,1058,19,1
1606,17602,1050,1,0
1279,17602,1052,2,0
1280,17602,1054,3,0
1281,17602,1056,4,0
1490,17602,1063,5,0
1491,17602,1065,6,0
2829,17602,1067,7,0
2412,17602,1069,8,0
2413,17602,1071,9,0
2436,17602,1072,10,0
2417,17602,1075,11,0
2435,17602,1075,12,0
2434,17602,1077,13,0
2458,17602,1079,14,0
4610,17602,1082,15,0
4608,17602,1085,16,0
4601,17602,1086,17,0
4602,17602,1087,18,0
4603,17602,1089,19,1
1606,17603,1100,1,0
1279,17603,1102,2,0
1280,17603,1104,3,0
1281,17603,1106,4,0
1490,17603,1111,5,0
1491,17603,1112,6,0
2829,17603,1114,7,0
2412,17603,1116,8,0
2413,17603,1118,9,0
2436,17603,1119,10,0
2417,17603,1121,11,0
2435,17603,1122,12,0
2434,17603,1123,13,0
2458,17603,1125,14,0
4610,17603,1128,15,0
4608,17603,1131,16,0
4601,17603,1132,17,0
4602,17603,1133,18,0
4603,17603,1135,19,1
1606,17600,1050,1,0
1279,17600,1052,2,0
1280,17600,1054,3,0
1281,17600,1056,4,0
1490,17600,1063,5,0
1491,17600,1065,6,0
2829,17600,1067,7,0
2412,17600,1069,8,0
2413,17600,1071,9,0
2436,17600,1072,10,0
2417,17600,1075,11,0
2435,17600,1075,12,0
2434,17600,1077,13,0
2458,17600,1079,14,0
4610,17600,1082,15,0
4608,17600,1085,16,0
4601,17600,1086,17,0
4602,17600,1087,18,0
4603,17600,1089,19,1
1606,17601,1050,1,0
1279,17601,1052,2,0
1280,17601,1054,3,0
1281,17601,1056,4,0
1490,17601,1063,5,0
1491,17601,1065,6,0
2829,17601,1067,7,0
2412,17601,1069,8,0
2413,17601,1071,9,0
2436,17601,1072,10,0
2417,17601,1075,11,0
2435,17601,1075,12,0
2434,17601,1077,13,0
2458,17601,1079,14,0
4610,17601,1082,15,0
4608,17601,1085,16,0
4601,17601,1086,17,0
4602,17601,1087,18,0
4603,17601,1089,19,1
1606,17606,1100,1,0
1279,17606,1102,2,0
1280,17606,1104,3,0
1281,17606,1106,4,0
1490,17606,1111,5,0
1491,17606,1112,6,0
2829,17606,1114,7,0
2412,17606,1116,8,0
2413,17606,1118,9,0
2436,17606,1119,10,0
2417,17606,1121,11,0
2435,17606,1122,12,0
2434,17606,1123,13,0
2458,17606,1125,14,0
4610,17606,1128,15,0
4608,17606,1131,16,0
4601,17606,1132,17,0
4602,17606,1133,18,0
4603,17606,1135,19,1
1606,17607,1100,1,0
1279,17607,1102,2,0
1280,17607,1104,3,0
1281,17607,1106,4,0
1490,17607,1111,5,0
1491,17607,1112,6,0
2829,17607,1114,7,0
2412,17607,1116,8,0
2413,17607,1118,9,0
2436,17607,1119,10,0
2417,17607,1121,11,0
2435,17607,1122,12,0
2434,17607,1123,13,0
2458,17607,1125,14,0
4610,17607,1128,15,0
4608,17607,1131,16,0
4601,17607,1132,17,0
4602,17607,1133,18,0
4603,17607,1135,19,1
1606,17604,1100,1,0
1279,17604,1102,2,0
1280,17604,1104,3,0
1281,17604,1106,4,0
1490,17604,1111,5,0
1491,17604,1112,6,0
2829,17604,1114,7,0
2412,17604,1116,8,0
2413,17604,1118,9,0
2436,17604,1119,10,0
2417,17604,1121,11,0
2435,17604,1122,12,0
2434,17604,1123,13,0
2458,17604,1125,14,0
4610,17604,1128,15,0
4608,17604,1131,16,0
4601,17604,1132,17,0
4602,17604,1133,18,0
4603,17604,1135,19,1
1606,17605,1100,1,0
1279,17605,1102,2,0
1280,17605,1104,3,0
1281,17605,1106,4,0
1490,17605,1111,5,0
1491,17605,1112,6,0
2829,17605,1114,7,0
2412,17605,1116,8,0
2413,17605,1118,9,0
2436,17605,1119,10,0
2417,17605,1121,11,0
2435,17605,1122,12,0
2434,17605,1123,13,0
2458,17605,1125,14,0
4610,17605,1128,15,0
4608,17605,1131,16,0
4601,17605,1132,17,0
4602,17605,1133,18,0
4603,17605,1135,19,1
1606,17608,1100,1,0
1279,17608,1102,2,0
1280,17608,1104,3,0
1281,17608,1106,4,0
1490,17608,1111,5,0
1491,17608,1112,6,0
2829,17608,1114,7,0
2412,17608,1116,8,0
2413,17608,1118,9,0
2436,17608,1119,10,0
2417,17608,1121,11,0
2435,17608,1122,12,0
2434,17608,1123,13,0
2458,17608,1125,14,0
4610,17608,1128,15,0
4608,17608,1131,16,0
4601,17608,1132,17,0
4602,17608,1133,18,0
4603,17608,1135,19,1
1606,17609,1135,1,0
1279,17609,1137,2,0
1280,17609,1138,3,0
1281,17609,1140,4,0
1490,17609,1144,5,0
1491,17609,1145,6,0
2829,17609,1147,7,0
2412,17609,1149,8,0
2413,17609,1151,9,0
2436,17609,1152,10,0
2417,17609,1154,11,0
2435,17609,1154,12,0
2434,17609,1156,13,0
2458,17609,1157,14,0
4610,17609,1160,15,0
4608,17609,1163,16,0
4601,17609,1164,17,0
4602,17609,1165,18,0
4603,17609,1167,19,1
1606,17611,1135,1,0
1279,17611,1137,2,0
1280,17611,1138,3,0
1281,17611,1140,4,0
1490,17611,1144,5,0
1491,17611,1145,6,0
2829,17611,1147,7,0
2412,17611,1149,8,0
2413,17611,1151,9,0
2436,17611,1152,10,0
2417,17611,1154,11,0
2435,17611,1154,12,0
2434,17611,1156,13,0
2458,17611,1157,14,0
4610,17611,1160,15,0
4608,17611,1163,16,0
4601,17611,1164,17,0
4602,17611,1165,18,0
4603,17611,1167,19,1
1606,17612,1135,1,0
1279,17612,1137,2,0
1280,17612,1138,3,0
1281,17612,1140,4,0
1490,17612,1144,5,0
1491,17612,1145,6,0
2829,17612,1147,7,0
2412,17612,1149,8,0
2413,17612,1151,9,0
2436,17612,1152,10,0
2417,17612,1154,11,0
2435,17612,1154,12,0
2434,17612,1156,13,0
2458,17612,1157,14,0
4610,17612,1160,15,0
4608,17612,1163,16,0
4601,17612,1164,17,0
4602,17612,1165,18,0
4603,17612,1167,19,1
1606,17613,1135,1,0
1279,17613,1137,2,0
1280,17613,1138,3,0
1281,17613,1140,4,0
1490,17613,1144,5,0
1491,17613,1145,6,0
2829,17613,1147,7,0
2412,17613,1149,8,0
2413,17613,1151,9,0
2436,17613,1152,10,0
2417,17613,1154,11,0
2435,17613,1154,12,0
2434,17613,1156,13,0
2458,17613,1157,14,0
4610,17613,1160,15,0
4608,17613,1163,16,0
4601,17613,1164,17,0
4602,17613,1165,18,0
4603,17613,1167,19,1
1606,17614,1135,1,0
1279,17614,1137,2,0
1280,17614,1138,3,0
1281,17614,1140,4,0
1490,17614,1144,5,0
1491,17614,1145,6,0
2829,17614,1147,7,0
2412,17614,1149,8,0
2413,17614,1151,9,0
2436,17614,1152,10,0
2417,17614,1154,11,0
2435,17614,1154,12,0
2434,17614,1156,13,0
2458,17614,1157,14,0
4610,17614,1160,15,0
4608,17614,1163,16,0
4601,17614,1164,17,0
4602,17614,1165,18,0
4603,17614,1167,19,1
4604,17615,430,1,0
4605,17615,432,2,0
4606,17615,433,3,0
4607,17615,434,4,0
4609,17615,437,5,0
2451,17615,440,6,0
2432,17615,442,7,0
2431,17615,443,8,0
2406,17615,444,9,0
2430,17615,446,10,0
2410,17615,447,11,0
2411,17615,449,12,0
2827,17615,451,13,0
1485,17615,453,14,0
1486,17615,454,15,0
1261,17615,459,16,0
1011,17615,466,17,0
1606,17615,469,18,1
4604,17616,430,1,0
4605,17616,432,2,0
4606,17616,433,3,0
4607,17616,434,4,0
4609,17616,437,5,0
2451,17616,440,6,0
2432,17616,442,7,0
2431,17616,443,8,0
2406,17616,444,9,0
2430,17616,446,10,0
2410,17616,447,11,0
2411,17616,449,12,0
2827,17616,451,13,0
1485,17616,453,14,0
1486,17616,454,15,0
1261,17616,459,16,0
1011,17616,466,17,0
1606,17616,469,18,1
4604,17617,430,1,0
4605,17617,432,2,0
4606,17617,433,3,0
4607,17617,434,4,0
4609,17617,437,5,0
2451,17617,440,6,0
2432,17617,442,7,0
2431,17617,443,8,0
2406,17617,444,9,0
2430,17617,446,10,0
2410,17617,447,11,0
2411,17617,449,12,0
2827,17617,451,13,0
1485,17617,453,14,0
1486,17617,454,15,0
1261,17617,459,16,0
1011,17617,466,17,0
1606,17617,469,18,1
4604,17618,430,1,0
4605,17618,432,2,0
4606,17618,433,3,0
4607,17618,434,4,0
4609,17618,437,5,0
2451,17618,440,6,0
2432,17618,442,7,0
2431,17618,443,8,0
2406,17618,444,9,0
2430,17618,446,10,0
2410,17618,447,11,0
2411,17618,449,12,0
2827,17618,451,13,0
1485,17618,453,14,0
1486,17618,454,15,0
1261,17618,459,16,0
1011,17618,466,17,0
1606,17618,469,18,1
4604,17619,430,1,0
4605,17619,432,2,0
4606,17619,433,3,0
4607,17619,434,4,0
4609,17619,437,5,0
2451,17619,440,6,0
2432,17619,442,7,0
2431,17619,443,8,0
2406,17619,444,9,0
2430,17619,446,10,0
2410,17619,447,11,0
2411,17619,449,12,0
2827,17619,451,13,0
1485,17619,453,14,0
1486,17619,454,15,0
1261,17619,459,16,0
1011,17619,466,17,0
1606,17619,469,18,1
1606,17610,1135,1,0
1279,17610,1137,2,0
1280,17610,1138,3,0
1281,17610,1140,4,0
1490,17610,1144,5,0
1491,17610,1145,6,0
2829,17610,1147,7,0
2412,17610,1149,8,0
2413,17610,1151,9,0
2436,17610,1152,10,0
2417,17610,1154,11,0
2435,17610,1154,12,0
2434,17610,1156,13,0
2458,17610,1157,14,0
4610,17610,1160,15,0
4608,17610,1163,16,0
4601,17610,1164,17,0
4602,17610,1165,18,0
4603,17610,1167,19,1
4604,17580,415,1,0
4605,17580,417,2,0
4606,17580,418,3,0
4607,17580,419,4,0
4609,17580,422,5,0
2451,17580,424,6,0
2432,17580,425,7,0
2431,17580,427,8,0
2406,17580,427,9,0
2430,17580,429,10,0
2410,17580,430,11,0
2411,17580,432,12,0
2827,17580,434,13,0
1485,17580,436,14,0
1486,17580,437,15,0
1261,17580,441,16,0
1011,17580,446,17,0
1606,17580,448,18,1
4604,17584,415,1,0
4605,17584,417,2,0
4606,17584,418,3,0
4607,17584,419,4,0
4609,17584,422,5,0
2451,17584,424,6,0
2432,17584,425,7,0
2431,17584,427,8,0
2406,17584,427,9,0
2430,17584,429,10,0
2410,17584,430,11,0
2411,17584,432,12,0
2827,17584,434,13,0
1485,17584,436,14,0
1486,17584,437,15,0
1261,17584,441,16,0
1011,17584,446,17,0
1606,17584,448,18,1
4604,17583,415,1,0
4605,17583,417,2,0
4606,17583,418,3,0
4607,17583,419,4,0
4609,17583,422,5,0
2451,17583,424,6,0
2432,17583,425,7,0
2431,17583,427,8,0
2406,17583,427,9,0
2430,17583,429,10,0
2410,17583,430,11,0
2411,17583,432,12,0
2827,17583,434,13,0
1485,17583,436,14,0
1486,17583,437,15,0
1261,17583,441,16,0
1011,17583,446,17,0
1606,17583,448,18,1
4604,17582,415,1,0
4605,17582,417,2,0
4606,17582,418,3,0
4607,17582,419,4,0
4609,17582,422,5,0
2451,17582,424,6,0
2432,17582,425,7,0
2431,17582,427,8,0
2406,17582,427,9,0
2430,17582,429,10,0
2410,17582,430,11,0
2411,17582,432,12,0
2827,17582,434,13,0
1485,17582,436,14,0
1486,17582,437,15,0
1261,17582,441,16,0
1011,17582,446,17,0
1606,17582,448,18,1
4604,17581,415,1,0
4605,17581,417,2,0
4606,17581,418,3,0
4607,17581,419,4,0
4609,17581,422,5,0
2451,17581,424,6,0
2432,17581,425,7,0
2431,17581,427,8,0
2406,17581,427,9,0
2430,17581,429,10,0
2410,17581,430,11,0
2411,17581,432,12,0
2827,17581,434,13,0
1485,17581,436,14,0
1486,17581,437,15,0
1261,17581,441,16,0
1011,17581,446,17,0
1606,17581,448,18,1
1606,17588,735,1,0
1279,17588,737,2,0
1280,17588,739,3,0
1281,17588,741,4,0
1490,17588,745,5,0
1491,17588,746,6,0
2829,17588,748,7,0
2412,17588,750,8,0
2413,17588,752,9,0
2436,17588,753,10,0
2417,17588,755,11,0
2435,17588,755,12,0
2434,17588,757,13,0
2458,17588,758,14,0
4610,17588,760,15,0
4608,17588,763,16,0
4601,17588,764,17,0
4602,17588,765,18,0
4603,17588,767,19,1
1606,17587,735,1,0
1279,17587,737,2,0
1280,17587,739,3,0
1281,17587,741,4,0
1490,17587,745,5,0
1491,17587,746,6,0
2829,17587,748,7,0
2412,17587,750,8,0
2413,17587,752,9,0
2436,17587,753,10,0
2417,17587,755,11,0
2435,17587,755,12,0
2434,17587,757,13,0
2458,17587,758,14,0
4610,17587,760,15,0
4608,17587,763,16,0
4601,17587,764,17,0
4602,17587,765,18,0
4603,17587,767,19,1
1606,17586,735,1,0
1279,17586,737,2,0
1280,17586,739,3,0
1281,17586,741,4,0
1490,17586,745,5,0
1491,17586,746,6,0
2829,17586,748,7,0
2412,17586,750,8,0
2413,17586,752,9,0
2436,17586,753,10,0
2417,17586,755,11,0
2435,17586,755,12,0
2434,17586,757,13,0
2458,17586,758,14,0
4610,17586,760,15,0
4608,17586,763,16,0
4601,17586,764,17,0
4602,17586,765,18,0
4603,17586,767,19,1
1606,17585,735,1,0
1279,17585,737,2,0
1280,17585,739,3,0
1281,17585,741,4,0
1490,17585,745,5,0
1491,17585,746,6,0
2829,17585,748,7,0
2412,17585,750,8,0
2413,17585,752,9,0
2436,17585,753,10,0
2417,17585,755,11,0
2435,17585,755,12,0
2434,17585,757,13,0
2458,17585,758,14,0
4610,17585,760,15,0
4608,17585,763,16,0
4601,17585,764,17,0
4602,17585,765,18,0
4603,17585,767,19,1
1606,17589,735,1,0
1279,17589,737,2,0
1280,17589,739,3,0
1281,17589,741,4,0
1490,17589,745,5,0
1491,17589,746,6,0
2829,17589,748,7,0
2412,17589,750,8,0
2413,17589,752,9,0
2436,17589,753,10,0
2417,17589,755,11,0
2435,17589,755,12,0
2434,17589,757,13,0
2458,17589,758,14,0
4610,17589,760,15,0
4608,17589,763,16,0
4601,17589,764,17,0
4602,17589,765,18,0
4603,17589,767,19,1
1606,17591,970,1,0
1279,17591,972,2,0
1280,17591,974,3,0
1281,17591,976,4,0
1490,17591,980,5,0
1491,17591,981,6,0
2829,17591,983,7,0
2412,17591,985,8,0
2413,17591,987,9,0
2436,17591,988,10,0
2417,17591,990,11,0
2435,17591,991,12,0
2434,17591,992,13,0
2458,17591,994,14,0
4610,17591,997,15,0
4608,17591,1000,16,0
4601,17591,1001,17,0
4602,17591,1002,18,0
4603,17591,1004,19,1
1606,17590,735,1,0
1279,17590,737,2,0
1280,17590,739,3,0
1281,17590,741,4,0
1490,17590,745,5,0
1491,17590,746,6,0
2829,17590,748,7,0
2412,17590,750,8,0
2413,17590,752,9,0
2436,17590,753,10,0
2417,17590,755,11,0
2435,17590,755,12,0
2434,17590,757,13,0
2458,17590,758,14,0
4610,17590,760,15,0
4608,17590,763,16,0
4601,17590,764,17,0
4602,17590,765,18,0
4603,17590,767,19,1
1606,17593,970,1,0
1279,17593,972,2,0
1280,17593,974,3,0
1281,17593,976,4,0
1490,17593,980,5,0
1491,17593,981,6,0
2829,17593,983,7,0
2412,17593,985,8,0
2413,17593,987,9,0
2436,17593,988,10,0
2417,17593,990,11,0
2435,17593,991,12,0
2434,17593,992,13,0
2458,17593,994,14,0
4610,17593,997,15,0
4608,17593,1000,16,0
4601,17593,1001,17,0
4602,17593,1002,18,0
4603,17593,1004,19,1
1606,17592,970,1,0
1279,17592,972,2,0
1280,17592,974,3,0
1281,17592,976,4,0
1490,17592,980,5,0
1491,17592,981,6,0
2829,17592,983,7,0
2412,17592,985,8,0
2413,17592,987,9,0
2436,17592,988,10,0
2417,17592,990,11,0
2435,17592,991,12,0
2434,17592,992,13,0
2458,17592,994,14,0
4610,17592,997,15,0
4608,17592,1000,16,0
4601,17592,1001,17,0
4602,17592,1002,18,0
4603,17592,1004,19,1
1606,17595,970,1,0
1279,17595,972,2,0
1280,17595,974,3,0
1281,17595,976,4,0
1490,17595,980,5,0
1491,17595,981,6,0
2829,17595,983,7,0
2412,17595,985,8,0
2413,17595,987,9,0
2436,17595,988,10,0
2417,17595,990,11,0
2435,17595,991,12,0
2434,17595,992,13,0
2458,17595,994,14,0
4610,17595,997,15,0
4608,17595,1000,16,0
4601,17595,1001,17,0
4602,17595,1002,18,0
4603,17595,1004,19,1
1606,17594,970,1,0
1279,17594,972,2,0
1280,17594,974,3,0
1281,17594,976,4,0
1490,17594,980,5,0
1491,17594,981,6,0
2829,17594,983,7,0
2412,17594,985,8,0
2413,17594,987,9,0
2436,17594,988,10,0
2417,17594,990,11,0
2435,17594,991,12,0
2434,17594,992,13,0
2458,17594,994,14,0
4610,17594,997,15,0
4608,17594,1000,16,0
4601,17594,1001,17,0
4602,17594,1002,18,0
4603,17594,1004,19,1
1606,17597,1050,1,0
1279,17597,1052,2,0
1280,17597,1054,3,0
1281,17597,1056,4,0
1490,17597,1063,5,0
1491,17597,1065,6,0
2829,17597,1067,7,0
2412,17597,1069,8,0
2413,17597,1071,9,0
2436,17597,1072,10,0
2417,17597,1075,11,0
2435,17597,1075,12,0
2434,17597,1077,13,0
2458,17597,1079,14,0
4610,17597,1082,15,0
4608,17597,1085,16,0
4601,17597,1086,17,0
4602,17597,1087,18,0
4603,17597,1089,19,1
1606,17596,970,1,0
1279,17596,972,2,0
1280,17596,974,3,0
1281,17596,976,4,0
1490,17596,980,5,0
1491,17596,981,6,0
2829,17596,983,7,0
2412,17596,985,8,0
2413,17596,987,9,0
2436,17596,988,10,0
2417,17596,990,11,0
2435,17596,991,12,0
2434,17596,992,13,0
2458,17596,994,14,0
4610,17596,997,15,0
4608,17596,1000,16,0
4601,17596,1001,17,0
4602,17596,1002,18,0
4603,17596,1004,19,1
1606,17599,1050,1,0
1279,17599,1052,2,0
1280,17599,1054,3,0
1281,17599,1056,4,0
1490,17599,1063,5,0
1491,17599,1065,6,0
2829,17599,1067,7,0
2412,17599,1069,8,0
2413,17599,1071,9,0
2436,17599,1072,10,0
2417,17599,1075,11,0
2435,17599,1075,12,0
2434,17599,1077,13,0
2458,17599,1079,14,0
4610,17599,1082,15,0
4608,17599,1085,16,0
4601,17599,1086,17,0
4602,17599,1087,18,0
4603,17599,1089,19,1
1606,17598,1050,1,0
1279,17598,1052,2,0
1280,17598,1054,3,0
1281,17598,1056,4,0
1490,17598,1063,5,0
1491,17598,1065,6,0
2829,17598,1067,7,0
2412,17598,1069,8,0
2413,17598,1071,9,0
2436,17598,1072,10,0
2417,17598,1075,11,0
2435,17598,1075,12,0
2434,17598,1077,13,0
2458,17598,1079,14,0
4610,17598,1082,15,0
4608,17598,1085,16,0
4601,17598,1086,17,0
4602,17598,1087,18,0
4603,17598,1089,19,1
4604,17559,495,1,0
4605,17559,497,2,0
4606,17559,498,3,0
4607,17559,499,4,0
4609,17559,502,5,0
2451,17559,505,6,0
2432,17559,507,7,0
2431,17559,508,8,0
2406,17559,509,9,0
2430,17559,511,10,0
2410,17559,512,11,0
2411,17559,513,12,0
2827,17559,515,13,0
1485,17559,517,14,0
1486,17559,518,15,0
1261,17559,522,16,0
1011,17559,529,17,0
1606,17559,532,18,1
4604,17558,495,1,0
4605,17558,497,2,0
4606,17558,498,3,0
4607,17558,499,4,0
4609,17558,502,5,0
2451,17558,505,6,0
2432,17558,507,7,0
2431,17558,508,8,0
2406,17558,509,9,0
2430,17558,511,10,0
2410,17558,512,11,0
2411,17558,513,12,0
2827,17558,515,13,0
1485,17558,517,14,0
1486,17558,518,15,0
1261,17558,522,16,0
1011,17558,529,17,0
1606,17558,532,18,1
4604,17557,495,1,0
4605,17557,497,2,0
4606,17557,498,3,0
4607,17557,499,4,0
4609,17557,502,5,0
2451,17557,505,6,0
2432,17557,507,7,0
2431,17557,508,8,0
2406,17557,509,9,0
2430,17557,511,10,0
2410,17557,512,11,0
2411,17557,513,12,0
2827,17557,515,13,0
1485,17557,517,14,0
1486,17557,518,15,0
1261,17557,522,16,0
1011,17557,529,17,0
1606,17557,532,18,1
4604,17556,495,1,0
4605,17556,497,2,0
4606,17556,498,3,0
4607,17556,499,4,0
4609,17556,502,5,0
2451,17556,505,6,0
2432,17556,507,7,0
2431,17556,508,8,0
2406,17556,509,9,0
2430,17556,511,10,0
2410,17556,512,11,0
2411,17556,513,12,0
2827,17556,515,13,0
1485,17556,517,14,0
1486,17556,518,15,0
1261,17556,522,16,0
1011,17556,529,17,0
1606,17556,532,18,1
1606,17554,490,1,0
1279,17554,492,2,0
1280,17554,493,3,0
1281,17554,495,4,0
1490,17554,499,5,0
1491,17554,500,6,0
2829,17554,502,7,0
2412,17554,504,8,0
2413,17554,506,9,0
2436,17554,507,10,0
2417,17554,509,11,0
2435,17554,509,12,0
2434,17554,511,13,0
2458,17554,512,14,0
4610,17554,514,15,0
4608,17554,517,16,0
4601,17554,518,17,0
4602,17554,519,18,0
4603,17554,521,19,1
4604,17555,495,1,0
4605,17555,497,2,0
4606,17555,498,3,0
4607,17555,499,4,0
4609,17555,502,5,0
2451,17555,505,6,0
2432,17555,507,7,0
2431,17555,508,8,0
2406,17555,509,9,0
2430,17555,511,10,0
2410,17555,512,11,0
2411,17555,513,12,0
2827,17555,515,13,0
1485,17555,517,14,0
1486,17555,518,15,0
1261,17555,522,16,0
1011,17555,529,17,0
1606,17555,532,18,1
1606,17552,490,1,0
1279,17552,492,2,0
1280,17552,493,3,0
1281,17552,495,4,0
1490,17552,499,5,0
1491,17552,500,6,0
2829,17552,502,7,0
2412,17552,504,8,0
2413,17552,506,9,0
2436,17552,507,10,0
2417,17552,509,11,0
2435,17552,509,12,0
2434,17552,511,13,0
2458,17552,512,14,0
4610,17552,514,15,0
4608,17552,517,16,0
4601,17552,518,17,0
4602,17552,519,18,0
4603,17552,521,19,1
1606,17553,490,1,0
1279,17553,492,2,0
1280,17553,493,3,0
1281,17553,495,4,0
1490,17553,499,5,0
1491,17553,500,6,0
2829,17553,502,7,0
2412,17553,504,8,0
2413,17553,506,9,0
2436,17553,507,10,0
2417,17553,509,11,0
2435,17553,509,12,0
2434,17553,511,13,0
2458,17553,512,14,0
4610,17553,514,15,0
4608,17553,517,16,0
4601,17553,518,17,0
4602,17553,519,18,0
4603,17553,521,19,1
1606,17550,490,1,0
1279,17550,492,2,0
1280,17550,493,3,0
1281,17550,495,4,0
1490,17550,499,5,0
1491,17550,500,6,0
2829,17550,502,7,0
2412,17550,504,8,0
2413,17550,506,9,0
2436,17550,507,10,0
2417,17550,509,11,0
2435,17550,509,12,0
2434,17550,511,13,0
2458,17550,512,14,0
4610,17550,514,15,0
4608,17550,517,16,0
4601,17550,518,17,0
4602,17550,519,18,0
4603,17550,521,19,1
1606,17551,490,1,0
1279,17551,492,2,0
1280,17551,493,3,0
1281,17551,495,4,0
1490,17551,499,5,0
1491,17551,500,6,0
2829,17551,502,7,0
2412,17551,504,8,0
2413,17551,506,9,0
2436,17551,507,10,0
2417,17551,509,11,0
2435,17551,509,12,0
2434,17551,511,13,0
2458,17551,512,14,0
4610,17551,514,15,0
4608,17551,517,16,0
4601,17551,518,17,0
4602,17551,519,18,0
4603,17551,521,19,1
1606,17549,490,1,0
1279,17549,492,2,0
1280,17549,493,3,0
1281,17549,495,4,0
1490,17549,499,5,0
1491,17549,500,6,0
2829,17549,502,7,0
2412,17549,504,8,0
2413,17549,506,9,0
2436,17549,507,10,0
2417,17549,509,11,0
2435,17549,509,12,0
2434,17549,511,13,0
2458,17549,512,14,0
4610,17549,514,15,0
4608,17549,517,16,0
4601,17549,518,17,0
4602,17549,519,18,0
4603,17549,521,19,1
4604,17579,415,1,0
4605,17579,417,2,0
4606,17579,418,3,0
4607,17579,419,4,0
4609,17579,422,5,0
2451,17579,424,6,0
2432,17579,425,7,0
2431,17579,427,8,0
2406,17579,427,9,0
2430,17579,429,10,0
2410,17579,430,11,0
2411,17579,432,12,0
2827,17579,434,13,0
1485,17579,436,14,0
1486,17579,437,15,0
1261,17579,441,16,0
1011,17579,446,17,0
1606,17579,448,18,1
4604,17578,1100,1,0
4605,17578,1101,2,0
4606,17578,1102,3,0
4607,17578,1103,4,0
4609,17578,1106,5,0
2451,17578,1108,6,0
2432,17578,1109,7,0
2431,17578,1111,8,0
2406,17578,1111,9,0
2430,17578,1113,10,0
2410,17578,1114,11,0
2411,17578,1115,12,0
2827,17578,1117,13,0
1485,17578,1119,14,0
1486,17578,1120,15,0
1261,17578,1124,16,0
1011,17578,1129,17,0
1606,17578,1131,18,1
4604,17572,1010,1,0
4605,17572,1012,2,0
4606,17572,1013,3,0
4607,17572,1014,4,0
4609,17572,1017,5,0
2451,17572,1019,6,0
2432,17572,1020,7,0
2431,17572,1022,8,0
2406,17572,1022,9,0
2430,17572,1024,10,0
2410,17572,1025,11,0
2411,17572,1027,12,0
2827,17572,1029,13,0
1485,17572,1031,14,0
1486,17572,1032,15,0
1261,17572,1036,16,0
1011,17572,1043,17,0
1606,17572,1045,18,1
4604,17573,1100,1,0
4605,17573,1101,2,0
4606,17573,1102,3,0
4607,17573,1103,4,0
4609,17573,1106,5,0
2451,17573,1108,6,0
2432,17573,1109,7,0
2431,17573,1111,8,0
2406,17573,1111,9,0
2430,17573,1113,10,0
2410,17573,1114,11,0
2411,17573,1115,12,0
2827,17573,1117,13,0
1485,17573,1119,14,0
1486,17573,1120,15,0
1261,17573,1124,16,0
1011,17573,1129,17,0
1606,17573,1131,18,1
4604,17570,1010,1,0
4605,17570,1012,2,0
4606,17570,1013,3,0
4607,17570,1014,4,0
4609,17570,1017,5,0
2451,17570,1019,6,0
2432,17570,1020,7,0
2431,17570,1022,8,0
2406,17570,1022,9,0
2430,17570,1024,10,0
2410,17570,1025,11,0
2411,17570,1027,12,0
2827,17570,1029,13,0
1485,17570,1031,14,0
1486,17570,1032,15,0
1261,17570,1036,16,0
1011,17570,1043,17,0
1606,17570,1045,18,1
4604,17571,1010,1,0
4605,17571,1012,2,0
4606,17571,1013,3,0
4607,17571,1014,4,0
4609,17571,1017,5,0
2451,17571,1019,6,0
2432,17571,1020,7,0
2431,17571,1022,8,0
2406,17571,1022,9,0
2430,17571,1024,10,0
2410,17571,1025,11,0
2411,17571,1027,12,0
2827,17571,1029,13,0
1485,17571,1031,14,0
1486,17571,1032,15,0
1261,17571,1036,16,0
1011,17571,1043,17,0
1606,17571,1045,18,1
4604,17576,1100,1,0
4605,17576,1101,2,0
4606,17576,1102,3,0
4607,17576,1103,4,0
4609,17576,1106,5,0
2451,17576,1108,6,0
2432,17576,1109,7,0
2431,17576,1111,8,0
2406,17576,1111,9,0
2430,17576,1113,10,0
2410,17576,1114,11,0
2411,17576,1115,12,0
2827,17576,1117,13,0
1485,17576,1119,14,0
1486,17576,1120,15,0
1261,17576,1124,16,0
1011,17576,1129,17,0
1606,17576,1131,18,1
4604,17577,1100,1,0
4605,17577,1101,2,0
4606,17577,1102,3,0
4607,17577,1103,4,0
4609,17577,1106,5,0
2451,17577,1108,6,0
2432,17577,1109,7,0
2431,17577,1111,8,0
2406,17577,1111,9,0
2430,17577,1113,10,0
2410,17577,1114,11,0
2411,17577,1115,12,0
2827,17577,1117,13,0
1485,17577,1119,14,0
1486,17577,1120,15,0
1261,17577,1124,16,0
1011,17577,1129,17,0
1606,17577,1131,18,1
4604,17574,1100,1,0
4605,17574,1101,2,0
4606,17574,1102,3,0
4607,17574,1103,4,0
4609,17574,1106,5,0
2451,17574,1108,6,0
2432,17574,1109,7,0
2431,17574,1111,8,0
2406,17574,1111,9,0
2430,17574,1113,10,0
2410,17574,1114,11,0
2411,17574,1115,12,0
2827,17574,1117,13,0
1485,17574,1119,14,0
1486,17574,1120,15,0
1261,17574,1124,16,0
1011,17574,1129,17,0
1606,17574,1131,18,1
4604,17575,1100,1,0
4605,17575,1101,2,0
4606,17575,1102,3,0
4607,17575,1103,4,0
4609,17575,1106,5,0
2451,17575,1108,6,0
2432,17575,1109,7,0
2431,17575,1111,8,0
2406,17575,1111,9,0
2430,17575,1113,10,0
2410,17575,1114,11,0
2411,17575,1115,12,0
2827,17575,1117,13,0
1485,17575,1119,14,0
1486,17575,1120,15,0
1261,17575,1124,16,0
1011,17575,1129,17,0
1606,17575,1131,18,1
4604,17568,1010,1,0
4605,17568,1012,2,0
4606,17568,1013,3,0
4607,17568,1014,4,0
4609,17568,1017,5,0
2451,17568,1019,6,0
2432,17568,1020,7,0
2431,17568,1022,8,0
2406,17568,1022,9,0
2430,17568,1024,10,0
2410,17568,1025,11,0
2411,17568,1027,12,0
2827,17568,1029,13,0
1485,17568,1031,14,0
1486,17568,1032,15,0
1261,17568,1036,16,0
1011,17568,1043,17,0
1606,17568,1045,18,1
4604,17567,1010,1,0
4605,17567,1012,2,0
4606,17567,1013,3,0
4607,17567,1014,4,0
4609,17567,1017,5,0
2451,17567,1019,6,0
2432,17567,1020,7,0
2431,17567,1022,8,0
2406,17567,1022,9,0
2430,17567,1024,10,0
2410,17567,1025,11,0
2411,17567,1027,12,0
2827,17567,1029,13,0
1485,17567,1031,14,0
1486,17567,1032,15,0
1261,17567,1036,16,0
1011,17567,1043,17,0
1606,17567,1045,18,1
4604,17569,1010,1,0
4605,17569,1012,2,0
4606,17569,1013,3,0
4607,17569,1014,4,0
4609,17569,1017,5,0
2451,17569,1019,6,0
2432,17569,1020,7,0
2431,17569,1022,8,0
2406,17569,1022,9,0
2430,17569,1024,10,0
2410,17569,1025,11,0
2411,17569,1027,12,0
2827,17569,1029,13,0
1485,17569,1031,14,0
1486,17569,1032,15,0
1261,17569,1036,16,0
1011,17569,1043,17,0
1606,17569,1045,18,1
4604,17560,495,1,0
4605,17560,497,2,0
4606,17560,498,3,0
4607,17560,499,4,0
4609,17560,502,5,0
2451,17560,505,6,0
2432,17560,507,7,0
2431,17560,508,8,0
2406,17560,509,9,0
2430,17560,511,10,0
2410,17560,512,11,0
2411,17560,513,12,0
2827,17560,515,13,0
1485,17560,517,14,0
1486,17560,518,15,0
1261,17560,522,16,0
1011,17560,529,17,0
1606,17560,532,18,1
4604,17561,785,1,0
4605,17561,787,2,0
4606,17561,788,3,0
4607,17561,789,4,0
4609,17561,792,5,0
2451,17561,794,6,0
2432,17561,795,7,0
2431,17561,797,8,0
2406,17561,797,9,0
2430,17561,799,10,0
2410,17561,800,11,0
2411,17561,802,12,0
2827,17561,804,13,0
1485,17561,806,14,0
1486,17561,807,15,0
1261,17561,810,16,0
1011,17561,815,17,0
1606,17561,817,18,1
4604,17562,785,1,0
4605,17562,787,2,0
4606,17562,788,3,0
4607,17562,789,4,0
4609,17562,792,5,0
2451,17562,794,6,0
2432,17562,795,7,0
2431,17562,797,8,0
2406,17562,797,9,0
2430,17562,799,10,0
2410,17562,800,11,0
2411,17562,802,12,0
2827,17562,804,13,0
1485,17562,806,14,0
1486,17562,807,15,0
1261,17562,810,16,0
1011,17562,815,17,0
1606,17562,817,18,1
4604,17563,785,1,0
4605,17563,787,2,0
4606,17563,788,3,0
4607,17563,789,4,0
4609,17563,792,5,0
2451,17563,794,6,0
2432,17563,795,7,0
2431,17563,797,8,0
2406,17563,797,9,0
2430,17563,799,10,0
2410,17563,800,11,0
2411,17563,802,12,0
2827,17563,804,13,0
1485,17563,806,14,0
1486,17563,807,15,0
1261,17563,810,16,0
1011,17563,815,17,0
1606,17563,817,18,1
4604,17564,785,1,0
4605,17564,787,2,0
4606,17564,788,3,0
4607,17564,789,4,0
4609,17564,792,5,0
2451,17564,794,6,0
2432,17564,795,7,0
2431,17564,797,8,0
2406,17564,797,9,0
2430,17564,799,10,0
2410,17564,800,11,0
2411,17564,802,12,0
2827,17564,804,13,0
1485,17564,806,14,0
1486,17564,807,15,0
1261,17564,810,16,0
1011,17564,815,17,0
1606,17564,817,18,1
4604,17565,785,1,0
4605,17565,787,2,0
4606,17565,788,3,0
4607,17565,789,4,0
4609,17565,792,5,0
2451,17565,794,6,0
2432,17565,795,7,0
2431,17565,797,8,0
2406,17565,797,9,0
2430,17565,799,10,0
2410,17565,800,11,0
2411,17565,802,12,0
2827,17565,804,13,0
1485,17565,806,14,0
1486,17565,807,15,0
1261,17565,810,16,0
1011,17565,815,17,0
1606,17565,817,18,1
4604,17566,785,1,0
4605,17566,787,2,0
4606,17566,788,3,0
4607,17566,789,4,0
4609,17566,792,5,0
2451,17566,794,6,0
2432,17566,795,7,0
2431,17566,797,8,0
2406,17566,797,9,0
2430,17566,799,10,0
2410,17566,800,11,0
2411,17566,802,12,0
2827,17566,804,13,0
1485,17566,806,14,0
1486,17566,807,15,0
1261,17566,810,16,0
1011,17566,815,17,0
1606,17566,817,18,1
