arret_id,trajet_id,heure_depart,stop_sequence,terminus
2911,21779,425,1,0
2912,21779,426,2,0
2913,21779,428,3,0
2914,21779,429,4,0
2926,21779,431,5,0
1534,21779,441,6,1
2911,21778,425,1,0
2912,21778,426,2,0
2913,21778,428,3,0
2914,21778,429,4,0
2926,21778,431,5,0
1534,21778,441,6,1
2911,21777,425,1,0
2912,21777,426,2,0
2913,21777,428,3,0
2914,21777,429,4,0
2926,21777,431,5,0
1534,21777,441,6,1
2911,21781,425,1,0
2912,21781,426,2,0
2913,21781,428,3,0
2914,21781,429,4,0
2926,21781,431,5,0
1534,21781,441,6,1
2911,21780,425,1,0
2912,21780,426,2,0
2913,21780,428,3,0
2914,21780,429,4,0
2926,21780,431,5,0
1534,21780,441,6,1
2911,21783,445,1,0
2912,21783,446,2,0
2913,21783,448,3,0
2914,21783,449,4,0
2926,21783,451,5,0
1534,21783,461,6,1
2911,21782,425,1,0
2912,21782,426,2,0
2913,21782,428,3,0
2914,21782,429,4,0
2926,21782,431,5,0
1534,21782,441,6,1
2911,21785,445,1,0
2912,21785,446,2,0
2913,21785,448,3,0
2914,21785,449,4,0
2926,21785,451,5,0
1534,21785,461,6,1
2911,21784,445,1,0
2912,21784,446,2,0
2913,21784,448,3,0
2914,21784,449,4,0
2926,21784,451,5,0
1534,21784,461,6,1
2911,21787,445,1,0
2912,21787,446,2,0
2913,21787,448,3,0
2914,21787,449,4,0
2926,21787,451,5,0
1534,21787,461,6,1
2911,21786,445,1,0
2912,21786,446,2,0
2913,21786,448,3,0
2914,21786,449,4,0
2926,21786,451,5,0
1534,21786,461,6,1
2911,21789,495,1,0
2912,21789,496,2,0
2913,21789,498,3,0
2914,21789,499,4,0
2926,21789,501,5,0
1534,21789,513,6,1
2911,21788,445,1,0
2912,21788,446,2,0
2913,21788,448,3,0
2914,21788,449,4,0
2926,21788,451,5,0
1534,21788,461,6,1
2911,21794,495,1,0
2912,21794,496,2,0
2913,21794,498,3,0
2914,21794,499,4,0
2926,21794,501,5,0
1534,21794,513,6,1
2911,21793,495,1,0
2912,21793,496,2,0
2913,21793,498,3,0
2914,21793,499,4,0
2926,21793,501,5,0
1534,21793,513,6,1
2911,21792,495,1,0
2912,21792,496,2,0
2913,21792,498,3,0
2914,21792,499,4,0
2926,21792,501,5,0
1534,21792,513,6,1
2911,21791,495,1,0
2912,21791,496,2,0
2913,21791,498,3,0
2914,21791,499,4,0
2926,21791,501,5,0
1534,21791,513,6,1
1534,21798,1035,1,0
2942,21798,1047,2,0
2922,21798,1049,3,0
2923,21798,1050,4,0
2924,21798,1051,5,0
2927,21798,1052,6,1
1534,21797,1035,1,0
2942,21797,1047,2,0
2922,21797,1049,3,0
2923,21797,1050,4,0
2924,21797,1051,5,0
2927,21797,1052,6,1
1534,21796,1035,1,0
2942,21796,1047,2,0
2922,21796,1049,3,0
2923,21796,1050,4,0
2924,21796,1051,5,0
2927,21796,1052,6,1
1534,21795,1035,1,0
2942,21795,1047,2,0
2922,21795,1049,3,0
2923,21795,1050,4,0
2924,21795,1051,5,0
2927,21795,1052,6,1
1534,21799,1035,1,0
2942,21799,1047,2,0
2922,21799,1049,3,0
2923,21799,1050,4,0
2924,21799,1051,5,0
2927,21799,1052,6,1
2911,21790,495,1,0
2912,21790,496,2,0
2913,21790,498,3,0
2914,21790,499,4,0
2926,21790,501,5,0
1534,21790,513,6,1
2911,21829,480,1,0
2912,21829,481,2,0
2913,21829,483,3,0
2914,21829,484,4,0
2926,21829,486,5,0
1534,21829,498,6,1
2911,21830,480,1,0
2912,21830,481,2,0
2913,21830,483,3,0
2914,21830,484,4,0
2926,21830,486,5,0
1534,21830,498,6,1
1534,21818,1095,1,0
2942,21818,1109,2,0
2922,21818,1111,3,0
2923,21818,1112,4,0
2924,21818,1113,5,0
2927,21818,1114,6,1
1534,21819,1005,1,0
2942,21819,1017,2,0
2922,21819,1019,3,0
2923,21819,1020,4,0
2924,21819,1021,5,0
2927,21819,1022,6,1
2911,21828,480,1,0
2912,21828,481,2,0
2913,21828,483,3,0
2914,21828,484,4,0
2926,21828,486,5,0
1534,21828,498,6,1
2911,21827,480,1,0
2912,21827,481,2,0
2913,21827,483,3,0
2914,21827,484,4,0
2926,21827,486,5,0
1534,21827,498,6,1
2911,21826,480,1,0
2912,21826,481,2,0
2913,21826,483,3,0
2914,21826,484,4,0
2926,21826,486,5,0
1534,21826,498,6,1
2911,21825,480,1,0
2912,21825,481,2,0
2913,21825,483,3,0
2914,21825,484,4,0
2926,21825,486,5,0
1534,21825,498,6,1
1534,21824,1005,1,0
2942,21824,1017,2,0
2922,21824,1019,3,0
2923,21824,1020,4,0
2924,21824,1021,5,0
2927,21824,1022,6,1
1534,21823,1005,1,0
2942,21823,1017,2,0
2922,21823,1019,3,0
2923,21823,1020,4,0
2924,21823,1021,5,0
2927,21823,1022,6,1
1534,21822,1005,1,0
2942,21822,1017,2,0
2922,21822,1019,3,0
2923,21822,1020,4,0
2924,21822,1021,5,0
2927,21822,1022,6,1
1534,21821,1005,1,0
2942,21821,1017,2,0
2922,21821,1019,3,0
2923,21821,1020,4,0
2924,21821,1021,5,0
2927,21821,1022,6,1
1534,21820,1005,1,0
2942,21820,1017,2,0
2922,21820,1019,3,0
2923,21820,1020,4,0
2924,21820,1021,5,0
2927,21820,1022,6,1
1534,21807,1080,1,0
2942,21807,1094,2,0
2922,21807,1096,3,0
2923,21807,1097,4,0
2924,21807,1098,5,0
2927,21807,1099,6,1
1534,21808,1080,1,0
2942,21808,1094,2,0
2922,21808,1096,3,0
2923,21808,1097,4,0
2924,21808,1098,5,0
2927,21808,1099,6,1
1534,21809,1080,1,0
2942,21809,1094,2,0
2922,21809,1096,3,0
2923,21809,1097,4,0
2924,21809,1098,5,0
2927,21809,1099,6,1
1534,21811,1080,1,0
2942,21811,1094,2,0
2922,21811,1096,3,0
2923,21811,1097,4,0
2924,21811,1098,5,0
2927,21811,1099,6,1
1534,21810,1080,1,0
2942,21810,1094,2,0
2922,21810,1096,3,0
2923,21810,1097,4,0
2924,21810,1098,5,0
2927,21810,1099,6,1
1534,21813,1095,1,0
2942,21813,1109,2,0
2922,21813,1111,3,0
2923,21813,1112,4,0
2924,21813,1113,5,0
2927,21813,1114,6,1
1534,21812,1080,1,0
2942,21812,1094,2,0
2922,21812,1096,3,0
2923,21812,1097,4,0
2924,21812,1098,5,0
2927,21812,1099,6,1
1534,21815,1095,1,0
2942,21815,1109,2,0
2922,21815,1111,3,0
2923,21815,1112,4,0
2924,21815,1113,5,0
2927,21815,1114,6,1
1534,21814,1095,1,0
2942,21814,1109,2,0
2922,21814,1111,3,0
2923,21814,1112,4,0
2924,21814,1113,5,0
2927,21814,1114,6,1
1534,21817,1095,1,0
2942,21817,1109,2,0
2922,21817,1111,3,0
2923,21817,1112,4,0
2924,21817,1113,5,0
2927,21817,1114,6,1
1534,21816,1095,1,0
2942,21816,1109,2,0
2922,21816,1111,3,0
2923,21816,1112,4,0
2924,21816,1113,5,0
2927,21816,1114,6,1
1534,21802,1050,1,0
2942,21802,1062,2,0
2922,21802,1064,3,0
2923,21802,1065,4,0
2924,21802,1066,5,0
2927,21802,1067,6,1
1534,21801,1050,1,0
2942,21801,1062,2,0
2922,21801,1064,3,0
2923,21801,1065,4,0
2924,21801,1066,5,0
2927,21801,1067,6,1
1534,21800,1035,1,0
2942,21800,1047,2,0
2922,21800,1049,3,0
2923,21800,1050,4,0
2924,21800,1051,5,0
2927,21800,1052,6,1
1534,21806,1050,1,0
2942,21806,1062,2,0
2922,21806,1064,3,0
2923,21806,1065,4,0
2924,21806,1066,5,0
2927,21806,1067,6,1
1534,21805,1050,1,0
2942,21805,1062,2,0
2922,21805,1064,3,0
2923,21805,1065,4,0
2924,21805,1066,5,0
2927,21805,1067,6,1
1534,21804,1050,1,0
2942,21804,1062,2,0
2922,21804,1064,3,0
2923,21804,1065,4,0
2924,21804,1066,5,0
2927,21804,1067,6,1
1534,21803,1050,1,0
2942,21803,1062,2,0
2922,21803,1064,3,0
2923,21803,1065,4,0
2924,21803,1066,5,0
2927,21803,1067,6,1
