arret_id,trajet_id,heure_depart,stop_sequence,terminus
3028,10536,470,1,0
3027,10536,471,2,0
3032,10536,472,3,0
3002,10536,473,4,0
3037,10536,474,5,0
3006,10536,475,6,0
3036,10536,476,7,0
3034,10536,479,8,0
2035,10536,479,9,0
2033,10536,480,10,0
2061,10536,482,11,0
2062,10536,483,12,0
2063,10536,484,13,0
2064,10536,486,14,0
2065,10536,487,15,0
2022,10536,489,16,0
2023,10536,490,17,0
2066,10536,491,18,0
2067,10536,493,19,0
2068,10536,494,20,0
2008,10536,495,21,0
2009,10536,496,22,0
2074,10536,496,23,0
2049,10536,497,24,0
2043,10536,498,25,0
2044,10536,501,26,0
2045,10536,502,27,0
2121,10536,504,28,0
1631,10536,507,29,1
3028,10535,470,1,0
3027,10535,471,2,0
3032,10535,472,3,0
3002,10535,473,4,0
3037,10535,474,5,0
3006,10535,475,6,0
3036,10535,476,7,0
3034,10535,479,8,0
2035,10535,479,9,0
2033,10535,480,10,0
2061,10535,482,11,0
2062,10535,483,12,0
2063,10535,484,13,0
2064,10535,486,14,0
2065,10535,487,15,0
2022,10535,489,16,0
2023,10535,490,17,0
2066,10535,491,18,0
2067,10535,493,19,0
2068,10535,494,20,0
2008,10535,495,21,0
2009,10535,496,22,0
2074,10535,496,23,0
2049,10535,497,24,0
2043,10535,498,25,0
2044,10535,501,26,0
2045,10535,502,27,0
2121,10535,504,28,0
1631,10535,507,29,1
3028,10538,470,1,0
3027,10538,471,2,0
3032,10538,472,3,0
3002,10538,473,4,0
3037,10538,474,5,0
3006,10538,475,6,0
3036,10538,476,7,0
3034,10538,479,8,0
2035,10538,479,9,0
2033,10538,480,10,0
2061,10538,482,11,0
2062,10538,483,12,0
2063,10538,484,13,0
2064,10538,486,14,0
2065,10538,487,15,0
2022,10538,489,16,0
2023,10538,490,17,0
2066,10538,491,18,0
2067,10538,493,19,0
2068,10538,494,20,0
2008,10538,495,21,0
2009,10538,496,22,0
2074,10538,496,23,0
2049,10538,497,24,0
2043,10538,498,25,0
2044,10538,501,26,0
2045,10538,502,27,0
2121,10538,504,28,0
1631,10538,507,29,1
3028,10537,470,1,0
3027,10537,471,2,0
3032,10537,472,3,0
3002,10537,473,4,0
3037,10537,474,5,0
3006,10537,475,6,0
3036,10537,476,7,0
3034,10537,479,8,0
2035,10537,479,9,0
2033,10537,480,10,0
2061,10537,482,11,0
2062,10537,483,12,0
2063,10537,484,13,0
2064,10537,486,14,0
2065,10537,487,15,0
2022,10537,489,16,0
2023,10537,490,17,0
2066,10537,491,18,0
2067,10537,493,19,0
2068,10537,494,20,0
2008,10537,495,21,0
2009,10537,496,22,0
2074,10537,496,23,0
2049,10537,497,24,0
2043,10537,498,25,0
2044,10537,501,26,0
2045,10537,502,27,0
2121,10537,504,28,0
1631,10537,507,29,1
3028,10539,470,1,0
3027,10539,471,2,0
3032,10539,472,3,0
3002,10539,473,4,0
3037,10539,474,5,0
3006,10539,475,6,0
3036,10539,476,7,0
3034,10539,479,8,0
2035,10539,479,9,0
2033,10539,480,10,0
2061,10539,482,11,0
2062,10539,483,12,0
2063,10539,484,13,0
2064,10539,486,14,0
2065,10539,487,15,0
2022,10539,489,16,0
2023,10539,490,17,0
2066,10539,491,18,0
2067,10539,493,19,0
2068,10539,494,20,0
2008,10539,495,21,0
2009,10539,496,22,0
2074,10539,496,23,0
2049,10539,497,24,0
2043,10539,498,25,0
2044,10539,501,26,0
2045,10539,502,27,0
2121,10539,504,28,0
1631,10539,507,29,1
3028,10547,500,1,0
3027,10547,501,2,0
3032,10547,502,3,0
3002,10547,503,4,0
3037,10547,504,5,0
3006,10547,505,6,0
3036,10547,506,7,0
3034,10547,509,8,0
2035,10547,509,9,0
2033,10547,510,10,0
2061,10547,512,11,0
2062,10547,513,12,0
2063,10547,514,13,0
2064,10547,516,14,0
2065,10547,517,15,0
2022,10547,519,16,0
2023,10547,520,17,0
2066,10547,521,18,0
2067,10547,523,19,0
2068,10547,524,20,0
2008,10547,525,21,0
2009,10547,526,22,0
2074,10547,527,23,0
2049,10547,528,24,0
2043,10547,529,25,0
2044,10547,532,26,0
2045,10547,533,27,0
2121,10547,535,28,0
1631,10547,538,29,1
3028,10546,500,1,0
3027,10546,501,2,0
3032,10546,502,3,0
3002,10546,503,4,0
3037,10546,504,5,0
3006,10546,505,6,0
3036,10546,506,7,0
3034,10546,509,8,0
2035,10546,509,9,0
2033,10546,510,10,0
2061,10546,512,11,0
2062,10546,513,12,0
2063,10546,514,13,0
2064,10546,516,14,0
2065,10546,517,15,0
2022,10546,519,16,0
2023,10546,520,17,0
2066,10546,521,18,0
2067,10546,523,19,0
2068,10546,524,20,0
2008,10546,525,21,0
2009,10546,526,22,0
2074,10546,527,23,0
2049,10546,528,24,0
2043,10546,529,25,0
2044,10546,532,26,0
2045,10546,533,27,0
2121,10546,535,28,0
1631,10546,538,29,1
3028,10549,500,1,0
3027,10549,501,2,0
3032,10549,502,3,0
3002,10549,503,4,0
3037,10549,504,5,0
3006,10549,505,6,0
3036,10549,506,7,0
3034,10549,509,8,0
2035,10549,509,9,0
2033,10549,510,10,0
2061,10549,512,11,0
2062,10549,513,12,0
2063,10549,514,13,0
2064,10549,516,14,0
2065,10549,517,15,0
2022,10549,519,16,0
2023,10549,520,17,0
2066,10549,521,18,0
2067,10549,523,19,0
2068,10549,524,20,0
2008,10549,525,21,0
2009,10549,526,22,0
2074,10549,527,23,0
2049,10549,528,24,0
2043,10549,529,25,0
2044,10549,532,26,0
2045,10549,533,27,0
2121,10549,535,28,0
1631,10549,538,29,1
3028,10548,500,1,0
3027,10548,501,2,0
3032,10548,502,3,0
3002,10548,503,4,0
3037,10548,504,5,0
3006,10548,505,6,0
3036,10548,506,7,0
3034,10548,509,8,0
2035,10548,509,9,0
2033,10548,510,10,0
2061,10548,512,11,0
2062,10548,513,12,0
2063,10548,514,13,0
2064,10548,516,14,0
2065,10548,517,15,0
2022,10548,519,16,0
2023,10548,520,17,0
2066,10548,521,18,0
2067,10548,523,19,0
2068,10548,524,20,0
2008,10548,525,21,0
2009,10548,526,22,0
2074,10548,527,23,0
2049,10548,528,24,0
2043,10548,529,25,0
2044,10548,532,26,0
2045,10548,533,27,0
2121,10548,535,28,0
1631,10548,538,29,1
3028,10541,440,1,0
3027,10541,441,2,0
3032,10541,442,3,0
3002,10541,443,4,0
3037,10541,444,5,0
3006,10541,445,6,0
3036,10541,446,7,0
3034,10541,449,8,0
2035,10541,449,9,0
2033,10541,450,10,0
2061,10541,451,11,0
2062,10541,452,12,0
2063,10541,453,13,0
2064,10541,455,14,0
2065,10541,456,15,0
2022,10541,458,16,0
2023,10541,458,17,0
2066,10541,460,18,0
2067,10541,461,19,0
2068,10541,462,20,0
2008,10541,463,21,0
2009,10541,464,22,0
2074,10541,464,23,0
2049,10541,465,24,0
2043,10541,466,25,0
2044,10541,469,26,0
2045,10541,470,27,0
2121,10541,472,28,0
1631,10541,475,29,1
3028,10540,440,1,0
3027,10540,441,2,0
3032,10540,442,3,0
3002,10540,443,4,0
3037,10540,444,5,0
3006,10540,445,6,0
3036,10540,446,7,0
3034,10540,449,8,0
2035,10540,449,9,0
2033,10540,450,10,0
2061,10540,451,11,0
2062,10540,452,12,0
2063,10540,453,13,0
2064,10540,455,14,0
2065,10540,456,15,0
2022,10540,458,16,0
2023,10540,458,17,0
2066,10540,460,18,0
2067,10540,461,19,0
2068,10540,462,20,0
2008,10540,463,21,0
2009,10540,464,22,0
2074,10540,464,23,0
2049,10540,465,24,0
2043,10540,466,25,0
2044,10540,469,26,0
2045,10540,470,27,0
2121,10540,472,28,0
1631,10540,475,29,1
3028,10543,440,1,0
3027,10543,441,2,0
3032,10543,442,3,0
3002,10543,443,4,0
3037,10543,444,5,0
3006,10543,445,6,0
3036,10543,446,7,0
3034,10543,449,8,0
2035,10543,449,9,0
2033,10543,450,10,0
2061,10543,451,11,0
2062,10543,452,12,0
2063,10543,453,13,0
2064,10543,455,14,0
2065,10543,456,15,0
2022,10543,458,16,0
2023,10543,458,17,0
2066,10543,460,18,0
2067,10543,461,19,0
2068,10543,462,20,0
2008,10543,463,21,0
2009,10543,464,22,0
2074,10543,464,23,0
2049,10543,465,24,0
2043,10543,466,25,0
2044,10543,469,26,0
2045,10543,470,27,0
2121,10543,472,28,0
1631,10543,475,29,1
3028,10542,440,1,0
3027,10542,441,2,0
3032,10542,442,3,0
3002,10542,443,4,0
3037,10542,444,5,0
3006,10542,445,6,0
3036,10542,446,7,0
3034,10542,449,8,0
2035,10542,449,9,0
2033,10542,450,10,0
2061,10542,451,11,0
2062,10542,452,12,0
2063,10542,453,13,0
2064,10542,455,14,0
2065,10542,456,15,0
2022,10542,458,16,0
2023,10542,458,17,0
2066,10542,460,18,0
2067,10542,461,19,0
2068,10542,462,20,0
2008,10542,463,21,0
2009,10542,464,22,0
2074,10542,464,23,0
2049,10542,465,24,0
2043,10542,466,25,0
2044,10542,469,26,0
2045,10542,470,27,0
2121,10542,472,28,0
1631,10542,475,29,1
3028,10545,500,1,0
3027,10545,501,2,0
3032,10545,502,3,0
3002,10545,503,4,0
3037,10545,504,5,0
3006,10545,505,6,0
3036,10545,506,7,0
3034,10545,509,8,0
2035,10545,509,9,0
2033,10545,510,10,0
2061,10545,512,11,0
2062,10545,513,12,0
2063,10545,514,13,0
2064,10545,516,14,0
2065,10545,517,15,0
2022,10545,519,16,0
2023,10545,520,17,0
2066,10545,521,18,0
2067,10545,523,19,0
2068,10545,524,20,0
2008,10545,525,21,0
2009,10545,526,22,0
2074,10545,527,23,0
2049,10545,528,24,0
2043,10545,529,25,0
2044,10545,532,26,0
2045,10545,533,27,0
2121,10545,535,28,0
1631,10545,538,29,1
3028,10544,440,1,0
3027,10544,441,2,0
3032,10544,442,3,0
3002,10544,443,4,0
3037,10544,444,5,0
3006,10544,445,6,0
3036,10544,446,7,0
3034,10544,449,8,0
2035,10544,449,9,0
2033,10544,450,10,0
2061,10544,451,11,0
2062,10544,452,12,0
2063,10544,453,13,0
2064,10544,455,14,0
2065,10544,456,15,0
2022,10544,458,16,0
2023,10544,458,17,0
2066,10544,460,18,0
2067,10544,461,19,0
2068,10544,462,20,0
2008,10544,463,21,0
2009,10544,464,22,0
2074,10544,464,23,0
2049,10544,465,24,0
2043,10544,466,25,0
2044,10544,469,26,0
2045,10544,470,27,0
2121,10544,472,28,0
1631,10544,475,29,1
3028,10590,1000,1,0
3027,10590,1001,2,0
3032,10590,1002,3,0
3002,10590,1003,4,0
3037,10590,1003,5,0
3006,10590,1004,6,0
3036,10590,1005,7,0
3034,10590,1008,8,0
2035,10590,1008,9,0
2033,10590,1009,10,0
2061,10590,1011,11,0
2062,10590,1012,12,0
2063,10590,1013,13,0
2064,10590,1015,14,0
2065,10590,1016,15,0
2022,10590,1018,16,0
2023,10590,1019,17,0
2066,10590,1020,18,0
2067,10590,1022,19,0
2068,10590,1023,20,0
2008,10590,1024,21,0
2009,10590,1024,22,0
2074,10590,1025,23,0
2049,10590,1026,24,0
2043,10590,1027,25,0
2044,10590,1029,26,0
2045,10590,1030,27,0
2121,10590,1032,28,0
1631,10590,1035,29,1
3028,10592,1000,1,0
3027,10592,1001,2,0
3032,10592,1002,3,0
3002,10592,1003,4,0
3037,10592,1003,5,0
3006,10592,1004,6,0
3036,10592,1005,7,0
3034,10592,1008,8,0
2035,10592,1008,9,0
2033,10592,1009,10,0
2061,10592,1011,11,0
2062,10592,1012,12,0
2063,10592,1013,13,0
2064,10592,1015,14,0
2065,10592,1016,15,0
2022,10592,1018,16,0
2023,10592,1019,17,0
2066,10592,1020,18,0
2067,10592,1022,19,0
2068,10592,1023,20,0
2008,10592,1024,21,0
2009,10592,1024,22,0
2074,10592,1025,23,0
2049,10592,1026,24,0
2043,10592,1027,25,0
2044,10592,1029,26,0
2045,10592,1030,27,0
2121,10592,1032,28,0
1631,10592,1035,29,1
3028,10591,1000,1,0
3027,10591,1001,2,0
3032,10591,1002,3,0
3002,10591,1003,4,0
3037,10591,1003,5,0
3006,10591,1004,6,0
3036,10591,1005,7,0
3034,10591,1008,8,0
2035,10591,1008,9,0
2033,10591,1009,10,0
2061,10591,1011,11,0
2062,10591,1012,12,0
2063,10591,1013,13,0
2064,10591,1015,14,0
2065,10591,1016,15,0
2022,10591,1018,16,0
2023,10591,1019,17,0
2066,10591,1020,18,0
2067,10591,1022,19,0
2068,10591,1023,20,0
2008,10591,1024,21,0
2009,10591,1024,22,0
2074,10591,1025,23,0
2049,10591,1026,24,0
2043,10591,1027,25,0
2044,10591,1029,26,0
2045,10591,1030,27,0
2121,10591,1032,28,0
1631,10591,1035,29,1
3028,10594,1000,1,0
3027,10594,1001,2,0
3032,10594,1002,3,0
3002,10594,1003,4,0
3037,10594,1003,5,0
3006,10594,1004,6,0
3036,10594,1005,7,0
3034,10594,1008,8,0
2035,10594,1008,9,0
2033,10594,1009,10,0
2061,10594,1011,11,0
2062,10594,1012,12,0
2063,10594,1013,13,0
2064,10594,1015,14,0
2065,10594,1016,15,0
2022,10594,1018,16,0
2023,10594,1019,17,0
2066,10594,1020,18,0
2067,10594,1022,19,0
2068,10594,1023,20,0
2008,10594,1024,21,0
2009,10594,1024,22,0
2074,10594,1025,23,0
2049,10594,1026,24,0
2043,10594,1027,25,0
2044,10594,1029,26,0
2045,10594,1030,27,0
2121,10594,1032,28,0
1631,10594,1035,29,1
3028,10593,1000,1,0
3027,10593,1001,2,0
3032,10593,1002,3,0
3002,10593,1003,4,0
3037,10593,1003,5,0
3006,10593,1004,6,0
3036,10593,1005,7,0
3034,10593,1008,8,0
2035,10593,1008,9,0
2033,10593,1009,10,0
2061,10593,1011,11,0
2062,10593,1012,12,0
2063,10593,1013,13,0
2064,10593,1015,14,0
2065,10593,1016,15,0
2022,10593,1018,16,0
2023,10593,1019,17,0
2066,10593,1020,18,0
2067,10593,1022,19,0
2068,10593,1023,20,0
2008,10593,1024,21,0
2009,10593,1024,22,0
2074,10593,1025,23,0
2049,10593,1026,24,0
2043,10593,1027,25,0
2044,10593,1029,26,0
2045,10593,1030,27,0
2121,10593,1032,28,0
1631,10593,1035,29,1
3028,10596,1055,1,0
3027,10596,1056,2,0
3032,10596,1057,3,0
3002,10596,1058,4,0
3037,10596,1058,5,0
3006,10596,1059,6,0
3036,10596,1060,7,0
3034,10596,1063,8,0
2035,10596,1063,9,0
2033,10596,1065,10,0
2061,10596,1067,11,0
2062,10596,1068,12,0
2063,10596,1069,13,0
2064,10596,1071,14,0
2065,10596,1072,15,0
2022,10596,1074,16,0
2023,10596,1075,17,0
2066,10596,1076,18,0
2067,10596,1078,19,0
2068,10596,1079,20,0
2008,10596,1080,21,0
2009,10596,1081,22,0
2074,10596,1081,23,0
2049,10596,1082,24,0
2043,10596,1083,25,0
2044,10596,1086,26,0
2045,10596,1087,27,0
2121,10596,1090,28,0
1631,10596,1095,29,1
3028,10595,1055,1,0
3027,10595,1056,2,0
3032,10595,1057,3,0
3002,10595,1058,4,0
3037,10595,1058,5,0
3006,10595,1059,6,0
3036,10595,1060,7,0
3034,10595,1063,8,0
2035,10595,1063,9,0
2033,10595,1065,10,0
2061,10595,1067,11,0
2062,10595,1068,12,0
2063,10595,1069,13,0
2064,10595,1071,14,0
2065,10595,1072,15,0
2022,10595,1074,16,0
2023,10595,1075,17,0
2066,10595,1076,18,0
2067,10595,1078,19,0
2068,10595,1079,20,0
2008,10595,1080,21,0
2009,10595,1081,22,0
2074,10595,1081,23,0
2049,10595,1082,24,0
2043,10595,1083,25,0
2044,10595,1086,26,0
2045,10595,1087,27,0
2121,10595,1090,28,0
1631,10595,1095,29,1
3028,10598,1055,1,0
3027,10598,1056,2,0
3032,10598,1057,3,0
3002,10598,1058,4,0
3037,10598,1058,5,0
3006,10598,1059,6,0
3036,10598,1060,7,0
3034,10598,1063,8,0
2035,10598,1063,9,0
2033,10598,1065,10,0
2061,10598,1067,11,0
2062,10598,1068,12,0
2063,10598,1069,13,0
2064,10598,1071,14,0
2065,10598,1072,15,0
2022,10598,1074,16,0
2023,10598,1075,17,0
2066,10598,1076,18,0
2067,10598,1078,19,0
2068,10598,1079,20,0
2008,10598,1080,21,0
2009,10598,1081,22,0
2074,10598,1081,23,0
2049,10598,1082,24,0
2043,10598,1083,25,0
2044,10598,1086,26,0
2045,10598,1087,27,0
2121,10598,1090,28,0
1631,10598,1095,29,1
3028,10597,1055,1,0
3027,10597,1056,2,0
3032,10597,1057,3,0
3002,10597,1058,4,0
3037,10597,1058,5,0
3006,10597,1059,6,0
3036,10597,1060,7,0
3034,10597,1063,8,0
2035,10597,1063,9,0
2033,10597,1065,10,0
2061,10597,1067,11,0
2062,10597,1068,12,0
2063,10597,1069,13,0
2064,10597,1071,14,0
2065,10597,1072,15,0
2022,10597,1074,16,0
2023,10597,1075,17,0
2066,10597,1076,18,0
2067,10597,1078,19,0
2068,10597,1079,20,0
2008,10597,1080,21,0
2009,10597,1081,22,0
2074,10597,1081,23,0
2049,10597,1082,24,0
2043,10597,1083,25,0
2044,10597,1086,26,0
2045,10597,1087,27,0
2121,10597,1090,28,0
1631,10597,1095,29,1
3028,10599,1055,1,0
3027,10599,1056,2,0
3032,10599,1057,3,0
3002,10599,1058,4,0
3037,10599,1058,5,0
3006,10599,1059,6,0
3036,10599,1060,7,0
3034,10599,1063,8,0
2035,10599,1063,9,0
2033,10599,1065,10,0
2061,10599,1067,11,0
2062,10599,1068,12,0
2063,10599,1069,13,0
2064,10599,1071,14,0
2065,10599,1072,15,0
2022,10599,1074,16,0
2023,10599,1075,17,0
2066,10599,1076,18,0
2067,10599,1078,19,0
2068,10599,1079,20,0
2008,10599,1080,21,0
2009,10599,1081,22,0
2074,10599,1081,23,0
2049,10599,1082,24,0
2043,10599,1083,25,0
2044,10599,1086,26,0
2045,10599,1087,27,0
2121,10599,1090,28,0
1631,10599,1095,29,1
1631,10570,1010,1,0
1617,10570,1013,2,0
2046,10570,1014,3,0
2047,10570,1015,4,0
2048,10570,1017,5,0
2042,10570,1018,6,0
2075,10570,1019,7,0
2027,10570,1020,8,0
2028,10570,1020,9,0
2054,10570,1021,10,0
2055,10570,1022,11,0
2056,10570,1023,12,0
2013,10570,1025,13,0
2014,10570,1026,14,0
2057,10570,1028,15,0
2058,10570,1029,16,0
2059,10570,1031,17,0
2060,10570,1032,18,0
2032,10570,1034,19,0
2036,10570,1036,20,0
2034,10570,1037,21,0
3033,10570,1038,22,0
3035,10570,1040,23,0
3009,10570,1041,24,0
3038,10570,1042,25,0
3013,10570,1043,26,0
3001,10570,1044,27,0
3029,10570,1045,28,0
3028,10570,1046,29,1
1631,10579,1040,1,0
1617,10579,1043,2,0
2046,10579,1044,3,0
2047,10579,1045,4,0
2048,10579,1048,5,0
2042,10579,1049,6,0
2075,10579,1049,7,0
2027,10579,1050,8,0
2028,10579,1051,9,0
2054,10579,1052,10,0
2055,10579,1053,11,0
2056,10579,1054,12,0
2013,10579,1056,13,0
2014,10579,1057,14,0
2057,10579,1059,15,0
2058,10579,1060,16,0
2059,10579,1062,17,0
2060,10579,1063,18,0
2032,10579,1065,19,0
2036,10579,1067,20,0
2034,10579,1068,21,0
3033,10579,1069,22,0
3035,10579,1071,23,0
3009,10579,1072,24,0
3038,10579,1073,25,0
3013,10579,1074,26,0
3001,10579,1075,27,0
3029,10579,1076,28,0
3028,10579,1077,29,1
1631,10572,1010,1,0
1617,10572,1013,2,0
2046,10572,1014,3,0
2047,10572,1015,4,0
2048,10572,1017,5,0
2042,10572,1018,6,0
2075,10572,1019,7,0
2027,10572,1020,8,0
2028,10572,1020,9,0
2054,10572,1021,10,0
2055,10572,1022,11,0
2056,10572,1023,12,0
2013,10572,1025,13,0
2014,10572,1026,14,0
2057,10572,1028,15,0
2058,10572,1029,16,0
2059,10572,1031,17,0
2060,10572,1032,18,0
2032,10572,1034,19,0
2036,10572,1036,20,0
2034,10572,1037,21,0
3033,10572,1038,22,0
3035,10572,1040,23,0
3009,10572,1041,24,0
3038,10572,1042,25,0
3013,10572,1043,26,0
3001,10572,1044,27,0
3029,10572,1045,28,0
3028,10572,1046,29,1
1631,10571,1010,1,0
1617,10571,1013,2,0
2046,10571,1014,3,0
2047,10571,1015,4,0
2048,10571,1017,5,0
2042,10571,1018,6,0
2075,10571,1019,7,0
2027,10571,1020,8,0
2028,10571,1020,9,0
2054,10571,1021,10,0
2055,10571,1022,11,0
2056,10571,1023,12,0
2013,10571,1025,13,0
2014,10571,1026,14,0
2057,10571,1028,15,0
2058,10571,1029,16,0
2059,10571,1031,17,0
2060,10571,1032,18,0
2032,10571,1034,19,0
2036,10571,1036,20,0
2034,10571,1037,21,0
3033,10571,1038,22,0
3035,10571,1040,23,0
3009,10571,1041,24,0
3038,10571,1042,25,0
3013,10571,1043,26,0
3001,10571,1044,27,0
3029,10571,1045,28,0
3028,10571,1046,29,1
1631,10574,1010,1,0
1617,10574,1013,2,0
2046,10574,1014,3,0
2047,10574,1015,4,0
2048,10574,1017,5,0
2042,10574,1018,6,0
2075,10574,1019,7,0
2027,10574,1020,8,0
2028,10574,1020,9,0
2054,10574,1021,10,0
2055,10574,1022,11,0
2056,10574,1023,12,0
2013,10574,1025,13,0
2014,10574,1026,14,0
2057,10574,1028,15,0
2058,10574,1029,16,0
2059,10574,1031,17,0
2060,10574,1032,18,0
2032,10574,1034,19,0
2036,10574,1036,20,0
2034,10574,1037,21,0
3033,10574,1038,22,0
3035,10574,1040,23,0
3009,10574,1041,24,0
3038,10574,1042,25,0
3013,10574,1043,26,0
3001,10574,1044,27,0
3029,10574,1045,28,0
3028,10574,1046,29,1
1631,10573,1010,1,0
1617,10573,1013,2,0
2046,10573,1014,3,0
2047,10573,1015,4,0
2048,10573,1017,5,0
2042,10573,1018,6,0
2075,10573,1019,7,0
2027,10573,1020,8,0
2028,10573,1020,9,0
2054,10573,1021,10,0
2055,10573,1022,11,0
2056,10573,1023,12,0
2013,10573,1025,13,0
2014,10573,1026,14,0
2057,10573,1028,15,0
2058,10573,1029,16,0
2059,10573,1031,17,0
2060,10573,1032,18,0
2032,10573,1034,19,0
2036,10573,1036,20,0
2034,10573,1037,21,0
3033,10573,1038,22,0
3035,10573,1040,23,0
3009,10573,1041,24,0
3038,10573,1042,25,0
3013,10573,1043,26,0
3001,10573,1044,27,0
3029,10573,1045,28,0
3028,10573,1046,29,1
1631,10576,1040,1,0
1617,10576,1043,2,0
2046,10576,1044,3,0
2047,10576,1045,4,0
2048,10576,1048,5,0
2042,10576,1049,6,0
2075,10576,1049,7,0
2027,10576,1050,8,0
2028,10576,1051,9,0
2054,10576,1052,10,0
2055,10576,1053,11,0
2056,10576,1054,12,0
2013,10576,1056,13,0
2014,10576,1057,14,0
2057,10576,1059,15,0
2058,10576,1060,16,0
2059,10576,1062,17,0
2060,10576,1063,18,0
2032,10576,1065,19,0
2036,10576,1067,20,0
2034,10576,1068,21,0
3033,10576,1069,22,0
3035,10576,1071,23,0
3009,10576,1072,24,0
3038,10576,1073,25,0
3013,10576,1074,26,0
3001,10576,1075,27,0
3029,10576,1076,28,0
3028,10576,1077,29,1
1631,10575,1040,1,0
1617,10575,1043,2,0
2046,10575,1044,3,0
2047,10575,1045,4,0
2048,10575,1048,5,0
2042,10575,1049,6,0
2075,10575,1049,7,0
2027,10575,1050,8,0
2028,10575,1051,9,0
2054,10575,1052,10,0
2055,10575,1053,11,0
2056,10575,1054,12,0
2013,10575,1056,13,0
2014,10575,1057,14,0
2057,10575,1059,15,0
2058,10575,1060,16,0
2059,10575,1062,17,0
2060,10575,1063,18,0
2032,10575,1065,19,0
2036,10575,1067,20,0
2034,10575,1068,21,0
3033,10575,1069,22,0
3035,10575,1071,23,0
3009,10575,1072,24,0
3038,10575,1073,25,0
3013,10575,1074,26,0
3001,10575,1075,27,0
3029,10575,1076,28,0
3028,10575,1077,29,1
1631,10578,1040,1,0
1617,10578,1043,2,0
2046,10578,1044,3,0
2047,10578,1045,4,0
2048,10578,1048,5,0
2042,10578,1049,6,0
2075,10578,1049,7,0
2027,10578,1050,8,0
2028,10578,1051,9,0
2054,10578,1052,10,0
2055,10578,1053,11,0
2056,10578,1054,12,0
2013,10578,1056,13,0
2014,10578,1057,14,0
2057,10578,1059,15,0
2058,10578,1060,16,0
2059,10578,1062,17,0
2060,10578,1063,18,0
2032,10578,1065,19,0
2036,10578,1067,20,0
2034,10578,1068,21,0
3033,10578,1069,22,0
3035,10578,1071,23,0
3009,10578,1072,24,0
3038,10578,1073,25,0
3013,10578,1074,26,0
3001,10578,1075,27,0
3029,10578,1076,28,0
3028,10578,1077,29,1
1631,10577,1040,1,0
1617,10577,1043,2,0
2046,10577,1044,3,0
2047,10577,1045,4,0
2048,10577,1048,5,0
2042,10577,1049,6,0
2075,10577,1049,7,0
2027,10577,1050,8,0
2028,10577,1051,9,0
2054,10577,1052,10,0
2055,10577,1053,11,0
2056,10577,1054,12,0
2013,10577,1056,13,0
2014,10577,1057,14,0
2057,10577,1059,15,0
2058,10577,1060,16,0
2059,10577,1062,17,0
2060,10577,1063,18,0
2032,10577,1065,19,0
2036,10577,1067,20,0
2034,10577,1068,21,0
3033,10577,1069,22,0
3035,10577,1071,23,0
3009,10577,1072,24,0
3038,10577,1073,25,0
3013,10577,1074,26,0
3001,10577,1075,27,0
3029,10577,1076,28,0
3028,10577,1077,29,1
1631,10581,1100,1,0
1617,10581,1103,2,0
2046,10581,1104,3,0
2047,10581,1105,4,0
2048,10581,1108,5,0
2042,10581,1109,6,0
2075,10581,1110,7,0
2027,10581,1111,8,0
2028,10581,1112,9,0
2054,10581,1113,10,0
2055,10581,1114,11,0
2056,10581,1115,12,0
2013,10581,1117,13,0
2014,10581,1118,14,0
2057,10581,1120,15,0
2058,10581,1121,16,0
2059,10581,1122,17,0
2060,10581,1123,18,0
2032,10581,1125,19,0
2036,10581,1126,20,0
2034,10581,1127,21,0
3033,10581,1128,22,0
3035,10581,1130,23,0
3009,10581,1131,24,0
3038,10581,1132,25,0
3013,10581,1132,26,0
3001,10581,1133,27,0
3029,10581,1134,28,0
3028,10581,1135,29,1
1631,10580,1100,1,0
1617,10580,1103,2,0
2046,10580,1104,3,0
2047,10580,1105,4,0
2048,10580,1108,5,0
2042,10580,1109,6,0
2075,10580,1110,7,0
2027,10580,1111,8,0
2028,10580,1112,9,0
2054,10580,1113,10,0
2055,10580,1114,11,0
2056,10580,1115,12,0
2013,10580,1117,13,0
2014,10580,1118,14,0
2057,10580,1120,15,0
2058,10580,1121,16,0
2059,10580,1122,17,0
2060,10580,1123,18,0
2032,10580,1125,19,0
2036,10580,1126,20,0
2034,10580,1127,21,0
3033,10580,1128,22,0
3035,10580,1130,23,0
3009,10580,1131,24,0
3038,10580,1132,25,0
3013,10580,1132,26,0
3001,10580,1133,27,0
3029,10580,1134,28,0
3028,10580,1135,29,1
1631,10583,1100,1,0
1617,10583,1103,2,0
2046,10583,1104,3,0
2047,10583,1105,4,0
2048,10583,1108,5,0
2042,10583,1109,6,0
2075,10583,1110,7,0
2027,10583,1111,8,0
2028,10583,1112,9,0
2054,10583,1113,10,0
2055,10583,1114,11,0
2056,10583,1115,12,0
2013,10583,1117,13,0
2014,10583,1118,14,0
2057,10583,1120,15,0
2058,10583,1121,16,0
2059,10583,1122,17,0
2060,10583,1123,18,0
2032,10583,1125,19,0
2036,10583,1126,20,0
2034,10583,1127,21,0
3033,10583,1128,22,0
3035,10583,1130,23,0
3009,10583,1131,24,0
3038,10583,1132,25,0
3013,10583,1132,26,0
3001,10583,1133,27,0
3029,10583,1134,28,0
3028,10583,1135,29,1
1631,10582,1100,1,0
1617,10582,1103,2,0
2046,10582,1104,3,0
2047,10582,1105,4,0
2048,10582,1108,5,0
2042,10582,1109,6,0
2075,10582,1110,7,0
2027,10582,1111,8,0
2028,10582,1112,9,0
2054,10582,1113,10,0
2055,10582,1114,11,0
2056,10582,1115,12,0
2013,10582,1117,13,0
2014,10582,1118,14,0
2057,10582,1120,15,0
2058,10582,1121,16,0
2059,10582,1122,17,0
2060,10582,1123,18,0
2032,10582,1125,19,0
2036,10582,1126,20,0
2034,10582,1127,21,0
3033,10582,1128,22,0
3035,10582,1130,23,0
3009,10582,1131,24,0
3038,10582,1132,25,0
3013,10582,1132,26,0
3001,10582,1133,27,0
3029,10582,1134,28,0
3028,10582,1135,29,1
1631,10585,1130,1,0
1617,10585,1133,2,0
2046,10585,1134,3,0
2047,10585,1135,4,0
2048,10585,1137,5,0
2042,10585,1138,6,0
2075,10585,1138,7,0
2027,10585,1139,8,0
2028,10585,1140,9,0
2054,10585,1140,10,0
2055,10585,1141,11,0
2056,10585,1142,12,0
2013,10585,1144,13,0
2014,10585,1145,14,0
2057,10585,1147,15,0
2058,10585,1148,16,0
2059,10585,1149,17,0
2060,10585,1150,18,0
2032,10585,1151,19,0
2036,10585,1152,20,0
2034,10585,1153,21,0
3033,10585,1154,22,0
3035,10585,1156,23,0
3009,10585,1157,24,0
3038,10585,1158,25,0
3013,10585,1158,26,0
3001,10585,1159,27,0
3029,10585,1160,28,0
3028,10585,1161,29,1
1631,10584,1100,1,0
1617,10584,1103,2,0
2046,10584,1104,3,0
2047,10584,1105,4,0
2048,10584,1108,5,0
2042,10584,1109,6,0
2075,10584,1110,7,0
2027,10584,1111,8,0
2028,10584,1112,9,0
2054,10584,1113,10,0
2055,10584,1114,11,0
2056,10584,1115,12,0
2013,10584,1117,13,0
2014,10584,1118,14,0
2057,10584,1120,15,0
2058,10584,1121,16,0
2059,10584,1122,17,0
2060,10584,1123,18,0
2032,10584,1125,19,0
2036,10584,1126,20,0
2034,10584,1127,21,0
3033,10584,1128,22,0
3035,10584,1130,23,0
3009,10584,1131,24,0
3038,10584,1132,25,0
3013,10584,1132,26,0
3001,10584,1133,27,0
3029,10584,1134,28,0
3028,10584,1135,29,1
1631,10587,1130,1,0
1617,10587,1133,2,0
2046,10587,1134,3,0
2047,10587,1135,4,0
2048,10587,1137,5,0
2042,10587,1138,6,0
2075,10587,1138,7,0
2027,10587,1139,8,0
2028,10587,1140,9,0
2054,10587,1140,10,0
2055,10587,1141,11,0
2056,10587,1142,12,0
2013,10587,1144,13,0
2014,10587,1145,14,0
2057,10587,1147,15,0
2058,10587,1148,16,0
2059,10587,1149,17,0
2060,10587,1150,18,0
2032,10587,1151,19,0
2036,10587,1152,20,0
2034,10587,1153,21,0
3033,10587,1154,22,0
3035,10587,1156,23,0
3009,10587,1157,24,0
3038,10587,1158,25,0
3013,10587,1158,26,0
3001,10587,1159,27,0
3029,10587,1160,28,0
3028,10587,1161,29,1
1631,10586,1130,1,0
1617,10586,1133,2,0
2046,10586,1134,3,0
2047,10586,1135,4,0
2048,10586,1137,5,0
2042,10586,1138,6,0
2075,10586,1138,7,0
2027,10586,1139,8,0
2028,10586,1140,9,0
2054,10586,1140,10,0
2055,10586,1141,11,0
2056,10586,1142,12,0
2013,10586,1144,13,0
2014,10586,1145,14,0
2057,10586,1147,15,0
2058,10586,1148,16,0
2059,10586,1149,17,0
2060,10586,1150,18,0
2032,10586,1151,19,0
2036,10586,1152,20,0
2034,10586,1153,21,0
3033,10586,1154,22,0
3035,10586,1156,23,0
3009,10586,1157,24,0
3038,10586,1158,25,0
3013,10586,1158,26,0
3001,10586,1159,27,0
3029,10586,1160,28,0
3028,10586,1161,29,1
1631,10589,1130,1,0
1617,10589,1133,2,0
2046,10589,1134,3,0
2047,10589,1135,4,0
2048,10589,1137,5,0
2042,10589,1138,6,0
2075,10589,1138,7,0
2027,10589,1139,8,0
2028,10589,1140,9,0
2054,10589,1140,10,0
2055,10589,1141,11,0
2056,10589,1142,12,0
2013,10589,1144,13,0
2014,10589,1145,14,0
2057,10589,1147,15,0
2058,10589,1148,16,0
2059,10589,1149,17,0
2060,10589,1150,18,0
2032,10589,1151,19,0
2036,10589,1152,20,0
2034,10589,1153,21,0
3033,10589,1154,22,0
3035,10589,1156,23,0
3009,10589,1157,24,0
3038,10589,1158,25,0
3013,10589,1158,26,0
3001,10589,1159,27,0
3029,10589,1160,28,0
3028,10589,1161,29,1
1631,10588,1130,1,0
1617,10588,1133,2,0
2046,10588,1134,3,0
2047,10588,1135,4,0
2048,10588,1137,5,0
2042,10588,1138,6,0
2075,10588,1138,7,0
2027,10588,1139,8,0
2028,10588,1140,9,0
2054,10588,1140,10,0
2055,10588,1141,11,0
2056,10588,1142,12,0
2013,10588,1144,13,0
2014,10588,1145,14,0
2057,10588,1147,15,0
2058,10588,1148,16,0
2059,10588,1149,17,0
2060,10588,1150,18,0
2032,10588,1151,19,0
2036,10588,1152,20,0
2034,10588,1153,21,0
3033,10588,1154,22,0
3035,10588,1156,23,0
3009,10588,1157,24,0
3038,10588,1158,25,0
3013,10588,1158,26,0
3001,10588,1159,27,0
3029,10588,1160,28,0
3028,10588,1161,29,1
1631,10558,460,1,0
1617,10558,463,2,0
2046,10558,464,3,0
2047,10558,465,4,0
2048,10558,467,5,0
2042,10558,468,6,0
2075,10558,468,7,0
2027,10558,469,8,0
2028,10558,470,9,0
2054,10558,470,10,0
2055,10558,471,11,0
2056,10558,472,12,0
2013,10558,474,13,0
2014,10558,475,14,0
2057,10558,477,15,0
2058,10558,478,16,0
2059,10558,479,17,0
2060,10558,481,18,0
2032,10558,483,19,0
2036,10558,484,20,0
2034,10558,485,21,0
3033,10558,486,22,0
3035,10558,488,23,0
3009,10558,489,24,0
3038,10558,490,25,0
3013,10558,490,26,0
3001,10558,491,27,0
3029,10558,492,28,0
3028,10558,493,29,1
1631,10557,460,1,0
1617,10557,463,2,0
2046,10557,464,3,0
2047,10557,465,4,0
2048,10557,467,5,0
2042,10557,468,6,0
2075,10557,468,7,0
2027,10557,469,8,0
2028,10557,470,9,0
2054,10557,470,10,0
2055,10557,471,11,0
2056,10557,472,12,0
2013,10557,474,13,0
2014,10557,475,14,0
2057,10557,477,15,0
2058,10557,478,16,0
2059,10557,479,17,0
2060,10557,481,18,0
2032,10557,483,19,0
2036,10557,484,20,0
2034,10557,485,21,0
3033,10557,486,22,0
3035,10557,488,23,0
3009,10557,489,24,0
3038,10557,490,25,0
3013,10557,490,26,0
3001,10557,491,27,0
3029,10557,492,28,0
3028,10557,493,29,1
1631,10559,460,1,0
1617,10559,463,2,0
2046,10559,464,3,0
2047,10559,465,4,0
2048,10559,467,5,0
2042,10559,468,6,0
2075,10559,468,7,0
2027,10559,469,8,0
2028,10559,470,9,0
2054,10559,470,10,0
2055,10559,471,11,0
2056,10559,472,12,0
2013,10559,474,13,0
2014,10559,475,14,0
2057,10559,477,15,0
2058,10559,478,16,0
2059,10559,479,17,0
2060,10559,481,18,0
2032,10559,483,19,0
2036,10559,484,20,0
2034,10559,485,21,0
3033,10559,486,22,0
3035,10559,488,23,0
3009,10559,489,24,0
3038,10559,490,25,0
3013,10559,490,26,0
3001,10559,491,27,0
3029,10559,492,28,0
3028,10559,493,29,1
1631,10550,430,1,0
1617,10550,433,2,0
2046,10550,434,3,0
2047,10550,435,4,0
2048,10550,437,5,0
2042,10550,438,6,0
2075,10550,438,7,0
2027,10550,439,8,0
2028,10550,440,9,0
2054,10550,440,10,0
2055,10550,441,11,0
2056,10550,442,12,0
2013,10550,444,13,0
2014,10550,445,14,0
2057,10550,447,15,0
2058,10550,448,16,0
2059,10550,449,17,0
2060,10550,450,18,0
2032,10550,452,19,0
2036,10550,453,20,0
2034,10550,454,21,0
3033,10550,455,22,0
3035,10550,457,23,0
3009,10550,458,24,0
3038,10550,459,25,0
3013,10550,459,26,0
3001,10550,460,27,0
3029,10550,461,28,0
3028,10550,461,29,1
1631,10552,430,1,0
1617,10552,433,2,0
2046,10552,434,3,0
2047,10552,435,4,0
2048,10552,437,5,0
2042,10552,438,6,0
2075,10552,438,7,0
2027,10552,439,8,0
2028,10552,440,9,0
2054,10552,440,10,0
2055,10552,441,11,0
2056,10552,442,12,0
2013,10552,444,13,0
2014,10552,445,14,0
2057,10552,447,15,0
2058,10552,448,16,0
2059,10552,449,17,0
2060,10552,450,18,0
2032,10552,452,19,0
2036,10552,453,20,0
2034,10552,454,21,0
3033,10552,455,22,0
3035,10552,457,23,0
3009,10552,458,24,0
3038,10552,459,25,0
3013,10552,459,26,0
3001,10552,460,27,0
3029,10552,461,28,0
3028,10552,461,29,1
1631,10551,430,1,0
1617,10551,433,2,0
2046,10551,434,3,0
2047,10551,435,4,0
2048,10551,437,5,0
2042,10551,438,6,0
2075,10551,438,7,0
2027,10551,439,8,0
2028,10551,440,9,0
2054,10551,440,10,0
2055,10551,441,11,0
2056,10551,442,12,0
2013,10551,444,13,0
2014,10551,445,14,0
2057,10551,447,15,0
2058,10551,448,16,0
2059,10551,449,17,0
2060,10551,450,18,0
2032,10551,452,19,0
2036,10551,453,20,0
2034,10551,454,21,0
3033,10551,455,22,0
3035,10551,457,23,0
3009,10551,458,24,0
3038,10551,459,25,0
3013,10551,459,26,0
3001,10551,460,27,0
3029,10551,461,28,0
3028,10551,461,29,1
1631,10554,430,1,0
1617,10554,433,2,0
2046,10554,434,3,0
2047,10554,435,4,0
2048,10554,437,5,0
2042,10554,438,6,0
2075,10554,438,7,0
2027,10554,439,8,0
2028,10554,440,9,0
2054,10554,440,10,0
2055,10554,441,11,0
2056,10554,442,12,0
2013,10554,444,13,0
2014,10554,445,14,0
2057,10554,447,15,0
2058,10554,448,16,0
2059,10554,449,17,0
2060,10554,450,18,0
2032,10554,452,19,0
2036,10554,453,20,0
2034,10554,454,21,0
3033,10554,455,22,0
3035,10554,457,23,0
3009,10554,458,24,0
3038,10554,459,25,0
3013,10554,459,26,0
3001,10554,460,27,0
3029,10554,461,28,0
3028,10554,461,29,1
1631,10553,430,1,0
1617,10553,433,2,0
2046,10553,434,3,0
2047,10553,435,4,0
2048,10553,437,5,0
2042,10553,438,6,0
2075,10553,438,7,0
2027,10553,439,8,0
2028,10553,440,9,0
2054,10553,440,10,0
2055,10553,441,11,0
2056,10553,442,12,0
2013,10553,444,13,0
2014,10553,445,14,0
2057,10553,447,15,0
2058,10553,448,16,0
2059,10553,449,17,0
2060,10553,450,18,0
2032,10553,452,19,0
2036,10553,453,20,0
2034,10553,454,21,0
3033,10553,455,22,0
3035,10553,457,23,0
3009,10553,458,24,0
3038,10553,459,25,0
3013,10553,459,26,0
3001,10553,460,27,0
3029,10553,461,28,0
3028,10553,461,29,1
1631,10556,460,1,0
1617,10556,463,2,0
2046,10556,464,3,0
2047,10556,465,4,0
2048,10556,467,5,0
2042,10556,468,6,0
2075,10556,468,7,0
2027,10556,469,8,0
2028,10556,470,9,0
2054,10556,470,10,0
2055,10556,471,11,0
2056,10556,472,12,0
2013,10556,474,13,0
2014,10556,475,14,0
2057,10556,477,15,0
2058,10556,478,16,0
2059,10556,479,17,0
2060,10556,481,18,0
2032,10556,483,19,0
2036,10556,484,20,0
2034,10556,485,21,0
3033,10556,486,22,0
3035,10556,488,23,0
3009,10556,489,24,0
3038,10556,490,25,0
3013,10556,490,26,0
3001,10556,491,27,0
3029,10556,492,28,0
3028,10556,493,29,1
1631,10555,460,1,0
1617,10555,463,2,0
2046,10555,464,3,0
2047,10555,465,4,0
2048,10555,467,5,0
2042,10555,468,6,0
2075,10555,468,7,0
2027,10555,469,8,0
2028,10555,470,9,0
2054,10555,470,10,0
2055,10555,471,11,0
2056,10555,472,12,0
2013,10555,474,13,0
2014,10555,475,14,0
2057,10555,477,15,0
2058,10555,478,16,0
2059,10555,479,17,0
2060,10555,481,18,0
2032,10555,483,19,0
2036,10555,484,20,0
2034,10555,485,21,0
3033,10555,486,22,0
3035,10555,488,23,0
3009,10555,489,24,0
3038,10555,490,25,0
3013,10555,490,26,0
3001,10555,491,27,0
3029,10555,492,28,0
3028,10555,493,29,1
1631,10569,960,1,0
1617,10569,963,2,0
2046,10569,964,3,0
2047,10569,965,4,0
2048,10569,967,5,0
2042,10569,968,6,0
2075,10569,968,7,0
2027,10569,969,8,0
2028,10569,970,9,0
2054,10569,970,10,0
2055,10569,971,11,0
2056,10569,972,12,0
2013,10569,974,13,0
2014,10569,975,14,0
2057,10569,977,15,0
2058,10569,978,16,0
2059,10569,979,17,0
2060,10569,980,18,0
2032,10569,982,19,0
2036,10569,983,20,0
2034,10569,984,21,0
3033,10569,985,22,0
3035,10569,987,23,0
3009,10569,988,24,0
3038,10569,989,25,0
3013,10569,990,26,0
3001,10569,991,27,0
3029,10569,992,28,0
3028,10569,993,29,1
1631,10568,960,1,0
1617,10568,963,2,0
2046,10568,964,3,0
2047,10568,965,4,0
2048,10568,967,5,0
2042,10568,968,6,0
2075,10568,968,7,0
2027,10568,969,8,0
2028,10568,970,9,0
2054,10568,970,10,0
2055,10568,971,11,0
2056,10568,972,12,0
2013,10568,974,13,0
2014,10568,975,14,0
2057,10568,977,15,0
2058,10568,978,16,0
2059,10568,979,17,0
2060,10568,980,18,0
2032,10568,982,19,0
2036,10568,983,20,0
2034,10568,984,21,0
3033,10568,985,22,0
3035,10568,987,23,0
3009,10568,988,24,0
3038,10568,989,25,0
3013,10568,990,26,0
3001,10568,991,27,0
3029,10568,992,28,0
3028,10568,993,29,1
1631,10561,485,1,0
1617,10561,488,2,0
2046,10561,490,3,0
2047,10561,491,4,0
2048,10561,494,5,0
2042,10561,495,6,0
2075,10561,495,7,0
2027,10561,496,8,0
2028,10561,497,9,0
2054,10561,498,10,0
2055,10561,499,11,0
2056,10561,500,12,0
2013,10561,502,13,0
2014,10561,503,14,0
2057,10561,505,15,0
2058,10561,506,16,0
2059,10561,507,17,0
2060,10561,509,18,0
2032,10561,512,19,0
2036,10561,513,20,0
2034,10561,514,21,0
3033,10561,515,22,0
3035,10561,517,23,0
3009,10561,518,24,0
3038,10561,519,25,0
3013,10561,519,26,0
3001,10561,520,27,0
3029,10561,521,28,0
3028,10561,522,29,1
1631,10560,485,1,0
1617,10560,488,2,0
2046,10560,490,3,0
2047,10560,491,4,0
2048,10560,494,5,0
2042,10560,495,6,0
2075,10560,495,7,0
2027,10560,496,8,0
2028,10560,497,9,0
2054,10560,498,10,0
2055,10560,499,11,0
2056,10560,500,12,0
2013,10560,502,13,0
2014,10560,503,14,0
2057,10560,505,15,0
2058,10560,506,16,0
2059,10560,507,17,0
2060,10560,509,18,0
2032,10560,512,19,0
2036,10560,513,20,0
2034,10560,514,21,0
3033,10560,515,22,0
3035,10560,517,23,0
3009,10560,518,24,0
3038,10560,519,25,0
3013,10560,519,26,0
3001,10560,520,27,0
3029,10560,521,28,0
3028,10560,522,29,1
1631,10563,485,1,0
1617,10563,488,2,0
2046,10563,490,3,0
2047,10563,491,4,0
2048,10563,494,5,0
2042,10563,495,6,0
2075,10563,495,7,0
2027,10563,496,8,0
2028,10563,497,9,0
2054,10563,498,10,0
2055,10563,499,11,0
2056,10563,500,12,0
2013,10563,502,13,0
2014,10563,503,14,0
2057,10563,505,15,0
2058,10563,506,16,0
2059,10563,507,17,0
2060,10563,509,18,0
2032,10563,512,19,0
2036,10563,513,20,0
2034,10563,514,21,0
3033,10563,515,22,0
3035,10563,517,23,0
3009,10563,518,24,0
3038,10563,519,25,0
3013,10563,519,26,0
3001,10563,520,27,0
3029,10563,521,28,0
3028,10563,522,29,1
1631,10562,485,1,0
1617,10562,488,2,0
2046,10562,490,3,0
2047,10562,491,4,0
2048,10562,494,5,0
2042,10562,495,6,0
2075,10562,495,7,0
2027,10562,496,8,0
2028,10562,497,9,0
2054,10562,498,10,0
2055,10562,499,11,0
2056,10562,500,12,0
2013,10562,502,13,0
2014,10562,503,14,0
2057,10562,505,15,0
2058,10562,506,16,0
2059,10562,507,17,0
2060,10562,509,18,0
2032,10562,512,19,0
2036,10562,513,20,0
2034,10562,514,21,0
3033,10562,515,22,0
3035,10562,517,23,0
3009,10562,518,24,0
3038,10562,519,25,0
3013,10562,519,26,0
3001,10562,520,27,0
3029,10562,521,28,0
3028,10562,522,29,1
1631,10565,960,1,0
1617,10565,963,2,0
2046,10565,964,3,0
2047,10565,965,4,0
2048,10565,967,5,0
2042,10565,968,6,0
2075,10565,968,7,0
2027,10565,969,8,0
2028,10565,970,9,0
2054,10565,970,10,0
2055,10565,971,11,0
2056,10565,972,12,0
2013,10565,974,13,0
2014,10565,975,14,0
2057,10565,977,15,0
2058,10565,978,16,0
2059,10565,979,17,0
2060,10565,980,18,0
2032,10565,982,19,0
2036,10565,983,20,0
2034,10565,984,21,0
3033,10565,985,22,0
3035,10565,987,23,0
3009,10565,988,24,0
3038,10565,989,25,0
3013,10565,990,26,0
3001,10565,991,27,0
3029,10565,992,28,0
3028,10565,993,29,1
1631,10564,485,1,0
1617,10564,488,2,0
2046,10564,490,3,0
2047,10564,491,4,0
2048,10564,494,5,0
2042,10564,495,6,0
2075,10564,495,7,0
2027,10564,496,8,0
2028,10564,497,9,0
2054,10564,498,10,0
2055,10564,499,11,0
2056,10564,500,12,0
2013,10564,502,13,0
2014,10564,503,14,0
2057,10564,505,15,0
2058,10564,506,16,0
2059,10564,507,17,0
2060,10564,509,18,0
2032,10564,512,19,0
2036,10564,513,20,0
2034,10564,514,21,0
3033,10564,515,22,0
3035,10564,517,23,0
3009,10564,518,24,0
3038,10564,519,25,0
3013,10564,519,26,0
3001,10564,520,27,0
3029,10564,521,28,0
3028,10564,522,29,1
1631,10567,960,1,0
1617,10567,963,2,0
2046,10567,964,3,0
2047,10567,965,4,0
2048,10567,967,5,0
2042,10567,968,6,0
2075,10567,968,7,0
2027,10567,969,8,0
2028,10567,970,9,0
2054,10567,970,10,0
2055,10567,971,11,0
2056,10567,972,12,0
2013,10567,974,13,0
2014,10567,975,14,0
2057,10567,977,15,0
2058,10567,978,16,0
2059,10567,979,17,0
2060,10567,980,18,0
2032,10567,982,19,0
2036,10567,983,20,0
2034,10567,984,21,0
3033,10567,985,22,0
3035,10567,987,23,0
3009,10567,988,24,0
3038,10567,989,25,0
3013,10567,990,26,0
3001,10567,991,27,0
3029,10567,992,28,0
3028,10567,993,29,1
1631,10566,960,1,0
1617,10566,963,2,0
2046,10566,964,3,0
2047,10566,965,4,0
2048,10566,967,5,0
2042,10566,968,6,0
2075,10566,968,7,0
2027,10566,969,8,0
2028,10566,970,9,0
2054,10566,970,10,0
2055,10566,971,11,0
2056,10566,972,12,0
2013,10566,974,13,0
2014,10566,975,14,0
2057,10566,977,15,0
2058,10566,978,16,0
2059,10566,979,17,0
2060,10566,980,18,0
2032,10566,982,19,0
2036,10566,983,20,0
2034,10566,984,21,0
3033,10566,985,22,0
3035,10566,987,23,0
3009,10566,988,24,0
3038,10566,989,25,0
3013,10566,990,26,0
3001,10566,991,27,0
3029,10566,992,28,0
3028,10566,993,29,1
3028,10657,860,1,0
3027,10657,861,2,0
3032,10657,862,3,0
3002,10657,863,4,0
3037,10657,863,5,0
3006,10657,864,6,0
3036,10657,865,7,0
3034,10657,867,8,0
2035,10657,867,9,0
2033,10657,868,10,0
2061,10657,869,11,0
2062,10657,870,12,0
2063,10657,871,13,0
2064,10657,872,14,0
2065,10657,873,15,0
2022,10657,875,16,0
2023,10657,876,17,0
2066,10657,877,18,0
2067,10657,879,19,0
2068,10657,880,20,0
2008,10657,880,21,0
2009,10657,881,22,0
2074,10657,882,23,0
2049,10657,882,24,0
2043,10657,883,25,0
2044,10657,885,26,0
2045,10657,886,27,0
2121,10657,887,28,0
1631,10657,889,29,1
3028,10656,860,1,0
3027,10656,861,2,0
3032,10656,862,3,0
3002,10656,863,4,0
3037,10656,863,5,0
3006,10656,864,6,0
3036,10656,865,7,0
3034,10656,867,8,0
2035,10656,867,9,0
2033,10656,868,10,0
2061,10656,869,11,0
2062,10656,870,12,0
2063,10656,871,13,0
2064,10656,872,14,0
2065,10656,873,15,0
2022,10656,875,16,0
2023,10656,876,17,0
2066,10656,877,18,0
2067,10656,879,19,0
2068,10656,880,20,0
2008,10656,880,21,0
2009,10656,881,22,0
2074,10656,882,23,0
2049,10656,882,24,0
2043,10656,883,25,0
2044,10656,885,26,0
2045,10656,886,27,0
2121,10656,887,28,0
1631,10656,889,29,1
3028,10659,860,1,0
3027,10659,861,2,0
3032,10659,862,3,0
3002,10659,863,4,0
3037,10659,863,5,0
3006,10659,864,6,0
3036,10659,865,7,0
3034,10659,867,8,0
2035,10659,867,9,0
2033,10659,868,10,0
2061,10659,869,11,0
2062,10659,870,12,0
2063,10659,871,13,0
2064,10659,872,14,0
2065,10659,873,15,0
2022,10659,875,16,0
2023,10659,876,17,0
2066,10659,877,18,0
2067,10659,879,19,0
2068,10659,880,20,0
2008,10659,880,21,0
2009,10659,881,22,0
2074,10659,882,23,0
2049,10659,882,24,0
2043,10659,883,25,0
2044,10659,885,26,0
2045,10659,886,27,0
2121,10659,887,28,0
1631,10659,889,29,1
3028,10658,860,1,0
3027,10658,861,2,0
3032,10658,862,3,0
3002,10658,863,4,0
3037,10658,863,5,0
3006,10658,864,6,0
3036,10658,865,7,0
3034,10658,867,8,0
2035,10658,867,9,0
2033,10658,868,10,0
2061,10658,869,11,0
2062,10658,870,12,0
2063,10658,871,13,0
2064,10658,872,14,0
2065,10658,873,15,0
2022,10658,875,16,0
2023,10658,876,17,0
2066,10658,877,18,0
2067,10658,879,19,0
2068,10658,880,20,0
2008,10658,880,21,0
2009,10658,881,22,0
2074,10658,882,23,0
2049,10658,882,24,0
2043,10658,883,25,0
2044,10658,885,26,0
2045,10658,886,27,0
2121,10658,887,28,0
1631,10658,889,29,1
3028,10651,785,1,0
3027,10651,786,2,0
3032,10651,787,3,0
3002,10651,788,4,0
3037,10651,788,5,0
3006,10651,789,6,0
3036,10651,790,7,0
3034,10651,793,8,0
2035,10651,793,9,0
2033,10651,794,10,0
2061,10651,795,11,0
2062,10651,796,12,0
2063,10651,797,13,0
2064,10651,798,14,0
2065,10651,799,15,0
2022,10651,801,16,0
2023,10651,802,17,0
2066,10651,803,18,0
2067,10651,805,19,0
2068,10651,806,20,0
2008,10651,806,21,0
2009,10651,807,22,0
2074,10651,808,23,0
2049,10651,808,24,0
2043,10651,809,25,0
2044,10651,811,26,0
2045,10651,812,27,0
2121,10651,813,28,0
1631,10651,815,29,1
3028,10650,785,1,0
3027,10650,786,2,0
3032,10650,787,3,0
3002,10650,788,4,0
3037,10650,788,5,0
3006,10650,789,6,0
3036,10650,790,7,0
3034,10650,793,8,0
2035,10650,793,9,0
2033,10650,794,10,0
2061,10650,795,11,0
2062,10650,796,12,0
2063,10650,797,13,0
2064,10650,798,14,0
2065,10650,799,15,0
2022,10650,801,16,0
2023,10650,802,17,0
2066,10650,803,18,0
2067,10650,805,19,0
2068,10650,806,20,0
2008,10650,806,21,0
2009,10650,807,22,0
2074,10650,808,23,0
2049,10650,808,24,0
2043,10650,809,25,0
2044,10650,811,26,0
2045,10650,812,27,0
2121,10650,813,28,0
1631,10650,815,29,1
3028,10653,785,1,0
3027,10653,786,2,0
3032,10653,787,3,0
3002,10653,788,4,0
3037,10653,788,5,0
3006,10653,789,6,0
3036,10653,790,7,0
3034,10653,793,8,0
2035,10653,793,9,0
2033,10653,794,10,0
2061,10653,795,11,0
2062,10653,796,12,0
2063,10653,797,13,0
2064,10653,798,14,0
2065,10653,799,15,0
2022,10653,801,16,0
2023,10653,802,17,0
2066,10653,803,18,0
2067,10653,805,19,0
2068,10653,806,20,0
2008,10653,806,21,0
2009,10653,807,22,0
2074,10653,808,23,0
2049,10653,808,24,0
2043,10653,809,25,0
2044,10653,811,26,0
2045,10653,812,27,0
2121,10653,813,28,0
1631,10653,815,29,1
3028,10652,785,1,0
3027,10652,786,2,0
3032,10652,787,3,0
3002,10652,788,4,0
3037,10652,788,5,0
3006,10652,789,6,0
3036,10652,790,7,0
3034,10652,793,8,0
2035,10652,793,9,0
2033,10652,794,10,0
2061,10652,795,11,0
2062,10652,796,12,0
2063,10652,797,13,0
2064,10652,798,14,0
2065,10652,799,15,0
2022,10652,801,16,0
2023,10652,802,17,0
2066,10652,803,18,0
2067,10652,805,19,0
2068,10652,806,20,0
2008,10652,806,21,0
2009,10652,807,22,0
2074,10652,808,23,0
2049,10652,808,24,0
2043,10652,809,25,0
2044,10652,811,26,0
2045,10652,812,27,0
2121,10652,813,28,0
1631,10652,815,29,1
3028,10655,860,1,0
3027,10655,861,2,0
3032,10655,862,3,0
3002,10655,863,4,0
3037,10655,863,5,0
3006,10655,864,6,0
3036,10655,865,7,0
3034,10655,867,8,0
2035,10655,867,9,0
2033,10655,868,10,0
2061,10655,869,11,0
2062,10655,870,12,0
2063,10655,871,13,0
2064,10655,872,14,0
2065,10655,873,15,0
2022,10655,875,16,0
2023,10655,876,17,0
2066,10655,877,18,0
2067,10655,879,19,0
2068,10655,880,20,0
2008,10655,880,21,0
2009,10655,881,22,0
2074,10655,882,23,0
2049,10655,882,24,0
2043,10655,883,25,0
2044,10655,885,26,0
2045,10655,886,27,0
2121,10655,887,28,0
1631,10655,889,29,1
3028,10654,785,1,0
3027,10654,786,2,0
3032,10654,787,3,0
3002,10654,788,4,0
3037,10654,788,5,0
3006,10654,789,6,0
3036,10654,790,7,0
3034,10654,793,8,0
2035,10654,793,9,0
2033,10654,794,10,0
2061,10654,795,11,0
2062,10654,796,12,0
2063,10654,797,13,0
2064,10654,798,14,0
2065,10654,799,15,0
2022,10654,801,16,0
2023,10654,802,17,0
2066,10654,803,18,0
2067,10654,805,19,0
2068,10654,806,20,0
2008,10654,806,21,0
2009,10654,807,22,0
2074,10654,808,23,0
2049,10654,808,24,0
2043,10654,809,25,0
2044,10654,811,26,0
2045,10654,812,27,0
2121,10654,813,28,0
1631,10654,815,29,1
1631,10668,595,1,0
1617,10668,598,2,0
2046,10668,599,3,0
2047,10668,600,4,0
2048,10668,602,5,0
2042,10668,603,6,0
2075,10668,603,7,0
2027,10668,604,8,0
2028,10668,605,9,0
2054,10668,605,10,0
2055,10668,606,11,0
2056,10668,607,12,0
2013,10668,609,13,0
2014,10668,610,14,0
2057,10668,612,15,0
2058,10668,613,16,0
2059,10668,614,17,0
2060,10668,615,18,0
2032,10668,617,19,0
2036,10668,618,20,0
2034,10668,619,21,0
3033,10668,620,22,0
3035,10668,622,23,0
3009,10668,623,24,0
3038,10668,624,25,0
3013,10668,624,26,0
3001,10668,625,27,0
3029,10668,626,28,0
3028,10668,627,29,1
1631,10667,595,1,0
1617,10667,598,2,0
2046,10667,599,3,0
2047,10667,600,4,0
2048,10667,602,5,0
2042,10667,603,6,0
2075,10667,603,7,0
2027,10667,604,8,0
2028,10667,605,9,0
2054,10667,605,10,0
2055,10667,606,11,0
2056,10667,607,12,0
2013,10667,609,13,0
2014,10667,610,14,0
2057,10667,612,15,0
2058,10667,613,16,0
2059,10667,614,17,0
2060,10667,615,18,0
2032,10667,617,19,0
2036,10667,618,20,0
2034,10667,619,21,0
3033,10667,620,22,0
3035,10667,622,23,0
3009,10667,623,24,0
3038,10667,624,25,0
3013,10667,624,26,0
3001,10667,625,27,0
3029,10667,626,28,0
3028,10667,627,29,1
1631,10669,595,1,0
1617,10669,598,2,0
2046,10669,599,3,0
2047,10669,600,4,0
2048,10669,602,5,0
2042,10669,603,6,0
2075,10669,603,7,0
2027,10669,604,8,0
2028,10669,605,9,0
2054,10669,605,10,0
2055,10669,606,11,0
2056,10669,607,12,0
2013,10669,609,13,0
2014,10669,610,14,0
2057,10669,612,15,0
2058,10669,613,16,0
2059,10669,614,17,0
2060,10669,615,18,0
2032,10669,617,19,0
2036,10669,618,20,0
2034,10669,619,21,0
3033,10669,620,22,0
3035,10669,622,23,0
3009,10669,623,24,0
3038,10669,624,25,0
3013,10669,624,26,0
3001,10669,625,27,0
3029,10669,626,28,0
3028,10669,627,29,1
3028,10660,935,1,0
3027,10660,936,2,0
3032,10660,937,3,0
3002,10660,938,4,0
3037,10660,938,5,0
3006,10660,939,6,0
3036,10660,940,7,0
3034,10660,942,8,0
2035,10660,942,9,0
2033,10660,943,10,0
2061,10660,944,11,0
2062,10660,945,12,0
2063,10660,946,13,0
2064,10660,947,14,0
2065,10660,948,15,0
2022,10660,950,16,0
2023,10660,951,17,0
2066,10660,952,18,0
2067,10660,954,19,0
2068,10660,955,20,0
2008,10660,955,21,0
2009,10660,956,22,0
2074,10660,957,23,0
2049,10660,957,24,0
2043,10660,958,25,0
2044,10660,960,26,0
2045,10660,961,27,0
2121,10660,963,28,0
1631,10660,965,29,1
3028,10662,935,1,0
3027,10662,936,2,0
3032,10662,937,3,0
3002,10662,938,4,0
3037,10662,938,5,0
3006,10662,939,6,0
3036,10662,940,7,0
3034,10662,942,8,0
2035,10662,942,9,0
2033,10662,943,10,0
2061,10662,944,11,0
2062,10662,945,12,0
2063,10662,946,13,0
2064,10662,947,14,0
2065,10662,948,15,0
2022,10662,950,16,0
2023,10662,951,17,0
2066,10662,952,18,0
2067,10662,954,19,0
2068,10662,955,20,0
2008,10662,955,21,0
2009,10662,956,22,0
2074,10662,957,23,0
2049,10662,957,24,0
2043,10662,958,25,0
2044,10662,960,26,0
2045,10662,961,27,0
2121,10662,963,28,0
1631,10662,965,29,1
3028,10661,935,1,0
3027,10661,936,2,0
3032,10661,937,3,0
3002,10661,938,4,0
3037,10661,938,5,0
3006,10661,939,6,0
3036,10661,940,7,0
3034,10661,942,8,0
2035,10661,942,9,0
2033,10661,943,10,0
2061,10661,944,11,0
2062,10661,945,12,0
2063,10661,946,13,0
2064,10661,947,14,0
2065,10661,948,15,0
2022,10661,950,16,0
2023,10661,951,17,0
2066,10661,952,18,0
2067,10661,954,19,0
2068,10661,955,20,0
2008,10661,955,21,0
2009,10661,956,22,0
2074,10661,957,23,0
2049,10661,957,24,0
2043,10661,958,25,0
2044,10661,960,26,0
2045,10661,961,27,0
2121,10661,963,28,0
1631,10661,965,29,1
3028,10664,935,1,0
3027,10664,936,2,0
3032,10664,937,3,0
3002,10664,938,4,0
3037,10664,938,5,0
3006,10664,939,6,0
3036,10664,940,7,0
3034,10664,942,8,0
2035,10664,942,9,0
2033,10664,943,10,0
2061,10664,944,11,0
2062,10664,945,12,0
2063,10664,946,13,0
2064,10664,947,14,0
2065,10664,948,15,0
2022,10664,950,16,0
2023,10664,951,17,0
2066,10664,952,18,0
2067,10664,954,19,0
2068,10664,955,20,0
2008,10664,955,21,0
2009,10664,956,22,0
2074,10664,957,23,0
2049,10664,957,24,0
2043,10664,958,25,0
2044,10664,960,26,0
2045,10664,961,27,0
2121,10664,963,28,0
1631,10664,965,29,1
3028,10663,935,1,0
3027,10663,936,2,0
3032,10663,937,3,0
3002,10663,938,4,0
3037,10663,938,5,0
3006,10663,939,6,0
3036,10663,940,7,0
3034,10663,942,8,0
2035,10663,942,9,0
2033,10663,943,10,0
2061,10663,944,11,0
2062,10663,945,12,0
2063,10663,946,13,0
2064,10663,947,14,0
2065,10663,948,15,0
2022,10663,950,16,0
2023,10663,951,17,0
2066,10663,952,18,0
2067,10663,954,19,0
2068,10663,955,20,0
2008,10663,955,21,0
2009,10663,956,22,0
2074,10663,957,23,0
2049,10663,957,24,0
2043,10663,958,25,0
2044,10663,960,26,0
2045,10663,961,27,0
2121,10663,963,28,0
1631,10663,965,29,1
1631,10666,595,1,0
1617,10666,598,2,0
2046,10666,599,3,0
2047,10666,600,4,0
2048,10666,602,5,0
2042,10666,603,6,0
2075,10666,603,7,0
2027,10666,604,8,0
2028,10666,605,9,0
2054,10666,605,10,0
2055,10666,606,11,0
2056,10666,607,12,0
2013,10666,609,13,0
2014,10666,610,14,0
2057,10666,612,15,0
2058,10666,613,16,0
2059,10666,614,17,0
2060,10666,615,18,0
2032,10666,617,19,0
2036,10666,618,20,0
2034,10666,619,21,0
3033,10666,620,22,0
3035,10666,622,23,0
3009,10666,623,24,0
3038,10666,624,25,0
3013,10666,624,26,0
3001,10666,625,27,0
3029,10666,626,28,0
3028,10666,627,29,1
1631,10665,595,1,0
1617,10665,598,2,0
2046,10665,599,3,0
2047,10665,600,4,0
2048,10665,602,5,0
2042,10665,603,6,0
2075,10665,603,7,0
2027,10665,604,8,0
2028,10665,605,9,0
2054,10665,605,10,0
2055,10665,606,11,0
2056,10665,607,12,0
2013,10665,609,13,0
2014,10665,610,14,0
2057,10665,612,15,0
2058,10665,613,16,0
2059,10665,614,17,0
2060,10665,615,18,0
2032,10665,617,19,0
2036,10665,618,20,0
2034,10665,619,21,0
3033,10665,620,22,0
3035,10665,622,23,0
3009,10665,623,24,0
3038,10665,624,25,0
3013,10665,624,26,0
3001,10665,625,27,0
3029,10665,626,28,0
3028,10665,627,29,1
3028,10635,560,1,0
3027,10635,561,2,0
3032,10635,562,3,0
3002,10635,563,4,0
3037,10635,563,5,0
3006,10635,564,6,0
3036,10635,565,7,0
3034,10635,568,8,0
2035,10635,568,9,0
2033,10635,569,10,0
2061,10635,570,11,0
2062,10635,571,12,0
2063,10635,572,13,0
2064,10635,573,14,0
2065,10635,574,15,0
2022,10635,576,16,0
2023,10635,577,17,0
2066,10635,578,18,0
2067,10635,580,19,0
2068,10635,581,20,0
2008,10635,581,21,0
2009,10635,582,22,0
2074,10635,583,23,0
2049,10635,583,24,0
2043,10635,584,25,0
2044,10635,586,26,0
2045,10635,587,27,0
2121,10635,588,28,0
1631,10635,590,29,1
1631,10634,895,1,0
1617,10634,898,2,0
2046,10634,899,3,0
2047,10634,900,4,0
2048,10634,902,5,0
2042,10634,903,6,0
2075,10634,903,7,0
2027,10634,904,8,0
2028,10634,905,9,0
2054,10634,905,10,0
2055,10634,906,11,0
2056,10634,907,12,0
2013,10634,909,13,0
2014,10634,910,14,0
2057,10634,912,15,0
2058,10634,913,16,0
2059,10634,914,17,0
2060,10634,915,18,0
2032,10634,917,19,0
2036,10634,918,20,0
2034,10634,919,21,0
3033,10634,920,22,0
3035,10634,922,23,0
3009,10634,923,24,0
3038,10634,924,25,0
3013,10634,924,26,0
3001,10634,925,27,0
3029,10634,926,28,0
3028,10634,927,29,1
3028,10637,560,1,0
3027,10637,561,2,0
3032,10637,562,3,0
3002,10637,563,4,0
3037,10637,563,5,0
3006,10637,564,6,0
3036,10637,565,7,0
3034,10637,568,8,0
2035,10637,568,9,0
2033,10637,569,10,0
2061,10637,570,11,0
2062,10637,571,12,0
2063,10637,572,13,0
2064,10637,573,14,0
2065,10637,574,15,0
2022,10637,576,16,0
2023,10637,577,17,0
2066,10637,578,18,0
2067,10637,580,19,0
2068,10637,581,20,0
2008,10637,581,21,0
2009,10637,582,22,0
2074,10637,583,23,0
2049,10637,583,24,0
2043,10637,584,25,0
2044,10637,586,26,0
2045,10637,587,27,0
2121,10637,588,28,0
1631,10637,590,29,1
3028,10636,560,1,0
3027,10636,561,2,0
3032,10636,562,3,0
3002,10636,563,4,0
3037,10636,563,5,0
3006,10636,564,6,0
3036,10636,565,7,0
3034,10636,568,8,0
2035,10636,568,9,0
2033,10636,569,10,0
2061,10636,570,11,0
2062,10636,571,12,0
2063,10636,572,13,0
2064,10636,573,14,0
2065,10636,574,15,0
2022,10636,576,16,0
2023,10636,577,17,0
2066,10636,578,18,0
2067,10636,580,19,0
2068,10636,581,20,0
2008,10636,581,21,0
2009,10636,582,22,0
2074,10636,583,23,0
2049,10636,583,24,0
2043,10636,584,25,0
2044,10636,586,26,0
2045,10636,587,27,0
2121,10636,588,28,0
1631,10636,590,29,1
3028,10639,560,1,0
3027,10639,561,2,0
3032,10639,562,3,0
3002,10639,563,4,0
3037,10639,563,5,0
3006,10639,564,6,0
3036,10639,565,7,0
3034,10639,568,8,0
2035,10639,568,9,0
2033,10639,569,10,0
2061,10639,570,11,0
2062,10639,571,12,0
2063,10639,572,13,0
2064,10639,573,14,0
2065,10639,574,15,0
2022,10639,576,16,0
2023,10639,577,17,0
2066,10639,578,18,0
2067,10639,580,19,0
2068,10639,581,20,0
2008,10639,581,21,0
2009,10639,582,22,0
2074,10639,583,23,0
2049,10639,583,24,0
2043,10639,584,25,0
2044,10639,586,26,0
2045,10639,587,27,0
2121,10639,588,28,0
1631,10639,590,29,1
3028,10638,560,1,0
3027,10638,561,2,0
3032,10638,562,3,0
3002,10638,563,4,0
3037,10638,563,5,0
3006,10638,564,6,0
3036,10638,565,7,0
3034,10638,568,8,0
2035,10638,568,9,0
2033,10638,569,10,0
2061,10638,570,11,0
2062,10638,571,12,0
2063,10638,572,13,0
2064,10638,573,14,0
2065,10638,574,15,0
2022,10638,576,16,0
2023,10638,577,17,0
2066,10638,578,18,0
2067,10638,580,19,0
2068,10638,581,20,0
2008,10638,581,21,0
2009,10638,582,22,0
2074,10638,583,23,0
2049,10638,583,24,0
2043,10638,584,25,0
2044,10638,586,26,0
2045,10638,587,27,0
2121,10638,588,28,0
1631,10638,590,29,1
1631,10631,895,1,0
1617,10631,898,2,0
2046,10631,899,3,0
2047,10631,900,4,0
2048,10631,902,5,0
2042,10631,903,6,0
2075,10631,903,7,0
2027,10631,904,8,0
2028,10631,905,9,0
2054,10631,905,10,0
2055,10631,906,11,0
2056,10631,907,12,0
2013,10631,909,13,0
2014,10631,910,14,0
2057,10631,912,15,0
2058,10631,913,16,0
2059,10631,914,17,0
2060,10631,915,18,0
2032,10631,917,19,0
2036,10631,918,20,0
2034,10631,919,21,0
3033,10631,920,22,0
3035,10631,922,23,0
3009,10631,923,24,0
3038,10631,924,25,0
3013,10631,924,26,0
3001,10631,925,27,0
3029,10631,926,28,0
3028,10631,927,29,1
1631,10630,895,1,0
1617,10630,898,2,0
2046,10630,899,3,0
2047,10630,900,4,0
2048,10630,902,5,0
2042,10630,903,6,0
2075,10630,903,7,0
2027,10630,904,8,0
2028,10630,905,9,0
2054,10630,905,10,0
2055,10630,906,11,0
2056,10630,907,12,0
2013,10630,909,13,0
2014,10630,910,14,0
2057,10630,912,15,0
2058,10630,913,16,0
2059,10630,914,17,0
2060,10630,915,18,0
2032,10630,917,19,0
2036,10630,918,20,0
2034,10630,919,21,0
3033,10630,920,22,0
3035,10630,922,23,0
3009,10630,923,24,0
3038,10630,924,25,0
3013,10630,924,26,0
3001,10630,925,27,0
3029,10630,926,28,0
3028,10630,927,29,1
1631,10633,895,1,0
1617,10633,898,2,0
2046,10633,899,3,0
2047,10633,900,4,0
2048,10633,902,5,0
2042,10633,903,6,0
2075,10633,903,7,0
2027,10633,904,8,0
2028,10633,905,9,0
2054,10633,905,10,0
2055,10633,906,11,0
2056,10633,907,12,0
2013,10633,909,13,0
2014,10633,910,14,0
2057,10633,912,15,0
2058,10633,913,16,0
2059,10633,914,17,0
2060,10633,915,18,0
2032,10633,917,19,0
2036,10633,918,20,0
2034,10633,919,21,0
3033,10633,920,22,0
3035,10633,922,23,0
3009,10633,923,24,0
3038,10633,924,25,0
3013,10633,924,26,0
3001,10633,925,27,0
3029,10633,926,28,0
3028,10633,927,29,1
1631,10632,895,1,0
1617,10632,898,2,0
2046,10632,899,3,0
2047,10632,900,4,0
2048,10632,902,5,0
2042,10632,903,6,0
2075,10632,903,7,0
2027,10632,904,8,0
2028,10632,905,9,0
2054,10632,905,10,0
2055,10632,906,11,0
2056,10632,907,12,0
2013,10632,909,13,0
2014,10632,910,14,0
2057,10632,912,15,0
2058,10632,913,16,0
2059,10632,914,17,0
2060,10632,915,18,0
2032,10632,917,19,0
2036,10632,918,20,0
2034,10632,919,21,0
3033,10632,920,22,0
3035,10632,922,23,0
3009,10632,923,24,0
3038,10632,924,25,0
3013,10632,924,26,0
3001,10632,925,27,0
3029,10632,926,28,0
3028,10632,927,29,1
3028,10646,710,1,0
3027,10646,711,2,0
3032,10646,712,3,0
3002,10646,713,4,0
3037,10646,713,5,0
3006,10646,714,6,0
3036,10646,715,7,0
3034,10646,718,8,0
2035,10646,718,9,0
2033,10646,719,10,0
2061,10646,720,11,0
2062,10646,721,12,0
2063,10646,722,13,0
2064,10646,723,14,0
2065,10646,724,15,0
2022,10646,726,16,0
2023,10646,727,17,0
2066,10646,728,18,0
2067,10646,730,19,0
2068,10646,731,20,0
2008,10646,731,21,0
2009,10646,732,22,0
2074,10646,733,23,0
2049,10646,733,24,0
2043,10646,734,25,0
2044,10646,736,26,0
2045,10646,737,27,0
2121,10646,739,28,0
1631,10646,742,29,1
3028,10645,710,1,0
3027,10645,711,2,0
3032,10645,712,3,0
3002,10645,713,4,0
3037,10645,713,5,0
3006,10645,714,6,0
3036,10645,715,7,0
3034,10645,718,8,0
2035,10645,718,9,0
2033,10645,719,10,0
2061,10645,720,11,0
2062,10645,721,12,0
2063,10645,722,13,0
2064,10645,723,14,0
2065,10645,724,15,0
2022,10645,726,16,0
2023,10645,727,17,0
2066,10645,728,18,0
2067,10645,730,19,0
2068,10645,731,20,0
2008,10645,731,21,0
2009,10645,732,22,0
2074,10645,733,23,0
2049,10645,733,24,0
2043,10645,734,25,0
2044,10645,736,26,0
2045,10645,737,27,0
2121,10645,739,28,0
1631,10645,742,29,1
3028,10648,710,1,0
3027,10648,711,2,0
3032,10648,712,3,0
3002,10648,713,4,0
3037,10648,713,5,0
3006,10648,714,6,0
3036,10648,715,7,0
3034,10648,718,8,0
2035,10648,718,9,0
2033,10648,719,10,0
2061,10648,720,11,0
2062,10648,721,12,0
2063,10648,722,13,0
2064,10648,723,14,0
2065,10648,724,15,0
2022,10648,726,16,0
2023,10648,727,17,0
2066,10648,728,18,0
2067,10648,730,19,0
2068,10648,731,20,0
2008,10648,731,21,0
2009,10648,732,22,0
2074,10648,733,23,0
2049,10648,733,24,0
2043,10648,734,25,0
2044,10648,736,26,0
2045,10648,737,27,0
2121,10648,739,28,0
1631,10648,742,29,1
3028,10647,710,1,0
3027,10647,711,2,0
3032,10647,712,3,0
3002,10647,713,4,0
3037,10647,713,5,0
3006,10647,714,6,0
3036,10647,715,7,0
3034,10647,718,8,0
2035,10647,718,9,0
2033,10647,719,10,0
2061,10647,720,11,0
2062,10647,721,12,0
2063,10647,722,13,0
2064,10647,723,14,0
2065,10647,724,15,0
2022,10647,726,16,0
2023,10647,727,17,0
2066,10647,728,18,0
2067,10647,730,19,0
2068,10647,731,20,0
2008,10647,731,21,0
2009,10647,732,22,0
2074,10647,733,23,0
2049,10647,733,24,0
2043,10647,734,25,0
2044,10647,736,26,0
2045,10647,737,27,0
2121,10647,739,28,0
1631,10647,742,29,1
3028,10649,710,1,0
3027,10649,711,2,0
3032,10649,712,3,0
3002,10649,713,4,0
3037,10649,713,5,0
3006,10649,714,6,0
3036,10649,715,7,0
3034,10649,718,8,0
2035,10649,718,9,0
2033,10649,719,10,0
2061,10649,720,11,0
2062,10649,721,12,0
2063,10649,722,13,0
2064,10649,723,14,0
2065,10649,724,15,0
2022,10649,726,16,0
2023,10649,727,17,0
2066,10649,728,18,0
2067,10649,730,19,0
2068,10649,731,20,0
2008,10649,731,21,0
2009,10649,732,22,0
2074,10649,733,23,0
2049,10649,733,24,0
2043,10649,734,25,0
2044,10649,736,26,0
2045,10649,737,27,0
2121,10649,739,28,0
1631,10649,742,29,1
3028,10640,635,1,0
3027,10640,636,2,0
3032,10640,637,3,0
3002,10640,638,4,0
3037,10640,638,5,0
3006,10640,639,6,0
3036,10640,640,7,0
3034,10640,643,8,0
2035,10640,643,9,0
2033,10640,644,10,0
2061,10640,645,11,0
2062,10640,646,12,0
2063,10640,647,13,0
2064,10640,648,14,0
2065,10640,649,15,0
2022,10640,651,16,0
2023,10640,652,17,0
2066,10640,653,18,0
2067,10640,655,19,0
2068,10640,656,20,0
2008,10640,656,21,0
2009,10640,657,22,0
2074,10640,658,23,0
2049,10640,658,24,0
2043,10640,659,25,0
2044,10640,661,26,0
2045,10640,662,27,0
2121,10640,663,28,0
1631,10640,665,29,1
3028,10642,635,1,0
3027,10642,636,2,0
3032,10642,637,3,0
3002,10642,638,4,0
3037,10642,638,5,0
3006,10642,639,6,0
3036,10642,640,7,0
3034,10642,643,8,0
2035,10642,643,9,0
2033,10642,644,10,0
2061,10642,645,11,0
2062,10642,646,12,0
2063,10642,647,13,0
2064,10642,648,14,0
2065,10642,649,15,0
2022,10642,651,16,0
2023,10642,652,17,0
2066,10642,653,18,0
2067,10642,655,19,0
2068,10642,656,20,0
2008,10642,656,21,0
2009,10642,657,22,0
2074,10642,658,23,0
2049,10642,658,24,0
2043,10642,659,25,0
2044,10642,661,26,0
2045,10642,662,27,0
2121,10642,663,28,0
1631,10642,665,29,1
3028,10641,635,1,0
3027,10641,636,2,0
3032,10641,637,3,0
3002,10641,638,4,0
3037,10641,638,5,0
3006,10641,639,6,0
3036,10641,640,7,0
3034,10641,643,8,0
2035,10641,643,9,0
2033,10641,644,10,0
2061,10641,645,11,0
2062,10641,646,12,0
2063,10641,647,13,0
2064,10641,648,14,0
2065,10641,649,15,0
2022,10641,651,16,0
2023,10641,652,17,0
2066,10641,653,18,0
2067,10641,655,19,0
2068,10641,656,20,0
2008,10641,656,21,0
2009,10641,657,22,0
2074,10641,658,23,0
2049,10641,658,24,0
2043,10641,659,25,0
2044,10641,661,26,0
2045,10641,662,27,0
2121,10641,663,28,0
1631,10641,665,29,1
3028,10644,635,1,0
3027,10644,636,2,0
3032,10644,637,3,0
3002,10644,638,4,0
3037,10644,638,5,0
3006,10644,639,6,0
3036,10644,640,7,0
3034,10644,643,8,0
2035,10644,643,9,0
2033,10644,644,10,0
2061,10644,645,11,0
2062,10644,646,12,0
2063,10644,647,13,0
2064,10644,648,14,0
2065,10644,649,15,0
2022,10644,651,16,0
2023,10644,652,17,0
2066,10644,653,18,0
2067,10644,655,19,0
2068,10644,656,20,0
2008,10644,656,21,0
2009,10644,657,22,0
2074,10644,658,23,0
2049,10644,658,24,0
2043,10644,659,25,0
2044,10644,661,26,0
2045,10644,662,27,0
2121,10644,663,28,0
1631,10644,665,29,1
3028,10643,635,1,0
3027,10643,636,2,0
3032,10643,637,3,0
3002,10643,638,4,0
3037,10643,638,5,0
3006,10643,639,6,0
3036,10643,640,7,0
3034,10643,643,8,0
2035,10643,643,9,0
2033,10643,644,10,0
2061,10643,645,11,0
2062,10643,646,12,0
2063,10643,647,13,0
2064,10643,648,14,0
2065,10643,649,15,0
2022,10643,651,16,0
2023,10643,652,17,0
2066,10643,653,18,0
2067,10643,655,19,0
2068,10643,656,20,0
2008,10643,656,21,0
2009,10643,657,22,0
2074,10643,658,23,0
2049,10643,658,24,0
2043,10643,659,25,0
2044,10643,661,26,0
2045,10643,662,27,0
2121,10643,663,28,0
1631,10643,665,29,1
3028,10609,1115,1,0
3027,10609,1116,2,0
3032,10609,1117,3,0
3002,10609,1118,4,0
3037,10609,1118,5,0
3006,10609,1119,6,0
3036,10609,1120,7,0
3034,10609,1123,8,0
2035,10609,1123,9,0
2033,10609,1124,10,0
2061,10609,1125,11,0
2062,10609,1126,12,0
2063,10609,1127,13,0
2064,10609,1128,14,0
2065,10609,1129,15,0
2022,10609,1130,16,0
2023,10609,1131,17,0
2066,10609,1132,18,0
2067,10609,1134,19,0
2068,10609,1135,20,0
2008,10609,1135,21,0
2009,10609,1136,22,0
2074,10609,1137,23,0
2049,10609,1137,24,0
2043,10609,1138,25,0
2044,10609,1140,26,0
2045,10609,1141,27,0
2121,10609,1143,28,0
1631,10609,1145,29,1
3028,10613,1085,1,0
3027,10613,1086,2,0
3032,10613,1087,3,0
3002,10613,1088,4,0
3037,10613,1088,5,0
3006,10613,1089,6,0
3036,10613,1090,7,0
3034,10613,1093,8,0
2035,10613,1093,9,0
2033,10613,1095,10,0
2061,10613,1097,11,0
2062,10613,1098,12,0
2063,10613,1099,13,0
2064,10613,1100,14,0
2065,10613,1101,15,0
2022,10613,1102,16,0
2023,10613,1103,17,0
2066,10613,1104,18,0
2067,10613,1106,19,0
2068,10613,1107,20,0
2008,10613,1108,21,0
2009,10613,1108,22,0
2074,10613,1109,23,0
2049,10613,1110,24,0
2043,10613,1111,25,0
2044,10613,1113,26,0
2045,10613,1114,27,0
2121,10613,1117,28,0
1631,10613,1120,29,1
3028,10612,1085,1,0
3027,10612,1086,2,0
3032,10612,1087,3,0
3002,10612,1088,4,0
3037,10612,1088,5,0
3006,10612,1089,6,0
3036,10612,1090,7,0
3034,10612,1093,8,0
2035,10612,1093,9,0
2033,10612,1095,10,0
2061,10612,1097,11,0
2062,10612,1098,12,0
2063,10612,1099,13,0
2064,10612,1100,14,0
2065,10612,1101,15,0
2022,10612,1102,16,0
2023,10612,1103,17,0
2066,10612,1104,18,0
2067,10612,1106,19,0
2068,10612,1107,20,0
2008,10612,1108,21,0
2009,10612,1108,22,0
2074,10612,1109,23,0
2049,10612,1110,24,0
2043,10612,1111,25,0
2044,10612,1113,26,0
2045,10612,1114,27,0
2121,10612,1117,28,0
1631,10612,1120,29,1
1631,10615,1070,1,0
1617,10615,1073,2,0
2046,10615,1074,3,0
2047,10615,1075,4,0
2048,10615,1078,5,0
2042,10615,1079,6,0
2075,10615,1080,7,0
2027,10615,1081,8,0
2028,10615,1082,9,0
2054,10615,1083,10,0
2055,10615,1084,11,0
2056,10615,1085,12,0
2013,10615,1087,13,0
2014,10615,1088,14,0
2057,10615,1090,15,0
2058,10615,1091,16,0
2059,10615,1092,17,0
2060,10615,1093,18,0
2032,10615,1095,19,0
2036,10615,1097,20,0
2034,10615,1098,21,0
3033,10615,1099,22,0
3035,10615,1101,23,0
3009,10615,1102,24,0
3038,10615,1103,25,0
3013,10615,1104,26,0
3001,10615,1105,27,0
3029,10615,1106,28,0
3028,10615,1107,29,1
3028,10614,1085,1,0
3027,10614,1086,2,0
3032,10614,1087,3,0
3002,10614,1088,4,0
3037,10614,1088,5,0
3006,10614,1089,6,0
3036,10614,1090,7,0
3034,10614,1093,8,0
2035,10614,1093,9,0
2033,10614,1095,10,0
2061,10614,1097,11,0
2062,10614,1098,12,0
2063,10614,1099,13,0
2064,10614,1100,14,0
2065,10614,1101,15,0
2022,10614,1102,16,0
2023,10614,1103,17,0
2066,10614,1104,18,0
2067,10614,1106,19,0
2068,10614,1107,20,0
2008,10614,1108,21,0
2009,10614,1108,22,0
2074,10614,1109,23,0
2049,10614,1110,24,0
2043,10614,1111,25,0
2044,10614,1113,26,0
2045,10614,1114,27,0
2121,10614,1117,28,0
1631,10614,1120,29,1
1631,10617,1070,1,0
1617,10617,1073,2,0
2046,10617,1074,3,0
2047,10617,1075,4,0
2048,10617,1078,5,0
2042,10617,1079,6,0
2075,10617,1080,7,0
2027,10617,1081,8,0
2028,10617,1082,9,0
2054,10617,1083,10,0
2055,10617,1084,11,0
2056,10617,1085,12,0
2013,10617,1087,13,0
2014,10617,1088,14,0
2057,10617,1090,15,0
2058,10617,1091,16,0
2059,10617,1092,17,0
2060,10617,1093,18,0
2032,10617,1095,19,0
2036,10617,1097,20,0
2034,10617,1098,21,0
3033,10617,1099,22,0
3035,10617,1101,23,0
3009,10617,1102,24,0
3038,10617,1103,25,0
3013,10617,1104,26,0
3001,10617,1105,27,0
3029,10617,1106,28,0
3028,10617,1107,29,1
1631,10616,1070,1,0
1617,10616,1073,2,0
2046,10616,1074,3,0
2047,10616,1075,4,0
2048,10616,1078,5,0
2042,10616,1079,6,0
2075,10616,1080,7,0
2027,10616,1081,8,0
2028,10616,1082,9,0
2054,10616,1083,10,0
2055,10616,1084,11,0
2056,10616,1085,12,0
2013,10616,1087,13,0
2014,10616,1088,14,0
2057,10616,1090,15,0
2058,10616,1091,16,0
2059,10616,1092,17,0
2060,10616,1093,18,0
2032,10616,1095,19,0
2036,10616,1097,20,0
2034,10616,1098,21,0
3033,10616,1099,22,0
3035,10616,1101,23,0
3009,10616,1102,24,0
3038,10616,1103,25,0
3013,10616,1104,26,0
3001,10616,1105,27,0
3029,10616,1106,28,0
3028,10616,1107,29,1
1631,10619,1070,1,0
1617,10619,1073,2,0
2046,10619,1074,3,0
2047,10619,1075,4,0
2048,10619,1078,5,0
2042,10619,1079,6,0
2075,10619,1080,7,0
2027,10619,1081,8,0
2028,10619,1082,9,0
2054,10619,1083,10,0
2055,10619,1084,11,0
2056,10619,1085,12,0
2013,10619,1087,13,0
2014,10619,1088,14,0
2057,10619,1090,15,0
2058,10619,1091,16,0
2059,10619,1092,17,0
2060,10619,1093,18,0
2032,10619,1095,19,0
2036,10619,1097,20,0
2034,10619,1098,21,0
3033,10619,1099,22,0
3035,10619,1101,23,0
3009,10619,1102,24,0
3038,10619,1103,25,0
3013,10619,1104,26,0
3001,10619,1105,27,0
3029,10619,1106,28,0
3028,10619,1107,29,1
1631,10618,1070,1,0
1617,10618,1073,2,0
2046,10618,1074,3,0
2047,10618,1075,4,0
2048,10618,1078,5,0
2042,10618,1079,6,0
2075,10618,1080,7,0
2027,10618,1081,8,0
2028,10618,1082,9,0
2054,10618,1083,10,0
2055,10618,1084,11,0
2056,10618,1085,12,0
2013,10618,1087,13,0
2014,10618,1088,14,0
2057,10618,1090,15,0
2058,10618,1091,16,0
2059,10618,1092,17,0
2060,10618,1093,18,0
2032,10618,1095,19,0
2036,10618,1097,20,0
2034,10618,1098,21,0
3033,10618,1099,22,0
3035,10618,1101,23,0
3009,10618,1102,24,0
3038,10618,1103,25,0
3013,10618,1104,26,0
3001,10618,1105,27,0
3029,10618,1106,28,0
3028,10618,1107,29,1
3028,10611,1085,1,0
3027,10611,1086,2,0
3032,10611,1087,3,0
3002,10611,1088,4,0
3037,10611,1088,5,0
3006,10611,1089,6,0
3036,10611,1090,7,0
3034,10611,1093,8,0
2035,10611,1093,9,0
2033,10611,1095,10,0
2061,10611,1097,11,0
2062,10611,1098,12,0
2063,10611,1099,13,0
2064,10611,1100,14,0
2065,10611,1101,15,0
2022,10611,1102,16,0
2023,10611,1103,17,0
2066,10611,1104,18,0
2067,10611,1106,19,0
2068,10611,1107,20,0
2008,10611,1108,21,0
2009,10611,1108,22,0
2074,10611,1109,23,0
2049,10611,1110,24,0
2043,10611,1111,25,0
2044,10611,1113,26,0
2045,10611,1114,27,0
2121,10611,1117,28,0
1631,10611,1120,29,1
3028,10610,1085,1,0
3027,10610,1086,2,0
3032,10610,1087,3,0
3002,10610,1088,4,0
3037,10610,1088,5,0
3006,10610,1089,6,0
3036,10610,1090,7,0
3034,10610,1093,8,0
2035,10610,1093,9,0
2033,10610,1095,10,0
2061,10610,1097,11,0
2062,10610,1098,12,0
2063,10610,1099,13,0
2064,10610,1100,14,0
2065,10610,1101,15,0
2022,10610,1102,16,0
2023,10610,1103,17,0
2066,10610,1104,18,0
2067,10610,1106,19,0
2068,10610,1107,20,0
2008,10610,1108,21,0
2009,10610,1108,22,0
2074,10610,1109,23,0
2049,10610,1110,24,0
2043,10610,1111,25,0
2044,10610,1113,26,0
2045,10610,1114,27,0
2121,10610,1117,28,0
1631,10610,1120,29,1
3028,10624,530,1,0
3027,10624,531,2,0
3032,10624,532,3,0
3002,10624,533,4,0
3037,10624,533,5,0
3006,10624,534,6,0
3036,10624,535,7,0
3034,10624,538,8,0
2035,10624,538,9,0
2033,10624,539,10,0
2061,10624,540,11,0
2062,10624,541,12,0
2063,10624,542,13,0
2064,10624,543,14,0
2065,10624,544,15,0
2022,10624,546,16,0
2023,10624,547,17,0
2066,10624,548,18,0
2067,10624,550,19,0
2068,10624,551,20,0
2008,10624,551,21,0
2009,10624,552,22,0
2074,10624,553,23,0
2049,10624,553,24,0
2043,10624,554,25,0
2044,10624,556,26,0
2045,10624,557,27,0
2121,10624,559,28,0
1631,10624,561,29,1
3028,10623,530,1,0
3027,10623,531,2,0
3032,10623,532,3,0
3002,10623,533,4,0
3037,10623,533,5,0
3006,10623,534,6,0
3036,10623,535,7,0
3034,10623,538,8,0
2035,10623,538,9,0
2033,10623,539,10,0
2061,10623,540,11,0
2062,10623,541,12,0
2063,10623,542,13,0
2064,10623,543,14,0
2065,10623,544,15,0
2022,10623,546,16,0
2023,10623,547,17,0
2066,10623,548,18,0
2067,10623,550,19,0
2068,10623,551,20,0
2008,10623,551,21,0
2009,10623,552,22,0
2074,10623,553,23,0
2049,10623,553,24,0
2043,10623,554,25,0
2044,10623,556,26,0
2045,10623,557,27,0
2121,10623,559,28,0
1631,10623,561,29,1
1631,10626,515,1,0
1617,10626,518,2,0
2046,10626,519,3,0
2047,10626,520,4,0
2048,10626,522,5,0
2042,10626,523,6,0
2075,10626,523,7,0
2027,10626,524,8,0
2028,10626,525,9,0
2054,10626,525,10,0
2055,10626,526,11,0
2056,10626,527,12,0
2013,10626,529,13,0
2014,10626,530,14,0
2057,10626,532,15,0
2058,10626,533,16,0
2059,10626,534,17,0
2060,10626,536,18,0
2032,10626,539,19,0
2036,10626,540,20,0
2034,10626,541,21,0
3033,10626,542,22,0
3035,10626,544,23,0
3009,10626,545,24,0
3038,10626,546,25,0
3013,10626,546,26,0
3001,10626,547,27,0
3029,10626,548,28,0
3028,10626,549,29,1
1631,10625,515,1,0
1617,10625,518,2,0
2046,10625,519,3,0
2047,10625,520,4,0
2048,10625,522,5,0
2042,10625,523,6,0
2075,10625,523,7,0
2027,10625,524,8,0
2028,10625,525,9,0
2054,10625,525,10,0
2055,10625,526,11,0
2056,10625,527,12,0
2013,10625,529,13,0
2014,10625,530,14,0
2057,10625,532,15,0
2058,10625,533,16,0
2059,10625,534,17,0
2060,10625,536,18,0
2032,10625,539,19,0
2036,10625,540,20,0
2034,10625,541,21,0
3033,10625,542,22,0
3035,10625,544,23,0
3009,10625,545,24,0
3038,10625,546,25,0
3013,10625,546,26,0
3001,10625,547,27,0
3029,10625,548,28,0
3028,10625,549,29,1
1631,10628,515,1,0
1617,10628,518,2,0
2046,10628,519,3,0
2047,10628,520,4,0
2048,10628,522,5,0
2042,10628,523,6,0
2075,10628,523,7,0
2027,10628,524,8,0
2028,10628,525,9,0
2054,10628,525,10,0
2055,10628,526,11,0
2056,10628,527,12,0
2013,10628,529,13,0
2014,10628,530,14,0
2057,10628,532,15,0
2058,10628,533,16,0
2059,10628,534,17,0
2060,10628,536,18,0
2032,10628,539,19,0
2036,10628,540,20,0
2034,10628,541,21,0
3033,10628,542,22,0
3035,10628,544,23,0
3009,10628,545,24,0
3038,10628,546,25,0
3013,10628,546,26,0
3001,10628,547,27,0
3029,10628,548,28,0
3028,10628,549,29,1
1631,10627,515,1,0
1617,10627,518,2,0
2046,10627,519,3,0
2047,10627,520,4,0
2048,10627,522,5,0
2042,10627,523,6,0
2075,10627,523,7,0
2027,10627,524,8,0
2028,10627,525,9,0
2054,10627,525,10,0
2055,10627,526,11,0
2056,10627,527,12,0
2013,10627,529,13,0
2014,10627,530,14,0
2057,10627,532,15,0
2058,10627,533,16,0
2059,10627,534,17,0
2060,10627,536,18,0
2032,10627,539,19,0
2036,10627,540,20,0
2034,10627,541,21,0
3033,10627,542,22,0
3035,10627,544,23,0
3009,10627,545,24,0
3038,10627,546,25,0
3013,10627,546,26,0
3001,10627,547,27,0
3029,10627,548,28,0
3028,10627,549,29,1
1631,10629,515,1,0
1617,10629,518,2,0
2046,10629,519,3,0
2047,10629,520,4,0
2048,10629,522,5,0
2042,10629,523,6,0
2075,10629,523,7,0
2027,10629,524,8,0
2028,10629,525,9,0
2054,10629,525,10,0
2055,10629,526,11,0
2056,10629,527,12,0
2013,10629,529,13,0
2014,10629,530,14,0
2057,10629,532,15,0
2058,10629,533,16,0
2059,10629,534,17,0
2060,10629,536,18,0
2032,10629,539,19,0
2036,10629,540,20,0
2034,10629,541,21,0
3033,10629,542,22,0
3035,10629,544,23,0
3009,10629,545,24,0
3038,10629,546,25,0
3013,10629,546,26,0
3001,10629,547,27,0
3029,10629,548,28,0
3028,10629,549,29,1
3028,10620,530,1,0
3027,10620,531,2,0
3032,10620,532,3,0
3002,10620,533,4,0
3037,10620,533,5,0
3006,10620,534,6,0
3036,10620,535,7,0
3034,10620,538,8,0
2035,10620,538,9,0
2033,10620,539,10,0
2061,10620,540,11,0
2062,10620,541,12,0
2063,10620,542,13,0
2064,10620,543,14,0
2065,10620,544,15,0
2022,10620,546,16,0
2023,10620,547,17,0
2066,10620,548,18,0
2067,10620,550,19,0
2068,10620,551,20,0
2008,10620,551,21,0
2009,10620,552,22,0
2074,10620,553,23,0
2049,10620,553,24,0
2043,10620,554,25,0
2044,10620,556,26,0
2045,10620,557,27,0
2121,10620,559,28,0
1631,10620,561,29,1
3028,10622,530,1,0
3027,10622,531,2,0
3032,10622,532,3,0
3002,10622,533,4,0
3037,10622,533,5,0
3006,10622,534,6,0
3036,10622,535,7,0
3034,10622,538,8,0
2035,10622,538,9,0
2033,10622,539,10,0
2061,10622,540,11,0
2062,10622,541,12,0
2063,10622,542,13,0
2064,10622,543,14,0
2065,10622,544,15,0
2022,10622,546,16,0
2023,10622,547,17,0
2066,10622,548,18,0
2067,10622,550,19,0
2068,10622,551,20,0
2008,10622,551,21,0
2009,10622,552,22,0
2074,10622,553,23,0
2049,10622,553,24,0
2043,10622,554,25,0
2044,10622,556,26,0
2045,10622,557,27,0
2121,10622,559,28,0
1631,10622,561,29,1
3028,10621,530,1,0
3027,10621,531,2,0
3032,10621,532,3,0
3002,10621,533,4,0
3037,10621,533,5,0
3006,10621,534,6,0
3036,10621,535,7,0
3034,10621,538,8,0
2035,10621,538,9,0
2033,10621,539,10,0
2061,10621,540,11,0
2062,10621,541,12,0
2063,10621,542,13,0
2064,10621,543,14,0
2065,10621,544,15,0
2022,10621,546,16,0
2023,10621,547,17,0
2066,10621,548,18,0
2067,10621,550,19,0
2068,10621,551,20,0
2008,10621,551,21,0
2009,10621,552,22,0
2074,10621,553,23,0
2049,10621,553,24,0
2043,10621,554,25,0
2044,10621,556,26,0
2045,10621,557,27,0
2121,10621,559,28,0
1631,10621,561,29,1
3028,10602,1030,1,0
3027,10602,1031,2,0
3032,10602,1032,3,0
3002,10602,1033,4,0
3037,10602,1033,5,0
3006,10602,1034,6,0
3036,10602,1035,7,0
3034,10602,1038,8,0
2035,10602,1038,9,0
2033,10602,1039,10,0
2061,10602,1041,11,0
2062,10602,1042,12,0
2063,10602,1043,13,0
2064,10602,1045,14,0
2065,10602,1046,15,0
2022,10602,1048,16,0
2023,10602,1049,17,0
2066,10602,1050,18,0
2067,10602,1052,19,0
2068,10602,1053,20,0
2008,10602,1054,21,0
2009,10602,1055,22,0
2074,10602,1055,23,0
2049,10602,1056,24,0
2043,10602,1057,25,0
2044,10602,1060,26,0
2045,10602,1061,27,0
2121,10602,1064,28,0
1631,10602,1069,29,1
3028,10601,1030,1,0
3027,10601,1031,2,0
3032,10601,1032,3,0
3002,10601,1033,4,0
3037,10601,1033,5,0
3006,10601,1034,6,0
3036,10601,1035,7,0
3034,10601,1038,8,0
2035,10601,1038,9,0
2033,10601,1039,10,0
2061,10601,1041,11,0
2062,10601,1042,12,0
2063,10601,1043,13,0
2064,10601,1045,14,0
2065,10601,1046,15,0
2022,10601,1048,16,0
2023,10601,1049,17,0
2066,10601,1050,18,0
2067,10601,1052,19,0
2068,10601,1053,20,0
2008,10601,1054,21,0
2009,10601,1055,22,0
2074,10601,1055,23,0
2049,10601,1056,24,0
2043,10601,1057,25,0
2044,10601,1060,26,0
2045,10601,1061,27,0
2121,10601,1064,28,0
1631,10601,1069,29,1
3028,10604,1030,1,0
3027,10604,1031,2,0
3032,10604,1032,3,0
3002,10604,1033,4,0
3037,10604,1033,5,0
3006,10604,1034,6,0
3036,10604,1035,7,0
3034,10604,1038,8,0
2035,10604,1038,9,0
2033,10604,1039,10,0
2061,10604,1041,11,0
2062,10604,1042,12,0
2063,10604,1043,13,0
2064,10604,1045,14,0
2065,10604,1046,15,0
2022,10604,1048,16,0
2023,10604,1049,17,0
2066,10604,1050,18,0
2067,10604,1052,19,0
2068,10604,1053,20,0
2008,10604,1054,21,0
2009,10604,1055,22,0
2074,10604,1055,23,0
2049,10604,1056,24,0
2043,10604,1057,25,0
2044,10604,1060,26,0
2045,10604,1061,27,0
2121,10604,1064,28,0
1631,10604,1069,29,1
3028,10603,1030,1,0
3027,10603,1031,2,0
3032,10603,1032,3,0
3002,10603,1033,4,0
3037,10603,1033,5,0
3006,10603,1034,6,0
3036,10603,1035,7,0
3034,10603,1038,8,0
2035,10603,1038,9,0
2033,10603,1039,10,0
2061,10603,1041,11,0
2062,10603,1042,12,0
2063,10603,1043,13,0
2064,10603,1045,14,0
2065,10603,1046,15,0
2022,10603,1048,16,0
2023,10603,1049,17,0
2066,10603,1050,18,0
2067,10603,1052,19,0
2068,10603,1053,20,0
2008,10603,1054,21,0
2009,10603,1055,22,0
2074,10603,1055,23,0
2049,10603,1056,24,0
2043,10603,1057,25,0
2044,10603,1060,26,0
2045,10603,1061,27,0
2121,10603,1064,28,0
1631,10603,1069,29,1
3028,10606,1115,1,0
3027,10606,1116,2,0
3032,10606,1117,3,0
3002,10606,1118,4,0
3037,10606,1118,5,0
3006,10606,1119,6,0
3036,10606,1120,7,0
3034,10606,1123,8,0
2035,10606,1123,9,0
2033,10606,1124,10,0
2061,10606,1125,11,0
2062,10606,1126,12,0
2063,10606,1127,13,0
2064,10606,1128,14,0
2065,10606,1129,15,0
2022,10606,1130,16,0
2023,10606,1131,17,0
2066,10606,1132,18,0
2067,10606,1134,19,0
2068,10606,1135,20,0
2008,10606,1135,21,0
2009,10606,1136,22,0
2074,10606,1137,23,0
2049,10606,1137,24,0
2043,10606,1138,25,0
2044,10606,1140,26,0
2045,10606,1141,27,0
2121,10606,1143,28,0
1631,10606,1145,29,1
3028,10605,1115,1,0
3027,10605,1116,2,0
3032,10605,1117,3,0
3002,10605,1118,4,0
3037,10605,1118,5,0
3006,10605,1119,6,0
3036,10605,1120,7,0
3034,10605,1123,8,0
2035,10605,1123,9,0
2033,10605,1124,10,0
2061,10605,1125,11,0
2062,10605,1126,12,0
2063,10605,1127,13,0
2064,10605,1128,14,0
2065,10605,1129,15,0
2022,10605,1130,16,0
2023,10605,1131,17,0
2066,10605,1132,18,0
2067,10605,1134,19,0
2068,10605,1135,20,0
2008,10605,1135,21,0
2009,10605,1136,22,0
2074,10605,1137,23,0
2049,10605,1137,24,0
2043,10605,1138,25,0
2044,10605,1140,26,0
2045,10605,1141,27,0
2121,10605,1143,28,0
1631,10605,1145,29,1
3028,10608,1115,1,0
3027,10608,1116,2,0
3032,10608,1117,3,0
3002,10608,1118,4,0
3037,10608,1118,5,0
3006,10608,1119,6,0
3036,10608,1120,7,0
3034,10608,1123,8,0
2035,10608,1123,9,0
2033,10608,1124,10,0
2061,10608,1125,11,0
2062,10608,1126,12,0
2063,10608,1127,13,0
2064,10608,1128,14,0
2065,10608,1129,15,0
2022,10608,1130,16,0
2023,10608,1131,17,0
2066,10608,1132,18,0
2067,10608,1134,19,0
2068,10608,1135,20,0
2008,10608,1135,21,0
2009,10608,1136,22,0
2074,10608,1137,23,0
2049,10608,1137,24,0
2043,10608,1138,25,0
2044,10608,1140,26,0
2045,10608,1141,27,0
2121,10608,1143,28,0
1631,10608,1145,29,1
3028,10607,1115,1,0
3027,10607,1116,2,0
3032,10607,1117,3,0
3002,10607,1118,4,0
3037,10607,1118,5,0
3006,10607,1119,6,0
3036,10607,1120,7,0
3034,10607,1123,8,0
2035,10607,1123,9,0
2033,10607,1124,10,0
2061,10607,1125,11,0
2062,10607,1126,12,0
2063,10607,1127,13,0
2064,10607,1128,14,0
2065,10607,1129,15,0
2022,10607,1130,16,0
2023,10607,1131,17,0
2066,10607,1132,18,0
2067,10607,1134,19,0
2068,10607,1135,20,0
2008,10607,1135,21,0
2009,10607,1136,22,0
2074,10607,1137,23,0
2049,10607,1137,24,0
2043,10607,1138,25,0
2044,10607,1140,26,0
2045,10607,1141,27,0
2121,10607,1143,28,0
1631,10607,1145,29,1
3028,10600,1030,1,0
3027,10600,1031,2,0
3032,10600,1032,3,0
3002,10600,1033,4,0
3037,10600,1033,5,0
3006,10600,1034,6,0
3036,10600,1035,7,0
3034,10600,1038,8,0
2035,10600,1038,9,0
2033,10600,1039,10,0
2061,10600,1041,11,0
2062,10600,1042,12,0
2063,10600,1043,13,0
2064,10600,1045,14,0
2065,10600,1046,15,0
2022,10600,1048,16,0
2023,10600,1049,17,0
2066,10600,1050,18,0
2067,10600,1052,19,0
2068,10600,1053,20,0
2008,10600,1054,21,0
2009,10600,1055,22,0
2074,10600,1055,23,0
2049,10600,1056,24,0
2043,10600,1057,25,0
2044,10600,1060,26,0
2045,10600,1061,27,0
2121,10600,1064,28,0
1631,10600,1069,29,1
1631,10679,750,1,0
1617,10679,753,2,0
2046,10679,754,3,0
2047,10679,755,4,0
2048,10679,757,5,0
2042,10679,758,6,0
2075,10679,758,7,0
2027,10679,759,8,0
2028,10679,760,9,0
2054,10679,760,10,0
2055,10679,761,11,0
2056,10679,762,12,0
2013,10679,764,13,0
2014,10679,765,14,0
2057,10679,767,15,0
2058,10679,768,16,0
2059,10679,769,17,0
2060,10679,770,18,0
2032,10679,772,19,0
2036,10679,773,20,0
2034,10679,774,21,0
3033,10679,775,22,0
3035,10679,777,23,0
3009,10679,778,24,0
3038,10679,779,25,0
3013,10679,779,26,0
3001,10679,780,27,0
3029,10679,781,28,0
3028,10679,782,29,1
1631,10678,750,1,0
1617,10678,753,2,0
2046,10678,754,3,0
2047,10678,755,4,0
2048,10678,757,5,0
2042,10678,758,6,0
2075,10678,758,7,0
2027,10678,759,8,0
2028,10678,760,9,0
2054,10678,760,10,0
2055,10678,761,11,0
2056,10678,762,12,0
2013,10678,764,13,0
2014,10678,765,14,0
2057,10678,767,15,0
2058,10678,768,16,0
2059,10678,769,17,0
2060,10678,770,18,0
2032,10678,772,19,0
2036,10678,773,20,0
2034,10678,774,21,0
3033,10678,775,22,0
3035,10678,777,23,0
3009,10678,778,24,0
3038,10678,779,25,0
3013,10678,779,26,0
3001,10678,780,27,0
3029,10678,781,28,0
3028,10678,782,29,1
1631,10671,670,1,0
1617,10671,673,2,0
2046,10671,674,3,0
2047,10671,675,4,0
2048,10671,677,5,0
2042,10671,678,6,0
2075,10671,678,7,0
2027,10671,679,8,0
2028,10671,680,9,0
2054,10671,680,10,0
2055,10671,681,11,0
2056,10671,682,12,0
2013,10671,684,13,0
2014,10671,685,14,0
2057,10671,687,15,0
2058,10671,688,16,0
2059,10671,689,17,0
2060,10671,690,18,0
2032,10671,692,19,0
2036,10671,693,20,0
2034,10671,694,21,0
3033,10671,695,22,0
3035,10671,697,23,0
3009,10671,698,24,0
3038,10671,699,25,0
3013,10671,699,26,0
3001,10671,700,27,0
3029,10671,701,28,0
3028,10671,702,29,1
1631,10670,670,1,0
1617,10670,673,2,0
2046,10670,674,3,0
2047,10670,675,4,0
2048,10670,677,5,0
2042,10670,678,6,0
2075,10670,678,7,0
2027,10670,679,8,0
2028,10670,680,9,0
2054,10670,680,10,0
2055,10670,681,11,0
2056,10670,682,12,0
2013,10670,684,13,0
2014,10670,685,14,0
2057,10670,687,15,0
2058,10670,688,16,0
2059,10670,689,17,0
2060,10670,690,18,0
2032,10670,692,19,0
2036,10670,693,20,0
2034,10670,694,21,0
3033,10670,695,22,0
3035,10670,697,23,0
3009,10670,698,24,0
3038,10670,699,25,0
3013,10670,699,26,0
3001,10670,700,27,0
3029,10670,701,28,0
3028,10670,702,29,1
1631,10673,670,1,0
1617,10673,673,2,0
2046,10673,674,3,0
2047,10673,675,4,0
2048,10673,677,5,0
2042,10673,678,6,0
2075,10673,678,7,0
2027,10673,679,8,0
2028,10673,680,9,0
2054,10673,680,10,0
2055,10673,681,11,0
2056,10673,682,12,0
2013,10673,684,13,0
2014,10673,685,14,0
2057,10673,687,15,0
2058,10673,688,16,0
2059,10673,689,17,0
2060,10673,690,18,0
2032,10673,692,19,0
2036,10673,693,20,0
2034,10673,694,21,0
3033,10673,695,22,0
3035,10673,697,23,0
3009,10673,698,24,0
3038,10673,699,25,0
3013,10673,699,26,0
3001,10673,700,27,0
3029,10673,701,28,0
3028,10673,702,29,1
1631,10672,670,1,0
1617,10672,673,2,0
2046,10672,674,3,0
2047,10672,675,4,0
2048,10672,677,5,0
2042,10672,678,6,0
2075,10672,678,7,0
2027,10672,679,8,0
2028,10672,680,9,0
2054,10672,680,10,0
2055,10672,681,11,0
2056,10672,682,12,0
2013,10672,684,13,0
2014,10672,685,14,0
2057,10672,687,15,0
2058,10672,688,16,0
2059,10672,689,17,0
2060,10672,690,18,0
2032,10672,692,19,0
2036,10672,693,20,0
2034,10672,694,21,0
3033,10672,695,22,0
3035,10672,697,23,0
3009,10672,698,24,0
3038,10672,699,25,0
3013,10672,699,26,0
3001,10672,700,27,0
3029,10672,701,28,0
3028,10672,702,29,1
1631,10675,750,1,0
1617,10675,753,2,0
2046,10675,754,3,0
2047,10675,755,4,0
2048,10675,757,5,0
2042,10675,758,6,0
2075,10675,758,7,0
2027,10675,759,8,0
2028,10675,760,9,0
2054,10675,760,10,0
2055,10675,761,11,0
2056,10675,762,12,0
2013,10675,764,13,0
2014,10675,765,14,0
2057,10675,767,15,0
2058,10675,768,16,0
2059,10675,769,17,0
2060,10675,770,18,0
2032,10675,772,19,0
2036,10675,773,20,0
2034,10675,774,21,0
3033,10675,775,22,0
3035,10675,777,23,0
3009,10675,778,24,0
3038,10675,779,25,0
3013,10675,779,26,0
3001,10675,780,27,0
3029,10675,781,28,0
3028,10675,782,29,1
1631,10674,670,1,0
1617,10674,673,2,0
2046,10674,674,3,0
2047,10674,675,4,0
2048,10674,677,5,0
2042,10674,678,6,0
2075,10674,678,7,0
2027,10674,679,8,0
2028,10674,680,9,0
2054,10674,680,10,0
2055,10674,681,11,0
2056,10674,682,12,0
2013,10674,684,13,0
2014,10674,685,14,0
2057,10674,687,15,0
2058,10674,688,16,0
2059,10674,689,17,0
2060,10674,690,18,0
2032,10674,692,19,0
2036,10674,693,20,0
2034,10674,694,21,0
3033,10674,695,22,0
3035,10674,697,23,0
3009,10674,698,24,0
3038,10674,699,25,0
3013,10674,699,26,0
3001,10674,700,27,0
3029,10674,701,28,0
3028,10674,702,29,1
1631,10677,750,1,0
1617,10677,753,2,0
2046,10677,754,3,0
2047,10677,755,4,0
2048,10677,757,5,0
2042,10677,758,6,0
2075,10677,758,7,0
2027,10677,759,8,0
2028,10677,760,9,0
2054,10677,760,10,0
2055,10677,761,11,0
2056,10677,762,12,0
2013,10677,764,13,0
2014,10677,765,14,0
2057,10677,767,15,0
2058,10677,768,16,0
2059,10677,769,17,0
2060,10677,770,18,0
2032,10677,772,19,0
2036,10677,773,20,0
2034,10677,774,21,0
3033,10677,775,22,0
3035,10677,777,23,0
3009,10677,778,24,0
3038,10677,779,25,0
3013,10677,779,26,0
3001,10677,780,27,0
3029,10677,781,28,0
3028,10677,782,29,1
1631,10676,750,1,0
1617,10676,753,2,0
2046,10676,754,3,0
2047,10676,755,4,0
2048,10676,757,5,0
2042,10676,758,6,0
2075,10676,758,7,0
2027,10676,759,8,0
2028,10676,760,9,0
2054,10676,760,10,0
2055,10676,761,11,0
2056,10676,762,12,0
2013,10676,764,13,0
2014,10676,765,14,0
2057,10676,767,15,0
2058,10676,768,16,0
2059,10676,769,17,0
2060,10676,770,18,0
2032,10676,772,19,0
2036,10676,773,20,0
2034,10676,774,21,0
3033,10676,775,22,0
3035,10676,777,23,0
3009,10676,778,24,0
3038,10676,779,25,0
3013,10676,779,26,0
3001,10676,780,27,0
3029,10676,781,28,0
3028,10676,782,29,1
1631,10680,820,1,0
1617,10680,823,2,0
2046,10680,824,3,0
2047,10680,825,4,0
2048,10680,827,5,0
2042,10680,828,6,0
2075,10680,828,7,0
2027,10680,829,8,0
2028,10680,830,9,0
2054,10680,830,10,0
2055,10680,831,11,0
2056,10680,832,12,0
2013,10680,834,13,0
2014,10680,835,14,0
2057,10680,837,15,0
2058,10680,838,16,0
2059,10680,839,17,0
2060,10680,840,18,0
2032,10680,842,19,0
2036,10680,843,20,0
2034,10680,844,21,0
3033,10680,845,22,0
3035,10680,847,23,0
3009,10680,848,24,0
3038,10680,849,25,0
3013,10680,849,26,0
3001,10680,850,27,0
3029,10680,851,28,0
3028,10680,852,29,1
1631,10682,820,1,0
1617,10682,823,2,0
2046,10682,824,3,0
2047,10682,825,4,0
2048,10682,827,5,0
2042,10682,828,6,0
2075,10682,828,7,0
2027,10682,829,8,0
2028,10682,830,9,0
2054,10682,830,10,0
2055,10682,831,11,0
2056,10682,832,12,0
2013,10682,834,13,0
2014,10682,835,14,0
2057,10682,837,15,0
2058,10682,838,16,0
2059,10682,839,17,0
2060,10682,840,18,0
2032,10682,842,19,0
2036,10682,843,20,0
2034,10682,844,21,0
3033,10682,845,22,0
3035,10682,847,23,0
3009,10682,848,24,0
3038,10682,849,25,0
3013,10682,849,26,0
3001,10682,850,27,0
3029,10682,851,28,0
3028,10682,852,29,1
1631,10681,820,1,0
1617,10681,823,2,0
2046,10681,824,3,0
2047,10681,825,4,0
2048,10681,827,5,0
2042,10681,828,6,0
2075,10681,828,7,0
2027,10681,829,8,0
2028,10681,830,9,0
2054,10681,830,10,0
2055,10681,831,11,0
2056,10681,832,12,0
2013,10681,834,13,0
2014,10681,835,14,0
2057,10681,837,15,0
2058,10681,838,16,0
2059,10681,839,17,0
2060,10681,840,18,0
2032,10681,842,19,0
2036,10681,843,20,0
2034,10681,844,21,0
3033,10681,845,22,0
3035,10681,847,23,0
3009,10681,848,24,0
3038,10681,849,25,0
3013,10681,849,26,0
3001,10681,850,27,0
3029,10681,851,28,0
3028,10681,852,29,1
1631,10684,820,1,0
1617,10684,823,2,0
2046,10684,824,3,0
2047,10684,825,4,0
2048,10684,827,5,0
2042,10684,828,6,0
2075,10684,828,7,0
2027,10684,829,8,0
2028,10684,830,9,0
2054,10684,830,10,0
2055,10684,831,11,0
2056,10684,832,12,0
2013,10684,834,13,0
2014,10684,835,14,0
2057,10684,837,15,0
2058,10684,838,16,0
2059,10684,839,17,0
2060,10684,840,18,0
2032,10684,842,19,0
2036,10684,843,20,0
2034,10684,844,21,0
3033,10684,845,22,0
3035,10684,847,23,0
3009,10684,848,24,0
3038,10684,849,25,0
3013,10684,849,26,0
3001,10684,850,27,0
3029,10684,851,28,0
3028,10684,852,29,1
1631,10683,820,1,0
1617,10683,823,2,0
2046,10683,824,3,0
2047,10683,825,4,0
2048,10683,827,5,0
2042,10683,828,6,0
2075,10683,828,7,0
2027,10683,829,8,0
2028,10683,830,9,0
2054,10683,830,10,0
2055,10683,831,11,0
2056,10683,832,12,0
2013,10683,834,13,0
2014,10683,835,14,0
2057,10683,837,15,0
2058,10683,838,16,0
2059,10683,839,17,0
2060,10683,840,18,0
2032,10683,842,19,0
2036,10683,843,20,0
2034,10683,844,21,0
3033,10683,845,22,0
3035,10683,847,23,0
3009,10683,848,24,0
3038,10683,849,25,0
3013,10683,849,26,0
3001,10683,850,27,0
3029,10683,851,28,0
3028,10683,852,29,1
