arret_id,trajet_id,heure_depart,stop_sequence,terminus
1429,35034,1035,1,0
2077,35034,1040,2,0
2072,35034,1043,3,0
2073,35034,1044,4,0
3310,35034,1047,5,0
3311,35034,1049,6,0
3312,35034,1051,7,0
3313,35034,1053,8,0
3304,35034,1054,9,0
3315,35034,1055,10,0
3323,35034,1057,11,0
3301,35034,1059,12,1
1429,35033,1035,1,0
2077,35033,1040,2,0
2072,35033,1043,3,0
2073,35033,1044,4,0
3310,35033,1047,5,0
3311,35033,1049,6,0
3312,35033,1051,7,0
3313,35033,1053,8,0
3304,35033,1054,9,0
3315,35033,1055,10,0
3323,35033,1057,11,0
3301,35033,1059,12,1
1429,35032,1035,1,0
2077,35032,1040,2,0
2072,35032,1043,3,0
2073,35032,1044,4,0
3310,35032,1047,5,0
3311,35032,1049,6,0
3312,35032,1051,7,0
3313,35032,1053,8,0
3304,35032,1054,9,0
3315,35032,1055,10,0
3323,35032,1057,11,0
3301,35032,1059,12,1
1614,35031,1070,1,0
1429,35031,1075,2,0
2077,35031,1080,3,0
2072,35031,1083,4,0
2073,35031,1084,5,0
3310,35031,1087,6,0
3311,35031,1089,7,0
3312,35031,1091,8,0
3313,35031,1093,9,0
3304,35031,1094,10,0
3315,35031,1095,11,0
3323,35031,1097,12,0
3301,35031,1099,13,1
1614,35030,1070,1,0
1429,35030,1075,2,0
2077,35030,1080,3,0
2072,35030,1083,4,0
2073,35030,1084,5,0
3310,35030,1087,6,0
3311,35030,1089,7,0
3312,35030,1091,8,0
3313,35030,1093,9,0
3304,35030,1094,10,0
3315,35030,1095,11,0
3323,35030,1097,12,0
3301,35030,1099,13,1
3301,35039,450,1,0
3322,35039,452,2,0
3315,35039,454,3,0
3314,35039,455,4,0
1005,35039,473,5,0
1006,35039,474,6,0
1007,35039,477,7,1
1614,35038,740,1,0
2077,35038,749,2,0
2072,35038,752,3,0
2073,35038,753,4,0
3310,35038,756,5,0
3311,35038,758,6,0
3312,35038,760,7,0
3313,35038,762,8,0
3304,35038,763,9,0
3315,35038,764,10,0
3323,35038,766,11,0
3301,35038,768,12,1
1429,35037,750,1,0
2077,35037,755,2,0
2072,35037,758,3,0
2073,35037,759,4,0
3310,35037,762,5,0
3311,35037,764,6,0
3312,35037,766,7,0
3313,35037,768,8,0
3304,35037,769,9,0
3315,35037,770,10,0
3323,35037,772,11,0
3301,35037,774,12,1
1614,35036,685,1,0
1429,35036,689,2,0
2077,35036,694,3,0
2072,35036,697,4,0
2073,35036,698,5,0
3310,35036,701,6,0
3311,35036,703,7,0
3312,35036,705,8,0
3313,35036,707,9,0
3304,35036,708,10,0
3315,35036,709,11,0
3323,35036,711,12,0
3301,35036,713,13,1
1429,35035,1035,1,0
2077,35035,1040,2,0
2072,35035,1043,3,0
2073,35035,1044,4,0
3310,35035,1047,5,0
3311,35035,1049,6,0
3312,35035,1051,7,0
3313,35035,1053,8,0
3304,35035,1054,9,0
3315,35035,1055,10,0
3323,35035,1057,11,0
3301,35035,1059,12,1
1614,35023,970,1,0
1429,35023,974,2,0
2077,35023,979,3,0
2072,35023,982,4,0
2073,35023,983,5,0
3310,35023,986,6,0
3311,35023,988,7,0
3312,35023,990,8,0
3313,35023,991,9,0
3304,35023,992,10,0
3315,35023,993,11,0
3323,35023,995,12,0
3301,35023,997,13,1
1614,35022,970,1,0
1429,35022,974,2,0
2077,35022,979,3,0
2072,35022,982,4,0
2073,35022,983,5,0
3310,35022,986,6,0
3311,35022,988,7,0
3312,35022,990,8,0
3313,35022,991,9,0
3304,35022,992,10,0
3315,35022,993,11,0
3323,35022,995,12,0
3301,35022,997,13,1
1614,35021,970,1,0
1429,35021,974,2,0
2077,35021,979,3,0
2072,35021,982,4,0
2073,35021,983,5,0
3310,35021,986,6,0
3311,35021,988,7,0
3312,35021,990,8,0
3313,35021,991,9,0
3304,35021,992,10,0
3315,35021,993,11,0
3323,35021,995,12,0
3301,35021,997,13,1
1614,35020,970,1,0
1429,35020,974,2,0
2077,35020,979,3,0
2072,35020,982,4,0
2073,35020,983,5,0
3310,35020,986,6,0
3311,35020,988,7,0
3312,35020,990,8,0
3313,35020,991,9,0
3304,35020,992,10,0
3315,35020,993,11,0
3323,35020,995,12,0
3301,35020,997,13,1
1614,35029,1070,1,0
1429,35029,1075,2,0
2077,35029,1080,3,0
2072,35029,1083,4,0
2073,35029,1084,5,0
3310,35029,1087,6,0
3311,35029,1089,7,0
3312,35029,1091,8,0
3313,35029,1093,9,0
3304,35029,1094,10,0
3315,35029,1095,11,0
3323,35029,1097,12,0
3301,35029,1099,13,1
1614,35028,1070,1,0
1429,35028,1075,2,0
2077,35028,1080,3,0
2072,35028,1083,4,0
2073,35028,1084,5,0
3310,35028,1087,6,0
3311,35028,1089,7,0
3312,35028,1091,8,0
3313,35028,1093,9,0
3304,35028,1094,10,0
3315,35028,1095,11,0
3323,35028,1097,12,0
3301,35028,1099,13,1
1614,35027,1020,1,0
1429,35027,1025,2,0
2077,35027,1030,3,0
2072,35027,1033,4,0
2073,35027,1034,5,0
3310,35027,1037,6,0
3311,35027,1039,7,0
3312,35027,1041,8,0
3313,35027,1043,9,0
3304,35027,1044,10,0
3315,35027,1045,11,0
3323,35027,1047,12,0
3301,35027,1049,13,1
1614,35026,1020,1,0
1429,35026,1025,2,0
2077,35026,1030,3,0
2072,35026,1033,4,0
2073,35026,1034,5,0
3310,35026,1037,6,0
3311,35026,1039,7,0
3312,35026,1041,8,0
3313,35026,1043,9,0
3304,35026,1044,10,0
3315,35026,1045,11,0
3323,35026,1047,12,0
3301,35026,1049,13,1
1614,35025,1020,1,0
1429,35025,1025,2,0
2077,35025,1030,3,0
2072,35025,1033,4,0
2073,35025,1034,5,0
3310,35025,1037,6,0
3311,35025,1039,7,0
3312,35025,1041,8,0
3313,35025,1043,9,0
3304,35025,1044,10,0
3315,35025,1045,11,0
3323,35025,1047,12,0
3301,35025,1049,13,1
1614,35024,1020,1,0
1429,35024,1025,2,0
2077,35024,1030,3,0
2072,35024,1033,4,0
2073,35024,1034,5,0
3310,35024,1037,6,0
3311,35024,1039,7,0
3312,35024,1041,8,0
3313,35024,1043,9,0
3304,35024,1044,10,0
3315,35024,1045,11,0
3323,35024,1047,12,0
3301,35024,1049,13,1
3305,35012,450,1,0
3306,35012,452,2,0
3307,35012,454,3,0
3309,35012,456,4,0
2070,35012,459,5,0
2071,35012,460,6,0
2076,35012,463,7,0
1005,35012,471,8,0
1006,35012,472,9,0
1007,35012,475,10,1
3305,35011,450,1,0
3306,35011,452,2,0
3307,35011,454,3,0
3309,35011,456,4,0
2070,35011,459,5,0
2071,35011,460,6,0
2076,35011,463,7,0
1005,35011,471,8,0
1006,35011,472,9,0
1007,35011,475,10,1
3305,35010,450,1,0
3306,35010,452,2,0
3307,35010,454,3,0
3309,35010,456,4,0
2070,35010,459,5,0
2071,35010,460,6,0
2076,35010,463,7,0
1005,35010,471,8,0
1006,35010,472,9,0
1007,35010,475,10,1
3301,35019,502,1,0
3322,35019,504,2,0
3315,35019,506,3,0
3314,35019,507,4,0
3305,35019,508,5,0
3306,35019,510,6,0
3307,35019,512,7,0
3309,35019,513,8,0
2070,35019,516,9,0
2071,35019,517,10,0
2076,35019,520,11,0
1409,35019,525,12,0
1614,35019,530,13,1
3301,35018,502,1,0
3322,35018,504,2,0
3315,35018,506,3,0
3314,35018,507,4,0
3305,35018,508,5,0
3306,35018,510,6,0
3307,35018,512,7,0
3309,35018,513,8,0
2070,35018,516,9,0
2071,35018,517,10,0
2076,35018,520,11,0
1409,35018,525,12,0
1614,35018,530,13,1
3301,35017,502,1,0
3322,35017,504,2,0
3315,35017,506,3,0
3314,35017,507,4,0
3305,35017,508,5,0
3306,35017,510,6,0
3307,35017,512,7,0
3309,35017,513,8,0
2070,35017,516,9,0
2071,35017,517,10,0
2076,35017,520,11,0
1409,35017,525,12,0
1614,35017,530,13,1
3301,35016,502,1,0
3322,35016,504,2,0
3315,35016,506,3,0
3314,35016,507,4,0
3305,35016,508,5,0
3306,35016,510,6,0
3307,35016,512,7,0
3309,35016,513,8,0
2070,35016,516,9,0
2071,35016,517,10,0
2076,35016,520,11,0
1409,35016,525,12,0
1614,35016,530,13,1
3301,35015,502,1,0
3322,35015,504,2,0
3315,35015,506,3,0
3314,35015,507,4,0
3305,35015,508,5,0
3306,35015,510,6,0
3307,35015,512,7,0
3309,35015,513,8,0
2070,35015,516,9,0
2071,35015,517,10,0
2076,35015,520,11,0
1409,35015,525,12,0
1614,35015,530,13,1
3305,35014,450,1,0
3306,35014,452,2,0
3307,35014,454,3,0
3309,35014,456,4,0
2070,35014,459,5,0
2071,35014,460,6,0
2076,35014,463,7,0
1005,35014,471,8,0
1006,35014,472,9,0
1007,35014,475,10,1
3305,35013,450,1,0
3306,35013,452,2,0
3307,35013,454,3,0
3309,35013,456,4,0
2070,35013,459,5,0
2071,35013,460,6,0
2076,35013,463,7,0
1005,35013,471,8,0
1006,35013,472,9,0
1007,35013,475,10,1
3305,35001,461,1,0
3306,35001,463,2,0
3307,35001,465,3,0
3309,35001,467,4,0
2070,35001,470,5,0
2071,35001,471,6,0
2076,35001,474,7,0
1429,35001,480,8,1
3305,35000,461,1,0
3306,35000,463,2,0
3307,35000,465,3,0
3309,35000,467,4,0
2070,35000,470,5,0
2071,35000,471,6,0
2076,35000,474,7,0
1429,35000,480,8,1
3301,35009,460,1,0
3322,35009,462,2,0
3315,35009,464,3,0
3314,35009,465,4,0
1429,35009,480,5,1
3301,35008,460,1,0
3322,35008,462,2,0
3315,35008,464,3,0
3314,35008,465,4,0
1429,35008,480,5,1
3301,35007,460,1,0
3322,35007,462,2,0
3315,35007,464,3,0
3314,35007,465,4,0
1429,35007,480,5,1
3301,35006,460,1,0
3322,35006,462,2,0
3315,35006,464,3,0
3314,35006,465,4,0
1429,35006,480,5,1
3301,35005,460,1,0
3322,35005,462,2,0
3315,35005,464,3,0
3314,35005,465,4,0
1429,35005,480,5,1
3305,35004,461,1,0
3306,35004,463,2,0
3307,35004,465,3,0
3309,35004,467,4,0
2070,35004,470,5,0
2071,35004,471,6,0
2076,35004,474,7,0
1429,35004,480,8,1
3305,35003,461,1,0
3306,35003,463,2,0
3307,35003,465,3,0
3309,35003,467,4,0
2070,35003,470,5,0
2071,35003,471,6,0
2076,35003,474,7,0
1429,35003,480,8,1
3305,35002,461,1,0
3306,35002,463,2,0
3307,35002,465,3,0
3309,35002,467,4,0
2070,35002,470,5,0
2071,35002,471,6,0
2076,35002,474,7,0
1429,35002,480,8,1
3301,35043,450,1,0
3322,35043,452,2,0
3315,35043,454,3,0
3314,35043,455,4,0
1005,35043,473,5,0
1006,35043,474,6,0
1007,35043,477,7,1
3301,35042,450,1,0
3322,35042,452,2,0
3315,35042,454,3,0
3314,35042,455,4,0
1005,35042,473,5,0
1006,35042,474,6,0
1007,35042,477,7,1
3301,35041,450,1,0
3322,35041,452,2,0
3315,35041,454,3,0
3314,35041,455,4,0
1005,35041,473,5,0
1006,35041,474,6,0
1007,35041,477,7,1
3301,35040,450,1,0
3322,35040,452,2,0
3315,35040,454,3,0
3314,35040,455,4,0
1005,35040,473,5,0
1006,35040,474,6,0
1007,35040,477,7,1
