arret_id,trajet_id,heure_depart,stop_sequence,terminus
4410,23920,477,1,0
4401,23920,480,2,0
4402,23920,482,3,0
3880,23920,493,4,0
3881,23920,500,5,1
4410,23921,477,1,0
4401,23921,480,2,0
4402,23921,482,3,0
3880,23921,493,4,0
3881,23921,500,5,1
3880,23919,760,1,0
4410,23919,777,2,0
4408,23919,780,3,0
4407,23919,781,4,0
4406,23919,783,5,1
4405,23916,473,1,0
4404,23916,474,2,0
4401,23916,480,3,0
4402,23916,482,4,0
3880,23916,493,5,0
3881,23916,500,6,1
4405,23917,473,1,0
4404,23917,474,2,0
4401,23917,480,3,0
4402,23917,482,4,0
3880,23917,493,5,0
3881,23917,500,6,1
3880,23918,1030,1,0
4410,23918,1047,2,0
4408,23918,1050,3,0
4407,23918,1051,4,0
4406,23918,1053,5,1
