arret_id,trajet_id,heure_depart,stop_sequence,terminus
1234,2952,872,1,0
1418,2952,873,2,0
1417,2952,874,3,0
1420,2952,875,4,0
1415,2952,875,5,0
1503,2952,876,6,0
1422,2952,877,7,0
1413,2952,878,8,0
1424,2952,879,9,0
1297,2952,881,10,0
1298,2952,882,11,0
1299,2952,883,12,0
1304,2952,884,13,0
1301,2952,885,14,0
1543,2952,886,15,0
2826,2952,888,16,0
2802,2952,889,17,0
1328,2952,891,18,0
1040,2952,892,19,0
1425,2952,893,20,0
1426,2952,895,21,0
1287,2952,896,22,0
1288,2952,897,23,0
1289,2952,897,24,0
1427,2952,898,25,0
1159,2952,899,26,0
1374,2952,900,27,0
1375,2952,901,28,0
1376,2952,901,29,0
1409,2952,903,30,0
1032,2952,905,31,0
1033,2952,906,32,0
1431,2952,907,33,0
1202,2952,908,34,0
1203,2952,908,35,0
1314,2952,909,36,0
2046,2952,910,37,0
2047,2952,911,38,0
2048,2952,912,39,0
2042,2952,913,40,0
2075,2952,913,41,0
2027,2952,914,42,0
2028,2952,914,43,0
2029,2952,915,44,0
2041,2952,916,45,0
2051,2952,917,46,0
2086,2952,918,47,0
2089,2952,920,48,1
2089,571,930,1,0
2039,571,933,2,0
2040,571,933,3,0
2050,571,934,4,0
2007,571,935,5,0
2008,571,936,6,0
2009,571,936,7,0
2074,571,937,8,0
2049,571,937,9,0
2043,571,938,10,0
2044,571,939,11,0
2045,571,940,12,0
1291,571,941,13,0
1177,571,942,14,0
1178,571,943,15,0
1408,571,944,16,0
1007,571,945,17,0
1430,571,946,18,0
1532,571,948,19,0
1405,571,949,20,0
1406,571,950,21,0
1407,571,950,22,0
1428,571,951,23,0
1410,571,952,24,0
1253,571,953,25,0
1254,571,953,26,0
1255,571,954,27,0
1411,571,955,28,0
1041,571,959,29,0
1102,571,960,30,0
1371,571,960,31,0
2803,571,962,32,0
2801,571,963,33,0
1537,571,965,34,0
1303,571,966,35,0
1300,571,967,36,0
1305,571,968,37,0
1306,571,969,38,0
1307,571,970,39,0
1412,571,971,40,0
1423,571,973,41,0
1414,571,974,42,0
1499,571,975,43,0
1421,571,975,44,0
1416,571,976,45,0
1419,571,977,46,0
1221,571,980,47,0
1222,571,981,48,1
2089,1892,815,1,0
2039,1892,818,2,0
2040,1892,818,3,0
2050,1892,819,4,0
2007,1892,820,5,0
2008,1892,821,6,0
2009,1892,821,7,0
2074,1892,822,8,0
2049,1892,822,9,0
2043,1892,823,10,0
2044,1892,824,11,0
2045,1892,825,12,0
1291,1892,826,13,0
1177,1892,827,14,0
1178,1892,828,15,0
1408,1892,829,16,0
1007,1892,830,17,0
1430,1892,831,18,0
1532,1892,833,19,0
1405,1892,834,20,0
1406,1892,835,21,0
1407,1892,835,22,0
1428,1892,836,23,0
1410,1892,837,24,0
1253,1892,838,25,0
1254,1892,838,26,0
1255,1892,839,27,0
1411,1892,840,28,0
1041,1892,844,29,0
1102,1892,845,30,0
1371,1892,845,31,0
2803,1892,847,32,0
2801,1892,848,33,0
1537,1892,850,34,0
1303,1892,851,35,0
1300,1892,852,36,0
1305,1892,853,37,0
1306,1892,854,38,0
1307,1892,855,39,0
1412,1892,856,40,0
1423,1892,858,41,0
1414,1892,859,42,0
1499,1892,860,43,0
1421,1892,860,44,0
1416,1892,861,45,0
1419,1892,862,46,0
1221,1892,865,47,0
1222,1892,866,48,1
2089,1899,1185,1,0
2039,1899,1188,2,0
2040,1899,1188,3,0
2050,1899,1189,4,0
2007,1899,1190,5,0
2008,1899,1191,6,0
2009,1899,1191,7,0
2074,1899,1192,8,0
2049,1899,1193,9,0
2043,1899,1193,10,0
2044,1899,1195,11,0
2045,1899,1196,12,0
1291,1899,1197,13,0
1177,1899,1198,14,0
1178,1899,1199,15,0
1408,1899,1200,16,0
1007,1899,1201,17,0
1430,1899,1202,18,0
1532,1899,1203,19,0
1405,1899,1204,20,0
1406,1899,1205,21,0
1407,1899,1205,22,0
1428,1899,1206,23,0
1410,1899,1207,24,0
1253,1899,1208,25,0
1254,1899,1209,26,0
1255,1899,1210,27,0
1411,1899,1211,28,0
1041,1899,1213,29,0
1102,1899,1214,30,0
1371,1899,1214,31,0
2803,1899,1216,32,0
2801,1899,1217,33,0
1537,1899,1219,34,0
1303,1899,1220,35,0
1300,1899,1221,36,0
1305,1899,1222,37,0
1306,1899,1223,38,0
1307,1899,1224,39,0
1412,1899,1225,40,0
1423,1899,1226,41,0
1414,1899,1227,42,0
1499,1899,1228,43,0
1421,1899,1228,44,0
1416,1899,1229,45,0
1419,1899,1230,46,0
1221,1899,1232,47,0
1222,1899,1233,48,1
1234,2912,660,1,0
1418,2912,661,2,0
1417,2912,662,3,0
1420,2912,663,4,0
1415,2912,664,5,0
1503,2912,665,6,0
1422,2912,666,7,0
1413,2912,667,8,0
1424,2912,668,9,0
1297,2912,669,10,0
1298,2912,671,11,0
1299,2912,671,12,0
1304,2912,673,13,0
1301,2912,674,14,0
1543,2912,675,15,0
2826,2912,677,16,0
2802,2912,678,17,0
1328,2912,680,18,0
1040,2912,681,19,0
1425,2912,682,20,0
1426,2912,684,21,0
1287,2912,685,22,0
1288,2912,686,23,0
1289,2912,686,24,0
1427,2912,687,25,0
1159,2912,688,26,0
1374,2912,689,27,0
1375,2912,690,28,0
1376,2912,690,29,0
1409,2912,692,30,0
1032,2912,694,31,0
1033,2912,695,32,0
1431,2912,696,33,0
1202,2912,697,34,0
1203,2912,697,35,0
1314,2912,698,36,0
2046,2912,699,37,0
2047,2912,700,38,0
2048,2912,702,39,0
2042,2912,703,40,0
2075,2912,703,41,0
2027,2912,704,42,0
2028,2912,704,43,0
2029,2912,705,44,0
2041,2912,706,45,0
2051,2912,707,46,0
2086,2912,708,47,0
2089,2912,710,48,1
2089,1865,780,1,0
2039,1865,783,2,0
2040,1865,783,3,0
2050,1865,784,4,0
2007,1865,785,5,0
2008,1865,786,6,0
2009,1865,786,7,0
2074,1865,787,8,0
2049,1865,788,9,0
2043,1865,788,10,0
2044,1865,790,11,0
2045,1865,791,12,0
1291,1865,792,13,0
1177,1865,793,14,0
1178,1865,794,15,0
1408,1865,795,16,0
1007,1865,796,17,0
1430,1865,797,18,0
1532,1865,799,19,0
1405,1865,800,20,0
1406,1865,801,21,0
1407,1865,801,22,0
1428,1865,802,23,0
1410,1865,803,24,0
1253,1865,804,25,0
1254,1865,805,26,0
1255,1865,806,27,0
1411,1865,807,28,0
1041,1865,809,29,0
1102,1865,810,30,0
1371,1865,810,31,0
2803,1865,813,32,0
2801,1865,814,33,0
1537,1865,816,34,0
1303,1865,817,35,0
1300,1865,818,36,0
1305,1865,820,37,0
1306,1865,821,38,0
1307,1865,822,39,0
1412,1865,823,40,0
1423,1865,825,41,0
1414,1865,826,42,0
1499,1865,827,43,0
1421,1865,827,44,0
1416,1865,828,45,0
1419,1865,829,46,0
1221,1865,832,47,0
1222,1865,833,48,1
1234,505,720,1,0
1418,505,721,2,0
1417,505,722,3,0
1420,505,723,4,0
1415,505,724,5,0
1503,505,725,6,0
1422,505,726,7,0
1413,505,727,8,0
1424,505,728,9,0
1297,505,729,10,0
1298,505,731,11,0
1299,505,731,12,0
1304,505,733,13,0
1301,505,734,14,0
1543,505,735,15,0
2826,505,737,16,0
2802,505,739,17,0
1328,505,741,18,0
1040,505,742,19,0
1425,505,743,20,0
1426,505,745,21,0
1287,505,746,22,0
1288,505,747,23,0
1289,505,747,24,0
1427,505,748,25,0
1159,505,749,26,0
1374,505,750,27,0
1375,505,751,28,0
1376,505,751,29,0
1409,505,753,30,0
1032,505,755,31,0
1033,505,756,32,0
1431,505,757,33,0
1202,505,758,34,0
1203,505,758,35,0
1314,505,759,36,0
2046,505,760,37,0
2047,505,761,38,0
2048,505,763,39,0
2042,505,764,40,0
2075,505,764,41,0
2027,505,765,42,0
2028,505,765,43,0
2029,505,766,44,0
2041,505,767,45,0
2051,505,768,46,0
2086,505,769,47,0
2089,505,771,48,1
2089,4708,740,1,0
2039,4708,743,2,0
2040,4708,743,3,0
2050,4708,744,4,0
2007,4708,745,5,0
2008,4708,746,6,0
2009,4708,746,7,0
2074,4708,747,8,0
2049,4708,747,9,0
2043,4708,748,10,0
2044,4708,749,11,0
2045,4708,750,12,0
1291,4708,751,13,0
1177,4708,752,14,0
1178,4708,753,15,0
1408,4708,754,16,0
1007,4708,755,17,0
1430,4708,756,18,0
1532,4708,758,19,0
1405,4708,759,20,0
1406,4708,760,21,0
1407,4708,760,22,0
1428,4708,761,23,0
1410,4708,762,24,0
1253,4708,763,25,0
1254,4708,763,26,0
1255,4708,764,27,0
1411,4708,765,28,0
1041,4708,769,29,0
1102,4708,770,30,0
1371,4708,770,31,0
2803,4708,772,32,0
2801,4708,773,33,0
1537,4708,775,34,0
1303,4708,776,35,0
1300,4708,777,36,0
1305,4708,778,37,0
1306,4708,779,38,0
1307,4708,780,39,0
1412,4708,781,40,0
1423,4708,783,41,0
1414,4708,784,42,0
1499,4708,785,43,0
1421,4708,785,44,0
1416,4708,786,45,0
1419,4708,787,46,0
1221,4708,789,47,0
1222,4708,790,48,1
1234,1884,445,1,0
1418,1884,447,2,0
1417,1884,448,3,0
1420,1884,449,4,0
1415,1884,449,5,0
1503,1884,450,6,0
1422,1884,451,7,0
1413,1884,452,8,0
1424,1884,453,9,0
1297,1884,454,10,0
1298,1884,456,11,0
1299,1884,456,12,0
1304,1884,458,13,0
1301,1884,459,14,0
1543,1884,460,15,0
2826,1884,462,16,0
2802,1884,463,17,0
1328,1884,465,18,0
1040,1884,466,19,0
1425,1884,467,20,0
1426,1884,469,21,0
1287,1884,470,22,0
1288,1884,471,23,0
1289,1884,471,24,0
1427,1884,472,25,0
1159,1884,473,26,0
1374,1884,474,27,0
1375,1884,475,28,0
1376,1884,475,29,0
1409,1884,477,30,0
1032,1884,478,31,0
1033,1884,479,32,0
1431,1884,480,33,0
1202,1884,481,34,0
1203,1884,481,35,0
1314,1884,482,36,0
2046,1884,483,37,0
2047,1884,484,38,0
2048,1884,486,39,0
2042,1884,487,40,0
2075,1884,487,41,0
2027,1884,488,42,0
2028,1884,488,43,0
2029,1884,489,44,0
2041,1884,490,45,0
2051,1884,491,46,0
2086,1884,492,47,0
2089,1884,494,48,1
2089,1879,990,1,0
2039,1879,993,2,0
2040,1879,993,3,0
2050,1879,994,4,0
2007,1879,995,5,0
2008,1879,996,6,0
2009,1879,996,7,0
2074,1879,997,8,0
2049,1879,997,9,0
2043,1879,998,10,0
2044,1879,999,11,0
2045,1879,1000,12,0
1291,1879,1001,13,0
1177,1879,1002,14,0
1178,1879,1003,15,0
1408,1879,1004,16,0
1007,1879,1005,17,0
1430,1879,1006,18,0
1532,1879,1008,19,0
1405,1879,1009,20,0
1406,1879,1010,21,0
1407,1879,1010,22,0
1428,1879,1011,23,0
1410,1879,1012,24,0
1253,1879,1013,25,0
1254,1879,1013,26,0
1255,1879,1014,27,0
1411,1879,1015,28,0
1041,1879,1019,29,0
1102,1879,1020,30,0
1371,1879,1020,31,0
2803,1879,1022,32,0
2801,1879,1023,33,0
1537,1879,1025,34,0
1303,1879,1026,35,0
1300,1879,1027,36,0
1305,1879,1028,37,0
1306,1879,1029,38,0
1307,1879,1030,39,0
1412,1879,1031,40,0
1423,1879,1033,41,0
1414,1879,1034,42,0
1499,1879,1035,43,0
1421,1879,1035,44,0
1416,1879,1036,45,0
1419,1879,1037,46,0
1221,1879,1040,47,0
1222,1879,1041,48,1
1234,4719,800,1,0
1418,4719,801,2,0
1417,4719,802,3,0
1420,4719,803,4,0
1415,4719,803,5,0
1503,4719,804,6,0
1422,4719,805,7,0
1413,4719,806,8,0
1424,4719,807,9,0
1297,4719,809,10,0
1298,4719,810,11,0
1299,4719,811,12,0
1304,4719,812,13,0
1301,4719,813,14,0
1543,4719,814,15,0
2826,4719,816,16,0
2802,4719,817,17,0
1328,4719,819,18,0
1040,4719,820,19,0
1425,4719,821,20,0
1426,4719,823,21,0
1287,4719,824,22,0
1288,4719,825,23,0
1289,4719,825,24,0
1427,4719,826,25,0
1159,4719,827,26,0
1374,4719,828,27,0
1375,4719,829,28,0
1376,4719,829,29,0
1409,4719,831,30,0
1032,4719,833,31,0
1033,4719,834,32,0
1431,4719,835,33,0
1202,4719,836,34,0
1203,4719,836,35,0
1314,4719,837,36,0
2046,4719,838,37,0
2047,4719,839,38,0
2048,4719,840,39,0
2042,4719,841,40,0
2075,4719,841,41,0
2027,4719,842,42,0
2028,4719,842,43,0
2029,4719,843,44,0
2041,4719,844,45,0
2051,4719,845,46,0
2086,4719,846,47,0
2089,4719,848,48,1
2089,1872,630,1,0
2039,1872,633,2,0
2040,1872,633,3,0
2050,1872,634,4,0
2007,1872,635,5,0
2008,1872,636,6,0
2009,1872,636,7,0
2074,1872,637,8,0
2049,1872,638,9,0
2043,1872,638,10,0
2044,1872,640,11,0
2045,1872,641,12,0
1291,1872,642,13,0
1177,1872,643,14,0
1178,1872,644,15,0
1408,1872,645,16,0
1007,1872,646,17,0
1430,1872,647,18,0
1532,1872,649,19,0
1405,1872,650,20,0
1406,1872,651,21,0
1407,1872,651,22,0
1428,1872,652,23,0
1410,1872,653,24,0
1253,1872,654,25,0
1254,1872,655,26,0
1255,1872,656,27,0
1411,1872,657,28,0
1041,1872,659,29,0
1102,1872,660,30,0
1371,1872,660,31,0
2803,1872,663,32,0
2801,1872,664,33,0
1537,1872,666,34,0
1303,1872,667,35,0
1300,1872,668,36,0
1305,1872,670,37,0
1306,1872,671,38,0
1307,1872,672,39,0
1412,1872,673,40,0
1423,1872,675,41,0
1414,1872,676,42,0
1499,1872,677,43,0
1421,1872,677,44,0
1416,1872,678,45,0
1419,1872,679,46,0
1221,1872,681,47,0
1222,1872,682,48,1
2089,4604,1140,1,0
2039,4604,1143,2,0
2040,4604,1143,3,0
2050,4604,1144,4,0
2007,4604,1145,5,0
2008,4604,1146,6,0
2009,4604,1146,7,0
2074,4604,1147,8,0
2049,4604,1147,9,0
2043,4604,1148,10,0
2044,4604,1149,11,0
2045,4604,1150,12,0
1291,4604,1151,13,0
1177,4604,1152,14,0
1178,4604,1152,15,0
1408,4604,1153,16,0
1007,4604,1154,17,0
1430,4604,1155,18,0
1532,4604,1157,19,0
1405,4604,1158,20,0
1406,4604,1159,21,0
1407,4604,1159,22,0
1428,4604,1160,23,0
1410,4604,1161,24,0
1253,4604,1162,25,0
1254,4604,1162,26,0
1255,4604,1163,27,0
1411,4604,1164,28,0
1041,4604,1167,29,0
1102,4604,1168,30,0
1371,4604,1168,31,0
2803,4604,1170,32,0
2801,4604,1171,33,0
1537,4604,1173,34,0
1303,4604,1174,35,0
1300,4604,1175,36,0
1305,4604,1176,37,0
1306,4604,1177,38,0
1307,4604,1178,39,0
1412,4604,1179,40,0
1423,4604,1181,41,0
1414,4604,1182,42,0
1499,4604,1183,43,0
1421,4604,1183,44,0
1416,4604,1184,45,0
1419,4604,1185,46,0
1221,4604,1186,47,0
1222,4604,1187,48,1
1234,4681,640,1,0
1418,4681,641,2,0
1417,4681,642,3,0
1420,4681,643,4,0
1415,4681,643,5,0
1503,4681,644,6,0
1422,4681,645,7,0
1413,4681,646,8,0
1424,4681,647,9,0
1297,4681,649,10,0
1298,4681,650,11,0
1299,4681,651,12,0
1304,4681,652,13,0
1301,4681,653,14,0
1543,4681,654,15,0
2826,4681,656,16,0
2802,4681,657,17,0
1328,4681,659,18,0
1040,4681,660,19,0
1425,4681,661,20,0
1426,4681,663,21,0
1287,4681,664,22,0
1288,4681,665,23,0
1289,4681,665,24,0
1427,4681,666,25,0
1159,4681,667,26,0
1374,4681,668,27,0
1375,4681,669,28,0
1376,4681,669,29,0
1409,4681,671,30,0
1032,4681,673,31,0
1033,4681,674,32,0
1431,4681,675,33,0
1202,4681,676,34,0
1203,4681,676,35,0
1314,4681,677,36,0
2046,4681,678,37,0
2047,4681,679,38,0
2048,4681,680,39,0
2042,4681,681,40,0
2075,4681,681,41,0
2027,4681,682,42,0
2028,4681,682,43,0
2029,4681,683,44,0
2041,4681,684,45,0
2051,4681,685,46,0
2086,4681,686,47,0
2089,4681,688,48,1
2089,596,960,1,0
2039,596,963,2,0
2040,596,963,3,0
2050,596,964,4,0
2007,596,965,5,0
2008,596,966,6,0
2009,596,966,7,0
2074,596,967,8,0
2049,596,967,9,0
2043,596,968,10,0
2044,596,969,11,0
2045,596,970,12,0
1291,596,971,13,0
1177,596,972,14,0
1178,596,973,15,0
1408,596,974,16,0
1007,596,975,17,0
1430,596,976,18,0
1532,596,978,19,0
1405,596,979,20,0
1406,596,980,21,0
1407,596,980,22,0
1428,596,981,23,0
1410,596,982,24,0
1253,596,983,25,0
1254,596,983,26,0
1255,596,984,27,0
1411,596,985,28,0
1041,596,989,29,0
1102,596,990,30,0
1371,596,990,31,0
2803,596,992,32,0
2801,596,993,33,0
1537,596,995,34,0
1303,596,996,35,0
1300,596,997,36,0
1305,596,998,37,0
1306,596,999,38,0
1307,596,1000,39,0
1412,596,1001,40,0
1423,596,1003,41,0
1414,596,1004,42,0
1499,596,1005,43,0
1421,596,1005,44,0
1416,596,1006,45,0
1419,596,1007,46,0
1221,596,1010,47,0
1222,596,1011,48,1
2089,598,1080,1,0
2039,598,1083,2,0
2040,598,1083,3,0
2050,598,1084,4,0
2007,598,1085,5,0
2008,598,1086,6,0
2009,598,1086,7,0
2074,598,1087,8,0
2049,598,1087,9,0
2043,598,1088,10,0
2044,598,1089,11,0
2045,598,1090,12,0
1291,598,1091,13,0
1177,598,1092,14,0
1178,598,1093,15,0
1408,598,1094,16,0
1007,598,1095,17,0
1430,598,1096,18,0
1532,598,1098,19,0
1405,598,1099,20,0
1406,598,1100,21,0
1407,598,1100,22,0
1428,598,1101,23,0
1410,598,1102,24,0
1253,598,1103,25,0
1254,598,1103,26,0
1255,598,1104,27,0
1411,598,1105,28,0
1041,598,1109,29,0
1102,598,1110,30,0
1371,598,1110,31,0
2803,598,1112,32,0
2801,598,1113,33,0
1537,598,1115,34,0
1303,598,1116,35,0
1300,598,1117,36,0
1305,598,1118,37,0
1306,598,1119,38,0
1307,598,1120,39,0
1412,598,1121,40,0
1423,598,1123,41,0
1414,598,1124,42,0
1499,598,1125,43,0
1421,598,1125,44,0
1416,598,1126,45,0
1419,598,1127,46,0
1221,598,1129,47,0
1222,598,1130,48,1
2089,2850,475,1,0
2039,2850,478,2,0
2040,2850,478,3,0
2050,2850,479,4,0
2007,2850,480,5,0
2008,2850,481,6,0
2009,2850,481,7,0
2074,2850,482,8,0
2049,2850,483,9,0
2043,2850,483,10,0
2044,2850,485,11,0
2045,2850,486,12,0
1291,2850,487,13,0
1177,2850,488,14,0
1178,2850,489,15,0
1408,2850,490,16,0
1007,2850,491,17,0
1430,2850,492,18,0
1532,2850,494,19,0
1405,2850,495,20,0
1406,2850,496,21,0
1407,2850,496,22,0
1428,2850,497,23,0
1410,2850,498,24,0
1253,2850,499,25,0
1254,2850,500,26,0
1255,2850,501,27,0
1411,2850,502,28,0
1041,2850,505,29,0
1102,2850,506,30,0
1371,2850,506,31,0
2803,2850,508,32,0
2801,2850,509,33,0
1537,2850,511,34,0
1303,2850,512,35,0
1300,2850,513,36,0
1305,2850,515,37,0
1306,2850,516,38,0
1307,2850,517,39,0
1412,2850,518,40,0
1423,2850,520,41,0
1414,2850,521,42,0
1499,2850,522,43,0
1421,2850,522,44,0
1416,2850,523,45,0
1419,2850,524,46,0
1221,2850,527,47,0
1222,2850,528,48,1
1234,1700,630,1,0
1418,1700,631,2,0
1417,1700,632,3,0
1420,1700,633,4,0
1415,1700,634,5,0
1503,1700,635,6,0
1422,1700,636,7,0
1413,1700,637,8,0
1424,1700,638,9,0
1297,1700,639,10,0
1298,1700,641,11,0
1299,1700,641,12,0
1304,1700,643,13,0
1301,1700,644,14,0
1543,1700,645,15,0
2826,1700,647,16,0
2802,1700,648,17,0
1328,1700,650,18,0
1040,1700,651,19,0
1425,1700,652,20,0
1426,1700,654,21,0
1287,1700,655,22,0
1288,1700,656,23,0
1289,1700,656,24,0
1427,1700,657,25,0
1159,1700,658,26,0
1374,1700,659,27,0
1375,1700,660,28,0
1376,1700,660,29,0
1409,1700,662,30,0
1032,1700,664,31,0
1033,1700,665,32,0
1431,1700,666,33,0
1202,1700,667,34,0
1203,1700,667,35,0
1314,1700,668,36,0
2046,1700,669,37,0
2047,1700,670,38,0
2048,1700,672,39,0
2042,1700,673,40,0
2075,1700,673,41,0
2027,1700,674,42,0
2028,1700,674,43,0
2029,1700,675,44,0
2041,1700,676,45,0
2051,1700,677,46,0
2086,1700,678,47,0
2089,1700,680,48,1
1234,2827,1215,1,0
1418,2827,1216,2,0
1417,2827,1217,3,0
1420,2827,1218,4,0
1415,2827,1218,5,0
1503,2827,1219,6,0
1422,2827,1220,7,0
1413,2827,1221,8,0
1424,2827,1222,9,0
1297,2827,1223,10,0
1298,2827,1224,11,0
1299,2827,1224,12,0
1304,2827,1225,13,0
1301,2827,1226,14,0
1543,2827,1227,15,0
2826,2827,1229,16,0
2802,2827,1230,17,0
1328,2827,1232,18,0
1040,2827,1233,19,0
1425,2827,1234,20,0
1426,2827,1236,21,0
1287,2827,1237,22,0
1288,2827,1238,23,0
1289,2827,1238,24,0
1427,2827,1239,25,0
1159,2827,1240,26,0
1374,2827,1241,27,0
1375,2827,1242,28,0
1376,2827,1242,29,0
1409,2827,1243,30,0
1032,2827,1244,31,0
1033,2827,1245,32,0
1431,2827,1246,33,0
1202,2827,1247,34,0
1203,2827,1247,35,0
1314,2827,1248,36,0
2046,2827,1249,37,0
2047,2827,1250,38,0
2048,2827,1251,39,0
2042,2827,1252,40,0
2075,2827,1252,41,0
2027,2827,1253,42,0
2028,2827,1253,43,0
2029,2827,1254,44,0
2041,2827,1255,45,0
2051,2827,1256,46,0
2086,2827,1256,47,0
2089,2827,1258,48,1
2089,447,660,1,0
2039,447,663,2,0
2040,447,663,3,0
2050,447,664,4,0
2007,447,665,5,0
2008,447,666,6,0
2009,447,666,7,0
2074,447,667,8,0
2049,447,667,9,0
2043,447,668,10,0
2044,447,669,11,0
2045,447,670,12,0
1291,447,671,13,0
1177,447,672,14,0
1178,447,673,15,0
1408,447,674,16,0
1007,447,675,17,0
1430,447,676,18,0
1532,447,678,19,0
1405,447,679,20,0
1406,447,680,21,0
1407,447,680,22,0
1428,447,681,23,0
1410,447,682,24,0
1253,447,683,25,0
1254,447,684,26,0
1255,447,685,27,0
1411,447,686,28,0
1041,447,689,29,0
1102,447,690,30,0
1371,447,690,31,0
2803,447,692,32,0
2801,447,693,33,0
1537,447,695,34,0
1303,447,696,35,0
1300,447,697,36,0
1305,447,698,37,0
1306,447,699,38,0
1307,447,700,39,0
1412,447,701,40,0
1423,447,703,41,0
1414,447,704,42,0
1499,447,705,43,0
1421,447,705,44,0
1416,447,706,45,0
1419,447,707,46,0
1221,447,710,47,0
1222,447,711,48,1
2089,1789,840,1,0
2039,1789,843,2,0
2040,1789,843,3,0
2050,1789,844,4,0
2007,1789,845,5,0
2008,1789,846,6,0
2009,1789,846,7,0
2074,1789,847,8,0
2049,1789,847,9,0
2043,1789,848,10,0
2044,1789,849,11,0
2045,1789,850,12,0
1291,1789,851,13,0
1177,1789,852,14,0
1178,1789,853,15,0
1408,1789,854,16,0
1007,1789,855,17,0
1430,1789,856,18,0
1532,1789,858,19,0
1405,1789,859,20,0
1406,1789,860,21,0
1407,1789,860,22,0
1428,1789,861,23,0
1410,1789,862,24,0
1253,1789,863,25,0
1254,1789,863,26,0
1255,1789,864,27,0
1411,1789,865,28,0
1041,1789,869,29,0
1102,1789,870,30,0
1371,1789,870,31,0
2803,1789,872,32,0
2801,1789,873,33,0
1537,1789,875,34,0
1303,1789,876,35,0
1300,1789,877,36,0
1305,1789,878,37,0
1306,1789,879,38,0
1307,1789,880,39,0
1412,1789,881,40,0
1423,1789,883,41,0
1414,1789,884,42,0
1499,1789,885,43,0
1421,1789,885,44,0
1416,1789,886,45,0
1419,1789,887,46,0
1221,1789,890,47,0
1222,1789,891,48,1
1234,1776,720,1,0
1418,1776,721,2,0
1417,1776,722,3,0
1420,1776,723,4,0
1415,1776,723,5,0
1503,1776,724,6,0
1422,1776,725,7,0
1413,1776,726,8,0
1424,1776,727,9,0
1297,1776,729,10,0
1298,1776,730,11,0
1299,1776,731,12,0
1304,1776,732,13,0
1301,1776,733,14,0
1543,1776,734,15,0
2826,1776,736,16,0
2802,1776,737,17,0
1328,1776,739,18,0
1040,1776,740,19,0
1425,1776,741,20,0
1426,1776,743,21,0
1287,1776,744,22,0
1288,1776,745,23,0
1289,1776,745,24,0
1427,1776,746,25,0
1159,1776,747,26,0
1374,1776,748,27,0
1375,1776,749,28,0
1376,1776,749,29,0
1409,1776,751,30,0
1032,1776,753,31,0
1033,1776,754,32,0
1431,1776,755,33,0
1202,1776,756,34,0
1203,1776,756,35,0
1314,1776,757,36,0
2046,1776,758,37,0
2047,1776,759,38,0
2048,1776,760,39,0
2042,1776,761,40,0
2075,1776,761,41,0
2027,1776,762,42,0
2028,1776,762,43,0
2029,1776,763,44,0
2041,1776,764,45,0
2051,1776,765,46,0
2086,1776,766,47,0
2089,1776,768,48,1
2089,39,1020,1,0
2039,39,1023,2,0
2040,39,1023,3,0
2050,39,1024,4,0
2007,39,1025,5,0
2008,39,1026,6,0
2009,39,1026,7,0
2074,39,1027,8,0
2049,39,1027,9,0
2043,39,1028,10,0
2044,39,1029,11,0
2045,39,1030,12,0
1291,39,1031,13,0
1177,39,1032,14,0
1178,39,1033,15,0
1408,39,1034,16,0
1007,39,1035,17,0
1430,39,1036,18,0
1532,39,1038,19,0
1405,39,1039,20,0
1406,39,1040,21,0
1407,39,1040,22,0
1428,39,1041,23,0
1410,39,1042,24,0
1253,39,1043,25,0
1254,39,1043,26,0
1255,39,1044,27,0
1411,39,1045,28,0
1041,39,1049,29,0
1102,39,1050,30,0
1371,39,1050,31,0
2803,39,1052,32,0
2801,39,1053,33,0
1537,39,1055,34,0
1303,39,1056,35,0
1300,39,1057,36,0
1305,39,1058,37,0
1306,39,1059,38,0
1307,39,1060,39,0
1412,39,1061,40,0
1423,39,1063,41,0
1414,39,1064,42,0
1499,39,1065,43,0
1421,39,1065,44,0
1416,39,1066,45,0
1419,39,1067,46,0
1221,39,1070,47,0
1222,39,1071,48,1
1234,77,934,1,0
1418,77,935,2,0
1417,77,936,3,0
1420,77,937,4,0
1415,77,938,5,0
1503,77,939,6,0
1422,77,940,7,0
1413,77,941,8,0
1424,77,942,9,0
1297,77,943,10,0
1298,77,945,11,0
1299,77,945,12,0
1304,77,947,13,0
1301,77,948,14,0
1543,77,949,15,0
2826,77,951,16,0
2802,77,953,17,0
1328,77,955,18,0
1040,77,956,19,0
1425,77,957,20,0
1426,77,959,21,0
1287,77,960,22,0
1288,77,961,23,0
1289,77,961,24,0
1427,77,962,25,0
1159,77,963,26,0
1374,77,964,27,0
1375,77,965,28,0
1376,77,965,29,0
1409,77,967,30,0
1032,77,969,31,0
1033,77,970,32,0
1431,77,971,33,0
1202,77,972,34,0
1203,77,972,35,0
1314,77,973,36,0
2046,77,974,37,0
2047,77,975,38,0
2048,77,977,39,0
2042,77,978,40,0
2075,77,978,41,0
2027,77,979,42,0
2028,77,979,43,0
2029,77,980,44,0
2041,77,981,45,0
2051,77,983,46,0
2086,77,984,47,0
2089,77,986,48,1
1408,4584,402,1,0
1007,4584,403,2,0
1430,4584,404,3,0
1532,4584,406,4,0
1405,4584,407,5,0
1406,4584,408,6,0
1407,4584,408,7,0
1428,4584,409,8,0
1410,4584,410,9,0
1253,4584,411,10,0
1254,4584,412,11,0
1255,4584,413,12,0
1411,4584,414,13,0
1041,4584,416,14,0
1102,4584,416,15,0
1371,4584,417,16,0
2803,4584,418,17,0
2801,4584,419,18,0
1537,4584,421,19,0
1303,4584,422,20,0
1300,4584,423,21,0
1305,4584,425,22,0
1306,4584,426,23,0
1307,4584,427,24,0
1412,4584,428,25,0
1423,4584,430,26,0
1414,4584,431,27,0
1499,4584,432,28,0
1421,4584,432,29,0
1416,4584,433,30,0
1419,4584,434,31,0
1221,4584,437,32,0
1222,4584,438,33,1
1234,4572,903,1,0
1418,4572,904,2,0
1417,4572,905,3,0
1420,4572,906,4,0
1415,4572,907,5,0
1503,4572,908,6,0
1422,4572,909,7,0
1413,4572,910,8,0
1424,4572,911,9,0
1297,4572,912,10,0
1298,4572,914,11,0
1299,4572,914,12,0
1304,4572,916,13,0
1301,4572,917,14,0
1543,4572,918,15,0
2826,4572,920,16,0
2802,4572,922,17,0
1328,4572,924,18,0
1040,4572,925,19,0
1425,4572,926,20,0
1426,4572,928,21,0
1287,4572,929,22,0
1288,4572,930,23,0
1289,4572,930,24,0
1427,4572,931,25,0
1159,4572,932,26,0
1374,4572,933,27,0
1375,4572,934,28,0
1376,4572,934,29,0
1409,4572,936,30,0
1032,4572,938,31,0
1033,4572,939,32,0
1431,4572,940,33,0
1202,4572,941,34,0
1203,4572,941,35,0
1314,4572,942,36,0
2046,4572,943,37,0
2047,4572,944,38,0
2048,4572,946,39,0
2042,4572,947,40,0
2075,4572,947,41,0
2027,4572,948,42,0
2028,4572,948,43,0
2029,4572,949,44,0
2041,4572,950,45,0
2051,4572,951,46,0
2086,4572,952,47,0
2089,4572,954,48,1
1234,385,540,1,0
1418,385,541,2,0
1417,385,542,3,0
1420,385,543,4,0
1415,385,544,5,0
1503,385,545,6,0
1422,385,546,7,0
1413,385,547,8,0
1424,385,548,9,0
1297,385,549,10,0
1298,385,551,11,0
1299,385,551,12,0
1304,385,553,13,0
1301,385,554,14,0
1543,385,555,15,0
2826,385,557,16,0
2802,385,558,17,0
1328,385,560,18,0
1040,385,561,19,0
1425,385,562,20,0
1426,385,564,21,0
1287,385,565,22,0
1288,385,566,23,0
1289,385,566,24,0
1427,385,567,25,0
1159,385,568,26,0
1374,385,569,27,0
1375,385,570,28,0
1376,385,570,29,0
1409,385,572,30,0
1032,385,574,31,0
1033,385,575,32,0
1431,385,576,33,0
1202,385,577,34,0
1203,385,577,35,0
1314,385,578,36,0
2046,385,579,37,0
2047,385,580,38,0
2048,385,582,39,0
2042,385,583,40,0
2075,385,583,41,0
2027,385,584,42,0
2028,385,584,43,0
2029,385,585,44,0
2041,385,586,45,0
2051,385,587,46,0
2086,385,588,47,0
2089,385,590,48,1
2089,350,1210,1,0
2039,350,1213,2,0
2040,350,1213,3,0
2050,350,1214,4,0
2007,350,1215,5,0
2008,350,1216,6,0
2009,350,1216,7,0
2074,350,1217,8,0
2049,350,1218,9,0
2043,350,1218,10,0
2044,350,1220,11,0
2045,350,1221,12,0
1291,350,1222,13,0
1177,350,1223,14,0
1178,350,1224,15,0
1408,350,1225,16,0
1007,350,1226,17,0
1430,350,1227,18,0
1532,350,1228,19,0
1405,350,1229,20,0
1406,350,1230,21,0
1407,350,1230,22,0
1428,350,1231,23,0
1410,350,1232,24,0
1253,350,1233,25,0
1254,350,1234,26,0
1255,350,1235,27,0
1411,350,1236,28,0
1041,350,1238,29,0
1102,350,1239,30,0
1371,350,1239,31,0
2803,350,1241,32,0
2801,350,1242,33,0
1537,350,1244,34,0
1303,350,1245,35,0
1300,350,1246,36,0
1305,350,1247,37,0
1306,350,1248,38,0
1307,350,1249,39,0
1412,350,1250,40,0
1423,350,1251,41,0
1414,350,1252,42,0
1499,350,1253,43,0
1421,350,1253,44,0
1416,350,1254,45,0
1419,350,1255,46,0
1221,350,1257,47,0
1222,350,1258,48,1
2089,225,1210,1,0
2039,225,1213,2,0
2040,225,1213,3,0
2050,225,1214,4,0
2007,225,1215,5,0
2008,225,1216,6,0
2009,225,1216,7,0
2074,225,1217,8,0
2049,225,1217,9,0
2043,225,1218,10,0
2044,225,1219,11,0
2045,225,1220,12,0
1291,225,1221,13,0
1177,225,1222,14,0
1178,225,1222,15,0
1408,225,1223,16,0
1007,225,1224,17,0
1430,225,1225,18,0
1532,225,1227,19,0
1405,225,1228,20,0
1406,225,1229,21,0
1407,225,1229,22,0
1428,225,1230,23,0
1410,225,1231,24,0
1253,225,1232,25,0
1254,225,1232,26,0
1255,225,1233,27,0
1411,225,1234,28,0
1041,225,1236,29,0
1102,225,1236,30,0
1371,225,1237,31,0
2803,225,1238,32,0
2801,225,1239,33,0
1537,225,1241,34,0
1303,225,1242,35,0
1300,225,1243,36,0
1305,225,1244,37,0
1306,225,1244,38,0
1307,225,1245,39,0
1412,225,1246,40,0
1423,225,1248,41,0
1414,225,1249,42,0
1499,225,1250,43,0
1421,225,1250,44,0
1416,225,1251,45,0
1419,225,1252,46,0
1221,225,1253,47,0
1222,225,1254,48,1
2089,1538,545,1,0
2039,1538,548,2,0
2040,1538,548,3,0
2050,1538,549,4,0
2007,1538,550,5,0
2008,1538,551,6,0
2009,1538,551,7,0
2074,1538,552,8,0
2049,1538,552,9,0
2043,1538,553,10,0
2044,1538,554,11,0
2045,1538,555,12,0
1291,1538,556,13,0
1177,1538,557,14,0
1178,1538,558,15,0
1408,1538,559,16,0
1007,1538,560,17,0
1430,1538,561,18,0
1532,1538,563,19,0
1405,1538,564,20,0
1406,1538,565,21,0
1407,1538,565,22,0
1428,1538,566,23,0
1410,1538,567,24,0
1253,1538,568,25,0
1254,1538,568,26,0
1255,1538,569,27,0
1411,1538,570,28,0
1041,1538,573,29,0
1102,1538,574,30,0
1371,1538,574,31,0
2803,1538,576,32,0
2801,1538,577,33,0
1537,1538,579,34,0
1303,1538,580,35,0
1300,1538,581,36,0
1305,1538,582,37,0
1306,1538,583,38,0
1307,1538,584,39,0
1412,1538,585,40,0
1423,1538,587,41,0
1414,1538,588,42,0
1499,1538,589,43,0
1421,1538,589,44,0
1416,1538,590,45,0
1419,1538,591,46,0
1221,1538,594,47,0
1222,1538,595,48,1
1234,1458,750,1,0
1418,1458,751,2,0
1417,1458,752,3,0
1420,1458,753,4,0
1415,1458,754,5,0
1503,1458,755,6,0
1422,1458,756,7,0
1413,1458,757,8,0
1424,1458,758,9,0
1297,1458,759,10,0
1298,1458,761,11,0
1299,1458,761,12,0
1304,1458,763,13,0
1301,1458,764,14,0
1543,1458,765,15,0
2826,1458,767,16,0
2802,1458,769,17,0
1328,1458,771,18,0
1040,1458,772,19,0
1425,1458,773,20,0
1426,1458,775,21,0
1287,1458,776,22,0
1288,1458,777,23,0
1289,1458,777,24,0
1427,1458,778,25,0
1159,1458,779,26,0
1374,1458,780,27,0
1375,1458,781,28,0
1376,1458,781,29,0
1409,1458,783,30,0
1032,1458,785,31,0
1033,1458,786,32,0
1431,1458,787,33,0
1202,1458,788,34,0
1203,1458,788,35,0
1314,1458,789,36,0
2046,1458,790,37,0
2047,1458,791,38,0
2048,1458,793,39,0
2042,1458,794,40,0
2075,1458,794,41,0
2027,1458,795,42,0
2028,1458,795,43,0
2029,1458,796,44,0
2041,1458,797,45,0
2051,1458,798,46,0
2086,1458,799,47,0
2089,1458,801,48,1
1234,1452,1082,1,0
1418,1452,1083,2,0
1417,1452,1084,3,0
1420,1452,1085,4,0
1415,1452,1085,5,0
1503,1452,1086,6,0
1422,1452,1087,7,0
1413,1452,1088,8,0
1424,1452,1089,9,0
1297,1452,1091,10,0
1298,1452,1092,11,0
1299,1452,1093,12,0
1304,1452,1094,13,0
1301,1452,1095,14,0
1543,1452,1096,15,0
2826,1452,1098,16,0
2802,1452,1099,17,0
1328,1452,1101,18,0
1040,1452,1102,19,0
1425,1452,1103,20,0
1426,1452,1105,21,0
1287,1452,1106,22,0
1288,1452,1107,23,0
1289,1452,1107,24,0
1427,1452,1108,25,0
1159,1452,1109,26,0
1374,1452,1110,27,0
1375,1452,1111,28,0
1376,1452,1111,29,0
1409,1452,1113,30,0
1032,1452,1115,31,0
1033,1452,1116,32,0
1431,1452,1117,33,0
1202,1452,1118,34,0
1203,1452,1118,35,0
1314,1452,1119,36,0
2046,1452,1120,37,0
2047,1452,1121,38,0
2048,1452,1122,39,0
2042,1452,1123,40,0
2075,1452,1123,41,0
2027,1452,1124,42,0
2028,1452,1124,43,0
2029,1452,1125,44,0
2041,1452,1126,45,0
2051,1452,1127,46,0
2086,1452,1128,47,0
2089,1452,1130,48,1
1234,261,510,1,0
1418,261,512,2,0
1417,261,513,3,0
1420,261,514,4,0
1415,261,514,5,0
1503,261,515,6,0
1422,261,516,7,0
1413,261,517,8,0
1424,261,518,9,0
1297,261,519,10,0
1298,261,521,11,0
1299,261,521,12,0
1304,261,523,13,0
1301,261,524,14,0
1543,261,525,15,0
2826,261,527,16,0
2802,261,528,17,0
1328,261,530,18,0
1040,261,531,19,0
1425,261,532,20,0
1426,261,534,21,0
1287,261,535,22,0
1288,261,536,23,0
1289,261,536,24,0
1427,261,537,25,0
1159,261,538,26,0
1374,261,539,27,0
1375,261,540,28,0
1376,261,540,29,0
1409,261,542,30,0
1032,261,544,31,0
1033,261,545,32,0
1431,261,546,33,0
1202,261,547,34,0
1203,261,547,35,0
1314,261,548,36,0
2046,261,549,37,0
2047,261,550,38,0
2048,261,552,39,0
2042,261,553,40,0
2075,261,553,41,0
2027,261,554,42,0
2028,261,554,43,0
2029,261,555,44,0
2041,261,556,45,0
2051,261,557,46,0
2086,261,558,47,0
2089,261,560,48,1
2089,949,997,1,0
2039,949,1000,2,0
2040,949,1000,3,0
2050,949,1001,4,0
2007,949,1002,5,0
2008,949,1003,6,0
2009,949,1003,7,0
2074,949,1004,8,0
2049,949,1005,9,0
2043,949,1005,10,0
2044,949,1007,11,0
2045,949,1008,12,0
1291,949,1009,13,0
1177,949,1010,14,0
1178,949,1011,15,0
1408,949,1012,16,0
1007,949,1013,17,0
1430,949,1014,18,0
1532,949,1016,19,0
1405,949,1017,20,0
1406,949,1018,21,0
1407,949,1018,22,0
1428,949,1019,23,0
1410,949,1020,24,0
1253,949,1021,25,0
1254,949,1022,26,0
1255,949,1023,27,0
1411,949,1024,28,0
1041,949,1027,29,0
1102,949,1028,30,0
1371,949,1028,31,0
2803,949,1031,32,0
2801,949,1032,33,0
1537,949,1034,34,0
1303,949,1035,35,0
1300,949,1036,36,0
1305,949,1038,37,0
1306,949,1039,38,0
1307,949,1040,39,0
1412,949,1041,40,0
1423,949,1043,41,0
1414,949,1044,42,0
1499,949,1045,43,0
1421,949,1045,44,0
1416,949,1046,45,0
1419,949,1047,46,0
1221,949,1050,47,0
1222,949,1051,48,1
1234,911,690,1,0
1418,911,691,2,0
1417,911,692,3,0
1420,911,693,4,0
1415,911,694,5,0
1503,911,695,6,0
1422,911,696,7,0
1413,911,697,8,0
1424,911,698,9,0
1297,911,699,10,0
1298,911,701,11,0
1299,911,701,12,0
1304,911,703,13,0
1301,911,704,14,0
1543,911,705,15,0
2826,911,707,16,0
2802,911,708,17,0
1328,911,710,18,0
1040,911,711,19,0
1425,911,712,20,0
1426,911,714,21,0
1287,911,715,22,0
1288,911,716,23,0
1289,911,716,24,0
1427,911,717,25,0
1159,911,718,26,0
1374,911,719,27,0
1375,911,720,28,0
1376,911,720,29,0
1409,911,722,30,0
1032,911,724,31,0
1033,911,725,32,0
1431,911,726,33,0
1202,911,727,34,0
1203,911,727,35,0
1314,911,728,36,0
2046,911,729,37,0
2047,911,730,38,0
2048,911,732,39,0
2042,911,733,40,0
2075,911,733,41,0
2027,911,734,42,0
2028,911,734,43,0
2029,911,735,44,0
2041,911,736,45,0
2051,911,737,46,0
2086,911,738,47,0
2089,911,740,48,1
1234,985,560,1,0
1418,985,561,2,0
1417,985,562,3,0
1420,985,563,4,0
1415,985,563,5,0
1503,985,564,6,0
1422,985,565,7,0
1413,985,566,8,0
1424,985,567,9,0
1297,985,569,10,0
1298,985,570,11,0
1299,985,571,12,0
1304,985,572,13,0
1301,985,573,14,0
1543,985,574,15,0
2826,985,575,16,0
2802,985,576,17,0
1328,985,578,18,0
1040,985,579,19,0
1425,985,580,20,0
1426,985,582,21,0
1287,985,583,22,0
1288,985,584,23,0
1289,985,584,24,0
1427,985,585,25,0
1159,985,586,26,0
1374,985,587,27,0
1375,985,588,28,0
1376,985,588,29,0
1409,985,590,30,0
1032,985,591,31,0
1033,985,592,32,0
1431,985,593,33,0
1202,985,594,34,0
1203,985,594,35,0
1314,985,595,36,0
2046,985,596,37,0
2047,985,597,38,0
2048,985,598,39,0
2042,985,599,40,0
2075,985,599,41,0
2027,985,600,42,0
2028,985,600,43,0
2029,985,601,44,0
2041,985,602,45,0
2051,985,603,46,0
2086,985,604,47,0
2089,985,606,48,1
1234,958,490,1,0
1418,958,491,2,0
1417,958,491,3,0
1420,958,492,4,0
1415,958,492,5,0
1503,958,493,6,0
1422,958,494,7,0
1413,958,495,8,0
1424,958,496,9,0
1297,958,498,10,0
1298,958,499,11,0
1299,958,500,12,0
1304,958,501,13,0
1301,958,502,14,0
1543,958,503,15,0
2826,958,504,16,0
2802,958,505,17,0
1328,958,507,18,0
1040,958,508,19,0
1425,958,509,20,0
1426,958,511,21,0
1287,958,512,22,0
1288,958,513,23,0
1289,958,513,24,0
1427,958,514,25,0
1159,958,515,26,0
1374,958,515,27,0
1375,958,516,28,0
1376,958,516,29,0
1409,958,518,30,0
1032,958,519,31,0
1033,958,520,32,0
1431,958,521,33,0
1202,958,522,34,0
1203,958,522,35,0
1314,958,523,36,0
2046,958,524,37,0
2047,958,525,38,0
2048,958,526,39,0
2042,958,527,40,0
2075,958,527,41,0
2027,958,528,42,0
2028,958,528,43,0
2029,958,529,44,0
2041,958,530,45,0
2051,958,531,46,0
2086,958,532,47,0
2089,958,534,48,1
2089,4210,1061,1,0
2039,4210,1064,2,0
2040,4210,1064,3,0
2050,4210,1065,4,0
2007,4210,1066,5,0
2008,4210,1067,6,0
2009,4210,1067,7,0
2074,4210,1068,8,0
2049,4210,1069,9,0
2043,4210,1069,10,0
2044,4210,1071,11,0
2045,4210,1072,12,0
1291,4210,1073,13,0
1177,4210,1074,14,0
1178,4210,1075,15,0
1408,4210,1076,16,0
1007,4210,1077,17,0
1430,4210,1078,18,0
1532,4210,1080,19,0
1405,4210,1081,20,0
1406,4210,1082,21,0
1407,4210,1082,22,0
1428,4210,1083,23,0
1410,4210,1084,24,0
1253,4210,1085,25,0
1254,4210,1086,26,0
1255,4210,1087,27,0
1411,4210,1088,28,0
1041,4210,1091,29,0
1102,4210,1092,30,0
1371,4210,1092,31,0
2803,4210,1095,32,0
2801,4210,1096,33,0
1537,4210,1098,34,0
1303,4210,1099,35,0
1300,4210,1100,36,0
1305,4210,1102,37,0
1306,4210,1103,38,0
1307,4210,1104,39,0
1412,4210,1105,40,0
1423,4210,1107,41,0
1414,4210,1108,42,0
1499,4210,1109,43,0
1421,4210,1109,44,0
1416,4210,1110,45,0
1419,4210,1111,46,0
1221,4210,1114,47,0
1222,4210,1115,48,1
1234,4215,1245,1,0
1418,4215,1246,2,0
1417,4215,1247,3,0
1420,4215,1248,4,0
1415,4215,1248,5,0
1503,4215,1249,6,0
1422,4215,1250,7,0
1413,4215,1251,8,0
1424,4215,1252,9,0
1297,4215,1253,10,0
1298,4215,1254,11,0
1299,4215,1255,12,0
1304,4215,1256,13,0
1301,4215,1257,14,0
1543,4215,1258,15,0
2826,4215,1260,16,0
2802,4215,1261,17,0
1328,4215,1262,18,0
1040,4215,1263,19,0
1425,4215,1264,20,0
1426,4215,1266,21,0
1287,4215,1267,22,0
1288,4215,1268,23,0
1289,4215,1268,24,0
1427,4215,1269,25,0
1159,4215,1270,26,0
1374,4215,1271,27,0
1375,4215,1272,28,0
1376,4215,1272,29,0
1409,4215,1273,30,0
1032,4215,1274,31,0
1033,4215,1275,32,0
1431,4215,1276,33,0
1202,4215,1277,34,0
1203,4215,1277,35,0
1314,4215,1278,36,0
2046,4215,1279,37,0
2047,4215,1280,38,0
2048,4215,1281,39,0
2042,4215,1282,40,0
2075,4215,1282,41,0
2027,4215,1283,42,0
2028,4215,1283,43,0
2029,4215,1284,44,0
2041,4215,1285,45,0
2051,4215,1286,46,0
2086,4215,1286,47,0
2089,4215,1288,48,1
1234,4248,1175,1,0
1418,4248,1176,2,0
1417,4248,1177,3,0
1420,4248,1178,4,0
1415,4248,1178,5,0
1503,4248,1179,6,0
1422,4248,1180,7,0
1413,4248,1181,8,0
1424,4248,1182,9,0
1297,4248,1183,10,0
1298,4248,1184,11,0
1299,4248,1185,12,0
1304,4248,1186,13,0
1301,4248,1187,14,0
1543,4248,1188,15,0
2826,4248,1190,16,0
2802,4248,1191,17,0
1328,4248,1193,18,0
1040,4248,1194,19,0
1425,4248,1195,20,0
1426,4248,1197,21,0
1287,4248,1198,22,0
1288,4248,1199,23,0
1289,4248,1199,24,0
1427,4248,1200,25,0
1159,4248,1201,26,0
1374,4248,1202,27,0
1375,4248,1203,28,0
1376,4248,1203,29,0
1409,4248,1204,30,0
1032,4248,1205,31,0
1033,4248,1206,32,0
1431,4248,1207,33,0
1202,4248,1208,34,0
1203,4248,1208,35,0
1314,4248,1209,36,0
2046,4248,1210,37,0
2047,4248,1211,38,0
2048,4248,1212,39,0
2042,4248,1213,40,0
2075,4248,1213,41,0
2027,4248,1214,42,0
2028,4248,1214,43,0
2029,4248,1215,44,0
2041,4248,1216,45,0
2051,4248,1217,46,0
2086,4248,1217,47,0
2089,4248,1219,48,1
1234,1384,1185,1,0
1418,1384,1186,2,0
1417,1384,1187,3,0
1420,1384,1188,4,0
1415,1384,1188,5,0
1503,1384,1189,6,0
1422,1384,1190,7,0
1413,1384,1191,8,0
1424,1384,1192,9,0
1297,1384,1193,10,0
1298,1384,1194,11,0
1299,1384,1195,12,0
1304,1384,1196,13,0
1301,1384,1197,14,0
1543,1384,1198,15,0
2826,1384,1200,16,0
2802,1384,1201,17,0
1328,1384,1202,18,0
1040,1384,1203,19,0
1425,1384,1204,20,0
1426,1384,1206,21,0
1287,1384,1207,22,0
1288,1384,1208,23,0
1289,1384,1208,24,0
1427,1384,1209,25,0
1159,1384,1210,26,0
1374,1384,1211,27,0
1375,1384,1212,28,0
1376,1384,1212,29,0
1409,1384,1213,30,0
1032,1384,1214,31,0
1033,1384,1215,32,0
1431,1384,1216,33,0
1202,1384,1217,34,0
1203,1384,1217,35,0
1314,1384,1218,36,0
2046,1384,1219,37,0
2047,1384,1220,38,0
2048,1384,1221,39,0
2042,1384,1222,40,0
2075,1384,1222,41,0
2027,1384,1223,42,0
2028,1384,1223,43,0
2029,1384,1224,44,0
2041,1384,1225,45,0
2051,1384,1226,46,0
2086,1384,1226,47,0
2089,1384,1228,48,1
1234,1338,1112,1,0
1418,1338,1113,2,0
1417,1338,1114,3,0
1420,1338,1115,4,0
1415,1338,1115,5,0
1503,1338,1116,6,0
1422,1338,1117,7,0
1413,1338,1118,8,0
1424,1338,1119,9,0
1297,1338,1121,10,0
1298,1338,1122,11,0
1299,1338,1123,12,0
1304,1338,1124,13,0
1301,1338,1125,14,0
1543,1338,1126,15,0
2826,1338,1128,16,0
2802,1338,1129,17,0
1328,1338,1131,18,0
1040,1338,1132,19,0
1425,1338,1133,20,0
1426,1338,1135,21,0
1287,1338,1136,22,0
1288,1338,1137,23,0
1289,1338,1137,24,0
1427,1338,1138,25,0
1159,1338,1139,26,0
1374,1338,1140,27,0
1375,1338,1141,28,0
1376,1338,1141,29,0
1409,1338,1143,30,0
1032,1338,1145,31,0
1033,1338,1146,32,0
1431,1338,1147,33,0
1202,1338,1148,34,0
1203,1338,1148,35,0
1314,1338,1149,36,0
2046,1338,1150,37,0
2047,1338,1151,38,0
2048,1338,1152,39,0
2042,1338,1153,40,0
2075,1338,1153,41,0
2027,1338,1154,42,0
2028,1338,1154,43,0
2029,1338,1155,44,0
2041,1338,1156,45,0
2051,1338,1157,46,0
2086,1338,1158,47,0
2089,1338,1160,48,1
1234,1327,1052,1,0
1418,1327,1053,2,0
1417,1327,1054,3,0
1420,1327,1055,4,0
1415,1327,1055,5,0
1503,1327,1056,6,0
1422,1327,1057,7,0
1413,1327,1058,8,0
1424,1327,1059,9,0
1297,1327,1061,10,0
1298,1327,1062,11,0
1299,1327,1063,12,0
1304,1327,1064,13,0
1301,1327,1065,14,0
1543,1327,1066,15,0
2826,1327,1068,16,0
2802,1327,1069,17,0
1328,1327,1071,18,0
1040,1327,1072,19,0
1425,1327,1073,20,0
1426,1327,1075,21,0
1287,1327,1076,22,0
1288,1327,1077,23,0
1289,1327,1077,24,0
1427,1327,1078,25,0
1159,1327,1079,26,0
1374,1327,1080,27,0
1375,1327,1081,28,0
1376,1327,1081,29,0
1409,1327,1083,30,0
1032,1327,1085,31,0
1033,1327,1086,32,0
1431,1327,1087,33,0
1202,1327,1088,34,0
1203,1327,1088,35,0
1314,1327,1089,36,0
2046,1327,1090,37,0
2047,1327,1091,38,0
2048,1327,1092,39,0
2042,1327,1093,40,0
2075,1327,1093,41,0
2027,1327,1094,42,0
2028,1327,1094,43,0
2029,1327,1095,44,0
2041,1327,1096,45,0
2051,1327,1097,46,0
2086,1327,1098,47,0
2089,1327,1100,48,1
2089,844,872,1,0
2039,844,875,2,0
2040,844,875,3,0
2050,844,876,4,0
2007,844,877,5,0
2008,844,878,6,0
2009,844,878,7,0
2074,844,879,8,0
2049,844,880,9,0
2043,844,880,10,0
2044,844,882,11,0
2045,844,883,12,0
1291,844,884,13,0
1177,844,885,14,0
1178,844,886,15,0
1408,844,887,16,0
1007,844,888,17,0
1430,844,889,18,0
1532,844,891,19,0
1405,844,892,20,0
1406,844,893,21,0
1407,844,893,22,0
1428,844,894,23,0
1410,844,895,24,0
1253,844,896,25,0
1254,844,897,26,0
1255,844,898,27,0
1411,844,899,28,0
1041,844,901,29,0
1102,844,902,30,0
1371,844,902,31,0
2803,844,905,32,0
2801,844,906,33,0
1537,844,908,34,0
1303,844,909,35,0
1300,844,910,36,0
1305,844,912,37,0
1306,844,913,38,0
1307,844,914,39,0
1412,844,915,40,0
1423,844,917,41,0
1414,844,918,42,0
1499,844,919,43,0
1421,844,919,44,0
1416,844,920,45,0
1419,844,921,46,0
1221,844,924,47,0
1222,844,925,48,1
1408,854,489,1,0
1007,854,490,2,0
1430,854,491,3,0
1532,854,492,4,0
1405,854,493,5,0
1406,854,494,6,0
1407,854,494,7,0
1428,854,495,8,0
1410,854,496,9,0
1253,854,497,10,0
1254,854,497,11,0
1255,854,498,12,0
1411,854,499,13,0
1041,854,502,14,0
1102,854,503,15,0
1371,854,503,16,0
2803,854,505,17,0
2801,854,506,18,0
1537,854,508,19,0
1303,854,509,20,0
1300,854,510,21,0
1305,854,511,22,0
1306,854,512,23,0
1307,854,513,24,0
1412,854,514,25,0
1423,854,516,26,0
1414,854,517,27,0
1499,854,518,28,0
1421,854,518,29,0
1416,854,519,30,0
1419,854,520,31,0
1221,854,522,32,0
1222,854,523,33,1
2089,4178,1170,1,0
2039,4178,1173,2,0
2040,4178,1173,3,0
2050,4178,1174,4,0
2007,4178,1175,5,0
2008,4178,1176,6,0
2009,4178,1176,7,0
2074,4178,1177,8,0
2049,4178,1177,9,0
2043,4178,1178,10,0
2044,4178,1179,11,0
2045,4178,1180,12,0
1291,4178,1181,13,0
1177,4178,1182,14,0
1178,4178,1182,15,0
1408,4178,1183,16,0
1007,4178,1184,17,0
1430,4178,1185,18,0
1532,4178,1187,19,0
1405,4178,1188,20,0
1406,4178,1189,21,0
1407,4178,1189,22,0
1428,4178,1190,23,0
1410,4178,1191,24,0
1253,4178,1192,25,0
1254,4178,1192,26,0
1255,4178,1193,27,0
1411,4178,1194,28,0
1041,4178,1196,29,0
1102,4178,1197,30,0
1371,4178,1197,31,0
2803,4178,1199,32,0
2801,4178,1200,33,0
1537,4178,1202,34,0
1303,4178,1203,35,0
1300,4178,1204,36,0
1305,4178,1205,37,0
1306,4178,1206,38,0
1307,4178,1207,39,0
1412,4178,1208,40,0
1423,4178,1210,41,0
1414,4178,1211,42,0
1499,4178,1212,43,0
1421,4178,1212,44,0
1416,4178,1213,45,0
1419,4178,1214,46,0
1221,4178,1215,47,0
1222,4178,1216,48,1
1234,4105,962,1,0
1418,4105,963,2,0
1417,4105,964,3,0
1420,4105,965,4,0
1415,4105,965,5,0
1503,4105,966,6,0
1422,4105,967,7,0
1413,4105,968,8,0
1424,4105,969,9,0
1297,4105,971,10,0
1298,4105,972,11,0
1299,4105,973,12,0
1304,4105,974,13,0
1301,4105,975,14,0
1543,4105,976,15,0
2826,4105,978,16,0
2802,4105,979,17,0
1328,4105,981,18,0
1040,4105,982,19,0
1425,4105,983,20,0
1426,4105,985,21,0
1287,4105,986,22,0
1288,4105,987,23,0
1289,4105,987,24,0
1427,4105,988,25,0
1159,4105,989,26,0
1374,4105,990,27,0
1375,4105,991,28,0
1376,4105,991,29,0
1409,4105,993,30,0
1032,4105,995,31,0
1033,4105,996,32,0
1431,4105,997,33,0
1202,4105,998,34,0
1203,4105,998,35,0
1314,4105,999,36,0
2046,4105,1000,37,0
2047,4105,1001,38,0
2048,4105,1002,39,0
2042,4105,1003,40,0
2075,4105,1003,41,0
2027,4105,1004,42,0
2028,4105,1004,43,0
2029,4105,1005,44,0
2041,4105,1006,45,0
2051,4105,1007,46,0
2086,4105,1008,47,0
2089,4105,1010,48,1
2089,2337,505,1,0
2039,2337,508,2,0
2040,2337,508,3,0
2050,2337,509,4,0
2007,2337,510,5,0
2008,2337,511,6,0
2009,2337,511,7,0
2074,2337,512,8,0
2049,2337,513,9,0
2043,2337,513,10,0
2044,2337,515,11,0
2045,2337,516,12,0
1291,2337,517,13,0
1177,2337,518,14,0
1178,2337,519,15,0
1408,2337,520,16,0
1007,2337,521,17,0
1430,2337,522,18,0
1532,2337,524,19,0
1405,2337,525,20,0
1406,2337,526,21,0
1407,2337,526,22,0
1428,2337,527,23,0
1410,2337,528,24,0
1253,2337,529,25,0
1254,2337,530,26,0
1255,2337,531,27,0
1411,2337,532,28,0
1041,2337,535,29,0
1102,2337,536,30,0
1371,2337,536,31,0
2803,2337,538,32,0
2801,2337,539,33,0
1537,2337,541,34,0
1303,2337,542,35,0
1300,2337,543,36,0
1305,2337,544,37,0
1306,2337,545,38,0
1307,2337,546,39,0
1412,2337,547,40,0
1423,2337,549,41,0
1414,2337,550,42,0
1499,2337,551,43,0
1421,2337,551,44,0
1416,2337,552,45,0
1419,2337,553,46,0
1221,2337,556,47,0
1222,2337,557,48,1
2089,2375,690,1,0
2039,2375,693,2,0
2040,2375,693,3,0
2050,2375,694,4,0
2007,2375,695,5,0
2008,2375,696,6,0
2009,2375,696,7,0
2074,2375,697,8,0
2049,2375,698,9,0
2043,2375,698,10,0
2044,2375,700,11,0
2045,2375,701,12,0
1291,2375,702,13,0
1177,2375,703,14,0
1178,2375,704,15,0
1408,2375,705,16,0
1007,2375,706,17,0
1430,2375,707,18,0
1532,2375,709,19,0
1405,2375,710,20,0
1406,2375,711,21,0
1407,2375,711,22,0
1428,2375,712,23,0
1410,2375,713,24,0
1253,2375,714,25,0
1254,2375,715,26,0
1255,2375,716,27,0
1411,2375,717,28,0
1041,2375,719,29,0
1102,2375,720,30,0
1371,2375,720,31,0
2803,2375,723,32,0
2801,2375,724,33,0
1537,2375,726,34,0
1303,2375,727,35,0
1300,2375,728,36,0
1305,2375,730,37,0
1306,2375,731,38,0
1307,2375,732,39,0
1412,2375,733,40,0
1423,2375,735,41,0
1414,2375,736,42,0
1499,2375,737,43,0
1421,2375,737,44,0
1416,2375,738,45,0
1419,2375,739,46,0
1221,2375,741,47,0
1222,2375,742,48,1
1234,2363,872,1,0
1418,2363,873,2,0
1417,2363,874,3,0
1420,2363,875,4,0
1415,2363,876,5,0
1503,2363,877,6,0
1422,2363,878,7,0
1413,2363,879,8,0
1424,2363,880,9,0
1297,2363,881,10,0
1298,2363,883,11,0
1299,2363,883,12,0
1304,2363,885,13,0
1301,2363,886,14,0
1543,2363,887,15,0
2826,2363,889,16,0
2802,2363,891,17,0
1328,2363,893,18,0
1040,2363,894,19,0
1425,2363,895,20,0
1426,2363,897,21,0
1287,2363,898,22,0
1288,2363,899,23,0
1289,2363,899,24,0
1427,2363,900,25,0
1159,2363,901,26,0
1374,2363,902,27,0
1375,2363,903,28,0
1376,2363,903,29,0
1409,2363,905,30,0
1032,2363,907,31,0
1033,2363,908,32,0
1431,2363,909,33,0
1202,2363,910,34,0
1203,2363,910,35,0
1314,2363,911,36,0
2046,2363,912,37,0
2047,2363,913,38,0
2048,2363,915,39,0
2042,2363,916,40,0
2075,2363,916,41,0
2027,2363,917,42,0
2028,2363,917,43,0
2029,2363,918,44,0
2041,2363,919,45,0
2051,2363,920,46,0
2086,2363,921,47,0
2089,2363,923,48,1
1234,732,480,1,0
1418,732,482,2,0
1417,732,483,3,0
1420,732,484,4,0
1415,732,484,5,0
1503,732,485,6,0
1422,732,486,7,0
1413,732,487,8,0
1424,732,488,9,0
1297,732,489,10,0
1298,732,491,11,0
1299,732,491,12,0
1304,732,493,13,0
1301,732,494,14,0
1543,732,495,15,0
2826,732,497,16,0
2802,732,498,17,0
1328,732,500,18,0
1040,732,501,19,0
1425,732,502,20,0
1426,732,504,21,0
1287,732,505,22,0
1288,732,506,23,0
1289,732,507,24,0
1427,732,508,25,0
1159,732,509,26,0
1374,732,510,27,0
1375,732,511,28,0
1376,732,511,29,0
1409,732,513,30,0
1032,732,515,31,0
1033,732,516,32,0
1431,732,517,33,0
1202,732,518,34,0
1203,732,518,35,0
1314,732,519,36,0
2046,732,520,37,0
2047,732,521,38,0
2048,732,523,39,0
2042,732,524,40,0
2075,732,524,41,0
2027,732,525,42,0
2028,732,525,43,0
2029,732,526,44,0
2041,732,527,45,0
2051,732,528,46,0
2086,732,529,47,0
2089,732,531,48,1
1234,772,1061,1,0
1418,772,1062,2,0
1417,772,1063,3,0
1420,772,1064,4,0
1415,772,1065,5,0
1503,772,1066,6,0
1422,772,1067,7,0
1413,772,1068,8,0
1424,772,1069,9,0
1297,772,1071,10,0
1298,772,1073,11,0
1299,772,1073,12,0
1304,772,1075,13,0
1301,772,1076,14,0
1543,772,1077,15,0
2826,772,1079,16,0
2802,772,1081,17,0
1328,772,1083,18,0
1040,772,1084,19,0
1425,772,1085,20,0
1426,772,1087,21,0
1287,772,1088,22,0
1288,772,1089,23,0
1289,772,1090,24,0
1427,772,1091,25,0
1159,772,1092,26,0
1374,772,1093,27,0
1375,772,1094,28,0
1376,772,1094,29,0
1409,772,1096,30,0
1032,772,1098,31,0
1033,772,1099,32,0
1431,772,1100,33,0
1202,772,1101,34,0
1203,772,1101,35,0
1314,772,1102,36,0
2046,772,1103,37,0
2047,772,1104,38,0
2048,772,1106,39,0
2042,772,1107,40,0
2075,772,1107,41,0
2027,772,1108,42,0
2028,772,1108,43,0
2029,772,1109,44,0
2041,772,1110,45,0
2051,772,1111,46,0
2086,772,1112,47,0
2089,772,1114,48,1
1234,753,1142,1,0
1418,753,1143,2,0
1417,753,1144,3,0
1420,753,1145,4,0
1415,753,1145,5,0
1503,753,1146,6,0
1422,753,1147,7,0
1413,753,1148,8,0
1424,753,1149,9,0
1297,753,1151,10,0
1298,753,1152,11,0
1299,753,1153,12,0
1304,753,1154,13,0
1301,753,1155,14,0
1543,753,1156,15,0
2826,753,1158,16,0
2802,753,1159,17,0
1328,753,1161,18,0
1040,753,1162,19,0
1425,753,1163,20,0
1426,753,1165,21,0
1287,753,1166,22,0
1288,753,1167,23,0
1289,753,1167,24,0
1427,753,1168,25,0
1159,753,1169,26,0
1374,753,1170,27,0
1375,753,1171,28,0
1376,753,1171,29,0
1409,753,1173,30,0
1032,753,1175,31,0
1033,753,1176,32,0
1431,753,1177,33,0
1202,753,1178,34,0
1203,753,1178,35,0
1314,753,1179,36,0
2046,753,1180,37,0
2047,753,1181,38,0
2048,753,1182,39,0
2042,753,1183,40,0
2075,753,1183,41,0
2027,753,1184,42,0
2028,753,1184,43,0
2029,753,1185,44,0
2041,753,1186,45,0
2051,753,1187,46,0
2086,753,1188,47,0
2089,753,1190,48,1
2089,2679,660,1,0
2039,2679,663,2,0
2040,2679,663,3,0
2050,2679,664,4,0
2007,2679,665,5,0
2008,2679,666,6,0
2009,2679,666,7,0
2074,2679,667,8,0
2049,2679,668,9,0
2043,2679,668,10,0
2044,2679,670,11,0
2045,2679,671,12,0
1291,2679,672,13,0
1177,2679,673,14,0
1178,2679,674,15,0
1408,2679,675,16,0
1007,2679,676,17,0
1430,2679,677,18,0
1532,2679,679,19,0
1405,2679,680,20,0
1406,2679,681,21,0
1407,2679,681,22,0
1428,2679,682,23,0
1410,2679,683,24,0
1253,2679,684,25,0
1254,2679,685,26,0
1255,2679,686,27,0
1411,2679,687,28,0
1041,2679,689,29,0
1102,2679,690,30,0
1371,2679,690,31,0
2803,2679,693,32,0
2801,2679,694,33,0
1537,2679,696,34,0
1303,2679,697,35,0
1300,2679,698,36,0
1305,2679,700,37,0
1306,2679,701,38,0
1307,2679,702,39,0
1412,2679,703,40,0
1423,2679,705,41,0
1414,2679,706,42,0
1499,2679,707,43,0
1421,2679,707,44,0
1416,2679,708,45,0
1419,2679,709,46,0
1221,2679,711,47,0
1222,2679,712,48,1
2089,4465,700,1,0
2039,4465,703,2,0
2040,4465,703,3,0
2050,4465,704,4,0
2007,4465,705,5,0
2008,4465,706,6,0
2009,4465,706,7,0
2074,4465,707,8,0
2049,4465,707,9,0
2043,4465,708,10,0
2044,4465,709,11,0
2045,4465,710,12,0
1291,4465,711,13,0
1177,4465,712,14,0
1178,4465,713,15,0
1408,4465,714,16,0
1007,4465,715,17,0
1430,4465,716,18,0
1532,4465,718,19,0
1405,4465,719,20,0
1406,4465,720,21,0
1407,4465,720,22,0
1428,4465,721,23,0
1410,4465,722,24,0
1253,4465,723,25,0
1254,4465,724,26,0
1255,4465,725,27,0
1411,4465,726,28,0
1041,4465,729,29,0
1102,4465,730,30,0
1371,4465,730,31,0
2803,4465,732,32,0
2801,4465,733,33,0
1537,4465,735,34,0
1303,4465,736,35,0
1300,4465,737,36,0
1305,4465,738,37,0
1306,4465,739,38,0
1307,4465,740,39,0
1412,4465,741,40,0
1423,4465,743,41,0
1414,4465,744,42,0
1499,4465,745,43,0
1421,4465,745,44,0
1416,4465,746,45,0
1419,4465,747,46,0
1221,4465,750,47,0
1222,4465,751,48,1
2089,4481,900,1,0
2039,4481,903,2,0
2040,4481,903,3,0
2050,4481,904,4,0
2007,4481,905,5,0
2008,4481,906,6,0
2009,4481,906,7,0
2074,4481,907,8,0
2049,4481,907,9,0
2043,4481,908,10,0
2044,4481,909,11,0
2045,4481,910,12,0
1291,4481,911,13,0
1177,4481,912,14,0
1178,4481,913,15,0
1408,4481,914,16,0
1007,4481,915,17,0
1430,4481,916,18,0
1532,4481,918,19,0
1405,4481,919,20,0
1406,4481,920,21,0
1407,4481,920,22,0
1428,4481,921,23,0
1410,4481,922,24,0
1253,4481,923,25,0
1254,4481,923,26,0
1255,4481,924,27,0
1411,4481,925,28,0
1041,4481,929,29,0
1102,4481,930,30,0
1371,4481,930,31,0
2803,4481,932,32,0
2801,4481,933,33,0
1537,4481,935,34,0
1303,4481,936,35,0
1300,4481,937,36,0
1305,4481,938,37,0
1306,4481,939,38,0
1307,4481,940,39,0
1412,4481,941,40,0
1423,4481,943,41,0
1414,4481,944,42,0
1499,4481,945,43,0
1421,4481,945,44,0
1416,4481,946,45,0
1419,4481,947,46,0
1221,4481,950,47,0
1222,4481,951,48,1
1234,4421,811,1,0
1418,4421,812,2,0
1417,4421,813,3,0
1420,4421,814,4,0
1415,4421,815,5,0
1503,4421,816,6,0
1422,4421,817,7,0
1413,4421,818,8,0
1424,4421,819,9,0
1297,4421,820,10,0
1298,4421,822,11,0
1299,4421,822,12,0
1304,4421,824,13,0
1301,4421,825,14,0
1543,4421,826,15,0
2826,4421,828,16,0
2802,4421,830,17,0
1328,4421,832,18,0
1040,4421,833,19,0
1425,4421,834,20,0
1426,4421,836,21,0
1287,4421,837,22,0
1288,4421,838,23,0
1289,4421,838,24,0
1427,4421,839,25,0
1159,4421,840,26,0
1374,4421,841,27,0
1375,4421,842,28,0
1376,4421,842,29,0
1409,4421,844,30,0
1032,4421,846,31,0
1033,4421,847,32,0
1431,4421,848,33,0
1202,4421,849,34,0
1203,4421,849,35,0
1314,4421,850,36,0
2046,4421,851,37,0
2047,4421,852,38,0
2048,4421,854,39,0
2042,4421,855,40,0
2075,4421,855,41,0
2027,4421,856,42,0
2028,4421,856,43,0
2029,4421,857,44,0
2041,4421,858,45,0
2051,4421,859,46,0
2086,4421,860,47,0
2089,4421,862,48,1
2089,1113,780,1,0
2039,1113,783,2,0
2040,1113,783,3,0
2050,1113,784,4,0
2007,1113,785,5,0
2008,1113,786,6,0
2009,1113,786,7,0
2074,1113,787,8,0
2049,1113,787,9,0
2043,1113,788,10,0
2044,1113,789,11,0
2045,1113,790,12,0
1291,1113,791,13,0
1177,1113,792,14,0
1178,1113,793,15,0
1408,1113,794,16,0
1007,1113,795,17,0
1430,1113,796,18,0
1532,1113,798,19,0
1405,1113,799,20,0
1406,1113,800,21,0
1407,1113,800,22,0
1428,1113,801,23,0
1410,1113,802,24,0
1253,1113,803,25,0
1254,1113,803,26,0
1255,1113,804,27,0
1411,1113,805,28,0
1041,1113,809,29,0
1102,1113,810,30,0
1371,1113,810,31,0
2803,1113,812,32,0
2801,1113,813,33,0
1537,1113,815,34,0
1303,1113,816,35,0
1300,1113,817,36,0
1305,1113,818,37,0
1306,1113,819,38,0
1307,1113,820,39,0
1412,1113,821,40,0
1423,1113,823,41,0
1414,1113,824,42,0
1499,1113,825,43,0
1421,1113,825,44,0
1416,1113,826,45,0
1419,1113,827,46,0
1221,1113,829,47,0
1222,1113,830,48,1
2089,4443,1029,1,0
2039,4443,1032,2,0
2040,4443,1032,3,0
2050,4443,1033,4,0
2007,4443,1034,5,0
2008,4443,1035,6,0
2009,4443,1035,7,0
2074,4443,1036,8,0
2049,4443,1037,9,0
2043,4443,1037,10,0
2044,4443,1039,11,0
2045,4443,1040,12,0
1291,4443,1041,13,0
1177,4443,1042,14,0
1178,4443,1043,15,0
1408,4443,1044,16,0
1007,4443,1045,17,0
1430,4443,1046,18,0
1532,4443,1048,19,0
1405,4443,1049,20,0
1406,4443,1050,21,0
1407,4443,1050,22,0
1428,4443,1051,23,0
1410,4443,1052,24,0
1253,4443,1053,25,0
1254,4443,1054,26,0
1255,4443,1055,27,0
1411,4443,1056,28,0
1041,4443,1059,29,0
1102,4443,1060,30,0
1371,4443,1060,31,0
2803,4443,1063,32,0
2801,4443,1064,33,0
1537,4443,1066,34,0
1303,4443,1067,35,0
1300,4443,1068,36,0
1305,4443,1070,37,0
1306,4443,1071,38,0
1307,4443,1072,39,0
1412,4443,1073,40,0
1423,4443,1075,41,0
1414,4443,1076,42,0
1499,4443,1077,43,0
1421,4443,1077,44,0
1416,4443,1078,45,0
1419,4443,1079,46,0
1221,4443,1082,47,0
1222,4443,1083,48,1
2089,1139,1125,1,0
2039,1139,1128,2,0
2040,1139,1128,3,0
2050,1139,1129,4,0
2007,1139,1130,5,0
2008,1139,1131,6,0
2009,1139,1131,7,0
2074,1139,1132,8,0
2049,1139,1133,9,0
2043,1139,1133,10,0
2044,1139,1135,11,0
2045,1139,1136,12,0
1291,1139,1137,13,0
1177,1139,1138,14,0
1178,1139,1139,15,0
1408,1139,1140,16,0
1007,1139,1141,17,0
1430,1139,1142,18,0
1532,1139,1144,19,0
1405,1139,1145,20,0
1406,1139,1146,21,0
1407,1139,1146,22,0
1428,1139,1147,23,0
1410,1139,1148,24,0
1253,1139,1149,25,0
1254,1139,1150,26,0
1255,1139,1151,27,0
1411,1139,1152,28,0
1041,1139,1154,29,0
1102,1139,1155,30,0
1371,1139,1155,31,0
2803,1139,1157,32,0
2801,1139,1158,33,0
1537,1139,1160,34,0
1303,1139,1161,35,0
1300,1139,1162,36,0
1305,1139,1164,37,0
1306,1139,1165,38,0
1307,1139,1166,39,0
1412,1139,1167,40,0
1423,1139,1169,41,0
1414,1139,1170,42,0
1499,1139,1171,43,0
1421,1139,1171,44,0
1416,1139,1172,45,0
1419,1139,1173,46,0
1221,1139,1175,47,0
1222,1139,1176,48,1
2089,1175,870,1,0
2039,1175,873,2,0
2040,1175,873,3,0
2050,1175,874,4,0
2007,1175,875,5,0
2008,1175,876,6,0
2009,1175,876,7,0
2074,1175,877,8,0
2049,1175,877,9,0
2043,1175,878,10,0
2044,1175,879,11,0
2045,1175,880,12,0
1291,1175,881,13,0
1177,1175,882,14,0
1178,1175,883,15,0
1408,1175,884,16,0
1007,1175,885,17,0
1430,1175,886,18,0
1532,1175,888,19,0
1405,1175,889,20,0
1406,1175,890,21,0
1407,1175,890,22,0
1428,1175,891,23,0
1410,1175,892,24,0
1253,1175,893,25,0
1254,1175,893,26,0
1255,1175,894,27,0
1411,1175,895,28,0
1041,1175,899,29,0
1102,1175,900,30,0
1371,1175,900,31,0
2803,1175,902,32,0
2801,1175,903,33,0
1537,1175,905,34,0
1303,1175,906,35,0
1300,1175,907,36,0
1305,1175,908,37,0
1306,1175,909,38,0
1307,1175,910,39,0
1412,1175,911,40,0
1423,1175,913,41,0
1414,1175,914,42,0
1499,1175,915,43,0
1421,1175,915,44,0
1416,1175,916,45,0
1419,1175,917,46,0
1221,1175,920,47,0
1222,1175,921,48,1
2089,1164,1093,1,0
2039,1164,1096,2,0
2040,1164,1096,3,0
2050,1164,1097,4,0
2007,1164,1098,5,0
2008,1164,1099,6,0
2009,1164,1099,7,0
2074,1164,1100,8,0
2049,1164,1101,9,0
2043,1164,1101,10,0
2044,1164,1103,11,0
2045,1164,1104,12,0
1291,1164,1105,13,0
1177,1164,1106,14,0
1178,1164,1107,15,0
1408,1164,1108,16,0
1007,1164,1109,17,0
1430,1164,1110,18,0
1532,1164,1112,19,0
1405,1164,1113,20,0
1406,1164,1114,21,0
1407,1164,1114,22,0
1428,1164,1115,23,0
1410,1164,1116,24,0
1253,1164,1117,25,0
1254,1164,1118,26,0
1255,1164,1119,27,0
1411,1164,1120,28,0
1041,1164,1123,29,0
1102,1164,1124,30,0
1371,1164,1124,31,0
2803,1164,1127,32,0
2801,1164,1128,33,0
1537,1164,1130,34,0
1303,1164,1131,35,0
1300,1164,1132,36,0
1305,1164,1134,37,0
1306,1164,1135,38,0
1307,1164,1136,39,0
1412,1164,1137,40,0
1423,1164,1139,41,0
1414,1164,1140,42,0
1499,1164,1141,43,0
1421,1164,1141,44,0
1416,1164,1142,45,0
1419,1164,1143,46,0
1221,1164,1145,47,0
1222,1164,1146,48,1
1234,603,1093,1,0
1418,603,1094,2,0
1417,603,1095,3,0
1420,603,1096,4,0
1415,603,1097,5,0
1503,603,1098,6,0
1422,603,1099,7,0
1413,603,1100,8,0
1424,603,1101,9,0
1297,603,1103,10,0
1298,603,1104,11,0
1299,603,1105,12,0
1304,603,1106,13,0
1301,603,1107,14,0
1543,603,1108,15,0
2826,603,1110,16,0
2802,603,1112,17,0
1328,603,1114,18,0
1040,603,1115,19,0
1425,603,1116,20,0
1426,603,1118,21,0
1287,603,1119,22,0
1288,603,1120,23,0
1289,603,1120,24,0
1427,603,1121,25,0
1159,603,1122,26,0
1374,603,1123,27,0
1375,603,1124,28,0
1376,603,1124,29,0
1409,603,1126,30,0
1032,603,1128,31,0
1033,603,1129,32,0
1431,603,1130,33,0
1202,603,1131,34,0
1203,603,1131,35,0
1314,603,1132,36,0
2046,603,1133,37,0
2047,603,1134,38,0
2048,603,1136,39,0
2042,603,1137,40,0
2075,603,1137,41,0
2027,603,1138,42,0
2028,603,1138,43,0
2029,603,1139,44,0
2041,603,1140,45,0
2051,603,1141,46,0
2086,603,1142,47,0
2089,603,1144,48,1
1234,649,1028,1,0
1418,649,1030,2,0
1417,649,1031,3,0
1420,649,1032,4,0
1415,649,1033,5,0
1503,649,1034,6,0
1422,649,1035,7,0
1413,649,1036,8,0
1424,649,1037,9,0
1297,649,1039,10,0
1298,649,1041,11,0
1299,649,1042,12,0
1304,649,1043,13,0
1301,649,1045,14,0
1543,649,1046,15,0
2826,649,1048,16,0
2802,649,1050,17,0
1328,649,1052,18,0
1040,649,1053,19,0
1425,649,1054,20,0
1426,649,1056,21,0
1287,649,1057,22,0
1288,649,1058,23,0
1289,649,1059,24,0
1427,649,1060,25,0
1159,649,1061,26,0
1374,649,1062,27,0
1375,649,1063,28,0
1376,649,1064,29,0
1409,649,1065,30,0
1032,649,1067,31,0
1033,649,1068,32,0
1431,649,1069,33,0
1202,649,1070,34,0
1203,649,1070,35,0
1314,649,1071,36,0
2046,649,1072,37,0
2047,649,1073,38,0
2048,649,1075,39,0
2042,649,1076,40,0
2075,649,1076,41,0
2027,649,1077,42,0
2028,649,1077,43,0
2029,649,1078,44,0
2041,649,1079,45,0
2051,649,1080,46,0
2086,649,1081,47,0
2089,649,1083,48,1
2089,641,934,1,0
2039,641,937,2,0
2040,641,937,3,0
2050,641,938,4,0
2007,641,939,5,0
2008,641,940,6,0
2009,641,940,7,0
2074,641,941,8,0
2049,641,942,9,0
2043,641,942,10,0
2044,641,944,11,0
2045,641,945,12,0
1291,641,946,13,0
1177,641,947,14,0
1178,641,948,15,0
1408,641,949,16,0
1007,641,950,17,0
1430,641,951,18,0
1532,641,953,19,0
1405,641,954,20,0
1406,641,955,21,0
1407,641,955,22,0
1428,641,956,23,0
1410,641,957,24,0
1253,641,958,25,0
1254,641,959,26,0
1255,641,960,27,0
1411,641,961,28,0
1041,641,963,29,0
1102,641,964,30,0
1371,641,964,31,0
2803,641,967,32,0
2801,641,968,33,0
1537,641,970,34,0
1303,641,971,35,0
1300,641,972,36,0
1305,641,974,37,0
1306,641,975,38,0
1307,641,976,39,0
1412,641,977,40,0
1423,641,979,41,0
1414,641,980,42,0
1499,641,981,43,0
1421,641,981,44,0
1416,641,982,45,0
1419,641,983,46,0
1221,641,986,47,0
1222,641,987,48,1
2089,636,841,1,0
2039,636,844,2,0
2040,636,844,3,0
2050,636,845,4,0
2007,636,846,5,0
2008,636,847,6,0
2009,636,847,7,0
2074,636,848,8,0
2049,636,849,9,0
2043,636,849,10,0
2044,636,851,11,0
2045,636,852,12,0
1291,636,853,13,0
1177,636,854,14,0
1178,636,855,15,0
1408,636,856,16,0
1007,636,857,17,0
1430,636,858,18,0
1532,636,860,19,0
1405,636,861,20,0
1406,636,862,21,0
1407,636,862,22,0
1428,636,863,23,0
1410,636,864,24,0
1253,636,865,25,0
1254,636,866,26,0
1255,636,867,27,0
1411,636,868,28,0
1041,636,870,29,0
1102,636,871,30,0
1371,636,871,31,0
2803,636,874,32,0
2801,636,875,33,0
1537,636,877,34,0
1303,636,878,35,0
1300,636,879,36,0
1305,636,881,37,0
1306,636,882,38,0
1307,636,883,39,0
1412,636,884,40,0
1423,636,886,41,0
1414,636,887,42,0
1499,636,888,43,0
1421,636,888,44,0
1416,636,889,45,0
1419,636,890,46,0
1221,636,893,47,0
1222,636,894,48,1
1234,662,932,1,0
1418,662,933,2,0
1417,662,934,3,0
1420,662,935,4,0
1415,662,935,5,0
1503,662,936,6,0
1422,662,937,7,0
1413,662,938,8,0
1424,662,939,9,0
1297,662,941,10,0
1298,662,942,11,0
1299,662,943,12,0
1304,662,944,13,0
1301,662,945,14,0
1543,662,946,15,0
2826,662,948,16,0
2802,662,949,17,0
1328,662,951,18,0
1040,662,952,19,0
1425,662,953,20,0
1426,662,955,21,0
1287,662,956,22,0
1288,662,957,23,0
1289,662,957,24,0
1427,662,958,25,0
1159,662,959,26,0
1374,662,960,27,0
1375,662,961,28,0
1376,662,961,29,0
1409,662,963,30,0
1032,662,965,31,0
1033,662,966,32,0
1431,662,967,33,0
1202,662,968,34,0
1203,662,968,35,0
1314,662,969,36,0
2046,662,970,37,0
2047,662,971,38,0
2048,662,972,39,0
2042,662,973,40,0
2075,662,973,41,0
2027,662,974,42,0
2028,662,974,43,0
2029,662,975,44,0
2041,662,976,45,0
2051,662,977,46,0
2086,662,978,47,0
2089,662,980,48,1
2089,656,1155,1,0
2039,656,1158,2,0
2040,656,1158,3,0
2050,656,1159,4,0
2007,656,1160,5,0
2008,656,1161,6,0
2009,656,1161,7,0
2074,656,1162,8,0
2049,656,1163,9,0
2043,656,1163,10,0
2044,656,1165,11,0
2045,656,1166,12,0
1291,656,1167,13,0
1177,656,1168,14,0
1178,656,1169,15,0
1408,656,1170,16,0
1007,656,1171,17,0
1430,656,1172,18,0
1532,656,1173,19,0
1405,656,1174,20,0
1406,656,1175,21,0
1407,656,1175,22,0
1428,656,1176,23,0
1410,656,1177,24,0
1253,656,1178,25,0
1254,656,1179,26,0
1255,656,1180,27,0
1411,656,1181,28,0
1041,656,1183,29,0
1102,656,1184,30,0
1371,656,1184,31,0
2803,656,1186,32,0
2801,656,1187,33,0
1537,656,1189,34,0
1303,656,1190,35,0
1300,656,1191,36,0
1305,656,1192,37,0
1306,656,1193,38,0
1307,656,1194,39,0
1412,656,1195,40,0
1423,656,1196,41,0
1414,656,1197,42,0
1499,656,1198,43,0
1421,656,1198,44,0
1416,656,1199,45,0
1419,656,1200,46,0
1221,656,1202,47,0
1222,656,1203,48,1
1234,1092,530,1,0
1418,1092,531,2,0
1417,1092,531,3,0
1420,1092,532,4,0
1415,1092,532,5,0
1503,1092,533,6,0
1422,1092,534,7,0
1413,1092,535,8,0
1424,1092,536,9,0
1297,1092,538,10,0
1298,1092,539,11,0
1299,1092,540,12,0
1304,1092,541,13,0
1301,1092,542,14,0
1543,1092,543,15,0
2826,1092,544,16,0
2802,1092,545,17,0
1328,1092,547,18,0
1040,1092,548,19,0
1425,1092,549,20,0
1426,1092,551,21,0
1287,1092,552,22,0
1288,1092,553,23,0
1289,1092,553,24,0
1427,1092,554,25,0
1159,1092,555,26,0
1374,1092,555,27,0
1375,1092,556,28,0
1376,1092,556,29,0
1409,1092,558,30,0
1032,1092,559,31,0
1033,1092,560,32,0
1431,1092,561,33,0
1202,1092,562,34,0
1203,1092,562,35,0
1314,1092,563,36,0
2046,1092,564,37,0
2047,1092,565,38,0
2048,1092,566,39,0
2042,1092,567,40,0
2075,1092,567,41,0
2027,1092,568,42,0
2028,1092,568,43,0
2029,1092,569,44,0
2041,1092,570,45,0
2051,1092,571,46,0
2086,1092,572,47,0
2089,1092,574,48,1
1234,1084,415,1,0
1418,1084,416,2,0
1417,1084,417,3,0
1420,1084,418,4,0
1415,1084,418,5,0
1503,1084,419,6,0
1422,1084,420,7,0
1413,1084,421,8,0
1424,1084,422,9,0
1297,1084,423,10,0
1298,1084,424,11,0
1299,1084,425,12,0
1304,1084,426,13,0
1301,1084,427,14,0
1543,1084,428,15,0
2826,1084,430,16,0
2802,1084,431,17,0
1328,1084,433,18,0
1040,1084,434,19,0
1425,1084,435,20,0
1426,1084,437,21,0
1287,1084,438,22,0
1288,1084,439,23,0
1289,1084,439,24,0
1427,1084,440,25,0
1159,1084,441,26,0
1374,1084,442,27,0
1375,1084,443,28,0
1376,1084,443,29,0
1409,1084,445,30,0
1032,1084,446,31,0
1033,1084,447,32,0
1431,1084,448,33,0
1202,1084,449,34,0
1203,1084,449,35,0
1314,1084,450,36,0
2046,1084,451,37,0
2047,1084,452,38,0
2048,1084,453,39,0
2042,1084,454,40,0
2075,1084,454,41,0
2027,1084,455,42,0
2028,1084,455,43,0
2029,1084,456,44,0
2041,1084,457,45,0
2051,1084,458,46,0
2086,1084,459,47,0
2089,1084,461,48,1
2089,1034,965,1,0
2039,1034,968,2,0
2040,1034,968,3,0
2050,1034,969,4,0
2007,1034,970,5,0
2008,1034,971,6,0
2009,1034,971,7,0
2074,1034,972,8,0
2049,1034,973,9,0
2043,1034,973,10,0
2044,1034,975,11,0
2045,1034,976,12,0
1291,1034,977,13,0
1177,1034,978,14,0
1178,1034,979,15,0
1408,1034,980,16,0
1007,1034,981,17,0
1430,1034,982,18,0
1532,1034,984,19,0
1405,1034,985,20,0
1406,1034,986,21,0
1407,1034,986,22,0
1428,1034,987,23,0
1410,1034,988,24,0
1253,1034,989,25,0
1254,1034,990,26,0
1255,1034,991,27,0
1411,1034,992,28,0
1041,1034,995,29,0
1102,1034,996,30,0
1371,1034,996,31,0
2803,1034,999,32,0
2801,1034,1000,33,0
1537,1034,1002,34,0
1303,1034,1003,35,0
1300,1034,1004,36,0
1305,1034,1006,37,0
1306,1034,1007,38,0
1307,1034,1008,39,0
1412,1034,1009,40,0
1423,1034,1011,41,0
1414,1034,1012,42,0
1499,1034,1013,43,0
1421,1034,1013,44,0
1416,1034,1014,45,0
1419,1034,1015,46,0
1221,1034,1018,47,0
1222,1034,1019,48,1
2089,1043,580,1,0
2039,1043,583,2,0
2040,1043,583,3,0
2050,1043,584,4,0
2007,1043,585,5,0
2008,1043,586,6,0
2009,1043,586,7,0
2074,1043,587,8,0
2049,1043,587,9,0
2043,1043,588,10,0
2044,1043,589,11,0
2045,1043,590,12,0
1291,1043,591,13,0
1177,1043,592,14,0
1178,1043,593,15,0
1408,1043,594,16,0
1007,1043,595,17,0
1430,1043,596,18,0
1532,1043,598,19,0
1405,1043,599,20,0
1406,1043,600,21,0
1407,1043,600,22,0
1428,1043,601,23,0
1410,1043,602,24,0
1253,1043,603,25,0
1254,1043,604,26,0
1255,1043,605,27,0
1411,1043,606,28,0
1041,1043,609,29,0
1102,1043,610,30,0
1371,1043,610,31,0
2803,1043,612,32,0
2801,1043,613,33,0
1537,1043,615,34,0
1303,1043,616,35,0
1300,1043,617,36,0
1305,1043,618,37,0
1306,1043,619,38,0
1307,1043,620,39,0
1412,1043,621,40,0
1423,1043,623,41,0
1414,1043,624,42,0
1499,1043,625,43,0
1421,1043,625,44,0
1416,1043,626,45,0
1419,1043,627,46,0
1221,1043,630,47,0
1222,1043,631,48,1
2089,1030,903,1,0
2039,1030,906,2,0
2040,1030,906,3,0
2050,1030,907,4,0
2007,1030,908,5,0
2008,1030,909,6,0
2009,1030,909,7,0
2074,1030,910,8,0
2049,1030,911,9,0
2043,1030,911,10,0
2044,1030,913,11,0
2045,1030,914,12,0
1291,1030,915,13,0
1177,1030,916,14,0
1178,1030,917,15,0
1408,1030,918,16,0
1007,1030,919,17,0
1430,1030,920,18,0
1532,1030,922,19,0
1405,1030,923,20,0
1406,1030,924,21,0
1407,1030,924,22,0
1428,1030,925,23,0
1410,1030,926,24,0
1253,1030,927,25,0
1254,1030,928,26,0
1255,1030,929,27,0
1411,1030,930,28,0
1041,1030,932,29,0
1102,1030,933,30,0
1371,1030,933,31,0
2803,1030,936,32,0
2801,1030,937,33,0
1537,1030,939,34,0
1303,1030,940,35,0
1300,1030,941,36,0
1305,1030,943,37,0
1306,1030,944,38,0
1307,1030,945,39,0
1412,1030,946,40,0
1423,1030,948,41,0
1414,1030,949,42,0
1499,1030,950,43,0
1421,1030,950,44,0
1416,1030,951,45,0
1419,1030,952,46,0
1221,1030,955,47,0
1222,1030,956,48,1
1234,2171,781,1,0
1418,2171,782,2,0
1417,2171,783,3,0
1420,2171,784,4,0
1415,2171,785,5,0
1503,2171,786,6,0
1422,2171,787,7,0
1413,2171,788,8,0
1424,2171,789,9,0
1297,2171,790,10,0
1298,2171,792,11,0
1299,2171,792,12,0
1304,2171,794,13,0
1301,2171,795,14,0
1543,2171,796,15,0
2826,2171,798,16,0
2802,2171,800,17,0
1328,2171,802,18,0
1040,2171,803,19,0
1425,2171,804,20,0
1426,2171,806,21,0
1287,2171,807,22,0
1288,2171,808,23,0
1289,2171,808,24,0
1427,2171,809,25,0
1159,2171,810,26,0
1374,2171,811,27,0
1375,2171,812,28,0
1376,2171,812,29,0
1409,2171,814,30,0
1032,2171,816,31,0
1033,2171,817,32,0
1431,2171,818,33,0
1202,2171,819,34,0
1203,2171,819,35,0
1314,2171,820,36,0
2046,2171,821,37,0
2047,2171,822,38,0
2048,2171,824,39,0
2042,2171,825,40,0
2075,2171,825,41,0
2027,2171,826,42,0
2028,2171,826,43,0
2029,2171,827,44,0
2041,2171,828,45,0
2051,2171,829,46,0
2086,2171,830,47,0
2089,2171,832,48,1
1234,3233,902,1,0
1418,3233,903,2,0
1417,3233,904,3,0
1420,3233,905,4,0
1415,3233,905,5,0
1503,3233,906,6,0
1422,3233,907,7,0
1413,3233,908,8,0
1424,3233,909,9,0
1297,3233,911,10,0
1298,3233,912,11,0
1299,3233,913,12,0
1304,3233,914,13,0
1301,3233,915,14,0
1543,3233,916,15,0
2826,3233,918,16,0
2802,3233,919,17,0
1328,3233,921,18,0
1040,3233,922,19,0
1425,3233,923,20,0
1426,3233,925,21,0
1287,3233,926,22,0
1288,3233,927,23,0
1289,3233,927,24,0
1427,3233,928,25,0
1159,3233,929,26,0
1374,3233,930,27,0
1375,3233,931,28,0
1376,3233,931,29,0
1409,3233,933,30,0
1032,3233,935,31,0
1033,3233,936,32,0
1431,3233,937,33,0
1202,3233,938,34,0
1203,3233,938,35,0
1314,3233,939,36,0
2046,3233,940,37,0
2047,3233,941,38,0
2048,3233,942,39,0
2042,3233,943,40,0
2075,3233,943,41,0
2027,3233,944,42,0
2028,3233,944,43,0
2029,3233,945,44,0
2041,3233,946,45,0
2051,3233,947,46,0
2086,3233,948,47,0
2089,3233,950,48,1
1234,3485,998,1,0
1418,3485,999,2,0
1417,3485,1000,3,0
1420,3485,1001,4,0
1415,3485,1002,5,0
1503,3485,1003,6,0
1422,3485,1004,7,0
1413,3485,1005,8,0
1424,3485,1006,9,0
1297,3485,1008,10,0
1298,3485,1010,11,0
1299,3485,1011,12,0
1304,3485,1012,13,0
1301,3485,1014,14,0
1543,3485,1015,15,0
2826,3485,1017,16,0
2802,3485,1019,17,0
1328,3485,1021,18,0
1040,3485,1022,19,0
1425,3485,1023,20,0
1426,3485,1025,21,0
1287,3485,1026,22,0
1288,3485,1027,23,0
1289,3485,1027,24,0
1427,3485,1028,25,0
1159,3485,1029,26,0
1374,3485,1030,27,0
1375,3485,1031,28,0
1376,3485,1031,29,0
1409,3485,1032,30,0
1032,3485,1034,31,0
1033,3485,1035,32,0
1431,3485,1036,33,0
1202,3485,1037,34,0
1203,3485,1037,35,0
1314,3485,1038,36,0
2046,3485,1039,37,0
2047,3485,1040,38,0
2048,3485,1042,39,0
2042,3485,1043,40,0
2075,3485,1043,41,0
2027,3485,1044,42,0
2028,3485,1044,43,0
2029,3485,1045,44,0
2041,3485,1046,45,0
2051,3485,1047,46,0
2086,3485,1048,47,0
2089,3485,1050,48,1
1408,4047,351,1,0
1007,4047,352,2,0
1430,4047,353,3,0
1532,4047,355,4,0
1405,4047,356,5,0
1406,4047,357,6,0
1407,4047,357,7,0
1428,4047,358,8,0
1410,4047,359,9,0
1253,4047,360,10,0
1254,4047,361,11,0
1255,4047,362,12,0
1411,4047,363,13,0
1041,4047,365,14,0
1102,4047,365,15,0
1371,4047,366,16,0
2803,4047,367,17,0
2801,4047,368,18,0
1537,4047,370,19,0
1303,4047,371,20,0
1300,4047,372,21,0
1305,4047,373,22,0
1306,4047,374,23,0
1307,4047,375,24,0
1412,4047,376,25,0
1423,4047,378,26,0
1414,4047,379,27,0
1499,4047,380,28,0
1421,4047,380,29,0
1416,4047,381,30,0
1419,4047,382,31,0
1221,4047,384,32,0
1222,4047,385,33,1
1234,3413,760,1,0
1418,3413,761,2,0
1417,3413,762,3,0
1420,3413,763,4,0
1415,3413,763,5,0
1503,3413,764,6,0
1422,3413,765,7,0
1413,3413,766,8,0
1424,3413,767,9,0
1297,3413,769,10,0
1298,3413,770,11,0
1299,3413,771,12,0
1304,3413,772,13,0
1301,3413,773,14,0
1543,3413,774,15,0
2826,3413,776,16,0
2802,3413,777,17,0
1328,3413,779,18,0
1040,3413,780,19,0
1425,3413,781,20,0
1426,3413,783,21,0
1287,3413,784,22,0
1288,3413,785,23,0
1289,3413,785,24,0
1427,3413,786,25,0
1159,3413,787,26,0
1374,3413,788,27,0
1375,3413,789,28,0
1376,3413,789,29,0
1409,3413,791,30,0
1032,3413,793,31,0
1033,3413,794,32,0
1431,3413,795,33,0
1202,3413,796,34,0
1203,3413,796,35,0
1314,3413,797,36,0
2046,3413,798,37,0
2047,3413,799,38,0
2048,3413,800,39,0
2042,3413,801,40,0
2075,3413,801,41,0
2027,3413,802,42,0
2028,3413,802,43,0
2029,3413,803,44,0
2041,3413,804,45,0
2051,3413,805,46,0
2086,3413,806,47,0
2089,3413,808,48,1
2089,4096,540,1,0
2039,4096,543,2,0
2040,4096,543,3,0
2050,4096,544,4,0
2007,4096,545,5,0
2008,4096,546,6,0
2009,4096,546,7,0
2074,4096,547,8,0
2049,4096,548,9,0
2043,4096,548,10,0
2044,4096,550,11,0
2045,4096,551,12,0
1291,4096,552,13,0
1177,4096,553,14,0
1178,4096,554,15,0
1408,4096,555,16,0
1007,4096,556,17,0
1430,4096,557,18,0
1532,4096,559,19,0
1405,4096,560,20,0
1406,4096,561,21,0
1407,4096,561,22,0
1428,4096,562,23,0
1410,4096,563,24,0
1253,4096,564,25,0
1254,4096,565,26,0
1255,4096,566,27,0
1411,4096,567,28,0
1041,4096,569,29,0
1102,4096,570,30,0
1371,4096,570,31,0
2803,4096,573,32,0
2801,4096,574,33,0
1537,4096,576,34,0
1303,4096,577,35,0
1300,4096,578,36,0
1305,4096,580,37,0
1306,4096,581,38,0
1307,4096,582,39,0
1412,4096,583,40,0
1423,4096,585,41,0
1414,4096,586,42,0
1499,4096,587,43,0
1421,4096,587,44,0
1416,4096,588,45,0
1419,4096,589,46,0
1221,4096,592,47,0
1222,4096,593,48,1
2089,4073,620,1,0
2039,4073,623,2,0
2040,4073,623,3,0
2050,4073,624,4,0
2007,4073,625,5,0
2008,4073,626,6,0
2009,4073,626,7,0
2074,4073,627,8,0
2049,4073,627,9,0
2043,4073,628,10,0
2044,4073,629,11,0
2045,4073,630,12,0
1291,4073,631,13,0
1177,4073,632,14,0
1178,4073,633,15,0
1408,4073,634,16,0
1007,4073,635,17,0
1430,4073,636,18,0
1532,4073,638,19,0
1405,4073,639,20,0
1406,4073,640,21,0
1407,4073,640,22,0
1428,4073,641,23,0
1410,4073,642,24,0
1253,4073,643,25,0
1254,4073,644,26,0
1255,4073,645,27,0
1411,4073,646,28,0
1041,4073,649,29,0
1102,4073,650,30,0
1371,4073,650,31,0
2803,4073,652,32,0
2801,4073,653,33,0
1537,4073,655,34,0
1303,4073,656,35,0
1300,4073,657,36,0
1305,4073,658,37,0
1306,4073,659,38,0
1307,4073,660,39,0
1412,4073,661,40,0
1423,4073,663,41,0
1414,4073,664,42,0
1499,4073,665,43,0
1421,4073,665,44,0
1416,4073,666,45,0
1419,4073,667,46,0
1221,4073,670,47,0
1222,4073,671,48,1
2089,3534,445,1,0
2039,3534,448,2,0
2040,3534,448,3,0
2050,3534,449,4,0
2007,3534,450,5,0
2008,3534,451,6,0
2009,3534,451,7,0
2074,3534,452,8,0
2049,3534,453,9,0
2043,3534,453,10,0
2044,3534,455,11,0
2045,3534,456,12,0
1291,3534,457,13,0
1177,3534,458,14,0
1178,3534,459,15,0
1408,3534,460,16,0
1007,3534,461,17,0
1430,3534,462,18,0
1532,3534,464,19,0
1405,3534,465,20,0
1406,3534,466,21,0
1407,3534,466,22,0
1428,3534,467,23,0
1410,3534,468,24,0
1253,3534,469,25,0
1254,3534,470,26,0
1255,3534,471,27,0
1411,3534,472,28,0
1041,3534,475,29,0
1102,3534,476,30,0
1371,3534,476,31,0
2803,3534,478,32,0
2801,3534,479,33,0
1537,3534,481,34,0
1303,3534,482,35,0
1300,3534,483,36,0
1305,3534,485,37,0
1306,3534,486,38,0
1307,3534,487,39,0
1412,3534,488,40,0
1423,3534,490,41,0
1414,3534,491,42,0
1499,3534,492,43,0
1421,3534,492,44,0
1416,3534,493,45,0
1419,3534,494,46,0
1221,3534,497,47,0
1222,3534,498,48,1
2089,3524,420,1,0
2039,3524,423,2,0
2040,3524,423,3,0
2050,3524,424,4,0
2007,3524,425,5,0
2008,3524,426,6,0
2009,3524,426,7,0
2074,3524,427,8,0
2049,3524,428,9,0
2043,3524,428,10,0
2044,3524,430,11,0
2045,3524,431,12,0
1291,3524,432,13,0
1177,3524,433,14,0
1178,3524,434,15,0
1408,3524,435,16,0
1007,3524,436,17,0
1430,3524,437,18,0
1532,3524,439,19,0
1405,3524,440,20,0
1406,3524,441,21,0
1407,3524,441,22,0
1428,3524,442,23,0
1410,3524,443,24,0
1253,3524,444,25,0
1254,3524,445,26,0
1255,3524,446,27,0
1411,3524,447,28,0
1041,3524,449,29,0
1102,3524,450,30,0
1371,3524,450,31,0
2803,3524,452,32,0
2801,3524,453,33,0
1537,3524,455,34,0
1303,3524,456,35,0
1300,3524,457,36,0
1305,3524,459,37,0
1306,3524,460,38,0
1307,3524,461,39,0
1412,3524,462,40,0
1423,3524,464,41,0
1414,3524,465,42,0
1499,3524,466,43,0
1421,3524,466,44,0
1416,3524,467,45,0
1419,3524,468,46,0
1221,3524,471,47,0
1222,3524,472,48,1
1234,3678,842,1,0
1418,3678,843,2,0
1417,3678,844,3,0
1420,3678,845,4,0
1415,3678,846,5,0
1503,3678,847,6,0
1422,3678,848,7,0
1413,3678,849,8,0
1424,3678,850,9,0
1297,3678,851,10,0
1298,3678,853,11,0
1299,3678,853,12,0
1304,3678,855,13,0
1301,3678,856,14,0
1543,3678,857,15,0
2826,3678,859,16,0
2802,3678,861,17,0
1328,3678,863,18,0
1040,3678,864,19,0
1425,3678,865,20,0
1426,3678,867,21,0
1287,3678,868,22,0
1288,3678,869,23,0
1289,3678,869,24,0
1427,3678,870,25,0
1159,3678,871,26,0
1374,3678,872,27,0
1375,3678,873,28,0
1376,3678,873,29,0
1409,3678,875,30,0
1032,3678,877,31,0
1033,3678,878,32,0
1431,3678,879,33,0
1202,3678,880,34,0
1203,3678,880,35,0
1314,3678,881,36,0
2046,3678,882,37,0
2047,3678,883,38,0
2048,3678,885,39,0
2042,3678,886,40,0
2075,3678,886,41,0
2027,3678,887,42,0
2028,3678,887,43,0
2029,3678,888,44,0
2041,3678,889,45,0
2051,3678,890,46,0
2086,3678,891,47,0
2089,3678,893,48,1
1234,3637,1215,1,0
1418,3637,1216,2,0
1417,3637,1217,3,0
1420,3637,1218,4,0
1415,3637,1218,5,0
1503,3637,1219,6,0
1422,3637,1220,7,0
1413,3637,1221,8,0
1424,3637,1222,9,0
1297,3637,1223,10,0
1298,3637,1224,11,0
1299,3637,1225,12,0
1304,3637,1226,13,0
1301,3637,1227,14,0
1543,3637,1228,15,0
2826,3637,1230,16,0
2802,3637,1231,17,0
1328,3637,1232,18,0
1040,3637,1233,19,0
1425,3637,1234,20,0
1426,3637,1236,21,0
1287,3637,1237,22,0
1288,3637,1238,23,0
1289,3637,1238,24,0
1427,3637,1239,25,0
1159,3637,1240,26,0
1374,3637,1241,27,0
1375,3637,1242,28,0
1376,3637,1242,29,0
1409,3637,1243,30,0
1032,3637,1244,31,0
1033,3637,1245,32,0
1431,3637,1246,33,0
1202,3637,1247,34,0
1203,3637,1247,35,0
1314,3637,1248,36,0
2046,3637,1249,37,0
2047,3637,1250,38,0
2048,3637,1251,39,0
2042,3637,1252,40,0
2075,3637,1252,41,0
2027,3637,1253,42,0
2028,3637,1253,43,0
2029,3637,1254,44,0
2041,3637,1255,45,0
2051,3637,1256,46,0
2086,3637,1256,47,0
2089,3637,1258,48,1
2089,3668,1050,1,0
2039,3668,1053,2,0
2040,3668,1053,3,0
2050,3668,1054,4,0
2007,3668,1055,5,0
2008,3668,1056,6,0
2009,3668,1056,7,0
2074,3668,1057,8,0
2049,3668,1057,9,0
2043,3668,1058,10,0
2044,3668,1059,11,0
2045,3668,1060,12,0
1291,3668,1061,13,0
1177,3668,1062,14,0
1178,3668,1063,15,0
1408,3668,1064,16,0
1007,3668,1065,17,0
1430,3668,1066,18,0
1532,3668,1068,19,0
1405,3668,1069,20,0
1406,3668,1070,21,0
1407,3668,1070,22,0
1428,3668,1071,23,0
1410,3668,1072,24,0
1253,3668,1073,25,0
1254,3668,1073,26,0
1255,3668,1074,27,0
1411,3668,1075,28,0
1041,3668,1079,29,0
1102,3668,1080,30,0
1371,3668,1080,31,0
2803,3668,1082,32,0
2801,3668,1083,33,0
1537,3668,1085,34,0
1303,3668,1086,35,0
1300,3668,1087,36,0
1305,3668,1088,37,0
1306,3668,1089,38,0
1307,3668,1090,39,0
1412,3668,1091,40,0
1423,3668,1093,41,0
1414,3668,1094,42,0
1499,3668,1095,43,0
1421,3668,1095,44,0
1416,3668,1096,45,0
1419,3668,1097,46,0
1221,3668,1100,47,0
1222,3668,1101,48,1
1234,3737,966,1,0
1418,3737,967,2,0
1417,3737,968,3,0
1420,3737,969,4,0
1415,3737,970,5,0
1503,3737,971,6,0
1422,3737,972,7,0
1413,3737,973,8,0
1424,3737,974,9,0
1297,3737,975,10,0
1298,3737,977,11,0
1299,3737,977,12,0
1304,3737,979,13,0
1301,3737,980,14,0
1543,3737,981,15,0
2826,3737,983,16,0
2802,3737,985,17,0
1328,3737,987,18,0
1040,3737,988,19,0
1425,3737,989,20,0
1426,3737,991,21,0
1287,3737,992,22,0
1288,3737,993,23,0
1289,3737,993,24,0
1427,3737,994,25,0
1159,3737,995,26,0
1374,3737,996,27,0
1375,3737,997,28,0
1376,3737,997,29,0
1409,3737,999,30,0
1032,3737,1001,31,0
1033,3737,1002,32,0
1431,3737,1003,33,0
1202,3737,1004,34,0
1203,3737,1004,35,0
1314,3737,1005,36,0
2046,3737,1006,37,0
2047,3737,1007,38,0
2048,3737,1009,39,0
2042,3737,1010,40,0
2075,3737,1010,41,0
2027,3737,1011,42,0
2028,3737,1011,43,0
2029,3737,1012,44,0
2041,3737,1013,45,0
2051,3737,1015,46,0
2086,3737,1016,47,0
2089,3737,1018,48,1
2089,3701,505,1,0
2039,3701,508,2,0
2040,3701,508,3,0
2050,3701,509,4,0
2007,3701,510,5,0
2008,3701,511,6,0
2009,3701,511,7,0
2074,3701,512,8,0
2049,3701,512,9,0
2043,3701,513,10,0
2044,3701,514,11,0
2045,3701,515,12,0
1291,3701,516,13,0
1177,3701,517,14,0
1178,3701,518,15,0
1408,3701,519,16,0
1007,3701,520,17,0
1430,3701,521,18,0
1532,3701,522,19,0
1405,3701,523,20,0
1406,3701,524,21,0
1407,3701,524,22,0
1428,3701,525,23,0
1410,3701,526,24,0
1253,3701,527,25,0
1254,3701,527,26,0
1255,3701,528,27,0
1411,3701,529,28,0
1041,3701,532,29,0
1102,3701,533,30,0
1371,3701,533,31,0
2803,3701,535,32,0
2801,3701,536,33,0
1537,3701,538,34,0
1303,3701,539,35,0
1300,3701,540,36,0
1305,3701,541,37,0
1306,3701,542,38,0
1307,3701,543,39,0
1412,3701,544,40,0
1423,3701,546,41,0
1414,3701,547,42,0
1499,3701,548,43,0
1421,3701,548,44,0
1416,3701,549,45,0
1419,3701,550,46,0
1221,3701,552,47,0
1222,3701,553,48,1
2089,3787,720,1,0
2039,3787,723,2,0
2040,3787,723,3,0
2050,3787,724,4,0
2007,3787,725,5,0
2008,3787,726,6,0
2009,3787,726,7,0
2074,3787,727,8,0
2049,3787,728,9,0
2043,3787,728,10,0
2044,3787,730,11,0
2045,3787,731,12,0
1291,3787,732,13,0
1177,3787,733,14,0
1178,3787,734,15,0
1408,3787,735,16,0
1007,3787,736,17,0
1430,3787,737,18,0
1532,3787,739,19,0
1405,3787,740,20,0
1406,3787,741,21,0
1407,3787,741,22,0
1428,3787,742,23,0
1410,3787,743,24,0
1253,3787,744,25,0
1254,3787,745,26,0
1255,3787,746,27,0
1411,3787,747,28,0
1041,3787,749,29,0
1102,3787,750,30,0
1371,3787,750,31,0
2803,3787,753,32,0
2801,3787,754,33,0
1537,3787,756,34,0
1303,3787,757,35,0
1300,3787,758,36,0
1305,3787,760,37,0
1306,3787,761,38,0
1307,3787,762,39,0
1412,3787,763,40,0
1423,3787,765,41,0
1414,3787,766,42,0
1499,3787,767,43,0
1421,3787,767,44,0
1416,3787,768,45,0
1419,3787,769,46,0
1221,3787,772,47,0
1222,3787,773,48,1
2089,3843,750,1,0
2039,3843,753,2,0
2040,3843,753,3,0
2050,3843,754,4,0
2007,3843,755,5,0
2008,3843,756,6,0
2009,3843,756,7,0
2074,3843,757,8,0
2049,3843,758,9,0
2043,3843,758,10,0
2044,3843,760,11,0
2045,3843,761,12,0
1291,3843,762,13,0
1177,3843,763,14,0
1178,3843,764,15,0
1408,3843,765,16,0
1007,3843,766,17,0
1430,3843,767,18,0
1532,3843,769,19,0
1405,3843,770,20,0
1406,3843,771,21,0
1407,3843,771,22,0
1428,3843,772,23,0
1410,3843,773,24,0
1253,3843,774,25,0
1254,3843,775,26,0
1255,3843,776,27,0
1411,3843,777,28,0
1041,3843,779,29,0
1102,3843,780,30,0
1371,3843,780,31,0
2803,3843,783,32,0
2801,3843,784,33,0
1537,3843,786,34,0
1303,3843,787,35,0
1300,3843,788,36,0
1305,3843,790,37,0
1306,3843,791,38,0
1307,3843,792,39,0
1412,3843,793,40,0
1423,3843,795,41,0
1414,3843,796,42,0
1499,3843,797,43,0
1421,3843,797,44,0
1416,3843,798,45,0
1419,3843,799,46,0
1221,3843,802,47,0
1222,3843,803,48,1
1234,3828,992,1,0
1418,3828,993,2,0
1417,3828,994,3,0
1420,3828,995,4,0
1415,3828,995,5,0
1503,3828,996,6,0
1422,3828,997,7,0
1413,3828,998,8,0
1424,3828,999,9,0
1297,3828,1001,10,0
1298,3828,1002,11,0
1299,3828,1003,12,0
1304,3828,1004,13,0
1301,3828,1005,14,0
1543,3828,1006,15,0
2826,3828,1008,16,0
2802,3828,1009,17,0
1328,3828,1011,18,0
1040,3828,1012,19,0
1425,3828,1013,20,0
1426,3828,1015,21,0
1287,3828,1016,22,0
1288,3828,1017,23,0
1289,3828,1017,24,0
1427,3828,1018,25,0
1159,3828,1019,26,0
1374,3828,1020,27,0
1375,3828,1021,28,0
1376,3828,1021,29,0
1409,3828,1023,30,0
1032,3828,1025,31,0
1033,3828,1026,32,0
1431,3828,1027,33,0
1202,3828,1028,34,0
1203,3828,1028,35,0
1314,3828,1029,36,0
2046,3828,1030,37,0
2047,3828,1031,38,0
2048,3828,1032,39,0
2042,3828,1033,40,0
2075,3828,1033,41,0
2027,3828,1034,42,0
2028,3828,1034,43,0
2029,3828,1035,44,0
2041,3828,1036,45,0
2051,3828,1037,46,0
2086,3828,1038,47,0
2089,3828,1040,48,1
1234,3873,1155,1,0
1418,3873,1156,2,0
1417,3873,1157,3,0
1420,3873,1158,4,0
1415,3873,1159,5,0
1503,3873,1160,6,0
1422,3873,1161,7,0
1413,3873,1162,8,0
1424,3873,1163,9,0
1297,3873,1164,10,0
1298,3873,1165,11,0
1299,3873,1166,12,0
1304,3873,1167,13,0
1301,3873,1168,14,0
1543,3873,1169,15,0
2826,3873,1171,16,0
2802,3873,1172,17,0
1328,3873,1174,18,0
1040,3873,1175,19,0
1425,3873,1176,20,0
1426,3873,1178,21,0
1287,3873,1179,22,0
1288,3873,1180,23,0
1289,3873,1180,24,0
1427,3873,1181,25,0
1159,3873,1182,26,0
1374,3873,1183,27,0
1375,3873,1184,28,0
1376,3873,1184,29,0
1409,3873,1186,30,0
1032,3873,1188,31,0
1033,3873,1189,32,0
1431,3873,1190,33,0
1202,3873,1191,34,0
1203,3873,1191,35,0
1314,3873,1192,36,0
2046,3873,1193,37,0
2047,3873,1194,38,0
2048,3873,1195,39,0
2042,3873,1196,40,0
2075,3873,1196,41,0
2027,3873,1197,42,0
2028,3873,1197,43,0
2029,3873,1198,44,0
2041,3873,1199,45,0
2051,3873,1200,46,0
2086,3873,1201,47,0
2089,3873,1203,48,1
1234,3892,1022,1,0
1418,3892,1023,2,0
1417,3892,1024,3,0
1420,3892,1025,4,0
1415,3892,1025,5,0
1503,3892,1026,6,0
1422,3892,1027,7,0
1413,3892,1028,8,0
1424,3892,1029,9,0
1297,3892,1031,10,0
1298,3892,1032,11,0
1299,3892,1033,12,0
1304,3892,1034,13,0
1301,3892,1035,14,0
1543,3892,1036,15,0
2826,3892,1038,16,0
2802,3892,1039,17,0
1328,3892,1041,18,0
1040,3892,1042,19,0
1425,3892,1043,20,0
1426,3892,1045,21,0
1287,3892,1046,22,0
1288,3892,1047,23,0
1289,3892,1047,24,0
1427,3892,1048,25,0
1159,3892,1049,26,0
1374,3892,1050,27,0
1375,3892,1051,28,0
1376,3892,1051,29,0
1409,3892,1053,30,0
1032,3892,1055,31,0
1033,3892,1056,32,0
1431,3892,1057,33,0
1202,3892,1058,34,0
1203,3892,1058,35,0
1314,3892,1059,36,0
2046,3892,1060,37,0
2047,3892,1061,38,0
2048,3892,1062,39,0
2042,3892,1063,40,0
2075,3892,1063,41,0
2027,3892,1064,42,0
2028,3892,1064,43,0
2029,3892,1065,44,0
2041,3892,1066,45,0
2051,3892,1067,46,0
2086,3892,1068,47,0
2089,3892,1070,48,1
1234,3049,570,1,0
1418,3049,571,2,0
1417,3049,572,3,0
1420,3049,573,4,0
1415,3049,574,5,0
1503,3049,575,6,0
1422,3049,576,7,0
1413,3049,577,8,0
1424,3049,578,9,0
1297,3049,579,10,0
1298,3049,581,11,0
1299,3049,581,12,0
1304,3049,583,13,0
1301,3049,584,14,0
1543,3049,585,15,0
2826,3049,587,16,0
2802,3049,588,17,0
1328,3049,590,18,0
1040,3049,591,19,0
1425,3049,592,20,0
1426,3049,594,21,0
1287,3049,595,22,0
1288,3049,596,23,0
1289,3049,596,24,0
1427,3049,597,25,0
1159,3049,598,26,0
1374,3049,599,27,0
1375,3049,600,28,0
1376,3049,600,29,0
1409,3049,602,30,0
1032,3049,604,31,0
1033,3049,605,32,0
1431,3049,606,33,0
1202,3049,607,34,0
1203,3049,607,35,0
1314,3049,608,36,0
2046,3049,609,37,0
2047,3049,610,38,0
2048,3049,612,39,0
2042,3049,613,40,0
2075,3049,613,41,0
2027,3049,614,42,0
2028,3049,614,43,0
2029,3049,615,44,0
2041,3049,616,45,0
2051,3049,617,46,0
2086,3049,618,47,0
2089,3049,620,48,1
1234,3905,600,1,0
1418,3905,601,2,0
1417,3905,602,3,0
1420,3905,603,4,0
1415,3905,604,5,0
1503,3905,605,6,0
1422,3905,606,7,0
1413,3905,607,8,0
1424,3905,608,9,0
1297,3905,609,10,0
1298,3905,611,11,0
1299,3905,611,12,0
1304,3905,613,13,0
1301,3905,614,14,0
1543,3905,615,15,0
2826,3905,617,16,0
2802,3905,618,17,0
1328,3905,620,18,0
1040,3905,621,19,0
1425,3905,622,20,0
1426,3905,624,21,0
1287,3905,625,22,0
1288,3905,626,23,0
1289,3905,626,24,0
1427,3905,627,25,0
1159,3905,628,26,0
1374,3905,629,27,0
1375,3905,630,28,0
1376,3905,630,29,0
1409,3905,632,30,0
1032,3905,634,31,0
1033,3905,635,32,0
1431,3905,636,33,0
1202,3905,637,34,0
1203,3905,637,35,0
1314,3905,638,36,0
2046,3905,639,37,0
2047,3905,640,38,0
2048,3905,642,39,0
2042,3905,643,40,0
2075,3905,643,41,0
2027,3905,644,42,0
2028,3905,644,43,0
2029,3905,645,44,0
2041,3905,646,45,0
2051,3905,647,46,0
2086,3905,648,47,0
2089,3905,650,48,1
2089,3134,810,1,0
2039,3134,813,2,0
2040,3134,813,3,0
2050,3134,814,4,0
2007,3134,815,5,0
2008,3134,816,6,0
2009,3134,816,7,0
2074,3134,817,8,0
2049,3134,818,9,0
2043,3134,818,10,0
2044,3134,820,11,0
2045,3134,821,12,0
1291,3134,822,13,0
1177,3134,823,14,0
1178,3134,824,15,0
1408,3134,825,16,0
1007,3134,826,17,0
1430,3134,827,18,0
1532,3134,829,19,0
1405,3134,830,20,0
1406,3134,831,21,0
1407,3134,831,22,0
1428,3134,832,23,0
1410,3134,833,24,0
1253,3134,834,25,0
1254,3134,835,26,0
1255,3134,836,27,0
1411,3134,837,28,0
1041,3134,839,29,0
1102,3134,840,30,0
1371,3134,840,31,0
2803,3134,843,32,0
2801,3134,844,33,0
1537,3134,846,34,0
1303,3134,847,35,0
1300,3134,848,36,0
1305,3134,850,37,0
1306,3134,851,38,0
1307,3134,852,39,0
1412,3134,853,40,0
1423,3134,855,41,0
1414,3134,856,42,0
1499,3134,857,43,0
1421,3134,857,44,0
1416,3134,858,45,0
1419,3134,859,46,0
1221,3134,862,47,0
1222,3134,863,48,1
1234,3198,840,1,0
1418,3198,841,2,0
1417,3198,842,3,0
1420,3198,843,4,0
1415,3198,843,5,0
1503,3198,844,6,0
1422,3198,845,7,0
1413,3198,846,8,0
1424,3198,847,9,0
1297,3198,849,10,0
1298,3198,850,11,0
1299,3198,851,12,0
1304,3198,852,13,0
1301,3198,853,14,0
1543,3198,854,15,0
2826,3198,856,16,0
2802,3198,857,17,0
1328,3198,859,18,0
1040,3198,860,19,0
1425,3198,861,20,0
1426,3198,863,21,0
1287,3198,864,22,0
1288,3198,865,23,0
1289,3198,865,24,0
1427,3198,866,25,0
1159,3198,867,26,0
1374,3198,868,27,0
1375,3198,869,28,0
1376,3198,869,29,0
1409,3198,871,30,0
1032,3198,873,31,0
1033,3198,874,32,0
1431,3198,875,33,0
1202,3198,876,34,0
1203,3198,876,35,0
1314,3198,877,36,0
2046,3198,878,37,0
2047,3198,879,38,0
2048,3198,880,39,0
2042,3198,881,40,0
2075,3198,881,41,0
2027,3198,882,42,0
2028,3198,882,43,0
2029,3198,883,44,0
2041,3198,884,45,0
2051,3198,885,46,0
2086,3198,886,47,0
2089,3198,888,48,1
1234,3187,600,1,0
1418,3187,601,2,0
1417,3187,602,3,0
1420,3187,603,4,0
1415,3187,603,5,0
1503,3187,604,6,0
1422,3187,605,7,0
1413,3187,606,8,0
1424,3187,607,9,0
1297,3187,609,10,0
1298,3187,610,11,0
1299,3187,611,12,0
1304,3187,612,13,0
1301,3187,613,14,0
1543,3187,614,15,0
2826,3187,615,16,0
2802,3187,616,17,0
1328,3187,618,18,0
1040,3187,619,19,0
1425,3187,620,20,0
1426,3187,622,21,0
1287,3187,623,22,0
1288,3187,624,23,0
1289,3187,624,24,0
1427,3187,625,25,0
1159,3187,626,26,0
1374,3187,627,27,0
1375,3187,628,28,0
1376,3187,628,29,0
1409,3187,630,30,0
1032,3187,631,31,0
1033,3187,632,32,0
1431,3187,633,33,0
1202,3187,634,34,0
1203,3187,634,35,0
1314,3187,635,36,0
2046,3187,636,37,0
2047,3187,637,38,0
2048,3187,638,39,0
2042,3187,639,40,0
2075,3187,639,41,0
2027,3187,640,42,0
2028,3187,640,43,0
2029,3187,641,44,0
2041,3187,642,45,0
2051,3187,643,46,0
2086,3187,644,47,0
2089,3187,646,48,1
2089,1985,1110,1,0
2039,1985,1113,2,0
2040,1985,1113,3,0
2050,1985,1114,4,0
2007,1985,1115,5,0
2008,1985,1116,6,0
2009,1985,1116,7,0
2074,1985,1117,8,0
2049,1985,1117,9,0
2043,1985,1118,10,0
2044,1985,1119,11,0
2045,1985,1120,12,0
1291,1985,1121,13,0
1177,1985,1122,14,0
1178,1985,1123,15,0
1408,1985,1124,16,0
1007,1985,1125,17,0
1430,1985,1126,18,0
1532,1985,1128,19,0
1405,1985,1129,20,0
1406,1985,1130,21,0
1407,1985,1130,22,0
1428,1985,1131,23,0
1410,1985,1132,24,0
1253,1985,1133,25,0
1254,1985,1133,26,0
1255,1985,1134,27,0
1411,1985,1135,28,0
1041,1985,1138,29,0
1102,1985,1139,30,0
1371,1985,1139,31,0
2803,1985,1141,32,0
2801,1985,1142,33,0
1537,1985,1144,34,0
1303,1985,1145,35,0
1300,1985,1146,36,0
1305,1985,1147,37,0
1306,1985,1148,38,0
1307,1985,1149,39,0
1412,1985,1150,40,0
1423,1985,1152,41,0
1414,1985,1153,42,0
1499,1985,1154,43,0
1421,1985,1154,44,0
1416,1985,1155,45,0
1419,1985,1156,46,0
1221,1985,1158,47,0
1222,1985,1159,48,1
1234,1906,1125,1,0
1418,1906,1126,2,0
1417,1906,1127,3,0
1420,1906,1128,4,0
1415,1906,1129,5,0
1503,1906,1130,6,0
1422,1906,1131,7,0
1413,1906,1132,8,0
1424,1906,1133,9,0
1297,1906,1134,10,0
1298,1906,1135,11,0
1299,1906,1136,12,0
1304,1906,1137,13,0
1301,1906,1138,14,0
1543,1906,1139,15,0
2826,1906,1141,16,0
2802,1906,1142,17,0
1328,1906,1144,18,0
1040,1906,1145,19,0
1425,1906,1146,20,0
1426,1906,1148,21,0
1287,1906,1149,22,0
1288,1906,1150,23,0
1289,1906,1150,24,0
1427,1906,1151,25,0
1159,1906,1152,26,0
1374,1906,1153,27,0
1375,1906,1154,28,0
1376,1906,1154,29,0
1409,1906,1156,30,0
1032,1906,1158,31,0
1033,1906,1159,32,0
1431,1906,1160,33,0
1202,1906,1161,34,0
1203,1906,1161,35,0
1314,1906,1162,36,0
2046,1906,1163,37,0
2047,1906,1164,38,0
2048,1906,1165,39,0
2042,1906,1166,40,0
2075,1906,1166,41,0
2027,1906,1167,42,0
2028,1906,1167,43,0
2029,1906,1168,44,0
2041,1906,1169,45,0
2051,1906,1170,46,0
2086,1906,1171,47,0
2089,1906,1173,48,1
2089,1937,570,1,0
2039,1937,573,2,0
2040,1937,573,3,0
2050,1937,574,4,0
2007,1937,575,5,0
2008,1937,576,6,0
2009,1937,576,7,0
2074,1937,577,8,0
2049,1937,578,9,0
2043,1937,578,10,0
2044,1937,580,11,0
2045,1937,581,12,0
1291,1937,582,13,0
1177,1937,583,14,0
1178,1937,584,15,0
1408,1937,585,16,0
1007,1937,586,17,0
1430,1937,587,18,0
1532,1937,589,19,0
1405,1937,590,20,0
1406,1937,591,21,0
1407,1937,591,22,0
1428,1937,592,23,0
1410,1937,593,24,0
1253,1937,594,25,0
1254,1937,595,26,0
1255,1937,596,27,0
1411,1937,597,28,0
1041,1937,599,29,0
1102,1937,600,30,0
1371,1937,600,31,0
2803,1937,603,32,0
2801,1937,604,33,0
1537,1937,606,34,0
1303,1937,607,35,0
1300,1937,608,36,0
1305,1937,610,37,0
1306,1937,611,38,0
1307,1937,612,39,0
1412,1937,613,40,0
1423,1937,615,41,0
1414,1937,616,42,0
1499,1937,617,43,0
1421,1937,617,44,0
1416,1937,618,45,0
1419,1937,619,46,0
1221,1937,622,47,0
1222,1937,623,48,1
1234,1931,680,1,0
1418,1931,681,2,0
1417,1931,682,3,0
1420,1931,683,4,0
1415,1931,683,5,0
1503,1931,684,6,0
1422,1931,685,7,0
1413,1931,686,8,0
1424,1931,687,9,0
1297,1931,689,10,0
1298,1931,690,11,0
1299,1931,691,12,0
1304,1931,692,13,0
1301,1931,693,14,0
1543,1931,694,15,0
2826,1931,696,16,0
2802,1931,697,17,0
1328,1931,699,18,0
1040,1931,700,19,0
1425,1931,701,20,0
1426,1931,703,21,0
1287,1931,704,22,0
1288,1931,705,23,0
1289,1931,705,24,0
1427,1931,706,25,0
1159,1931,707,26,0
1374,1931,708,27,0
1375,1931,709,28,0
1376,1931,709,29,0
1409,1931,711,30,0
1032,1931,713,31,0
1033,1931,714,32,0
1431,1931,715,33,0
1202,1931,716,34,0
1203,1931,716,35,0
1314,1931,717,36,0
2046,1931,718,37,0
2047,1931,719,38,0
2048,1931,720,39,0
2042,1931,721,40,0
2075,1931,721,41,0
2027,1931,722,42,0
2028,1931,722,43,0
2029,1931,723,44,0
2041,1931,724,45,0
2051,1931,725,46,0
2086,1931,726,47,0
2089,1931,728,48,1
2089,1952,600,1,0
2039,1952,603,2,0
2040,1952,603,3,0
2050,1952,604,4,0
2007,1952,605,5,0
2008,1952,606,6,0
2009,1952,606,7,0
2074,1952,607,8,0
2049,1952,608,9,0
2043,1952,608,10,0
2044,1952,610,11,0
2045,1952,611,12,0
1291,1952,612,13,0
1177,1952,613,14,0
1178,1952,614,15,0
1408,1952,615,16,0
1007,1952,616,17,0
1430,1952,617,18,0
1532,1952,619,19,0
1405,1952,620,20,0
1406,1952,621,21,0
1407,1952,621,22,0
1428,1952,622,23,0
1410,1952,623,24,0
1253,1952,624,25,0
1254,1952,625,26,0
1255,1952,626,27,0
1411,1952,627,28,0
1041,1952,629,29,0
1102,1952,630,30,0
1371,1952,630,31,0
2803,1952,633,32,0
2801,1952,634,33,0
1537,1952,636,34,0
1303,1952,637,35,0
1300,1952,638,36,0
1305,1952,640,37,0
1306,1952,641,38,0
1307,1952,642,39,0
1412,1952,643,40,0
1423,1952,645,41,0
1414,1952,646,42,0
1499,1952,647,43,0
1421,1952,647,44,0
1416,1952,648,45,0
1419,1952,649,46,0
1221,1952,651,47,0
1222,1952,652,48,1
