arret_id,trajet_id,heure_depart,stop_sequence,terminus
1052,83,80,1,0
1051,83,81,2,0
1215,83,82,3,0
1216,83,83,4,0
1217,83,84,5,0
1293,83,85,6,0
1310,83,86,7,0
1192,83,88,8,0
1295,83,89,9,0
1296,83,90,10,0
1297,83,91,11,0
1298,83,93,12,0
1305,83,94,13,0
1568,83,99,14,1
1475,2106,50,1,0
1291,2106,51,2,0
1292,2106,53,3,0
1176,2106,54,4,0
1312,2106,55,5,0
1160,2106,56,6,0
1161,2106,58,7,0
1162,2106,60,8,0
1163,2106,61,9,0
1164,2106,63,10,0
1165,2106,63,11,0
1166,2106,64,12,0
1052,2106,65,13,1
1568,2121,240,1,0
1520,2121,241,2,0
1305,2121,246,3,0
1306,2121,247,4,0
1307,2121,248,5,0
1308,2121,249,6,0
1309,2121,250,7,0
1188,2121,251,8,0
1294,2121,253,9,0
1311,2121,254,10,0
1239,2121,255,11,0
1240,2121,256,12,0
1241,2121,257,13,0
1091,2121,258,14,0
1168,2121,259,15,1
1052,3215,220,1,0
1051,3215,221,2,0
1215,3215,222,3,0
1216,3215,223,4,0
1217,3215,224,5,0
1293,3215,225,6,0
1310,3215,226,7,0
1192,3215,228,8,0
1295,3215,229,9,0
1296,3215,230,10,0
1297,3215,231,11,0
1298,3215,233,12,0
1305,3215,234,13,0
1568,3215,239,14,1
1475,2184,310,1,0
1291,2184,311,2,0
1292,2184,313,3,0
1176,2184,314,4,0
1312,2184,315,5,0
1160,2184,316,6,0
1161,2184,318,7,0
1162,2184,320,8,0
1163,2184,321,9,0
1164,2184,323,10,0
1165,2184,323,11,0
1166,2184,324,12,0
1052,2184,325,13,1
1475,3378,65,1,0
1291,3378,66,2,0
1292,3378,68,3,0
1176,3378,69,4,0
1312,3378,70,5,0
1160,3378,71,6,0
1161,3378,73,7,0
1162,3378,75,8,0
1163,3378,76,9,0
1164,3378,78,10,0
1165,3378,78,11,0
1166,3378,79,12,0
1052,3378,80,13,1
1475,3489,245,1,0
1291,3489,246,2,0
1292,3489,248,3,0
1176,3489,249,4,0
1312,3489,250,5,0
1160,3489,251,6,0
1161,3489,253,7,0
1162,3489,255,8,0
1163,3489,256,9,0
1164,3489,258,10,0
1165,3489,258,11,0
1166,3489,259,12,0
1052,3489,260,13,1
1052,3457,95,1,0
1051,3457,96,2,0
1215,3457,97,3,0
1216,3457,98,4,0
1217,3457,99,5,0
1293,3457,100,6,0
1310,3457,101,7,0
1192,3457,103,8,0
1295,3457,104,9,0
1296,3457,105,10,0
1297,3457,106,11,0
1298,3457,108,12,0
1305,3457,109,13,0
1568,3457,114,14,1
1168,3600,295,1,0
1169,3600,296,2,0
1170,3600,297,3,0
1171,3600,298,4,0
1172,3600,299,5,0
1173,3600,299,6,0
1174,3600,302,7,0
2018,3600,304,8,0
1175,3600,306,9,0
1204,3600,306,10,0
1313,3600,307,11,0
1314,3600,309,12,0
1475,3600,310,13,1
1168,3786,140,1,0
1169,3786,141,2,0
1170,3786,142,3,0
1171,3786,143,4,0
1172,3786,144,5,0
1173,3786,144,6,0
1174,3786,147,7,0
2018,3786,149,8,0
1175,3786,151,9,0
1204,3786,151,10,0
1313,3786,152,11,0
1314,3786,154,12,0
1475,3786,155,13,1
1168,3858,200,1,0
1169,3858,201,2,0
1170,3858,202,3,0
1171,3858,203,4,0
1172,3858,204,5,0
1173,3858,204,6,0
1174,3858,207,7,0
2018,3858,209,8,0
1175,3858,211,9,0
1204,3858,211,10,0
1313,3858,212,11,0
1314,3858,214,12,0
1475,3858,215,13,1
1168,3856,125,1,0
1169,3856,126,2,0
1170,3856,127,3,0
1171,3856,128,4,0
1172,3856,129,5,0
1173,3856,129,6,0
1174,3856,132,7,0
2018,3856,134,8,0
1175,3856,136,9,0
1204,3856,136,10,0
1313,3856,137,11,0
1314,3856,139,12,0
1475,3856,140,13,1
1568,4975,100,1,0
1520,4975,101,2,0
1305,4975,106,3,0
1306,4975,107,4,0
1307,4975,108,5,0
1308,4975,109,6,0
1309,4975,110,7,0
1188,4975,111,8,0
1294,4975,113,9,0
1311,4975,114,10,0
1239,4975,115,11,0
1240,4975,116,12,0
1241,4975,117,13,0
1091,4975,118,14,0
1168,4975,119,15,1
1052,3904,155,1,0
1051,3904,156,2,0
1215,3904,157,3,0
1216,3904,158,4,0
1217,3904,159,5,0
1293,3904,160,6,0
1310,3904,161,7,0
1192,3904,163,8,0
1295,3904,164,9,0
1296,3904,165,10,0
1297,3904,166,11,0
1298,3904,168,12,0
1305,3904,169,13,0
1568,3904,174,14,1
1568,3123,30,1,0
1520,3123,31,2,0
1305,3123,36,3,0
1306,3123,37,4,0
1307,3123,38,5,0
1308,3123,39,6,0
1309,3123,40,7,0
1188,3123,41,8,0
1294,3123,43,9,0
1311,3123,44,10,0
1239,3123,45,11,0
1240,3123,46,12,0
1241,3123,47,13,0
1091,3123,48,14,0
1168,3123,49,15,1
1168,1821,245,1,0
1169,1821,246,2,0
1170,1821,247,3,0
1171,1821,248,4,0
1172,1821,249,5,0
1173,1821,249,6,0
1174,1821,252,7,0
2018,1821,254,8,0
1175,1821,256,9,0
1204,1821,256,10,0
1313,1821,257,11,0
1314,1821,259,12,0
1475,1821,260,13,1
1475,1828,110,1,0
1291,1828,111,2,0
1292,1828,113,3,0
1176,1828,114,4,0
1312,1828,115,5,0
1160,1828,116,6,0
1161,1828,118,7,0
1162,1828,120,8,0
1163,1828,121,9,0
1164,1828,123,10,0
1165,1828,123,11,0
1166,1828,124,12,0
1052,1828,125,13,1
1568,1814,300,1,0
1520,1814,301,2,0
1305,1814,306,3,0
1306,1814,307,4,0
1307,1814,308,5,0
1308,1814,309,6,0
1309,1814,310,7,0
1188,1814,311,8,0
1294,1814,313,9,0
1311,1814,314,10,0
1239,1814,315,11,0
1240,1814,316,12,0
1241,1814,317,13,0
1091,1814,318,14,0
1168,1814,319,15,1
1052,1816,250,1,0
1051,1816,251,2,0
1215,1816,252,3,0
1216,1816,253,4,0
1217,1816,254,5,0
1293,1816,255,6,0
1310,1816,256,7,0
1192,1816,258,8,0
1295,1816,259,9,0
1296,1816,260,10,0
1297,1816,261,11,0
1298,1816,263,12,0
1305,1816,264,13,0
1568,1816,269,14,1
1568,1819,160,1,0
1520,1819,161,2,0
1305,1819,166,3,0
1306,1819,167,4,0
1307,1819,168,5,0
1308,1819,169,6,0
1309,1819,170,7,0
1188,1819,171,8,0
1294,1819,173,9,0
1311,1819,174,10,0
1239,1819,175,11,0
1240,1819,176,12,0
1241,1819,177,13,0
1091,1819,178,14,0
1168,1819,179,15,1
1568,2976,205,1,0
1520,2976,206,2,0
1305,2976,211,3,0
1306,2976,212,4,0
1307,2976,213,5,0
1308,2976,214,6,0
1309,2976,215,7,0
1188,2976,216,8,0
1294,2976,218,9,0
1311,2976,219,10,0
1239,2976,220,11,0
1240,2976,221,12,0
1241,2976,222,13,0
1091,2976,223,14,0
1168,2976,224,15,1
1052,2998,65,1,0
1051,2998,66,2,0
1215,2998,67,3,0
1216,2998,68,4,0
1217,2998,69,5,0
1293,2998,70,6,0
1310,2998,71,7,0
1192,2998,73,8,0
1295,2998,74,9,0
1296,2998,75,10,0
1297,2998,76,11,0
1298,2998,78,12,0
1305,2998,79,13,0
1568,2998,84,14,1
1475,1803,80,1,0
1291,1803,81,2,0
1292,1803,83,3,0
1176,1803,84,4,0
1312,1803,85,5,0
1160,1803,86,6,0
1161,1803,88,7,0
1162,1803,90,8,0
1163,1803,91,9,0
1164,1803,93,10,0
1165,1803,93,11,0
1166,1803,94,12,0
1052,1803,95,13,1
1052,1888,140,1,0
1051,1888,141,2,0
1215,1888,142,3,0
1216,1888,143,4,0
1217,1888,144,5,0
1293,1888,145,6,0
1310,1888,146,7,0
1192,1888,148,8,0
1295,1888,149,9,0
1296,1888,150,10,0
1297,1888,151,11,0
1298,1888,153,12,0
1305,1888,154,13,0
1568,1888,159,14,1
1052,4605,185,1,0
1051,4605,186,2,0
1215,4605,187,3,0
1216,4605,188,4,0
1217,4605,189,5,0
1293,4605,190,6,0
1310,4605,191,7,0
1192,4605,193,8,0
1295,4605,194,9,0
1296,4605,195,10,0
1297,4605,196,11,0
1298,4605,198,12,0
1305,4605,199,13,0
1568,4605,204,14,1
1568,4685,190,1,0
1520,4685,191,2,0
1305,4685,196,3,0
1306,4685,197,4,0
1307,4685,198,5,0
1308,4685,199,6,0
1309,4685,200,7,0
1188,4685,201,8,0
1294,4685,203,9,0
1311,4685,204,10,0
1239,4685,205,11,0
1240,4685,206,12,0
1241,4685,207,13,0
1091,4685,208,14,0
1168,4685,209,15,1
1475,6778,340,1,0
1291,6778,341,2,0
1292,6778,343,3,0
1176,6778,344,4,0
1312,6778,344,5,0
1160,6778,345,6,0
1161,6778,347,7,0
1162,6778,349,8,0
1163,6778,350,9,0
1164,6778,351,10,0
1165,6778,351,11,0
1166,6778,352,12,0
1052,6778,353,13,1
1475,6745,20,1,0
1291,6745,21,2,0
1292,6745,23,3,0
1176,6745,24,4,0
1312,6745,25,5,0
1160,6745,26,6,0
1161,6745,28,7,0
1162,6745,30,8,0
1163,6745,31,9,0
1164,6745,33,10,0
1165,6745,33,11,0
1166,6745,34,12,0
1052,6745,35,13,1
1052,2898,50,1,0
1051,2898,51,2,0
1215,2898,52,3,0
1216,2898,53,4,0
1217,2898,54,5,0
1293,2898,55,6,0
1310,2898,56,7,0
1192,2898,58,8,0
1295,2898,59,9,0
1296,2898,60,10,0
1297,2898,61,11,0
1298,2898,63,12,0
1305,2898,64,13,0
1568,2898,69,14,1
1168,1772,355,1,0
1169,1772,356,2,0
1170,1772,357,3,0
1171,1772,358,4,0
1172,1772,359,5,0
1173,1772,359,6,0
1174,1772,362,7,0
2018,1772,364,8,0
1175,1772,366,9,0
1204,1772,366,10,0
1313,1772,367,11,0
1314,1772,369,12,0
1475,1772,370,13,1
1475,4510,465,1,0
1291,4510,466,2,0
1292,4510,468,3,0
1176,4510,469,4,0
1312,4510,469,5,0
1160,4510,470,6,0
1161,4510,472,7,0
1162,4510,474,8,0
1163,4510,475,9,0
1164,4510,476,10,0
1165,4510,476,11,0
1166,4510,477,12,0
1052,4510,478,13,1
1568,4562,175,1,0
1520,4562,176,2,0
1305,4562,181,3,0
1306,4562,182,4,0
1307,4562,183,5,0
1308,4562,184,6,0
1309,4562,185,7,0
1188,4562,186,8,0
1294,4562,188,9,0
1311,4562,189,10,0
1239,4562,190,11,0
1240,4562,191,12,0
1241,4562,192,13,0
1091,4562,193,14,0
1168,4562,194,15,1
1475,4859,435,1,0
1291,4859,436,2,0
1292,4859,438,3,0
1176,4859,439,4,0
1312,4859,439,5,0
1160,4859,440,6,0
1161,4859,442,7,0
1162,4859,444,8,0
1163,4859,445,9,0
1164,4859,446,10,0
1165,4859,446,11,0
1166,4859,447,12,0
1052,4859,448,13,1
1568,375,145,1,0
1520,375,146,2,0
1305,375,151,3,0
1306,375,152,4,0
1307,375,153,5,0
1308,375,154,6,0
1309,375,155,7,0
1188,375,156,8,0
1294,375,158,9,0
1311,375,159,10,0
1239,375,160,11,0
1240,375,161,12,0
1241,375,162,13,0
1091,375,163,14,0
1168,375,164,15,1
1052,4828,235,1,0
1051,4828,236,2,0
1215,4828,237,3,0
1216,4828,238,4,0
1217,4828,239,5,0
1293,4828,240,6,0
1310,4828,241,7,0
1192,4828,243,8,0
1295,4828,244,9,0
1296,4828,245,10,0
1297,4828,246,11,0
1298,4828,248,12,0
1305,4828,249,13,0
1568,4828,254,14,1
1168,1519,230,1,0
1169,1519,231,2,0
1170,1519,232,3,0
1171,1519,233,4,0
1172,1519,234,5,0
1173,1519,234,6,0
1174,1519,237,7,0
2018,1519,239,8,0
1175,1519,241,9,0
1204,1519,241,10,0
1313,1519,242,11,0
1314,1519,244,12,0
1475,1519,245,13,1
1568,1552,330,1,0
1520,1552,331,2,0
1305,1552,335,3,0
1306,1552,336,4,0
1307,1552,337,5,0
1308,1552,338,6,0
1309,1552,339,7,0
1188,1552,340,8,0
1294,1552,342,9,0
1311,1552,342,10,0
1239,1552,343,11,0
1240,1552,345,12,0
1241,1552,345,13,0
1091,1552,346,14,0
1168,1552,347,15,1
1052,1488,125,1,0
1051,1488,126,2,0
1215,1488,127,3,0
1216,1488,128,4,0
1217,1488,129,5,0
1293,1488,130,6,0
1310,1488,131,7,0
1192,1488,133,8,0
1295,1488,134,9,0
1296,1488,135,10,0
1297,1488,136,11,0
1298,1488,138,12,0
1305,1488,139,13,0
1568,1488,144,14,1
1568,4775,270,1,0
1520,4775,271,2,0
1305,4775,276,3,0
1306,4775,277,4,0
1307,4775,278,5,0
1308,4775,279,6,0
1309,4775,280,7,0
1188,4775,281,8,0
1294,4775,283,9,0
1311,4775,284,10,0
1239,4775,285,11,0
1240,4775,286,12,0
1241,4775,287,13,0
1091,4775,288,14,0
1168,4775,289,15,1
1475,1454,125,1,0
1291,1454,126,2,0
1292,1454,128,3,0
1176,1454,129,4,0
1312,1454,130,5,0
1160,1454,131,6,0
1161,1454,133,7,0
1162,1454,135,8,0
1163,1454,136,9,0
1164,1454,138,10,0
1165,1454,138,11,0
1166,1454,139,12,0
1052,1454,140,13,1
1475,4760,95,1,0
1291,4760,96,2,0
1292,4760,98,3,0
1176,4760,99,4,0
1312,4760,100,5,0
1160,4760,101,6,0
1161,4760,103,7,0
1162,4760,105,8,0
1163,4760,106,9,0
1164,4760,108,10,0
1165,4760,108,11,0
1166,4760,109,12,0
1052,4760,110,13,1
1475,4721,155,1,0
1291,4721,156,2,0
1292,4721,158,3,0
1176,4721,159,4,0
1312,4721,160,5,0
1160,4721,161,6,0
1161,4721,163,7,0
1162,4721,165,8,0
1163,4721,166,9,0
1164,4721,168,10,0
1165,4721,168,11,0
1166,4721,169,12,0
1052,4721,170,13,1
1568,5828,360,1,0
1520,5828,361,2,0
1305,5828,365,3,0
1306,5828,366,4,0
1307,5828,367,5,0
1308,5828,368,6,0
1309,5828,369,7,0
1188,5828,370,8,0
1294,5828,372,9,0
1311,5828,372,10,0
1239,5828,373,11,0
1240,5828,375,12,0
1241,5828,375,13,0
1091,5828,376,14,0
1168,5828,377,15,1
1052,5892,425,1,0
1051,5892,426,2,0
1215,5892,427,3,0
1216,5892,428,4,0
1217,5892,429,5,0
1293,5892,430,6,0
1310,5892,431,7,0
1192,5892,433,8,0
1295,5892,434,9,0
1296,5892,435,10,0
1297,5892,436,11,0
1298,5892,438,12,0
1305,5892,439,13,0
1568,5892,444,14,1
1052,929,380,1,0
1051,929,381,2,0
1215,929,382,3,0
1216,929,383,4,0
1217,929,384,5,0
1293,929,385,6,0
1310,929,386,7,0
1192,929,388,8,0
1295,929,389,9,0
1296,929,390,10,0
1297,929,391,11,0
1298,929,393,12,0
1305,929,394,13,0
1568,929,399,14,1
1475,967,230,1,0
1291,967,231,2,0
1292,967,233,3,0
1176,967,234,4,0
1312,967,235,5,0
1160,967,236,6,0
1161,967,238,7,0
1162,967,240,8,0
1163,967,241,9,0
1164,967,243,10,0
1165,967,243,11,0
1166,967,244,12,0
1052,967,245,13,1
1475,997,35,1,0
1291,997,36,2,0
1292,997,38,3,0
1176,997,39,4,0
1312,997,40,5,0
1160,997,41,6,0
1161,997,43,7,0
1162,997,45,8,0
1163,997,46,9,0
1164,997,48,10,0
1165,997,48,11,0
1166,997,49,12,0
1052,997,50,13,1
1168,4222,65,1,0
1169,4222,66,2,0
1170,4222,67,3,0
1171,4222,68,4,0
1172,4222,69,5,0
1173,4222,69,6,0
1174,4222,72,7,0
2018,4222,74,8,0
1175,4222,76,9,0
1204,4222,76,10,0
1313,4222,77,11,0
1314,4222,79,12,0
1475,4222,80,13,1
1052,5785,110,1,0
1051,5785,111,2,0
1215,5785,112,3,0
1216,5785,113,4,0
1217,5785,114,5,0
1293,5785,115,6,0
1310,5785,116,7,0
1192,5785,118,8,0
1295,5785,119,9,0
1296,5785,120,10,0
1297,5785,121,11,0
1298,5785,123,12,0
1305,5785,124,13,0
1568,5785,129,14,1
1475,1345,400,1,0
1291,1345,401,2,0
1292,1345,403,3,0
1176,1345,404,4,0
1312,1345,404,5,0
1160,1345,405,6,0
1161,1345,407,7,0
1162,1345,409,8,0
1163,1345,410,9,0
1164,1345,411,10,0
1165,1345,411,11,0
1166,1345,412,12,0
1052,1345,413,13,1
1168,5634,420,1,0
1169,5634,421,2,0
1170,5634,422,3,0
1171,5634,423,4,0
1172,5634,424,5,0
1173,5634,424,6,0
1174,5634,427,7,0
2018,5634,429,8,0
1175,5634,431,9,0
1204,5634,431,10,0
1313,5634,432,11,0
1314,5634,434,12,0
1475,5634,435,13,1
1168,4107,80,1,0
1169,4107,81,2,0
1170,4107,82,3,0
1171,4107,83,4,0
1172,4107,84,5,0
1173,4107,84,6,0
1174,4107,87,7,0
2018,4107,89,8,0
1175,4107,91,9,0
1204,4107,91,10,0
1313,4107,92,11,0
1314,4107,94,12,0
1475,4107,95,13,1
1475,4112,215,1,0
1291,4112,216,2,0
1292,4112,218,3,0
1176,4112,219,4,0
1312,4112,220,5,0
1160,4112,221,6,0
1161,4112,223,7,0
1162,4112,225,8,0
1163,4112,226,9,0
1164,4112,228,10,0
1165,4112,228,11,0
1166,4112,229,12,0
1052,4112,230,13,1
1475,1281,370,1,0
1291,1281,371,2,0
1292,1281,373,3,0
1176,1281,374,4,0
1312,1281,374,5,0
1160,1281,375,6,0
1161,1281,377,7,0
1162,1281,379,8,0
1163,1281,380,9,0
1164,1281,381,10,0
1165,1281,381,11,0
1166,1281,382,12,0
1052,1281,383,13,1
1052,5684,340,1,0
1051,5684,341,2,0
1215,5684,342,3,0
1216,5684,343,4,0
1217,5684,344,5,0
1293,5684,345,6,0
1310,5684,346,7,0
1192,5684,348,8,0
1295,5684,349,9,0
1296,5684,350,10,0
1297,5684,351,11,0
1298,5684,353,12,0
1305,5684,354,13,0
1568,5684,359,14,1
1168,5677,215,1,0
1169,5677,216,2,0
1170,5677,217,3,0
1171,5677,218,4,0
1172,5677,219,5,0
1173,5677,219,6,0
1174,5677,222,7,0
2018,5677,224,8,0
1175,5677,226,9,0
1204,5677,226,10,0
1313,5677,227,11,0
1314,5677,229,12,0
1475,5677,230,13,1
1475,5694,140,1,0
1291,5694,141,2,0
1292,5694,143,3,0
1176,5694,144,4,0
1312,5694,145,5,0
1160,5694,146,6,0
1161,5694,148,7,0
1162,5694,150,8,0
1163,5694,151,9,0
1164,5694,153,10,0
1165,5694,153,11,0
1166,5694,154,12,0
1052,5694,155,13,1
1568,1219,55,1,0
1520,1219,56,2,0
1305,1219,61,3,0
1306,1219,62,4,0
1307,1219,63,5,0
1308,1219,64,6,0
1309,1219,65,7,0
1188,1219,66,8,0
1294,1219,68,9,0
1311,1219,69,10,0
1239,1219,70,11,0
1240,1219,71,12,0
1241,1219,72,13,0
1091,1219,73,14,0
1168,1219,74,15,1
1168,715,325,1,0
1169,715,326,2,0
1170,715,327,3,0
1171,715,328,4,0
1172,715,329,5,0
1173,715,329,6,0
1174,715,332,7,0
2018,715,334,8,0
1175,715,336,9,0
1204,715,336,10,0
1313,715,337,11,0
1314,715,339,12,0
1475,715,340,13,1
1168,2718,185,1,0
1169,2718,186,2,0
1170,2718,187,3,0
1171,2718,188,4,0
1172,2718,189,5,0
1173,2718,189,6,0
1174,2718,192,7,0
2018,2718,194,8,0
1175,2718,196,9,0
1204,2718,196,10,0
1313,2718,197,11,0
1314,2718,199,12,0
1475,2718,200,13,1
1168,764,95,1,0
1169,764,96,2,0
1170,764,97,3,0
1171,764,98,4,0
1172,764,99,5,0
1173,764,99,6,0
1174,764,102,7,0
2018,764,104,8,0
1175,764,106,9,0
1204,764,106,10,0
1313,764,107,11,0
1314,764,109,12,0
1475,764,110,13,1
1052,2734,200,1,0
1051,2734,201,2,0
1215,2734,202,3,0
1216,2734,203,4,0
1217,2734,204,5,0
1293,2734,205,6,0
1310,2734,206,7,0
1192,2734,208,8,0
1295,2734,209,9,0
1296,2734,210,10,0
1297,2734,211,11,0
1298,2734,213,12,0
1305,2734,214,13,0
1568,2734,219,14,1
1568,4421,400,1,0
1520,4421,401,2,0
1305,4421,405,3,0
1306,4421,406,4,0
1307,4421,407,5,0
1308,4421,408,6,0
1309,4421,409,7,0
1188,4421,410,8,0
1294,4421,412,9,0
1311,4421,412,10,0
1239,4421,413,11,0
1240,4421,415,12,0
1241,4421,415,13,0
1091,4421,416,14,0
1168,4421,417,15,1
1052,5562,170,1,0
1051,5562,171,2,0
1215,5562,172,3,0
1216,5562,173,4,0
1217,5562,174,5,0
1293,5562,175,6,0
1310,5562,176,7,0
1192,5562,178,8,0
1295,5562,179,9,0
1296,5562,180,10,0
1297,5562,181,11,0
1298,5562,183,12,0
1305,5562,184,13,0
1568,5562,189,14,1
1168,679,170,1,0
1169,679,171,2,0
1170,679,172,3,0
1171,679,173,4,0
1172,679,174,5,0
1173,679,174,6,0
1174,679,177,7,0
2018,679,179,8,0
1175,679,181,9,0
1204,679,181,10,0
1313,679,182,11,0
1314,679,184,12,0
1475,679,185,13,1
1168,2638,450,1,0
1169,2638,451,2,0
1170,2638,452,3,0
1171,2638,453,4,0
1172,2638,454,5,0
1173,2638,454,6,0
1174,2638,457,7,0
2018,2638,459,8,0
1175,2638,461,9,0
1204,2638,461,10,0
1313,2638,462,11,0
1314,2638,464,12,0
1475,2638,465,13,1
1568,5417,220,1,0
1520,5417,221,2,0
1305,5417,226,3,0
1306,5417,227,4,0
1307,5417,228,5,0
1308,5417,229,6,0
1309,5417,230,7,0
1188,5417,231,8,0
1294,5417,233,9,0
1311,5417,234,10,0
1239,5417,235,11,0
1240,5417,236,12,0
1241,5417,237,13,0
1091,5417,238,14,0
1168,5417,239,15,1
1568,5426,130,1,0
1520,5426,131,2,0
1305,5426,136,3,0
1306,5426,137,4,0
1307,5426,138,5,0
1308,5426,139,6,0
1309,5426,140,7,0
1188,5426,141,8,0
1294,5426,143,9,0
1311,5426,144,10,0
1239,5426,145,11,0
1240,5426,146,12,0
1241,5426,147,13,0
1091,5426,148,14,0
1168,5426,149,15,1
1475,5463,170,1,0
1291,5463,171,2,0
1292,5463,173,3,0
1176,5463,174,4,0
1312,5463,175,5,0
1160,5463,176,6,0
1161,5463,178,7,0
1162,5463,180,8,0
1163,5463,181,9,0
1164,5463,183,10,0
1165,5463,183,11,0
1166,5463,184,12,0
1052,5463,185,13,1
1168,1019,155,1,0
1169,1019,156,2,0
1170,1019,157,3,0
1171,1019,158,4,0
1172,1019,159,5,0
1173,1019,159,6,0
1174,1019,162,7,0
2018,1019,164,8,0
1175,1019,166,9,0
1204,1019,166,10,0
1313,1019,167,11,0
1314,1019,169,12,0
1475,1019,170,13,1
1568,6047,40,1,0
1520,6047,41,2,0
1305,6047,46,3,0
1306,6047,47,4,0
1307,6047,48,5,0
1308,6047,49,6,0
1309,6047,50,7,0
1188,6047,51,8,0
1294,6047,53,9,0
1311,6047,54,10,0
1239,6047,55,11,0
1240,6047,56,12,0
1241,6047,57,13,0
1091,6047,58,14,0
1168,6047,59,15,1
1168,6028,110,1,0
1169,6028,111,2,0
1170,6028,112,3,0
1171,6028,113,4,0
1172,6028,114,5,0
1173,6028,114,6,0
1174,6028,117,7,0
2018,6028,119,8,0
1175,6028,121,9,0
1204,6028,121,10,0
1313,6028,122,11,0
1314,6028,124,12,0
1475,6028,125,13,1
1052,5237,310,1,0
1051,5237,311,2,0
1215,5237,312,3,0
1216,5237,313,4,0
1217,5237,314,5,0
1293,5237,315,6,0
1310,5237,316,7,0
1192,5237,318,8,0
1295,5237,319,9,0
1296,5237,320,10,0
1297,5237,321,11,0
1298,5237,323,12,0
1305,5237,324,13,0
1568,5237,329,14,1
1475,5279,280,1,0
1291,5279,281,2,0
1292,5279,283,3,0
1176,5279,284,4,0
1312,5279,285,5,0
1160,5279,286,6,0
1161,5279,288,7,0
1162,5279,290,8,0
1163,5279,291,9,0
1164,5279,293,10,0
1165,5279,293,11,0
1166,5279,294,12,0
1052,5279,295,13,1
1568,6220,115,1,0
1520,6220,116,2,0
1305,6220,121,3,0
1306,6220,122,4,0
1307,6220,123,5,0
1308,6220,124,6,0
1309,6220,125,7,0
1188,6220,126,8,0
1294,6220,128,9,0
1311,6220,129,10,0
1239,6220,130,11,0
1240,6220,131,12,0
1241,6220,132,13,0
1091,6220,133,14,0
1168,6220,134,15,1
1475,5057,185,1,0
1291,5057,186,2,0
1292,5057,188,3,0
1176,5057,189,4,0
1312,5057,190,5,0
1160,5057,191,6,0
1161,5057,193,7,0
1162,5057,195,8,0
1163,5057,196,9,0
1164,5057,198,10,0
1165,5057,198,11,0
1166,5057,199,12,0
1052,5057,200,13,1
1168,6328,50,1,0
1169,6328,51,2,0
1170,6328,52,3,0
1171,6328,53,4,0
1172,6328,54,5,0
1173,6328,54,6,0
1174,6328,57,7,0
2018,6328,59,8,0
1175,6328,61,9,0
1204,6328,61,10,0
1313,6328,62,11,0
1314,6328,64,12,0
1475,6328,65,13,1
1168,6699,385,1,0
1169,6699,386,2,0
1170,6699,387,3,0
1171,6699,388,4,0
1172,6699,389,5,0
1173,6699,389,6,0
1174,6699,392,7,0
2018,6699,394,8,0
1175,6699,396,9,0
1204,6699,396,10,0
1313,6699,397,11,0
1314,6699,399,12,0
1475,6699,400,13,1
1052,6646,280,1,0
1051,6646,281,2,0
1215,6646,282,3,0
1216,6646,283,4,0
1217,6646,284,5,0
1293,6646,285,6,0
1310,6646,286,7,0
1192,6646,288,8,0
1295,6646,289,9,0
1296,6646,290,10,0
1297,6646,291,11,0
1298,6646,293,12,0
1305,6646,294,13,0
1568,6646,299,14,1
1568,6634,85,1,0
1520,6634,86,2,0
1305,6634,91,3,0
1306,6634,92,4,0
1307,6634,93,5,0
1308,6634,94,6,0
1309,6634,95,7,0
1188,6634,96,8,0
1294,6634,98,9,0
1311,6634,99,10,0
1239,6634,100,11,0
1240,6634,101,12,0
1241,6634,102,13,0
1091,6634,103,14,0
1168,6634,104,15,1
1168,6562,265,1,0
1169,6562,266,2,0
1170,6562,267,3,0
1171,6562,268,4,0
1172,6562,269,5,0
1173,6562,269,6,0
1174,6562,272,7,0
2018,6562,274,8,0
1175,6562,276,9,0
1204,6562,276,10,0
1313,6562,277,11,0
1314,6562,279,12,0
1475,6562,280,13,1
1475,6543,200,1,0
1291,6543,201,2,0
1292,6543,203,3,0
1176,6543,204,4,0
1312,6543,205,5,0
1160,6543,206,6,0
1161,6543,208,7,0
1162,6543,210,8,0
1163,6543,211,9,0
1164,6543,213,10,0
1165,6543,213,11,0
1166,6543,214,12,0
1052,6543,215,13,1
1568,1965,70,1,0
1520,1965,71,2,0
1305,1965,76,3,0
1306,1965,77,4,0
1307,1965,78,5,0
1308,1965,79,6,0
1309,1965,80,7,0
1188,1965,81,8,0
1294,1965,83,9,0
1311,1965,84,10,0
1239,1965,85,11,0
1240,1965,86,12,0
1241,1965,87,13,0
1091,1965,88,14,0
1168,1965,89,15,1
