arret_id,trajet_id,heure_depart,stop_sequence,terminus
1167,76,550,1,0
1540,76,553,2,0
1217,76,554,3,0
1293,76,555,4,0
1310,76,556,5,0
1502,76,557,6,0
1414,76,558,7,0
1499,76,558,8,0
1498,76,559,9,0
3760,76,560,10,0
3761,76,561,11,0
3771,76,562,12,0
3762,76,563,13,0
3763,76,564,14,0
3764,76,565,15,0
3765,76,566,16,0
4315,76,569,17,0
4307,76,569,18,0
4308,76,570,19,0
4304,76,570,20,0
4310,76,571,21,0
4311,76,571,22,0
4255,76,573,23,0
4256,76,574,24,0
4257,76,576,25,0
4269,76,577,26,0
4267,76,578,27,1
1167,7091,1010,1,0
1540,7091,1013,2,0
1217,7091,1015,3,0
1293,7091,1016,4,0
1310,7091,1017,5,0
1502,7091,1019,6,0
1414,7091,1021,7,0
1499,7091,1022,8,0
1498,7091,1023,9,0
3760,7091,1024,10,0
3761,7091,1025,11,0
3771,7091,1026,12,0
3762,7091,1027,13,0
3763,7091,1029,14,0
3764,7091,1030,15,0
3765,7091,1031,16,0
4315,7091,1035,17,0
4307,7091,1036,18,0
4308,7091,1037,19,0
4304,7091,1037,20,0
4310,7091,1038,21,0
4311,7091,1038,22,0
4255,7091,1040,23,0
4256,7091,1041,24,0
4257,7091,1043,25,0
4269,7091,1044,26,0
4267,7091,1045,27,1
1167,7186,955,1,0
1540,7186,957,2,0
1217,7186,959,3,0
1293,7186,960,4,0
1310,7186,961,5,0
1502,7186,962,6,0
1414,7186,964,7,0
1499,7186,964,8,0
1498,7186,965,9,0
3760,7186,966,10,0
3761,7186,967,11,0
3771,7186,968,12,0
3762,7186,969,13,0
3763,7186,970,14,0
3764,7186,971,15,0
3765,7186,972,16,0
4315,7186,975,17,0
4307,7186,976,18,0
4308,7186,977,19,0
4304,7186,977,20,0
4310,7186,977,21,0
4311,7186,978,22,0
4255,7186,980,23,0
4256,7186,981,24,0
4257,7186,982,25,0
4269,7186,983,26,0
4267,7186,984,27,1
1167,7100,660,1,0
1540,7100,663,2,0
1217,7100,665,3,0
1293,7100,666,4,0
1310,7100,667,5,0
1502,7100,668,6,0
1414,7100,669,7,0
1499,7100,670,8,0
1498,7100,671,9,0
3760,7100,672,10,0
3761,7100,673,11,0
3771,7100,674,12,0
3762,7100,675,13,0
3763,7100,676,14,0
3764,7100,677,15,0
3765,7100,678,16,0
4315,7100,681,17,0
4307,7100,682,18,0
4308,7100,683,19,0
4304,7100,683,20,0
4310,7100,684,21,0
4311,7100,684,22,0
4255,7100,686,23,0
4256,7100,687,24,0
4257,7100,689,25,0
4269,7100,690,26,0
4267,7100,691,27,1
1503,9750,1101,1,0
1422,9750,1102,2,0
1500,9750,1104,3,0
1294,9750,1105,4,0
1311,9750,1106,5,0
1239,9750,1107,6,0
1542,9750,1109,7,0
1167,9750,1113,8,1
1167,9738,735,1,0
1540,9738,738,2,0
1217,9738,740,3,0
1293,9738,741,4,0
1310,9738,742,5,0
1502,9738,743,6,0
1414,9738,745,7,0
1499,9738,746,8,0
1498,9738,747,9,0
3760,9738,748,10,0
3761,9738,749,11,0
3771,9738,750,12,0
3762,9738,751,13,0
3763,9738,752,14,0
3764,9738,753,15,0
3765,9738,754,16,0
4315,9738,757,17,0
4307,9738,758,18,0
4308,9738,759,19,0
4304,9738,759,20,0
4310,9738,760,21,0
4311,9738,760,22,0
4255,9738,762,23,0
4256,9738,763,24,0
4257,9738,765,25,0
4269,9738,766,26,0
4267,9738,767,27,1
1503,2206,1061,1,0
1422,2206,1062,2,0
1500,2206,1064,3,0
1294,2206,1065,4,0
1311,2206,1066,5,0
1239,2206,1067,6,0
1542,2206,1070,7,0
1167,2206,1074,8,1
4267,2221,1225,1,0
4264,2221,1226,2,0
4252,2221,1227,3,0
4253,2221,1228,4,0
4254,2221,1229,5,0
4301,2221,1231,6,0
4303,2221,1232,7,0
4322,2221,1232,8,0
4305,2221,1233,9,0
4306,2221,1233,10,0
4316,2221,1234,11,0
3754,2221,1237,12,0
3755,2221,1238,13,0
3756,2221,1239,14,0
3757,2221,1239,15,0
3770,2221,1240,16,0
3758,2221,1241,17,0
3759,2221,1242,18,0
1504,2221,1243,19,0
1503,2221,1244,20,0
1422,2221,1244,21,0
1500,2221,1246,22,0
1294,2221,1246,23,0
1311,2221,1247,24,0
1239,2221,1248,25,0
1542,2221,1250,26,0
1167,2221,1253,27,1
1167,2292,775,1,0
1540,2292,778,2,0
1217,2292,780,3,0
1293,2292,781,4,0
1310,2292,782,5,0
1502,2292,783,6,0
1414,2292,785,7,0
1499,2292,786,8,0
1498,2292,787,9,0
3760,2292,788,10,0
3761,2292,789,11,0
3771,2292,790,12,0
3762,2292,791,13,0
3763,2292,792,14,0
3764,2292,793,15,0
3765,2292,794,16,0
4315,2292,797,17,0
4307,2292,798,18,0
4308,2292,799,19,0
4304,2292,799,20,0
4310,2292,800,21,0
4311,2292,800,22,0
4255,2292,802,23,0
4256,2292,803,24,0
4257,2292,805,25,0
4269,2292,806,26,0
4267,2292,807,27,1
1167,2299,485,1,0
1540,2299,488,2,0
1217,2299,490,3,0
1293,2299,491,4,0
1310,2299,492,5,0
1502,2299,493,6,0
1414,2299,495,7,0
1499,2299,496,8,0
1498,2299,497,9,0
3760,2299,498,10,0
3761,2299,499,11,0
3771,2299,500,12,0
3762,2299,501,13,0
3763,2299,502,14,0
3764,2299,503,15,0
3765,2299,504,16,0
4315,2299,507,17,0
4307,2299,508,18,0
4308,2299,509,19,0
4304,2299,509,20,0
4310,2299,510,21,0
4311,2299,510,22,0
4255,2299,512,23,0
4256,2299,513,24,0
4257,2299,515,25,0
4269,2299,516,26,0
4267,2299,517,27,1
4267,9616,585,1,0
4264,9616,586,2,0
4252,9616,587,3,0
4253,9616,589,4,0
4254,9616,590,5,0
4301,9616,592,6,0
4303,9616,593,7,0
4322,9616,593,8,0
4305,9616,594,9,0
4306,9616,595,10,0
4316,9616,595,11,0
3754,9616,599,12,0
3755,9616,600,13,0
3756,9616,601,14,0
3757,9616,601,15,0
3770,9616,602,16,0
3758,9616,603,17,0
3759,9616,604,18,0
1504,9616,605,19,0
1503,9616,606,20,0
1422,9616,607,21,0
1500,9616,609,22,0
1294,9616,609,23,0
1311,9616,610,24,0
1239,9616,611,25,0
1542,9616,613,26,0
1167,9616,616,27,1
4267,9620,482,1,0
4264,9620,483,2,0
4252,9620,484,3,0
4253,9620,486,4,0
4254,9620,487,5,0
4301,9620,490,6,0
4303,9620,490,7,0
4322,9620,491,8,0
4305,9620,492,9,0
4306,9620,493,10,0
4316,9620,493,11,0
3754,9620,497,12,0
3755,9620,498,13,0
3756,9620,500,14,0
3757,9620,501,15,0
3770,9620,502,16,0
3758,9620,503,17,0
3759,9620,505,18,0
1504,9620,506,19,0
1503,9620,507,20,0
1422,9620,508,21,0
1500,9620,510,22,0
1294,9620,511,23,0
1311,9620,512,24,0
1239,9620,513,25,0
1542,9620,516,26,0
1167,9620,519,27,1
4267,9687,525,1,0
4264,9687,526,2,0
4252,9687,527,3,0
4253,9687,529,4,0
4254,9687,530,5,0
4301,9687,532,6,0
4303,9687,533,7,0
4322,9687,533,8,0
4305,9687,534,9,0
4306,9687,535,10,0
4316,9687,535,11,0
3754,9687,539,12,0
3755,9687,540,13,0
3756,9687,541,14,0
3757,9687,542,15,0
3770,9687,543,16,0
3758,9687,544,17,0
3759,9687,546,18,0
1504,9687,547,19,0
1503,9687,548,20,0
1422,9687,549,21,0
1500,9687,551,22,0
1294,9687,552,23,0
1311,9687,553,24,0
1239,9687,554,25,0
1542,9687,556,26,0
1167,9687,559,27,1
1167,9671,735,1,0
1540,9671,738,2,0
1217,9671,740,3,0
1293,9671,741,4,0
1310,9671,742,5,0
1502,9671,743,6,0
1414,9671,744,7,0
1499,9671,745,8,0
1498,9671,746,9,0
3760,9671,747,10,0
3761,9671,748,11,0
3771,9671,749,12,0
3762,9671,750,13,0
3763,9671,751,14,0
3764,9671,752,15,0
3765,9671,753,16,0
4315,9671,756,17,0
4307,9671,757,18,0
4308,9671,758,19,0
4304,9671,758,20,0
4310,9671,759,21,0
4311,9671,759,22,0
4255,9671,761,23,0
4256,9671,762,24,0
4257,9671,764,25,0
4269,9671,765,26,0
4267,9671,766,27,1
1167,9667,410,1,0
1540,9667,413,2,0
1217,9667,414,3,0
1293,9667,415,4,0
1310,9667,416,5,0
1502,9667,417,6,0
1414,9667,418,7,0
1499,9667,418,8,0
1498,9667,419,9,0
3760,9667,420,10,0
3761,9667,421,11,0
3771,9667,422,12,0
3762,9667,423,13,0
3763,9667,424,14,0
3764,9667,425,15,0
3765,9667,426,16,0
4315,9667,429,17,0
4307,9667,430,18,0
4308,9667,431,19,0
4304,9667,431,20,0
4310,9667,432,21,0
4311,9667,432,22,0
4255,9667,434,23,0
4256,9667,435,24,0
4257,9667,437,25,0
4269,9667,438,26,0
4267,9667,439,27,1
1167,9663,745,1,0
1540,9663,747,2,0
1217,9663,748,3,0
1293,9663,749,4,0
1310,9663,750,5,0
1502,9663,751,6,0
1414,9663,752,7,0
1499,9663,752,8,0
1498,9663,753,9,0
3760,9663,754,10,0
3761,9663,755,11,0
3771,9663,756,12,0
3762,9663,757,13,0
3763,9663,758,14,0
3764,9663,759,15,0
3765,9663,760,16,0
4315,9663,763,17,0
4307,9663,764,18,0
4308,9663,765,19,0
4304,9663,765,20,0
4310,9663,765,21,0
4311,9663,766,22,0
4255,9663,768,23,0
4256,9663,769,24,0
4257,9663,770,25,0
4269,9663,771,26,0
4267,9663,772,27,1
4267,9544,662,1,0
4264,9544,663,2,0
4252,9544,664,3,0
4253,9544,666,4,0
4254,9544,667,5,0
4301,9544,669,6,0
4303,9544,670,7,0
4322,9544,670,8,0
4305,9544,671,9,0
4306,9544,671,10,0
4316,9544,672,11,0
3754,9544,675,12,0
3755,9544,676,13,0
3756,9544,677,14,0
3757,9544,678,15,0
3770,9544,679,16,0
3758,9544,680,17,0
3759,9544,681,18,0
1504,9544,682,19,0
1503,9544,683,20,0
1422,9544,684,21,0
1500,9544,686,22,0
1294,9544,687,23,0
1311,9544,688,24,0
1239,9544,689,25,0
1542,9544,691,26,0
1167,9544,694,27,1
1167,2006,795,1,0
1540,2006,798,2,0
1217,2006,800,3,0
1293,2006,801,4,0
1310,2006,802,5,0
1502,2006,803,6,0
1414,2006,804,7,0
1499,2006,805,8,0
1498,2006,806,9,0
3760,2006,807,10,0
3761,2006,808,11,0
3771,2006,809,12,0
3762,2006,810,13,0
3763,2006,811,14,0
3764,2006,812,15,0
3765,2006,813,16,0
4315,2006,816,17,0
4307,2006,817,18,0
4308,2006,818,19,0
4304,2006,818,20,0
4310,2006,819,21,0
4311,2006,819,22,0
4255,2006,821,23,0
4256,2006,822,24,0
4257,2006,824,25,0
4269,2006,825,26,0
4267,2006,826,27,1
1167,2007,770,1,0
1540,2007,773,2,0
1217,2007,775,3,0
1293,2007,776,4,0
1310,2007,777,5,0
1502,2007,778,6,0
1414,2007,779,7,0
1499,2007,780,8,0
1498,2007,781,9,0
3760,2007,782,10,0
3761,2007,783,11,0
3771,2007,784,12,0
3762,2007,785,13,0
3763,2007,786,14,0
3764,2007,787,15,0
3765,2007,788,16,0
4315,2007,791,17,0
4307,2007,792,18,0
4308,2007,793,19,0
4304,2007,793,20,0
4310,2007,794,21,0
4311,2007,794,22,0
4255,2007,796,23,0
4256,2007,797,24,0
4257,2007,799,25,0
4269,2007,800,26,0
4267,2007,801,27,1
4267,2016,948,1,0
4264,2016,949,2,0
4252,2016,950,3,0
4253,2016,952,4,0
4254,2016,953,5,0
4301,2016,955,6,0
4303,2016,956,7,0
4322,2016,956,8,0
4305,2016,957,9,0
4306,2016,957,10,0
4316,2016,958,11,0
3754,2016,961,12,0
3755,2016,962,13,0
3756,2016,963,14,0
3757,2016,964,15,0
3770,2016,965,16,0
3758,2016,966,17,0
3759,2016,967,18,0
1504,2016,968,19,0
1503,2016,969,20,0
1422,2016,970,21,0
1500,2016,972,22,0
1294,2016,973,23,0
1311,2016,974,24,0
1239,2016,975,25,0
1542,2016,977,26,0
1167,2016,981,27,1
4267,9440,430,1,0
4264,9440,431,2,0
4252,9440,432,3,0
4253,9440,434,4,0
4254,9440,435,5,0
4301,9440,438,6,0
4303,9440,438,7,0
4322,9440,439,8,0
4305,9440,440,9,0
4306,9440,441,10,0
4316,9440,441,11,0
3754,9440,445,12,0
3755,9440,446,13,0
3756,9440,447,14,0
3757,9440,448,15,0
3770,9440,449,16,0
3758,9440,450,17,0
3759,9440,452,18,0
1504,9440,453,19,0
1503,9440,454,20,0
1422,9440,455,21,0
1500,9440,457,22,0
1294,9440,458,23,0
1311,9440,459,24,0
1239,9440,460,25,0
1542,9440,463,26,0
1167,9440,466,27,1
1167,2025,1170,1,0
1540,2025,1173,2,0
1217,2025,1175,3,0
1293,2025,1176,4,0
1310,2025,1177,5,0
1502,2025,1178,6,0
1414,2025,1180,7,0
1499,2025,1180,8,0
1498,2025,1181,9,0
3760,2025,1182,10,0
3761,2025,1183,11,0
3771,2025,1184,12,0
3762,2025,1185,13,0
3763,2025,1186,14,0
3764,2025,1187,15,0
3765,2025,1188,16,0
4315,2025,1191,17,0
4307,2025,1192,18,0
4308,2025,1193,19,0
4304,2025,1193,20,0
4310,2025,1193,21,0
4311,2025,1194,22,0
4255,2025,1196,23,0
4256,2025,1197,24,0
4257,2025,1198,25,0
4269,2025,1199,26,0
4267,2025,1200,27,1
1167,9371,1095,1,0
1540,9371,1098,2,0
1217,9371,1100,3,0
1293,9371,1101,4,0
1310,9371,1102,5,0
1502,9371,1103,6,0
1414,9371,1105,7,0
1499,9371,1106,8,0
1498,9371,1107,9,0
3760,9371,1108,10,0
3761,9371,1109,11,0
3771,9371,1110,12,0
3762,9371,1111,13,0
3763,9371,1112,14,0
3764,9371,1113,15,0
3765,9371,1114,16,0
4315,9371,1117,17,0
4307,9371,1118,18,0
4308,9371,1119,19,0
4304,9371,1119,20,0
4310,9371,1119,21,0
4311,9371,1120,22,0
4255,9371,1122,23,0
4256,9371,1123,24,0
4257,9371,1124,25,0
4269,9371,1125,26,0
4267,9371,1126,27,1
4267,9187,905,1,0
4264,9187,906,2,0
4252,9187,907,3,0
4253,9187,909,4,0
4254,9187,910,5,0
4301,9187,912,6,0
4303,9187,913,7,0
4322,9187,913,8,0
4305,9187,914,9,0
4306,9187,915,10,0
4316,9187,915,11,0
3754,9187,919,12,0
3755,9187,920,13,0
3756,9187,921,14,0
3757,9187,922,15,0
3770,9187,923,16,0
3758,9187,924,17,0
3759,9187,925,18,0
1504,9187,926,19,0
1503,9187,927,20,0
1422,9187,928,21,0
1500,9187,930,22,0
1294,9187,931,23,0
1311,9187,932,24,0
1239,9187,933,25,0
1542,9187,935,26,0
1167,9187,938,27,1
4267,9101,550,1,0
4264,9101,551,2,0
4252,9101,552,3,0
4253,9101,554,4,0
4254,9101,555,5,0
4301,9101,557,6,0
4303,9101,558,7,0
4322,9101,558,8,0
4305,9101,559,9,0
4306,9101,560,10,0
4316,9101,560,11,0
3754,9101,564,12,0
3755,9101,565,13,0
3756,9101,566,14,0
3757,9101,566,15,0
3770,9101,567,16,0
3758,9101,568,17,0
3759,9101,569,18,0
1504,9101,570,19,0
1503,9101,571,20,0
1422,9101,572,21,0
1500,9101,574,22,0
1294,9101,574,23,0
1311,9101,575,24,0
1239,9101,576,25,0
1542,9101,578,26,0
1167,9101,581,27,1
4267,9126,697,1,0
4264,9126,698,2,0
4252,9126,699,3,0
4253,9126,701,4,0
4254,9126,702,5,0
4301,9126,704,6,0
4303,9126,705,7,0
4322,9126,705,8,0
4305,9126,706,9,0
4306,9126,706,10,0
4316,9126,707,11,0
3754,9126,710,12,0
3755,9126,711,13,0
3756,9126,712,14,0
3757,9126,713,15,0
3770,9126,714,16,0
3758,9126,715,17,0
3759,9126,716,18,0
1504,9126,717,19,0
1503,9126,718,20,0
1422,9126,719,21,0
1500,9126,721,22,0
1294,9126,722,23,0
1311,9126,723,24,0
1239,9126,724,25,0
1542,9126,726,26,0
1167,9126,729,27,1
4267,9139,850,1,0
4264,9139,851,2,0
4252,9139,852,3,0
4253,9139,853,4,0
4254,9139,854,5,0
4301,9139,856,6,0
4303,9139,857,7,0
4322,9139,857,8,0
4305,9139,858,9,0
4306,9139,859,10,0
4316,9139,859,11,0
3754,9139,863,12,0
3755,9139,864,13,0
3756,9139,865,14,0
3757,9139,866,15,0
3770,9139,867,16,0
3758,9139,868,17,0
3759,9139,869,18,0
1504,9139,870,19,0
1503,9139,871,20,0
1422,9139,872,21,0
1500,9139,874,22,0
1294,9139,874,23,0
1311,9139,875,24,0
1239,9139,876,25,0
1542,9139,878,26,0
1167,9139,880,27,1
4267,9031,710,1,0
4264,9031,711,2,0
4252,9031,712,3,0
4253,9031,713,4,0
4254,9031,714,5,0
4301,9031,716,6,0
4303,9031,717,7,0
4322,9031,717,8,0
4305,9031,718,9,0
4306,9031,718,10,0
4316,9031,719,11,0
3754,9031,722,12,0
3755,9031,723,13,0
3756,9031,724,14,0
3757,9031,725,15,0
3770,9031,726,16,0
3758,9031,727,17,0
3759,9031,728,18,0
1504,9031,729,19,0
1503,9031,730,20,0
1422,9031,731,21,0
1500,9031,733,22,0
1294,9031,733,23,0
1311,9031,734,24,0
1239,9031,735,25,0
1542,9031,737,26,0
1167,9031,739,27,1
1167,1826,475,1,0
1540,1826,478,2,0
1217,1826,480,3,0
1293,1826,481,4,0
1310,1826,482,5,0
1502,1826,483,6,0
1414,1826,485,7,0
1499,1826,486,8,1
4267,1789,622,1,0
4264,1789,623,2,0
4252,1789,624,3,0
4253,1789,626,4,0
4254,1789,627,5,0
4301,1789,629,6,0
4303,1789,630,7,0
4322,1789,630,8,0
4305,1789,631,9,0
4306,1789,632,10,0
4316,1789,632,11,0
3754,1789,636,12,0
3755,1789,637,13,0
3756,1789,638,14,0
3757,1789,638,15,0
3770,1789,639,16,0
3758,1789,640,17,0
3759,1789,641,18,0
1504,1789,642,19,0
1503,1789,643,20,0
1422,1789,644,21,0
1500,1789,646,22,0
1294,1789,646,23,0
1311,1789,647,24,0
1239,1789,648,25,0
1542,1789,650,26,0
1167,1789,653,27,1
1167,1756,515,1,0
1540,1756,518,2,0
1217,1756,520,3,0
1293,1756,521,4,0
1310,1756,522,5,0
1502,1756,523,6,0
1414,1756,525,7,0
1499,1756,526,8,1
1167,1603,700,1,0
1540,1603,703,2,0
1217,1603,705,3,0
1293,1603,706,4,0
1310,1603,707,5,0
1502,1603,708,6,0
1414,1603,709,7,0
1499,1603,710,8,0
1498,1603,711,9,0
3760,1603,712,10,0
3761,1603,713,11,0
3771,1603,714,12,0
3762,1603,715,13,0
3763,1603,716,14,0
3764,1603,717,15,0
3765,1603,718,16,0
4315,1603,721,17,0
4307,1603,722,18,0
4308,1603,723,19,0
4304,1603,723,20,0
4310,1603,724,21,0
4311,1603,724,22,0
4255,1603,726,23,0
4256,1603,727,24,0
4257,1603,729,25,0
4269,1603,730,26,0
4267,1603,731,27,1
1167,1614,895,1,0
1540,1614,898,2,0
1217,1614,900,3,0
1293,1614,901,4,0
1310,1614,902,5,0
1502,1614,903,6,0
1414,1614,904,7,0
1499,1614,904,8,0
1498,1614,905,9,0
3760,1614,906,10,0
3761,1614,907,11,0
3771,1614,908,12,0
3762,1614,909,13,0
3763,1614,910,14,0
3764,1614,911,15,0
3765,1614,912,16,0
4315,1614,915,17,0
4307,1614,916,18,0
4308,1614,917,19,0
4304,1614,917,20,0
4310,1614,918,21,0
4311,1614,918,22,0
4255,1614,920,23,0
4256,1614,921,24,0
4257,1614,923,25,0
4269,1614,924,26,0
4267,1614,925,27,1
4267,1692,1150,1,0
4264,1692,1151,2,0
4252,1692,1152,3,0
4253,1692,1153,4,0
4254,1692,1154,5,0
4301,1692,1156,6,0
4303,1692,1157,7,0
4322,1692,1157,8,0
4305,1692,1158,9,0
4306,1692,1158,10,0
4316,1692,1159,11,0
3754,1692,1162,12,0
3755,1692,1163,13,0
3756,1692,1164,14,0
3757,1692,1165,15,0
3770,1692,1166,16,0
3758,1692,1167,17,0
3759,1692,1168,18,0
1504,1692,1169,19,0
1503,1692,1170,20,0
1422,1692,1171,21,0
1500,1692,1173,22,0
1294,1692,1173,23,0
1311,1692,1174,24,0
1239,1692,1175,25,0
1542,1692,1177,26,0
1167,1692,1180,27,1
1167,5981,1020,1,0
1540,5981,1023,2,0
1217,5981,1025,3,0
1293,5981,1026,4,0
1310,5981,1027,5,0
1502,5981,1028,6,0
1414,5981,1030,7,0
1499,5981,1030,8,0
1498,5981,1031,9,0
3760,5981,1032,10,0
3761,5981,1033,11,0
3771,5981,1034,12,0
3762,5981,1035,13,0
3763,5981,1036,14,0
3764,5981,1037,15,0
3765,5981,1038,16,0
4315,5981,1041,17,0
4307,5981,1042,18,0
4308,5981,1043,19,0
4304,5981,1043,20,0
4310,5981,1043,21,0
4311,5981,1044,22,0
4255,5981,1046,23,0
4256,5981,1047,24,0
4257,5981,1048,25,0
4269,5981,1049,26,0
4267,5981,1050,27,1
1167,1456,1440,1,0
1540,1456,1443,2,0
1217,1456,1444,3,0
1293,1456,1445,4,0
1310,1456,1446,5,0
1502,1456,1447,6,0
1414,1456,1448,7,0
1499,1456,1448,8,0
1498,1456,1449,9,0
3760,1456,1450,10,0
3761,1456,1451,11,0
3771,1456,1452,12,0
3762,1456,1452,13,0
3763,1456,1453,14,0
3764,1456,1454,15,0
3765,1456,1455,16,0
4315,1456,1458,17,0
4307,1456,1459,18,0
4308,1456,1460,19,0
4304,1456,1460,20,0
4310,1456,1461,21,0
4311,1456,1461,22,0
4255,1456,1464,23,0
4256,1456,1465,24,0
4257,1456,1468,25,0
4269,1456,1468,26,0
4270,1456,1469,27,0
4652,1456,1473,28,0
4653,1456,1474,29,0
4403,1456,1488,30,0
4408,1456,1488,31,1
4267,5878,1185,1,0
4264,5878,1186,2,0
4252,5878,1187,3,0
4253,5878,1188,4,0
4254,5878,1189,5,0
4301,5878,1191,6,0
4303,5878,1192,7,0
4322,5878,1192,8,0
4305,5878,1193,9,0
4306,5878,1193,10,0
4316,5878,1194,11,0
3754,5878,1197,12,0
3755,5878,1198,13,0
3756,5878,1199,14,0
3757,5878,1199,15,0
3770,5878,1200,16,0
3758,5878,1201,17,0
3759,5878,1202,18,0
1504,5878,1203,19,0
1503,5878,1204,20,0
1422,5878,1205,21,0
1500,5878,1207,22,0
1294,5878,1207,23,0
1311,5878,1208,24,0
1239,5878,1209,25,0
1542,5878,1211,26,0
1167,5878,1214,27,1
1167,1421,1045,1,0
1540,1421,1048,2,0
1217,1421,1050,3,0
1293,1421,1051,4,0
1310,1421,1052,5,0
1502,1421,1053,6,0
1414,1421,1055,7,0
1499,1421,1055,8,0
1498,1421,1056,9,0
3760,1421,1057,10,0
3761,1421,1058,11,0
3771,1421,1059,12,0
3762,1421,1060,13,0
3763,1421,1061,14,0
3764,1421,1062,15,0
3765,1421,1063,16,0
4315,1421,1066,17,0
4307,1421,1067,18,0
4308,1421,1068,19,0
4304,1421,1068,20,0
4310,1421,1068,21,0
4311,1421,1069,22,0
4255,1421,1071,23,0
4256,1421,1072,24,0
4257,1421,1073,25,0
4269,1421,1074,26,0
4267,1421,1075,27,1
4267,1402,1255,1,0
4264,1402,1256,2,0
4252,1402,1257,3,0
4253,1402,1258,4,0
4254,1402,1259,5,0
4301,1402,1261,6,0
4303,1402,1262,7,0
4322,1402,1262,8,0
4305,1402,1263,9,0
4306,1402,1263,10,0
4316,1402,1264,11,0
3754,1402,1267,12,0
3755,1402,1268,13,0
3756,1402,1269,14,0
3757,1402,1269,15,0
3770,1402,1270,16,0
3758,1402,1271,17,0
3759,1402,1272,18,0
1504,1402,1273,19,0
1503,1402,1274,20,0
1422,1402,1274,21,0
1500,1402,1276,22,0
1294,1402,1276,23,0
1311,1402,1277,24,0
1239,1402,1278,25,0
1542,1402,1280,26,0
1167,1402,1283,27,1
4267,5752,480,1,0
4264,5752,481,2,0
4252,5752,482,3,0
4253,5752,484,4,0
4254,5752,485,5,0
4301,5752,487,6,0
4303,5752,488,7,0
4322,5752,488,8,0
4305,5752,489,9,0
4306,5752,490,10,0
4316,5752,490,11,0
3754,5752,494,12,0
3755,5752,495,13,0
3756,5752,496,14,0
3757,5752,496,15,0
3770,5752,497,16,0
3758,5752,498,17,0
3759,5752,499,18,0
1504,5752,500,19,0
1503,5752,501,20,0
1422,5752,502,21,0
1500,5752,504,22,0
1294,5752,504,23,0
1311,5752,505,24,0
1239,5752,506,25,0
1542,5752,508,26,0
1167,5752,511,27,1
1167,1310,465,1,0
1540,1310,468,2,0
1217,1310,470,3,0
1293,1310,471,4,0
1310,1310,472,5,0
1502,1310,473,6,0
1414,1310,475,7,0
1499,1310,476,8,0
1498,1310,477,9,0
3760,1310,478,10,0
3761,1310,479,11,0
3771,1310,480,12,0
3762,1310,481,13,0
3763,1310,482,14,0
3764,1310,483,15,0
3765,1310,484,16,0
4315,1310,487,17,0
4307,1310,488,18,0
4308,1310,489,19,0
4304,1310,489,20,0
4310,1310,490,21,0
4311,1310,490,22,0
4255,1310,492,23,0
4256,1310,493,24,0
4257,1310,495,25,0
4269,1310,496,26,0
4267,1310,497,27,1
1167,5654,1130,1,0
1540,5654,1133,2,0
1217,5654,1135,3,0
1293,5654,1136,4,0
1310,5654,1137,5,0
1502,5654,1138,6,0
1414,5654,1140,7,0
1499,5654,1141,8,0
1498,5654,1142,9,0
3760,5654,1143,10,0
3761,5654,1144,11,0
3771,5654,1145,12,0
3762,5654,1146,13,0
3763,5654,1147,14,0
3764,5654,1148,15,0
3765,5654,1149,16,0
4315,5654,1153,17,0
4307,5654,1154,18,0
4308,5654,1155,19,0
4304,5654,1155,20,0
4310,5654,1156,21,0
4311,5654,1156,22,0
4255,5654,1158,23,0
4256,5654,1159,24,0
4257,5654,1161,25,0
4269,5654,1162,26,0
4267,5654,1163,27,1
1167,5529,1150,1,0
1540,5529,1153,2,0
1217,5529,1155,3,0
1293,5529,1156,4,0
1310,5529,1157,5,0
1502,5529,1158,6,0
1414,5529,1160,7,0
1499,5529,1161,8,0
1498,5529,1162,9,0
3760,5529,1163,10,0
3761,5529,1164,11,0
3771,5529,1165,12,0
3762,5529,1166,13,0
3763,5529,1167,14,0
3764,5529,1168,15,0
3765,5529,1169,16,0
4315,5529,1172,17,0
4307,5529,1173,18,0
4308,5529,1174,19,0
4304,5529,1174,20,0
4310,5529,1175,21,0
4311,5529,1175,22,0
4255,5529,1177,23,0
4256,5529,1178,24,0
4257,5529,1180,25,0
4269,5529,1181,26,0
4267,5529,1182,27,1
1167,1131,625,1,0
1540,1131,628,2,0
1217,1131,630,3,0
1293,1131,631,4,0
1310,1131,632,5,0
1502,1131,633,6,0
1414,1131,635,7,0
1499,1131,636,8,0
1498,1131,637,9,0
3760,1131,638,10,0
3761,1131,639,11,0
3771,1131,640,12,0
3762,1131,641,13,0
3763,1131,642,14,0
3764,1131,643,15,0
3765,1131,644,16,0
4315,1131,647,17,0
4307,1131,648,18,0
4308,1131,649,19,0
4304,1131,649,20,0
4310,1131,649,21,0
4311,1131,650,22,0
4255,1131,652,23,0
4256,1131,653,24,0
4257,1131,654,25,0
4269,1131,655,26,0
4267,1131,656,27,1
1167,1130,1535,1,0
1540,1130,1538,2,0
1217,1130,1539,3,0
1293,1130,1540,4,0
1310,1130,1541,5,0
1502,1130,1542,6,0
1414,1130,1543,7,0
1499,1130,1543,8,0
1498,1130,1544,9,0
3760,1130,1545,10,0
3761,1130,1546,11,0
3771,1130,1547,12,0
3762,1130,1547,13,0
3763,1130,1548,14,0
3764,1130,1549,15,0
3765,1130,1550,16,0
4315,1130,1553,17,0
4307,1130,1554,18,0
4308,1130,1555,19,0
4304,1130,1555,20,0
4310,1130,1556,21,0
4311,1130,1556,22,0
4255,1130,1559,23,0
4256,1130,1560,24,0
4257,1130,1563,25,0
4269,1130,1563,26,0
4270,1130,1564,27,0
4652,1130,1568,28,0
4653,1130,1569,29,0
4403,1130,1583,30,0
4408,1130,1583,31,1
1167,5570,385,1,0
1540,5570,388,2,0
1217,5570,389,3,0
1293,5570,390,4,0
1310,5570,391,5,0
1502,5570,392,6,0
1414,5570,393,7,0
1499,5570,393,8,0
1498,5570,394,9,0
3760,5570,395,10,0
3761,5570,396,11,0
3771,5570,397,12,0
3762,5570,398,13,0
3763,5570,399,14,0
3764,5570,400,15,0
3765,5570,401,16,0
4315,5570,404,17,0
4307,5570,405,18,0
4308,5570,406,19,0
4304,5570,406,20,0
4310,5570,407,21,0
4311,5570,407,22,0
4255,5570,409,23,0
4256,5570,410,24,0
4257,5570,412,25,0
4269,5570,413,26,0
4267,5570,414,27,1
1167,1145,820,1,0
1540,1145,823,2,0
1217,1145,825,3,0
1293,1145,826,4,0
1310,1145,827,5,0
1502,1145,828,6,0
1414,1145,829,7,0
1499,1145,830,8,0
1498,1145,831,9,0
3760,1145,832,10,0
3761,1145,833,11,0
3771,1145,834,12,0
3762,1145,835,13,0
3763,1145,836,14,0
3764,1145,837,15,0
3765,1145,838,16,0
4315,1145,841,17,0
4307,1145,842,18,0
4308,1145,843,19,0
4304,1145,843,20,0
4310,1145,844,21,0
4311,1145,844,22,0
4255,1145,846,23,0
4256,1145,847,24,0
4257,1145,849,25,0
4269,1145,850,26,0
4267,1145,851,27,1
4267,1151,805,1,0
4264,1151,806,2,0
4252,1151,807,3,0
4253,1151,809,4,0
4254,1151,810,5,0
4301,1151,812,6,0
4303,1151,813,7,0
4322,1151,813,8,0
4305,1151,814,9,0
4306,1151,815,10,0
4316,1151,815,11,0
3754,1151,819,12,0
3755,1151,820,13,0
3756,1151,821,14,0
3757,1151,822,15,0
3770,1151,823,16,0
3758,1151,824,17,0
3759,1151,825,18,0
1504,1151,826,19,0
1503,1151,827,20,0
1422,1151,828,21,0
1500,1151,830,22,0
1294,1151,831,23,0
1311,1151,832,24,0
1239,1151,833,25,0
1542,1151,835,26,0
1167,1151,838,27,1
1167,1083,1025,1,0
1540,1083,1027,2,0
1217,1083,1029,3,0
1293,1083,1030,4,0
1310,1083,1031,5,0
1502,1083,1032,6,0
1414,1083,1034,7,0
1499,1083,1034,8,0
1498,1083,1035,9,0
3760,1083,1036,10,0
3761,1083,1037,11,0
3771,1083,1038,12,0
3762,1083,1039,13,0
3763,1083,1040,14,0
3764,1083,1041,15,0
3765,1083,1042,16,0
4315,1083,1045,17,0
4307,1083,1046,18,0
4308,1083,1047,19,0
4304,1083,1047,20,0
4310,1083,1048,21,0
4311,1083,1048,22,0
4255,1083,1050,23,0
4256,1083,1051,24,0
4257,1083,1053,25,0
4269,1083,1054,26,0
4267,1083,1055,27,1
1167,1046,455,1,0
1540,1046,458,2,0
1217,1046,460,3,0
1293,1046,461,4,0
1310,1046,462,5,0
1502,1046,463,6,0
1414,1046,465,7,0
1499,1046,466,8,1
1167,5464,585,1,0
1540,5464,588,2,0
1217,5464,590,3,0
1293,5464,591,4,0
1310,5464,592,5,0
1502,5464,593,6,0
1414,5464,595,7,0
1499,5464,596,8,0
1498,5464,597,9,0
3760,5464,598,10,0
3761,5464,599,11,0
3771,5464,600,12,0
3762,5464,601,13,0
3763,5464,602,14,0
3764,5464,603,15,0
3765,5464,604,16,0
4315,5464,607,17,0
4307,5464,608,18,0
4308,5464,609,19,0
4304,5464,609,20,0
4310,5464,609,21,0
4311,5464,610,22,0
4255,5464,612,23,0
4256,5464,613,24,0
4257,5464,614,25,0
4269,5464,615,26,0
4267,5464,616,27,1
4267,5474,1130,1,0
4264,5474,1131,2,0
4252,5474,1132,3,0
4253,5474,1133,4,0
4254,5474,1134,5,0
4301,5474,1136,6,0
4303,5474,1137,7,0
4322,5474,1137,8,0
4305,5474,1138,9,0
4306,5474,1138,10,0
4316,5474,1139,11,0
3754,5474,1142,12,0
3755,5474,1143,13,0
3756,5474,1144,14,0
3757,5474,1145,15,0
3770,5474,1146,16,0
3758,5474,1147,17,0
3759,5474,1148,18,0
1504,5474,1149,19,0
1503,5474,1150,20,0
1422,5474,1151,21,0
1500,5474,1153,22,0
1294,5474,1154,23,0
1311,5474,1155,24,0
1239,5474,1156,25,0
1542,5474,1158,26,0
1167,5474,1161,27,1
1167,5329,625,1,0
1540,5329,628,2,0
1217,5329,629,3,0
1293,5329,630,4,0
1310,5329,631,5,0
1502,5329,632,6,0
1414,5329,633,7,0
1499,5329,634,8,0
1498,5329,635,9,0
3760,5329,636,10,0
3761,5329,637,11,0
3771,5329,638,12,0
3762,5329,639,13,0
3763,5329,640,14,0
3764,5329,641,15,0
3765,5329,642,16,0
4315,5329,645,17,0
4307,5329,646,18,0
4308,5329,647,19,0
4304,5329,647,20,0
4310,5329,648,21,0
4311,5329,648,22,0
4255,5329,650,23,0
4256,5329,651,24,0
4257,5329,653,25,0
4269,5329,654,26,0
4267,5329,655,27,1
1167,7513,1145,1,0
1540,7513,1148,2,0
1217,7513,1150,3,0
1293,7513,1151,4,0
1310,7513,1152,5,0
1502,7513,1153,6,0
1414,7513,1155,7,0
1499,7513,1155,8,0
1498,7513,1156,9,0
3760,7513,1157,10,0
3761,7513,1158,11,0
3771,7513,1159,12,0
3762,7513,1160,13,0
3763,7513,1161,14,0
3764,7513,1162,15,0
3765,7513,1163,16,0
4315,7513,1166,17,0
4307,7513,1167,18,0
4308,7513,1168,19,0
4304,7513,1168,20,0
4310,7513,1168,21,0
4311,7513,1169,22,0
4255,7513,1171,23,0
4256,7513,1172,24,0
4257,7513,1173,25,0
4269,7513,1174,26,0
4267,7513,1175,27,1
1167,7525,1190,1,0
1540,7525,1193,2,0
1217,7525,1195,3,0
1293,7525,1196,4,0
1310,7525,1197,5,0
1502,7525,1198,6,0
1414,7525,1200,7,0
1499,7525,1200,8,0
1498,7525,1201,9,0
3760,7525,1202,10,0
3761,7525,1203,11,0
3771,7525,1204,12,0
3762,7525,1205,13,0
3763,7525,1206,14,0
3764,7525,1207,15,0
3765,7525,1208,16,0
4315,7525,1211,17,0
4307,7525,1212,18,0
4308,7525,1213,19,0
4304,7525,1213,20,0
4310,7525,1213,21,0
4311,7525,1214,22,0
4255,7525,1216,23,0
4256,7525,1217,24,0
4257,7525,1218,25,0
4269,7525,1219,26,0
4267,7525,1220,27,1
1167,5387,545,1,0
1540,5387,548,2,0
1217,5387,550,3,0
1293,5387,551,4,0
1310,5387,552,5,0
1502,5387,553,6,0
1414,5387,555,7,0
1499,5387,556,8,0
1498,5387,557,9,0
3760,5387,558,10,0
3761,5387,559,11,0
3771,5387,560,12,0
3762,5387,561,13,0
3763,5387,562,14,0
3764,5387,563,15,0
3765,5387,564,16,0
4315,5387,567,17,0
4307,5387,568,18,0
4308,5387,569,19,0
4304,5387,569,20,0
4310,5387,569,21,0
4311,5387,570,22,0
4255,5387,572,23,0
4256,5387,573,24,0
4257,5387,574,25,0
4269,5387,575,26,0
4267,5387,576,27,1
1167,5230,910,1,0
1540,5230,913,2,0
1217,5230,915,3,0
1293,5230,916,4,0
1310,5230,917,5,0
1502,5230,918,6,0
1414,5230,920,7,0
1499,5230,921,8,0
1498,5230,922,9,0
3760,5230,923,10,0
3761,5230,924,11,0
3771,5230,925,12,0
3762,5230,926,13,0
3763,5230,927,14,0
3764,5230,928,15,0
3765,5230,929,16,0
4315,5230,932,17,0
4307,5230,933,18,0
4308,5230,934,19,0
4304,5230,934,20,0
4310,5230,935,21,0
4311,5230,935,22,0
4255,5230,937,23,0
4256,5230,938,24,0
4257,5230,940,25,0
4269,5230,941,26,0
4267,5230,942,27,1
4267,7491,1170,1,0
4264,7491,1171,2,0
4252,7491,1172,3,0
4253,7491,1173,4,0
4254,7491,1174,5,0
4301,7491,1176,6,0
4303,7491,1177,7,0
4322,7491,1177,8,0
4305,7491,1178,9,0
4306,7491,1178,10,0
4316,7491,1179,11,0
3754,7491,1182,12,0
3755,7491,1183,13,0
3756,7491,1184,14,0
3757,7491,1185,15,0
3770,7491,1186,16,0
3758,7491,1187,17,0
3759,7491,1188,18,0
1504,7491,1189,19,0
1503,7491,1190,20,0
1422,7491,1191,21,0
1500,7491,1193,22,0
1294,7491,1193,23,0
1311,7491,1194,24,0
1239,7491,1195,25,0
1542,7491,1197,26,0
1167,7491,1200,27,1
1167,5219,930,1,0
1540,5219,933,2,0
1217,5219,935,3,0
1293,5219,936,4,0
1310,5219,937,5,0
1502,5219,938,6,0
1414,5219,940,7,0
1499,5219,941,8,0
1498,5219,942,9,0
3760,5219,943,10,0
3761,5219,944,11,0
3771,5219,945,12,0
3762,5219,946,13,0
3763,5219,947,14,0
3764,5219,948,15,0
3765,5219,949,16,0
4315,5219,952,17,0
4307,5219,953,18,0
4308,5219,954,19,0
4304,5219,954,20,0
4310,5219,955,21,0
4311,5219,955,22,0
4255,5219,957,23,0
4256,5219,958,24,0
4257,5219,960,25,0
4269,5219,961,26,0
4267,5219,962,27,1
1167,5243,480,1,0
1540,5243,482,2,0
1217,5243,483,3,0
1293,5243,484,4,0
1310,5243,485,5,0
1502,5243,486,6,0
1414,5243,487,7,0
1499,5243,487,8,0
1498,5243,488,9,0
3760,5243,489,10,0
3761,5243,490,11,0
3771,5243,491,12,0
3762,5243,492,13,0
3763,5243,493,14,0
3764,5243,494,15,0
3765,5243,495,16,0
4315,5243,498,17,0
4307,5243,498,18,0
4308,5243,499,19,0
4304,5243,499,20,0
4310,5243,500,21,0
4311,5243,500,22,0
4255,5243,502,23,0
4256,5243,503,24,0
4257,5243,505,25,0
4269,5243,506,26,0
4267,5243,507,27,1
4267,7375,990,1,0
4264,7375,991,2,0
4252,7375,992,3,0
4253,7375,994,4,0
4254,7375,995,5,0
4301,7375,997,6,0
4303,7375,998,7,0
4322,7375,998,8,0
4305,7375,999,9,0
4306,7375,999,10,0
4316,7375,1000,11,0
3754,7375,1003,12,0
3755,7375,1004,13,0
3756,7375,1005,14,0
3757,7375,1006,15,0
3770,7375,1007,16,0
3758,7375,1008,17,0
3759,7375,1009,18,0
1504,7375,1010,19,0
1503,7375,1011,20,0
1422,7375,1012,21,0
1500,7375,1014,22,0
1294,7375,1015,23,0
1311,7375,1016,24,0
1239,7375,1017,25,0
1542,7375,1020,26,0
1167,7375,1024,27,1
4267,5166,1205,1,0
4264,5166,1206,2,0
4252,5166,1207,3,0
4253,5166,1208,4,0
4254,5166,1209,5,0
4301,5166,1211,6,0
4303,5166,1212,7,0
4322,5166,1212,8,0
4305,5166,1213,9,0
4306,5166,1213,10,0
4316,5166,1214,11,0
3754,5166,1217,12,0
3755,5166,1218,13,0
3756,5166,1219,14,0
3757,5166,1219,15,0
3770,5166,1220,16,0
3758,5166,1221,17,0
3759,5166,1222,18,0
1504,5166,1223,19,0
1503,5166,1224,20,0
1422,5166,1224,21,0
1500,5166,1226,22,0
1294,5166,1226,23,0
1311,5166,1227,24,0
1239,5166,1228,25,0
1542,5166,1230,26,0
1167,5166,1233,27,1
1167,7221,870,1,0
1540,7221,873,2,0
1217,7221,875,3,0
1293,7221,876,4,0
1310,7221,877,5,0
1502,7221,878,6,0
1414,7221,880,7,0
1499,7221,881,8,0
1498,7221,882,9,0
3760,7221,883,10,0
3761,7221,884,11,0
3771,7221,885,12,0
3762,7221,886,13,0
3763,7221,887,14,0
3764,7221,888,15,0
3765,7221,889,16,0
4315,7221,892,17,0
4307,7221,893,18,0
4308,7221,894,19,0
4304,7221,894,20,0
4310,7221,895,21,0
4311,7221,895,22,0
4255,7221,897,23,0
4256,7221,898,24,0
4257,7221,900,25,0
4269,7221,901,26,0
4267,7221,902,27,1
1167,7266,1070,1,0
1540,7266,1073,2,0
1217,7266,1075,3,0
1293,7266,1076,4,0
1310,7266,1077,5,0
1502,7266,1079,6,0
1414,7266,1081,7,0
1499,7266,1082,8,0
1498,7266,1083,9,0
3760,7266,1084,10,0
3761,7266,1085,11,0
3771,7266,1086,12,0
3762,7266,1087,13,0
3763,7266,1089,14,0
3764,7266,1090,15,0
3765,7266,1091,16,0
4315,7266,1095,17,0
4307,7266,1096,18,0
4308,7266,1097,19,0
4304,7266,1097,20,0
4310,7266,1098,21,0
4311,7266,1098,22,0
4255,7266,1100,23,0
4256,7266,1101,24,0
4257,7266,1103,25,0
4269,7266,1104,26,0
4267,7266,1105,27,1
1167,5079,1170,1,0
1540,5079,1172,2,0
1217,5079,1174,3,0
1293,5079,1175,4,0
1310,5079,1176,5,0
1502,5079,1177,6,0
1414,5079,1179,7,0
1499,5079,1179,8,0
1498,5079,1180,9,0
3760,5079,1181,10,0
3761,5079,1182,11,0
3771,5079,1183,12,0
3762,5079,1184,13,0
3763,5079,1186,14,0
3764,5079,1187,15,0
3765,5079,1188,16,0
4315,5079,1192,17,0
4307,5079,1193,18,0
4308,5079,1194,19,0
4304,5079,1194,20,0
4310,5079,1195,21,0
4311,5079,1195,22,0
4255,5079,1197,23,0
4256,5079,1198,24,0
4257,5079,1200,25,0
4269,5079,1201,26,0
4267,5079,1202,27,1
4267,5089,830,1,0
4264,5089,831,2,0
4252,5089,832,3,0
4253,5089,834,4,0
4254,5089,835,5,0
4301,5089,837,6,0
4303,5089,838,7,0
4322,5089,838,8,0
4305,5089,839,9,0
4306,5089,840,10,0
4316,5089,840,11,0
3754,5089,844,12,0
3755,5089,845,13,0
3756,5089,846,14,0
3757,5089,847,15,0
3770,5089,848,16,0
3758,5089,849,17,0
3759,5089,850,18,0
1504,5089,851,19,0
1503,5089,852,20,0
1422,5089,853,21,0
1500,5089,855,22,0
1294,5089,856,23,0
1311,5089,857,24,0
1239,5089,858,25,0
1542,5089,860,26,0
1167,5089,863,27,1
4267,7925,1135,1,0
4264,7925,1136,2,0
4252,7925,1137,3,0
4253,7925,1138,4,0
4254,7925,1139,5,0
4301,7925,1141,6,0
4303,7925,1142,7,0
4322,7925,1142,8,0
4305,7925,1143,9,0
4306,7925,1143,10,0
4316,7925,1144,11,0
3754,7925,1147,12,0
3755,7925,1148,13,0
3756,7925,1149,14,0
3757,7925,1150,15,0
3770,7925,1151,16,0
3758,7925,1152,17,0
3759,7925,1153,18,0
1504,7925,1154,19,0
1503,7925,1155,20,0
1422,7925,1156,21,0
1500,7925,1158,22,0
1294,7925,1158,23,0
1311,7925,1159,24,0
1239,7925,1160,25,0
1542,7925,1162,26,0
1167,7925,1164,27,1
1503,7905,1041,1,0
1422,7905,1042,2,0
1500,7905,1044,3,0
1294,7905,1045,4,0
1311,7905,1046,5,0
1239,7905,1047,6,0
1542,7905,1050,7,0
1167,7905,1054,8,1
4267,7890,697,1,0
4264,7890,698,2,0
4252,7890,699,3,0
4253,7890,701,4,0
4254,7890,702,5,0
4301,7890,704,6,0
4303,7890,705,7,0
4322,7890,705,8,0
4305,7890,706,9,0
4306,7890,707,10,0
4316,7890,707,11,0
3754,7890,711,12,0
3755,7890,712,13,0
3756,7890,713,14,0
3757,7890,713,15,0
3770,7890,714,16,0
3758,7890,715,17,0
3759,7890,716,18,0
1504,7890,717,19,0
1503,7890,718,20,0
1422,7890,719,21,0
1500,7890,721,22,0
1294,7890,721,23,0
1311,7890,722,24,0
1239,7890,723,25,0
1542,7890,725,26,0
1167,7890,728,27,1
1167,7880,1120,1,0
1540,7880,1123,2,0
1217,7880,1125,3,0
1293,7880,1126,4,0
1310,7880,1127,5,0
1502,7880,1128,6,0
1414,7880,1130,7,0
1499,7880,1131,8,0
1498,7880,1132,9,0
3760,7880,1133,10,0
3761,7880,1134,11,0
3771,7880,1135,12,0
3762,7880,1136,13,0
3763,7880,1137,14,0
3764,7880,1138,15,0
3765,7880,1139,16,0
4315,7880,1142,17,0
4307,7880,1143,18,0
4308,7880,1144,19,0
4304,7880,1144,20,0
4310,7880,1144,21,0
4311,7880,1145,22,0
4255,7880,1147,23,0
4256,7880,1148,24,0
4257,7880,1149,25,0
4269,7880,1150,26,0
4267,7880,1151,27,1
4267,7873,735,1,0
4264,7873,736,2,0
4252,7873,737,3,0
4253,7873,739,4,0
4254,7873,740,5,0
4301,7873,742,6,0
4303,7873,743,7,0
4322,7873,743,8,0
4305,7873,744,9,0
4306,7873,745,10,0
4316,7873,745,11,0
3754,7873,749,12,0
3755,7873,750,13,0
3756,7873,751,14,0
3757,7873,751,15,0
3770,7873,752,16,0
3758,7873,753,17,0
3759,7873,754,18,0
1504,7873,755,19,0
1503,7873,756,20,0
1422,7873,757,21,0
1500,7873,759,22,0
1294,7873,759,23,0
1311,7873,760,24,0
1239,7873,761,25,0
1542,7873,763,26,0
1167,7873,766,27,1
1167,7808,1110,1,0
1540,7808,1113,2,0
1217,7808,1115,3,0
1293,7808,1116,4,0
1310,7808,1117,5,0
1502,7808,1118,6,0
1414,7808,1120,7,0
1499,7808,1121,8,0
1498,7808,1122,9,0
3760,7808,1123,10,0
3761,7808,1124,11,0
3771,7808,1125,12,0
3762,7808,1126,13,0
3763,7808,1127,14,0
3764,7808,1128,15,0
3765,7808,1129,16,0
4315,7808,1133,17,0
4307,7808,1134,18,0
4308,7808,1135,19,0
4304,7808,1135,20,0
4310,7808,1136,21,0
4311,7808,1136,22,0
4255,7808,1138,23,0
4256,7808,1139,24,0
4257,7808,1141,25,0
4269,7808,1142,26,0
4267,7808,1143,27,1
1167,7684,675,1,0
1540,7684,677,2,0
1217,7684,679,3,0
1293,7684,680,4,0
1310,7684,681,5,0
1502,7684,682,6,0
1414,7684,684,7,0
1499,7684,684,8,0
1498,7684,685,9,0
3760,7684,686,10,0
3761,7684,687,11,0
3771,7684,688,12,0
3762,7684,689,13,0
3763,7684,690,14,0
3764,7684,691,15,0
3765,7684,692,16,0
4315,7684,696,17,0
4307,7684,697,18,0
4308,7684,698,19,0
4304,7684,698,20,0
4310,7684,698,21,0
4311,7684,699,22,0
4255,7684,701,23,0
4256,7684,702,24,0
4257,7684,703,25,0
4269,7684,704,26,0
4267,7684,705,27,1
4267,7635,1030,1,0
4264,7635,1031,2,0
4252,7635,1032,3,0
4253,7635,1034,4,0
4254,7635,1035,5,0
4301,7635,1037,6,0
4303,7635,1038,7,0
4322,7635,1038,8,0
4305,7635,1039,9,0
4306,7635,1040,10,0
4316,7635,1040,11,0
3754,7635,1044,12,0
3755,7635,1045,13,0
3756,7635,1046,14,0
3757,7635,1047,15,0
3770,7635,1048,16,0
3758,7635,1049,17,0
3759,7635,1050,18,0
1504,7635,1051,19,0
1503,7635,1052,20,0
1422,7635,1053,21,0
1500,7635,1055,22,0
1294,7635,1055,23,0
1311,7635,1056,24,0
1239,7635,1057,25,0
1542,7635,1059,26,0
1167,7635,1062,27,1
4267,7661,375,1,0
4264,7661,376,2,0
4252,7661,377,3,0
4253,7661,379,4,0
4254,7661,380,5,0
4301,7661,382,6,0
4303,7661,383,7,0
4322,7661,383,8,0
4305,7661,384,9,0
4306,7661,385,10,0
4316,7661,385,11,0
3754,7661,389,12,0
3755,7661,390,13,0
3756,7661,391,14,0
3757,7661,392,15,0
3770,7661,393,16,0
3758,7661,394,17,0
3759,7661,396,18,0
1504,7661,397,19,0
1503,7661,398,20,0
1422,7661,399,21,0
1500,7661,401,22,0
1294,7661,401,23,0
1311,7661,402,24,0
1239,7661,403,25,0
1542,7661,405,26,0
1167,7661,407,27,1
4267,1926,405,1,0
4264,1926,406,2,0
4252,1926,407,3,0
4253,1926,409,4,0
4254,1926,410,5,0
4301,1926,413,6,0
4303,1926,413,7,0
4322,1926,414,8,0
4305,1926,415,9,0
4306,1926,416,10,0
4316,1926,416,11,0
3754,1926,420,12,0
3755,1926,421,13,0
3756,1926,422,14,0
3757,1926,423,15,0
3770,1926,424,16,0
3758,1926,425,17,0
3759,1926,427,18,0
1504,1926,428,19,0
1503,1926,429,20,0
1422,1926,430,21,0
1500,1926,432,22,0
1294,1926,432,23,0
1311,1926,433,24,0
1239,1926,434,25,0
1542,1926,436,26,0
1167,1926,438,27,1
4267,1967,980,1,0
4264,1967,981,2,0
4252,1967,982,3,0
4253,1967,984,4,0
4254,1967,985,5,0
4301,1967,987,6,0
4303,1967,988,7,0
4322,1967,988,8,0
4305,1967,989,9,0
4306,1967,990,10,0
4316,1967,990,11,0
3754,1967,994,12,0
3755,1967,995,13,0
3756,1967,996,14,0
3757,1967,997,15,0
3770,1967,998,16,0
3758,1967,999,17,0
3759,1967,1000,18,0
1504,1967,1001,19,0
1503,1967,1002,20,0
1422,1967,1003,21,0
1500,1967,1005,22,0
1294,1967,1005,23,0
1311,1967,1006,24,0
1239,1967,1007,25,0
1542,1967,1009,26,0
1167,1967,1012,27,1
1167,1962,845,1,0
1540,1962,848,2,0
1217,1962,850,3,0
1293,1962,851,4,0
1310,1962,852,5,0
1502,1962,853,6,0
1414,1962,854,7,0
1499,1962,854,8,0
1498,1962,855,9,0
3760,1962,856,10,0
3761,1962,857,11,0
3771,1962,858,12,0
3762,1962,859,13,0
3763,1962,860,14,0
3764,1962,861,15,0
3765,1962,862,16,0
4315,1962,865,17,0
4307,1962,866,18,0
4308,1962,867,19,0
4304,1962,867,20,0
4310,1962,868,21,0
4311,1962,868,22,0
4255,1962,870,23,0
4256,1962,871,24,0
4257,1962,873,25,0
4269,1962,874,26,0
4267,1962,875,27,1
4267,3289,910,1,0
4264,3289,911,2,0
4252,3289,912,3,0
4253,3289,914,4,0
4254,3289,915,5,0
4301,3289,917,6,0
4303,3289,918,7,0
4322,3289,918,8,0
4305,3289,919,9,0
4306,3289,919,10,0
4316,3289,920,11,0
3754,3289,923,12,0
3755,3289,924,13,0
3756,3289,925,14,0
3757,3289,926,15,0
3770,3289,927,16,0
3758,3289,928,17,0
3759,3289,929,18,0
1504,3289,930,19,0
1503,3289,931,20,0
1422,3289,932,21,0
1500,3289,934,22,0
1294,3289,935,23,0
1311,3289,936,24,0
1239,3289,937,25,0
1542,3289,939,26,0
1167,3289,943,27,1
1167,3341,1030,1,0
1540,3341,1033,2,0
1217,3341,1035,3,0
1293,3341,1036,4,0
1310,3341,1037,5,0
1502,3341,1039,6,0
1414,3341,1041,7,0
1499,3341,1042,8,0
1498,3341,1043,9,0
3760,3341,1044,10,0
3761,3341,1045,11,0
3771,3341,1046,12,0
3762,3341,1047,13,0
3763,3341,1049,14,0
3764,3341,1050,15,0
3765,3341,1051,16,0
4315,3341,1055,17,0
4307,3341,1056,18,0
4308,3341,1057,19,0
4304,3341,1057,20,0
4310,3341,1058,21,0
4311,3341,1058,22,0
4255,3341,1060,23,0
4256,3341,1061,24,0
4257,3341,1063,25,0
4269,3341,1064,26,0
4267,3341,1065,27,1
1167,8137,950,1,0
1540,8137,953,2,0
1217,8137,955,3,0
1293,8137,956,4,0
1310,8137,957,5,0
1502,8137,958,6,0
1414,8137,960,7,0
1499,8137,961,8,0
1498,8137,962,9,0
3760,8137,963,10,0
3761,8137,964,11,0
3771,8137,965,12,0
3762,8137,966,13,0
3763,8137,967,14,0
3764,8137,968,15,0
3765,8137,969,16,0
4315,8137,973,17,0
4307,8137,974,18,0
4308,8137,975,19,0
4304,8137,975,20,0
4310,8137,976,21,0
4311,8137,976,22,0
4255,8137,978,23,0
4256,8137,979,24,0
4257,8137,981,25,0
4269,8137,982,26,0
4267,8137,983,27,1
1167,8428,1090,1,0
1540,8428,1093,2,0
1217,8428,1095,3,0
1293,8428,1096,4,0
1310,8428,1097,5,0
1502,8428,1099,6,0
1414,8428,1101,7,0
1499,8428,1102,8,0
1498,8428,1103,9,0
3760,8428,1104,10,0
3761,8428,1105,11,0
3771,8428,1106,12,0
3762,8428,1107,13,0
3763,8428,1109,14,0
3764,8428,1110,15,0
3765,8428,1111,16,0
4315,8428,1115,17,0
4307,8428,1116,18,0
4308,8428,1117,19,0
4304,8428,1117,20,0
4310,8428,1118,21,0
4311,8428,1118,22,0
4255,8428,1120,23,0
4256,8428,1121,24,0
4257,8428,1123,25,0
4269,8428,1124,26,0
4267,8428,1125,27,1
1167,8469,830,1,0
1540,8469,833,2,0
1217,8469,835,3,0
1293,8469,836,4,0
1310,8469,837,5,0
1502,8469,838,6,0
1414,8469,840,7,0
1499,8469,841,8,0
1498,8469,842,9,0
3760,8469,843,10,0
3761,8469,844,11,0
3771,8469,845,12,0
3762,8469,846,13,0
3763,8469,847,14,0
3764,8469,848,15,0
3765,8469,849,16,0
4315,8469,852,17,0
4307,8469,853,18,0
4308,8469,854,19,0
4304,8469,854,20,0
4310,8469,855,21,0
4311,8469,855,22,0
4255,8469,857,23,0
4256,8469,858,24,0
4257,8469,860,25,0
4269,8469,861,26,0
4267,8469,862,27,1
1167,8472,790,1,0
1540,8472,793,2,0
1217,8472,795,3,0
1293,8472,796,4,0
1310,8472,797,5,0
1502,8472,798,6,0
1414,8472,800,7,0
1499,8472,801,8,0
1498,8472,802,9,0
3760,8472,803,10,0
3761,8472,804,11,0
3771,8472,805,12,0
3762,8472,806,13,0
3763,8472,807,14,0
3764,8472,808,15,0
3765,8472,809,16,0
4315,8472,812,17,0
4307,8472,813,18,0
4308,8472,814,19,0
4304,8472,814,20,0
4310,8472,815,21,0
4311,8472,815,22,0
4255,8472,817,23,0
4256,8472,818,24,0
4257,8472,820,25,0
4269,8472,821,26,0
4267,8472,822,27,1
1167,8499,445,1,0
1540,8499,447,2,0
1217,8499,448,3,0
1293,8499,449,4,0
1310,8499,450,5,0
1502,8499,451,6,0
1414,8499,452,7,0
1499,8499,452,8,0
1498,8499,453,9,0
3760,8499,454,10,0
3761,8499,455,11,0
3771,8499,456,12,0
3762,8499,457,13,0
3763,8499,458,14,0
3764,8499,459,15,0
3765,8499,460,16,0
4315,8499,463,17,0
4307,8499,463,18,0
4308,8499,464,19,0
4304,8499,464,20,0
4310,8499,465,21,0
4311,8499,465,22,0
4255,8499,467,23,0
4256,8499,468,24,0
4257,8499,470,25,0
4269,8499,471,26,0
4267,8499,472,27,1
1167,3580,890,1,0
1540,3580,893,2,0
1217,3580,895,3,0
1293,3580,896,4,0
1310,3580,897,5,0
1502,3580,898,6,0
1414,3580,900,7,0
1499,3580,901,8,0
1498,3580,902,9,0
3760,3580,903,10,0
3761,3580,904,11,0
3771,3580,905,12,0
3762,3580,906,13,0
3763,3580,907,14,0
3764,3580,908,15,0
3765,3580,909,16,0
4315,3580,912,17,0
4307,3580,913,18,0
4308,3580,914,19,0
4304,3580,914,20,0
4310,3580,915,21,0
4311,3580,915,22,0
4255,3580,917,23,0
4256,3580,918,24,0
4257,3580,920,25,0
4269,3580,921,26,0
4267,3580,922,27,1
4267,3591,930,1,0
4264,3591,931,2,0
4252,3591,932,3,0
4253,3591,934,4,0
4254,3591,935,5,0
4301,3591,937,6,0
4303,3591,938,7,0
4322,3591,938,8,0
4305,3591,939,9,0
4306,3591,940,10,0
4316,3591,940,11,0
3754,3591,944,12,0
3755,3591,945,13,0
3756,3591,946,14,0
3757,3591,947,15,0
3770,3591,948,16,0
3758,3591,949,17,0
3759,3591,950,18,0
1504,3591,951,19,0
1503,3591,952,20,0
1422,3591,953,21,0
1500,3591,955,22,0
1294,3591,955,23,0
1311,3591,956,24,0
1239,3591,957,25,0
1542,3591,959,26,0
1167,3591,962,27,1
4267,3610,890,1,0
4264,3610,891,2,0
4252,3610,892,3,0
4253,3610,894,4,0
4254,3610,895,5,0
4301,3610,897,6,0
4303,3610,898,7,0
4322,3610,898,8,0
4305,3610,899,9,0
4306,3610,899,10,0
4316,3610,900,11,0
3754,3610,903,12,0
3755,3610,904,13,0
3756,3610,905,14,0
3757,3610,906,15,0
3770,3610,907,16,0
3758,3610,908,17,0
3759,3610,909,18,0
1504,3610,910,19,0
1503,3610,911,20,0
1422,3610,912,21,0
1500,3610,914,22,0
1294,3610,915,23,0
1311,3610,916,24,0
1239,3610,917,25,0
1542,3610,919,26,0
1167,3610,923,27,1
4267,3679,830,1,0
4264,3679,831,2,0
4252,3679,832,3,0
4253,3679,834,4,0
4254,3679,835,5,0
4301,3679,837,6,0
4303,3679,838,7,0
4322,3679,838,8,0
4305,3679,839,9,0
4306,3679,839,10,0
4316,3679,840,11,0
3754,3679,843,12,0
3755,3679,844,13,0
3756,3679,845,14,0
3757,3679,846,15,0
3770,3679,847,16,0
3758,3679,848,17,0
3759,3679,849,18,0
1504,3679,850,19,0
1503,3679,851,20,0
1422,3679,852,21,0
1500,3679,854,22,0
1294,3679,855,23,0
1311,3679,856,24,0
1239,3679,857,25,0
1542,3679,859,26,0
1167,3679,862,27,1
4267,148,920,1,0
4264,148,921,2,0
4252,148,922,3,0
4253,148,923,4,0
4254,148,924,5,0
4301,148,926,6,0
4303,148,927,7,0
4322,148,927,8,0
4305,148,928,9,0
4306,148,929,10,0
4316,148,929,11,0
3754,148,933,12,0
3755,148,934,13,0
3756,148,935,14,0
3757,148,936,15,0
3770,148,937,16,0
3758,148,938,17,0
3759,148,939,18,0
1504,148,940,19,0
1503,148,941,20,0
1422,148,942,21,0
1500,148,944,22,0
1294,148,944,23,0
1311,148,945,24,0
1239,148,946,25,0
1542,148,948,26,0
1167,148,950,27,1
1167,3854,945,1,0
1540,3854,948,2,0
1217,3854,950,3,0
1293,3854,951,4,0
1310,3854,952,5,0
1502,3854,953,6,0
1414,3854,954,7,0
1499,3854,954,8,0
1498,3854,955,9,0
3760,3854,956,10,0
3761,3854,957,11,0
3771,3854,958,12,0
3762,3854,959,13,0
3763,3854,960,14,0
3764,3854,961,15,0
3765,3854,962,16,0
4315,3854,965,17,0
4307,3854,966,18,0
4308,3854,967,19,0
4304,3854,967,20,0
4310,3854,968,21,0
4311,3854,968,22,0
4255,3854,970,23,0
4256,3854,971,24,0
4257,3854,973,25,0
4269,3854,974,26,0
4267,3854,975,27,1
1167,3024,755,1,0
1540,3024,758,2,0
1217,3024,760,3,0
1293,3024,761,4,0
1310,3024,762,5,0
1502,3024,763,6,0
1414,3024,765,7,0
1499,3024,766,8,0
1498,3024,767,9,0
3760,3024,768,10,0
3761,3024,769,11,0
3771,3024,770,12,0
3762,3024,771,13,0
3763,3024,772,14,0
3764,3024,773,15,0
3765,3024,774,16,0
4315,3024,777,17,0
4307,3024,778,18,0
4308,3024,779,19,0
4304,3024,779,20,0
4310,3024,780,21,0
4311,3024,780,22,0
4255,3024,782,23,0
4256,3024,783,24,0
4257,3024,785,25,0
4269,3024,786,26,0
4267,3024,787,27,1
4267,3036,855,1,0
4264,3036,856,2,0
4252,3036,857,3,0
4253,3036,859,4,0
4254,3036,860,5,0
4301,3036,862,6,0
4303,3036,863,7,0
4322,3036,863,8,0
4305,3036,864,9,0
4306,3036,865,10,0
4316,3036,865,11,0
3754,3036,869,12,0
3755,3036,870,13,0
3756,3036,871,14,0
3757,3036,872,15,0
3770,3036,873,16,0
3758,3036,874,17,0
3759,3036,875,18,0
1504,3036,876,19,0
1503,3036,877,20,0
1422,3036,878,21,0
1500,3036,880,22,0
1294,3036,881,23,0
1311,3036,882,24,0
1239,3036,883,25,0
1542,3036,885,26,0
1167,3036,888,27,1
4267,8003,955,1,0
4264,8003,956,2,0
4252,8003,957,3,0
4253,8003,959,4,0
4254,8003,960,5,0
4301,8003,962,6,0
4303,8003,963,7,0
4322,8003,963,8,0
4305,8003,964,9,0
4306,8003,965,10,0
4316,8003,965,11,0
3754,8003,969,12,0
3755,8003,970,13,0
3756,8003,971,14,0
3757,8003,972,15,0
3770,8003,973,16,0
3758,8003,974,17,0
3759,8003,975,18,0
1504,8003,976,19,0
1503,8003,977,20,0
1422,8003,978,21,0
1500,8003,980,22,0
1294,8003,980,23,0
1311,8003,981,24,0
1239,8003,982,25,0
1542,8003,984,26,0
1167,8003,987,27,1
1167,3104,525,1,0
1540,3104,528,2,0
1217,3104,530,3,0
1293,3104,531,4,0
1310,3104,532,5,0
1502,3104,533,6,0
1414,3104,535,7,0
1499,3104,536,8,0
1498,3104,537,9,0
3760,3104,538,10,0
3761,3104,539,11,0
3771,3104,540,12,0
3762,3104,541,13,0
3763,3104,542,14,0
3764,3104,543,15,0
3765,3104,544,16,0
4315,3104,547,17,0
4307,3104,548,18,0
4308,3104,549,19,0
4304,3104,549,20,0
4310,3104,549,21,0
4311,3104,550,22,0
4255,3104,552,23,0
4256,3104,553,24,0
4257,3104,554,25,0
4269,3104,555,26,0
4267,3104,556,27,1
4267,3139,1090,1,0
4264,3139,1091,2,0
4252,3139,1092,3,0
4253,3139,1094,4,0
4254,3139,1095,5,0
4301,3139,1097,6,0
4303,3139,1098,7,0
4322,3139,1098,8,0
4305,3139,1099,9,0
4306,3139,1099,10,0
4316,3139,1100,11,0
3754,3139,1103,12,0
3755,3139,1104,13,0
3756,3139,1105,14,0
3757,3139,1106,15,0
3770,3139,1107,16,0
3758,3139,1108,17,0
3759,3139,1109,18,0
1504,3139,1110,19,0
1503,3139,1111,20,0
1422,3139,1112,21,0
1500,3139,1114,22,0
1294,3139,1115,23,0
1311,3139,1116,24,0
1239,3139,1117,25,0
1542,3139,1119,26,0
1167,3139,1122,27,1
1167,3189,515,1,0
1540,3189,517,2,0
1217,3189,518,3,0
1293,3189,519,4,0
1310,3189,520,5,0
1502,3189,521,6,0
1414,3189,522,7,0
1499,3189,522,8,0
1498,3189,523,9,0
3760,3189,524,10,0
3761,3189,525,11,0
3771,3189,526,12,0
3762,3189,527,13,0
3763,3189,528,14,0
3764,3189,529,15,0
3765,3189,530,16,0
4315,3189,533,17,0
4307,3189,533,18,0
4308,3189,534,19,0
4304,3189,534,20,0
4310,3189,535,21,0
4311,3189,535,22,0
4255,3189,537,23,0
4256,3189,538,24,0
4257,3189,540,25,0
4269,3189,541,26,0
4267,3189,542,27,1
4267,3183,1050,1,0
4264,3183,1051,2,0
4252,3183,1052,3,0
4253,3183,1054,4,0
4254,3183,1055,5,0
4301,3183,1057,6,0
4303,3183,1058,7,0
4322,3183,1058,8,0
4305,3183,1059,9,0
4306,3183,1059,10,0
4316,3183,1060,11,0
3754,3183,1063,12,0
3755,3183,1064,13,0
3756,3183,1065,14,0
3757,3183,1066,15,0
3770,3183,1067,16,0
3758,3183,1068,17,0
3759,3183,1069,18,0
1504,3183,1070,19,0
1503,3183,1071,20,0
1422,3183,1072,21,0
1500,3183,1074,22,0
1294,3183,1075,23,0
1311,3183,1076,24,0
1239,3183,1077,25,0
1542,3183,1080,26,0
1167,3183,1084,27,1
4267,2946,410,1,0
4264,2946,411,2,0
4252,2946,412,3,0
4253,2946,414,4,0
4254,2946,415,5,0
4301,2946,417,6,0
4303,2946,418,7,0
4322,2946,418,8,0
4305,2946,419,9,0
4306,2946,420,10,0
4316,2946,420,11,0
3754,2946,424,12,0
3755,2946,425,13,0
3756,2946,426,14,0
3757,2946,426,15,0
3770,2946,427,16,0
3758,2946,428,17,0
3759,2946,429,18,0
1504,2946,430,19,0
1503,2946,431,20,0
1422,2946,432,21,0
1500,2946,434,22,0
1294,2946,434,23,0
1311,2946,435,24,0
1239,2946,436,25,0
1542,2946,438,26,0
1167,2946,441,27,1
4267,6808,792,1,0
4264,6808,793,2,0
4252,6808,794,3,0
4253,6808,796,4,0
4254,6808,797,5,0
4301,6808,799,6,0
4303,6808,800,7,0
4322,6808,800,8,0
4305,6808,801,9,0
4306,6808,801,10,0
4316,6808,802,11,0
3754,6808,805,12,0
3755,6808,806,13,0
3756,6808,807,14,0
3757,6808,808,15,0
3770,6808,809,16,0
3758,6808,810,17,0
3759,6808,811,18,0
1504,6808,812,19,0
1503,6808,813,20,0
1422,6808,814,21,0
1500,6808,816,22,0
1294,6808,817,23,0
1311,6808,818,24,0
1239,6808,819,25,0
1542,6808,821,26,0
1167,6808,824,27,1
1167,8973,885,1,0
1540,8973,887,2,0
1217,8973,889,3,0
1293,8973,890,4,0
1310,8973,891,5,0
1502,8973,892,6,0
1414,8973,894,7,0
1499,8973,894,8,0
1498,8973,895,9,0
3760,8973,896,10,0
3761,8973,897,11,0
3771,8973,898,12,0
3762,8973,899,13,0
3763,8973,900,14,0
3764,8973,901,15,0
3765,8973,902,16,0
4315,8973,905,17,0
4307,8973,906,18,0
4308,8973,907,19,0
4304,8973,907,20,0
4310,8973,907,21,0
4311,8973,908,22,0
4255,8973,910,23,0
4256,8973,911,24,0
4257,8973,912,25,0
4269,8973,913,26,0
4267,8973,914,27,1
4267,2932,1005,1,0
4264,2932,1006,2,0
4252,2932,1007,3,0
4253,2932,1009,4,0
4254,2932,1010,5,0
4301,2932,1012,6,0
4303,2932,1013,7,0
4322,2932,1013,8,0
4305,2932,1014,9,0
4306,2932,1015,10,0
4316,2932,1015,11,0
3754,2932,1019,12,0
3755,2932,1020,13,0
3756,2932,1021,14,0
3757,2932,1022,15,0
3770,2932,1023,16,0
3758,2932,1024,17,0
3759,2932,1025,18,0
1504,2932,1026,19,0
1503,2932,1027,20,0
1422,2932,1028,21,0
1500,2932,1030,22,0
1294,2932,1030,23,0
1311,2932,1031,24,0
1239,2932,1032,25,0
1542,2932,1034,26,0
1167,2932,1037,27,1
4267,6847,1180,1,0
4264,6847,1181,2,0
4252,6847,1182,3,0
4253,6847,1183,4,0
4254,6847,1184,5,0
4301,6847,1186,6,0
4303,6847,1187,7,0
4322,6847,1187,8,0
4305,6847,1188,9,0
4306,6847,1188,10,0
4316,6847,1189,11,0
3754,6847,1192,12,0
3755,6847,1193,13,0
3756,6847,1194,14,0
3757,6847,1194,15,0
3770,6847,1195,16,0
3758,6847,1196,17,0
3759,6847,1197,18,0
1504,6847,1198,19,0
1503,6847,1199,20,0
1422,6847,1199,21,0
1500,6847,1201,22,0
1294,6847,1201,23,0
1311,6847,1202,24,0
1239,6847,1203,25,0
1542,6847,1205,26,0
1167,6847,1208,27,1
1167,8995,970,1,0
1540,8995,973,2,0
1217,8995,975,3,0
1293,8995,976,4,0
1310,8995,977,5,0
1502,8995,978,6,0
1414,8995,980,7,0
1499,8995,981,8,0
1498,8995,982,9,0
3760,8995,983,10,0
3761,8995,984,11,0
3771,8995,985,12,0
3762,8995,986,13,0
3763,8995,988,14,0
3764,8995,989,15,0
3765,8995,990,16,0
4315,8995,994,17,0
4307,8995,995,18,0
4308,8995,996,19,0
4304,8995,996,20,0
4310,8995,997,21,0
4311,8995,997,22,0
4255,8995,999,23,0
4256,8995,1000,24,0
4257,8995,1002,25,0
4269,8995,1003,26,0
4267,8995,1004,27,1
4267,2921,565,1,0
4264,2921,566,2,0
4252,2921,567,3,0
4253,2921,569,4,0
4254,2921,570,5,0
4301,2921,572,6,0
4303,2921,573,7,0
4322,2921,573,8,0
4305,2921,574,9,0
4306,2921,575,10,0
4316,2921,575,11,0
3754,2921,579,12,0
3755,2921,580,13,0
3756,2921,581,14,0
3757,2921,582,15,0
3770,2921,583,16,0
3758,2921,584,17,0
3759,2921,585,18,0
1504,2921,586,19,0
1503,2921,587,20,0
1422,2921,588,21,0
1500,2921,590,22,0
1294,2921,591,23,0
1311,2921,592,24,0
1239,2921,593,25,0
1542,2921,595,26,0
1167,2921,598,27,1
4267,6781,737,1,0
4264,6781,738,2,0
4252,6781,739,3,0
4253,6781,741,4,0
4254,6781,742,5,0
4301,6781,744,6,0
4303,6781,745,7,0
4322,6781,745,8,0
4305,6781,746,9,0
4306,6781,746,10,0
4316,6781,747,11,0
3754,6781,750,12,0
3755,6781,751,13,0
3756,6781,752,14,0
3757,6781,753,15,0
3770,6781,754,16,0
3758,6781,755,17,0
3759,6781,756,18,0
1504,6781,757,19,0
1503,6781,758,20,0
1422,6781,759,21,0
1500,6781,761,22,0
1294,6781,762,23,0
1311,6781,763,24,0
1239,6781,764,25,0
1542,6781,766,26,0
1167,6781,769,27,1
1167,6748,1190,1,0
1540,6748,1193,2,0
1217,6748,1194,3,0
1293,6748,1195,4,0
1310,6748,1196,5,0
1502,6748,1197,6,0
1414,6748,1199,7,0
1499,6748,1199,8,0
1498,6748,1200,9,0
3760,6748,1201,10,0
3761,6748,1202,11,0
3771,6748,1203,12,0
3762,6748,1204,13,0
3763,6748,1205,14,0
3764,6748,1206,15,0
3765,6748,1207,16,0
4315,6748,1210,17,0
4307,6748,1211,18,0
4308,6748,1212,19,0
4304,6748,1212,20,0
4310,6748,1213,21,0
4311,6748,1213,22,0
4255,6748,1215,23,0
4256,6748,1216,24,0
4257,6748,1218,25,0
4269,6748,1219,26,0
4267,6748,1220,27,1
1167,2832,920,1,0
1540,2832,923,2,0
1217,2832,925,3,0
1293,2832,926,4,0
1310,2832,927,5,0
1502,2832,928,6,0
1414,2832,929,7,0
1499,2832,929,8,0
1498,2832,930,9,0
3760,2832,931,10,0
3761,2832,932,11,0
3771,2832,933,12,0
3762,2832,934,13,0
3763,2832,935,14,0
3764,2832,936,15,0
3765,2832,937,16,0
4315,2832,940,17,0
4307,2832,941,18,0
4308,2832,942,19,0
4304,2832,942,20,0
4310,2832,943,21,0
4311,2832,943,22,0
4255,2832,945,23,0
4256,2832,946,24,0
4257,2832,948,25,0
4269,2832,949,26,0
4267,2832,950,27,1
4267,2823,990,1,0
4264,2823,991,2,0
4252,2823,992,3,0
4253,2823,993,4,0
4254,2823,994,5,0
4301,2823,996,6,0
4303,2823,997,7,0
4322,2823,997,8,0
4305,2823,998,9,0
4306,2823,999,10,0
4316,2823,999,11,0
3754,2823,1003,12,0
3755,2823,1004,13,0
3756,2823,1005,14,0
3757,2823,1006,15,0
3770,2823,1007,16,0
3758,2823,1008,17,0
3759,2823,1009,18,0
1504,2823,1010,19,0
1503,2823,1011,20,0
1422,2823,1012,21,0
1500,2823,1014,22,0
1294,2823,1014,23,0
1311,2823,1015,24,0
1239,2823,1016,25,0
1542,2823,1018,26,0
1167,2823,1020,27,1
4267,432,850,1,0
4264,432,851,2,0
4252,432,852,3,0
4253,432,854,4,0
4254,432,855,5,0
4301,432,857,6,0
4303,432,858,7,0
4322,432,858,8,0
4305,432,859,9,0
4306,432,859,10,0
4316,432,860,11,0
3754,432,863,12,0
3755,432,864,13,0
3756,432,865,14,0
3757,432,866,15,0
3770,432,867,16,0
3758,432,868,17,0
3759,432,869,18,0
1504,432,870,19,0
1503,432,871,20,0
1422,432,872,21,0
1500,432,874,22,0
1294,432,875,23,0
1311,432,876,24,0
1239,432,877,25,0
1542,432,879,26,0
1167,432,882,27,1
1167,454,990,1,0
1540,454,993,2,0
1217,454,995,3,0
1293,454,996,4,0
1310,454,997,5,0
1502,454,998,6,0
1414,454,1000,7,0
1499,454,1001,8,0
1498,454,1002,9,0
3760,454,1003,10,0
3761,454,1004,11,0
3771,454,1005,12,0
3762,454,1006,13,0
3763,454,1008,14,0
3764,454,1009,15,0
3765,454,1010,16,0
4315,454,1014,17,0
4307,454,1015,18,0
4308,454,1016,19,0
4304,454,1016,20,0
4310,454,1017,21,0
4311,454,1017,22,0
4255,454,1019,23,0
4256,454,1020,24,0
4257,454,1022,25,0
4269,454,1023,26,0
4267,454,1024,27,1
4267,6727,772,1,0
4264,6727,773,2,0
4252,6727,774,3,0
4253,6727,776,4,0
4254,6727,777,5,0
4301,6727,779,6,0
4303,6727,780,7,0
4322,6727,780,8,0
4305,6727,781,9,0
4306,6727,781,10,0
4316,6727,782,11,0
3754,6727,785,12,0
3755,6727,786,13,0
3756,6727,787,14,0
3757,6727,788,15,0
3770,6727,789,16,0
3758,6727,790,17,0
3759,6727,791,18,0
1504,6727,792,19,0
1503,6727,793,20,0
1422,6727,794,21,0
1500,6727,796,22,0
1294,6727,797,23,0
1311,6727,798,24,0
1239,6727,799,25,0
1542,6727,801,26,0
1167,6727,804,27,1
4267,2801,545,1,0
4264,2801,546,2,0
4252,2801,547,3,0
4253,2801,549,4,0
4254,2801,550,5,0
4301,2801,552,6,0
4303,2801,553,7,0
4322,2801,553,8,0
4305,2801,554,9,0
4306,2801,555,10,0
4316,2801,555,11,0
3754,2801,559,12,0
3755,2801,560,13,0
3756,2801,561,14,0
3757,2801,562,15,0
3770,2801,563,16,0
3758,2801,564,17,0
3759,2801,565,18,0
1504,2801,566,19,0
1503,2801,567,20,0
1422,2801,568,21,0
1500,2801,570,22,0
1294,2801,571,23,0
1311,2801,572,24,0
1239,2801,573,25,0
1542,2801,575,26,0
1167,2801,578,27,1
4267,2791,1110,1,0
4264,2791,1111,2,0
4252,2791,1112,3,0
4253,2791,1114,4,0
4254,2791,1115,5,0
4301,2791,1117,6,0
4303,2791,1118,7,0
4322,2791,1118,8,0
4305,2791,1119,9,0
4306,2791,1119,10,0
4316,2791,1120,11,0
3754,2791,1123,12,0
3755,2791,1124,13,0
3756,2791,1125,14,0
3757,2791,1126,15,0
3770,2791,1127,16,0
3758,2791,1128,17,0
3759,2791,1129,18,0
1504,2791,1130,19,0
1503,2791,1131,20,0
1422,2791,1132,21,0
1500,2791,1134,22,0
1294,2791,1135,23,0
1311,2791,1136,24,0
1239,2791,1137,25,0
1542,2791,1139,26,0
1167,2791,1142,27,1
1503,337,1121,1,0
1422,337,1122,2,0
1500,337,1124,3,0
1294,337,1125,4,0
1311,337,1126,5,0
1239,337,1127,6,0
1542,337,1129,7,0
1167,337,1132,8,1
4267,4932,462,1,0
4264,4932,463,2,0
4252,4932,464,3,0
4253,4932,466,4,0
4254,4932,467,5,0
4301,4932,470,6,0
4303,4932,470,7,0
4322,4932,471,8,0
4305,4932,472,9,0
4306,4932,473,10,0
4316,4932,473,11,0
3754,4932,477,12,0
3755,4932,478,13,0
3756,4932,480,14,0
3757,4932,481,15,0
3770,4932,482,16,0
3758,4932,483,17,0
3759,4932,485,18,0
1504,4932,486,19,0
1503,4932,487,20,0
1422,4932,488,21,0
1500,4932,490,22,0
1294,4932,491,23,0
1311,4932,492,24,0
1239,4932,493,25,0
1542,4932,496,26,0
1167,4932,499,27,1
4267,4913,1130,1,0
4264,4913,1131,2,0
4252,4913,1132,3,0
4253,4913,1134,4,0
4254,4913,1135,5,0
4301,4913,1137,6,0
4303,4913,1138,7,0
4322,4913,1138,8,0
4305,4913,1139,9,0
4306,4913,1140,10,0
4316,4913,1140,11,0
3754,4913,1144,12,0
3755,4913,1145,13,0
3756,4913,1146,14,0
3757,4913,1146,15,0
3770,4913,1147,16,0
3758,4913,1148,17,0
3759,4913,1149,18,0
1504,4913,1150,19,0
1503,4913,1151,20,0
1422,4913,1151,21,0
1500,4913,1153,22,0
1294,4913,1154,23,0
1311,4913,1155,24,0
1239,4913,1156,25,0
1542,4913,1158,26,0
1167,4913,1161,27,1
4267,4916,622,1,0
4264,4916,623,2,0
4252,4916,624,3,0
4253,4916,626,4,0
4254,4916,627,5,0
4301,4916,629,6,0
4303,4916,630,7,0
4322,4916,630,8,0
4305,4916,631,9,0
4306,4916,631,10,0
4316,4916,632,11,0
3754,4916,635,12,0
3755,4916,636,13,0
3756,4916,637,14,0
3757,4916,638,15,0
3770,4916,639,16,0
3758,4916,640,17,0
3759,4916,641,18,0
1504,4916,642,19,0
1503,4916,643,20,0
1422,4916,644,21,0
1500,4916,646,22,0
1294,4916,647,23,0
1311,4916,648,24,0
1239,4916,649,25,0
1542,4916,651,26,0
1167,4916,654,27,1
1167,397,995,1,0
1540,397,998,2,0
1217,397,1000,3,0
1293,397,1001,4,0
1310,397,1002,5,0
1502,397,1003,6,0
1414,397,1004,7,0
1499,397,1004,8,0
1498,397,1005,9,0
3760,397,1006,10,0
3761,397,1007,11,0
3771,397,1008,12,0
3762,397,1009,13,0
3763,397,1010,14,0
3764,397,1011,15,0
3765,397,1012,16,0
4315,397,1015,17,0
4307,397,1016,18,0
4308,397,1017,19,0
4304,397,1017,20,0
4310,397,1018,21,0
4311,397,1018,22,0
4255,397,1020,23,0
4256,397,1021,24,0
4257,397,1023,25,0
4269,397,1024,26,0
4267,397,1025,27,1
4267,6955,515,1,0
4264,6955,516,2,0
4252,6955,517,3,0
4253,6955,519,4,0
4254,6955,520,5,0
4301,6955,522,6,0
4303,6955,523,7,0
4322,6955,523,8,0
4305,6955,524,9,0
4306,6955,525,10,0
4316,6955,525,11,0
3754,6955,529,12,0
3755,6955,530,13,0
3756,6955,531,14,0
3757,6955,531,15,0
3770,6955,532,16,0
3758,6955,533,17,0
3759,6955,534,18,0
1504,6955,535,19,0
1503,6955,536,20,0
1422,6955,537,21,0
1500,6955,539,22,0
1294,6955,539,23,0
1311,6955,540,24,0
1239,6955,541,25,0
1542,6955,543,26,0
1167,6955,546,27,1
4267,4771,870,1,0
4264,4771,871,2,0
4252,4771,872,3,0
4253,4771,874,4,0
4254,4771,875,5,0
4301,4771,877,6,0
4303,4771,878,7,0
4322,4771,878,8,0
4305,4771,879,9,0
4306,4771,879,10,0
4316,4771,880,11,0
3754,4771,883,12,0
3755,4771,884,13,0
3756,4771,885,14,0
3757,4771,886,15,0
3770,4771,887,16,0
3758,4771,888,17,0
3759,4771,889,18,0
1504,4771,890,19,0
1503,4771,891,20,0
1422,4771,892,21,0
1500,4771,894,22,0
1294,4771,895,23,0
1311,4771,896,24,0
1239,4771,897,25,0
1542,4771,899,26,0
1167,4771,902,27,1
4267,4756,1027,1,0
4264,4756,1027,2,0
4252,4756,1028,3,0
4253,4756,1030,4,0
4254,4756,1031,5,0
4301,4756,1034,6,0
4302,4756,1035,7,0
4303,4756,1038,8,0
4322,4756,1038,9,0
4305,4756,1039,10,0
4306,4756,1039,11,0
4316,4756,1040,12,0
3754,4756,1043,13,0
3755,4756,1044,14,0
3756,4756,1045,15,0
3757,4756,1046,16,0
3770,4756,1047,17,0
3758,4756,1048,18,0
3759,4756,1049,19,0
1504,4756,1050,20,0
1503,4756,1051,21,0
1422,4756,1052,22,0
1500,4756,1054,23,0
1294,4756,1055,24,0
1311,4756,1056,25,0
1239,4756,1057,26,0
1542,4756,1060,27,0
1167,4756,1064,28,1
4267,4727,662,1,0
4264,4727,663,2,0
4252,4727,664,3,0
4253,4727,666,4,0
4254,4727,667,5,0
4301,4727,669,6,0
4303,4727,670,7,0
4322,4727,670,8,0
4305,4727,671,9,0
4306,4727,672,10,0
4316,4727,672,11,0
3754,4727,676,12,0
3755,4727,677,13,0
3756,4727,678,14,0
3757,4727,678,15,0
3770,4727,679,16,0
3758,4727,680,17,0
3759,4727,681,18,0
1504,4727,682,19,0
1503,4727,683,20,0
1422,4727,684,21,0
1500,4727,686,22,0
1294,4727,686,23,0
1311,4727,687,24,0
1239,4727,688,25,0
1542,4727,690,26,0
1167,4727,693,27,1
4267,930,1080,1,0
4264,930,1081,2,0
4252,930,1082,3,0
4253,930,1084,4,0
4254,930,1085,5,0
4301,930,1087,6,0
4303,930,1088,7,0
4322,930,1088,8,0
4305,930,1089,9,0
4306,930,1090,10,0
4316,930,1090,11,0
3754,930,1094,12,0
3755,930,1095,13,0
3756,930,1096,14,0
3757,930,1097,15,0
3770,930,1098,16,0
3758,930,1099,17,0
3759,930,1100,18,0
1504,930,1101,19,0
1503,930,1102,20,0
1422,930,1103,21,0
1500,930,1105,22,0
1294,930,1106,23,0
1311,930,1107,24,0
1239,930,1108,25,0
1542,930,1110,26,0
1167,930,1113,27,1
1167,8500,1255,1,0
1540,8500,1258,2,0
1217,8500,1259,3,0
1293,8500,1260,4,0
1310,8500,1261,5,0
1502,8500,1262,6,0
1414,8500,1263,7,0
1499,8500,1263,8,0
1498,8500,1264,9,0
3760,8500,1265,10,0
3761,8500,1266,11,0
3771,8500,1267,12,0
3762,8500,1268,13,0
3763,8500,1269,14,0
3764,8500,1270,15,0
3765,8500,1271,16,0
4315,8500,1274,17,0
4307,8500,1274,18,0
4308,8500,1275,19,0
4304,8500,1275,20,0
4310,8500,1275,21,0
4311,8500,1276,22,0
4255,8500,1278,23,0
4256,8500,1279,24,0
4257,8500,1280,25,0
4269,8500,1281,26,0
4267,8500,1282,27,1
4267,968,780,1,0
4264,968,781,2,0
4252,968,782,3,0
4253,968,783,4,0
4254,968,784,5,0
4301,968,786,6,0
4303,968,787,7,0
4322,968,787,8,0
4305,968,788,9,0
4306,968,788,10,0
4316,968,789,11,0
3754,968,792,12,0
3755,968,793,13,0
3756,968,794,14,0
3757,968,795,15,0
3770,968,796,16,0
3758,968,797,17,0
3759,968,798,18,0
1504,968,799,19,0
1503,968,800,20,0
1422,968,801,21,0
1500,968,803,22,0
1294,968,803,23,0
1311,968,804,24,0
1239,968,805,25,0
1542,968,807,26,0
1167,968,809,27,1
1167,965,445,1,0
1540,965,448,2,0
1217,965,450,3,0
1293,965,451,4,0
1310,965,452,5,0
1502,965,453,6,0
1414,965,455,7,0
1499,965,456,8,0
1498,965,457,9,0
3760,965,458,10,0
3761,965,459,11,0
3771,965,460,12,0
3762,965,461,13,0
3763,965,462,14,0
3764,965,463,15,0
3765,965,464,16,0
4315,965,468,17,0
4307,965,469,18,0
4308,965,470,19,0
4304,965,470,20,0
4310,965,471,21,0
4311,965,471,22,0
4255,965,473,23,0
4256,965,474,24,0
4257,965,476,25,0
4269,965,477,26,0
4267,965,478,27,1
1167,4210,660,1,0
1540,4210,663,2,0
1217,4210,665,3,0
1293,4210,666,4,0
1310,4210,667,5,0
1502,4210,668,6,0
1414,4210,670,7,0
1499,4210,671,8,0
1498,4210,672,9,0
3760,4210,673,10,0
3761,4210,674,11,0
3771,4210,675,12,0
3762,4210,676,13,0
3763,4210,677,14,0
3764,4210,678,15,0
3765,4210,679,16,0
4315,4210,682,17,0
4307,4210,683,18,0
4308,4210,684,19,0
4304,4210,684,20,0
4310,4210,684,21,0
4311,4210,685,22,0
4255,4210,687,23,0
4256,4210,688,24,0
4257,4210,689,25,0
4269,4210,690,26,0
4267,4210,691,27,1
4267,2459,420,1,0
4264,2459,421,2,0
4252,2459,422,3,0
4253,2459,424,4,0
4254,2459,425,5,0
4301,2459,428,6,0
4303,2459,428,7,0
4322,2459,429,8,0
4305,2459,430,9,0
4306,2459,431,10,0
4316,2459,431,11,0
3754,2459,435,12,0
3755,2459,436,13,0
3756,2459,437,14,0
3757,2459,438,15,0
3770,2459,439,16,0
3758,2459,440,17,0
3759,2459,442,18,0
1504,2459,443,19,0
1503,2459,444,20,0
1422,2459,445,21,0
1500,2459,447,22,0
1294,2459,448,23,0
1311,2459,449,24,0
1239,2459,450,25,0
1542,2459,453,26,0
1167,2459,456,27,1
4267,8552,1105,1,0
4264,8552,1106,2,0
4252,8552,1107,3,0
4253,8552,1109,4,0
4254,8552,1110,5,0
4301,8552,1112,6,0
4303,8552,1113,7,0
4322,8552,1113,8,0
4305,8552,1114,9,0
4306,8552,1115,10,0
4316,8552,1115,11,0
3754,8552,1119,12,0
3755,8552,1120,13,0
3756,8552,1121,14,0
3757,8552,1121,15,0
3770,8552,1122,16,0
3758,8552,1123,17,0
3759,8552,1124,18,0
1504,8552,1125,19,0
1503,8552,1126,20,0
1422,8552,1127,21,0
1500,8552,1129,22,0
1294,8552,1130,23,0
1311,8552,1131,24,0
1239,8552,1132,25,0
1542,8552,1134,26,0
1167,8552,1137,27,1
1167,8594,970,1,0
1540,8594,973,2,0
1217,8594,975,3,0
1293,8594,976,4,0
1310,8594,977,5,0
1502,8594,978,6,0
1414,8594,979,7,0
1499,8594,979,8,0
1498,8594,980,9,0
3760,8594,981,10,0
3761,8594,982,11,0
3771,8594,983,12,0
3762,8594,984,13,0
3763,8594,985,14,0
3764,8594,986,15,0
3765,8594,987,16,0
4315,8594,990,17,0
4307,8594,991,18,0
4308,8594,992,19,0
4304,8594,992,20,0
4310,8594,993,21,0
4311,8594,993,22,0
4255,8594,995,23,0
4256,8594,996,24,0
4257,8594,998,25,0
4269,8594,999,26,0
4267,8594,1000,27,1
4267,811,812,1,0
4264,811,813,2,0
4252,811,814,3,0
4253,811,816,4,0
4254,811,817,5,0
4301,811,819,6,0
4303,811,820,7,0
4322,811,820,8,0
4305,811,821,9,0
4306,811,821,10,0
4316,811,822,11,0
3754,811,825,12,0
3755,811,826,13,0
3756,811,827,14,0
3757,811,828,15,0
3770,811,829,16,0
3758,811,830,17,0
3759,811,831,18,0
1504,811,832,19,0
1503,811,833,20,0
1422,811,834,21,0
1500,811,836,22,0
1294,811,837,23,0
1311,811,838,24,0
1239,811,839,25,0
1542,811,841,26,0
1167,811,844,27,1
1167,833,1220,1,0
1540,833,1223,2,0
1217,833,1224,3,0
1293,833,1225,4,0
1310,833,1226,5,0
1502,833,1227,6,0
1414,833,1229,7,0
1499,833,1229,8,0
1498,833,1230,9,0
3760,833,1231,10,0
3761,833,1232,11,0
3771,833,1233,12,0
3762,833,1234,13,0
3763,833,1235,14,0
3764,833,1236,15,0
3765,833,1237,16,0
4315,833,1240,17,0
4307,833,1241,18,0
4308,833,1242,19,0
4304,833,1242,20,0
4310,833,1243,21,0
4311,833,1243,22,0
4255,833,1245,23,0
4256,833,1246,24,0
4257,833,1248,25,0
4269,833,1249,26,0
4267,833,1250,27,1
4267,2338,930,1,0
4264,2338,931,2,0
4252,2338,932,3,0
4253,2338,934,4,0
4254,2338,935,5,0
4301,2338,937,6,0
4303,2338,938,7,0
4322,2338,938,8,0
4305,2338,939,9,0
4306,2338,939,10,0
4316,2338,940,11,0
3754,2338,943,12,0
3755,2338,944,13,0
3756,2338,945,14,0
3757,2338,946,15,0
3770,2338,947,16,0
3758,2338,948,17,0
3759,2338,949,18,0
1504,2338,950,19,0
1503,2338,951,20,0
1422,2338,952,21,0
1500,2338,954,22,0
1294,2338,955,23,0
1311,2338,956,24,0
1239,2338,957,25,0
1542,2338,959,26,0
1167,2338,963,27,1
1167,4162,700,1,0
1540,4162,703,2,0
1217,4162,705,3,0
1293,4162,706,4,0
1310,4162,707,5,0
1502,4162,708,6,0
1414,4162,710,7,0
1499,4162,711,8,0
1498,4162,712,9,0
3760,4162,713,10,0
3761,4162,714,11,0
3771,4162,715,12,0
3762,4162,716,13,0
3763,4162,717,14,0
3764,4162,718,15,0
3765,4162,719,16,0
4315,4162,722,17,0
4307,4162,723,18,0
4308,4162,724,19,0
4304,4162,724,20,0
4310,4162,724,21,0
4311,4162,725,22,0
4255,4162,727,23,0
4256,4162,728,24,0
4257,4162,729,25,0
4269,4162,730,26,0
4267,4162,731,27,1
4267,8685,445,1,0
4264,8685,446,2,0
4252,8685,447,3,0
4253,8685,449,4,0
4254,8685,450,5,0
4301,8685,452,6,0
4303,8685,453,7,0
4322,8685,453,8,0
4305,8685,454,9,0
4306,8685,455,10,0
4316,8685,455,11,0
3754,8685,459,12,0
3755,8685,460,13,0
3756,8685,461,14,0
3757,8685,461,15,0
3770,8685,462,16,0
3758,8685,463,17,0
3759,8685,464,18,0
1504,8685,465,19,0
1503,8685,466,20,0
1422,8685,467,21,0
1500,8685,469,22,0
1294,8685,469,23,0
1311,8685,470,24,0
1239,8685,471,25,0
1542,8685,473,26,0
1167,8685,476,27,1
4267,8659,880,1,0
4264,8659,881,2,0
4252,8659,882,3,0
4253,8659,884,4,0
4254,8659,885,5,0
4301,8659,887,6,0
4303,8659,888,7,0
4322,8659,888,8,0
4305,8659,889,9,0
4306,8659,890,10,0
4316,8659,890,11,0
3754,8659,894,12,0
3755,8659,895,13,0
3756,8659,896,14,0
3757,8659,897,15,0
3770,8659,898,16,0
3758,8659,899,17,0
3759,8659,900,18,0
1504,8659,901,19,0
1503,8659,902,20,0
1422,8659,903,21,0
1500,8659,905,22,0
1294,8659,906,23,0
1311,8659,907,24,0
1239,8659,908,25,0
1542,8659,910,26,0
1167,8659,913,27,1
4267,8658,1255,1,0
4264,8658,1256,2,0
4252,8658,1257,3,0
4253,8658,1258,4,0
4254,8658,1259,5,0
4301,8658,1261,6,0
4303,8658,1262,7,0
4322,8658,1262,8,0
4305,8658,1263,9,0
4306,8658,1263,10,0
4316,8658,1264,11,0
3754,8658,1267,12,0
3755,8658,1268,13,0
3756,8658,1269,14,0
3757,8658,1269,15,0
3770,8658,1270,16,0
3758,8658,1271,17,0
3759,8658,1272,18,0
1504,8658,1273,19,0
1503,8658,1274,20,0
1422,8658,1275,21,0
1500,8658,1277,22,0
1294,8658,1277,23,0
1311,8658,1278,24,0
1239,8658,1279,25,0
1542,8658,1281,26,0
1167,8658,1284,27,1
4267,8691,1155,1,0
4264,8691,1156,2,0
4252,8691,1157,3,0
4253,8691,1159,4,0
4254,8691,1160,5,0
4301,8691,1162,6,0
4303,8691,1163,7,0
4322,8691,1163,8,0
4305,8691,1164,9,0
4306,8691,1165,10,0
4316,8691,1165,11,0
3754,8691,1169,12,0
3755,8691,1170,13,0
3756,8691,1171,14,0
3757,8691,1171,15,0
3770,8691,1172,16,0
3758,8691,1173,17,0
3759,8691,1174,18,0
1504,8691,1175,19,0
1503,8691,1176,20,0
1422,8691,1176,21,0
1500,8691,1178,22,0
1294,8691,1178,23,0
1311,8691,1179,24,0
1239,8691,1180,25,0
1542,8691,1182,26,0
1167,8691,1185,27,1
4267,749,445,1,0
4264,749,446,2,0
4252,749,447,3,0
4253,749,449,4,0
4254,749,450,5,0
4301,749,453,6,0
4303,749,453,7,0
4322,749,454,8,0
4305,749,455,9,0
4306,749,456,10,0
4316,749,456,11,0
3754,749,460,12,0
3755,749,461,13,0
3756,749,462,14,0
3757,749,463,15,0
3770,749,464,16,0
3758,749,465,17,0
3759,749,467,18,0
1504,749,468,19,0
1503,749,469,20,0
1422,749,470,21,0
1500,749,472,22,0
1294,749,473,23,0
1311,749,474,24,0
1239,749,475,25,0
1542,749,478,26,0
1167,749,481,27,1
1167,726,1220,1,0
1540,726,1223,2,0
1217,726,1224,3,0
1293,726,1225,4,0
1310,726,1226,5,0
1502,726,1227,6,0
1414,726,1228,7,0
1499,726,1228,8,0
1498,726,1229,9,0
3760,726,1230,10,0
3761,726,1231,11,0
3771,726,1232,12,0
3762,726,1233,13,0
3763,726,1234,14,0
3764,726,1235,15,0
3765,726,1236,16,0
4315,726,1239,17,0
4307,726,1240,18,0
4308,726,1241,19,0
4304,726,1241,20,0
4310,726,1241,21,0
4311,726,1242,22,0
4255,726,1244,23,0
4256,726,1245,24,0
4257,726,1246,25,0
4269,726,1247,26,0
4267,726,1248,27,1
1167,2772,810,1,0
1540,2772,813,2,0
1217,2772,815,3,0
1293,2772,816,4,0
1310,2772,817,5,0
1502,2772,818,6,0
1414,2772,820,7,0
1499,2772,821,8,0
1498,2772,822,9,0
3760,2772,823,10,0
3761,2772,824,11,0
3771,2772,825,12,0
3762,2772,826,13,0
3763,2772,827,14,0
3764,2772,828,15,0
3765,2772,829,16,0
4315,2772,832,17,0
4307,2772,833,18,0
4308,2772,834,19,0
4304,2772,834,20,0
4310,2772,835,21,0
4311,2772,835,22,0
4255,2772,837,23,0
4256,2772,838,24,0
4257,2772,840,25,0
4269,2772,841,26,0
4267,2772,842,27,1
1167,775,1070,1,0
1540,775,1073,2,0
1217,775,1075,3,0
1293,775,1076,4,0
1310,775,1077,5,0
1502,775,1078,6,0
1414,775,1080,7,0
1499,775,1081,8,0
1498,775,1082,9,0
3760,775,1083,10,0
3761,775,1084,11,0
3771,775,1085,12,0
3762,775,1086,13,0
3763,775,1087,14,0
3764,775,1088,15,0
3765,775,1089,16,0
4315,775,1092,17,0
4307,775,1093,18,0
4308,775,1094,19,0
4304,775,1094,20,0
4310,775,1094,21,0
4311,775,1095,22,0
4255,775,1097,23,0
4256,775,1098,24,0
4257,775,1099,25,0
4269,775,1100,26,0
4267,775,1101,27,1
1167,2739,585,1,0
1540,2739,588,2,0
1217,2739,589,3,0
1293,2739,590,4,0
1310,2739,591,5,0
1502,2739,592,6,0
1414,2739,593,7,0
1499,2739,593,8,0
1498,2739,594,9,0
3760,2739,595,10,0
3761,2739,596,11,0
3771,2739,597,12,0
3762,2739,598,13,0
3763,2739,599,14,0
3764,2739,600,15,0
3765,2739,601,16,0
4315,2739,604,17,0
4307,2739,605,18,0
4308,2739,606,19,0
4304,2739,606,20,0
4310,2739,607,21,0
4311,2739,607,22,0
4255,2739,609,23,0
4256,2739,610,24,0
4257,2739,612,25,0
4269,2739,613,26,0
4267,2739,614,27,1
4267,8774,1060,1,0
4264,8774,1061,2,0
4252,8774,1062,3,0
4253,8774,1063,4,0
4254,8774,1064,5,0
4301,8774,1066,6,0
4303,8774,1067,7,0
4322,8774,1067,8,0
4305,8774,1068,9,0
4306,8774,1069,10,0
4316,8774,1069,11,0
3754,8774,1073,12,0
3755,8774,1074,13,0
3756,8774,1075,14,0
3757,8774,1076,15,0
3770,8774,1077,16,0
3758,8774,1078,17,0
3759,8774,1079,18,0
1504,8774,1080,19,0
1503,8774,1081,20,0
1422,8774,1082,21,0
1500,8774,1084,22,0
1294,8774,1084,23,0
1311,8774,1085,24,0
1239,8774,1086,25,0
1542,8774,1088,26,0
1167,8774,1090,27,1
4267,8887,775,1,0
4264,8887,776,2,0
4252,8887,777,3,0
4253,8887,779,4,0
4254,8887,780,5,0
4301,8887,782,6,0
4303,8887,783,7,0
4322,8887,783,8,0
4305,8887,784,9,0
4306,8887,785,10,0
4316,8887,785,11,0
3754,8887,789,12,0
3755,8887,790,13,0
3756,8887,791,14,0
3757,8887,791,15,0
3770,8887,792,16,0
3758,8887,793,17,0
3759,8887,794,18,0
1504,8887,795,19,0
1503,8887,796,20,0
1422,8887,797,21,0
1500,8887,799,22,0
1294,8887,799,23,0
1311,8887,800,24,0
1239,8887,801,25,0
1542,8887,803,26,0
1167,8887,806,27,1
1167,8811,815,1,0
1540,8811,817,2,0
1217,8811,819,3,0
1293,8811,820,4,0
1310,8811,821,5,0
1502,8811,822,6,0
1414,8811,823,7,0
1499,8811,823,8,0
1498,8811,824,9,0
3760,8811,825,10,0
3761,8811,826,11,0
3771,8811,827,12,0
3762,8811,828,13,0
3763,8811,829,14,0
3764,8811,830,15,0
3765,8811,831,16,0
4315,8811,834,17,0
4307,8811,835,18,0
4308,8811,836,19,0
4304,8811,836,20,0
4310,8811,836,21,0
4311,8811,837,22,0
4255,8811,839,23,0
4256,8811,840,24,0
4257,8811,841,25,0
4269,8811,842,26,0
4267,8811,843,27,1
1167,651,870,1,0
1540,651,873,2,0
1217,651,875,3,0
1293,651,876,4,0
1310,651,877,5,0
1502,651,878,6,0
1414,651,879,7,0
1499,651,879,8,0
1498,651,880,9,0
3760,651,881,10,0
3761,651,882,11,0
3771,651,883,12,0
3762,651,884,13,0
3763,651,885,14,0
3764,651,886,15,0
3765,651,887,16,0
4315,651,890,17,0
4307,651,891,18,0
4308,651,892,19,0
4304,651,892,20,0
4310,651,893,21,0
4311,651,893,22,0
4255,651,895,23,0
4256,651,896,24,0
4257,651,898,25,0
4269,651,899,26,0
4267,651,900,27,1
4267,2575,1205,1,0
4264,2575,1206,2,0
4252,2575,1207,3,0
4253,2575,1208,4,0
4254,2575,1209,5,0
4301,2575,1211,6,0
4303,2575,1212,7,0
4322,2575,1212,8,0
4305,2575,1213,9,0
4306,2575,1213,10,0
4316,2575,1214,11,0
3754,2575,1217,12,0
3755,2575,1218,13,0
3756,2575,1219,14,0
3757,2575,1219,15,0
3770,2575,1220,16,0
3758,2575,1221,17,0
3759,2575,1222,18,0
1504,2575,1223,19,0
1503,2575,1224,20,0
1422,2575,1225,21,0
1500,2575,1227,22,0
1294,2575,1227,23,0
1311,2575,1228,24,0
1239,2575,1229,25,0
1542,2575,1231,26,0
1167,2575,1234,27,1
4267,4318,1070,1,0
4264,4318,1071,2,0
4252,4318,1072,3,0
4253,4318,1074,4,0
4254,4318,1075,5,0
4301,4318,1077,6,0
4303,4318,1078,7,0
4322,4318,1078,8,0
4305,4318,1079,9,0
4306,4318,1079,10,0
4316,4318,1080,11,0
3754,4318,1083,12,0
3755,4318,1084,13,0
3756,4318,1085,14,0
3757,4318,1086,15,0
3770,4318,1087,16,0
3758,4318,1088,17,0
3759,4318,1089,18,0
1504,4318,1090,19,0
1503,4318,1091,20,0
1422,4318,1092,21,0
1500,4318,1094,22,0
1294,4318,1095,23,0
1311,4318,1096,24,0
1239,4318,1097,25,0
1542,4318,1099,26,0
1167,4318,1103,27,1
1167,4321,1050,1,0
1540,4321,1053,2,0
1217,4321,1055,3,0
1293,4321,1056,4,0
1310,4321,1057,5,0
1502,4321,1059,6,0
1414,4321,1061,7,0
1499,4321,1062,8,0
1498,4321,1063,9,0
3760,4321,1064,10,0
3761,4321,1065,11,0
3771,4321,1066,12,0
3762,4321,1067,13,0
3763,4321,1069,14,0
3764,4321,1070,15,0
3765,4321,1071,16,0
4315,4321,1075,17,0
4307,4321,1076,18,0
4308,4321,1077,19,0
4304,4321,1077,20,0
4310,4321,1078,21,0
4311,4321,1078,22,0
4255,4321,1080,23,0
4256,4321,1081,24,0
4257,4321,1083,25,0
4269,4321,1084,26,0
4267,4321,1085,27,1
4267,6079,1225,1,0
4264,6079,1226,2,0
4252,6079,1227,3,0
4253,6079,1228,4,0
4254,6079,1229,5,0
4301,6079,1231,6,0
4303,6079,1232,7,0
4322,6079,1232,8,0
4305,6079,1233,9,0
4306,6079,1233,10,0
4316,6079,1234,11,0
3754,6079,1237,12,0
3755,6079,1238,13,0
3756,6079,1239,14,0
3757,6079,1239,15,0
3770,6079,1240,16,0
3758,6079,1241,17,0
3759,6079,1242,18,0
1504,6079,1243,19,0
1503,6079,1244,20,0
1422,6079,1245,21,0
1500,6079,1247,22,0
1294,6079,1247,23,0
1311,6079,1248,24,0
1239,6079,1249,25,0
1542,6079,1251,26,0
1167,6079,1254,27,1
1167,6022,1255,1,0
1540,6022,1258,2,0
1217,6022,1259,3,0
1293,6022,1260,4,0
1310,6022,1261,5,0
1502,6022,1262,6,0
1414,6022,1263,7,0
1499,6022,1263,8,0
1498,6022,1264,9,0
3760,6022,1265,10,0
3761,6022,1266,11,0
3771,6022,1267,12,0
3762,6022,1268,13,0
3763,6022,1269,14,0
3764,6022,1270,15,0
3765,6022,1271,16,0
4315,6022,1274,17,0
4307,6022,1275,18,0
4308,6022,1276,19,0
4304,6022,1276,20,0
4310,6022,1277,21,0
4311,6022,1277,22,0
4255,6022,1279,23,0
4256,6022,1280,24,0
4257,6022,1282,25,0
4269,6022,1283,26,0
4267,6022,1284,27,1
4267,4001,1010,1,0
4264,4001,1011,2,0
4252,4001,1012,3,0
4253,4001,1014,4,0
4254,4001,1015,5,0
4301,4001,1017,6,0
4303,4001,1018,7,0
4322,4001,1018,8,0
4305,4001,1019,9,0
4306,4001,1019,10,0
4316,4001,1020,11,0
3754,4001,1023,12,0
3755,4001,1024,13,0
3756,4001,1025,14,0
3757,4001,1026,15,0
3770,4001,1027,16,0
3758,4001,1028,17,0
3759,4001,1029,18,0
1504,4001,1030,19,0
1503,4001,1031,20,0
1422,4001,1032,21,0
1500,4001,1034,22,0
1294,4001,1035,23,0
1311,4001,1036,24,0
1239,4001,1037,25,0
1542,4001,1040,26,0
1167,4001,1044,27,1
4267,6256,585,1,0
4264,6256,586,2,0
4252,6256,587,3,0
4253,6256,589,4,0
4254,6256,590,5,0
4301,6256,592,6,0
4303,6256,593,7,0
4322,6256,593,8,0
4305,6256,594,9,0
4306,6256,594,10,0
4316,6256,595,11,0
3754,6256,598,12,0
3755,6256,599,13,0
3756,6256,600,14,0
3757,6256,601,15,0
3770,6256,602,16,0
3758,6256,603,17,0
3759,6256,604,18,0
1504,6256,605,19,0
1503,6256,606,20,0
1422,6256,607,21,0
1500,6256,609,22,0
1294,6256,610,23,0
1311,6256,611,24,0
1239,6256,612,25,0
1542,6256,614,26,0
1167,6256,617,27,1
4267,4052,1055,1,0
4264,4052,1056,2,0
4252,4052,1057,3,0
4253,4052,1059,4,0
4254,4052,1060,5,0
4301,4052,1062,6,0
4303,4052,1063,7,0
4322,4052,1063,8,0
4305,4052,1064,9,0
4306,4052,1065,10,0
4316,4052,1065,11,0
3754,4052,1069,12,0
3755,4052,1070,13,0
3756,4052,1071,14,0
3757,4052,1072,15,0
3770,4052,1073,16,0
3758,4052,1074,17,0
3759,4052,1075,18,0
1504,4052,1076,19,0
1503,4052,1077,20,0
1422,4052,1078,21,0
1500,4052,1080,22,0
1294,4052,1080,23,0
1311,4052,1081,24,0
1239,4052,1082,25,0
1542,4052,1084,26,0
1167,4052,1087,27,1
1167,6199,850,1,0
1540,6199,853,2,0
1217,6199,855,3,0
1293,6199,856,4,0
1310,6199,857,5,0
1502,6199,858,6,0
1414,6199,860,7,0
1499,6199,861,8,0
1498,6199,862,9,0
3760,6199,863,10,0
3761,6199,864,11,0
3771,6199,865,12,0
3762,6199,866,13,0
3763,6199,867,14,0
3764,6199,868,15,0
3765,6199,869,16,0
4315,6199,872,17,0
4307,6199,873,18,0
4308,6199,874,19,0
4304,6199,874,20,0
4310,6199,875,21,0
4311,6199,875,22,0
4255,6199,877,23,0
4256,6199,878,24,0
4257,6199,880,25,0
4269,6199,881,26,0
4267,6199,882,27,1
1167,6164,425,1,0
1540,6164,428,2,0
1217,6164,429,3,0
1293,6164,430,4,0
1310,6164,431,5,0
1502,6164,432,6,0
1414,6164,433,7,0
1499,6164,433,8,0
1498,6164,434,9,0
3760,6164,435,10,0
3761,6164,436,11,0
3771,6164,437,12,0
3762,6164,438,13,0
3763,6164,439,14,0
3764,6164,440,15,0
3765,6164,441,16,0
4315,6164,445,17,0
4307,6164,446,18,0
4308,6164,447,19,0
4304,6164,447,20,0
4310,6164,448,21,0
4311,6164,448,22,0
4255,6164,450,23,0
4256,6164,451,24,0
4257,6164,453,25,0
4269,6164,454,26,0
4267,6164,455,27,1
1167,6128,505,1,0
1540,6128,508,2,0
1217,6128,510,3,0
1293,6128,511,4,0
1310,6128,512,5,0
1502,6128,513,6,0
1414,6128,515,7,0
1499,6128,516,8,0
1498,6128,517,9,0
3760,6128,518,10,0
3761,6128,519,11,0
3771,6128,520,12,0
3762,6128,521,13,0
3763,6128,522,14,0
3764,6128,523,15,0
3765,6128,524,16,0
4315,6128,527,17,0
4307,6128,528,18,0
4308,6128,529,19,0
4304,6128,529,20,0
4310,6128,530,21,0
4302,6128,532,22,0
4311,6128,534,23,0
4255,6128,536,24,0
4256,6128,537,25,0
4257,6128,539,26,0
4269,6128,540,27,0
4267,6128,540,28,1
1167,6383,1095,1,0
1540,6383,1097,2,0
1217,6383,1099,3,0
1293,6383,1100,4,0
1310,6383,1101,5,0
1502,6383,1102,6,0
1414,6383,1104,7,0
1499,6383,1104,8,0
1498,6383,1105,9,0
3760,6383,1106,10,0
3761,6383,1107,11,0
3771,6383,1108,12,0
3762,6383,1109,13,0
3763,6383,1111,14,0
3764,6383,1112,15,0
3765,6383,1113,16,0
4315,6383,1117,17,0
4307,6383,1118,18,0
4308,6383,1119,19,0
4304,6383,1119,20,0
4310,6383,1120,21,0
4311,6383,1120,22,0
4255,6383,1122,23,0
4256,6383,1123,24,0
4257,6383,1125,25,0
4269,6383,1126,26,0
4267,6383,1127,27,1
4267,6311,967,1,0
4264,6311,968,2,0
4252,6311,969,3,0
4253,6311,971,4,0
4254,6311,972,5,0
4301,6311,974,6,0
4303,6311,975,7,0
4322,6311,975,8,0
4305,6311,976,9,0
4306,6311,976,10,0
4316,6311,977,11,0
3754,6311,980,12,0
3755,6311,981,13,0
3756,6311,982,14,0
3757,6311,983,15,0
3770,6311,984,16,0
3758,6311,985,17,0
3759,6311,986,18,0
1504,6311,987,19,0
1503,6311,988,20,0
1422,6311,989,21,0
1500,6311,991,22,0
1294,6311,992,23,0
1311,6311,993,24,0
1239,6311,994,25,0
1542,6311,996,26,0
1167,6311,1000,27,1
4267,6668,1205,1,0
4264,6668,1206,2,0
4252,6668,1207,3,0
4253,6668,1208,4,0
4254,6668,1209,5,0
4301,6668,1211,6,0
4303,6668,1212,7,0
4322,6668,1212,8,0
4305,6668,1213,9,0
4306,6668,1213,10,0
4316,6668,1214,11,0
3754,6668,1217,12,0
3755,6668,1218,13,0
3756,6668,1219,14,0
3757,6668,1220,15,0
3770,6668,1221,16,0
3758,6668,1222,17,0
3759,6668,1223,18,0
1504,6668,1224,19,0
1503,6668,1225,20,0
1422,6668,1226,21,0
1500,6668,1228,22,0
1294,6668,1228,23,0
1311,6668,1229,24,0
1239,6668,1230,25,0
1542,6668,1232,26,0
1167,6668,1234,27,1
1167,6644,1170,1,0
1540,6644,1173,2,0
1217,6644,1175,3,0
1293,6644,1176,4,0
1310,6644,1177,5,0
1502,6644,1178,6,0
1414,6644,1180,7,0
1499,6644,1181,8,0
1498,6644,1182,9,0
3760,6644,1183,10,0
3761,6644,1184,11,0
3771,6644,1185,12,0
3762,6644,1186,13,0
3763,6644,1187,14,0
3764,6644,1188,15,0
3765,6644,1189,16,0
4315,6644,1192,17,0
4307,6644,1193,18,0
4308,6644,1194,19,0
4304,6644,1194,20,0
4310,6644,1195,21,0
4311,6644,1195,22,0
4255,6644,1197,23,0
4256,6644,1198,24,0
4257,6644,1200,25,0
4269,6644,1201,26,0
4267,6644,1202,27,1
4267,6506,502,1,0
4264,6506,503,2,0
4252,6506,504,3,0
4253,6506,506,4,0
4254,6506,507,5,0
4301,6506,510,6,0
4303,6506,510,7,0
4322,6506,511,8,0
4305,6506,512,9,0
4306,6506,513,10,0
4316,6506,513,11,0
3754,6506,517,12,0
3755,6506,518,13,0
3756,6506,520,14,0
3757,6506,521,15,0
3770,6506,522,16,0
3758,6506,523,17,0
3759,6506,525,18,0
1504,6506,526,19,0
1503,6506,527,20,0
1422,6506,528,21,0
1500,6506,530,22,0
1294,6506,531,23,0
1311,6506,532,24,0
1239,6506,533,25,0
1542,6506,535,26,0
1167,6506,538,27,1
