arret_id,trajet_id,heure_depart,stop_sequence,terminus
1501,2,1070,1,0
1017,2,1071,2,0
1018,2,1073,3,0
1019,2,1075,4,0
1264,2,1076,5,0
1265,2,1077,6,0
1020,2,1078,7,0
2208,2,1080,8,0
2207,2,1082,9,0
2211,2,1086,10,0
2241,2,1088,11,0
2245,2,1088,12,0
2233,2,1091,13,0
2243,2,1092,14,0
2242,2,1093,15,0
2244,2,1095,16,0
2315,2,1097,17,0
2316,2,1098,18,0
2317,2,1099,19,0
2309,2,1100,20,0
2320,2,1102,21,0
2321,2,1104,22,0
2305,2,1105,23,0
2323,2,1108,24,0
2324,2,1109,25,0
2374,2,1111,26,0
2331,2,1112,27,0
2332,2,1113,28,0
2373,2,1116,29,1
1265,11,519,3,0
1020,11,520,4,0
2208,11,521,5,0
2207,11,522,6,0
2211,11,524,7,0
2241,11,525,8,0
2245,11,526,9,0
2233,11,528,10,0
2243,11,529,11,0
2242,11,530,12,0
2244,11,531,13,0
2315,11,533,14,0
2316,11,534,15,0
2317,11,535,16,0
2309,11,536,17,0
2320,11,537,18,0
2321,11,539,19,0
2305,11,540,20,0
2323,11,542,21,0
2324,11,544,22,0
2374,11,545,23,0
2331,11,546,24,0
2332,11,547,25,0
2373,11,550,26,1
2373,82,485,1,0
2343,82,487,2,0
2344,82,488,3,0
2375,82,489,4,0
2303,82,490,5,0
2304,82,492,6,0
2322,82,494,7,0
2307,82,495,8,0
2308,82,497,9,0
2319,82,499,10,0
2311,82,500,11,0
2312,82,501,12,0
2313,82,502,13,0
2236,82,504,14,0
2238,82,506,15,0
2237,82,507,16,0
2223,82,508,17,0
2239,82,511,18,0
2240,82,512,19,0
2206,82,514,20,0
2210,82,516,21,0
2209,82,517,22,0
1573,82,518,23,0
1276,82,520,24,0
1277,82,521,25,0
1021,82,522,26,0
1022,82,524,27,0
1023,82,525,28,0
1615,82,527,29,1
2373,84,736,1,0
2343,84,738,2,0
2344,84,739,3,0
2375,84,740,4,0
2303,84,741,5,0
2304,84,743,6,0
2322,84,745,7,0
2307,84,746,8,0
2308,84,748,9,0
2319,84,749,10,0
2311,84,750,11,0
2312,84,751,12,0
2313,84,752,13,0
2236,84,754,14,0
2238,84,756,15,0
2237,84,757,16,0
2223,84,758,17,0
2239,84,761,18,0
2240,84,762,19,0
2206,84,764,20,0
2210,84,766,21,0
2209,84,767,22,0
1573,84,768,23,0
1276,84,770,24,0
1477,84,775,25,1
1056,7069,735,1,0
1265,7069,740,2,0
1020,7069,742,3,0
2208,7069,743,4,0
2207,7069,745,5,0
2211,7069,747,6,0
2241,7069,749,7,0
2245,7069,749,8,0
2233,7069,752,9,0
2243,7069,753,10,0
2242,7069,754,11,0
2244,7069,755,12,0
2315,7069,757,13,0
2316,7069,758,14,0
2317,7069,759,15,0
2309,7069,760,16,0
2320,7069,761,17,0
2321,7069,763,18,0
2305,7069,764,19,0
2323,7069,766,20,0
2324,7069,768,21,0
2374,7069,769,22,0
2331,7069,770,23,0
2332,7069,771,24,0
2373,7069,774,25,1
1501,7083,855,1,0
1017,7083,856,2,0
1018,7083,857,3,0
1019,7083,859,4,0
1264,7083,860,5,0
1265,7083,861,6,0
1020,7083,862,7,0
2208,7083,863,8,0
2207,7083,865,9,0
2211,7083,867,10,0
2241,7083,869,11,0
2245,7083,869,12,0
2233,7083,872,13,0
2243,7083,873,14,0
2242,7083,874,15,0
2244,7083,875,16,0
2315,7083,877,17,0
2316,7083,878,18,0
2317,7083,879,19,0
2309,7083,880,20,0
2320,7083,882,21,0
2321,7083,884,22,0
2305,7083,885,23,0
2323,7083,887,24,0
2324,7083,889,25,0
2374,7083,890,26,0
2331,7083,891,27,0
2332,7083,892,28,0
2373,7083,895,29,1
1501,7002,735,1,0
1017,7002,736,2,0
1018,7002,737,3,0
1019,7002,739,4,0
1264,7002,740,5,0
1265,7002,741,6,0
1020,7002,742,7,0
2208,7002,743,8,0
2207,7002,745,9,0
2211,7002,747,10,0
2241,7002,749,11,0
2245,7002,749,12,0
2233,7002,752,13,0
2243,7002,753,14,0
2242,7002,754,15,0
2244,7002,755,16,0
2315,7002,757,17,0
2316,7002,758,18,0
2317,7002,759,19,0
2309,7002,760,20,0
2320,7002,762,21,0
2321,7002,764,22,0
2305,7002,765,23,0
2323,7002,767,24,0
2324,7002,769,25,0
2374,7002,770,26,0
2331,7002,771,27,0
2332,7002,772,28,0
2373,7002,775,29,1
1501,7167,795,1,0
1017,7167,796,2,0
1018,7167,797,3,0
1019,7167,799,4,0
1264,7167,800,5,0
1265,7167,801,6,0
1020,7167,802,7,0
2208,7167,803,8,0
2207,7167,805,9,0
2211,7167,807,10,0
2241,7167,809,11,0
2245,7167,809,12,0
2233,7167,812,13,0
2243,7167,813,14,0
2242,7167,814,15,0
2244,7167,815,16,0
2315,7167,817,17,0
2316,7167,818,18,0
2317,7167,819,19,0
2309,7167,820,20,0
2320,7167,822,21,0
2321,7167,824,22,0
2305,7167,825,23,0
2323,7167,827,24,0
2324,7167,829,25,0
2374,7167,830,26,0
2331,7167,831,27,0
2332,7167,832,28,0
2373,7167,835,29,1
2373,7101,555,1,0
2343,7101,557,2,0
2344,7101,558,3,0
2375,7101,559,4,0
2303,7101,560,5,0
2304,7101,562,6,0
2322,7101,564,7,0
2307,7101,565,8,0
2308,7101,567,9,0
2319,7101,568,10,0
2311,7101,569,11,0
2312,7101,570,12,0
2313,7101,571,13,0
2236,7101,573,14,0
2238,7101,575,15,0
2237,7101,576,16,0
2223,7101,577,17,0
2239,7101,580,18,0
2240,7101,581,19,0
2206,7101,583,20,0
2210,7101,585,21,0
2209,7101,586,22,0
1573,7101,587,23,0
1276,7101,589,24,0
1477,7101,594,25,1
1501,7100,945,1,0
1017,7100,946,2,0
1018,7100,947,3,0
1019,7100,949,4,0
1264,7100,950,5,0
1265,7100,951,6,0
1020,7100,952,7,0
2208,7100,953,8,0
2207,7100,954,9,0
2211,7100,956,10,0
2241,7100,957,11,0
2245,7100,958,12,0
2233,7100,960,13,0
2243,7100,961,14,0
2242,7100,961,15,0
2244,7100,963,16,0
2315,7100,965,17,0
2316,7100,966,18,0
2317,7100,967,19,0
2309,7100,968,20,0
2320,7100,969,21,0
2321,7100,971,22,0
2305,7100,972,23,0
2323,7100,974,24,0
2324,7100,976,25,0
2374,7100,977,26,0
2331,7100,978,27,0
2332,7100,979,28,0
2353,7100,981,29,0
2334,7100,983,30,0
2335,7100,984,31,0
2336,7100,985,32,0
2337,7100,986,33,1
2373,7152,465,1,0
2343,7152,467,2,0
2344,7152,468,3,0
2375,7152,469,4,0
2303,7152,470,5,0
2304,7152,472,6,0
2322,7152,474,7,0
2307,7152,475,8,0
2308,7152,477,9,0
2319,7152,478,10,0
2311,7152,479,11,0
2312,7152,480,12,0
2313,7152,481,13,0
2236,7152,483,14,0
2238,7152,485,15,0
2237,7152,486,16,0
2223,7152,487,17,0
2239,7152,490,18,0
2240,7152,491,19,0
2206,7152,493,20,0
2210,7152,495,21,0
2209,7152,496,22,0
1573,7152,497,23,0
1276,7152,499,24,0
1277,7152,500,25,0
1021,7152,501,26,0
1022,7152,503,27,0
1023,7152,504,28,0
1615,7152,506,29,1
2373,2102,1085,1,0
2343,2102,1087,2,0
2344,2102,1088,3,0
2375,2102,1089,4,0
2303,2102,1091,5,0
2304,2102,1092,6,0
2322,2102,1095,7,0
2307,2102,1096,8,0
2308,2102,1098,9,0
2319,2102,1100,10,0
2311,2102,1101,11,0
2312,2102,1102,12,0
2313,2102,1103,13,0
2236,2102,1105,14,0
2238,2102,1107,15,0
2237,2102,1108,16,0
2223,2102,1109,17,0
2239,2102,1112,18,0
2240,2102,1113,19,0
2206,2102,1115,20,0
2210,2102,1117,21,0
2209,2102,1118,22,0
1573,2102,1119,23,0
1276,2102,1121,24,0
1277,2102,1122,25,0
1021,2102,1123,26,0
1022,2102,1125,27,0
1023,2102,1126,28,0
1615,2102,1128,29,1
2373,2178,1058,1,0
2343,2178,1060,2,0
2344,2178,1061,3,0
2375,2178,1062,4,0
2303,2178,1063,5,0
2304,2178,1065,6,0
2322,2178,1067,7,0
2307,2178,1068,8,0
2308,2178,1070,9,0
2319,2178,1071,10,0
2311,2178,1072,11,0
2312,2178,1073,12,0
2313,2178,1074,13,0
2236,2178,1076,14,0
2238,2178,1078,15,0
2237,2178,1079,16,0
2223,2178,1080,17,0
2239,2178,1083,18,0
2240,2178,1084,19,0
2206,2178,1086,20,0
2210,2178,1088,21,0
2209,2178,1089,22,0
1573,2178,1090,23,0
1276,2178,1092,24,0
1277,2178,1093,25,0
1021,2178,1094,26,0
1022,2178,1096,27,0
1023,2178,1097,28,0
1615,2178,1099,29,1
2373,3385,903,1,0
2343,3385,905,2,0
2344,3385,906,3,0
2375,3385,907,4,0
2303,3385,908,5,0
2304,3385,910,6,0
2322,3385,912,7,0
2307,3385,913,8,0
2308,3385,915,9,0
2319,3385,916,10,0
2311,3385,917,11,0
2312,3385,918,12,0
2313,3385,919,13,0
2236,3385,921,14,0
2238,3385,923,15,0
2237,3385,924,16,0
2223,3385,925,17,0
2239,3385,928,18,0
2240,3385,929,19,0
2206,3385,931,20,0
2210,3385,933,21,0
2209,3385,934,22,0
1573,3385,935,23,0
1276,3385,937,24,0
1277,3385,938,25,0
1021,3385,939,26,0
1022,3385,941,27,0
1023,3385,942,28,0
1615,3385,944,29,1
1501,3397,1010,1,0
1017,3397,1011,2,0
1018,3397,1013,3,0
1019,3397,1015,4,0
1264,3397,1016,5,0
1265,3397,1017,6,0
1020,3397,1018,7,0
2208,3397,1019,8,0
2207,3397,1021,9,0
2211,3397,1023,10,0
2241,3397,1025,11,0
2245,3397,1025,12,0
2233,3397,1028,13,0
2243,3397,1029,14,0
2242,3397,1030,15,0
2244,3397,1031,16,0
2315,3397,1033,17,0
2316,3397,1034,18,0
2317,3397,1035,19,0
2309,3397,1036,20,0
2320,3397,1038,21,0
2321,3397,1040,22,0
2305,3397,1041,23,0
2323,3397,1043,24,0
2324,3397,1045,25,0
2374,3397,1046,26,0
2331,3397,1047,27,0
2332,3397,1048,28,0
2373,3397,1051,29,1
1501,3334,1475,1,0
1017,3334,1476,2,0
1018,3334,1477,3,0
1019,3334,1479,4,0
1264,3334,1480,5,0
1265,3334,1481,6,0
1020,3334,1482,7,0
2208,3334,1483,8,0
2207,3334,1484,9,0
2211,3334,1486,10,0
2241,3334,1487,11,0
2245,3334,1488,12,0
2233,3334,1490,13,0
2243,3334,1491,14,0
2242,3334,1492,15,0
2244,3334,1493,16,0
2315,3334,1495,17,0
2316,3334,1496,18,0
2317,3334,1497,19,0
2309,3334,1498,20,0
2320,3334,1499,21,0
2321,3334,1501,22,0
2305,3334,1502,23,0
2323,3334,1504,24,0
2324,3334,1505,25,0
2374,3334,1506,26,0
2331,3334,1507,27,0
2332,3334,1508,28,0
2353,3334,1510,29,0
2334,3334,1512,30,0
2335,3334,1513,31,0
2336,3334,1514,32,0
2337,3334,1515,33,1
1501,3428,645,1,0
1017,3428,646,2,0
1018,3428,647,3,0
1019,3428,650,4,0
1264,3428,651,5,0
1265,3428,652,6,0
1020,3428,653,7,0
2208,3428,654,8,0
2207,3428,656,9,0
2211,3428,658,10,0
2241,3428,660,11,0
2245,3428,660,12,0
2233,3428,663,13,0
2243,3428,664,14,0
2242,3428,665,15,0
2244,3428,666,16,0
2315,3428,668,17,0
2316,3428,669,18,0
2317,3428,670,19,0
2309,3428,671,20,0
2320,3428,673,21,0
2321,3428,675,22,0
2305,3428,676,23,0
2323,3428,678,24,0
2324,3428,680,25,0
2374,3428,681,26,0
2331,3428,682,27,0
2332,3428,683,28,0
2373,3428,686,29,1
2373,3456,933,1,0
2343,3456,935,2,0
2344,3456,936,3,0
2375,3456,937,4,0
2303,3456,938,5,0
2304,3456,940,6,0
2322,3456,942,7,0
2307,3456,943,8,0
2308,3456,945,9,0
2319,3456,946,10,0
2311,3456,947,11,0
2312,3456,948,12,0
2313,3456,949,13,0
2236,3456,951,14,0
2238,3456,953,15,0
2237,3456,954,16,0
2223,3456,955,17,0
2239,3456,958,18,0
2240,3456,959,19,0
2206,3456,961,20,0
2210,3456,963,21,0
2209,3456,964,22,0
1573,3456,965,23,0
1276,3456,967,24,0
1277,3456,968,25,0
1021,3456,969,26,0
1022,3456,971,27,0
1023,3456,972,28,0
1615,3456,974,29,1
1501,3534,950,1,0
1017,3534,951,2,0
1018,3534,953,3,0
1019,3534,955,4,0
1264,3534,956,5,0
1265,3534,957,6,0
1020,3534,958,7,0
2208,3534,959,8,0
2207,3534,961,9,0
2211,3534,963,10,0
2241,3534,965,11,0
2245,3534,965,12,0
2233,3534,968,13,0
2243,3534,969,14,0
2242,3534,970,15,0
2244,3534,971,16,0
2315,3534,973,17,0
2316,3534,974,18,0
2317,3534,975,19,0
2309,3534,976,20,0
2320,3534,977,21,0
2321,3534,979,22,0
2305,3534,980,23,0
2323,3534,982,24,0
2324,3534,984,25,0
2374,3534,985,26,0
2331,3534,986,27,0
2332,3534,987,28,0
2373,3534,990,29,1
1501,3550,585,1,0
1017,3550,586,2,0
1018,3550,587,3,0
1019,3550,590,4,0
1264,3550,591,5,0
1265,3550,592,6,0
1020,3550,593,7,0
2208,3550,594,8,0
2207,3550,596,9,0
2211,3550,598,10,0
2241,3550,600,11,0
2245,3550,600,12,0
2233,3550,603,13,0
2243,3550,604,14,0
2242,3550,605,15,0
2244,3550,606,16,0
2315,3550,608,17,0
2316,3550,609,18,0
2317,3550,610,19,0
2309,3550,611,20,0
2320,3550,613,21,0
2321,3550,615,22,0
2305,3550,616,23,0
2323,3550,618,24,0
2324,3550,620,25,0
2374,3550,621,26,0
2331,3550,622,27,0
2332,3550,623,28,0
2373,3550,626,29,1
2373,2087,1150,1,0
2343,2087,1152,2,0
2344,2087,1153,3,0
2375,2087,1154,4,0
2303,2087,1155,5,0
2304,2087,1157,6,0
2322,2087,1159,7,0
2307,2087,1160,8,0
2308,2087,1162,9,0
2319,2087,1163,10,0
2311,2087,1164,11,0
2312,2087,1165,12,0
2313,2087,1166,13,0
2236,2087,1168,14,0
2238,2087,1169,15,0
2237,2087,1170,16,0
2223,2087,1171,17,0
2239,2087,1174,18,0
2240,2087,1175,19,0
2206,2087,1177,20,0
2210,2087,1179,21,0
2209,2087,1180,22,0
1573,2087,1181,23,0
1276,2087,1182,24,0
1277,2087,1183,25,0
1021,2087,1184,26,0
1022,2087,1186,27,0
1023,2087,1187,28,0
1615,2087,1189,29,1
1056,3601,830,1,0
1265,3601,835,2,0
1020,3601,837,3,0
2208,3601,838,4,0
2207,3601,839,5,0
2211,3601,841,6,0
2241,3601,843,7,0
2245,3601,843,8,0
2233,3601,846,9,0
2243,3601,847,10,0
2242,3601,848,11,0
2244,3601,849,12,0
2315,3601,851,13,0
2316,3601,852,14,0
2317,3601,853,15,0
2309,3601,854,16,0
2320,3601,855,17,0
2321,3601,857,18,0
2305,3601,858,19,0
2323,3601,860,20,0
2324,3601,862,21,0
2374,3601,863,22,0
2331,3601,864,23,0
2332,3601,865,24,0
2373,3601,868,25,1
2373,125,505,1,0
2343,125,507,2,0
2344,125,508,3,0
2375,125,509,4,0
2303,125,510,5,0
2304,125,512,6,0
2322,125,514,7,0
2307,125,515,8,0
2308,125,517,9,0
2319,125,519,10,0
2311,125,520,11,0
2312,125,521,12,0
2313,125,522,13,0
2236,125,524,14,0
2238,125,526,15,0
2237,125,527,16,0
2223,125,528,17,0
2239,125,531,18,0
2240,125,532,19,0
2206,125,534,20,0
2210,125,536,21,0
2209,125,537,22,0
1573,125,538,23,0
1276,125,540,24,0
1277,125,541,25,0
1021,125,542,26,0
1022,125,544,27,0
1023,125,545,28,0
1615,125,547,29,1
1501,3754,915,1,0
1017,3754,916,2,0
1018,3754,917,3,0
1019,3754,919,4,0
1264,3754,920,5,0
1265,3754,921,6,0
1020,3754,922,7,0
2208,3754,923,8,0
2207,3754,925,9,0
2211,3754,927,10,0
2241,3754,929,11,0
2245,3754,929,12,0
2233,3754,932,13,0
2243,3754,933,14,0
2242,3754,934,15,0
2244,3754,935,16,0
2315,3754,937,17,0
2316,3754,938,18,0
2317,3754,939,19,0
2309,3754,940,20,0
2320,3754,942,21,0
2321,3754,944,22,0
2305,3754,945,23,0
2323,3754,947,24,0
2324,3754,949,25,0
2374,3754,950,26,0
2331,3754,951,27,0
2332,3754,952,28,0
2373,3754,955,29,1
1501,4987,675,1,0
1017,4987,676,2,0
1018,4987,677,3,0
1019,4987,680,4,0
1264,4987,681,5,0
1265,4987,682,6,0
1020,4987,683,7,0
2208,4987,684,8,0
2207,4987,686,9,0
2211,4987,688,10,0
2241,4987,690,11,0
2245,4987,690,12,0
2233,4987,693,13,0
2243,4987,694,14,0
2242,4987,695,15,0
2244,4987,696,16,0
2315,4987,698,17,0
2316,4987,699,18,0
2317,4987,700,19,0
2309,4987,701,20,0
2320,4987,703,21,0
2321,4987,705,22,0
2305,4987,706,23,0
2323,4987,708,24,0
2324,4987,710,25,0
2374,4987,711,26,0
2331,4987,712,27,0
2332,4987,713,28,0
2373,4987,716,29,1
2373,3059,840,1,0
2343,3059,842,2,0
2344,3059,843,3,0
2375,3059,844,4,0
2303,3059,845,5,0
2304,3059,847,6,0
2322,3059,849,7,0
2307,3059,850,8,0
2308,3059,852,9,0
2319,3059,853,10,0
2311,3059,854,11,0
2312,3059,855,12,0
2313,3059,856,13,0
2236,3059,858,14,0
2238,3059,860,15,0
2237,3059,861,16,0
2223,3059,862,17,0
2239,3059,865,18,0
2240,3059,866,19,0
2206,3059,868,20,0
2210,3059,870,21,0
2209,3059,871,22,0
1573,3059,872,23,0
1276,3059,874,24,0
1277,3059,875,25,0
1021,3059,876,26,0
1022,3059,878,27,0
1023,3059,879,28,0
1615,3059,881,29,1
2373,3949,735,1,0
2343,3949,737,2,0
2344,3949,738,3,0
2375,3949,739,4,0
2303,3949,740,5,0
2304,3949,742,6,0
2322,3949,744,7,0
2307,3949,745,8,0
2308,3949,747,9,0
2319,3949,749,10,0
2311,3949,750,11,0
2312,3949,751,12,0
2313,3949,752,13,0
2236,3949,754,14,0
2238,3949,756,15,0
2237,3949,757,16,0
2223,3949,758,17,0
2239,3949,761,18,0
2240,3949,762,19,0
2206,3949,764,20,0
2210,3949,766,21,0
2209,3949,767,22,0
1573,3949,768,23,0
1276,3949,770,24,0
1277,3949,771,25,0
1021,3949,772,26,0
1022,3949,774,27,0
1023,3949,775,28,0
1615,3949,777,29,1
1501,3933,455,1,0
1017,3933,456,2,0
1018,3933,457,3,0
1019,3933,459,4,0
1264,3933,460,5,0
1265,3933,460,6,0
1020,3933,461,7,0
2208,3933,462,8,0
2207,3933,464,9,0
2211,3933,466,10,0
2241,3933,467,11,0
2245,3933,468,12,0
2233,3933,470,13,0
2243,3933,471,14,0
2242,3933,472,15,0
2244,3933,474,16,0
2314,3933,475,17,0
2315,3933,477,18,0
2316,3933,478,19,0
2317,3933,479,20,0
2309,3933,480,21,0
2320,3933,482,22,0
2321,3933,484,23,0
2305,3933,485,24,0
2323,3933,487,25,0
2324,3933,489,26,0
2374,3933,490,27,0
2331,3933,491,28,0
2332,3933,492,29,0
2373,3933,495,30,1
2338,3955,1115,1,0
2339,3955,1116,2,0
2340,3955,1117,3,0
2341,3955,1118,4,0
2373,3955,1120,5,0
2343,3955,1122,6,0
2344,3955,1123,7,0
2375,3955,1124,8,0
2303,3955,1125,9,0
2304,3955,1127,10,0
2322,3955,1129,11,0
2307,3955,1130,12,0
2308,3955,1132,13,0
2319,3955,1133,14,0
2311,3955,1134,15,0
2312,3955,1135,16,0
2313,3955,1136,17,0
2236,3955,1138,18,0
2238,3955,1140,19,0
2237,3955,1141,20,0
2223,3955,1142,21,0
2239,3955,1145,22,0
2240,3955,1145,23,0
2206,3955,1147,24,0
2210,3955,1149,25,0
2209,3955,1151,26,0
1573,3955,1152,27,0
1276,3955,1154,28,0
1277,3955,1155,29,0
1021,3955,1156,30,0
1022,3955,1157,31,0
1023,3955,1158,32,0
1615,3955,1160,33,1
1501,3194,1165,1,0
1017,3194,1166,2,0
1018,3194,1167,3,0
1019,3194,1169,4,0
1264,3194,1170,5,0
1265,3194,1171,6,0
1020,3194,1172,7,0
2208,3194,1173,8,0
2207,3194,1174,9,0
2211,3194,1176,10,0
2241,3194,1178,11,0
2245,3194,1178,12,0
2233,3194,1181,13,0
2243,3194,1182,14,0
2242,3194,1183,15,0
2244,3194,1184,16,0
2315,3194,1186,17,0
2316,3194,1187,18,0
2317,3194,1188,19,0
2309,3194,1189,20,0
2320,3194,1190,21,0
2321,3194,1192,22,0
2305,3194,1193,23,0
2323,3194,1195,24,0
2324,3194,1197,25,0
2374,3194,1198,26,0
2331,3194,1199,27,0
2332,3194,1200,28,0
2373,3194,1203,29,1
2373,3178,780,1,0
2343,3178,782,2,0
2344,3178,783,3,0
2375,3178,784,4,0
2303,3178,785,5,0
2304,3178,787,6,0
2322,3178,789,7,0
2307,3178,790,8,0
2308,3178,792,9,0
2319,3178,793,10,0
2311,3178,794,11,0
2312,3178,795,12,0
2313,3178,796,13,0
2236,3178,798,14,0
2238,3178,800,15,0
2237,3178,801,16,0
2223,3178,802,17,0
2239,3178,805,18,0
2240,3178,806,19,0
2206,3178,808,20,0
2210,3178,810,21,0
2209,3178,811,22,0
1573,3178,812,23,0
1276,3178,814,24,0
1477,3178,819,25,1
1501,544,1250,1,0
1017,544,1251,2,0
1018,544,1252,3,0
1019,544,1254,4,0
1264,544,1255,5,0
1265,544,1256,6,0
1020,544,1257,7,0
2208,544,1258,8,0
2207,544,1259,9,0
2211,544,1261,10,0
2241,544,1262,11,0
2245,544,1263,12,0
2233,544,1265,13,0
2243,544,1266,14,0
2242,544,1267,15,0
2244,544,1268,16,0
2315,544,1270,17,0
2316,544,1271,18,0
2317,544,1272,19,0
2309,544,1273,20,0
2320,544,1274,21,0
2321,544,1276,22,0
2305,544,1277,23,0
2323,544,1279,24,0
2324,544,1280,25,0
2374,544,1281,26,0
2331,544,1282,27,0
2332,544,1283,28,0
2373,544,1286,29,1
2373,519,965,1,0
2343,519,967,2,0
2344,519,968,3,0
2375,519,969,4,0
2303,519,970,5,0
2304,519,972,6,0
2322,519,974,7,0
2307,519,975,8,0
2308,519,977,9,0
2319,519,978,10,0
2311,519,979,11,0
2312,519,980,12,0
2313,519,981,13,0
2314,519,983,14,0
2236,519,985,15,0
2238,519,987,16,0
2237,519,988,17,0
2223,519,989,18,0
2239,519,992,19,0
2240,519,993,20,0
2206,519,995,21,0
2210,519,997,22,0
2209,519,998,23,0
1573,519,999,24,0
1276,519,1001,25,0
1277,519,1002,26,0
1021,519,1003,27,0
1022,519,1005,28,0
1023,519,1007,29,0
1615,519,1009,30,1
1501,518,415,1,0
1017,518,416,2,0
1018,518,417,3,0
1019,518,419,4,0
1264,518,420,5,0
1265,518,420,6,0
1020,518,421,7,0
2208,518,422,8,0
2207,518,424,9,0
2211,518,426,10,0
2241,518,427,11,0
2245,518,428,12,0
2233,518,430,13,0
2243,518,431,14,0
2242,518,431,15,0
2244,518,433,16,0
2314,518,434,17,0
2315,518,436,18,0
2316,518,437,19,0
2317,518,437,20,0
2309,518,438,21,0
2320,518,440,22,0
2321,518,442,23,0
2305,518,443,24,0
2323,518,445,25,0
2324,518,447,26,0
2374,518,448,27,0
2331,518,449,28,0
2332,518,450,29,0
2373,518,453,30,1
2338,2978,1335,1,0
2339,2978,1336,2,0
2340,2978,1337,3,0
2341,2978,1338,4,0
2373,2978,1340,5,0
2343,2978,1342,6,0
2344,2978,1343,7,0
2375,2978,1344,8,0
2303,2978,1345,9,0
2304,2978,1346,10,0
2322,2978,1348,11,0
2307,2978,1349,12,0
2308,2978,1351,13,0
2319,2978,1352,14,0
2311,2978,1354,15,0
2312,2978,1355,16,0
2313,2978,1356,17,0
2236,2978,1358,18,0
2238,2978,1359,19,0
2237,2978,1359,20,0
2223,2978,1360,21,0
2239,2978,1363,22,0
2240,2978,1364,23,0
2206,2978,1366,24,0
2210,2978,1367,25,0
2209,2978,1368,26,0
1573,2978,1369,27,0
1276,2978,1370,28,0
1277,2978,1371,29,0
1021,2978,1372,30,0
1022,2978,1373,31,0
1023,2978,1374,32,0
1615,2978,1376,33,1
1501,2969,1130,1,0
1017,2969,1131,2,0
1018,2969,1132,3,0
1019,2969,1134,4,0
1264,2969,1135,5,0
1265,2969,1136,6,0
1020,2969,1137,7,0
2208,2969,1138,8,0
2207,2969,1140,9,0
2211,2969,1142,10,0
2241,2969,1144,11,0
2245,2969,1144,12,0
2233,2969,1147,13,0
2243,2969,1148,14,0
2242,2969,1149,15,0
2244,2969,1151,16,0
2315,2969,1153,17,0
2316,2969,1154,18,0
2317,2969,1155,19,0
2309,2969,1156,20,0
2320,2969,1157,21,0
2321,2969,1159,22,0
2305,2969,1160,23,0
2323,2969,1162,24,0
2324,2969,1164,25,0
2374,2969,1165,26,0
2331,2969,1166,27,0
2332,2969,1167,28,0
2373,2969,1170,29,1
2373,1805,470,1,0
2343,1805,472,2,0
2344,1805,473,3,0
2375,1805,474,4,0
2303,1805,475,5,0
2304,1805,477,6,0
2322,1805,479,7,0
2307,1805,480,8,0
2308,1805,482,9,0
2319,1805,483,10,0
2311,1805,484,11,0
2312,1805,485,12,0
2313,1805,486,13,0
2236,1805,488,14,0
2238,1805,489,15,0
2237,1805,490,16,0
2223,1805,491,17,0
2239,1805,494,18,0
2240,1805,495,19,0
2206,1805,497,20,0
2210,1805,499,21,0
2209,1805,500,22,0
1573,1805,501,23,0
1276,1805,503,24,0
1477,1805,508,25,1
1501,558,888,1,0
1017,558,889,2,0
1018,558,891,3,0
1019,558,893,4,0
1264,558,894,5,0
1265,558,895,6,0
1020,558,896,7,0
2208,558,897,8,0
2207,558,899,9,0
2211,558,901,10,0
2241,558,903,11,0
2245,558,903,12,0
2233,558,906,13,0
2243,558,907,14,0
2242,558,908,15,0
2244,558,909,16,0
2315,558,911,17,0
2316,558,912,18,0
2317,558,913,19,0
2309,558,914,20,0
2320,558,915,21,0
2321,558,917,22,0
2305,558,918,23,0
2323,558,920,24,0
2324,558,922,25,0
2374,558,923,26,0
2331,558,924,27,0
2332,558,925,28,0
2373,558,928,29,1
2373,6804,1045,1,0
2343,6804,1047,2,0
2344,6804,1048,3,0
2375,6804,1049,4,0
2303,6804,1051,5,0
2304,6804,1052,6,0
2322,6804,1055,7,0
2307,6804,1056,8,0
2308,6804,1058,9,0
2319,6804,1060,10,0
2311,6804,1061,11,0
2312,6804,1062,12,0
2313,6804,1063,13,0
2314,6804,1065,14,0
2236,6804,1067,15,0
2238,6804,1069,16,0
2237,6804,1070,17,0
2223,6804,1071,18,0
2239,6804,1075,19,0
2240,6804,1076,20,0
2206,6804,1079,21,0
2210,6804,1081,22,0
2209,6804,1083,23,0
1573,6804,1084,24,0
1276,6804,1086,25,0
1277,6804,1087,26,0
1021,6804,1088,27,0
1022,6804,1090,28,0
1023,6804,1092,29,0
1615,6804,1094,30,1
1501,6811,955,1,0
1017,6811,956,2,0
1018,6811,957,3,0
1019,6811,959,4,0
1264,6811,960,5,0
1265,6811,961,6,0
1020,6811,962,7,0
2208,6811,963,8,0
2207,6811,965,9,0
2211,6811,967,10,0
2241,6811,969,11,0
2245,6811,969,12,0
2233,6811,972,13,0
2243,6811,973,14,0
2242,6811,974,15,0
2244,6811,975,16,0
2315,6811,977,17,0
2316,6811,978,18,0
2317,6811,979,19,0
2309,6811,980,20,0
2320,6811,982,21,0
2321,6811,984,22,0
2305,6811,985,23,0
2323,6811,988,24,0
2324,6811,989,25,0
2374,6811,991,26,0
2331,6811,992,27,0
2332,6811,993,28,0
2373,6811,996,29,1
1501,506,1290,1,0
1017,506,1291,2,0
1018,506,1292,3,0
1019,506,1294,4,0
1264,506,1295,5,0
1265,506,1296,6,0
1020,506,1297,7,0
2208,506,1298,8,0
2207,506,1299,9,0
2211,506,1301,10,0
2241,506,1302,11,0
2245,506,1303,12,0
2233,506,1305,13,0
2243,506,1306,14,0
2242,506,1307,15,0
2244,506,1308,16,0
2315,506,1310,17,0
2316,506,1311,18,0
2317,506,1312,19,0
2309,506,1313,20,0
2320,506,1314,21,0
2321,506,1316,22,0
2305,506,1317,23,0
2323,506,1319,24,0
2324,506,1320,25,0
2374,506,1321,26,0
2331,506,1322,27,0
2332,506,1323,28,0
2353,506,1325,29,0
2334,506,1327,30,0
2335,506,1328,31,0
2336,506,1329,32,0
2337,506,1330,33,1
2373,4619,425,1,0
2343,4619,427,2,0
2344,4619,428,3,0
2375,4619,429,4,0
2303,4619,430,5,0
2304,4619,432,6,0
2322,4619,434,7,0
2307,4619,435,8,0
2308,4619,437,9,0
2319,4619,438,10,0
2311,4619,439,11,0
2312,4619,440,12,0
2313,4619,441,13,0
2236,4619,443,14,0
2238,4619,445,15,0
2237,4619,446,16,0
2223,4619,447,17,0
2239,4619,450,18,0
2240,4619,451,19,0
2206,4619,453,20,0
2210,4619,455,21,0
2209,4619,456,22,0
1573,4619,457,23,0
1276,4619,459,24,0
1277,4619,460,25,0
1021,4619,461,26,0
1022,4619,463,27,0
1023,4619,464,28,0
1615,4619,466,29,1
2338,2853,875,1,0
2339,2853,876,2,0
2340,2853,877,3,0
2341,2853,878,4,0
2373,2853,880,5,0
2343,2853,882,6,0
2344,2853,883,7,0
2375,2853,884,8,0
2303,2853,885,9,0
2304,2853,886,10,0
2322,2853,888,11,0
2307,2853,889,12,0
2308,2853,891,13,0
2319,2853,892,14,0
2311,2853,893,15,0
2312,2853,894,16,0
2313,2853,895,17,0
2236,2853,897,18,0
2238,2853,899,19,0
2237,2853,900,20,0
2223,2853,901,21,0
2239,2853,904,22,0
2240,2853,904,23,0
2206,2853,906,24,0
2210,2853,908,25,0
2209,2853,909,26,0
1573,2853,910,27,0
1276,2853,911,28,0
1277,2853,912,29,0
1021,2853,913,30,0
1022,2853,914,31,0
1023,2853,915,32,0
1615,2853,917,33,1
1501,1720,435,1,0
1017,1720,436,2,0
1018,1720,437,3,0
1019,1720,439,4,0
1264,1720,440,5,0
1265,1720,440,6,0
1020,1720,441,7,0
2208,1720,442,8,0
2207,1720,444,9,0
2211,1720,446,10,0
2241,1720,447,11,0
2245,1720,448,12,0
2233,1720,450,13,0
2243,1720,451,14,0
2242,1720,451,15,0
2244,1720,453,16,0
2314,1720,454,17,0
2315,1720,456,18,0
2316,1720,457,19,0
2317,1720,458,20,0
2309,1720,459,21,0
2320,1720,461,22,0
2321,1720,463,23,0
2305,1720,464,24,0
2323,1720,466,25,0
2324,1720,468,26,0
2374,1720,469,27,0
2331,1720,470,28,0
2332,1720,471,29,0
2373,1720,474,30,1
2373,410,1205,1,0
2343,410,1207,2,0
2344,410,1208,3,0
2375,410,1209,4,0
2303,410,1210,5,0
2304,410,1212,6,0
2322,410,1214,7,0
2307,410,1215,8,0
2308,410,1217,9,0
2319,410,1218,10,0
2311,410,1219,11,0
2312,410,1220,12,0
2313,410,1221,13,0
2236,410,1223,14,0
2238,410,1225,15,0
2237,410,1226,16,0
2223,410,1227,17,0
2239,410,1230,18,0
2240,410,1230,19,0
2206,410,1232,20,0
2210,410,1234,21,0
2209,410,1235,22,0
1573,410,1236,23,0
1276,410,1237,24,0
1277,410,1238,25,0
1021,410,1239,26,0
1022,410,1241,27,0
1023,410,1242,28,0
1615,410,1244,29,1
1501,412,1380,1,0
1017,412,1381,2,0
1018,412,1382,3,0
1019,412,1384,4,0
1264,412,1385,5,0
1265,412,1386,6,0
1020,412,1387,7,0
2208,412,1388,8,0
2207,412,1389,9,0
2211,412,1391,10,0
2241,412,1393,11,0
2245,412,1393,12,0
2233,412,1396,13,0
2243,412,1397,14,0
2242,412,1398,15,0
2244,412,1399,16,0
2315,412,1401,17,0
2316,412,1402,18,0
2317,412,1403,19,0
2309,412,1404,20,0
2320,412,1405,21,0
2321,412,1407,22,0
2305,412,1408,23,0
2323,412,1410,24,0
2324,412,1411,25,0
2374,412,1412,26,0
2331,412,1413,27,0
2332,412,1414,28,0
2353,412,1416,29,0
2334,412,1418,30,0
2335,412,1419,31,0
2336,412,1420,32,0
2337,412,1422,33,1
2373,2827,390,1,0
2343,2827,392,2,0
2344,2827,393,3,0
2375,2827,394,4,0
2303,2827,395,5,0
2304,2827,396,6,0
2322,2827,398,7,0
2307,2827,399,8,0
2308,2827,401,9,0
2319,2827,402,10,0
2311,2827,403,11,0
2312,2827,404,12,0
2313,2827,405,13,0
2236,2827,407,14,0
2238,2827,409,15,0
2237,2827,410,16,0
2223,2827,411,17,0
2239,2827,414,18,0
2240,2827,414,19,0
2206,2827,416,20,0
2210,2827,418,21,0
2209,2827,419,22,0
1573,2827,420,23,0
1276,2827,421,24,0
1277,2827,422,25,0
1021,2827,423,26,0
1022,2827,424,27,0
1023,2827,425,28,0
1615,2827,427,29,1
2373,2826,825,1,0
2343,2826,827,2,0
2344,2826,828,3,0
2375,2826,829,4,0
2303,2826,830,5,0
2304,2826,832,6,0
2322,2826,834,7,0
2307,2826,835,8,0
2308,2826,837,9,0
2319,2826,839,10,0
2311,2826,840,11,0
2312,2826,841,12,0
2313,2826,842,13,0
2236,2826,844,14,0
2238,2826,846,15,0
2237,2826,847,16,0
2223,2826,848,17,0
2239,2826,851,18,0
2240,2826,852,19,0
2206,2826,854,20,0
2210,2826,856,21,0
2209,2826,857,22,0
1573,2826,858,23,0
1276,2826,860,24,0
1277,2826,861,25,0
1021,2826,862,26,0
1022,2826,864,27,0
1023,2826,865,28,0
1615,2826,867,29,1
1501,420,980,1,0
1017,420,981,2,0
1018,420,983,3,0
1019,420,985,4,0
1264,420,986,5,0
1265,420,987,6,0
1020,420,988,7,0
2208,420,989,8,0
2207,420,991,9,0
2211,420,993,10,0
2241,420,995,11,0
2245,420,995,12,0
2233,420,998,13,0
2243,420,999,14,0
2242,420,1000,15,0
2244,420,1001,16,0
2315,420,1003,17,0
2316,420,1004,18,0
2317,420,1005,19,0
2309,420,1006,20,0
2320,420,1008,21,0
2321,420,1010,22,0
2305,420,1011,23,0
2323,420,1013,24,0
2324,420,1015,25,0
2374,420,1016,26,0
2331,420,1017,27,0
2332,420,1018,28,0
2373,420,1021,29,1
1501,2821,1105,1,0
1017,2821,1106,2,0
1018,2821,1107,3,0
1019,2821,1109,4,0
1264,2821,1110,5,0
1265,2821,1111,6,0
1020,2821,1112,7,0
2208,2821,1113,8,0
2207,2821,1115,9,0
2211,2821,1117,10,0
2241,2821,1119,11,0
2245,2821,1119,12,0
2233,2821,1122,13,0
2243,2821,1123,14,0
2242,2821,1124,15,0
2244,2821,1125,16,0
2315,2821,1127,17,0
2316,2821,1128,18,0
2317,2821,1129,19,0
2309,2821,1130,20,0
2320,2821,1132,21,0
2321,2821,1134,22,0
2305,2821,1135,23,0
2323,2821,1137,24,0
2324,2821,1139,25,0
2374,2821,1140,26,0
2331,2821,1141,27,0
2332,2821,1142,28,0
2373,2821,1145,29,1
2373,2885,601,1,0
2343,2885,603,2,0
2344,2885,604,3,0
2375,2885,605,4,0
2303,2885,606,5,0
2304,2885,608,6,0
2322,2885,610,7,0
2307,2885,611,8,0
2308,2885,613,9,0
2319,2885,614,10,0
2311,2885,615,11,0
2312,2885,616,12,0
2313,2885,617,13,0
2236,2885,619,14,0
2238,2885,621,15,0
2237,2885,622,16,0
2223,2885,623,17,0
2239,2885,626,18,0
2240,2885,627,19,0
2206,2885,629,20,0
2210,2885,631,21,0
2209,2885,632,22,0
1573,2885,633,23,0
1276,2885,635,24,0
1477,2885,640,25,1
1501,1770,705,1,0
1017,1770,706,2,0
1018,1770,707,3,0
1019,1770,710,4,0
1264,1770,711,5,0
1265,1770,712,6,0
1020,1770,713,7,0
2208,1770,714,8,0
2207,1770,716,9,0
2211,1770,718,10,0
2241,1770,720,11,0
2245,1770,720,12,0
2233,1770,723,13,0
2243,1770,724,14,0
2242,1770,725,15,0
2244,1770,726,16,0
2315,1770,728,17,0
2316,1770,729,18,0
2317,1770,730,19,0
2309,1770,731,20,0
2320,1770,733,21,0
2321,1770,735,22,0
2305,1770,736,23,0
2323,1770,738,24,0
2324,1770,740,25,0
2374,1770,741,26,0
2331,1770,742,27,0
2332,1770,743,28,0
2373,1770,746,29,1
2338,4537,1235,1,0
2339,4537,1236,2,0
2340,4537,1237,3,0
2341,4537,1238,4,0
2373,4537,1240,5,0
2343,4537,1242,6,0
2344,4537,1243,7,0
2375,4537,1244,8,0
2303,4537,1245,9,0
2304,4537,1246,10,0
2322,4537,1248,11,0
2307,4537,1249,12,0
2308,4537,1251,13,0
2319,4537,1252,14,0
2311,4537,1253,15,0
2312,4537,1254,16,0
2313,4537,1255,17,0
2236,4537,1257,18,0
2238,4537,1258,19,0
2237,4537,1259,20,0
2223,4537,1260,21,0
2239,4537,1263,22,0
2240,4537,1263,23,0
2206,4537,1265,24,0
2210,4537,1267,25,0
2209,4537,1268,26,0
1573,4537,1269,27,0
1276,4537,1270,28,0
1277,4537,1271,29,0
1021,4537,1272,30,0
1022,4537,1273,31,0
1023,4537,1274,32,0
1615,4537,1276,33,1
1501,4527,1065,1,0
1017,4527,1066,2,0
1018,4527,1067,3,0
1019,4527,1069,4,0
1264,4527,1070,5,0
1265,4527,1071,6,0
1020,4527,1072,7,0
2208,4527,1073,8,0
2207,4527,1074,9,0
2211,4527,1076,10,0
2241,4527,1078,11,0
2245,4527,1078,12,0
2233,4527,1081,13,0
2243,4527,1082,14,0
2242,4527,1083,15,0
2244,4527,1085,16,0
2315,4527,1087,17,0
2316,4527,1088,18,0
2317,4527,1089,19,0
2309,4527,1090,20,0
2320,4527,1091,21,0
2321,4527,1093,22,0
2305,4527,1094,23,0
2323,4527,1096,24,0
2324,4527,1098,25,0
2374,4527,1099,26,0
2331,4527,1100,27,0
2332,4527,1101,28,0
2353,4527,1103,29,0
2334,4527,1105,30,0
2335,4527,1106,31,0
2336,4527,1107,32,0
2337,4527,1108,33,1
1501,470,1290,1,0
1017,470,1291,2,0
1018,470,1292,3,0
1019,470,1294,4,0
1264,470,1295,5,0
1265,470,1296,6,0
1020,470,1297,7,0
2208,470,1298,8,0
2207,470,1299,9,0
2211,470,1301,10,0
2241,470,1303,11,0
2245,470,1303,12,0
2233,470,1306,13,0
2243,470,1307,14,0
2242,470,1308,15,0
2244,470,1309,16,0
2315,470,1311,17,0
2316,470,1312,18,0
2317,470,1313,19,0
2309,470,1314,20,0
2320,470,1315,21,0
2321,470,1317,22,0
2305,470,1318,23,0
2323,470,1320,24,0
2324,470,1321,25,0
2374,470,1322,26,0
2331,470,1323,27,0
2332,470,1324,28,0
2353,470,1326,29,0
2334,470,1328,30,0
2335,470,1329,31,0
2336,470,1330,32,0
2337,470,1332,33,1
1501,332,875,1,0
1017,332,876,2,0
1018,332,877,3,0
1019,332,879,4,0
1264,332,880,5,0
1265,332,881,6,0
1020,332,882,7,0
2208,332,883,8,0
2207,332,885,9,0
2211,332,887,10,0
2241,332,889,11,0
2245,332,889,12,0
2233,332,892,13,0
2243,332,893,14,0
2242,332,894,15,0
2244,332,895,16,0
2315,332,897,17,0
2316,332,898,18,0
2317,332,899,19,0
2309,332,900,20,0
2320,332,902,21,0
2321,332,904,22,0
2305,332,905,23,0
2323,332,907,24,0
2324,332,909,25,0
2374,332,910,26,0
2331,332,911,27,0
2332,332,912,28,0
2373,332,915,29,1
2373,318,1208,1,0
2343,318,1210,2,0
2344,318,1211,3,0
2375,318,1212,4,0
2303,318,1213,5,0
2304,318,1215,6,0
2322,318,1217,7,0
2307,318,1218,8,0
2308,318,1220,9,0
2319,318,1221,10,0
2311,318,1222,11,0
2312,318,1223,12,0
2313,318,1224,13,0
2236,318,1226,14,0
2238,318,1227,15,0
2237,318,1228,16,0
2223,318,1229,17,0
2239,318,1232,18,0
2240,318,1232,19,0
2206,318,1234,20,0
2210,318,1236,21,0
2209,318,1237,22,0
1573,318,1238,23,0
1276,318,1239,24,0
1277,318,1240,25,0
1021,318,1241,26,0
1022,318,1242,27,0
1023,318,1243,28,0
1615,318,1245,29,1
2373,316,1005,1,0
2343,316,1007,2,0
2344,316,1008,3,0
2375,316,1009,4,0
2303,316,1011,5,0
2304,316,1012,6,0
2322,316,1015,7,0
2307,316,1016,8,0
2308,316,1018,9,0
2319,316,1019,10,0
2311,316,1020,11,0
2312,316,1021,12,0
2313,316,1022,13,0
2314,316,1024,14,0
2236,316,1026,15,0
2238,316,1028,16,0
2237,316,1029,17,0
2223,316,1030,18,0
2239,316,1034,19,0
2240,316,1035,20,0
2206,316,1038,21,0
2210,316,1040,22,0
2209,316,1042,23,0
1573,316,1043,24,0
1276,316,1045,25,0
1277,316,1046,26,0
1021,316,1047,27,0
1022,316,1049,28,0
1023,316,1051,29,0
1615,316,1053,30,1
1501,1638,895,1,0
1017,1638,896,2,0
1018,1638,897,3,0
1019,1638,899,4,0
1264,1638,900,5,0
1265,1638,901,6,0
1020,1638,902,7,0
2208,1638,903,8,0
2207,1638,905,9,0
2211,1638,907,10,0
2241,1638,909,11,0
2245,1638,909,12,0
2233,1638,912,13,0
2243,1638,913,14,0
2242,1638,914,15,0
2244,1638,915,16,0
2315,1638,917,17,0
2316,1638,918,18,0
2317,1638,919,19,0
2309,1638,920,20,0
2320,1638,922,21,0
2321,1638,924,22,0
2305,1638,925,23,0
2323,1638,927,24,0
2324,1638,929,25,0
2374,1638,930,26,0
2331,1638,931,27,0
2332,1638,932,28,0
2373,1638,935,29,1
2373,1650,1065,1,0
2343,1650,1067,2,0
2344,1650,1068,3,0
2375,1650,1069,4,0
2303,1650,1071,5,0
2304,1650,1072,6,0
2322,1650,1075,7,0
2307,1650,1076,8,0
2308,1650,1078,9,0
2319,1650,1080,10,0
2311,1650,1081,11,0
2312,1650,1082,12,0
2313,1650,1083,13,0
2236,1650,1085,14,0
2238,1650,1087,15,0
2237,1650,1088,16,0
2223,1650,1089,17,0
2239,1650,1092,18,0
2240,1650,1093,19,0
2206,1650,1095,20,0
2210,1650,1097,21,0
2209,1650,1099,22,0
1573,1650,1100,23,0
1276,1650,1102,24,0
1277,1650,1103,25,0
1021,1650,1104,26,0
1022,1650,1106,27,0
1023,1650,1107,28,0
1615,1650,1109,29,1
1501,5963,885,1,0
1017,5963,886,2,0
1018,5963,887,3,0
1019,5963,889,4,0
1264,5963,890,5,0
1265,5963,891,6,0
1020,5963,892,7,0
2208,5963,893,8,0
2207,5963,894,9,0
2211,5963,896,10,0
2241,5963,897,11,0
2245,5963,898,12,0
2233,5963,900,13,0
2243,5963,901,14,0
2242,5963,901,15,0
2244,5963,903,16,0
2315,5963,905,17,0
2316,5963,906,18,0
2317,5963,907,19,0
2309,5963,908,20,0
2320,5963,909,21,0
2321,5963,911,22,0
2305,5963,912,23,0
2323,5963,914,24,0
2324,5963,916,25,0
2374,5963,917,26,0
2331,5963,918,27,0
2332,5963,919,28,0
2353,5963,921,29,0
2334,5963,923,30,0
2335,5963,924,31,0
2336,5963,925,32,0
2337,5963,926,33,1
2338,378,755,1,0
2339,378,756,2,0
2340,378,757,3,0
2341,378,758,4,0
2373,378,760,5,0
2343,378,762,6,0
2344,378,763,7,0
2375,378,764,8,0
2303,378,765,9,0
2304,378,766,10,0
2322,378,768,11,0
2307,378,769,12,0
2308,378,771,13,0
2319,378,772,14,0
2311,378,773,15,0
2312,378,774,16,0
2313,378,775,17,0
2236,378,777,18,0
2238,378,779,19,0
2237,378,780,20,0
2223,378,781,21,0
2239,378,784,22,0
2240,378,784,23,0
2206,378,786,24,0
2210,378,788,25,0
2209,378,789,26,0
1573,378,790,27,0
1276,378,791,28,0
1277,378,792,29,0
1021,378,793,30,0
1022,378,794,31,0
1023,378,795,32,0
1615,378,797,33,1
2373,5979,370,1,0
2343,5979,372,2,0
2344,5979,373,3,0
2375,5979,374,4,0
2303,5979,375,5,0
2304,5979,376,6,0
2322,5979,378,7,0
2307,5979,379,8,0
2308,5979,381,9,0
2319,5979,382,10,0
2311,5979,383,11,0
2312,5979,384,12,0
2313,5979,385,13,0
2236,5979,387,14,0
2238,5979,389,15,0
2237,5979,390,16,0
2223,5979,391,17,0
2239,5979,394,18,0
2240,5979,394,19,0
2206,5979,396,20,0
2210,5979,398,21,0
2209,5979,399,22,0
1573,5979,400,23,0
1276,5979,401,24,0
1277,5979,402,25,0
1021,5979,403,26,0
1022,5979,404,27,0
1023,5979,405,28,0
1615,5979,407,29,1
2338,227,995,1,0
2339,227,996,2,0
2340,227,997,3,0
2341,227,998,4,0
2373,227,1000,5,0
2343,227,1002,6,0
2344,227,1003,7,0
2375,227,1004,8,0
2303,227,1005,9,0
2304,227,1007,10,0
2322,227,1009,11,0
2307,227,1010,12,0
2308,227,1012,13,0
2319,227,1013,14,0
2311,227,1014,15,0
2312,227,1015,16,0
2313,227,1016,17,0
2236,227,1018,18,0
2238,227,1020,19,0
2237,227,1021,20,0
2223,227,1022,21,0
2239,227,1025,22,0
2240,227,1025,23,0
2206,227,1027,24,0
2210,227,1029,25,0
2209,227,1030,26,0
1573,227,1031,27,0
1276,227,1033,28,0
1277,227,1034,29,0
1021,227,1035,30,0
1022,227,1036,31,0
1023,227,1037,32,0
1615,227,1039,33,1
1501,4821,535,1,0
1017,4821,536,2,0
1018,4821,537,3,0
1019,4821,540,4,0
1264,4821,541,5,0
1265,4821,542,6,0
1020,4821,543,7,0
2208,4821,544,8,0
2207,4821,546,9,0
2211,4821,548,10,0
2241,4821,550,11,0
2245,4821,550,12,0
2233,4821,553,13,0
2243,4821,554,14,0
2242,4821,555,15,0
2244,4821,556,16,0
2315,4821,558,17,0
2316,4821,559,18,0
2317,4821,560,19,0
2309,4821,561,20,0
2320,4821,563,21,0
2321,4821,565,22,0
2305,4821,566,23,0
2323,4821,568,24,0
2324,4821,570,25,0
2374,4821,571,26,0
2331,4821,572,27,0
2332,4821,573,28,0
2373,4821,576,29,1
2373,1512,1240,1,0
2343,1512,1242,2,0
2344,1512,1243,3,0
2375,1512,1244,4,0
2303,1512,1245,5,0
2304,1512,1247,6,0
2322,1512,1249,7,0
2307,1512,1250,8,0
2308,1512,1252,9,0
2319,1512,1253,10,0
2311,1512,1254,11,0
2312,1512,1255,12,0
2313,1512,1256,13,0
2236,1512,1258,14,0
2238,1512,1259,15,0
2237,1512,1260,16,0
2223,1512,1261,17,0
2239,1512,1264,18,0
2240,1512,1264,19,0
2206,1512,1266,20,0
2210,1512,1268,21,0
2209,1512,1269,22,0
1573,1512,1270,23,0
1276,1512,1271,24,0
1277,1512,1272,25,0
1021,1512,1273,26,0
1022,1512,1274,27,0
1023,1512,1275,28,0
1615,1512,1277,29,1
2373,1570,1105,1,0
2343,1570,1107,2,0
2344,1570,1108,3,0
2375,1570,1109,4,0
2303,1570,1110,5,0
2304,1570,1112,6,0
2322,1570,1114,7,0
2307,1570,1115,8,0
2308,1570,1117,9,0
2319,1570,1118,10,0
2311,1570,1119,11,0
2312,1570,1120,12,0
2313,1570,1121,13,0
2236,1570,1123,14,0
2238,1570,1125,15,0
2237,1570,1126,16,0
2223,1570,1127,17,0
2239,1570,1130,18,0
2240,1570,1131,19,0
2206,1570,1133,20,0
2210,1570,1135,21,0
2209,1570,1136,22,0
1573,1570,1137,23,0
1276,1570,1139,24,0
1277,1570,1140,25,0
1021,1570,1141,26,0
1022,1570,1143,27,0
1023,1570,1144,28,0
1615,1570,1146,29,1
1501,1566,825,1,0
1017,1566,826,2,0
1018,1566,827,3,0
1019,1566,829,4,0
1264,1566,830,5,0
1265,1566,831,6,0
1020,1566,832,7,0
2208,1566,833,8,0
2207,1566,834,9,0
2211,1566,836,10,0
2241,1566,837,11,0
2245,1566,838,12,0
2233,1566,840,13,0
2243,1566,841,14,0
2242,1566,841,15,0
2244,1566,843,16,0
2315,1566,845,17,0
2316,1566,846,18,0
2317,1566,847,19,0
2309,1566,848,20,0
2320,1566,849,21,0
2321,1566,851,22,0
2305,1566,852,23,0
2323,1566,854,24,0
2324,1566,856,25,0
2374,1566,857,26,0
2331,1566,858,27,0
2332,1566,859,28,0
2353,1566,861,29,0
2334,1566,863,30,0
2335,1566,864,31,0
2336,1566,865,32,0
2337,1566,866,33,1
1501,1537,495,1,0
1017,1537,496,2,0
1018,1537,497,3,0
1019,1537,499,4,0
1264,1537,500,5,0
1265,1537,501,6,0
1020,1537,502,7,0
2208,1537,504,8,0
2207,1537,506,9,0
2211,1537,509,10,0
2241,1537,510,11,0
2245,1537,511,12,0
2233,1537,513,13,0
2243,1537,514,14,0
2242,1537,515,15,0
2244,1537,517,16,0
2314,1537,518,17,0
2315,1537,520,18,0
2316,1537,521,19,0
2317,1537,522,20,0
2309,1537,523,21,0
2320,1537,525,22,0
2321,1537,527,23,0
2305,1537,528,24,0
2323,1537,530,25,0
2324,1537,532,26,0
2374,1537,533,27,0
2331,1537,534,28,0
2332,1537,535,29,0
2373,1537,538,30,1
2373,4771,905,1,0
2343,4771,907,2,0
2344,4771,908,3,0
2375,4771,909,4,0
2303,4771,910,5,0
2304,4771,912,6,0
2322,4771,914,7,0
2307,4771,915,8,0
2308,4771,917,9,0
2319,4771,919,10,0
2311,4771,920,11,0
2312,4771,921,12,0
2313,4771,922,13,0
2236,4771,924,14,0
2238,4771,926,15,0
2237,4771,927,16,0
2223,4771,928,17,0
2239,4771,931,18,0
2240,4771,932,19,0
2206,4771,934,20,0
2210,4771,936,21,0
2209,4771,937,22,0
1573,4771,938,23,0
1276,4771,940,24,0
1277,4771,941,25,0
1021,4771,942,26,0
1022,4771,944,27,0
1023,4771,945,28,0
1615,4771,947,29,1
1501,287,1030,1,0
1017,287,1031,2,0
1018,287,1033,3,0
1019,287,1035,4,0
1264,287,1036,5,0
1265,287,1037,6,0
1020,287,1038,7,0
2208,287,1040,8,0
2207,287,1042,9,0
2211,287,1046,10,0
2241,287,1048,11,0
2245,287,1048,12,0
2233,287,1051,13,0
2243,287,1052,14,0
2242,287,1053,15,0
2244,287,1055,16,0
2315,287,1057,17,0
2316,287,1058,18,0
2317,287,1059,19,0
2309,287,1060,20,0
2320,287,1062,21,0
2321,287,1064,22,0
2305,287,1065,23,0
2323,287,1068,24,0
2324,287,1069,25,0
2374,287,1071,26,0
2331,287,1072,27,0
2332,287,1073,28,0
2373,287,1076,29,1
1501,5820,345,1,0
1017,5820,346,2,0
1018,5820,347,3,0
1019,5820,349,4,0
1264,5820,350,5,0
1265,5820,350,6,0
1020,5820,351,7,0
2208,5820,352,8,0
2207,5820,354,9,0
2211,5820,356,10,0
2241,5820,357,11,0
2245,5820,358,12,0
2233,5820,360,13,0
2243,5820,361,14,0
2242,5820,361,15,0
2244,5820,362,16,0
2315,5820,364,17,0
2316,5820,365,18,0
2317,5820,365,19,0
2309,5820,366,20,0
2320,5820,368,21,0
2321,5820,370,22,0
2305,5820,371,23,0
2323,5820,373,24,0
2324,5820,374,25,0
2374,5820,375,26,0
2331,5820,376,27,0
2332,5820,377,28,0
2373,5820,380,29,1
1501,296,1090,1,0
1017,296,1091,2,0
1018,296,1093,3,0
1019,296,1095,4,0
1264,296,1096,5,0
1265,296,1097,6,0
1020,296,1098,7,0
2208,296,1100,8,0
2207,296,1102,9,0
2211,296,1106,10,0
2241,296,1108,11,0
2245,296,1108,12,0
2233,296,1111,13,0
2243,296,1112,14,0
2242,296,1113,15,0
2244,296,1115,16,0
2315,296,1117,17,0
2316,296,1118,18,0
2317,296,1119,19,0
2309,296,1120,20,0
2320,296,1121,21,0
2321,296,1123,22,0
2305,296,1124,23,0
2323,296,1126,24,0
2324,296,1128,25,0
2374,296,1129,26,0
2331,296,1130,27,0
2332,296,1131,28,0
2373,296,1134,29,1
2373,245,965,1,0
2343,245,967,2,0
2344,245,968,3,0
2375,245,969,4,0
2303,245,970,5,0
2304,245,972,6,0
2322,245,974,7,0
2307,245,975,8,0
2308,245,977,9,0
2319,245,978,10,0
2311,245,979,11,0
2312,245,980,12,0
2313,245,981,13,0
2236,245,983,14,0
2238,245,985,15,0
2237,245,986,16,0
2223,245,987,17,0
2239,245,990,18,0
2240,245,991,19,0
2206,245,993,20,0
2210,245,995,21,0
2209,245,996,22,0
1573,245,997,23,0
1276,245,999,24,0
1277,245,1000,25,0
1021,245,1001,26,0
1022,245,1003,27,0
1023,245,1004,28,0
1615,245,1006,29,1
2373,247,865,1,0
2343,247,867,2,0
2344,247,868,3,0
2375,247,869,4,0
2303,247,870,5,0
2304,247,872,6,0
2322,247,874,7,0
2307,247,875,8,0
2308,247,877,9,0
2319,247,879,10,0
2311,247,880,11,0
2312,247,881,12,0
2313,247,882,13,0
2236,247,884,14,0
2238,247,886,15,0
2237,247,887,16,0
2223,247,888,17,0
2239,247,891,18,0
2240,247,892,19,0
2206,247,894,20,0
2210,247,896,21,0
2209,247,897,22,0
1573,247,898,23,0
1276,247,900,24,0
1277,247,901,25,0
1021,247,902,26,0
1022,247,904,27,0
1023,247,905,28,0
1615,247,907,29,1
2338,5854,815,1,0
2339,5854,816,2,0
2340,5854,817,3,0
2341,5854,818,4,0
2373,5854,820,5,0
2343,5854,822,6,0
2344,5854,823,7,0
2375,5854,824,8,0
2303,5854,825,9,0
2304,5854,826,10,0
2322,5854,828,11,0
2307,5854,829,12,0
2308,5854,831,13,0
2319,5854,832,14,0
2311,5854,833,15,0
2312,5854,834,16,0
2313,5854,835,17,0
2236,5854,837,18,0
2238,5854,839,19,0
2237,5854,840,20,0
2223,5854,841,21,0
2239,5854,844,22,0
2240,5854,844,23,0
2206,5854,846,24,0
2210,5854,848,25,0
2209,5854,849,26,0
1573,5854,850,27,0
1276,5854,851,28,0
1277,5854,852,29,0
1021,5854,853,30,0
1022,5854,854,31,0
1023,5854,855,32,0
1615,5854,857,33,1
1501,5855,815,1,0
1017,5855,816,2,0
1018,5855,817,3,0
1019,5855,819,4,0
1264,5855,820,5,0
1265,5855,821,6,0
1020,5855,822,7,0
2208,5855,823,8,0
2207,5855,825,9,0
2211,5855,827,10,0
2241,5855,829,11,0
2245,5855,829,12,0
2233,5855,832,13,0
2243,5855,833,14,0
2242,5855,834,15,0
2244,5855,835,16,0
2315,5855,837,17,0
2316,5855,838,18,0
2317,5855,839,19,0
2309,5855,840,20,0
2320,5855,842,21,0
2321,5855,844,22,0
2305,5855,845,23,0
2323,5855,847,24,0
2324,5855,849,25,0
2374,5855,850,26,0
2331,5855,851,27,0
2332,5855,852,28,0
2373,5855,855,29,1
1501,928,1155,1,0
1017,928,1156,2,0
1018,928,1157,3,0
1019,928,1159,4,0
1264,928,1160,5,0
1265,928,1161,6,0
1020,928,1162,7,0
2208,928,1163,8,0
2207,928,1165,9,0
2211,928,1167,10,0
2241,928,1169,11,0
2245,928,1169,12,0
2233,928,1172,13,0
2243,928,1173,14,0
2242,928,1174,15,0
2244,928,1175,16,0
2315,928,1177,17,0
2316,928,1178,18,0
2317,928,1179,19,0
2309,928,1180,20,0
2320,928,1181,21,0
2321,928,1183,22,0
2305,928,1184,23,0
2323,928,1186,24,0
2324,928,1188,25,0
2374,928,1189,26,0
2331,928,1190,27,0
2332,928,1191,28,0
2373,928,1194,29,1
1501,1445,555,1,0
1017,1445,556,2,0
1018,1445,557,3,0
1019,1445,560,4,0
1264,1445,561,5,0
1265,1445,562,6,0
1020,1445,563,7,0
2208,1445,564,8,0
2207,1445,566,9,0
2211,1445,568,10,0
2241,1445,570,11,0
2245,1445,570,12,0
2233,1445,573,13,0
2243,1445,574,14,0
2242,1445,575,15,0
2244,1445,576,16,0
2315,1445,578,17,0
2316,1445,579,18,0
2317,1445,580,19,0
2309,1445,581,20,0
2320,1445,583,21,0
2321,1445,585,22,0
2305,1445,586,23,0
2323,1445,588,24,0
2324,1445,590,25,0
2374,1445,591,26,0
2331,1445,592,27,0
2332,1445,593,28,0
2373,1445,596,29,1
2373,966,845,1,0
2343,966,847,2,0
2344,966,848,3,0
2375,966,849,4,0
2303,966,850,5,0
2304,966,852,6,0
2322,966,854,7,0
2307,966,855,8,0
2308,966,857,9,0
2319,966,859,10,0
2311,966,860,11,0
2312,966,861,12,0
2313,966,862,13,0
2236,966,864,14,0
2238,966,866,15,0
2237,966,867,16,0
2223,966,868,17,0
2239,966,871,18,0
2240,966,872,19,0
2206,966,874,20,0
2210,966,876,21,0
2209,966,877,22,0
1573,966,878,23,0
1276,966,880,24,0
1277,966,881,25,0
1021,966,882,26,0
1022,966,884,27,0
1023,966,885,28,0
1615,966,887,29,1
2338,990,295,1,0
2339,990,296,2,0
2340,990,297,3,0
2341,990,298,4,0
2373,990,300,5,0
2343,990,302,6,0
2344,990,303,7,0
2375,990,304,8,0
2303,990,305,9,0
2304,990,306,10,0
2322,990,308,11,0
2307,990,309,12,0
2308,990,311,13,0
2319,990,312,14,0
2311,990,313,15,0
2312,990,314,16,0
2313,990,315,17,0
2236,990,317,18,0
2238,990,318,19,0
2237,990,319,20,0
2223,990,320,21,0
2239,990,323,22,0
2240,990,323,23,0
2206,990,325,24,0
2210,990,327,25,0
2209,990,328,26,0
1573,990,329,27,0
1276,990,330,28,0
1277,990,331,29,0
1021,990,332,30,0
1022,990,333,31,0
1023,990,334,32,0
1615,990,336,33,1
1501,2520,1380,1,0
1017,2520,1381,2,0
1018,2520,1382,3,0
1019,2520,1384,4,0
1264,2520,1385,5,0
1265,2520,1386,6,0
1020,2520,1387,7,0
2208,2520,1388,8,0
2207,2520,1389,9,0
2211,2520,1391,10,0
2241,2520,1392,11,0
2245,2520,1393,12,0
2233,2520,1395,13,0
2243,2520,1396,14,0
2242,2520,1397,15,0
2244,2520,1398,16,0
2315,2520,1400,17,0
2316,2520,1401,18,0
2317,2520,1402,19,0
2309,2520,1403,20,0
2320,2520,1404,21,0
2321,2520,1406,22,0
2305,2520,1407,23,0
2323,2520,1409,24,0
2324,2520,1410,25,0
2374,2520,1411,26,0
2331,2520,1412,27,0
2332,2520,1413,28,0
2353,2520,1415,29,0
2334,2520,1417,30,0
2335,2520,1418,31,0
2336,2520,1419,32,0
2337,2520,1420,33,1
1501,4213,1175,1,0
1017,4213,1176,2,0
1018,4213,1177,3,0
1019,4213,1179,4,0
1264,4213,1180,5,0
1265,4213,1181,6,0
1020,4213,1182,7,0
2208,4213,1183,8,0
2207,4213,1185,9,0
2211,4213,1187,10,0
2241,4213,1189,11,0
2245,4213,1189,12,0
2233,4213,1192,13,0
2243,4213,1193,14,0
2242,4213,1194,15,0
2244,4213,1195,16,0
2315,4213,1197,17,0
2316,4213,1198,18,0
2317,4213,1199,19,0
2309,4213,1200,20,0
2320,4213,1201,21,0
2321,4213,1203,22,0
2305,4213,1204,23,0
2323,4213,1206,24,0
2324,4213,1208,25,0
2374,4213,1209,26,0
2331,4213,1210,27,0
2332,4213,1211,28,0
2373,4213,1214,29,1
2373,4224,795,1,0
2343,4224,797,2,0
2344,4224,798,3,0
2375,4224,799,4,0
2303,4224,800,5,0
2304,4224,802,6,0
2322,4224,804,7,0
2307,4224,805,8,0
2308,4224,807,9,0
2319,4224,809,10,0
2311,4224,810,11,0
2312,4224,811,12,0
2313,4224,812,13,0
2236,4224,814,14,0
2238,4224,816,15,0
2237,4224,817,16,0
2223,4224,818,17,0
2239,4224,821,18,0
2240,4224,822,19,0
2206,4224,824,20,0
2210,4224,826,21,0
2209,4224,827,22,0
1573,4224,828,23,0
1276,4224,830,24,0
1277,4224,831,25,0
1021,4224,832,26,0
1022,4224,834,27,0
1023,4224,835,28,0
1615,4224,837,29,1
1501,4225,935,1,0
1017,4225,936,2,0
1018,4225,937,3,0
1019,4225,939,4,0
1264,4225,940,5,0
1265,4225,941,6,0
1020,4225,942,7,0
2208,4225,943,8,0
2207,4225,945,9,0
2211,4225,947,10,0
2241,4225,949,11,0
2245,4225,949,12,0
2233,4225,952,13,0
2243,4225,953,14,0
2242,4225,954,15,0
2244,4225,955,16,0
2315,4225,957,17,0
2316,4225,958,18,0
2317,4225,959,19,0
2309,4225,960,20,0
2320,4225,962,21,0
2321,4225,964,22,0
2305,4225,965,23,0
2323,4225,967,24,0
2324,4225,969,25,0
2374,4225,970,26,0
2331,4225,971,27,0
2332,4225,972,28,0
2373,4225,975,29,1
2373,4241,555,1,0
2343,4241,557,2,0
2344,4241,558,3,0
2375,4241,559,4,0
2303,4241,560,5,0
2304,4241,562,6,0
2322,4241,564,7,0
2307,4241,565,8,0
2308,4241,567,9,0
2319,4241,568,10,0
2311,4241,569,11,0
2312,4241,570,12,0
2313,4241,571,13,0
2236,4241,573,14,0
2238,4241,575,15,0
2237,4241,576,16,0
2223,4241,577,17,0
2239,4241,580,18,0
2240,4241,581,19,0
2206,4241,583,20,0
2210,4241,585,21,0
2209,4241,586,22,0
1573,4241,587,23,0
1276,4241,589,24,0
1277,4241,590,25,0
1021,4241,591,26,0
1022,4241,593,27,0
1023,4241,594,28,0
1615,4241,596,29,1
1501,4246,1075,1,0
1017,4246,1076,2,0
1018,4246,1077,3,0
1019,4246,1079,4,0
1264,4246,1080,5,0
1265,4246,1081,6,0
1020,4246,1082,7,0
2208,4246,1083,8,0
2207,4246,1085,9,0
2211,4246,1087,10,0
2241,4246,1089,11,0
2245,4246,1089,12,0
2233,4246,1092,13,0
2243,4246,1093,14,0
2242,4246,1094,15,0
2244,4246,1095,16,0
2315,4246,1097,17,0
2316,4246,1098,18,0
2317,4246,1099,19,0
2309,4246,1100,20,0
2320,4246,1102,21,0
2321,4246,1104,22,0
2305,4246,1105,23,0
2323,4246,1107,24,0
2324,4246,1109,25,0
2374,4246,1110,26,0
2331,4246,1111,27,0
2332,4246,1112,28,0
2373,4246,1115,29,1
1501,2486,1195,1,0
1017,2486,1196,2,0
1018,2486,1197,3,0
1019,2486,1199,4,0
1264,2486,1200,5,0
1265,2486,1201,6,0
1020,2486,1202,7,0
2208,2486,1203,8,0
2207,2486,1204,9,0
2211,2486,1206,10,0
2241,2486,1207,11,0
2245,2486,1208,12,0
2233,2486,1210,13,0
2243,2486,1211,14,0
2242,2486,1212,15,0
2244,2486,1213,16,0
2315,2486,1215,17,0
2316,2486,1216,18,0
2317,2486,1217,19,0
2309,2486,1218,20,0
2320,2486,1219,21,0
2321,2486,1221,22,0
2305,2486,1222,23,0
2323,2486,1224,24,0
2324,2486,1226,25,0
2374,2486,1227,26,0
2331,2486,1228,27,0
2332,2486,1229,28,0
2373,2486,1232,29,1
2338,4286,1175,1,0
2339,4286,1176,2,0
2340,4286,1177,3,0
2341,4286,1178,4,0
2373,4286,1180,5,0
2343,4286,1182,6,0
2344,4286,1183,7,0
2375,4286,1184,8,0
2303,4286,1185,9,0
2304,4286,1186,10,0
2322,4286,1188,11,0
2307,4286,1189,12,0
2308,4286,1191,13,0
2319,4286,1192,14,0
2311,4286,1193,15,0
2312,4286,1194,16,0
2313,4286,1195,17,0
2236,4286,1197,18,0
2238,4286,1199,19,0
2237,4286,1200,20,0
2223,4286,1201,21,0
2239,4286,1204,22,0
2240,4286,1204,23,0
2206,4286,1206,24,0
2210,4286,1208,25,0
2209,4286,1209,26,0
1573,4286,1210,27,0
1276,4286,1211,28,0
1277,4286,1212,29,0
1021,4286,1213,30,0
1022,4286,1214,31,0
1023,4286,1215,32,0
1615,4286,1217,33,1
2338,5797,1425,1,0
2339,5797,1426,2,0
2340,5797,1427,3,0
2341,5797,1428,4,0
2373,5797,1430,5,0
2343,5797,1432,6,0
2344,5797,1433,7,0
2375,5797,1434,8,0
2303,5797,1435,9,0
2304,5797,1436,10,0
2322,5797,1438,11,0
2307,5797,1439,12,0
2308,5797,1441,13,0
2319,5797,1442,14,0
2311,5797,1444,15,0
2312,5797,1445,16,0
2313,5797,1446,17,0
2236,5797,1448,18,0
2238,5797,1449,19,0
2237,5797,1450,20,0
2223,5797,1451,21,0
2239,5797,1454,22,0
2240,5797,1454,23,0
2206,5797,1456,24,0
2210,5797,1457,25,0
2209,5797,1458,26,0
1573,5797,1459,27,0
1276,5797,1460,28,0
1277,5797,1461,29,0
1021,5797,1462,30,0
1022,5797,1463,31,0
1023,5797,1464,32,0
1615,5797,1466,33,1
2338,811,1335,1,0
2339,811,1336,2,0
2340,811,1337,3,0
2341,811,1338,4,0
2373,811,1340,5,0
2343,811,1342,6,0
2344,811,1343,7,0
2375,811,1344,8,0
2303,811,1345,9,0
2304,811,1346,10,0
2322,811,1348,11,0
2307,811,1349,12,0
2308,811,1351,13,0
2319,811,1352,14,0
2311,811,1353,15,0
2312,811,1354,16,0
2313,811,1355,17,0
2236,811,1357,18,0
2238,811,1358,19,0
2237,811,1359,20,0
2223,811,1360,21,0
2239,811,1363,22,0
2240,811,1363,23,0
2206,811,1365,24,0
2210,811,1367,25,0
2209,811,1368,26,0
1573,811,1369,27,0
1276,811,1370,28,0
1277,811,1371,29,0
1021,811,1372,30,0
1022,811,1373,31,0
1023,811,1374,32,0
1615,811,1376,33,1
1501,865,1050,1,0
1017,865,1051,2,0
1018,865,1053,3,0
1019,865,1055,4,0
1264,865,1056,5,0
1265,865,1057,6,0
1020,865,1058,7,0
2208,865,1060,8,0
2207,865,1062,9,0
2211,865,1066,10,0
2241,865,1068,11,0
2245,865,1068,12,0
2233,865,1071,13,0
2243,865,1072,14,0
2242,865,1073,15,0
2244,865,1075,16,0
2315,865,1077,17,0
2316,865,1078,18,0
2317,865,1079,19,0
2309,865,1080,20,0
2320,865,1082,21,0
2321,865,1084,22,0
2305,865,1085,23,0
2323,865,1088,24,0
2324,865,1089,25,0
2374,865,1091,26,0
2331,865,1092,27,0
2332,865,1093,28,0
2373,865,1096,29,1
2373,895,705,1,0
2343,895,707,2,0
2344,895,708,3,0
2375,895,709,4,0
2303,895,710,5,0
2304,895,712,6,0
2322,895,714,7,0
2307,895,715,8,0
2308,895,717,9,0
2319,895,719,10,0
2311,895,720,11,0
2312,895,721,12,0
2313,895,722,13,0
2236,895,724,14,0
2238,895,726,15,0
2237,895,727,16,0
2223,895,728,17,0
2239,895,731,18,0
2240,895,732,19,0
2206,895,734,20,0
2210,895,736,21,0
2209,895,737,22,0
1573,895,738,23,0
1276,895,740,24,0
1277,895,741,25,0
1021,895,742,26,0
1022,895,744,27,0
1023,895,745,28,0
1615,895,747,29,1
2373,4157,585,1,0
2343,4157,587,2,0
2344,4157,588,3,0
2375,4157,589,4,0
2303,4157,590,5,0
2304,4157,592,6,0
2322,4157,594,7,0
2307,4157,595,8,0
2308,4157,597,9,0
2319,4157,598,10,0
2311,4157,599,11,0
2312,4157,600,12,0
2313,4157,601,13,0
2236,4157,603,14,0
2238,4157,605,15,0
2237,4157,606,16,0
2223,4157,607,17,0
2239,4157,610,18,0
2240,4157,611,19,0
2206,4157,613,20,0
2210,4157,615,21,0
2209,4157,616,22,0
1573,4157,617,23,0
1276,4157,619,24,0
1277,4157,620,25,0
1021,4157,621,26,0
1022,4157,623,27,0
1023,4157,624,28,0
1615,4157,626,29,1
2373,1258,410,1,0
2343,1258,412,2,0
2344,1258,413,3,0
2375,1258,414,4,0
2303,1258,415,5,0
2304,1258,416,6,0
2322,1258,418,7,0
2307,1258,419,8,0
2308,1258,421,9,0
2319,1258,422,10,0
2311,1258,423,11,0
2312,1258,424,12,0
2313,1258,425,13,0
2236,1258,427,14,0
2238,1258,429,15,0
2237,1258,430,16,0
2223,1258,431,17,0
2239,1258,434,18,0
2240,1258,435,19,0
2206,1258,437,20,0
2210,1258,439,21,0
2209,1258,440,22,0
1573,1258,441,23,0
1276,1258,443,24,0
1277,1258,444,25,0
1021,1258,445,26,0
1022,1258,446,27,0
1023,1258,447,28,0
1615,1258,449,29,1
1501,5682,1040,1,0
1017,5682,1041,2,0
1018,5682,1043,3,0
1019,5682,1045,4,0
1264,5682,1046,5,0
1265,5682,1047,6,0
1020,5682,1048,7,0
2208,5682,1049,8,0
2207,5682,1051,9,0
2211,5682,1053,10,0
2241,5682,1055,11,0
2245,5682,1055,12,0
2233,5682,1058,13,0
2243,5682,1059,14,0
2242,5682,1060,15,0
2244,5682,1061,16,0
2315,5682,1063,17,0
2316,5682,1064,18,0
2317,5682,1065,19,0
2309,5682,1066,20,0
2320,5682,1068,21,0
2321,5682,1070,22,0
2305,5682,1071,23,0
2323,5682,1073,24,0
2324,5682,1075,25,0
2374,5682,1076,26,0
2331,5682,1077,27,0
2332,5682,1078,28,0
2373,5682,1081,29,1
2338,5663,935,1,0
2339,5663,936,2,0
2340,5663,937,3,0
2341,5663,938,4,0
2373,5663,940,5,0
2343,5663,942,6,0
2344,5663,943,7,0
2375,5663,944,8,0
2303,5663,945,9,0
2304,5663,946,10,0
2322,5663,948,11,0
2307,5663,949,12,0
2308,5663,951,13,0
2319,5663,952,14,0
2311,5663,953,15,0
2312,5663,954,16,0
2313,5663,955,17,0
2236,5663,957,18,0
2238,5663,959,19,0
2237,5663,960,20,0
2223,5663,961,21,0
2239,5663,964,22,0
2240,5663,964,23,0
2206,5663,966,24,0
2210,5663,968,25,0
2209,5663,969,26,0
1573,5663,970,27,0
1276,5663,971,28,0
1277,5663,972,29,0
1021,5663,973,30,0
1022,5663,974,31,0
1023,5663,975,32,0
1615,5663,977,33,1
1056,1224,600,1,0
1265,1224,605,2,0
1020,1224,607,3,0
2208,1224,608,4,0
2207,1224,610,5,0
2211,1224,612,6,0
2241,1224,613,7,0
2245,1224,614,8,0
2233,1224,616,9,0
2243,1224,617,10,0
2242,1224,618,11,0
2244,1224,619,12,0
2315,1224,621,13,0
2316,1224,622,14,0
2317,1224,623,15,0
2309,1224,624,16,0
2320,1224,625,17,0
2321,1224,627,18,0
2305,1224,628,19,0
2323,1224,630,20,0
2324,1224,632,21,0
2374,1224,633,22,0
2331,1224,634,23,0
2332,1224,635,24,0
2373,1224,638,25,1
1501,1210,1475,1,0
1017,1210,1476,2,0
1018,1210,1477,3,0
1019,1210,1479,4,0
1264,1210,1480,5,0
1265,1210,1481,6,0
1020,1210,1482,7,0
2208,1210,1483,8,0
2207,1210,1484,9,0
2211,1210,1486,10,0
2241,1210,1488,11,0
2245,1210,1488,12,0
2233,1210,1491,13,0
2243,1210,1492,14,0
2242,1210,1493,15,0
2244,1210,1494,16,0
2315,1210,1496,17,0
2316,1210,1497,18,0
2317,1210,1498,19,0
2309,1210,1499,20,0
2320,1210,1500,21,0
2321,1210,1502,22,0
2305,1210,1503,23,0
2323,1210,1505,24,0
2324,1210,1506,25,0
2374,1210,1507,26,0
2331,1210,1508,27,0
2332,1210,1509,28,0
2353,1210,1511,29,0
2334,1210,1513,30,0
2335,1210,1514,31,0
2336,1210,1515,32,0
2337,1210,1517,33,1
2373,2753,530,1,0
2343,2753,532,2,0
2344,2753,533,3,0
2375,2753,534,4,0
2303,2753,535,5,0
2304,2753,537,6,0
2322,2753,539,7,0
2307,2753,540,8,0
2308,2753,542,9,0
2319,2753,543,10,0
2311,2753,544,11,0
2312,2753,545,12,0
2313,2753,546,13,0
2236,2753,548,14,0
2238,2753,550,15,0
2237,2753,551,16,0
2223,2753,552,17,0
2239,2753,555,18,0
2240,2753,556,19,0
2206,2753,558,20,0
2210,2753,560,21,0
2209,2753,561,22,0
1573,2753,562,23,0
1276,2753,564,24,0
1277,2753,565,25,0
1021,2753,566,26,0
1022,2753,568,27,0
1023,2753,569,28,0
1615,2753,571,29,1
1501,2763,765,1,0
1017,2763,766,2,0
1018,2763,767,3,0
1019,2763,769,4,0
1264,2763,770,5,0
1265,2763,771,6,0
1020,2763,772,7,0
2208,2763,773,8,0
2207,2763,775,9,0
2211,2763,777,10,0
2241,2763,779,11,0
2245,2763,779,12,0
2233,2763,782,13,0
2243,2763,783,14,0
2242,2763,784,15,0
2244,2763,785,16,0
2315,2763,787,17,0
2316,2763,788,18,0
2317,2763,789,19,0
2309,2763,790,20,0
2320,2763,792,21,0
2321,2763,794,22,0
2305,2763,795,23,0
2323,2763,797,24,0
2324,2763,799,25,0
2374,2763,800,26,0
2331,2763,801,27,0
2332,2763,802,28,0
2373,2763,805,29,1
1501,785,1110,1,0
1017,785,1111,2,0
1018,785,1113,3,0
1019,785,1115,4,0
1264,785,1116,5,0
1265,785,1117,6,0
1020,785,1118,7,0
2208,785,1120,8,0
2207,785,1122,9,0
2211,785,1125,10,0
2241,785,1127,11,0
2245,785,1127,12,0
2233,785,1130,13,0
2243,785,1131,14,0
2242,785,1132,15,0
2244,785,1134,16,0
2315,785,1136,17,0
2316,785,1137,18,0
2317,785,1138,19,0
2309,785,1139,20,0
2320,785,1140,21,0
2321,785,1142,22,0
2305,785,1143,23,0
2323,785,1145,24,0
2324,785,1147,25,0
2374,785,1148,26,0
2331,785,1149,27,0
2332,785,1150,28,0
2373,785,1153,29,1
2373,2702,390,1,0
2343,2702,392,2,0
2344,2702,393,3,0
2375,2702,394,4,0
2303,2702,395,5,0
2304,2702,396,6,0
2322,2702,398,7,0
2307,2702,399,8,0
2308,2702,401,9,0
2319,2702,402,10,0
2311,2702,403,11,0
2312,2702,404,12,0
2313,2702,405,13,0
2236,2702,407,14,0
2238,2702,408,15,0
2237,2702,409,16,0
2223,2702,410,17,0
2239,2702,413,18,0
2240,2702,413,19,0
2206,2702,415,20,0
2210,2702,417,21,0
2209,2702,418,22,0
1573,2702,419,23,0
1276,2702,421,24,0
1477,2702,426,25,1
1501,2707,835,1,0
1017,2707,836,2,0
1018,2707,837,3,0
1019,2707,839,4,0
1264,2707,840,5,0
1265,2707,841,6,0
1020,2707,842,7,0
2208,2707,843,8,0
2207,2707,845,9,0
2211,2707,847,10,0
2241,2707,849,11,0
2245,2707,849,12,0
2233,2707,852,13,0
2243,2707,853,14,0
2242,2707,854,15,0
2244,2707,855,16,0
2315,2707,857,17,0
2316,2707,858,18,0
2317,2707,859,19,0
2309,2707,860,20,0
2320,2707,862,21,0
2321,2707,864,22,0
2305,2707,865,23,0
2323,2707,867,24,0
2324,2707,869,25,0
2374,2707,870,26,0
2331,2707,871,27,0
2332,2707,872,28,0
2373,2707,875,29,1
2373,765,1125,1,0
2343,765,1127,2,0
2344,765,1128,3,0
2375,765,1129,4,0
2303,765,1130,5,0
2304,765,1132,6,0
2322,765,1134,7,0
2307,765,1135,8,0
2308,765,1137,9,0
2319,765,1138,10,0
2311,765,1139,11,0
2312,765,1140,12,0
2313,765,1141,13,0
2236,765,1143,14,0
2238,765,1145,15,0
2237,765,1146,16,0
2223,765,1147,17,0
2239,765,1150,18,0
2240,765,1151,19,0
2206,765,1153,20,0
2210,765,1155,21,0
2209,765,1156,22,0
1573,765,1157,23,0
1276,765,1158,24,0
1277,765,1159,25,0
1021,765,1160,26,0
1022,765,1162,27,0
1023,765,1163,28,0
1615,765,1165,29,1
2373,761,1180,1,0
2343,761,1182,2,0
2344,761,1183,3,0
2375,761,1184,4,0
2303,761,1185,5,0
2304,761,1187,6,0
2322,761,1189,7,0
2307,761,1190,8,0
2308,761,1192,9,0
2319,761,1193,10,0
2311,761,1194,11,0
2312,761,1195,12,0
2313,761,1196,13,0
2236,761,1198,14,0
2238,761,1199,15,0
2237,761,1200,16,0
2223,761,1201,17,0
2239,761,1204,18,0
2240,761,1205,19,0
2206,761,1207,20,0
2210,761,1209,21,0
2209,761,1210,22,0
1573,761,1211,23,0
1276,761,1212,24,0
1277,761,1213,25,0
1021,761,1214,26,0
1022,761,1215,27,0
1023,761,1216,28,0
1615,761,1218,29,1
2373,2735,1145,1,0
2343,2735,1147,2,0
2344,2735,1148,3,0
2375,2735,1149,4,0
2303,2735,1150,5,0
2304,2735,1152,6,0
2322,2735,1154,7,0
2307,2735,1155,8,0
2308,2735,1157,9,0
2319,2735,1158,10,0
2311,2735,1159,11,0
2312,2735,1160,12,0
2313,2735,1161,13,0
2236,2735,1163,14,0
2238,2735,1165,15,0
2237,2735,1166,16,0
2223,2735,1167,17,0
2239,2735,1170,18,0
2240,2735,1170,19,0
2206,2735,1172,20,0
2210,2735,1174,21,0
2209,2735,1175,22,0
1573,2735,1176,23,0
1276,2735,1177,24,0
1277,2735,1178,25,0
1021,2735,1179,26,0
1022,2735,1181,27,0
1023,2735,1182,28,0
1615,2735,1184,29,1
2373,1189,995,1,0
2343,1189,997,2,0
2344,1189,998,3,0
2375,1189,999,4,0
2303,1189,1000,5,0
2304,1189,1002,6,0
2322,1189,1004,7,0
2307,1189,1005,8,0
2308,1189,1007,9,0
2319,1189,1008,10,0
2311,1189,1009,11,0
2312,1189,1010,12,0
2313,1189,1011,13,0
2236,1189,1013,14,0
2238,1189,1015,15,0
2237,1189,1016,16,0
2223,1189,1017,17,0
2239,1189,1020,18,0
2240,1189,1021,19,0
2206,1189,1023,20,0
2210,1189,1025,21,0
2209,1189,1026,22,0
1573,1189,1027,23,0
1276,1189,1029,24,0
1277,1189,1030,25,0
1021,1189,1031,26,0
1022,1189,1033,27,0
1023,1189,1034,28,0
1615,1189,1036,29,1
1501,5509,1245,1,0
1017,5509,1246,2,0
1018,5509,1247,3,0
1019,5509,1249,4,0
1264,5509,1250,5,0
1265,5509,1251,6,0
1020,5509,1252,7,0
2208,5509,1253,8,0
2207,5509,1254,9,0
2211,5509,1256,10,0
2241,5509,1258,11,0
2245,5509,1258,12,0
2233,5509,1261,13,0
2243,5509,1262,14,0
2242,5509,1263,15,0
2244,5509,1264,16,0
2315,5509,1266,17,0
2316,5509,1267,18,0
2317,5509,1268,19,0
2309,5509,1269,20,0
2320,5509,1270,21,0
2321,5509,1272,22,0
2305,5509,1273,23,0
2323,5509,1275,24,0
2324,5509,1276,25,0
2374,5509,1277,26,0
2331,5509,1278,27,0
2332,5509,1279,28,0
2353,5509,1281,29,0
2334,5509,1283,30,0
2335,5509,1284,31,0
2336,5509,1285,32,0
2337,5509,1287,33,1
2373,5525,510,1,0
2343,5525,512,2,0
2344,5525,513,3,0
2375,5525,514,4,0
2303,5525,515,5,0
2304,5525,517,6,0
2322,5525,519,7,0
2307,5525,520,8,0
2308,5525,522,9,0
2319,5525,523,10,0
2311,5525,524,11,0
2312,5525,525,12,0
2313,5525,526,13,0
2236,5525,528,14,0
2238,5525,529,15,0
2237,5525,530,16,0
2223,5525,531,17,0
2239,5525,534,18,0
2240,5525,535,19,0
2206,5525,537,20,0
2210,5525,539,21,0
2209,5525,540,22,0
1573,5525,541,23,0
1276,5525,543,24,0
1477,5525,548,25,1
1265,5522,391,3,0
1020,5522,392,4,0
2208,5522,393,5,0
2207,5522,394,6,0
2211,5522,396,7,0
2241,5522,397,8,0
2245,5522,398,9,0
2233,5522,400,10,0
2243,5522,401,11,0
2242,5522,401,12,0
2244,5522,402,13,0
2315,5522,404,14,0
2316,5522,405,15,0
2317,5522,405,16,0
2309,5522,406,17,0
2320,5522,407,18,0
2321,5522,409,19,0
2305,5522,410,20,0
2323,5522,412,21,0
2324,5522,413,22,0
2374,5522,414,23,0
2331,5522,415,24,0
2332,5522,416,25,0
2373,5522,419,26,1
1501,5575,475,1,0
1017,5575,476,2,0
1018,5575,477,3,0
1019,5575,480,4,0
1264,5575,481,5,0
1265,5575,482,6,0
1020,5575,483,7,0
2208,5575,485,8,0
2207,5575,487,9,0
2211,5575,490,10,0
2241,5575,491,11,0
2245,5575,492,12,0
2233,5575,494,13,0
2243,5575,495,14,0
2242,5575,496,15,0
2244,5575,498,16,0
2314,5575,499,17,0
2315,5575,501,18,0
2316,5575,502,19,0
2317,5575,503,20,0
2309,5575,504,21,0
2320,5575,506,22,0
2321,5575,508,23,0
2305,5575,509,24,0
2323,5575,511,25,0
2324,5575,513,26,0
2374,5575,514,27,0
2331,5575,515,28,0
2332,5575,516,29,0
2373,5575,519,30,1
1501,1147,1225,1,0
1017,1147,1226,2,0
1018,1147,1227,3,0
1019,1147,1229,4,0
1264,1147,1230,5,0
1265,1147,1231,6,0
1020,1147,1232,7,0
2208,1147,1233,8,0
2207,1147,1234,9,0
2211,1147,1236,10,0
2241,1147,1237,11,0
2245,1147,1238,12,0
2233,1147,1240,13,0
2243,1147,1241,14,0
2242,1147,1242,15,0
2244,1147,1243,16,0
2315,1147,1245,17,0
2316,1147,1246,18,0
2317,1147,1247,19,0
2309,1147,1248,20,0
2320,1147,1249,21,0
2321,1147,1251,22,0
2305,1147,1252,23,0
2323,1147,1254,24,0
2324,1147,1256,25,0
2374,1147,1257,26,0
2331,1147,1258,27,0
2332,1147,1259,28,0
2373,1147,1262,29,1
1501,5577,858,1,0
1017,5577,859,2,0
1018,5577,861,3,0
1019,5577,863,4,0
1264,5577,864,5,0
1265,5577,865,6,0
1020,5577,866,7,0
2208,5577,867,8,0
2207,5577,868,9,0
2211,5577,870,10,0
2241,5577,872,11,0
2245,5577,872,12,0
2233,5577,875,13,0
2243,5577,876,14,0
2242,5577,877,15,0
2244,5577,878,16,0
2315,5577,880,17,0
2316,5577,881,18,0
2317,5577,882,19,0
2309,5577,883,20,0
2320,5577,884,21,0
2321,5577,886,22,0
2305,5577,887,23,0
2323,5577,889,24,0
2324,5577,891,25,0
2374,5577,892,26,0
2331,5577,893,27,0
2332,5577,894,28,0
2373,5577,897,29,1
2373,1135,1025,1,0
2343,1135,1027,2,0
2344,1135,1028,3,0
2375,1135,1029,4,0
2303,1135,1031,5,0
2304,1135,1032,6,0
2322,1135,1035,7,0
2307,1135,1036,8,0
2308,1135,1038,9,0
2319,1135,1039,10,0
2311,1135,1040,11,0
2312,1135,1041,12,0
2313,1135,1042,13,0
2314,1135,1044,14,0
2236,1135,1046,15,0
2238,1135,1048,16,0
2237,1135,1049,17,0
2223,1135,1050,18,0
2239,1135,1054,19,0
2240,1135,1055,20,0
2206,1135,1058,21,0
2210,1135,1060,22,0
2209,1135,1062,23,0
1573,1135,1063,24,0
1276,1135,1065,25,0
1277,1135,1066,26,0
1021,1135,1067,27,0
1022,1135,1069,28,0
1023,1135,1071,29,0
1615,1135,1073,30,1
1056,602,765,1,0
1265,602,770,2,0
1020,602,772,3,0
2208,602,773,4,0
2207,602,774,5,0
2211,602,776,6,0
2241,602,778,7,0
2245,602,778,8,0
2233,602,781,9,0
2243,602,782,10,0
2242,602,783,11,0
2244,602,784,12,0
2315,602,786,13,0
2316,602,787,14,0
2317,602,788,15,0
2309,602,789,16,0
2320,602,790,17,0
2321,602,792,18,0
2305,602,793,19,0
2323,602,795,20,0
2324,602,797,21,0
2374,602,798,22,0
2331,602,799,23,0
2332,602,800,24,0
2373,602,803,25,1
2373,613,445,1,0
2343,613,447,2,0
2344,613,448,3,0
2375,613,449,4,0
2303,613,450,5,0
2304,613,452,6,0
2322,613,454,7,0
2307,613,455,8,0
2308,613,457,9,0
2319,613,458,10,0
2311,613,459,11,0
2312,613,460,12,0
2313,613,461,13,0
2236,613,463,14,0
2238,613,465,15,0
2237,613,466,16,0
2223,613,467,17,0
2239,613,470,18,0
2240,613,471,19,0
2206,613,473,20,0
2210,613,475,21,0
2209,613,476,22,0
1573,613,477,23,0
1276,613,479,24,0
1277,613,480,25,0
1021,613,481,26,0
1022,613,483,27,0
1023,613,484,28,0
1615,613,486,29,1
1501,678,975,1,0
1017,678,976,2,0
1018,678,977,3,0
1019,678,979,4,0
1264,678,980,5,0
1265,678,981,6,0
1020,678,982,7,0
2208,678,983,8,0
2207,678,985,9,0
2211,678,987,10,0
2241,678,989,11,0
2245,678,989,12,0
2233,678,992,13,0
2243,678,993,14,0
2242,678,994,15,0
2244,678,996,16,0
2315,678,998,17,0
2316,678,999,18,0
2317,678,1000,19,0
2309,678,1001,20,0
2320,678,1003,21,0
2321,678,1005,22,0
2305,678,1006,23,0
2323,678,1009,24,0
2324,678,1010,25,0
2374,678,1012,26,0
2331,678,1013,27,0
2332,678,1014,28,0
2373,678,1017,29,1
1501,677,920,1,0
1017,677,921,2,0
1018,677,923,3,0
1019,677,925,4,0
1264,677,926,5,0
1265,677,927,6,0
1020,677,928,7,0
2208,677,929,8,0
2207,677,931,9,0
2211,677,933,10,0
2241,677,935,11,0
2245,677,935,12,0
2233,677,938,13,0
2243,677,939,14,0
2242,677,940,15,0
2244,677,941,16,0
2315,677,943,17,0
2316,677,944,18,0
2317,677,945,19,0
2309,677,946,20,0
2320,677,947,21,0
2321,677,949,22,0
2305,677,950,23,0
2323,677,952,24,0
2324,677,954,25,0
2374,677,955,26,0
2331,677,956,27,0
2332,677,957,28,0
2373,677,960,29,1
2373,2625,1240,1,0
2343,2625,1242,2,0
2344,2625,1243,3,0
2375,2625,1244,4,0
2303,2625,1245,5,0
2304,2625,1247,6,0
2322,2625,1249,7,0
2307,2625,1250,8,0
2308,2625,1252,9,0
2319,2625,1253,10,0
2311,2625,1254,11,0
2312,2625,1255,12,0
2313,2625,1256,13,0
2236,2625,1258,14,0
2238,2625,1259,15,0
2237,2625,1260,16,0
2223,2625,1261,17,0
2239,2625,1264,18,0
2240,2625,1265,19,0
2206,2625,1267,20,0
2210,2625,1269,21,0
2209,2625,1270,22,0
1573,2625,1271,23,0
1276,2625,1272,24,0
1277,2625,1273,25,0
1021,2625,1274,26,0
1022,2625,1275,27,0
1023,2625,1276,28,0
1615,2625,1278,29,1
2373,2635,985,1,0
2343,2635,987,2,0
2344,2635,988,3,0
2375,2635,989,4,0
2303,2635,991,5,0
2304,2635,992,6,0
2322,2635,995,7,0
2307,2635,996,8,0
2308,2635,998,9,0
2319,2635,999,10,0
2311,2635,1000,11,0
2312,2635,1001,12,0
2313,2635,1002,13,0
2314,2635,1004,14,0
2236,2635,1006,15,0
2238,2635,1008,16,0
2237,2635,1009,17,0
2223,2635,1010,18,0
2239,2635,1013,19,0
2240,2635,1014,20,0
2206,2635,1016,21,0
2210,2635,1018,22,0
2209,2635,1020,23,0
1573,2635,1021,24,0
1276,2635,1023,25,0
1277,2635,1024,26,0
1021,2635,1025,27,0
1022,2635,1027,28,0
1023,2635,1029,29,0
1615,2635,1031,30,1
2373,2602,646,1,0
2343,2602,648,2,0
2344,2602,649,3,0
2375,2602,650,4,0
2303,2602,651,5,0
2304,2602,653,6,0
2322,2602,655,7,0
2307,2602,656,8,0
2308,2602,658,9,0
2319,2602,659,10,0
2311,2602,660,11,0
2312,2602,661,12,0
2313,2602,662,13,0
2236,2602,664,14,0
2238,2602,666,15,0
2237,2602,667,16,0
2223,2602,668,17,0
2239,2602,671,18,0
2240,2602,672,19,0
2206,2602,674,20,0
2210,2602,676,21,0
2209,2602,677,22,0
1573,2602,678,23,0
1276,2602,680,24,0
1477,2602,685,25,1
2373,2600,873,1,0
2343,2600,875,2,0
2344,2600,876,3,0
2375,2600,877,4,0
2303,2600,878,5,0
2304,2600,880,6,0
2322,2600,882,7,0
2307,2600,883,8,0
2308,2600,885,9,0
2319,2600,886,10,0
2311,2600,887,11,0
2312,2600,888,12,0
2313,2600,889,13,0
2236,2600,891,14,0
2238,2600,893,15,0
2237,2600,894,16,0
2223,2600,895,17,0
2239,2600,898,18,0
2240,2600,899,19,0
2206,2600,901,20,0
2210,2600,903,21,0
2209,2600,904,22,0
1573,2600,905,23,0
1276,2600,907,24,0
1277,2600,908,25,0
1021,2600,909,26,0
1022,2600,911,27,0
1023,2600,912,28,0
1615,2600,914,29,1
1056,638,690,1,0
1265,638,695,2,0
1020,638,697,3,0
2208,638,698,4,0
2207,638,700,5,0
2211,638,702,6,0
2241,638,703,7,0
2245,638,704,8,0
2233,638,706,9,0
2243,638,707,10,0
2242,638,708,11,0
2244,638,709,12,0
2315,638,711,13,0
2316,638,712,14,0
2317,638,713,15,0
2309,638,714,16,0
2320,638,715,17,0
2321,638,717,18,0
2305,638,718,19,0
2323,638,720,20,0
2324,638,722,21,0
2374,638,723,22,0
2331,638,724,23,0
2332,638,725,24,0
2373,638,728,25,1
1501,1083,615,1,0
1017,1083,616,2,0
1018,1083,617,3,0
1019,1083,620,4,0
1264,1083,621,5,0
1265,1083,622,6,0
1020,1083,623,7,0
2208,1083,624,8,0
2207,1083,626,9,0
2211,1083,628,10,0
2241,1083,630,11,0
2245,1083,630,12,0
2233,1083,633,13,0
2243,1083,634,14,0
2242,1083,635,15,0
2244,1083,636,16,0
2315,1083,638,17,0
2316,1083,639,18,0
2317,1083,640,19,0
2309,1083,641,20,0
2320,1083,643,21,0
2321,1083,645,22,0
2305,1083,646,23,0
2323,1083,648,24,0
2324,1083,650,25,0
2374,1083,651,26,0
2331,1083,652,27,0
2332,1083,653,28,0
2373,1083,656,29,1
1501,1081,1005,1,0
1017,1081,1006,2,0
1018,1081,1007,3,0
1019,1081,1009,4,0
1264,1081,1010,5,0
1265,1081,1011,6,0
1020,1081,1012,7,0
2208,1081,1013,8,0
2207,1081,1014,9,0
2211,1081,1016,10,0
2241,1081,1017,11,0
2245,1081,1018,12,0
2233,1081,1020,13,0
2243,1081,1021,14,0
2242,1081,1022,15,0
2244,1081,1024,16,0
2315,1081,1026,17,0
2316,1081,1027,18,0
2317,1081,1028,19,0
2309,1081,1029,20,0
2320,1081,1030,21,0
2321,1081,1032,22,0
2305,1081,1033,23,0
2323,1081,1035,24,0
2324,1081,1037,25,0
2374,1081,1038,26,0
2331,1081,1039,27,0
2332,1081,1040,28,0
2353,1081,1042,29,0
2334,1081,1044,30,0
2335,1081,1045,31,0
2336,1081,1046,32,0
2337,1081,1047,33,1
1265,4351,561,3,0
1020,4351,562,4,0
2208,4351,563,5,0
2207,4351,564,6,0
2211,4351,566,7,0
2241,4351,567,8,0
2245,4351,568,9,0
2233,4351,570,10,0
2243,4351,571,11,0
2242,4351,572,12,0
2244,4351,573,13,0
2315,4351,575,14,0
2316,4351,576,15,0
2317,4351,577,16,0
2309,4351,578,17,0
2320,4351,579,18,0
2321,4351,581,19,0
2305,4351,582,20,0
2323,4351,584,21,0
2324,4351,586,22,0
2374,4351,587,23,0
2331,4351,588,24,0
2332,4351,589,25,0
2373,4351,592,26,1
1056,2571,645,1,0
1265,2571,650,2,0
1020,2571,652,3,0
2208,2571,653,4,0
2207,2571,655,5,0
2211,2571,657,6,0
2241,2571,658,7,0
2245,2571,659,8,0
2233,2571,661,9,0
2243,2571,662,10,0
2242,2571,663,11,0
2244,2571,664,12,0
2315,2571,666,13,0
2316,2571,667,14,0
2317,2571,668,15,0
2309,2571,669,16,0
2320,2571,670,17,0
2321,2571,672,18,0
2305,2571,673,19,0
2323,2571,675,20,0
2324,2571,677,21,0
2374,2571,678,22,0
2331,2571,679,23,0
2332,2571,680,24,0
2373,2571,683,25,1
1501,4365,1125,1,0
1017,4365,1126,2,0
1018,4365,1127,3,0
1019,4365,1129,4,0
1264,4365,1130,5,0
1265,4365,1131,6,0
1020,4365,1132,7,0
2208,4365,1133,8,0
2207,4365,1134,9,0
2211,4365,1136,10,0
2241,4365,1138,11,0
2245,4365,1138,12,0
2233,4365,1141,13,0
2243,4365,1142,14,0
2242,4365,1143,15,0
2244,4365,1145,16,0
2315,4365,1147,17,0
2316,4365,1148,18,0
2317,4365,1149,19,0
2309,4365,1150,20,0
2320,4365,1151,21,0
2321,4365,1153,22,0
2305,4365,1154,23,0
2323,4365,1156,24,0
2324,4365,1158,25,0
2374,4365,1159,26,0
2331,4365,1160,27,0
2332,4365,1161,28,0
2353,4365,1163,29,0
2334,4365,1165,30,0
2335,4365,1166,31,0
2336,4365,1167,32,0
2337,4365,1168,33,1
2338,4342,335,1,0
2339,4342,336,2,0
2340,4342,337,3,0
2341,4342,338,4,0
2373,4342,340,5,0
2343,4342,342,6,0
2344,4342,343,7,0
2375,4342,344,8,0
2303,4342,345,9,0
2304,4342,346,10,0
2322,4342,348,11,0
2307,4342,349,12,0
2308,4342,351,13,0
2319,4342,352,14,0
2311,4342,353,15,0
2312,4342,354,16,0
2313,4342,355,17,0
2236,4342,357,18,0
2238,4342,358,19,0
2237,4342,359,20,0
2223,4342,360,21,0
2239,4342,363,22,0
2240,4342,363,23,0
2206,4342,365,24,0
2210,4342,367,25,0
2209,4342,368,26,0
1573,4342,369,27,0
1276,4342,370,28,0
1277,4342,371,29,0
1021,4342,372,30,0
1022,4342,373,31,0
1023,4342,374,32,0
1615,4342,376,33,1
1501,4339,515,1,0
1017,4339,516,2,0
1018,4339,517,3,0
1019,4339,519,4,0
1264,4339,520,5,0
1265,4339,521,6,0
1020,4339,522,7,0
2208,4339,524,8,0
2207,4339,526,9,0
2211,4339,529,10,0
2241,4339,531,11,0
2245,4339,531,12,0
2233,4339,534,13,0
2243,4339,535,14,0
2242,4339,536,15,0
2244,4339,538,16,0
2315,4339,540,17,0
2316,4339,541,18,0
2317,4339,542,19,0
2309,4339,543,20,0
2320,4339,545,21,0
2321,4339,547,22,0
2305,4339,548,23,0
2323,4339,550,24,0
2324,4339,552,25,0
2374,4339,553,26,0
2331,4339,554,27,0
2332,4339,555,28,0
2373,4339,558,29,1
2338,2541,1425,1,0
2339,2541,1426,2,0
2340,2541,1427,3,0
2341,2541,1428,4,0
2373,2541,1430,5,0
2343,2541,1432,6,0
2344,2541,1433,7,0
2375,2541,1434,8,0
2303,2541,1435,9,0
2304,2541,1436,10,0
2322,2541,1438,11,0
2307,2541,1439,12,0
2308,2541,1441,13,0
2319,2541,1442,14,0
2311,2541,1443,15,0
2312,2541,1444,16,0
2313,2541,1445,17,0
2236,2541,1447,18,0
2238,2541,1448,19,0
2237,2541,1449,20,0
2223,2541,1450,21,0
2239,2541,1453,22,0
2240,2541,1453,23,0
2206,2541,1455,24,0
2210,2541,1457,25,0
2209,2541,1458,26,0
1573,2541,1459,27,0
1276,2541,1460,28,0
1277,2541,1461,29,0
1021,2541,1462,30,0
1022,2541,1463,31,0
1023,2541,1464,32,0
1615,2541,1466,33,1
2373,4303,1088,1,0
2343,4303,1090,2,0
2344,4303,1091,3,0
2375,4303,1092,4,0
2303,4303,1093,5,0
2304,4303,1095,6,0
2322,4303,1097,7,0
2307,4303,1098,8,0
2308,4303,1100,9,0
2319,4303,1101,10,0
2311,4303,1102,11,0
2312,4303,1103,12,0
2313,4303,1104,13,0
2236,4303,1106,14,0
2238,4303,1108,15,0
2237,4303,1109,16,0
2223,4303,1110,17,0
2239,4303,1113,18,0
2240,4303,1114,19,0
2206,4303,1116,20,0
2210,4303,1118,21,0
2209,4303,1119,22,0
1573,4303,1120,23,0
1276,4303,1121,24,0
1277,4303,1122,25,0
1021,4303,1123,26,0
1022,4303,1125,27,0
1023,4303,1126,28,0
1615,4303,1128,29,1
2373,4308,425,1,0
2343,4308,427,2,0
2344,4308,428,3,0
2375,4308,429,4,0
2303,4308,430,5,0
2304,4308,432,6,0
2322,4308,434,7,0
2307,4308,435,8,0
2308,4308,437,9,0
2319,4308,438,10,0
2311,4308,439,11,0
2312,4308,440,12,0
2313,4308,441,13,0
2236,4308,443,14,0
2238,4308,444,15,0
2237,4308,445,16,0
2223,4308,446,17,0
2239,4308,449,18,0
2240,4308,449,19,0
2206,4308,451,20,0
2210,4308,453,21,0
2209,4308,454,22,0
1573,4308,455,23,0
1276,4308,457,24,0
1477,4308,462,25,1
2373,5333,1175,1,0
2343,5333,1177,2,0
2344,5333,1178,3,0
2375,5333,1179,4,0
2303,5333,1180,5,0
2304,5333,1182,6,0
2322,5333,1184,7,0
2307,5333,1185,8,0
2308,5333,1187,9,0
2319,5333,1188,10,0
2311,5333,1189,11,0
2312,5333,1190,12,0
2313,5333,1191,13,0
2236,5333,1193,14,0
2238,5333,1195,15,0
2237,5333,1196,16,0
2223,5333,1197,17,0
2239,5333,1200,18,0
2240,5333,1200,19,0
2206,5333,1202,20,0
2210,5333,1204,21,0
2209,5333,1205,22,0
1573,5333,1206,23,0
1276,5333,1207,24,0
1277,5333,1208,25,0
1021,5333,1209,26,0
1022,5333,1211,27,0
1023,5333,1212,28,0
1615,5333,1214,29,1
2373,6026,645,1,0
2343,6026,647,2,0
2344,6026,648,3,0
2375,6026,649,4,0
2303,6026,650,5,0
2304,6026,652,6,0
2322,6026,654,7,0
2307,6026,655,8,0
2308,6026,657,9,0
2319,6026,659,10,0
2311,6026,660,11,0
2312,6026,661,12,0
2313,6026,662,13,0
2236,6026,664,14,0
2238,6026,666,15,0
2237,6026,667,16,0
2223,6026,668,17,0
2239,6026,671,18,0
2240,6026,672,19,0
2206,6026,674,20,0
2210,6026,676,21,0
2209,6026,677,22,0
1573,6026,678,23,0
1276,6026,680,24,0
1277,6026,681,25,0
1021,6026,682,26,0
1022,6026,684,27,0
1023,6026,685,28,0
1615,6026,687,29,1
1265,6028,436,3,0
1020,6028,437,4,0
2208,6028,438,5,0
2207,6028,439,6,0
2211,6028,441,7,0
2241,6028,442,8,0
2245,6028,443,9,0
2233,6028,445,10,0
2243,6028,446,11,0
2242,6028,447,12,0
2244,6028,448,13,0
2315,6028,450,14,0
2316,6028,451,15,0
2317,6028,451,16,0
2309,6028,452,17,0
2320,6028,453,18,0
2321,6028,455,19,0
2305,6028,456,20,0
2323,6028,458,21,0
2324,6028,460,22,0
2374,6028,461,23,0
2331,6028,462,24,0
2332,6028,463,25,0
2373,6028,466,26,1
2338,5393,635,1,0
2339,5393,636,2,0
2340,5393,637,3,0
2341,5393,638,4,0
2373,5393,640,5,0
2343,5393,642,6,0
2344,5393,643,7,0
2375,5393,644,8,0
2303,5393,645,9,0
2304,5393,646,10,0
2322,5393,648,11,0
2307,5393,649,12,0
2308,5393,651,13,0
2319,5393,652,14,0
2311,5393,653,15,0
2312,5393,654,16,0
2313,5393,655,17,0
2236,5393,657,18,0
2238,5393,659,19,0
2237,5393,659,20,0
2223,5393,660,21,0
2239,5393,663,22,0
2240,5393,663,23,0
2206,5393,665,24,0
2210,5393,667,25,0
2209,5393,668,26,0
1573,5393,669,27,0
1276,5393,670,28,0
1277,5393,671,29,0
1021,5393,672,30,0
1022,5393,673,31,0
1023,5393,674,32,0
1615,5393,676,33,1
1501,5394,1135,1,0
1017,5394,1136,2,0
1018,5394,1137,3,0
1019,5394,1139,4,0
1264,5394,1140,5,0
1265,5394,1141,6,0
1020,5394,1142,7,0
2208,5394,1143,8,0
2207,5394,1144,9,0
2211,5394,1146,10,0
2241,5394,1148,11,0
2245,5394,1148,12,0
2233,5394,1151,13,0
2243,5394,1152,14,0
2242,5394,1153,15,0
2244,5394,1154,16,0
2315,5394,1156,17,0
2316,5394,1157,18,0
2317,5394,1158,19,0
2309,5394,1159,20,0
2320,5394,1161,21,0
2321,5394,1163,22,0
2305,5394,1164,23,0
2323,5394,1166,24,0
2324,5394,1168,25,0
2374,5394,1169,26,0
2331,5394,1170,27,0
2332,5394,1171,28,0
2373,5394,1174,29,1
2373,4028,945,1,0
2343,4028,947,2,0
2344,4028,948,3,0
2375,4028,949,4,0
2303,4028,950,5,0
2304,4028,952,6,0
2322,4028,954,7,0
2307,4028,955,8,0
2308,4028,957,9,0
2319,4028,959,10,0
2311,4028,960,11,0
2312,4028,961,12,0
2313,4028,962,13,0
2236,4028,965,14,0
2238,4028,968,15,0
2237,4028,969,16,0
2223,4028,970,17,0
2239,4028,973,18,0
2240,4028,974,19,0
2206,4028,976,20,0
2210,4028,978,21,0
2209,4028,979,22,0
1573,4028,980,23,0
1276,4028,982,24,0
1277,4028,983,25,0
1021,4028,984,26,0
1022,4028,986,27,0
1023,4028,987,28,0
1615,4028,989,29,1
1501,6260,990,1,0
1017,6260,991,2,0
1018,6260,992,3,0
1019,6260,994,4,0
1264,6260,995,5,0
1265,6260,996,6,0
1020,6260,997,7,0
2208,6260,998,8,0
2207,6260,1000,9,0
2211,6260,1003,10,0
2241,6260,1005,11,0
2245,6260,1005,12,0
2233,6260,1008,13,0
2243,6260,1009,14,0
2242,6260,1010,15,0
2244,6260,1012,16,0
2315,6260,1014,17,0
2316,6260,1015,18,0
2317,6260,1016,19,0
2309,6260,1017,20,0
2320,6260,1019,21,0
2321,6260,1021,22,0
2305,6260,1022,23,0
2323,6260,1025,24,0
2324,6260,1026,25,0
2374,6260,1028,26,0
2331,6260,1029,27,0
2332,6260,1030,28,0
2373,6260,1033,29,1
1501,6267,1220,1,0
1017,6267,1221,2,0
1018,6267,1222,3,0
1019,6267,1224,4,0
1264,6267,1225,5,0
1265,6267,1226,6,0
1020,6267,1227,7,0
2208,6267,1228,8,0
2207,6267,1229,9,0
2211,6267,1231,10,0
2241,6267,1233,11,0
2245,6267,1233,12,0
2233,6267,1236,13,0
2243,6267,1237,14,0
2242,6267,1238,15,0
2244,6267,1239,16,0
2315,6267,1241,17,0
2316,6267,1242,18,0
2317,6267,1243,19,0
2309,6267,1244,20,0
2320,6267,1245,21,0
2321,6267,1247,22,0
2305,6267,1248,23,0
2323,6267,1250,24,0
2324,6267,1252,25,0
2374,6267,1253,26,0
2331,6267,1254,27,0
2332,6267,1255,28,0
2373,6267,1258,29,1
1501,6250,1010,1,0
1017,6250,1011,2,0
1018,6250,1013,3,0
1019,6250,1015,4,0
1264,6250,1016,5,0
1265,6250,1017,6,0
1020,6250,1018,7,0
2208,6250,1019,8,0
2207,6250,1021,9,0
2211,6250,1024,10,0
2241,6250,1026,11,0
2245,6250,1026,12,0
2233,6250,1029,13,0
2243,6250,1030,14,0
2242,6250,1031,15,0
2244,6250,1033,16,0
2315,6250,1035,17,0
2316,6250,1036,18,0
2317,6250,1037,19,0
2309,6250,1038,20,0
2320,6250,1040,21,0
2321,6250,1042,22,0
2305,6250,1043,23,0
2323,6250,1046,24,0
2324,6250,1047,25,0
2374,6250,1049,26,0
2331,6250,1050,27,0
2332,6250,1051,28,0
2373,6250,1054,29,1
2373,4058,925,1,0
2343,4058,927,2,0
2344,4058,928,3,0
2375,4058,929,4,0
2303,4058,930,5,0
2304,4058,932,6,0
2322,4058,934,7,0
2307,4058,935,8,0
2308,4058,937,9,0
2319,4058,939,10,0
2311,4058,940,11,0
2312,4058,941,12,0
2313,4058,942,13,0
2236,4058,944,14,0
2238,4058,946,15,0
2237,4058,947,16,0
2223,4058,948,17,0
2239,4058,951,18,0
2240,4058,952,19,0
2206,4058,954,20,0
2210,4058,956,21,0
2209,4058,957,22,0
1573,4058,958,23,0
1276,4058,960,24,0
1277,4058,961,25,0
1021,4058,962,26,0
1022,4058,964,27,0
1023,4058,965,28,0
1615,4058,967,29,1
2373,6161,765,1,0
2343,6161,767,2,0
2344,6161,768,3,0
2375,6161,769,4,0
2303,6161,770,5,0
2304,6161,772,6,0
2322,6161,774,7,0
2307,6161,775,8,0
2308,6161,777,9,0
2319,6161,779,10,0
2311,6161,780,11,0
2312,6161,781,12,0
2313,6161,782,13,0
2236,6161,784,14,0
2238,6161,786,15,0
2237,6161,787,16,0
2223,6161,788,17,0
2239,6161,791,18,0
2240,6161,792,19,0
2206,6161,794,20,0
2210,6161,796,21,0
2209,6161,797,22,0
1573,6161,798,23,0
1276,6161,800,24,0
1277,6161,801,25,0
1021,6161,802,26,0
1022,6161,804,27,0
1023,6161,805,28,0
1615,6161,807,29,1
1501,6182,1185,1,0
1017,6182,1186,2,0
1018,6182,1187,3,0
1019,6182,1189,4,0
1264,6182,1190,5,0
1265,6182,1191,6,0
1020,6182,1192,7,0
2208,6182,1193,8,0
2207,6182,1194,9,0
2211,6182,1196,10,0
2241,6182,1198,11,0
2245,6182,1198,12,0
2233,6182,1201,13,0
2243,6182,1202,14,0
2242,6182,1203,15,0
2244,6182,1205,16,0
2315,6182,1207,17,0
2316,6182,1208,18,0
2317,6182,1209,19,0
2309,6182,1210,20,0
2320,6182,1211,21,0
2321,6182,1213,22,0
2305,6182,1214,23,0
2323,6182,1216,24,0
2324,6182,1218,25,0
2374,6182,1219,26,0
2331,6182,1220,27,0
2332,6182,1221,28,0
2353,6182,1223,29,0
2334,6182,1225,30,0
2335,6182,1226,31,0
2336,6182,1227,32,0
2337,6182,1228,33,1
1265,6423,471,3,0
1020,6423,472,4,0
2208,6423,473,5,0
2207,6423,474,6,0
2211,6423,476,7,0
2241,6423,477,8,0
2245,6423,478,9,0
2233,6423,480,10,0
2243,6423,481,11,0
2242,6423,482,12,0
2244,6423,483,13,0
2315,6423,485,14,0
2316,6423,486,15,0
2317,6423,487,16,0
2309,6423,488,17,0
2320,6423,489,18,0
2321,6423,491,19,0
2305,6423,492,20,0
2323,6423,494,21,0
2324,6423,496,22,0
2374,6423,497,23,0
2331,6423,498,24,0
2332,6423,499,25,0
2373,6423,502,26,1
2373,6408,615,1,0
2343,6408,617,2,0
2344,6408,618,3,0
2375,6408,619,4,0
2303,6408,620,5,0
2304,6408,622,6,0
2322,6408,624,7,0
2307,6408,625,8,0
2308,6408,627,9,0
2319,6408,628,10,0
2311,6408,629,11,0
2312,6408,630,12,0
2313,6408,631,13,0
2236,6408,633,14,0
2238,6408,635,15,0
2237,6408,636,16,0
2223,6408,637,17,0
2239,6408,640,18,0
2240,6408,641,19,0
2206,6408,643,20,0
2210,6408,645,21,0
2209,6408,646,22,0
1573,6408,647,23,0
1276,6408,649,24,0
1277,6408,650,25,0
1021,6408,651,26,0
1022,6408,653,27,0
1023,6408,654,28,0
1615,6408,656,29,1
1501,6465,1195,1,0
1017,6465,1196,2,0
1018,6465,1197,3,0
1019,6465,1199,4,0
1264,6465,1200,5,0
1265,6465,1201,6,0
1020,6465,1202,7,0
2208,6465,1203,8,0
2207,6465,1204,9,0
2211,6465,1206,10,0
2241,6465,1208,11,0
2245,6465,1208,12,0
2233,6465,1211,13,0
2243,6465,1212,14,0
2242,6465,1213,15,0
2244,6465,1214,16,0
2315,6465,1216,17,0
2316,6465,1217,18,0
2317,6465,1218,19,0
2309,6465,1219,20,0
2320,6465,1220,21,0
2321,6465,1222,22,0
2305,6465,1223,23,0
2323,6465,1225,24,0
2324,6465,1227,25,0
2374,6465,1228,26,0
2331,6465,1229,27,0
2332,6465,1230,28,0
2373,6465,1233,29,1
1501,6446,385,1,0
1017,6446,386,2,0
1018,6446,387,3,0
1019,6446,389,4,0
1264,6446,390,5,0
1265,6446,390,6,0
1020,6446,391,7,0
2208,6446,392,8,0
2207,6446,394,9,0
2211,6446,396,10,0
2241,6446,397,11,0
2245,6446,398,12,0
2233,6446,400,13,0
2243,6446,401,14,0
2242,6446,401,15,0
2244,6446,402,16,0
2315,6446,404,17,0
2316,6446,405,18,0
2317,6446,405,19,0
2309,6446,406,20,0
2320,6446,408,21,0
2321,6446,410,22,0
2305,6446,411,23,0
2323,6446,413,24,0
2324,6446,414,25,0
2374,6446,415,26,0
2331,6446,416,27,0
2332,6446,417,28,0
2373,6446,420,29,1
2373,6350,1120,1,0
2343,6350,1122,2,0
2344,6350,1123,3,0
2375,6350,1124,4,0
2303,6350,1125,5,0
2304,6350,1127,6,0
2322,6350,1129,7,0
2307,6350,1130,8,0
2308,6350,1132,9,0
2319,6350,1133,10,0
2311,6350,1134,11,0
2312,6350,1135,12,0
2313,6350,1136,13,0
2236,6350,1138,14,0
2238,6350,1139,15,0
2237,6350,1140,16,0
2223,6350,1141,17,0
2239,6350,1144,18,0
2240,6350,1145,19,0
2206,6350,1147,20,0
2210,6350,1149,21,0
2209,6350,1150,22,0
1573,6350,1151,23,0
1276,6350,1152,24,0
1277,6350,1153,25,0
1021,6350,1154,26,0
1022,6350,1156,27,0
1023,6350,1157,28,0
1615,6350,1159,29,1
2338,6382,1055,1,0
2339,6382,1056,2,0
2340,6382,1057,3,0
2341,6382,1058,4,0
2373,6382,1060,5,0
2343,6382,1062,6,0
2344,6382,1063,7,0
2375,6382,1064,8,0
2303,6382,1065,9,0
2304,6382,1067,10,0
2322,6382,1069,11,0
2307,6382,1070,12,0
2308,6382,1072,13,0
2319,6382,1073,14,0
2311,6382,1074,15,0
2312,6382,1075,16,0
2313,6382,1076,17,0
2236,6382,1078,18,0
2238,6382,1080,19,0
2237,6382,1081,20,0
2223,6382,1082,21,0
2239,6382,1085,22,0
2240,6382,1085,23,0
2206,6382,1087,24,0
2210,6382,1089,25,0
2209,6382,1091,26,0
1573,6382,1092,27,0
1276,6382,1094,28,0
1277,6382,1095,29,0
1021,6382,1096,30,0
1022,6382,1097,31,0
1023,6382,1098,32,0
1615,6382,1100,33,1
1056,6679,795,1,0
1265,6679,800,2,0
1020,6679,802,3,0
2208,6679,803,4,0
2207,6679,804,5,0
2211,6679,806,6,0
2241,6679,808,7,0
2245,6679,808,8,0
2233,6679,811,9,0
2243,6679,812,10,0
2242,6679,813,11,0
2244,6679,814,12,0
2315,6679,816,13,0
2316,6679,817,14,0
2317,6679,818,15,0
2309,6679,819,16,0
2320,6679,820,17,0
2321,6679,822,18,0
2305,6679,823,19,0
2323,6679,825,20,0
2324,6679,827,21,0
2374,6679,828,22,0
2331,6679,829,23,0
2332,6679,830,24,0
2373,6679,833,25,1
1501,6658,705,1,0
1017,6658,706,2,0
1018,6658,707,3,0
1019,6658,709,4,0
1264,6658,710,5,0
1265,6658,711,6,0
1020,6658,712,7,0
2208,6658,713,8,0
2207,6658,714,9,0
2211,6658,716,10,0
2241,6658,717,11,0
2245,6658,718,12,0
2233,6658,720,13,0
2243,6658,721,14,0
2242,6658,721,15,0
2244,6658,723,16,0
2315,6658,725,17,0
2316,6658,726,18,0
2317,6658,727,19,0
2309,6658,728,20,0
2320,6658,729,21,0
2321,6658,731,22,0
2305,6658,732,23,0
2323,6658,734,24,0
2324,6658,736,25,0
2374,6658,737,26,0
2331,6658,738,27,0
2332,6658,739,28,0
2353,6658,741,29,0
2334,6658,743,30,0
2335,6658,744,31,0
2336,6658,745,32,0
2337,6658,746,33,1
2338,6641,335,1,0
2339,6641,336,2,0
2340,6641,337,3,0
2341,6641,337,4,0
2343,6641,339,6,0
2344,6641,340,7,0
2303,6641,345,10,0
2304,6641,347,11,0
2322,6641,348,12,0
2307,6641,349,13,0
2308,6641,351,14,0
2319,6641,352,15,0
2311,6641,353,16,0
2312,6641,354,17,0
2313,6641,355,18,0
2236,6641,357,19,0
2238,6641,358,20,0
2237,6641,359,21,0
2223,6641,360,22,0
2239,6641,363,23,0
2240,6641,363,24,0
2206,6641,365,25,0
2210,6641,367,26,0
2209,6641,368,27,0
1573,6641,369,28,0
1276,6641,371,29,0
1477,6641,376,30,1
2373,1975,1028,1,0
2343,1975,1030,2,0
2344,1975,1031,3,0
2375,1975,1032,4,0
2303,1975,1033,5,0
2304,1975,1035,6,0
2322,1975,1037,7,0
2307,1975,1038,8,0
2308,1975,1040,9,0
2319,1975,1041,10,0
2311,1975,1042,11,0
2312,1975,1043,12,0
2313,1975,1044,13,0
2236,1975,1046,14,0
2238,1975,1048,15,0
2237,1975,1049,16,0
2223,1975,1050,17,0
2239,1975,1053,18,0
2240,1975,1054,19,0
2206,1975,1056,20,0
2210,1975,1058,21,0
2209,1975,1059,22,0
1573,1975,1060,23,0
1276,1975,1062,24,0
1277,1975,1063,25,0
1021,1975,1064,26,0
1022,1975,1066,27,0
1023,1975,1067,28,0
1615,1975,1069,29,1
2373,6558,675,1,0
2343,6558,677,2,0
2344,6558,678,3,0
2375,6558,679,4,0
2303,6558,680,5,0
2304,6558,682,6,0
2322,6558,684,7,0
2307,6558,685,8,0
2308,6558,687,9,0
2319,6558,689,10,0
2311,6558,690,11,0
2312,6558,691,12,0
2313,6558,692,13,0
2236,6558,694,14,0
2238,6558,696,15,0
2237,6558,697,16,0
2223,6558,698,17,0
2239,6558,701,18,0
2240,6558,702,19,0
2206,6558,704,20,0
2210,6558,706,21,0
2209,6558,707,22,0
1573,6558,708,23,0
1276,6558,710,24,0
1277,6558,711,25,0
1021,6558,712,26,0
1022,6558,714,27,0
1023,6558,715,28,0
1615,6558,717,29,1
2373,6583,885,1,0
2343,6583,887,2,0
2344,6583,888,3,0
2375,6583,889,4,0
2303,6583,890,5,0
2304,6583,892,6,0
2322,6583,894,7,0
2307,6583,895,8,0
2308,6583,897,9,0
2319,6583,899,10,0
2311,6583,900,11,0
2312,6583,901,12,0
2313,6583,902,13,0
2236,6583,904,14,0
2238,6583,906,15,0
2237,6583,907,16,0
2223,6583,908,17,0
2239,6583,911,18,0
2240,6583,912,19,0
2206,6583,914,20,0
2210,6583,916,21,0
2209,6583,917,22,0
1573,6583,918,23,0
1276,6583,920,24,0
1277,6583,921,25,0
1021,6583,922,26,0
1022,6583,924,27,0
1023,6583,925,28,0
1615,6583,927,29,1
2373,6520,810,1,0
2343,6520,812,2,0
2344,6520,813,3,0
2375,6520,814,4,0
2303,6520,815,5,0
2304,6520,817,6,0
2322,6520,819,7,0
2307,6520,820,8,0
2308,6520,822,9,0
2319,6520,823,10,0
2311,6520,824,11,0
2312,6520,825,12,0
2313,6520,826,13,0
2236,6520,828,14,0
2238,6520,830,15,0
2237,6520,831,16,0
2223,6520,832,17,0
2239,6520,835,18,0
2240,6520,836,19,0
2206,6520,838,20,0
2210,6520,840,21,0
2209,6520,841,22,0
1573,6520,842,23,0
1276,6520,844,24,0
1277,6520,845,25,0
1021,6520,846,26,0
1022,6520,848,27,0
1023,6520,849,28,0
1615,6520,851,29,1
2373,6541,691,1,0
2343,6541,693,2,0
2344,6541,694,3,0
2375,6541,695,4,0
2303,6541,696,5,0
2304,6541,698,6,0
2322,6541,700,7,0
2307,6541,701,8,0
2308,6541,703,9,0
2319,6541,704,10,0
2311,6541,705,11,0
2312,6541,706,12,0
2313,6541,707,13,0
2236,6541,709,14,0
2238,6541,711,15,0
2237,6541,712,16,0
2223,6541,713,17,0
2239,6541,716,18,0
2240,6541,717,19,0
2206,6541,719,20,0
2210,6541,721,21,0
2209,6541,722,22,0
1573,6541,723,23,0
1276,6541,725,24,0
1477,6541,730,25,1
