arret_id,trajet_id,heure_depart,stop_sequence,terminus
2366,29192,760,1,0
2365,29192,765,2,0
3922,29192,778,3,0
4366,29192,781,4,0
4360,29192,784,5,0
4358,29192,787,6,0
4374,29192,790,7,0
4367,29192,791,8,1
2366,29191,1030,1,0
2365,29191,1035,2,0
3922,29191,1048,3,0
4366,29191,1051,4,0
4360,29191,1054,5,0
4358,29191,1057,6,0
4374,29191,1060,7,0
4367,29191,1061,8,1
4364,29193,465,1,0
4375,29193,466,2,0
4358,29193,469,3,0
4359,29193,472,4,0
4365,29193,474,5,0
3923,29193,476,6,0
2365,29193,495,7,0
2366,29193,500,8,1
