arret_id,trajet_id,heure_depart,stop_sequence,terminus
popla1,33,1170,1,0
colvern2,33,1177,2,0
mailla2,33,1179,3,0
garvern2,33,1180,4,0
eclose2,33,1184,5,0
bellnou2,33,1185,6,0
centnov2,33,1186,7,0
chcente2,33,1187,8,0
langloi2,33,1189,9,0
parcspo1,33,1190,10,1
popla1,7026,690,1,0
colvern2,7026,697,2,0
mailla2,7026,699,3,0
garvern2,7026,700,4,0
eclose2,7026,704,5,0
bellnou2,7026,705,6,0
centnov2,7026,706,7,0
chcente2,7026,707,8,0
langloi2,7026,709,9,0
parcspo1,7026,710,10,1
popla1,3239,745,1,0
colvern2,3239,752,2,0
mailla2,3239,754,3,0
garvern2,3239,755,4,0
eclose2,3239,759,5,0
bellnou2,3239,760,6,0
centnov2,3239,761,7,0
chcente2,3239,762,8,0
langloi2,3239,764,9,0
parcspo1,3239,765,10,1
popla1,2169,1050,1,0
colvern2,2169,1057,2,0
mailla2,2169,1059,3,0
garvern2,2169,1060,4,0
eclose2,2169,1064,5,0
bellnou2,2169,1065,6,0
centnov2,2169,1066,7,0
chcente2,2169,1067,8,0
langloi2,2169,1069,9,0
parcspo1,2169,1070,10,1
parcspo1,3225,410,1,0
langloi1,3225,410,2,0
chcente1,3225,412,3,0
centnov1,3225,412,4,0
eclose1,3225,416,5,0
garvern1,3225,420,6,0
mailla1,3225,421,7,0
colvern1,3225,423,8,0
popla1,3225,432,9,1
popla1,2246,490,1,0
colvern2,2246,497,2,0
mailla2,2246,499,3,0
garvern2,2246,500,4,0
eclose2,2246,504,5,0
bellnou2,2246,505,6,0
centnov2,2246,506,7,0
chcente2,2246,507,8,0
langloi2,2246,509,9,0
parcspo1,2246,510,10,1
parcspo1,3423,1020,1,0
langloi1,3423,1020,2,0
chcente1,3423,1022,3,0
centnov1,3423,1022,4,0
eclose1,3423,1026,5,0
garvern1,3423,1030,6,0
mailla1,3423,1031,7,0
colvern1,3423,1033,8,0
popla1,3423,1040,9,1
parcspo1,3590,900,1,0
langloi1,3590,900,2,0
chcente1,3590,902,3,0
centnov1,3590,902,4,0
eclose1,3590,906,5,0
garvern1,3590,910,6,0
mailla1,3590,911,7,0
colvern1,3590,913,8,0
popla1,3590,920,9,1
popla1,3589,435,1,0
colvern2,3589,442,2,0
mailla2,3589,444,3,0
garvern2,3589,445,4,0
eclose2,3589,449,5,0
bellnou2,3589,450,6,0
centnov2,3589,451,7,0
chcente2,3589,452,8,0
langloi2,3589,454,9,0
parcspo1,3589,455,10,1
popla1,3821,870,1,0
colvern2,3821,878,2,0
mailla2,3821,880,3,0
garvern2,3821,881,4,0
eclose2,3821,885,5,0
bellnou2,3821,886,6,0
centnov2,3821,887,7,0
chcente2,3821,888,8,0
langloi2,3821,890,9,0
parcspo1,3821,891,10,1
popla1,3069,1230,1,0
colvern2,3069,1237,2,0
mailla2,3069,1239,3,0
garvern2,3069,1240,4,0
eclose2,3069,1244,5,0
bellnou2,3069,1245,6,0
centnov2,3069,1246,7,0
chcente2,3069,1247,8,0
langloi2,3069,1249,9,0
parcspo1,3069,1250,10,1
popla1,1841,785,1,0
colvern2,1841,792,2,0
mailla2,1841,794,3,0
garvern2,1841,795,4,0
eclose2,1841,799,5,0
bellnou2,1841,800,6,0
centnov2,1841,801,7,0
chcente2,1841,802,8,0
langloi2,1841,804,9,0
parcspo1,1841,805,10,1
popla1,1850,870,1,0
colvern2,1850,877,2,0
mailla2,1850,879,3,0
garvern2,1850,880,4,0
eclose2,1850,884,5,0
bellnou2,1850,885,6,0
centnov2,1850,886,7,0
chcente2,1850,887,8,0
langloi2,1850,889,9,0
parcspo1,1850,890,10,1
crotigne,1873,415,1,0
cxepine1,1873,416,2,0
drouais1,1873,418,3,0
jaunais1,1873,421,4,0
jaille1,1873,423,5,0
ptbeauv1,1873,425,6,0
epron1,1873,426,7,0
tertro1,1873,428,8,0
ourmais1,1873,430,9,0
langloi1,1873,430,10,1
popla1,4691,930,1,0
colvern2,4691,938,2,0
mailla2,4691,940,3,0
garvern2,4691,941,4,0
eclose2,4691,945,5,0
bellnou2,4691,946,6,0
centnov2,4691,947,7,0
chcente2,4691,948,8,0
langloi2,4691,950,9,0
parcspo1,4691,951,10,1
popla1,446,465,1,0
colvern2,446,472,2,0
mailla2,446,474,3,0
garvern2,446,475,4,0
eclose2,446,479,5,0
bellnou2,446,480,6,0
centnov2,446,481,7,0
chcente2,446,482,8,0
langloi2,446,484,9,0
parcspo1,446,485,10,1
popla1,6795,1035,1,0
colvern2,6795,1045,2,0
mailla2,6795,1047,3,0
garvern2,6795,1048,4,0
eclose2,6795,1052,5,0
bellnou2,6795,1053,6,0
centnov2,6795,1054,7,0
chcente2,6795,1055,8,0
langloi2,6795,1057,9,0
parcspo1,6795,1058,10,1
popla1,2877,630,1,0
colvern2,2877,637,2,0
mailla2,2877,639,3,0
garvern2,2877,640,4,0
eclose2,2877,644,5,0
bellnou2,2877,645,6,0
centnov2,2877,646,7,0
chcente2,2877,647,8,0
langloi2,2877,649,9,0
parcspo1,2877,650,10,1
parcspo1,1788,1080,1,0
langloi1,1788,1080,2,0
chcente1,1788,1082,3,0
centnov1,1788,1082,4,0
eclose1,1788,1086,5,0
garvern1,1788,1090,6,0
mailla1,1788,1091,7,0
colvern1,1788,1093,8,0
popla1,1788,1100,9,1
popla1,2813,1065,1,0
colvern2,2813,1075,2,0
mailla2,2813,1077,3,0
garvern2,2813,1078,4,0
eclose2,2813,1082,5,0
bellnou2,2813,1083,6,0
centnov2,2813,1084,7,0
chcente2,2813,1085,8,0
langloi2,2813,1087,9,0
parcspo1,2813,1088,10,1
parcspo1,6703,432,1,0
langloi1,6703,432,2,0
chcente1,6703,434,3,0
centnov1,6703,434,4,0
eclose1,6703,438,5,0
garvern1,6703,442,6,0
mailla1,6703,443,7,0
colvern1,6703,445,8,0
popla1,6703,452,9,1
parcspo1,338,660,1,0
langloi1,338,660,2,0
chcente1,338,662,3,0
centnov1,338,662,4,0
eclose1,338,666,5,0
garvern1,338,670,6,0
mailla1,338,671,7,0
colvern1,338,673,8,0
popla1,338,680,9,1
parcspo1,4934,1200,1,0
langloi1,4934,1200,2,0
chcente1,4934,1202,3,0
centnov1,4934,1202,4,0
eclose1,4934,1206,5,0
garvern1,4934,1210,6,0
mailla1,4934,1211,7,0
colvern1,4934,1213,8,0
popla1,4934,1220,9,1
popla1,1654,1095,1,0
colvern2,1654,1105,2,0
mailla2,1654,1107,3,0
garvern2,1654,1108,4,0
eclose2,1654,1112,5,0
bellnou2,1654,1113,6,0
centnov2,1654,1114,7,0
chcente2,1654,1115,8,0
langloi2,1654,1117,9,0
parcspo1,1654,1118,10,0
crotigne,1654,1121,11,0
cxepine1,1654,1122,12,0
drouais1,1654,1123,13,0
jaunais1,1654,1126,14,0
jaille1,1654,1127,15,0
ptbeauv1,1654,1129,16,0
epron1,1654,1130,17,0
tertro1,1654,1132,18,0
ourmais1,1654,1133,19,1
parcspo1,1585,1070,1,0
langloi1,1585,1070,2,0
chcente1,1585,1072,3,0
centnov1,1585,1072,4,0
eclose1,1585,1076,5,0
garvern1,1585,1080,6,0
mailla1,1585,1081,7,0
colvern1,1585,1083,8,0
popla1,1585,1090,9,1
parcspo1,395,490,1,0
langloi1,395,490,2,0
chcente1,395,492,3,0
centnov1,395,492,4,0
eclose1,395,496,5,0
garvern1,395,500,6,0
mailla1,395,501,7,0
colvern1,395,503,8,0
popla1,395,510,9,1
popla1,6958,1125,1,0
colvern2,6958,1133,2,0
mailla2,6958,1135,3,0
garvern2,6958,1136,4,0
eclose2,6958,1140,5,0
bellnou2,6958,1141,6,0
centnov2,6958,1142,7,0
chcente2,6958,1143,8,0
langloi2,6958,1145,9,0
parcspo1,6958,1146,10,1
popla1,5877,1185,1,0
colvern2,5877,1192,2,0
mailla2,5877,1194,3,0
garvern2,5877,1195,4,0
eclose2,5877,1199,5,0
bellnou2,5877,1200,6,0
centnov2,5877,1201,7,0
chcente2,5877,1202,8,0
langloi2,5877,1204,9,0
parcspo1,5877,1205,10,1
parcspo1,260,1010,1,0
langloi1,260,1010,2,0
chcente1,260,1012,3,0
centnov1,260,1012,4,0
eclose1,260,1016,5,0
garvern1,260,1020,6,0
mailla1,260,1021,7,0
colvern1,260,1023,8,0
popla1,260,1030,9,1
parcspo1,1429,1100,1,0
langloi1,1429,1100,2,0
chcente1,1429,1102,3,0
centnov1,1429,1102,4,0
eclose1,1429,1106,5,0
garvern1,1429,1110,6,0
mailla1,1429,1111,7,0
colvern1,1429,1113,8,0
popla1,1429,1120,9,1
popla1,5789,520,1,0
colvern2,5789,527,2,0
mailla2,5789,529,3,0
garvern2,5789,530,4,0
eclose2,5789,534,5,0
bellnou2,5789,535,6,0
centnov2,5789,536,7,0
chcente2,5789,537,8,0
langloi2,5789,539,9,0
parcspo1,5789,540,10,1
popla1,4177,930,1,0
colvern2,4177,937,2,0
mailla2,4177,939,3,0
garvern2,4177,940,4,0
eclose2,4177,944,5,0
bellnou2,4177,945,6,0
centnov2,4177,946,7,0
chcente2,4177,947,8,0
langloi2,4177,949,9,0
parcspo1,4177,950,10,1
parcspo1,892,515,1,0
langloi1,892,515,2,0
chcente1,892,517,3,0
centnov1,892,517,4,0
eclose1,892,521,5,0
garvern1,892,525,6,0
mailla1,892,526,7,0
colvern1,892,528,8,0
popla1,892,539,9,1
parcspo1,2382,545,1,0
langloi1,2382,545,2,0
chcente1,2382,547,3,0
centnov1,2382,547,4,0
eclose1,2382,551,5,0
garvern1,2382,555,6,0
mailla1,2382,556,7,0
colvern1,2382,558,8,0
popla1,2382,565,9,1
popla1,4144,990,1,0
colvern2,4144,997,2,0
mailla2,4144,999,3,0
garvern2,4144,1000,4,0
eclose2,4144,1004,5,0
bellnou2,4144,1005,6,0
centnov2,4144,1006,7,0
chcente2,4144,1007,8,0
langloi2,4144,1009,9,0
parcspo1,4144,1010,10,1
popla1,1272,1110,1,0
colvern2,1272,1117,2,0
mailla2,1272,1119,3,0
garvern2,1272,1120,4,0
eclose2,1272,1124,5,0
bellnou2,1272,1125,6,0
centnov2,1272,1126,7,0
chcente2,1272,1127,8,0
langloi2,1272,1129,9,0
parcspo1,1272,1130,10,1
popla1,2398,985,1,0
colvern2,2398,993,2,0
mailla2,2398,995,3,0
garvern2,2398,996,4,0
eclose2,2398,1000,5,0
bellnou2,2398,1001,6,0
centnov2,2398,1002,7,0
chcente2,2398,1003,8,0
langloi2,2398,1005,9,0
parcspo1,2398,1006,10,1
popla1,1238,810,1,0
colvern2,1238,817,2,0
mailla2,1238,819,3,0
garvern2,1238,820,4,0
eclose2,1238,824,5,0
bellnou2,1238,825,6,0
centnov2,1238,826,7,0
chcente2,1238,827,8,0
langloi2,1238,829,9,0
parcspo1,1238,830,10,1
parcspo1,707,840,1,0
langloi1,707,840,2,0
chcente1,707,842,3,0
centnov1,707,842,4,0
eclose1,707,846,5,0
garvern1,707,850,6,0
mailla1,707,851,7,0
colvern1,707,853,8,0
popla1,707,860,9,1
popla1,2667,1160,1,0
colvern2,2667,1167,2,0
mailla2,2667,1169,3,0
garvern2,2667,1170,4,0
eclose2,2667,1174,5,0
bellnou2,2667,1175,6,0
centnov2,2667,1176,7,0
chcente2,2667,1177,8,0
langloi2,2667,1179,9,0
parcspo1,2667,1180,10,1
parcspo1,4483,720,1,0
langloi1,4483,720,2,0
chcente1,4483,722,3,0
centnov1,4483,722,4,0
eclose1,4483,726,5,0
garvern1,4483,730,6,0
mailla1,4483,731,7,0
colvern1,4483,733,8,0
popla1,4483,740,9,1
parcspo1,628,960,1,0
langloi1,628,960,2,0
chcente1,628,962,3,0
centnov1,628,962,4,0
eclose1,628,966,5,0
garvern1,628,970,6,0
mailla1,628,971,7,0
colvern1,628,973,8,0
popla1,628,980,9,1
parcspo1,2660,1155,1,0
langloi1,2660,1155,2,0
chcente1,2660,1157,3,0
centnov1,2660,1157,4,0
eclose1,2660,1161,5,0
garvern1,2660,1165,6,0
mailla1,2660,1166,7,0
colvern1,2660,1168,8,0
popla1,2660,1175,9,1
parcspo1,4371,780,1,0
langloi1,4371,780,2,0
chcente1,4371,782,3,0
centnov1,4371,782,4,0
eclose1,4371,786,5,0
garvern1,4371,790,6,0
mailla1,4371,791,7,0
colvern1,4371,793,8,0
popla1,4371,800,9,1
popla1,4352,575,1,0
colvern2,4352,582,2,0
mailla2,4352,584,3,0
garvern2,4352,585,4,0
eclose2,4352,589,5,0
bellnou2,4352,590,6,0
centnov2,4352,591,7,0
chcente2,4352,592,8,0
langloi2,4352,594,9,0
parcspo1,4352,595,10,1
parcspo1,1037,1140,1,0
langloi1,1037,1140,2,0
chcente1,1037,1142,3,0
centnov1,1037,1142,4,0
eclose1,1037,1146,5,0
garvern1,1037,1150,6,0
mailla1,1037,1151,7,0
colvern1,1037,1153,8,0
popla1,1037,1160,9,1
parcspo1,5467,600,1,0
langloi1,5467,600,2,0
chcente1,5467,602,3,0
centnov1,5467,602,4,0
eclose1,5467,606,5,0
garvern1,5467,610,6,0
mailla1,5467,611,7,0
colvern1,5467,613,8,0
popla1,5467,620,9,1
parcspo1,5318,460,1,0
langloi1,5318,460,2,0
chcente1,5318,462,3,0
centnov1,5318,462,4,0
eclose1,5318,466,5,0
garvern1,5318,470,6,0
mailla1,5318,471,7,0
colvern1,5318,474,8,0
popla1,5318,485,9,1
parcspo1,6103,490,1,0
langloi1,6103,490,2,0
chcente1,6103,492,3,0
centnov1,6103,492,4,0
eclose1,6103,496,5,0
garvern1,6103,500,6,0
mailla1,6103,501,7,0
colvern1,6103,504,8,0
popla1,6103,515,9,1
