arret_id,trajet_id,heure_depart,stop_sequence,terminus
2502,1009,760,1,0
3859,1009,765,2,0
3860,1009,766,3,0
3861,1009,767,4,0
3862,1009,769,5,0
3863,1009,770,6,0
3864,1009,771,7,0
3865,1009,772,8,0
3869,1009,774,9,1
2502,3116,1060,1,0
3859,3116,1065,2,0
3860,3116,1066,3,0
3861,3116,1067,4,0
3862,3116,1069,5,0
3863,3116,1070,6,0
3864,3116,1071,7,0
3865,3116,1072,8,0
3869,3116,1074,9,1
3851,4044,480,1,0
3852,4044,482,2,0
3853,4044,484,3,0
3854,4044,485,4,0
3855,4044,487,5,0
3856,4044,489,6,0
3857,4044,490,7,0
3858,4044,491,8,0
2502,4044,500,9,1
