arret_id,trajet_id,heure_depart,stop_sequence,terminus
2502,63075,1095,1,0
2523,63075,1101,2,0
2529,63075,1103,3,0
2530,63075,1104,4,0
4207,63075,1106,5,0
4208,63075,1108,6,0
4209,63075,1109,7,0
4203,63075,1111,8,0
4211,63075,1112,9,0
4212,63075,1114,10,1
2502,63076,1095,1,0
2523,63076,1101,2,0
2529,63076,1103,3,0
2530,63076,1104,4,0
4207,63076,1106,5,0
4208,63076,1108,6,0
4209,63076,1109,7,0
4203,63076,1111,8,0
4211,63076,1112,9,0
4212,63076,1114,10,1
2502,63077,1095,1,0
2523,63077,1101,2,0
2529,63077,1103,3,0
2530,63077,1104,4,0
4207,63077,1106,5,0
4208,63077,1108,6,0
4209,63077,1109,7,0
4203,63077,1111,8,0
4211,63077,1112,9,0
4212,63077,1114,10,1
2502,63078,1095,1,0
2523,63078,1101,2,0
2529,63078,1103,3,0
2530,63078,1104,4,0
4207,63078,1106,5,0
4208,63078,1108,6,0
4209,63078,1109,7,0
4203,63078,1111,8,0
4211,63078,1112,9,0
4212,63078,1114,10,1
2502,63079,765,1,0
2523,63079,771,2,0
2529,63079,773,3,0
2530,63079,774,4,0
4207,63079,776,5,0
4208,63079,777,6,0
4209,63079,779,7,0
4203,63079,781,8,0
4211,63079,782,9,0
4212,63079,784,10,1
4201,63085,469,1,0
4202,63085,471,2,0
4210,63085,473,3,0
4204,63085,476,4,0
4205,63085,477,5,0
4206,63085,479,6,0
2525,63085,482,7,0
2526,63085,484,8,0
2522,63085,487,9,0
2534,63085,495,10,0
2502,63085,500,11,1
4201,63086,535,1,0
4202,63086,536,2,0
4210,63086,539,3,0
4204,63086,542,4,0
4205,63086,544,5,0
4206,63086,545,6,0
2525,63086,547,7,0
2526,63086,548,8,0
2522,63086,550,9,0
2534,63086,555,10,0
2502,63086,560,11,1
4201,63087,535,1,0
4202,63087,536,2,0
4210,63087,539,3,0
4204,63087,542,4,0
4205,63087,544,5,0
4206,63087,545,6,0
2525,63087,547,7,0
2526,63087,548,8,0
2522,63087,550,9,0
2534,63087,555,10,0
2502,63087,560,11,1
4201,63088,535,1,0
4202,63088,536,2,0
4210,63088,539,3,0
4204,63088,542,4,0
4205,63088,544,5,0
4206,63088,545,6,0
2525,63088,547,7,0
2526,63088,548,8,0
2522,63088,550,9,0
2534,63088,555,10,0
2502,63088,560,11,1
4201,63089,535,1,0
4202,63089,536,2,0
4210,63089,539,3,0
4204,63089,542,4,0
4205,63089,544,5,0
4206,63089,545,6,0
2525,63089,547,7,0
2526,63089,548,8,0
2522,63089,550,9,0
2534,63089,555,10,0
2502,63089,560,11,1
2534,63080,705,1,0
2523,63080,711,2,0
2529,63080,713,3,0
2530,63080,714,4,1
4201,63081,469,1,0
4202,63081,471,2,0
4210,63081,473,3,0
4204,63081,476,4,0
4205,63081,477,5,0
4206,63081,479,6,0
2525,63081,482,7,0
2526,63081,484,8,0
2522,63081,487,9,0
2534,63081,495,10,0
2502,63081,500,11,1
4201,63082,469,1,0
4202,63082,471,2,0
4210,63082,473,3,0
4204,63082,476,4,0
4205,63082,477,5,0
4206,63082,479,6,0
2525,63082,482,7,0
2526,63082,484,8,0
2522,63082,487,9,0
2534,63082,495,10,0
2502,63082,500,11,1
4201,63083,469,1,0
4202,63083,471,2,0
4210,63083,473,3,0
4204,63083,476,4,0
4205,63083,477,5,0
4206,63083,479,6,0
2525,63083,482,7,0
2526,63083,484,8,0
2522,63083,487,9,0
2534,63083,495,10,0
2502,63083,500,11,1
4201,63084,469,1,0
4202,63084,471,2,0
4210,63084,473,3,0
4204,63084,476,4,0
4205,63084,477,5,0
4206,63084,479,6,0
2525,63084,482,7,0
2526,63084,484,8,0
2522,63084,487,9,0
2534,63084,495,10,0
2502,63084,500,11,1
4201,63090,535,1,0
4202,63090,536,2,0
4210,63090,539,3,0
4204,63090,542,4,0
4205,63090,544,5,0
4206,63090,545,6,0
2525,63090,547,7,0
2526,63090,548,8,0
2522,63090,550,9,0
2534,63090,555,10,0
2502,63090,560,11,1
2534,63091,1033,1,0
2502,63091,1035,2,0
2523,63091,1041,3,0
2529,63091,1043,4,0
2530,63091,1044,5,0
4207,63091,1046,6,0
4208,63091,1047,7,0
4209,63091,1049,8,0
4203,63091,1051,9,0
4211,63091,1052,10,0
4212,63091,1054,11,1
2534,63092,1033,1,0
2502,63092,1035,2,0
2523,63092,1041,3,0
2529,63092,1043,4,0
2530,63092,1044,5,0
4207,63092,1046,6,0
4208,63092,1047,7,0
4209,63092,1049,8,0
4203,63092,1051,9,0
4211,63092,1052,10,0
4212,63092,1054,11,1
2534,63093,1033,1,0
2502,63093,1035,2,0
2523,63093,1041,3,0
2529,63093,1043,4,0
2530,63093,1044,5,0
4207,63093,1046,6,0
4208,63093,1047,7,0
4209,63093,1049,8,0
4203,63093,1051,9,0
4211,63093,1052,10,0
4212,63093,1054,11,1
2534,63094,1033,1,0
2502,63094,1035,2,0
2523,63094,1041,3,0
2529,63094,1043,4,0
2530,63094,1044,5,0
4207,63094,1046,6,0
4208,63094,1047,7,0
4209,63094,1049,8,0
4203,63094,1051,9,0
4211,63094,1052,10,0
4212,63094,1054,11,1
