arret_id,trajet_id,heure_depart,stop_sequence,terminus
4451,5633,493,1,0
4452,5633,494,2,0
4453,5633,495,3,0
3717,5633,502,4,0
3715,5633,503,5,0
3705,5633,504,6,0
3707,5633,506,7,0
3708,5633,507,8,0
1494,5633,524,9,0
1566,5633,529,10,1
4451,5632,493,1,0
4452,5632,494,2,0
4453,5632,495,3,0
3717,5632,502,4,0
3715,5632,503,5,0
3705,5632,504,6,0
3707,5632,506,7,0
3708,5632,507,8,0
1494,5632,524,9,0
1566,5632,529,10,1
4451,5635,433,1,0
4452,5635,434,2,0
4453,5635,435,3,0
3717,5635,443,4,0
3715,5635,444,5,0
3705,5635,445,6,0
3707,5635,447,7,0
3708,5635,449,8,0
1494,5635,466,9,0
1566,5635,471,10,1
4451,5634,493,1,0
4452,5634,494,2,0
4453,5634,495,3,0
3717,5634,502,4,0
3715,5634,503,5,0
3705,5634,504,6,0
3707,5634,506,7,0
3708,5634,507,8,0
1494,5634,524,9,0
1566,5634,529,10,1
4451,5637,433,1,0
4452,5637,434,2,0
4453,5637,435,3,0
3717,5637,443,4,0
3715,5637,444,5,0
3705,5637,445,6,0
3707,5637,447,7,0
3708,5637,449,8,0
1494,5637,466,9,0
1566,5637,471,10,1
4451,5636,433,1,0
4452,5636,434,2,0
4453,5636,435,3,0
3717,5636,443,4,0
3715,5636,444,5,0
3705,5636,445,6,0
3707,5636,447,7,0
3708,5636,449,8,0
1494,5636,466,9,0
1566,5636,471,10,1
4451,5639,433,1,0
4452,5639,434,2,0
4453,5639,435,3,0
3717,5639,443,4,0
3715,5639,444,5,0
3705,5639,445,6,0
3707,5639,447,7,0
3708,5639,449,8,0
1494,5639,466,9,0
1566,5639,471,10,1
4451,5638,433,1,0
4452,5638,434,2,0
4453,5638,435,3,0
3717,5638,443,4,0
3715,5638,444,5,0
3705,5638,445,6,0
3707,5638,447,7,0
3708,5638,449,8,0
1494,5638,466,9,0
1566,5638,471,10,1
4451,5640,433,1,0
4452,5640,434,2,0
4453,5640,435,3,0
3717,5640,443,4,0
3715,5640,444,5,0
3705,5640,445,6,0
3707,5640,447,7,0
3708,5640,449,8,0
1494,5640,466,9,0
1566,5640,471,10,1
1566,5619,1090,1,0
1497,5619,1095,2,0
3711,5619,1111,3,0
3712,5619,1113,4,0
3714,5619,1115,5,0
3724,5619,1116,6,0
3723,5619,1117,7,0
4451,5619,1122,8,0
4452,5619,1123,9,0
4453,5619,1124,10,1
1566,5618,1090,1,0
1497,5618,1095,2,0
3711,5618,1111,3,0
3712,5618,1113,4,0
3714,5618,1115,5,0
3724,5618,1116,6,0
3723,5618,1117,7,0
4451,5618,1122,8,0
4452,5618,1123,9,0
4453,5618,1124,10,1
1566,5617,1090,1,0
1497,5617,1095,2,0
3711,5617,1111,3,0
3712,5617,1113,4,0
3714,5617,1115,5,0
3724,5617,1116,6,0
3723,5617,1117,7,0
4451,5617,1122,8,0
4452,5617,1123,9,0
4453,5617,1124,10,1
1566,5620,1090,1,0
1497,5620,1095,2,0
3711,5620,1111,3,0
3712,5620,1113,4,0
3714,5620,1115,5,0
3724,5620,1116,6,0
3723,5620,1117,7,0
4451,5620,1122,8,0
4452,5620,1123,9,0
4453,5620,1124,10,1
4451,5629,493,1,0
4452,5629,494,2,0
4453,5629,495,3,0
3717,5629,502,4,0
3715,5629,503,5,0
3705,5629,504,6,0
3707,5629,506,7,0
3708,5629,507,8,0
1494,5629,524,9,0
1566,5629,529,10,1
1566,5628,1030,1,0
1497,5628,1035,2,0
3711,5628,1052,3,0
3712,5628,1054,4,0
3714,5628,1056,5,0
3724,5628,1057,6,0
3723,5628,1058,7,0
4451,5628,1063,8,0
4452,5628,1064,9,0
4453,5628,1065,10,1
1566,5627,1030,1,0
1497,5627,1035,2,0
3711,5627,1052,3,0
3712,5627,1054,4,0
3714,5627,1056,5,0
3724,5627,1057,6,0
3723,5627,1058,7,0
4451,5627,1063,8,0
4452,5627,1064,9,0
4453,5627,1065,10,1
1566,5626,1030,1,0
1497,5626,1035,2,0
3711,5626,1052,3,0
3712,5626,1054,4,0
3714,5626,1056,5,0
3724,5626,1057,6,0
3723,5626,1058,7,0
4451,5626,1063,8,0
4452,5626,1064,9,0
4453,5626,1065,10,1
1566,5625,1030,1,0
1497,5625,1035,2,0
3711,5625,1052,3,0
3712,5625,1054,4,0
3714,5625,1056,5,0
3724,5625,1057,6,0
3723,5625,1058,7,0
4451,5625,1063,8,0
4452,5625,1064,9,0
4453,5625,1065,10,1
1566,5624,1030,1,0
1497,5624,1035,2,0
3711,5624,1052,3,0
3712,5624,1054,4,0
3714,5624,1056,5,0
3724,5624,1057,6,0
3723,5624,1058,7,0
4451,5624,1063,8,0
4452,5624,1064,9,0
4453,5624,1065,10,1
1566,5623,1030,1,0
1497,5623,1035,2,0
3711,5623,1052,3,0
3712,5623,1054,4,0
3714,5623,1056,5,0
3724,5623,1057,6,0
3723,5623,1058,7,0
4451,5623,1063,8,0
4452,5623,1064,9,0
4453,5623,1065,10,1
1566,5622,1090,1,0
1497,5622,1095,2,0
3711,5622,1111,3,0
3712,5622,1113,4,0
3714,5622,1115,5,0
3724,5622,1116,6,0
3723,5622,1117,7,0
4451,5622,1122,8,0
4452,5622,1123,9,0
4453,5622,1124,10,1
1566,5621,1090,1,0
1497,5621,1095,2,0
3711,5621,1111,3,0
3712,5621,1113,4,0
3714,5621,1115,5,0
3724,5621,1116,6,0
3723,5621,1117,7,0
4451,5621,1122,8,0
4452,5621,1123,9,0
4453,5621,1124,10,1
4451,5630,493,1,0
4452,5630,494,2,0
4453,5630,495,3,0
3717,5630,502,4,0
3715,5630,503,5,0
3705,5630,504,6,0
3707,5630,506,7,0
3708,5630,507,8,0
1494,5630,524,9,0
1566,5630,529,10,1
4451,5631,493,1,0
4452,5631,494,2,0
4453,5631,495,3,0
3717,5631,502,4,0
3715,5631,503,5,0
3705,5631,504,6,0
3707,5631,506,7,0
3708,5631,507,8,0
1494,5631,524,9,0
1566,5631,529,10,1
