arret_id,trajet_id,heure_depart,stop_sequence,terminus
cenbruz,2959,930,1,0
herveri1,2959,932,2,0
htlauna1,2959,933,3,0
rabine5,2959,935,4,0
capvert1,2959,936,5,0
verbuis1,2959,937,6,0
cxmme1,2959,939,7,0
schustj1,2959,940,8,0
coeurca1,2959,941,9,0
etangs1,2959,942,10,0
rdkerll1,2959,943,11,0
parcexp1,2959,944,12,0
meteo1,2959,945,13,0
airlib1,2959,946,14,0
grimaul1,2959,947,15,0
htbois1,2959,950,16,0
morinai1,2959,950,17,0
gaite1,2959,952,18,0
lilas1,2959,953,19,0
mermoz1,2959,955,20,0
foyerre1,2959,957,21,0
ptnante1,2959,958,22,0
arsenal1,2959,959,23,0
plelo1,2959,960,24,0
nemours1,2959,961,25,0
repx2,2959,962,26,1
lavoisi2,2949,990,1,0
chnigue2,2949,991,2,0
bobinai2,2949,992,3,0
pasteur2,2949,992,4,0
dugues2,2949,993,5,0
epalet2,2949,994,6,0
noebru2,2949,995,7,0
cenbruz,2949,997,8,0
herveri1,2949,998,9,0
htlauna1,2949,999,10,0
rabine5,2949,1001,11,0
capvert1,2949,1002,12,0
verbuis1,2949,1003,13,0
cxmme1,2949,1005,14,0
schustj1,2949,1006,15,0
coeurca1,2949,1007,16,0
etangs1,2949,1008,17,0
rdkerll1,2949,1009,18,0
parcexp1,2949,1011,19,0
meteo1,2949,1012,20,0
airlib1,2949,1013,21,0
grimaul1,2949,1014,22,0
htbois1,2949,1017,23,0
morinai1,2949,1017,24,0
gaite1,2949,1019,25,0
lilas1,2949,1020,26,0
mermoz1,2949,1022,27,0
foyerre1,2949,1023,28,0
ptnante1,2949,1024,29,0
arsenal1,2949,1025,30,0
plelo1,2949,1026,31,0
nemours1,2949,1028,32,0
repx2,2949,1029,33,1
lavoisi2,2980,1425,1,0
chnigue2,2980,1426,2,0
bobinai2,2980,1427,3,0
pasteur2,2980,1427,4,0
dugues2,2980,1428,5,0
epalet2,2980,1429,6,0
noebru2,2980,1430,7,0
cenbruz,2980,1432,8,0
herveri1,2980,1433,9,0
htlauna1,2980,1434,10,0
rabine5,2980,1436,11,0
capvert1,2980,1437,12,0
verbuis1,2980,1438,13,0
cxmme1,2980,1440,14,0
schustj1,2980,1441,15,0
coeurca1,2980,1442,16,0
etangs1,2980,1443,17,0
rdkerll1,2980,1444,18,0
parcexp1,2980,1446,19,0
meteo1,2980,1447,20,0
airlib1,2980,1448,21,0
grimaul1,2980,1449,22,0
htbois1,2980,1452,23,0
morinai1,2980,1452,24,0
gaite1,2980,1454,25,0
lilas1,2980,1455,26,0
mermoz1,2980,1457,27,0
foyerre1,2980,1458,28,0
ptnante1,2980,1459,29,0
arsenal1,2980,1460,30,0
plelo1,2980,1461,31,0
nemours1,2980,1463,32,0
repx2,2980,1464,33,1
repbottc,511,1055,1,0
nemours2,511,1056,2,0
plelo2,511,1057,3,0
arsenal2,511,1059,4,0
ptnante2,511,1060,5,0
foyerre2,511,1061,6,0
mermoz2,511,1062,7,0
lilas2,511,1064,8,0
gaite2,511,1066,9,0
morinai2,511,1068,10,0
htbois2,511,1068,11,0
grimaul2,511,1071,12,0
airlib2,511,1072,13,0
meteo2,511,1073,14,0
parcexp2,511,1074,15,0
rdkerln2,511,1076,16,0
etangs2,511,1077,17,0
coeurca2,511,1078,18,0
schustj2,511,1080,19,0
cxmme2,511,1081,20,0
verbuis2,511,1083,21,0
capvert2,511,1084,22,0
rabine6,511,1086,23,0
htlauna2,511,1088,24,0
herveri2,511,1089,25,0
cenbruz,511,1091,26,1
cenbruz,1836,375,1,0
herveri1,1836,377,2,0
htlauna1,1836,378,3,0
rabine5,1836,380,4,0
capvert1,1836,381,5,0
verbuis1,1836,382,6,0
cxmme1,1836,383,7,0
schustj1,1836,384,8,0
coeurca1,1836,385,9,0
etangs1,1836,386,10,0
rdkerll1,1836,387,11,0
parcexp1,1836,389,12,0
meteo1,1836,390,13,0
airlib1,1836,391,14,0
grimaul1,1836,392,15,0
htbois1,1836,395,16,0
morinai1,1836,395,17,0
gaite1,1836,397,18,0
lilas1,1836,398,19,0
mermoz1,1836,400,20,0
foyerre1,1836,401,21,0
ptnante1,1836,402,22,0
arsenal1,1836,403,23,0
plelo1,1836,404,24,0
nemours1,1836,405,25,0
repx2,1836,406,26,1
repbottc,2999,1245,1,0
nemours2,2999,1246,2,0
plelo2,2999,1247,3,0
arsenal2,2999,1248,4,0
ptnante2,2999,1249,5,0
foyerre2,2999,1249,6,0
mermoz2,2999,1250,7,0
lilas2,2999,1252,8,0
gaite2,2999,1253,9,0
morinai2,2999,1255,10,0
htbois2,2999,1255,11,0
grimaul2,2999,1258,12,0
airlib2,2999,1259,13,0
meteo2,2999,1260,14,0
parcexp2,2999,1261,15,0
rdkerln2,2999,1263,16,0
etangs2,2999,1264,17,0
coeurca2,2999,1264,18,0
schustj2,2999,1265,19,0
cxmme2,2999,1266,20,0
verbuis2,2999,1268,21,0
capvert2,2999,1269,22,0
rabine6,2999,1271,23,0
htlauna2,2999,1273,24,0
herveri2,2999,1274,25,0
cenbruz,2999,1276,26,1
repbottc,1809,1290,1,0
nemours2,1809,1291,2,0
plelo2,1809,1292,3,0
arsenal2,1809,1293,4,0
ptnante2,1809,1294,5,0
foyerre2,1809,1294,6,0
mermoz2,1809,1295,7,0
lilas2,1809,1297,8,0
gaite2,1809,1299,9,0
morinai2,1809,1301,10,0
htbois2,1809,1301,11,0
grimaul2,1809,1304,12,0
airlib2,1809,1305,13,0
meteo2,1809,1306,14,0
parcexp2,1809,1307,15,0
rdkerln2,1809,1309,16,0
etangs2,1809,1310,17,0
coeurca2,1809,1311,18,0
schustj2,1809,1312,19,0
cxmme2,1809,1313,20,0
verbuis2,1809,1315,21,0
capvert2,1809,1316,22,0
rabine6,1809,1318,23,0
htlauna2,1809,1319,24,0
herveri2,1809,1321,25,0
cenbruz,1809,1322,26,0
noebru1,1809,1324,27,0
epalet1,1809,1325,28,0
dugues1,1809,1326,29,0
pasteur1,1809,1327,30,0
bobinai1,1809,1328,31,0
chnigue1,1809,1328,32,0
lavoisi1,1809,1329,33,1
lavoisi2,2916,690,1,0
chnigue2,2916,691,2,0
bobinai2,2916,692,3,0
pasteur2,2916,692,4,0
dugues2,2916,693,5,0
epalet2,2916,694,6,0
noebru2,2916,695,7,0
cenbruz,2916,697,8,0
herveri1,2916,698,9,0
htlauna1,2916,699,10,0
rabine5,2916,701,11,0
capvert1,2916,702,12,0
verbuis1,2916,703,13,0
cxmme1,2916,705,14,0
schustj1,2916,706,15,0
coeurca1,2916,707,16,0
etangs1,2916,708,17,0
rdkerll1,2916,709,18,0
parcexp1,2916,711,19,0
meteo1,2916,712,20,0
airlib1,2916,713,21,0
grimaul1,2916,714,22,0
htbois1,2916,717,23,0
morinai1,2916,717,24,0
gaite1,2916,719,25,0
lilas1,2916,720,26,0
mermoz1,2916,722,27,0
foyerre1,2916,723,28,0
ptnante1,2916,724,29,0
arsenal1,2916,725,30,0
plelo1,2916,726,31,0
nemours1,2916,728,32,0
repx2,2916,729,33,1
cenbruz,507,1043,1,0
herveri1,507,1045,2,0
htlauna1,507,1046,3,0
rabine5,507,1048,4,0
capvert1,507,1049,5,0
verbuis1,507,1050,6,0
cxmme1,507,1052,7,0
schustj1,507,1053,8,0
coeurca1,507,1055,9,0
etangs1,507,1056,10,0
rdkerll1,507,1057,11,0
msa2,507,1059,12,0
parcexp1,507,1060,13,0
meteo1,507,1062,14,0
airlib1,507,1063,15,0
grimaul1,507,1064,16,0
htbois1,507,1067,17,0
morinai1,507,1067,18,0
gaite1,507,1069,19,0
lilas1,507,1071,20,0
mermoz1,507,1073,21,0
foyerre1,507,1075,22,0
ptnante1,507,1076,23,0
arsenal1,507,1077,24,0
plelo1,507,1078,25,0
nemours1,507,1080,26,0
repx2,507,1081,27,1
lavoisi2,4622,1425,1,0
chnigue2,4622,1426,2,0
bobinai2,4622,1427,3,0
pasteur2,4622,1427,4,0
dugues2,4622,1428,5,0
epalet2,4622,1429,6,0
noebru2,4622,1430,7,0
cenbruz,4622,1432,8,0
herveri1,4622,1434,9,0
htlauna1,4622,1435,10,0
rabine5,4622,1437,11,0
capvert1,4622,1438,12,0
verbuis1,4622,1439,13,0
cxmme1,4622,1441,14,0
schustj1,4622,1442,15,0
coeurca1,4622,1443,16,0
etangs1,4622,1444,17,0
rdkerll1,4622,1445,18,0
parcexp1,4622,1446,19,0
meteo1,4622,1447,20,0
airlib1,4622,1448,21,0
grimaul1,4622,1449,22,0
htbois1,4622,1452,23,0
morinai1,4622,1452,24,0
gaite1,4622,1454,25,0
lilas1,4622,1455,26,0
mermoz1,4622,1457,27,0
foyerre1,4622,1458,28,0
ptnante1,4622,1459,29,0
arsenal1,4622,1460,30,0
plelo1,4622,1461,31,0
nemours1,4622,1462,32,0
repx2,4622,1463,33,1
repbottc,4652,885,1,0
nemours2,4652,886,2,0
plelo2,4652,887,3,0
arsenal2,4652,888,4,0
ptnante2,4652,889,5,0
foyerre2,4652,890,6,0
mermoz2,4652,891,7,0
lilas2,4652,893,8,0
gaite2,4652,895,9,0
morinai2,4652,897,10,0
htbois2,4652,897,11,0
grimaul2,4652,900,12,0
airlib2,4652,901,13,0
meteo2,4652,902,14,0
parcexp2,4652,903,15,0
rdkerln2,4652,905,16,0
etangs2,4652,906,17,0
coeurca2,4652,907,18,0
schustj2,4652,908,19,0
cxmme2,4652,909,20,0
verbuis2,4652,911,21,0
capvert2,4652,912,22,0
rabine6,4652,914,23,0
htlauna2,4652,915,24,0
herveri2,4652,917,25,0
cenbruz,4652,918,26,0
noebru1,4652,920,27,0
epalet1,4652,921,28,0
dugues1,4652,922,29,0
pasteur1,4652,923,30,0
bobinai1,4652,924,31,0
chnigue1,4652,924,32,0
lavoisi1,4652,925,33,1
repbottc,4646,790,1,0
nemours2,4646,791,2,0
plelo2,4646,792,3,0
arsenal2,4646,794,4,0
ptnante2,4646,795,5,0
foyerre2,4646,795,6,0
mermoz2,4646,796,7,0
lilas2,4646,798,8,0
gaite2,4646,800,9,0
morinai2,4646,802,10,0
htbois2,4646,802,11,0
grimaul2,4646,805,12,0
airlib2,4646,806,13,0
meteo2,4646,807,14,0
parcexp2,4646,808,15,0
rdkerln2,4646,810,16,0
etangs2,4646,811,17,0
coeurca2,4646,812,18,0
schustj2,4646,813,19,0
cxmme2,4646,814,20,0
verbuis2,4646,816,21,0
capvert2,4646,817,22,0
rabine6,4646,819,23,0
htlauna2,4646,821,24,0
herveri2,4646,822,25,0
cenbruz,4646,824,26,1
lavoisi2,4671,810,1,0
chnigue2,4671,811,2,0
bobinai2,4671,812,3,0
pasteur2,4671,812,4,0
dugues2,4671,813,5,0
epalet2,4671,814,6,0
noebru2,4671,815,7,0
cenbruz,4671,817,8,0
herveri1,4671,818,9,0
htlauna1,4671,819,10,0
rabine5,4671,821,11,0
capvert1,4671,822,12,0
verbuis1,4671,823,13,0
cxmme1,4671,825,14,0
schustj1,4671,826,15,0
coeurca1,4671,827,16,0
etangs1,4671,828,17,0
rdkerll1,4671,829,18,0
parcexp1,4671,831,19,0
meteo1,4671,832,20,0
airlib1,4671,833,21,0
grimaul1,4671,834,22,0
htbois1,4671,837,23,0
morinai1,4671,837,24,0
gaite1,4671,839,25,0
lilas1,4671,840,26,0
mermoz1,4671,842,27,0
foyerre1,4671,843,28,0
ptnante1,4671,844,29,0
arsenal1,4671,845,30,0
plelo1,4671,846,31,0
nemours1,4671,848,32,0
repx2,4671,849,33,1
cenbruz,4695,1063,1,0
herveri1,4695,1065,2,0
htlauna1,4695,1066,3,0
rabine5,4695,1068,4,0
capvert1,4695,1069,5,0
verbuis1,4695,1070,6,0
cxmme1,4695,1072,7,0
schustj1,4695,1073,8,0
coeurca1,4695,1075,9,0
etangs1,4695,1076,10,0
rdkerll1,4695,1077,11,0
parcexp1,4695,1079,12,0
meteo1,4695,1080,13,0
airlib1,4695,1081,14,0
grimaul1,4695,1082,15,0
htbois1,4695,1085,16,0
morinai1,4695,1085,17,0
gaite1,4695,1087,18,0
lilas1,4695,1088,19,0
mermoz1,4695,1090,20,0
foyerre1,4695,1092,21,0
ptnante1,4695,1093,22,0
arsenal1,4695,1094,23,0
plelo1,4695,1095,24,0
nemours1,4695,1097,25,0
repx2,4695,1098,26,1
repbottc,1719,1380,1,0
nemours2,1719,1381,2,0
plelo2,1719,1382,3,0
arsenal2,1719,1383,4,0
ptnante2,1719,1384,5,0
foyerre2,1719,1384,6,0
mermoz2,1719,1385,7,0
lilas2,1719,1387,8,0
gaite2,1719,1388,9,0
morinai2,1719,1390,10,0
htbois2,1719,1390,11,0
grimaul2,1719,1393,12,0
airlib2,1719,1394,13,0
meteo2,1719,1395,14,0
parcexp2,1719,1396,15,0
rdkerln2,1719,1398,16,0
etangs2,1719,1399,17,0
coeurca2,1719,1399,18,0
schustj2,1719,1400,19,0
cxmme2,1719,1401,20,0
verbuis2,1719,1403,21,0
capvert2,1719,1404,22,0
rabine6,1719,1406,23,0
htlauna2,1719,1408,24,0
herveri2,1719,1409,25,0
cenbruz,1719,1411,26,0
noebru1,1719,1413,27,0
epalet1,1719,1414,28,0
dugues1,1719,1415,29,0
pasteur1,1719,1416,30,0
bobinai1,1719,1417,31,0
chnigue1,1719,1417,32,0
lavoisi1,1719,1418,33,1
repbottc,2835,1245,1,0
nemours2,2835,1246,2,0
plelo2,2835,1247,3,0
arsenal2,2835,1248,4,0
ptnante2,2835,1249,5,0
foyerre2,2835,1250,6,0
mermoz2,2835,1251,7,0
lilas2,2835,1253,8,0
gaite2,2835,1255,9,0
morinai2,2835,1257,10,0
htbois2,2835,1257,11,0
grimaul2,2835,1260,12,0
airlib2,2835,1261,13,0
meteo2,2835,1262,14,0
parcexp2,2835,1263,15,0
rdkerln2,2835,1265,16,0
etangs2,2835,1266,17,0
coeurca2,2835,1267,18,0
schustj2,2835,1268,19,0
cxmme2,2835,1269,20,0
verbuis2,2835,1271,21,0
capvert2,2835,1272,22,0
rabine6,2835,1274,23,0
htlauna2,2835,1275,24,0
herveri2,2835,1277,25,0
cenbruz,2835,1278,26,0
noebru1,2835,1280,27,0
epalet1,2835,1281,28,0
dugues1,2835,1282,29,0
pasteur1,2835,1283,30,0
bobinai1,2835,1284,31,0
chnigue1,2835,1284,32,0
lavoisi1,2835,1285,33,1
cenbruz,419,1235,1,0
herveri1,419,1237,2,0
htlauna1,419,1238,3,0
rabine5,419,1239,4,0
capvert1,419,1240,5,0
verbuis1,419,1241,6,0
cxmme1,419,1243,7,0
schustj1,419,1244,8,0
coeurca1,419,1245,9,0
etangs1,419,1246,10,0
rdkerll1,419,1247,11,0
parcexp1,419,1248,12,0
meteo1,419,1249,13,0
airlib1,419,1250,14,0
grimaul1,419,1251,15,0
htbois1,419,1253,16,0
morinai1,419,1254,17,0
gaite1,419,1255,18,0
lilas1,419,1256,19,0
mermoz1,419,1258,20,0
foyerre1,419,1259,21,0
ptnante1,419,1260,22,0
arsenal1,419,1261,23,0
plelo1,419,1262,24,0
nemours1,419,1264,25,0
repx2,419,1265,26,1
cenbruz,425,913,1,0
herveri1,425,915,2,0
htlauna1,425,916,3,0
rabine5,425,918,4,0
capvert1,425,919,5,0
verbuis1,425,920,6,0
cxmme1,425,922,7,0
schustj1,425,923,8,0
coeurca1,425,924,9,0
etangs1,425,925,10,0
rdkerll1,425,926,11,0
parcexp1,425,928,12,0
meteo1,425,929,13,0
airlib1,425,930,14,0
grimaul1,425,931,15,0
htbois1,425,934,16,0
morinai1,425,934,17,0
gaite1,425,936,18,0
lilas1,425,937,19,0
mermoz1,425,939,20,0
foyerre1,425,941,21,0
ptnante1,425,942,22,0
arsenal1,425,943,23,0
plelo1,425,944,24,0
nemours1,425,946,25,0
repx2,425,947,26,1
repbottc,431,1475,1,0
nemours2,431,1476,2,0
plelo2,431,1477,3,0
arsenal2,431,1478,4,0
ptnante2,431,1479,5,0
foyerre2,431,1480,6,0
mermoz2,431,1481,7,0
lilas2,431,1483,8,0
gaite2,431,1484,9,0
morinai2,431,1485,10,0
htbois2,431,1486,11,0
grimaul2,431,1488,12,0
airlib2,431,1489,13,0
meteo2,431,1489,14,0
parcexp2,431,1490,15,0
rdkerln2,431,1492,16,0
etangs2,431,1493,17,0
coeurca2,431,1493,18,0
schustj2,431,1494,19,0
cxmme2,431,1495,20,0
verbuis2,431,1497,21,0
capvert2,431,1498,22,0
rabine6,431,1500,23,0
htlauna2,431,1502,24,0
herveri2,431,1503,25,0
cenbruz,431,1505,26,0
noebru1,431,1507,27,0
epalet1,431,1508,28,0
dugues1,431,1509,29,0
pasteur1,431,1510,30,0
bobinai1,431,1511,31,0
chnigue1,431,1511,32,0
lavoisi1,431,1512,33,1
cenbruz,2894,520,1,0
herveri1,2894,522,2,0
htlauna1,2894,523,3,0
rabine5,2894,525,4,0
capvert1,2894,526,5,0
verbuis1,2894,527,6,0
cxmme1,2894,529,7,0
schustj1,2894,530,8,0
coeurca1,2894,531,9,0
etangs1,2894,532,10,0
rdkerll1,2894,533,11,0
parcexp1,2894,535,12,0
meteo1,2894,536,13,0
airlib1,2894,537,14,0
grimaul1,2894,538,15,0
htbois1,2894,541,16,0
morinai1,2894,541,17,0
gaite1,2894,543,18,0
lilas1,2894,544,19,0
mermoz1,2894,546,20,0
foyerre1,2894,547,21,0
ptnante1,2894,548,22,0
arsenal1,2894,549,23,0
plelo1,2894,550,24,0
nemours1,2894,552,25,0
repx2,2894,553,26,1
cenbruz,446,963,1,0
herveri1,446,965,2,0
htlauna1,446,966,3,0
rabine5,446,968,4,0
capvert1,446,969,5,0
verbuis1,446,970,6,0
cxmme1,446,972,7,0
schustj1,446,973,8,0
coeurca1,446,975,9,0
etangs1,446,976,10,0
rdkerll1,446,977,11,0
msa2,446,979,12,0
parcexp1,446,980,13,0
meteo1,446,982,14,0
airlib1,446,983,15,0
grimaul1,446,984,16,0
htbois1,446,987,17,0
morinai1,446,987,18,0
gaite1,446,989,19,0
lilas1,446,990,20,0
mermoz1,446,992,21,0
foyerre1,446,994,22,0
ptnante1,446,995,23,0
arsenal1,446,996,24,0
plelo1,446,997,25,0
nemours1,446,999,26,0
repx2,446,1000,27,1
lavoisi2,452,870,1,0
chnigue2,452,871,2,0
bobinai2,452,872,3,0
pasteur2,452,872,4,0
dugues2,452,873,5,0
epalet2,452,874,6,0
noebru2,452,875,7,0
cenbruz,452,877,8,0
herveri1,452,878,9,0
htlauna1,452,879,10,0
rabine5,452,881,11,0
capvert1,452,882,12,0
verbuis1,452,883,13,0
cxmme1,452,885,14,0
schustj1,452,886,15,0
coeurca1,452,887,16,0
etangs1,452,888,17,0
rdkerll1,452,889,18,0
parcexp1,452,891,19,0
meteo1,452,892,20,0
airlib1,452,893,21,0
grimaul1,452,894,22,0
htbois1,452,897,23,0
morinai1,452,897,24,0
gaite1,452,899,25,0
lilas1,452,900,26,0
mermoz1,452,902,27,0
foyerre1,452,903,28,0
ptnante1,452,904,29,0
arsenal1,452,905,30,0
plelo1,452,906,31,0
nemours1,452,908,32,0
repx2,452,909,33,1
repbottc,27,1015,1,0
nemours2,27,1016,2,0
plelo2,27,1017,3,0
arsenal2,27,1019,4,0
ptnante2,27,1020,5,0
foyerre2,27,1021,6,0
mermoz2,27,1022,7,0
lilas2,27,1024,8,0
gaite2,27,1026,9,0
morinai2,27,1028,10,0
htbois2,27,1028,11,0
grimaul2,27,1031,12,0
airlib2,27,1032,13,0
meteo2,27,1033,14,0
parcexp2,27,1034,15,0
rdkerln2,27,1036,16,0
etangs2,27,1037,17,0
coeurca2,27,1038,18,0
schustj2,27,1040,19,0
cxmme2,27,1041,20,0
verbuis2,27,1043,21,0
capvert2,27,1044,22,0
rabine6,27,1046,23,0
htlauna2,27,1048,24,0
herveri2,27,1049,25,0
cenbruz,27,1051,26,1
repbottc,19,735,1,0
nemours2,19,736,2,0
plelo2,19,737,3,0
arsenal2,19,738,4,0
ptnante2,19,739,5,0
foyerre2,19,740,6,0
mermoz2,19,741,7,0
lilas2,19,743,8,0
gaite2,19,745,9,0
morinai2,19,747,10,0
htbois2,19,747,11,0
grimaul2,19,750,12,0
airlib2,19,751,13,0
meteo2,19,752,14,0
parcexp2,19,753,15,0
rdkerln2,19,755,16,0
etangs2,19,756,17,0
coeurca2,19,757,18,0
schustj2,19,758,19,0
cxmme2,19,759,20,0
verbuis2,19,761,21,0
capvert2,19,762,22,0
rabine6,19,764,23,0
htlauna2,19,765,24,0
herveri2,19,767,25,0
cenbruz,19,768,26,0
noebru1,19,770,27,0
epalet1,19,771,28,0
dugues1,19,772,29,0
pasteur1,19,773,30,0
bobinai1,19,774,31,0
chnigue1,19,774,32,0
lavoisi1,19,775,33,1
cenbruz,4537,605,1,0
herveri1,4537,607,2,0
htlauna1,4537,608,3,0
rabine5,4537,610,4,0
capvert1,4537,611,5,0
verbuis1,4537,612,6,0
cxmme1,4537,614,7,0
schustj1,4537,615,8,0
coeurca1,4537,616,9,0
etangs1,4537,617,10,0
rdkerll1,4537,618,11,0
parcexp1,4537,620,12,0
meteo1,4537,621,13,0
airlib1,4537,622,14,0
grimaul1,4537,623,15,0
htbois1,4537,626,16,0
morinai1,4537,626,17,0
gaite1,4537,628,18,0
lilas1,4537,629,19,0
mermoz1,4537,631,20,0
foyerre1,4537,632,21,0
ptnante1,4537,633,22,0
arsenal1,4537,634,23,0
plelo1,4537,635,24,0
nemours1,4537,636,25,0
repx2,4537,637,26,1
repbottc,483,585,1,0
nemours2,483,586,2,0
plelo2,483,587,3,0
arsenal2,483,589,4,0
ptnante2,483,590,5,0
foyerre2,483,590,6,0
mermoz2,483,591,7,0
lilas2,483,593,8,0
gaite2,483,595,9,0
morinai2,483,596,10,0
htbois2,483,597,11,0
grimaul2,483,599,12,0
airlib2,483,600,13,0
meteo2,483,601,14,0
parcexp2,483,602,15,0
rdkerln2,483,604,16,0
etangs2,483,605,17,0
coeurca2,483,606,18,0
schustj2,483,607,19,0
cxmme2,483,608,20,0
verbuis2,483,610,21,0
capvert2,483,611,22,0
rabine6,483,613,23,0
htlauna2,483,615,24,0
herveri2,483,616,25,0
cenbruz,483,618,26,1
lavoisi2,4588,342,1,0
chnigue2,4588,343,2,0
bobinai2,4588,344,3,0
pasteur2,4588,344,4,0
dugues2,4588,345,5,0
epalet2,4588,346,6,0
noebru2,4588,347,7,0
cenbruz,4588,349,8,0
herveri1,4588,351,9,0
htlauna1,4588,352,10,0
rabine5,4588,354,11,0
capvert1,4588,355,12,0
verbuis1,4588,356,13,0
cxmme1,4588,357,14,0
schustj1,4588,358,15,0
coeurca1,4588,359,16,0
etangs1,4588,360,17,0
rdkerll1,4588,361,18,0
parcexp1,4588,363,19,0
meteo1,4588,364,20,0
airlib1,4588,365,21,0
grimaul1,4588,366,22,0
htbois1,4588,369,23,0
morinai1,4588,369,24,0
gaite1,4588,371,25,0
lilas1,4588,372,26,0
mermoz1,4588,374,27,0
foyerre1,4588,375,28,0
ptnante1,4588,376,29,0
arsenal1,4588,377,30,0
plelo1,4588,378,31,0
nemours1,4588,379,32,0
repx2,4588,380,33,1
cenbruz,2786,410,1,0
herveri1,2786,412,2,0
htlauna1,2786,413,3,0
rabine5,2786,414,4,0
capvert1,2786,415,5,0
verbuis1,2786,416,6,0
cxmme1,2786,418,7,0
schustj1,2786,419,8,0
coeurca1,2786,420,9,0
etangs1,2786,421,10,0
rdkerll1,2786,422,11,0
parcexp1,2786,423,12,0
meteo1,2786,424,13,0
airlib1,2786,425,14,0
grimaul1,2786,426,15,0
htbois1,2786,429,16,0
morinai1,2786,429,17,0
gaite1,2786,431,18,0
lilas1,2786,432,19,0
mermoz1,2786,434,20,0
foyerre1,2786,435,21,0
ptnante1,2786,436,22,0
arsenal1,2786,437,23,0
plelo1,2786,438,24,0
nemours1,2786,439,25,0
repx2,2786,440,26,1
cenbruz,4581,873,1,0
herveri1,4581,875,2,0
htlauna1,4581,876,3,0
rabine5,4581,878,4,0
capvert1,4581,879,5,0
verbuis1,4581,880,6,0
cxmme1,4581,882,7,0
schustj1,4581,883,8,0
coeurca1,4581,884,9,0
etangs1,4581,885,10,0
rdkerll1,4581,886,11,0
parcexp1,4581,888,12,0
meteo1,4581,889,13,0
airlib1,4581,890,14,0
grimaul1,4581,891,15,0
htbois1,4581,894,16,0
morinai1,4581,894,17,0
gaite1,4581,896,18,0
lilas1,4581,898,19,0
mermoz1,4581,900,20,0
foyerre1,4581,902,21,0
ptnante1,4581,903,22,0
arsenal1,4581,904,23,0
plelo1,4581,905,24,0
nemours1,4581,907,25,0
repx2,4581,908,26,1
cenbruz,491,900,1,0
herveri1,491,902,2,0
htlauna1,491,903,3,0
rabine5,491,905,4,0
capvert1,491,906,5,0
verbuis1,491,907,6,0
cxmme1,491,909,7,0
schustj1,491,910,8,0
coeurca1,491,911,9,0
etangs1,491,912,10,0
rdkerll1,491,913,11,0
parcexp1,491,915,12,0
meteo1,491,916,13,0
airlib1,491,917,14,0
grimaul1,491,918,15,0
htbois1,491,921,16,0
morinai1,491,922,17,0
gaite1,491,924,18,0
lilas1,491,925,19,0
mermoz1,491,927,20,0
foyerre1,491,929,21,0
ptnante1,491,930,22,0
arsenal1,491,931,23,0
plelo1,491,932,24,0
nemours1,491,933,25,0
repx2,491,934,26,1
cenbruz,345,1205,1,0
herveri1,345,1207,2,0
htlauna1,345,1208,3,0
rabine5,345,1210,4,0
capvert1,345,1211,5,0
verbuis1,345,1212,6,0
cxmme1,345,1214,7,0
schustj1,345,1215,8,0
coeurca1,345,1216,9,0
etangs1,345,1217,10,0
rdkerll1,345,1218,11,0
parcexp1,345,1220,12,0
meteo1,345,1221,13,0
airlib1,345,1222,14,0
grimaul1,345,1223,15,0
htbois1,345,1226,16,0
morinai1,345,1226,17,0
gaite1,345,1228,18,0
lilas1,345,1229,19,0
mermoz1,345,1231,20,0
foyerre1,345,1232,21,0
ptnante1,345,1233,22,0
arsenal1,345,1234,23,0
plelo1,345,1235,24,0
nemours1,345,1237,25,0
repx2,345,1238,26,1
repbottc,340,915,1,0
nemours2,340,916,2,0
plelo2,340,917,3,0
arsenal2,340,919,4,0
ptnante2,340,920,5,0
foyerre2,340,920,6,0
mermoz2,340,921,7,0
lilas2,340,923,8,0
gaite2,340,925,9,0
morinai2,340,926,10,0
htbois2,340,927,11,0
grimaul2,340,929,12,0
airlib2,340,930,13,0
meteo2,340,931,14,0
parcexp2,340,932,15,0
rdkerln2,340,934,16,0
etangs2,340,935,17,0
coeurca2,340,936,18,0
schustj2,340,937,19,0
cxmme2,340,938,20,0
verbuis2,340,940,21,0
capvert2,340,941,22,0
rabine6,340,943,23,0
htlauna2,340,945,24,0
herveri2,340,946,25,0
cenbruz,340,948,26,1
cenbruz,325,933,1,0
herveri1,325,935,2,0
htlauna1,325,936,3,0
rabine5,325,938,4,0
capvert1,325,939,5,0
verbuis1,325,940,6,0
cxmme1,325,942,7,0
schustj1,325,943,8,0
coeurca1,325,944,9,0
etangs1,325,945,10,0
rdkerll1,325,946,11,0
parcexp1,325,948,12,0
meteo1,325,949,13,0
airlib1,325,950,14,0
grimaul1,325,951,15,0
htbois1,325,954,16,0
morinai1,325,954,17,0
gaite1,325,956,18,0
lilas1,325,957,19,0
mermoz1,325,959,20,0
foyerre1,325,961,21,0
ptnante1,325,962,22,0
arsenal1,325,963,23,0
plelo1,325,964,24,0
nemours1,325,966,25,0
repx2,325,967,26,1
repbottc,1622,800,1,0
nemours2,1622,801,2,0
plelo2,1622,802,3,0
arsenal2,1622,804,4,0
ptnante2,1622,805,5,0
foyerre2,1622,806,6,0
mermoz2,1622,807,7,0
lilas2,1622,809,8,0
gaite2,1622,810,9,0
morinai2,1622,811,10,0
htbois2,1622,812,11,0
grimaul2,1622,814,12,0
airlib2,1622,815,13,0
meteo2,1622,816,14,0
parcexp2,1622,817,15,0
rdkerln2,1622,819,16,0
etangs2,1622,820,17,0
coeurca2,1622,821,18,0
schustj2,1622,822,19,0
cxmme2,1622,823,20,0
verbuis2,1622,825,21,0
capvert2,1622,826,22,0
rabine6,1622,828,23,0
htlauna2,1622,830,24,0
herveri2,1622,831,25,0
cenbruz,1622,833,26,1
repbottc,4924,415,1,0
nemours2,4924,416,2,0
plelo2,4924,417,3,0
arsenal2,4924,419,4,0
ptnante2,4924,420,5,0
foyerre2,4924,420,6,0
mermoz2,4924,421,7,0
lilas2,4924,423,8,0
gaite2,4924,424,9,0
morinai2,4924,425,10,0
htbois2,4924,426,11,0
grimaul2,4924,428,12,0
airlib2,4924,429,13,0
meteo2,4924,430,14,0
parcexp2,4924,432,15,0
msa2,4924,433,16,0
rdkerln2,4924,435,17,0
etangs2,4924,436,18,0
coeurca2,4924,437,19,0
schustj2,4924,438,20,0
cxmme2,4924,439,21,0
verbuis2,4924,441,22,0
capvert2,4924,442,23,0
rabine6,4924,444,24,0
htlauna2,4924,446,25,0
herveri2,4924,447,26,0
cenbruz,4924,449,27,1
repbottc,4921,480,1,0
nemours2,4921,481,2,0
plelo2,4921,482,3,0
arsenal2,4921,484,4,0
ptnante2,4921,485,5,0
foyerre2,4921,485,6,0
mermoz2,4921,486,7,0
lilas2,4921,488,8,0
gaite2,4921,489,9,0
morinai2,4921,490,10,0
htbois2,4921,491,11,0
grimaul2,4921,493,12,0
airlib2,4921,494,13,0
meteo2,4921,495,14,0
parcexp2,4921,497,15,0
msa2,4921,498,16,0
rdkerln2,4921,500,17,0
etangs2,4921,501,18,0
coeurca2,4921,502,19,0
schustj2,4921,503,20,0
cxmme2,4921,504,21,0
verbuis2,4921,506,22,0
capvert2,4921,507,23,0
rabine6,4921,509,24,0
htlauna2,4921,511,25,0
herveri2,4921,512,26,0
cenbruz,4921,514,27,1
cenbruz,1680,1123,1,0
herveri1,1680,1125,2,0
htlauna1,1680,1126,3,0
rabine5,1680,1128,4,0
capvert1,1680,1129,5,0
verbuis1,1680,1130,6,0
cxmme1,1680,1132,7,0
schustj1,1680,1133,8,0
coeurca1,1680,1135,9,0
etangs1,1680,1136,10,0
rdkerll1,1680,1137,11,0
parcexp1,1680,1139,12,0
meteo1,1680,1140,13,0
airlib1,1680,1141,14,0
grimaul1,1680,1142,15,0
htbois1,1680,1145,16,0
morinai1,1680,1145,17,0
gaite1,1680,1147,18,0
lilas1,1680,1148,19,0
mermoz1,1680,1150,20,0
foyerre1,1680,1151,21,0
ptnante1,1680,1152,22,0
arsenal1,1680,1153,23,0
plelo1,1680,1154,24,0
nemours1,1680,1156,25,0
repx2,1680,1157,26,1
repbottc,1677,615,1,0
nemours2,1677,616,2,0
plelo2,1677,617,3,0
arsenal2,1677,619,4,0
ptnante2,1677,620,5,0
foyerre2,1677,620,6,0
mermoz2,1677,621,7,0
lilas2,1677,623,8,0
gaite2,1677,625,9,0
morinai2,1677,626,10,0
htbois2,1677,627,11,0
grimaul2,1677,629,12,0
airlib2,1677,630,13,0
meteo2,1677,631,14,0
parcexp2,1677,632,15,0
rdkerln2,1677,634,16,0
etangs2,1677,635,17,0
coeurca2,1677,636,18,0
schustj2,1677,637,19,0
cxmme2,1677,638,20,0
verbuis2,1677,640,21,0
capvert2,1677,641,22,0
rabine6,1677,643,23,0
htlauna2,1677,645,24,0
herveri2,1677,646,25,0
cenbruz,1677,648,26,1
repbottc,4885,1475,1,0
nemours2,4885,1476,2,0
plelo2,4885,1477,3,0
arsenal2,4885,1478,4,0
ptnante2,4885,1479,5,0
foyerre2,4885,1479,6,0
mermoz2,4885,1480,7,0
lilas2,4885,1482,8,0
gaite2,4885,1484,9,0
morinai2,4885,1486,10,0
htbois2,4885,1486,11,0
grimaul2,4885,1489,12,0
airlib2,4885,1490,13,0
meteo2,4885,1491,14,0
parcexp2,4885,1492,15,0
rdkerln2,4885,1494,16,0
etangs2,4885,1495,17,0
coeurca2,4885,1496,18,0
schustj2,4885,1497,19,0
cxmme2,4885,1498,20,0
verbuis2,4885,1500,21,0
capvert2,4885,1501,22,0
rabine6,4885,1503,23,0
htlauna2,4885,1504,24,0
herveri2,4885,1506,25,0
cenbruz,4885,1507,26,0
noebru1,4885,1509,27,0
epalet1,4885,1510,28,0
dugues1,4885,1511,29,0
pasteur1,4885,1512,30,0
bobinai1,4885,1513,31,0
chnigue1,4885,1513,32,0
lavoisi1,4885,1514,33,1
cenbruz,4890,805,1,0
herveri1,4890,807,2,0
htlauna1,4890,809,3,0
rabine5,4890,810,4,0
capvert1,4890,812,5,0
verbuis1,4890,813,6,0
cxmme1,4890,815,7,0
schustj1,4890,816,8,0
coeurca1,4890,818,9,0
etangs1,4890,819,10,0
rdkerll1,4890,820,11,0
parcexp1,4890,822,12,0
meteo1,4890,823,13,0
airlib1,4890,824,14,0
grimaul1,4890,825,15,0
htbois1,4890,828,16,0
morinai1,4890,829,17,0
gaite1,4890,831,18,0
lilas1,4890,833,19,0
mermoz1,4890,835,20,0
foyerre1,4890,837,21,0
ptnante1,4890,838,22,0
arsenal1,4890,839,23,0
plelo1,4890,840,24,0
nemours1,4890,842,25,0
repx2,4890,843,26,1
cenbruz,4858,1145,1,0
herveri1,4858,1147,2,0
htlauna1,4858,1148,3,0
rabine5,4858,1150,4,0
capvert1,4858,1151,5,0
verbuis1,4858,1152,6,0
cxmme1,4858,1154,7,0
schustj1,4858,1155,8,0
coeurca1,4858,1156,9,0
etangs1,4858,1157,10,0
rdkerll1,4858,1158,11,0
parcexp1,4858,1159,12,0
meteo1,4858,1160,13,0
airlib1,4858,1161,14,0
grimaul1,4858,1162,15,0
htbois1,4858,1165,16,0
morinai1,4858,1165,17,0
gaite1,4858,1167,18,0
lilas1,4858,1168,19,0
mermoz1,4858,1170,20,0
foyerre1,4858,1172,21,0
ptnante1,4858,1173,22,0
arsenal1,4858,1174,23,0
plelo1,4858,1175,24,0
nemours1,4858,1176,25,0
repx2,4858,1177,26,1
cenbruz,4877,545,1,0
herveri1,4877,547,2,0
htlauna1,4877,548,3,0
rabine5,4877,550,4,0
capvert1,4877,551,5,0
verbuis1,4877,552,6,0
cxmme1,4877,554,7,0
schustj1,4877,555,8,0
coeurca1,4877,556,9,0
etangs1,4877,557,10,0
rdkerll1,4877,558,11,0
parcexp1,4877,560,12,0
meteo1,4877,561,13,0
airlib1,4877,562,14,0
grimaul1,4877,563,15,0
htbois1,4877,566,16,0
morinai1,4877,566,17,0
gaite1,4877,568,18,0
lilas1,4877,569,19,0
mermoz1,4877,571,20,0
foyerre1,4877,572,21,0
ptnante1,4877,573,22,0
arsenal1,4877,574,23,0
plelo1,4877,575,24,0
nemours1,4877,577,25,0
repx2,4877,578,26,1
lavoisi2,4865,1110,1,0
chnigue2,4865,1111,2,0
bobinai2,4865,1112,3,0
pasteur2,4865,1112,4,0
dugues2,4865,1113,5,0
epalet2,4865,1114,6,0
noebru2,4865,1115,7,0
cenbruz,4865,1117,8,0
herveri1,4865,1118,9,0
htlauna1,4865,1119,10,0
rabine5,4865,1121,11,0
capvert1,4865,1122,12,0
verbuis1,4865,1123,13,0
cxmme1,4865,1125,14,0
schustj1,4865,1126,15,0
coeurca1,4865,1127,16,0
etangs1,4865,1128,17,0
rdkerll1,4865,1129,18,0
parcexp1,4865,1131,19,0
meteo1,4865,1132,20,0
airlib1,4865,1133,21,0
grimaul1,4865,1134,22,0
htbois1,4865,1137,23,0
morinai1,4865,1137,24,0
gaite1,4865,1139,25,0
lilas1,4865,1140,26,0
mermoz1,4865,1142,27,0
foyerre1,4865,1143,28,0
ptnante1,4865,1144,29,0
arsenal1,4865,1145,30,0
plelo1,4865,1146,31,0
nemours1,4865,1148,32,0
repx2,4865,1149,33,1
cenbruz,398,1235,1,0
herveri1,398,1237,2,0
htlauna1,398,1238,3,0
rabine5,398,1240,4,0
capvert1,398,1241,5,0
verbuis1,398,1242,6,0
cxmme1,398,1244,7,0
schustj1,398,1245,8,0
coeurca1,398,1246,9,0
etangs1,398,1247,10,0
rdkerll1,398,1248,11,0
parcexp1,398,1249,12,0
meteo1,398,1250,13,0
airlib1,398,1251,14,0
grimaul1,398,1252,15,0
htbois1,398,1255,16,0
morinai1,398,1255,17,0
gaite1,398,1257,18,0
lilas1,398,1258,19,0
mermoz1,398,1260,20,0
foyerre1,398,1262,21,0
ptnante1,398,1263,22,0
arsenal1,398,1264,23,0
plelo1,398,1265,24,0
nemours1,398,1266,25,0
repx2,398,1267,26,1
repbottc,369,1005,1,0
nemours2,369,1006,2,0
plelo2,369,1007,3,0
arsenal2,369,1008,4,0
ptnante2,369,1009,5,0
foyerre2,369,1010,6,0
mermoz2,369,1011,7,0
lilas2,369,1013,8,0
gaite2,369,1015,9,0
morinai2,369,1017,10,0
htbois2,369,1017,11,0
grimaul2,369,1020,12,0
airlib2,369,1021,13,0
meteo2,369,1022,14,0
parcexp2,369,1023,15,0
rdkerln2,369,1025,16,0
etangs2,369,1026,17,0
coeurca2,369,1027,18,0
schustj2,369,1028,19,0
cxmme2,369,1029,20,0
verbuis2,369,1031,21,0
capvert2,369,1032,22,0
rabine6,369,1034,23,0
htlauna2,369,1035,24,0
herveri2,369,1037,25,0
cenbruz,369,1038,26,0
noebru1,369,1040,27,0
epalet1,369,1041,28,0
dugues1,369,1042,29,0
pasteur1,369,1043,30,0
bobinai1,369,1044,31,0
chnigue1,369,1044,32,0
lavoisi1,369,1045,33,1
cenbruz,4824,1205,1,0
herveri1,4824,1207,2,0
htlauna1,4824,1208,3,0
rabine5,4824,1210,4,0
capvert1,4824,1211,5,0
verbuis1,4824,1212,6,0
cxmme1,4824,1214,7,0
schustj1,4824,1215,8,0
coeurca1,4824,1216,9,0
etangs1,4824,1217,10,0
rdkerll1,4824,1218,11,0
parcexp1,4824,1219,12,0
meteo1,4824,1220,13,0
airlib1,4824,1221,14,0
grimaul1,4824,1222,15,0
htbois1,4824,1225,16,0
morinai1,4824,1225,17,0
gaite1,4824,1227,18,0
lilas1,4824,1228,19,0
mermoz1,4824,1230,20,0
foyerre1,4824,1232,21,0
ptnante1,4824,1233,22,0
arsenal1,4824,1234,23,0
plelo1,4824,1235,24,0
nemours1,4824,1236,25,0
repx2,4824,1237,26,1
repbottc,4825,485,1,0
nemours2,4825,486,2,0
plelo2,4825,487,3,0
arsenal2,4825,488,4,0
ptnante2,4825,489,5,0
foyerre2,4825,490,6,0
mermoz2,4825,491,7,0
lilas2,4825,493,8,0
gaite2,4825,494,9,0
morinai2,4825,495,10,0
htbois2,4825,496,11,0
grimaul2,4825,498,12,0
airlib2,4825,499,13,0
meteo2,4825,500,14,0
parcexp2,4825,501,15,0
rdkerln2,4825,502,16,0
etangs2,4825,503,17,0
coeurca2,4825,504,18,0
schustj2,4825,505,19,0
cxmme2,4825,506,20,0
verbuis2,4825,508,21,0
capvert2,4825,509,22,0
rabine6,4825,511,23,0
htlauna2,4825,513,24,0
herveri2,4825,514,25,0
cenbruz,4825,516,26,1
repbottc,1514,1185,1,0
nemours2,1514,1186,2,0
plelo2,1514,1187,3,0
arsenal2,1514,1188,4,0
ptnante2,1514,1189,5,0
foyerre2,1514,1190,6,0
mermoz2,1514,1191,7,0
lilas2,1514,1193,8,0
gaite2,1514,1195,9,0
morinai2,1514,1197,10,0
htbois2,1514,1197,11,0
grimaul2,1514,1200,12,0
airlib2,1514,1201,13,0
meteo2,1514,1202,14,0
parcexp2,1514,1203,15,0
rdkerln2,1514,1205,16,0
etangs2,1514,1206,17,0
coeurca2,1514,1207,18,0
schustj2,1514,1208,19,0
cxmme2,1514,1209,20,0
verbuis2,1514,1211,21,0
capvert2,1514,1212,22,0
rabine6,1514,1214,23,0
htlauna2,1514,1215,24,0
herveri2,1514,1217,25,0
cenbruz,1514,1218,26,0
noebru1,1514,1220,27,0
epalet1,1514,1221,28,0
dugues1,1514,1222,29,0
pasteur1,1514,1223,30,0
bobinai1,1514,1224,31,0
chnigue1,1514,1224,32,0
lavoisi1,1514,1225,33,1
cenbruz,1509,840,1,0
herveri1,1509,842,2,0
htlauna1,1509,843,3,0
rabine5,1509,845,4,0
capvert1,1509,846,5,0
verbuis1,1509,847,6,0
cxmme1,1509,849,7,0
schustj1,1509,850,8,0
coeurca1,1509,851,9,0
etangs1,1509,852,10,0
rdkerll1,1509,853,11,0
parcexp1,1509,855,12,0
meteo1,1509,856,13,0
airlib1,1509,857,14,0
grimaul1,1509,858,15,0
htbois1,1509,861,16,0
morinai1,1509,861,17,0
gaite1,1509,863,18,0
lilas1,1509,864,19,0
mermoz1,1509,866,20,0
foyerre1,1509,868,21,0
ptnante1,1509,869,22,0
arsenal1,1509,870,23,0
plelo1,1509,871,24,0
nemours1,1509,872,25,0
repx2,1509,873,26,1
cenbruz,4819,983,1,0
herveri1,4819,985,2,0
htlauna1,4819,986,3,0
rabine5,4819,988,4,0
capvert1,4819,989,5,0
verbuis1,4819,990,6,0
cxmme1,4819,992,7,0
schustj1,4819,993,8,0
coeurca1,4819,995,9,0
etangs1,4819,996,10,0
rdkerll1,4819,997,11,0
msa2,4819,999,12,0
parcexp1,4819,1000,13,0
meteo1,4819,1002,14,0
airlib1,4819,1003,15,0
grimaul1,4819,1004,16,0
htbois1,4819,1007,17,0
morinai1,4819,1007,18,0
gaite1,4819,1009,19,0
lilas1,4819,1010,20,0
mermoz1,4819,1012,21,0
foyerre1,4819,1014,22,0
ptnante1,4819,1015,23,0
arsenal1,4819,1016,24,0
plelo1,4819,1017,25,0
nemours1,4819,1019,26,0
repx2,4819,1020,27,1
cenbruz,1552,1003,1,0
herveri1,1552,1005,2,0
htlauna1,1552,1006,3,0
rabine5,1552,1008,4,0
capvert1,1552,1009,5,0
verbuis1,1552,1010,6,0
cxmme1,1552,1012,7,0
schustj1,1552,1013,8,0
coeurca1,1552,1015,9,0
etangs1,1552,1016,10,0
rdkerll1,1552,1017,11,0
msa2,1552,1019,12,0
parcexp1,1552,1020,13,0
meteo1,1552,1022,14,0
airlib1,1552,1023,15,0
grimaul1,1552,1024,16,0
htbois1,1552,1027,17,0
morinai1,1552,1027,18,0
gaite1,1552,1029,19,0
lilas1,1552,1030,20,0
mermoz1,1552,1032,21,0
foyerre1,1552,1034,22,0
ptnante1,1552,1035,23,0
arsenal1,1552,1036,24,0
plelo1,1552,1037,25,0
nemours1,1552,1039,26,0
repx2,1552,1040,27,1
repbottc,1462,875,1,0
nemours2,1462,876,2,0
plelo2,1462,877,3,0
arsenal2,1462,879,4,0
ptnante2,1462,880,5,0
foyerre2,1462,880,6,0
mermoz2,1462,881,7,0
lilas2,1462,883,8,0
gaite2,1462,885,9,0
morinai2,1462,886,10,0
htbois2,1462,887,11,0
grimaul2,1462,889,12,0
airlib2,1462,890,13,0
meteo2,1462,891,14,0
parcexp2,1462,892,15,0
rdkerln2,1462,894,16,0
etangs2,1462,895,17,0
coeurca2,1462,896,18,0
schustj2,1462,897,19,0
cxmme2,1462,898,20,0
verbuis2,1462,900,21,0
capvert2,1462,901,22,0
rabine6,1462,903,23,0
htlauna2,1462,905,24,0
herveri2,1462,906,25,0
cenbruz,1462,908,26,1
cenbruz,1464,1175,1,0
herveri1,1464,1177,2,0
htlauna1,1464,1178,3,0
rabine5,1464,1180,4,0
capvert1,1464,1181,5,0
verbuis1,1464,1182,6,0
cxmme1,1464,1184,7,0
schustj1,1464,1185,8,0
coeurca1,1464,1186,9,0
etangs1,1464,1187,10,0
rdkerll1,1464,1188,11,0
parcexp1,1464,1189,12,0
meteo1,1464,1190,13,0
airlib1,1464,1191,14,0
grimaul1,1464,1192,15,0
htbois1,1464,1195,16,0
morinai1,1464,1195,17,0
gaite1,1464,1197,18,0
lilas1,1464,1198,19,0
mermoz1,1464,1200,20,0
foyerre1,1464,1202,21,0
ptnante1,1464,1203,22,0
arsenal1,1464,1204,23,0
plelo1,1464,1205,24,0
nemours1,1464,1206,25,0
repx2,1464,1207,26,1
lavoisi2,281,1425,1,0
chnigue2,281,1426,2,0
bobinai2,281,1427,3,0
pasteur2,281,1427,4,0
dugues2,281,1428,5,0
epalet2,281,1429,6,0
noebru2,281,1430,7,0
cenbruz,281,1432,8,0
herveri1,281,1434,9,0
htlauna1,281,1435,10,0
rabine5,281,1436,11,0
capvert1,281,1437,12,0
verbuis1,281,1438,13,0
cxmme1,281,1440,14,0
schustj1,281,1441,15,0
coeurca1,281,1442,16,0
etangs1,281,1443,17,0
rdkerll1,281,1444,18,0
parcexp1,281,1445,19,0
meteo1,281,1446,20,0
airlib1,281,1447,21,0
grimaul1,281,1448,22,0
htbois1,281,1450,23,0
morinai1,281,1451,24,0
gaite1,281,1452,25,0
lilas1,281,1453,26,0
mermoz1,281,1455,27,0
foyerre1,281,1456,28,0
ptnante1,281,1457,29,0
arsenal1,281,1458,30,0
plelo1,281,1459,31,0
nemours1,281,1461,32,0
repx2,281,1462,33,1
cenbruz,289,1175,1,0
herveri1,289,1177,2,0
htlauna1,289,1178,3,0
rabine5,289,1180,4,0
capvert1,289,1181,5,0
verbuis1,289,1182,6,0
cxmme1,289,1184,7,0
schustj1,289,1185,8,0
coeurca1,289,1186,9,0
etangs1,289,1187,10,0
rdkerll1,289,1188,11,0
parcexp1,289,1190,12,0
meteo1,289,1191,13,0
airlib1,289,1192,14,0
grimaul1,289,1193,15,0
htbois1,289,1196,16,0
morinai1,289,1196,17,0
gaite1,289,1198,18,0
lilas1,289,1199,19,0
mermoz1,289,1201,20,0
foyerre1,289,1202,21,0
ptnante1,289,1203,22,0
arsenal1,289,1204,23,0
plelo1,289,1205,24,0
nemours1,289,1207,25,0
repx2,289,1208,26,1
repbottc,273,1125,1,0
nemours2,273,1126,2,0
plelo2,273,1127,3,0
arsenal2,273,1128,4,0
ptnante2,273,1129,5,0
foyerre2,273,1130,6,0
mermoz2,273,1131,7,0
lilas2,273,1133,8,0
gaite2,273,1135,9,0
morinai2,273,1137,10,0
htbois2,273,1137,11,0
grimaul2,273,1140,12,0
airlib2,273,1141,13,0
meteo2,273,1142,14,0
parcexp2,273,1143,15,0
rdkerln2,273,1145,16,0
etangs2,273,1146,17,0
coeurca2,273,1147,18,0
schustj2,273,1148,19,0
cxmme2,273,1149,20,0
verbuis2,273,1151,21,0
capvert2,273,1152,22,0
rabine6,273,1154,23,0
htlauna2,273,1155,24,0
herveri2,273,1157,25,0
cenbruz,273,1158,26,0
noebru1,273,1160,27,0
epalet1,273,1161,28,0
dugues1,273,1162,29,0
pasteur1,273,1163,30,0
bobinai1,273,1164,31,0
chnigue1,273,1164,32,0
lavoisi1,273,1165,33,1
repbottc,263,1065,1,0
nemours2,263,1066,2,0
plelo2,263,1067,3,0
arsenal2,263,1069,4,0
ptnante2,263,1070,5,0
foyerre2,263,1071,6,0
mermoz2,263,1072,7,0
lilas2,263,1074,8,0
gaite2,263,1075,9,0
morinai2,263,1076,10,0
htbois2,263,1077,11,0
grimaul2,263,1079,12,0
airlib2,263,1080,13,0
meteo2,263,1081,14,0
parcexp2,263,1082,15,0
rdkerln2,263,1084,16,0
etangs2,263,1085,17,0
coeurca2,263,1086,18,0
schustj2,263,1087,19,0
cxmme2,263,1088,20,0
verbuis2,263,1090,21,0
capvert2,263,1091,22,0
rabine6,263,1093,23,0
htlauna2,263,1095,24,0
herveri2,263,1096,25,0
cenbruz,263,1098,26,1
repbottc,256,1380,1,0
nemours2,256,1381,2,0
plelo2,256,1382,3,0
arsenal2,256,1383,4,0
ptnante2,256,1384,5,0
foyerre2,256,1384,6,0
mermoz2,256,1385,7,0
lilas2,256,1387,8,0
gaite2,256,1389,9,0
morinai2,256,1391,10,0
htbois2,256,1391,11,0
grimaul2,256,1394,12,0
airlib2,256,1395,13,0
meteo2,256,1396,14,0
parcexp2,256,1397,15,0
rdkerln2,256,1399,16,0
etangs2,256,1400,17,0
coeurca2,256,1401,18,0
schustj2,256,1402,19,0
cxmme2,256,1403,20,0
verbuis2,256,1405,21,0
capvert2,256,1406,22,0
rabine6,256,1408,23,0
htlauna2,256,1409,24,0
herveri2,256,1411,25,0
cenbruz,256,1412,26,0
noebru1,256,1414,27,0
epalet1,256,1415,28,0
dugues1,256,1416,29,0
pasteur1,256,1417,30,0
bobinai1,256,1418,31,0
chnigue1,256,1418,32,0
lavoisi1,256,1419,33,1
cenbruz,255,720,1,0
herveri1,255,722,2,0
htlauna1,255,723,3,0
rabine5,255,725,4,0
capvert1,255,726,5,0
verbuis1,255,727,6,0
cxmme1,255,729,7,0
schustj1,255,730,8,0
coeurca1,255,731,9,0
etangs1,255,732,10,0
rdkerll1,255,733,11,0
parcexp1,255,735,12,0
meteo1,255,736,13,0
airlib1,255,737,14,0
grimaul1,255,738,15,0
htbois1,255,741,16,0
morinai1,255,741,17,0
gaite1,255,743,18,0
lilas1,255,745,19,0
mermoz1,255,747,20,0
foyerre1,255,748,21,0
ptnante1,255,749,22,0
arsenal1,255,750,23,0
plelo1,255,751,24,0
nemours1,255,753,25,0
repx2,255,754,26,1
repbottc,953,1035,1,0
nemours2,953,1036,2,0
plelo2,953,1037,3,0
arsenal2,953,1039,4,0
ptnante2,953,1040,5,0
foyerre2,953,1041,6,0
mermoz2,953,1042,7,0
lilas2,953,1044,8,0
gaite2,953,1045,9,0
morinai2,953,1046,10,0
htbois2,953,1047,11,0
grimaul2,953,1049,12,0
airlib2,953,1050,13,0
meteo2,953,1051,14,0
parcexp2,953,1052,15,0
rdkerln2,953,1054,16,0
etangs2,953,1055,17,0
coeurca2,953,1056,18,0
schustj2,953,1057,19,0
cxmme2,953,1058,20,0
verbuis2,953,1060,21,0
capvert2,953,1061,22,0
rabine6,953,1063,23,0
htlauna2,953,1065,24,0
herveri2,953,1066,25,0
cenbruz,953,1068,26,1
repbottc,4294,1095,1,0
nemours2,4294,1096,2,0
plelo2,4294,1097,3,0
arsenal2,4294,1099,4,0
ptnante2,4294,1100,5,0
foyerre2,4294,1101,6,0
mermoz2,4294,1102,7,0
lilas2,4294,1104,8,0
gaite2,4294,1105,9,0
morinai2,4294,1106,10,0
htbois2,4294,1107,11,0
grimaul2,4294,1109,12,0
airlib2,4294,1110,13,0
meteo2,4294,1111,14,0
parcexp2,4294,1112,15,0
rdkerln2,4294,1114,16,0
etangs2,4294,1115,17,0
coeurca2,4294,1116,18,0
schustj2,4294,1117,19,0
cxmme2,4294,1118,20,0
verbuis2,4294,1120,21,0
capvert2,4294,1121,22,0
rabine6,4294,1123,23,0
htlauna2,4294,1125,24,0
herveri2,4294,1126,25,0
cenbruz,4294,1128,26,1
repbottc,4204,955,1,0
nemours2,4204,956,2,0
plelo2,4204,957,3,0
arsenal2,4204,959,4,0
ptnante2,4204,960,5,0
foyerre2,4204,960,6,0
mermoz2,4204,961,7,0
lilas2,4204,963,8,0
gaite2,4204,965,9,0
morinai2,4204,966,10,0
htbois2,4204,967,11,0
grimaul2,4204,969,12,0
airlib2,4204,970,13,0
meteo2,4204,971,14,0
parcexp2,4204,972,15,0
rdkerln2,4204,974,16,0
etangs2,4204,975,17,0
coeurca2,4204,976,18,0
schustj2,4204,977,19,0
cxmme2,4204,978,20,0
verbuis2,4204,980,21,0
capvert2,4204,981,22,0
rabine6,4204,983,23,0
htlauna2,4204,985,24,0
herveri2,4204,986,25,0
cenbruz,4204,988,26,1
repbottc,2432,815,1,0
nemours2,2432,816,2,0
plelo2,2432,817,3,0
arsenal2,2432,819,4,0
ptnante2,2432,820,5,0
foyerre2,2432,820,6,0
mermoz2,2432,821,7,0
lilas2,2432,823,8,0
gaite2,2432,825,9,0
morinai2,2432,826,10,0
htbois2,2432,827,11,0
grimaul2,2432,829,12,0
airlib2,2432,830,13,0
meteo2,2432,831,14,0
parcexp2,2432,832,15,0
rdkerln2,2432,834,16,0
etangs2,2432,835,17,0
coeurca2,2432,836,18,0
schustj2,2432,837,19,0
cxmme2,2432,838,20,0
verbuis2,2432,840,21,0
capvert2,2432,841,22,0
rabine6,2432,843,23,0
htlauna2,2432,845,24,0
herveri2,2432,846,25,0
cenbruz,2432,848,26,1
lavoisi2,4211,930,1,0
chnigue2,4211,931,2,0
bobinai2,4211,932,3,0
pasteur2,4211,932,4,0
dugues2,4211,933,5,0
epalet2,4211,934,6,0
noebru2,4211,935,7,0
cenbruz,4211,937,8,0
herveri1,4211,938,9,0
htlauna1,4211,939,10,0
rabine5,4211,941,11,0
capvert1,4211,942,12,0
verbuis1,4211,943,13,0
cxmme1,4211,945,14,0
schustj1,4211,946,15,0
coeurca1,4211,947,16,0
etangs1,4211,948,17,0
rdkerll1,4211,949,18,0
parcexp1,4211,951,19,0
meteo1,4211,952,20,0
airlib1,4211,953,21,0
grimaul1,4211,954,22,0
htbois1,4211,957,23,0
morinai1,4211,957,24,0
gaite1,4211,959,25,0
lilas1,4211,960,26,0
mermoz1,4211,962,27,0
foyerre1,4211,963,28,0
ptnante1,4211,964,29,0
arsenal1,4211,965,30,0
plelo1,4211,966,31,0
nemours1,4211,968,32,0
repx2,4211,969,33,1
repbottc,2462,855,1,0
nemours2,2462,856,2,0
plelo2,2462,857,3,0
arsenal2,2462,859,4,0
ptnante2,2462,860,5,0
foyerre2,2462,860,6,0
mermoz2,2462,861,7,0
lilas2,2462,863,8,0
gaite2,2462,865,9,0
morinai2,2462,866,10,0
htbois2,2462,867,11,0
grimaul2,2462,869,12,0
airlib2,2462,870,13,0
meteo2,2462,871,14,0
parcexp2,2462,872,15,0
rdkerln2,2462,874,16,0
etangs2,2462,875,17,0
coeurca2,2462,876,18,0
schustj2,2462,877,19,0
cxmme2,2462,878,20,0
verbuis2,2462,880,21,0
capvert2,2462,881,22,0
rabine6,2462,883,23,0
htlauna2,2462,885,24,0
herveri2,2462,886,25,0
cenbruz,2462,888,26,1
repbottc,4278,975,1,0
nemours2,4278,976,2,0
plelo2,4278,977,3,0
arsenal2,4278,979,4,0
ptnante2,4278,980,5,0
foyerre2,4278,980,6,0
mermoz2,4278,981,7,0
lilas2,4278,983,8,0
gaite2,4278,985,9,0
morinai2,4278,987,10,0
htbois2,4278,987,11,0
grimaul2,4278,990,12,0
airlib2,4278,991,13,0
meteo2,4278,992,14,0
parcexp2,4278,993,15,0
rdkerln2,4278,995,16,0
etangs2,4278,996,17,0
coeurca2,4278,997,18,0
schustj2,4278,998,19,0
cxmme2,4278,1000,20,0
verbuis2,4278,1002,21,0
capvert2,4278,1003,22,0
rabine6,4278,1005,23,0
htlauna2,4278,1007,24,0
herveri2,4278,1008,25,0
cenbruz,4278,1010,26,1
repbottc,4283,385,1,0
nemours2,4283,386,2,0
plelo2,4283,387,3,0
arsenal2,4283,389,4,0
ptnante2,4283,390,5,0
foyerre2,4283,390,6,0
mermoz2,4283,391,7,0
lilas2,4283,393,8,0
gaite2,4283,394,9,0
morinai2,4283,395,10,0
htbois2,4283,396,11,0
grimaul2,4283,398,12,0
airlib2,4283,399,13,0
meteo2,4283,400,14,0
parcexp2,4283,401,15,0
rdkerln2,4283,402,16,0
etangs2,4283,403,17,0
coeurca2,4283,404,18,0
schustj2,4283,405,19,0
cxmme2,4283,406,20,0
verbuis2,4283,408,21,0
capvert2,4283,409,22,0
rabine6,4283,411,23,0
htlauna2,4283,413,24,0
herveri2,4283,414,25,0
cenbruz,4283,416,26,1
cenbruz,2494,565,1,0
herveri1,2494,567,2,0
htlauna1,2494,568,3,0
rabine5,2494,570,4,0
capvert1,2494,571,5,0
verbuis1,2494,572,6,0
cxmme1,2494,574,7,0
schustj1,2494,575,8,0
coeurca1,2494,576,9,0
etangs1,2494,577,10,0
rdkerll1,2494,578,11,0
parcexp1,2494,580,12,0
meteo1,2494,581,13,0
airlib1,2494,582,14,0
grimaul1,2494,583,15,0
htbois1,2494,586,16,0
morinai1,2494,586,17,0
gaite1,2494,588,18,0
lilas1,2494,589,19,0
mermoz1,2494,591,20,0
foyerre1,2494,592,21,0
ptnante1,2494,593,22,0
arsenal1,2494,594,23,0
plelo1,2494,595,24,0
nemours1,2494,596,25,0
repx2,2494,597,26,1
cenbruz,4289,765,1,0
herveri1,4289,767,2,0
htlauna1,4289,768,3,0
rabine5,4289,769,4,0
capvert1,4289,770,5,0
verbuis1,4289,771,6,0
cxmme1,4289,773,7,0
schustj1,4289,774,8,0
coeurca1,4289,775,9,0
etangs1,4289,776,10,0
rdkerll1,4289,777,11,0
parcexp1,4289,779,12,0
meteo1,4289,780,13,0
airlib1,4289,781,14,0
grimaul1,4289,782,15,0
htbois1,4289,785,16,0
morinai1,4289,785,17,0
gaite1,4289,787,18,0
lilas1,4289,788,19,0
mermoz1,4289,790,20,0
foyerre1,4289,791,21,0
ptnante1,4289,792,22,0
arsenal1,4289,793,23,0
plelo1,4289,794,24,0
nemours1,4289,795,25,0
repx2,4289,796,26,1
cenbruz,1397,775,1,0
herveri1,1397,777,2,0
htlauna1,1397,778,3,0
rabine5,1397,780,4,0
capvert1,1397,781,5,0
verbuis1,1397,782,6,0
cxmme1,1397,784,7,0
schustj1,1397,785,8,0
coeurca1,1397,786,9,0
etangs1,1397,787,10,0
rdkerll1,1397,788,11,0
parcexp1,1397,790,12,0
meteo1,1397,791,13,0
airlib1,1397,792,14,0
grimaul1,1397,793,15,0
htbois1,1397,796,16,0
morinai1,1397,796,17,0
gaite1,1397,798,18,0
lilas1,1397,800,19,0
mermoz1,1397,802,20,0
foyerre1,1397,803,21,0
ptnante1,1397,804,22,0
arsenal1,1397,805,23,0
plelo1,1397,806,24,0
nemours1,1397,808,25,0
repx2,1397,809,26,1
cenbruz,1348,435,1,0
herveri1,1348,437,2,0
htlauna1,1348,438,3,0
rabine5,1348,440,4,0
capvert1,1348,441,5,0
verbuis1,1348,442,6,0
cxmme1,1348,444,7,0
schustj1,1348,445,8,0
coeurca1,1348,446,9,0
etangs1,1348,447,10,0
rdkerll1,1348,448,11,0
parcexp1,1348,450,12,0
meteo1,1348,451,13,0
airlib1,1348,452,14,0
grimaul1,1348,453,15,0
htbois1,1348,456,16,0
morinai1,1348,456,17,0
gaite1,1348,458,18,0
lilas1,1348,460,19,0
mermoz1,1348,462,20,0
foyerre1,1348,463,21,0
ptnante1,1348,464,22,0
arsenal1,1348,465,23,0
plelo1,1348,466,24,0
nemours1,1348,467,25,0
repx2,1348,468,26,1
cenbruz,1346,480,1,0
herveri1,1346,482,2,0
htlauna1,1346,483,3,0
rabine5,1346,485,4,0
capvert1,1346,486,5,0
verbuis1,1346,487,6,0
cxmme1,1346,489,7,0
schustj1,1346,490,8,0
coeurca1,1346,492,9,0
etangs1,1346,493,10,0
rdkerll1,1346,494,11,0
parcexp1,1346,496,12,0
meteo1,1346,497,13,0
airlib1,1346,498,14,0
grimaul1,1346,499,15,0
htbois1,1346,502,16,0
morinai1,1346,502,17,0
gaite1,1346,504,18,0
lilas1,1346,506,19,0
mermoz1,1346,508,20,0
foyerre1,1346,509,21,0
ptnante1,1346,510,22,0
arsenal1,1346,511,23,0
plelo1,1346,512,24,0
nemours1,1346,513,25,0
repx2,1346,514,26,1
lavoisi2,1363,1335,1,0
chnigue2,1363,1336,2,0
bobinai2,1363,1337,3,0
pasteur2,1363,1337,4,0
dugues2,1363,1338,5,0
epalet2,1363,1339,6,0
noebru2,1363,1340,7,0
cenbruz,1363,1342,8,0
herveri1,1363,1344,9,0
htlauna1,1363,1345,10,0
rabine5,1363,1347,11,0
capvert1,1363,1348,12,0
verbuis1,1363,1349,13,0
cxmme1,1363,1351,14,0
schustj1,1363,1352,15,0
coeurca1,1363,1353,16,0
etangs1,1363,1354,17,0
rdkerll1,1363,1355,18,0
parcexp1,1363,1356,19,0
meteo1,1363,1357,20,0
airlib1,1363,1358,21,0
grimaul1,1363,1359,22,0
htbois1,1363,1362,23,0
morinai1,1363,1362,24,0
gaite1,1363,1364,25,0
lilas1,1363,1365,26,0
mermoz1,1363,1367,27,0
foyerre1,1363,1368,28,0
ptnante1,1363,1369,29,0
arsenal1,1363,1370,30,0
plelo1,1363,1371,31,0
nemours1,1363,1372,32,0
repx2,1363,1373,33,1
cenbruz,1314,1080,1,0
herveri1,1314,1082,2,0
htlauna1,1314,1083,3,0
rabine5,1314,1085,4,0
capvert1,1314,1086,5,0
verbuis1,1314,1087,6,0
cxmme1,1314,1089,7,0
schustj1,1314,1090,8,0
coeurca1,1314,1091,9,0
etangs1,1314,1092,10,0
rdkerll1,1314,1093,11,0
parcexp1,1314,1094,12,0
meteo1,1314,1095,13,0
airlib1,1314,1096,14,0
grimaul1,1314,1097,15,0
htbois1,1314,1100,16,0
morinai1,1314,1100,17,0
gaite1,1314,1102,18,0
lilas1,1314,1103,19,0
mermoz1,1314,1105,20,0
foyerre1,1314,1107,21,0
ptnante1,1314,1108,22,0
arsenal1,1314,1109,23,0
plelo1,1314,1110,24,0
nemours1,1314,1111,25,0
repx2,1314,1112,26,1
cenbruz,1300,660,1,0
herveri1,1300,662,2,0
htlauna1,1300,663,3,0
rabine5,1300,665,4,0
capvert1,1300,666,5,0
verbuis1,1300,667,6,0
cxmme1,1300,669,7,0
schustj1,1300,670,8,0
coeurca1,1300,671,9,0
etangs1,1300,672,10,0
rdkerll1,1300,673,11,0
parcexp1,1300,675,12,0
meteo1,1300,676,13,0
airlib1,1300,677,14,0
grimaul1,1300,678,15,0
htbois1,1300,681,16,0
morinai1,1300,681,17,0
gaite1,1300,683,18,0
lilas1,1300,685,19,0
mermoz1,1300,687,20,0
foyerre1,1300,689,21,0
ptnante1,1300,690,22,0
arsenal1,1300,691,23,0
plelo1,1300,692,24,0
nemours1,1300,694,25,0
repx2,1300,695,26,1
lavoisi2,843,1230,1,0
chnigue2,843,1231,2,0
bobinai2,843,1232,3,0
pasteur2,843,1232,4,0
dugues2,843,1233,5,0
epalet2,843,1234,6,0
noebru2,843,1235,7,0
cenbruz,843,1237,8,0
herveri1,843,1238,9,0
htlauna1,843,1239,10,0
rabine5,843,1241,11,0
capvert1,843,1242,12,0
verbuis1,843,1243,13,0
cxmme1,843,1245,14,0
schustj1,843,1246,15,0
coeurca1,843,1247,16,0
etangs1,843,1248,17,0
rdkerll1,843,1249,18,0
parcexp1,843,1251,19,0
meteo1,843,1252,20,0
airlib1,843,1253,21,0
grimaul1,843,1254,22,0
htbois1,843,1257,23,0
morinai1,843,1257,24,0
gaite1,843,1259,25,0
lilas1,843,1260,26,0
mermoz1,843,1262,27,0
foyerre1,843,1263,28,0
ptnante1,843,1264,29,0
arsenal1,843,1265,30,0
plelo1,843,1266,31,0
nemours1,843,1268,32,0
repx2,843,1269,33,1
cenbruz,870,990,1,0
herveri1,870,992,2,0
htlauna1,870,993,3,0
rabine5,870,995,4,0
capvert1,870,996,5,0
verbuis1,870,997,6,0
cxmme1,870,999,7,0
schustj1,870,1000,8,0
coeurca1,870,1001,9,0
etangs1,870,1002,10,0
rdkerll1,870,1003,11,0
parcexp1,870,1004,12,0
meteo1,870,1005,13,0
airlib1,870,1006,14,0
grimaul1,870,1007,15,0
htbois1,870,1010,16,0
morinai1,870,1010,17,0
gaite1,870,1012,18,0
lilas1,870,1013,19,0
mermoz1,870,1015,20,0
foyerre1,870,1017,21,0
ptnante1,870,1018,22,0
arsenal1,870,1019,23,0
plelo1,870,1020,24,0
nemours1,870,1021,25,0
repx2,870,1022,26,1
repbottc,4183,1195,1,0
nemours2,4183,1196,2,0
plelo2,4183,1197,3,0
arsenal2,4183,1198,4,0
ptnante2,4183,1199,5,0
foyerre2,4183,1199,6,0
mermoz2,4183,1200,7,0
lilas2,4183,1202,8,0
gaite2,4183,1203,9,0
morinai2,4183,1205,10,0
htbois2,4183,1205,11,0
grimaul2,4183,1208,12,0
airlib2,4183,1209,13,0
meteo2,4183,1210,14,0
parcexp2,4183,1211,15,0
rdkerln2,4183,1213,16,0
etangs2,4183,1214,17,0
coeurca2,4183,1214,18,0
schustj2,4183,1215,19,0
cxmme2,4183,1216,20,0
verbuis2,4183,1218,21,0
capvert2,4183,1219,22,0
rabine6,4183,1221,23,0
htlauna2,4183,1223,24,0
herveri2,4183,1224,25,0
cenbruz,4183,1226,26,1
repbottc,4178,975,1,0
nemours2,4178,976,2,0
plelo2,4178,977,3,0
arsenal2,4178,979,4,0
ptnante2,4178,980,5,0
foyerre2,4178,981,6,0
mermoz2,4178,982,7,0
lilas2,4178,984,8,0
gaite2,4178,985,9,0
morinai2,4178,986,10,0
htbois2,4178,987,11,0
grimaul2,4178,989,12,0
airlib2,4178,990,13,0
meteo2,4178,991,14,0
parcexp2,4178,992,15,0
rdkerln2,4178,994,16,0
etangs2,4178,995,17,0
coeurca2,4178,996,18,0
schustj2,4178,997,19,0
cxmme2,4178,998,20,0
verbuis2,4178,1000,21,0
capvert2,4178,1001,22,0
rabine6,4178,1003,23,0
htlauna2,4178,1005,24,0
herveri2,4178,1006,25,0
cenbruz,4178,1008,26,1
repbottc,2417,705,1,0
nemours2,2417,706,2,0
plelo2,2417,707,3,0
arsenal2,2417,709,4,0
ptnante2,2417,710,5,0
foyerre2,2417,710,6,0
mermoz2,2417,711,7,0
lilas2,2417,713,8,0
gaite2,2417,715,9,0
morinai2,2417,717,10,0
htbois2,2417,717,11,0
grimaul2,2417,720,12,0
airlib2,2417,721,13,0
meteo2,2417,722,14,0
parcexp2,2417,723,15,0
rdkerln2,2417,725,16,0
etangs2,2417,726,17,0
coeurca2,2417,727,18,0
schustj2,2417,728,19,0
cxmme2,2417,729,20,0
verbuis2,2417,731,21,0
capvert2,2417,732,22,0
rabine6,2417,734,23,0
htlauna2,2417,736,24,0
herveri2,2417,737,25,0
cenbruz,2417,739,26,1
repbottc,4112,855,1,0
nemours2,4112,856,2,0
plelo2,4112,857,3,0
arsenal2,4112,858,4,0
ptnante2,4112,859,5,0
foyerre2,4112,860,6,0
mermoz2,4112,861,7,0
lilas2,4112,863,8,0
gaite2,4112,864,9,0
morinai2,4112,865,10,0
htbois2,4112,866,11,0
grimaul2,4112,868,12,0
airlib2,4112,869,13,0
meteo2,4112,870,14,0
parcexp2,4112,871,15,0
rdkerln2,4112,873,16,0
etangs2,4112,874,17,0
coeurca2,4112,875,18,0
schustj2,4112,876,19,0
cxmme2,4112,877,20,0
verbuis2,4112,879,21,0
capvert2,4112,880,22,0
rabine6,4112,882,23,0
htlauna2,4112,884,24,0
herveri2,4112,885,25,0
cenbruz,4112,887,26,1
repbottc,4116,1175,1,0
nemours2,4116,1176,2,0
plelo2,4116,1177,3,0
arsenal2,4116,1179,4,0
ptnante2,4116,1180,5,0
foyerre2,4116,1180,6,0
mermoz2,4116,1181,7,0
lilas2,4116,1183,8,0
gaite2,4116,1184,9,0
morinai2,4116,1186,10,0
htbois2,4116,1186,11,0
grimaul2,4116,1189,12,0
airlib2,4116,1190,13,0
meteo2,4116,1191,14,0
parcexp2,4116,1192,15,0
rdkerln2,4116,1194,16,0
etangs2,4116,1195,17,0
coeurca2,4116,1195,18,0
schustj2,4116,1196,19,0
cxmme2,4116,1197,20,0
verbuis2,4116,1199,21,0
capvert2,4116,1200,22,0
rabine6,4116,1202,23,0
htlauna2,4116,1204,24,0
herveri2,4116,1205,25,0
cenbruz,4116,1207,26,1
cenbruz,2309,833,1,0
herveri1,2309,835,2,0
htlauna1,2309,837,3,0
rabine5,2309,838,4,0
capvert1,2309,840,5,0
verbuis1,2309,841,6,0
cxmme1,2309,843,7,0
schustj1,2309,844,8,0
coeurca1,2309,845,9,0
etangs1,2309,846,10,0
rdkerll1,2309,847,11,0
parcexp1,2309,849,12,0
meteo1,2309,850,13,0
airlib1,2309,851,14,0
grimaul1,2309,852,15,0
htbois1,2309,855,16,0
morinai1,2309,856,17,0
gaite1,2309,858,18,0
lilas1,2309,860,19,0
mermoz1,2309,862,20,0
foyerre1,2309,864,21,0
ptnante1,2309,865,22,0
arsenal1,2309,866,23,0
plelo1,2309,867,24,0
nemours1,2309,869,25,0
repx2,2309,870,26,1
repbottc,2381,995,1,0
nemours2,2381,996,2,0
plelo2,2381,997,3,0
arsenal2,2381,999,4,0
ptnante2,2381,1000,5,0
foyerre2,2381,1000,6,0
mermoz2,2381,1001,7,0
lilas2,2381,1003,8,0
gaite2,2381,1005,9,0
morinai2,2381,1007,10,0
htbois2,2381,1007,11,0
grimaul2,2381,1010,12,0
airlib2,2381,1011,13,0
meteo2,2381,1012,14,0
parcexp2,2381,1013,15,0
rdkerln2,2381,1015,16,0
etangs2,2381,1016,17,0
coeurca2,2381,1017,18,0
schustj2,2381,1018,19,0
cxmme2,2381,1020,20,0
verbuis2,2381,1022,21,0
capvert2,2381,1023,22,0
rabine6,2381,1025,23,0
htlauna2,2381,1027,24,0
herveri2,2381,1028,25,0
cenbruz,2381,1030,26,1
cenbruz,2365,1083,1,0
herveri1,2365,1085,2,0
htlauna1,2365,1087,3,0
rabine5,2365,1088,4,0
capvert1,2365,1090,5,0
verbuis1,2365,1091,6,0
cxmme1,2365,1093,7,0
schustj1,2365,1094,8,0
coeurca1,2365,1096,9,0
etangs1,2365,1097,10,0
rdkerll1,2365,1098,11,0
parcexp1,2365,1100,12,0
meteo1,2365,1101,13,0
airlib1,2365,1102,14,0
grimaul1,2365,1103,15,0
htbois1,2365,1106,16,0
morinai1,2365,1106,17,0
gaite1,2365,1108,18,0
lilas1,2365,1110,19,0
mermoz1,2365,1112,20,0
foyerre1,2365,1114,21,0
ptnante1,2365,1115,22,0
arsenal1,2365,1116,23,0
plelo1,2365,1117,24,0
nemours1,2365,1119,25,0
repx2,2365,1120,26,1
repbottc,2371,525,1,0
nemours2,2371,526,2,0
plelo2,2371,527,3,0
arsenal2,2371,529,4,0
ptnante2,2371,530,5,0
foyerre2,2371,530,6,0
mermoz2,2371,531,7,0
lilas2,2371,533,8,0
gaite2,2371,535,9,0
morinai2,2371,536,10,0
htbois2,2371,537,11,0
grimaul2,2371,539,12,0
airlib2,2371,540,13,0
meteo2,2371,541,14,0
parcexp2,2371,542,15,0
rdkerln2,2371,544,16,0
etangs2,2371,545,17,0
coeurca2,2371,546,18,0
schustj2,2371,547,19,0
cxmme2,2371,548,20,0
verbuis2,2371,550,21,0
capvert2,2371,551,22,0
rabine6,2371,553,23,0
htlauna2,2371,555,24,0
herveri2,2371,556,25,0
cenbruz,2371,558,26,1
repbottc,4165,1005,1,0
nemours2,4165,1006,2,0
plelo2,4165,1007,3,0
arsenal2,4165,1009,4,0
ptnante2,4165,1010,5,0
foyerre2,4165,1011,6,0
mermoz2,4165,1012,7,0
lilas2,4165,1014,8,0
gaite2,4165,1015,9,0
morinai2,4165,1016,10,0
htbois2,4165,1017,11,0
grimaul2,4165,1019,12,0
airlib2,4165,1020,13,0
meteo2,4165,1021,14,0
parcexp2,4165,1022,15,0
rdkerln2,4165,1024,16,0
etangs2,4165,1025,17,0
coeurca2,4165,1026,18,0
schustj2,4165,1027,19,0
cxmme2,4165,1028,20,0
verbuis2,4165,1030,21,0
capvert2,4165,1031,22,0
rabine6,4165,1033,23,0
htlauna2,4165,1035,24,0
herveri2,4165,1036,25,0
cenbruz,4165,1038,26,1
repbottc,1278,1185,1,0
nemours2,1278,1186,2,0
plelo2,1278,1187,3,0
arsenal2,1278,1188,4,0
ptnante2,1278,1189,5,0
foyerre2,1278,1190,6,0
mermoz2,1278,1191,7,0
lilas2,1278,1193,8,0
gaite2,1278,1194,9,0
morinai2,1278,1195,10,0
htbois2,1278,1196,11,0
grimaul2,1278,1198,12,0
airlib2,1278,1199,13,0
meteo2,1278,1200,14,0
parcexp2,1278,1201,15,0
rdkerln2,1278,1203,16,0
etangs2,1278,1204,17,0
coeurca2,1278,1205,18,0
schustj2,1278,1206,19,0
cxmme2,1278,1207,20,0
verbuis2,1278,1209,21,0
capvert2,1278,1210,22,0
rabine6,1278,1212,23,0
htlauna2,1278,1214,24,0
herveri2,1278,1215,25,0
cenbruz,1278,1217,26,1
cenbruz,1275,685,1,0
herveri1,1275,687,2,0
htlauna1,1275,688,3,0
rabine5,1275,690,4,0
capvert1,1275,691,5,0
verbuis1,1275,692,6,0
cxmme1,1275,694,7,0
schustj1,1275,695,8,0
coeurca1,1275,696,9,0
etangs1,1275,697,10,0
rdkerll1,1275,698,11,0
parcexp1,1275,700,12,0
meteo1,1275,701,13,0
airlib1,1275,702,14,0
grimaul1,1275,703,15,0
htbois1,1275,706,16,0
morinai1,1275,706,17,0
gaite1,1275,708,18,0
lilas1,1275,709,19,0
mermoz1,1275,711,20,0
foyerre1,1275,712,21,0
ptnante1,1275,713,22,0
arsenal1,1275,714,23,0
plelo1,1275,715,24,0
nemours1,1275,716,25,0
repx2,1275,717,26,1
cenbruz,1234,420,1,0
herveri1,1234,422,2,0
htlauna1,1234,423,3,0
rabine5,1234,425,4,0
capvert1,1234,426,5,0
verbuis1,1234,427,6,0
cxmme1,1234,429,7,0
schustj1,1234,430,8,0
coeurca1,1234,431,9,0
etangs1,1234,432,10,0
rdkerll1,1234,433,11,0
parcexp1,1234,435,12,0
meteo1,1234,436,13,0
airlib1,1234,437,14,0
grimaul1,1234,438,15,0
htbois1,1234,441,16,0
morinai1,1234,441,17,0
gaite1,1234,443,18,0
lilas1,1234,445,19,0
mermoz1,1234,447,20,0
foyerre1,1234,448,21,0
ptnante1,1234,449,22,0
arsenal1,1234,450,23,0
plelo1,1234,451,24,0
nemours1,1234,452,25,0
repx2,1234,453,26,1
repbottc,1228,525,1,0
nemours2,1228,526,2,0
plelo2,1228,527,3,0
arsenal2,1228,528,4,0
ptnante2,1228,529,5,0
foyerre2,1228,530,6,0
mermoz2,1228,531,7,0
lilas2,1228,533,8,0
gaite2,1228,534,9,0
morinai2,1228,535,10,0
htbois2,1228,536,11,0
grimaul2,1228,538,12,0
airlib2,1228,539,13,0
meteo2,1228,540,14,0
parcexp2,1228,541,15,0
rdkerln2,1228,542,16,0
etangs2,1228,543,17,0
coeurca2,1228,544,18,0
schustj2,1228,545,19,0
cxmme2,1228,546,20,0
verbuis2,1228,548,21,0
capvert2,1228,549,22,0
rabine6,1228,551,23,0
htlauna2,1228,553,24,0
herveri2,1228,554,25,0
cenbruz,1228,556,26,1
cenbruz,1214,1023,1,0
herveri1,1214,1025,2,0
htlauna1,1214,1026,3,0
rabine5,1214,1028,4,0
capvert1,1214,1029,5,0
verbuis1,1214,1030,6,0
cxmme1,1214,1032,7,0
schustj1,1214,1033,8,0
coeurca1,1214,1035,9,0
etangs1,1214,1036,10,0
rdkerll1,1214,1037,11,0
msa2,1214,1039,12,0
parcexp1,1214,1040,13,0
meteo1,1214,1042,14,0
airlib1,1214,1043,15,0
grimaul1,1214,1044,16,0
htbois1,1214,1047,17,0
morinai1,1214,1047,18,0
gaite1,1214,1049,19,0
lilas1,1214,1051,20,0
mermoz1,1214,1053,21,0
foyerre1,1214,1055,22,0
ptnante1,1214,1056,23,0
arsenal1,1214,1057,24,0
plelo1,1214,1058,25,0
nemours1,1214,1060,26,0
repx2,1214,1061,27,1
repbottc,718,1290,1,0
nemours2,718,1291,2,0
plelo2,718,1292,3,0
arsenal2,718,1293,4,0
ptnante2,718,1294,5,0
foyerre2,718,1294,6,0
mermoz2,718,1295,7,0
lilas2,718,1297,8,0
gaite2,718,1298,9,0
morinai2,718,1300,10,0
htbois2,718,1300,11,0
grimaul2,718,1303,12,0
airlib2,718,1304,13,0
meteo2,718,1305,14,0
parcexp2,718,1306,15,0
rdkerln2,718,1308,16,0
etangs2,718,1309,17,0
coeurca2,718,1309,18,0
schustj2,718,1310,19,0
cxmme2,718,1311,20,0
verbuis2,718,1313,21,0
capvert2,718,1314,22,0
rabine6,718,1316,23,0
htlauna2,718,1318,24,0
herveri2,718,1319,25,0
cenbruz,718,1321,26,0
noebru1,718,1323,27,0
epalet1,718,1324,28,0
dugues1,718,1325,29,0
pasteur1,718,1326,30,0
bobinai1,718,1327,31,0
chnigue1,718,1327,32,0
lavoisi1,718,1328,33,1
lavoisi2,715,1050,1,0
chnigue2,715,1051,2,0
bobinai2,715,1052,3,0
pasteur2,715,1052,4,0
dugues2,715,1053,5,0
epalet2,715,1054,6,0
noebru2,715,1055,7,0
cenbruz,715,1057,8,0
herveri1,715,1058,9,0
htlauna1,715,1059,10,0
rabine5,715,1061,11,0
capvert1,715,1062,12,0
verbuis1,715,1063,13,0
cxmme1,715,1065,14,0
schustj1,715,1066,15,0
coeurca1,715,1067,16,0
etangs1,715,1068,17,0
rdkerll1,715,1069,18,0
parcexp1,715,1071,19,0
meteo1,715,1072,20,0
airlib1,715,1073,21,0
grimaul1,715,1074,22,0
htbois1,715,1077,23,0
morinai1,715,1077,24,0
gaite1,715,1079,25,0
lilas1,715,1080,26,0
mermoz1,715,1082,27,0
foyerre1,715,1083,28,0
ptnante1,715,1084,29,0
arsenal1,715,1085,30,0
plelo1,715,1086,31,0
nemours1,715,1088,32,0
repx2,715,1089,33,1
cenbruz,703,445,1,0
herveri1,703,447,2,0
htlauna1,703,448,3,0
rabine5,703,449,4,0
capvert1,703,450,5,0
verbuis1,703,451,6,0
cxmme1,703,453,7,0
schustj1,703,454,8,0
coeurca1,703,455,9,0
etangs1,703,456,10,0
rdkerll1,703,457,11,0
parcexp1,703,458,12,0
meteo1,703,459,13,0
airlib1,703,460,14,0
grimaul1,703,461,15,0
htbois1,703,464,16,0
morinai1,703,464,17,0
gaite1,703,466,18,0
lilas1,703,467,19,0
mermoz1,703,469,20,0
foyerre1,703,470,21,0
ptnante1,703,471,22,0
arsenal1,703,472,23,0
plelo1,703,473,24,0
nemours1,703,474,25,0
repx2,703,475,26,1
repbottc,2759,605,1,0
nemours2,2759,606,2,0
plelo2,2759,607,3,0
arsenal2,2759,608,4,0
ptnante2,2759,609,5,0
foyerre2,2759,610,6,0
mermoz2,2759,611,7,0
lilas2,2759,613,8,0
gaite2,2759,614,9,0
morinai2,2759,615,10,0
htbois2,2759,616,11,0
grimaul2,2759,618,12,0
airlib2,2759,619,13,0
meteo2,2759,620,14,0
parcexp2,2759,621,15,0
rdkerln2,2759,622,16,0
etangs2,2759,623,17,0
coeurca2,2759,624,18,0
schustj2,2759,625,19,0
cxmme2,2759,626,20,0
verbuis2,2759,628,21,0
capvert2,2759,629,22,0
rabine6,2759,631,23,0
htlauna2,2759,633,24,0
herveri2,2759,634,25,0
cenbruz,2759,636,26,1
repbottc,771,345,1,0
nemours2,771,346,2,0
plelo2,771,347,3,0
arsenal2,771,349,4,0
ptnante2,771,350,5,0
foyerre2,771,350,6,0
mermoz2,771,351,7,0
lilas2,771,353,8,0
gaite2,771,354,9,0
morinai2,771,355,10,0
htbois2,771,356,11,0
grimaul2,771,358,12,0
airlib2,771,359,13,0
meteo2,771,360,14,0
parcexp2,771,361,15,0
rdkerln2,771,362,16,0
etangs2,771,363,17,0
coeurca2,771,364,18,0
schustj2,771,365,19,0
cxmme2,771,366,20,0
verbuis2,771,368,21,0
capvert2,771,369,22,0
rabine6,771,371,23,0
htlauna2,771,373,24,0
herveri2,771,374,25,0
cenbruz,771,376,26,1
repbottc,2720,765,1,0
nemours2,2720,766,2,0
plelo2,2720,767,3,0
arsenal2,2720,769,4,0
ptnante2,2720,770,5,0
foyerre2,2720,771,6,0
mermoz2,2720,772,7,0
lilas2,2720,774,8,0
gaite2,2720,775,9,0
morinai2,2720,776,10,0
htbois2,2720,777,11,0
grimaul2,2720,779,12,0
airlib2,2720,780,13,0
meteo2,2720,781,14,0
parcexp2,2720,782,15,0
rdkerln2,2720,784,16,0
etangs2,2720,785,17,0
coeurca2,2720,786,18,0
schustj2,2720,787,19,0
cxmme2,2720,788,20,0
verbuis2,2720,790,21,0
capvert2,2720,791,22,0
rabine6,2720,793,23,0
htlauna2,2720,795,24,0
herveri2,2720,796,25,0
cenbruz,2720,798,26,1
repbottc,1183,460,1,0
nemours2,1183,461,2,0
plelo2,1183,462,3,0
arsenal2,1183,464,4,0
ptnante2,1183,465,5,0
foyerre2,1183,465,6,0
mermoz2,1183,466,7,0
lilas2,1183,468,8,0
gaite2,1183,469,9,0
morinai2,1183,470,10,0
htbois2,1183,471,11,0
grimaul2,1183,473,12,0
airlib2,1183,474,13,0
meteo2,1183,475,14,0
parcexp2,1183,477,15,0
msa2,1183,478,16,0
rdkerln2,1183,480,17,0
etangs2,1183,481,18,0
coeurca2,1183,482,19,0
schustj2,1183,483,20,0
cxmme2,1183,484,21,0
verbuis2,1183,486,22,0
capvert2,1183,487,23,0
rabine6,1183,489,24,0
htlauna2,1183,491,25,0
herveri2,1183,492,26,0
cenbruz,1183,494,27,1
repbottc,4444,445,1,0
nemours2,4444,446,2,0
plelo2,4444,447,3,0
arsenal2,4444,448,4,0
ptnante2,4444,449,5,0
foyerre2,4444,449,6,0
mermoz2,4444,450,7,0
lilas2,4444,452,8,0
gaite2,4444,453,9,0
morinai2,4444,454,10,0
htbois2,4444,454,11,0
grimaul2,4444,456,12,0
airlib2,4444,457,13,0
meteo2,4444,458,14,0
parcexp2,4444,459,15,0
rdkerln2,4444,460,16,0
etangs2,4444,461,17,0
coeurca2,4444,462,18,0
schustj2,4444,463,19,0
cxmme2,4444,464,20,0
verbuis2,4444,466,21,0
capvert2,4444,467,22,0
rabine6,4444,469,23,0
htlauna2,4444,470,24,0
herveri2,4444,472,25,0
cenbruz,4444,473,26,1
repbottc,4462,945,1,0
nemours2,4462,946,2,0
plelo2,4462,947,3,0
arsenal2,4462,948,4,0
ptnante2,4462,949,5,0
foyerre2,4462,950,6,0
mermoz2,4462,951,7,0
lilas2,4462,953,8,0
gaite2,4462,955,9,0
morinai2,4462,957,10,0
htbois2,4462,957,11,0
grimaul2,4462,960,12,0
airlib2,4462,961,13,0
meteo2,4462,962,14,0
parcexp2,4462,963,15,0
rdkerln2,4462,965,16,0
etangs2,4462,966,17,0
coeurca2,4462,967,18,0
schustj2,4462,968,19,0
cxmme2,4462,969,20,0
verbuis2,4462,971,21,0
capvert2,4462,972,22,0
rabine6,4462,974,23,0
htlauna2,4462,975,24,0
herveri2,4462,977,25,0
cenbruz,4462,978,26,0
noebru1,4462,980,27,0
epalet1,4462,981,28,0
dugues1,4462,982,29,0
pasteur1,4462,983,30,0
bobinai1,4462,984,31,0
chnigue1,4462,984,32,0
lavoisi1,4462,985,33,1
repbottc,1164,830,1,0
nemours2,1164,831,2,0
plelo2,1164,832,3,0
arsenal2,1164,834,4,0
ptnante2,1164,835,5,0
foyerre2,1164,836,6,0
mermoz2,1164,837,7,0
lilas2,1164,839,8,0
gaite2,1164,840,9,0
morinai2,1164,841,10,0
htbois2,1164,842,11,0
grimaul2,1164,844,12,0
airlib2,1164,845,13,0
meteo2,1164,846,14,0
parcexp2,1164,847,15,0
rdkerln2,1164,849,16,0
etangs2,1164,850,17,0
coeurca2,1164,851,18,0
schustj2,1164,852,19,0
cxmme2,1164,853,20,0
verbuis2,1164,855,21,0
capvert2,1164,856,22,0
rabine6,1164,858,23,0
htlauna2,1164,860,24,0
herveri2,1164,861,25,0
cenbruz,1164,863,26,1
repbottc,600,765,1,0
nemours2,600,766,2,0
plelo2,600,767,3,0
arsenal2,600,769,4,0
ptnante2,600,770,5,0
foyerre2,600,770,6,0
mermoz2,600,771,7,0
lilas2,600,773,8,0
gaite2,600,775,9,0
morinai2,600,777,10,0
htbois2,600,777,11,0
grimaul2,600,780,12,0
airlib2,600,781,13,0
meteo2,600,782,14,0
parcexp2,600,783,15,0
rdkerln2,600,785,16,0
etangs2,600,786,17,0
coeurca2,600,787,18,0
schustj2,600,788,19,0
cxmme2,600,789,20,0
verbuis2,600,791,21,0
capvert2,600,792,22,0
rabine6,600,794,23,0
htlauna2,600,796,24,0
herveri2,600,797,25,0
cenbruz,600,799,26,1
cenbruz,609,1103,1,0
herveri1,609,1105,2,0
htlauna1,609,1107,3,0
rabine5,609,1108,4,0
capvert1,609,1110,5,0
verbuis1,609,1111,6,0
cxmme1,609,1113,7,0
schustj1,609,1114,8,0
coeurca1,609,1116,9,0
etangs1,609,1117,10,0
rdkerll1,609,1118,11,0
parcexp1,609,1120,12,0
meteo1,609,1121,13,0
airlib1,609,1122,14,0
grimaul1,609,1123,15,0
htbois1,609,1126,16,0
morinai1,609,1126,17,0
gaite1,609,1128,18,0
lilas1,609,1130,19,0
mermoz1,609,1132,20,0
foyerre1,609,1134,21,0
ptnante1,609,1135,22,0
arsenal1,609,1136,23,0
plelo1,609,1137,24,0
nemours1,609,1139,25,0
repx2,609,1140,26,1
repbottc,2648,1155,1,0
nemours2,2648,1156,2,0
plelo2,2648,1157,3,0
arsenal2,2648,1158,4,0
ptnante2,2648,1159,5,0
foyerre2,2648,1160,6,0
mermoz2,2648,1161,7,0
lilas2,2648,1163,8,0
gaite2,2648,1164,9,0
morinai2,2648,1165,10,0
htbois2,2648,1166,11,0
grimaul2,2648,1168,12,0
airlib2,2648,1169,13,0
meteo2,2648,1170,14,0
parcexp2,2648,1171,15,0
rdkerln2,2648,1173,16,0
etangs2,2648,1174,17,0
coeurca2,2648,1175,18,0
schustj2,2648,1176,19,0
cxmme2,2648,1177,20,0
verbuis2,2648,1179,21,0
capvert2,2648,1180,22,0
rabine6,2648,1182,23,0
htlauna2,2648,1184,24,0
herveri2,2648,1185,25,0
cenbruz,2648,1187,26,1
cenbruz,2624,1020,1,0
herveri1,2624,1022,2,0
htlauna1,2624,1023,3,0
rabine5,2624,1025,4,0
capvert1,2624,1026,5,0
verbuis1,2624,1027,6,0
cxmme1,2624,1029,7,0
schustj1,2624,1030,8,0
coeurca1,2624,1031,9,0
etangs1,2624,1032,10,0
rdkerll1,2624,1033,11,0
parcexp1,2624,1034,12,0
meteo1,2624,1035,13,0
airlib1,2624,1036,14,0
grimaul1,2624,1037,15,0
htbois1,2624,1040,16,0
morinai1,2624,1040,17,0
gaite1,2624,1042,18,0
lilas1,2624,1043,19,0
mermoz1,2624,1045,20,0
foyerre1,2624,1047,21,0
ptnante1,2624,1048,22,0
arsenal1,2624,1049,23,0
plelo1,2624,1050,24,0
nemours1,2624,1051,25,0
repx2,2624,1052,26,1
repbottc,691,935,1,0
nemours2,691,936,2,0
plelo2,691,937,3,0
arsenal2,691,939,4,0
ptnante2,691,940,5,0
foyerre2,691,940,6,0
mermoz2,691,941,7,0
lilas2,691,943,8,0
gaite2,691,945,9,0
morinai2,691,946,10,0
htbois2,691,947,11,0
grimaul2,691,949,12,0
airlib2,691,950,13,0
meteo2,691,951,14,0
parcexp2,691,952,15,0
rdkerln2,691,954,16,0
etangs2,691,955,17,0
coeurca2,691,956,18,0
schustj2,691,957,19,0
cxmme2,691,958,20,0
verbuis2,691,960,21,0
capvert2,691,961,22,0
rabine6,691,963,23,0
htlauna2,691,965,24,0
herveri2,691,966,25,0
cenbruz,691,968,26,1
repbottc,4371,500,1,0
nemours2,4371,501,2,0
plelo2,4371,502,3,0
arsenal2,4371,504,4,0
ptnante2,4371,505,5,0
foyerre2,4371,505,6,0
mermoz2,4371,506,7,0
lilas2,4371,508,8,0
gaite2,4371,510,9,0
morinai2,4371,511,10,0
htbois2,4371,512,11,0
grimaul2,4371,514,12,0
airlib2,4371,515,13,0
meteo2,4371,516,14,0
parcexp2,4371,518,15,0
msa2,4371,519,16,0
rdkerln2,4371,521,17,0
etangs2,4371,522,18,0
coeurca2,4371,523,19,0
schustj2,4371,524,20,0
cxmme2,4371,525,21,0
verbuis2,4371,527,22,0
capvert2,4371,528,23,0
rabine6,4371,530,24,0
htlauna2,4371,532,25,0
herveri2,4371,533,26,0
cenbruz,4371,535,27,1
cenbruz,2597,1050,1,0
herveri1,2597,1052,2,0
htlauna1,2597,1053,3,0
rabine5,2597,1055,4,0
capvert1,2597,1056,5,0
verbuis1,2597,1057,6,0
cxmme1,2597,1059,7,0
schustj1,2597,1060,8,0
coeurca1,2597,1061,9,0
etangs1,2597,1062,10,0
rdkerll1,2597,1063,11,0
parcexp1,2597,1064,12,0
meteo1,2597,1065,13,0
airlib1,2597,1066,14,0
grimaul1,2597,1067,15,0
htbois1,2597,1070,16,0
morinai1,2597,1070,17,0
gaite1,2597,1072,18,0
lilas1,2597,1073,19,0
mermoz1,2597,1075,20,0
foyerre1,2597,1077,21,0
ptnante1,2597,1078,22,0
arsenal1,2597,1079,23,0
plelo1,2597,1080,24,0
nemours1,2597,1081,25,0
repx2,2597,1082,26,1
cenbruz,4385,500,1,0
herveri1,4385,502,2,0
htlauna1,4385,503,3,0
rabine5,4385,505,4,0
capvert1,4385,506,5,0
verbuis1,4385,507,6,0
cxmme1,4385,509,7,0
schustj1,4385,510,8,0
coeurca1,4385,512,9,0
etangs1,4385,513,10,0
rdkerll1,4385,514,11,0
parcexp1,4385,516,12,0
meteo1,4385,517,13,0
airlib1,4385,518,14,0
grimaul1,4385,519,15,0
htbois1,4385,522,16,0
morinai1,4385,522,17,0
gaite1,4385,524,18,0
lilas1,4385,526,19,0
mermoz1,4385,528,20,0
foyerre1,4385,529,21,0
ptnante1,4385,530,22,0
arsenal1,4385,531,23,0
plelo1,4385,532,24,0
nemours1,4385,534,25,0
repx2,4385,535,26,1
cenbruz,2593,600,1,0
herveri1,2593,602,2,0
htlauna1,2593,603,3,0
rabine5,2593,605,4,0
capvert1,2593,606,5,0
verbuis1,2593,607,6,0
cxmme1,2593,609,7,0
schustj1,2593,610,8,0
coeurca1,2593,611,9,0
etangs1,2593,612,10,0
rdkerll1,2593,613,11,0
parcexp1,2593,615,12,0
meteo1,2593,616,13,0
airlib1,2593,617,14,0
grimaul1,2593,618,15,0
htbois1,2593,621,16,0
morinai1,2593,621,17,0
gaite1,2593,623,18,0
lilas1,2593,625,19,0
mermoz1,2593,627,20,0
foyerre1,2593,629,21,0
ptnante1,2593,630,22,0
arsenal1,2593,631,23,0
plelo1,2593,632,24,0
nemours1,2593,634,25,0
repx2,2593,635,26,1
repbottc,2589,735,1,0
nemours2,2589,736,2,0
plelo2,2589,737,3,0
arsenal2,2589,739,4,0
ptnante2,2589,740,5,0
foyerre2,2589,740,6,0
mermoz2,2589,741,7,0
lilas2,2589,743,8,0
gaite2,2589,745,9,0
morinai2,2589,747,10,0
htbois2,2589,747,11,0
grimaul2,2589,750,12,0
airlib2,2589,751,13,0
meteo2,2589,752,14,0
parcexp2,2589,753,15,0
rdkerln2,2589,755,16,0
etangs2,2589,756,17,0
coeurca2,2589,757,18,0
schustj2,2589,758,19,0
cxmme2,2589,759,20,0
verbuis2,2589,761,21,0
capvert2,2589,762,22,0
rabine6,2589,764,23,0
htlauna2,2589,766,24,0
herveri2,2589,767,25,0
cenbruz,2589,769,26,1
cenbruz,2562,1155,1,0
herveri1,2562,1157,2,0
htlauna1,2562,1158,3,0
rabine5,2562,1160,4,0
capvert1,2562,1161,5,0
verbuis1,2562,1162,6,0
cxmme1,2562,1164,7,0
schustj1,2562,1165,8,0
coeurca1,2562,1166,9,0
etangs1,2562,1167,10,0
rdkerll1,2562,1168,11,0
parcexp1,2562,1170,12,0
meteo1,2562,1171,13,0
airlib1,2562,1172,14,0
grimaul1,2562,1173,15,0
htbois1,2562,1176,16,0
morinai1,2562,1176,17,0
gaite1,2562,1178,18,0
lilas1,2562,1179,19,0
mermoz1,2562,1181,20,0
foyerre1,2562,1182,21,0
ptnante1,2562,1183,22,0
arsenal1,2562,1184,23,0
plelo1,2562,1185,24,0
nemours1,2562,1187,25,0
repx2,2562,1188,26,1
repbottc,1009,895,1,0
nemours2,1009,896,2,0
plelo2,1009,897,3,0
arsenal2,1009,899,4,0
ptnante2,1009,900,5,0
foyerre2,1009,900,6,0
mermoz2,1009,901,7,0
lilas2,1009,903,8,0
gaite2,1009,905,9,0
morinai2,1009,906,10,0
htbois2,1009,907,11,0
grimaul2,1009,909,12,0
airlib2,1009,910,13,0
meteo2,1009,911,14,0
parcexp2,1009,912,15,0
rdkerln2,1009,914,16,0
etangs2,1009,915,17,0
coeurca2,1009,916,18,0
schustj2,1009,917,19,0
cxmme2,1009,918,20,0
verbuis2,1009,920,21,0
capvert2,1009,921,22,0
rabine6,1009,923,23,0
htlauna2,1009,925,24,0
herveri2,1009,926,25,0
cenbruz,1009,928,26,1
cenbruz,1050,870,1,0
herveri1,1050,872,2,0
htlauna1,1050,873,3,0
rabine5,1050,875,4,0
capvert1,1050,876,5,0
verbuis1,1050,877,6,0
cxmme1,1050,879,7,0
schustj1,1050,880,8,0
coeurca1,1050,881,9,0
etangs1,1050,882,10,0
rdkerll1,1050,883,11,0
parcexp1,1050,885,12,0
meteo1,1050,886,13,0
airlib1,1050,887,14,0
grimaul1,1050,888,15,0
htbois1,1050,891,16,0
morinai1,1050,892,17,0
gaite1,1050,894,18,0
lilas1,1050,895,19,0
mermoz1,1050,897,20,0
foyerre1,1050,899,21,0
ptnante1,1050,900,22,0
arsenal1,1050,901,23,0
plelo1,1050,902,24,0
nemours1,1050,903,25,0
repx2,1050,904,26,1
repbottc,1039,885,1,0
nemours2,1039,886,2,0
plelo2,1039,887,3,0
arsenal2,1039,888,4,0
ptnante2,1039,889,5,0
foyerre2,1039,890,6,0
mermoz2,1039,891,7,0
lilas2,1039,893,8,0
gaite2,1039,894,9,0
morinai2,1039,895,10,0
htbois2,1039,896,11,0
grimaul2,1039,898,12,0
airlib2,1039,899,13,0
meteo2,1039,900,14,0
parcexp2,1039,901,15,0
rdkerln2,1039,903,16,0
etangs2,1039,904,17,0
coeurca2,1039,905,18,0
schustj2,1039,906,19,0
cxmme2,1039,907,20,0
verbuis2,1039,909,21,0
capvert2,1039,910,22,0
rabine6,1039,912,23,0
htlauna2,1039,914,24,0
herveri2,1039,915,25,0
cenbruz,1039,917,26,1
cenbruz,1025,725,1,0
herveri1,1025,727,2,0
htlauna1,1025,728,3,0
rabine5,1025,730,4,0
capvert1,1025,731,5,0
verbuis1,1025,732,6,0
cxmme1,1025,734,7,0
schustj1,1025,735,8,0
coeurca1,1025,736,9,0
etangs1,1025,737,10,0
rdkerll1,1025,738,11,0
parcexp1,1025,740,12,0
meteo1,1025,741,13,0
airlib1,1025,742,14,0
grimaul1,1025,743,15,0
htbois1,1025,746,16,0
morinai1,1025,746,17,0
gaite1,1025,748,18,0
lilas1,1025,749,19,0
mermoz1,1025,751,20,0
foyerre1,1025,752,21,0
ptnante1,1025,753,22,0
arsenal1,1025,754,23,0
plelo1,1025,755,24,0
nemours1,1025,756,25,0
repx2,1025,757,26,1
cenbruz,1021,853,1,0
herveri1,1021,855,2,0
htlauna1,1021,856,3,0
rabine5,1021,858,4,0
capvert1,1021,859,5,0
verbuis1,1021,860,6,0
cxmme1,1021,862,7,0
schustj1,1021,863,8,0
coeurca1,1021,864,9,0
etangs1,1021,865,10,0
rdkerll1,1021,866,11,0
parcexp1,1021,868,12,0
meteo1,1021,869,13,0
airlib1,1021,870,14,0
grimaul1,1021,871,15,0
htbois1,1021,874,16,0
morinai1,1021,874,17,0
gaite1,1021,876,18,0
lilas1,1021,878,19,0
mermoz1,1021,880,20,0
foyerre1,1021,882,21,0
ptnante1,1021,883,22,0
arsenal1,1021,884,23,0
plelo1,1021,885,24,0
nemours1,1021,887,25,0
repx2,1021,888,26,1
cenbruz,3211,570,1,0
herveri1,3211,572,2,0
htlauna1,3211,573,3,0
rabine5,3211,575,4,0
capvert1,3211,576,5,0
verbuis1,3211,577,6,0
cxmme1,3211,579,7,0
schustj1,3211,580,8,0
coeurca1,3211,581,9,0
etangs1,3211,582,10,0
rdkerll1,3211,583,11,0
parcexp1,3211,585,12,0
meteo1,3211,586,13,0
airlib1,3211,587,14,0
grimaul1,3211,588,15,0
htbois1,3211,591,16,0
morinai1,3211,591,17,0
gaite1,3211,593,18,0
lilas1,3211,594,19,0
mermoz1,3211,596,20,0
foyerre1,3211,597,21,0
ptnante1,3211,598,22,0
arsenal1,3211,599,23,0
plelo1,3211,600,24,0
nemours1,3211,602,25,0
repx2,3211,603,26,1
repbottc,3379,560,1,0
nemours2,3379,561,2,0
plelo2,3379,562,3,0
arsenal2,3379,564,4,0
ptnante2,3379,565,5,0
foyerre2,3379,565,6,0
mermoz2,3379,566,7,0
lilas2,3379,568,8,0
gaite2,3379,570,9,0
morinai2,3379,571,10,0
htbois2,3379,572,11,0
grimaul2,3379,574,12,0
airlib2,3379,575,13,0
meteo2,3379,576,14,0
parcexp2,3379,577,15,0
rdkerln2,3379,579,16,0
etangs2,3379,580,17,0
coeurca2,3379,581,18,0
schustj2,3379,582,19,0
cxmme2,3379,583,20,0
verbuis2,3379,585,21,0
capvert2,3379,586,22,0
rabine6,3379,588,23,0
htlauna2,3379,590,24,0
herveri2,3379,591,25,0
cenbruz,3379,593,26,1
repbottc,3364,1155,1,0
nemours2,3364,1156,2,0
plelo2,3364,1157,3,0
arsenal2,3364,1159,4,0
ptnante2,3364,1160,5,0
foyerre2,3364,1161,6,0
mermoz2,3364,1162,7,0
lilas2,3364,1164,8,0
gaite2,3364,1165,9,0
morinai2,3364,1167,10,0
htbois2,3364,1167,11,0
grimaul2,3364,1170,12,0
airlib2,3364,1171,13,0
meteo2,3364,1172,14,0
parcexp2,3364,1173,15,0
rdkerln2,3364,1175,16,0
etangs2,3364,1176,17,0
coeurca2,3364,1176,18,0
schustj2,3364,1177,19,0
cxmme2,3364,1178,20,0
verbuis2,3364,1180,21,0
capvert2,3364,1181,22,0
rabine6,3364,1183,23,0
htlauna2,3364,1185,24,0
herveri2,3364,1186,25,0
cenbruz,3364,1188,26,1
cenbruz,2230,480,1,0
herveri1,2230,482,2,0
htlauna1,2230,483,3,0
rabine5,2230,484,4,0
capvert1,2230,485,5,0
verbuis1,2230,486,6,0
cxmme1,2230,488,7,0
schustj1,2230,489,8,0
coeurca1,2230,490,9,0
etangs1,2230,491,10,0
rdkerll1,2230,492,11,0
parcexp1,2230,493,12,0
meteo1,2230,494,13,0
airlib1,2230,495,14,0
grimaul1,2230,496,15,0
htbois1,2230,499,16,0
morinai1,2230,499,17,0
gaite1,2230,501,18,0
lilas1,2230,502,19,0
mermoz1,2230,504,20,0
foyerre1,2230,505,21,0
ptnante1,2230,506,22,0
arsenal1,2230,507,23,0
plelo1,2230,508,24,0
nemours1,2230,509,25,0
repx2,2230,510,26,1
cenbruz,2224,645,1,0
herveri1,2224,647,2,0
htlauna1,2224,648,3,0
rabine5,2224,650,4,0
capvert1,2224,651,5,0
verbuis1,2224,652,6,0
cxmme1,2224,654,7,0
schustj1,2224,655,8,0
coeurca1,2224,656,9,0
etangs1,2224,657,10,0
rdkerll1,2224,658,11,0
parcexp1,2224,660,12,0
meteo1,2224,661,13,0
airlib1,2224,662,14,0
grimaul1,2224,663,15,0
htbois1,2224,666,16,0
morinai1,2224,666,17,0
gaite1,2224,668,18,0
lilas1,2224,669,19,0
mermoz1,2224,671,20,0
foyerre1,2224,672,21,0
ptnante1,2224,673,22,0
arsenal1,2224,674,23,0
plelo1,2224,675,24,0
nemours1,2224,676,25,0
repx2,2224,677,26,1
repbottc,3403,1215,1,0
nemours2,3403,1216,2,0
plelo2,3403,1217,3,0
arsenal2,3403,1218,4,0
ptnante2,3403,1219,5,0
foyerre2,3403,1220,6,0
mermoz2,3403,1221,7,0
lilas2,3403,1223,8,0
gaite2,3403,1224,9,0
morinai2,3403,1225,10,0
htbois2,3403,1226,11,0
grimaul2,3403,1228,12,0
airlib2,3403,1229,13,0
meteo2,3403,1230,14,0
parcexp2,3403,1231,15,0
rdkerln2,3403,1233,16,0
etangs2,3403,1234,17,0
coeurca2,3403,1234,18,0
schustj2,3403,1235,19,0
cxmme2,3403,1236,20,0
verbuis2,3403,1238,21,0
capvert2,3403,1239,22,0
rabine6,3403,1241,23,0
htlauna2,3403,1243,24,0
herveri2,3403,1244,25,0
cenbruz,3403,1246,26,1
repbottc,3462,1475,1,0
nemours2,3462,1476,2,0
plelo2,3462,1477,3,0
arsenal2,3462,1478,4,0
ptnante2,3462,1479,5,0
foyerre2,3462,1479,6,0
mermoz2,3462,1480,7,0
lilas2,3462,1482,8,0
gaite2,3462,1483,9,0
morinai2,3462,1485,10,0
htbois2,3462,1485,11,0
grimaul2,3462,1488,12,0
airlib2,3462,1489,13,0
meteo2,3462,1490,14,0
parcexp2,3462,1491,15,0
rdkerln2,3462,1493,16,0
etangs2,3462,1494,17,0
coeurca2,3462,1494,18,0
schustj2,3462,1495,19,0
cxmme2,3462,1496,20,0
verbuis2,3462,1498,21,0
capvert2,3462,1499,22,0
rabine6,3462,1501,23,0
htlauna2,3462,1503,24,0
herveri2,3462,1504,25,0
cenbruz,3462,1506,26,0
noebru1,3462,1508,27,0
epalet1,3462,1509,28,0
dugues1,3462,1510,29,0
pasteur1,3462,1511,30,0
bobinai1,3462,1512,31,0
chnigue1,3462,1512,32,0
lavoisi1,3462,1513,33,1
lavoisi2,4048,1170,1,0
chnigue2,4048,1171,2,0
bobinai2,4048,1172,3,0
pasteur2,4048,1172,4,0
dugues2,4048,1173,5,0
epalet2,4048,1174,6,0
noebru2,4048,1175,7,0
cenbruz,4048,1177,8,0
herveri1,4048,1178,9,0
htlauna1,4048,1179,10,0
rabine5,4048,1181,11,0
capvert1,4048,1182,12,0
verbuis1,4048,1183,13,0
cxmme1,4048,1185,14,0
schustj1,4048,1186,15,0
coeurca1,4048,1187,16,0
etangs1,4048,1188,17,0
rdkerll1,4048,1189,18,0
parcexp1,4048,1191,19,0
meteo1,4048,1192,20,0
airlib1,4048,1193,21,0
grimaul1,4048,1194,22,0
htbois1,4048,1197,23,0
morinai1,4048,1197,24,0
gaite1,4048,1199,25,0
lilas1,4048,1200,26,0
mermoz1,4048,1202,27,0
foyerre1,4048,1203,28,0
ptnante1,4048,1204,29,0
arsenal1,4048,1205,30,0
plelo1,4048,1206,31,0
nemours1,4048,1208,32,0
repx2,4048,1209,33,1
repbottc,5146,1290,1,0
nemours2,5146,1291,2,0
plelo2,5146,1292,3,0
arsenal2,5146,1293,4,0
ptnante2,5146,1294,5,0
foyerre2,5146,1295,6,0
mermoz2,5146,1296,7,0
lilas2,5146,1298,8,0
gaite2,5146,1299,9,0
morinai2,5146,1300,10,0
htbois2,5146,1301,11,0
grimaul2,5146,1303,12,0
airlib2,5146,1304,13,0
meteo2,5146,1304,14,0
parcexp2,5146,1305,15,0
rdkerln2,5146,1307,16,0
etangs2,5146,1308,17,0
coeurca2,5146,1308,18,0
schustj2,5146,1309,19,0
cxmme2,5146,1310,20,0
verbuis2,5146,1312,21,0
capvert2,5146,1313,22,0
rabine6,5146,1315,23,0
htlauna2,5146,1317,24,0
herveri2,5146,1318,25,0
cenbruz,5146,1320,26,0
noebru1,5146,1322,27,0
epalet1,5146,1323,28,0
dugues1,5146,1324,29,0
pasteur1,5146,1325,30,0
bobinai1,5146,1326,31,0
chnigue1,5146,1326,32,0
lavoisi1,5146,1327,33,1
repbottc,3532,1075,1,0
nemours2,3532,1076,2,0
plelo2,3532,1077,3,0
arsenal2,3532,1079,4,0
ptnante2,3532,1080,5,0
foyerre2,3532,1081,6,0
mermoz2,3532,1082,7,0
lilas2,3532,1084,8,0
gaite2,3532,1086,9,0
morinai2,3532,1088,10,0
htbois2,3532,1088,11,0
grimaul2,3532,1091,12,0
airlib2,3532,1092,13,0
meteo2,3532,1093,14,0
parcexp2,3532,1094,15,0
rdkerln2,3532,1096,16,0
etangs2,3532,1097,17,0
coeurca2,3532,1098,18,0
schustj2,3532,1100,19,0
cxmme2,3532,1101,20,0
verbuis2,3532,1103,21,0
capvert2,3532,1104,22,0
rabine6,3532,1106,23,0
htlauna2,3532,1108,24,0
herveri2,3532,1109,25,0
cenbruz,3532,1111,26,1
cenbruz,3514,690,1,0
herveri1,3514,692,2,0
htlauna1,3514,693,3,0
rabine5,3514,695,4,0
capvert1,3514,696,5,0
verbuis1,3514,697,6,0
cxmme1,3514,699,7,0
schustj1,3514,700,8,0
coeurca1,3514,701,9,0
etangs1,3514,702,10,0
rdkerll1,3514,703,11,0
parcexp1,3514,705,12,0
meteo1,3514,706,13,0
airlib1,3514,707,14,0
grimaul1,3514,708,15,0
htbois1,3514,711,16,0
morinai1,3514,711,17,0
gaite1,3514,713,18,0
lilas1,3514,714,19,0
mermoz1,3514,716,20,0
foyerre1,3514,718,21,0
ptnante1,3514,719,22,0
arsenal1,3514,720,23,0
plelo1,3514,721,24,0
nemours1,3514,723,25,0
repx2,3514,724,26,1
lavoisi2,2081,302,1,0
chnigue2,2081,303,2,0
bobinai2,2081,304,3,0
pasteur2,2081,304,4,0
dugues2,2081,305,5,0
epalet2,2081,306,6,0
noebru2,2081,307,7,0
cenbruz,2081,309,8,0
herveri1,2081,311,9,0
htlauna1,2081,312,10,0
rabine5,2081,314,11,0
capvert1,2081,315,12,0
verbuis1,2081,316,13,0
cxmme1,2081,317,14,0
schustj1,2081,318,15,0
coeurca1,2081,319,16,0
etangs1,2081,320,17,0
rdkerll1,2081,321,18,0
parcexp1,2081,323,19,0
meteo1,2081,324,20,0
airlib1,2081,325,21,0
grimaul1,2081,326,22,0
htbois1,2081,329,23,0
morinai1,2081,329,24,0
gaite1,2081,331,25,0
lilas1,2081,332,26,0
mermoz1,2081,334,27,0
foyerre1,2081,335,28,0
ptnante1,2081,336,29,0
arsenal1,2081,337,30,0
plelo1,2081,338,31,0
nemours1,2081,339,32,0
repx2,2081,340,33,1
repbottc,3521,645,1,0
nemours2,3521,646,2,0
plelo2,3521,647,3,0
arsenal2,3521,648,4,0
ptnante2,3521,649,5,0
foyerre2,3521,650,6,0
mermoz2,3521,651,7,0
lilas2,3521,653,8,0
gaite2,3521,654,9,0
morinai2,3521,655,10,0
htbois2,3521,656,11,0
grimaul2,3521,658,12,0
airlib2,3521,659,13,0
meteo2,3521,660,14,0
parcexp2,3521,661,15,0
rdkerln2,3521,662,16,0
etangs2,3521,663,17,0
coeurca2,3521,664,18,0
schustj2,3521,665,19,0
cxmme2,3521,666,20,0
verbuis2,3521,668,21,0
capvert2,3521,669,22,0
rabine6,3521,671,23,0
htlauna2,3521,673,24,0
herveri2,3521,674,25,0
cenbruz,3521,676,26,1
repbottc,3524,1095,1,0
nemours2,3524,1096,2,0
plelo2,3524,1097,3,0
arsenal2,3524,1099,4,0
ptnante2,3524,1100,5,0
foyerre2,3524,1101,6,0
mermoz2,3524,1102,7,0
lilas2,3524,1104,8,0
gaite2,3524,1105,9,0
morinai2,3524,1107,10,0
htbois2,3524,1107,11,0
grimaul2,3524,1110,12,0
airlib2,3524,1111,13,0
meteo2,3524,1112,14,0
parcexp2,3524,1113,15,0
rdkerln2,3524,1115,16,0
etangs2,3524,1116,17,0
coeurca2,3524,1117,18,0
schustj2,3524,1118,19,0
cxmme2,3524,1119,20,0
verbuis2,3524,1121,21,0
capvert2,3524,1122,22,0
rabine6,3524,1124,23,0
htlauna2,3524,1126,24,0
herveri2,3524,1127,25,0
cenbruz,3524,1129,26,1
cenbruz,3575,525,1,0
herveri1,3575,527,2,0
htlauna1,3575,528,3,0
rabine5,3575,530,4,0
capvert1,3575,531,5,0
verbuis1,3575,532,6,0
cxmme1,3575,534,7,0
schustj1,3575,535,8,0
coeurca1,3575,536,9,0
etangs1,3575,537,10,0
rdkerll1,3575,538,11,0
parcexp1,3575,540,12,0
meteo1,3575,541,13,0
airlib1,3575,542,14,0
grimaul1,3575,543,15,0
htbois1,3575,546,16,0
morinai1,3575,546,17,0
gaite1,3575,548,18,0
lilas1,3575,549,19,0
mermoz1,3575,551,20,0
foyerre1,3575,552,21,0
ptnante1,3575,553,22,0
arsenal1,3575,554,23,0
plelo1,3575,555,24,0
nemours1,3575,556,25,0
repx2,3575,557,26,1
repbottc,2040,1380,1,0
nemours2,2040,1381,2,0
plelo2,2040,1382,3,0
arsenal2,2040,1383,4,0
ptnante2,2040,1384,5,0
foyerre2,2040,1385,6,0
mermoz2,2040,1386,7,0
lilas2,2040,1388,8,0
gaite2,2040,1389,9,0
morinai2,2040,1390,10,0
htbois2,2040,1391,11,0
grimaul2,2040,1393,12,0
airlib2,2040,1394,13,0
meteo2,2040,1394,14,0
parcexp2,2040,1395,15,0
rdkerln2,2040,1397,16,0
etangs2,2040,1398,17,0
coeurca2,2040,1398,18,0
schustj2,2040,1399,19,0
cxmme2,2040,1400,20,0
verbuis2,2040,1402,21,0
capvert2,2040,1403,22,0
rabine6,2040,1405,23,0
htlauna2,2040,1407,24,0
herveri2,2040,1408,25,0
cenbruz,2040,1410,26,0
noebru1,2040,1412,27,0
epalet1,2040,1413,28,0
dugues1,2040,1414,29,0
pasteur1,2040,1415,30,0
bobinai1,2040,1416,31,0
chnigue1,2040,1416,32,0
lavoisi1,2040,1417,33,1
cenbruz,2035,810,1,0
herveri1,2035,812,2,0
htlauna1,2035,813,3,0
rabine5,2035,815,4,0
capvert1,2035,816,5,0
verbuis1,2035,817,6,0
cxmme1,2035,819,7,0
schustj1,2035,820,8,0
coeurca1,2035,821,9,0
etangs1,2035,822,10,0
rdkerll1,2035,823,11,0
parcexp1,2035,825,12,0
meteo1,2035,826,13,0
airlib1,2035,827,14,0
grimaul1,2035,828,15,0
htbois1,2035,831,16,0
morinai1,2035,831,17,0
gaite1,2035,833,18,0
lilas1,2035,834,19,0
mermoz1,2035,836,20,0
foyerre1,2035,838,21,0
ptnante1,2035,839,22,0
arsenal1,2035,840,23,0
plelo1,2035,841,24,0
nemours1,2035,842,25,0
repx2,2035,843,26,1
cenbruz,3569,455,1,0
herveri1,3569,457,2,0
htlauna1,3569,458,3,0
rabine5,3569,460,4,0
capvert1,3569,461,5,0
verbuis1,3569,462,6,0
cxmme1,3569,464,7,0
schustj1,3569,465,8,0
coeurca1,3569,467,9,0
etangs1,3569,468,10,0
rdkerll1,3569,469,11,0
parcexp1,3569,471,12,0
meteo1,3569,472,13,0
airlib1,3569,473,14,0
grimaul1,3569,474,15,0
htbois1,3569,477,16,0
morinai1,3569,477,17,0
gaite1,3569,479,18,0
lilas1,3569,481,19,0
mermoz1,3569,483,20,0
foyerre1,3569,484,21,0
ptnante1,3569,485,22,0
arsenal1,3569,486,23,0
plelo1,3569,487,24,0
nemours1,3569,488,25,0
repx2,3569,489,26,1
cenbruz,3627,750,1,0
herveri1,3627,752,2,0
htlauna1,3627,753,3,0
rabine5,3627,755,4,0
capvert1,3627,756,5,0
verbuis1,3627,757,6,0
cxmme1,3627,759,7,0
schustj1,3627,760,8,0
coeurca1,3627,761,9,0
etangs1,3627,762,10,0
rdkerll1,3627,763,11,0
parcexp1,3627,765,12,0
meteo1,3627,766,13,0
airlib1,3627,767,14,0
grimaul1,3627,768,15,0
htbois1,3627,771,16,0
morinai1,3627,771,17,0
gaite1,3627,773,18,0
lilas1,3627,775,19,0
mermoz1,3627,777,20,0
foyerre1,3627,778,21,0
ptnante1,3627,779,22,0
arsenal1,3627,780,23,0
plelo1,3627,781,24,0
nemours1,3627,783,25,0
repx2,3627,784,26,1
repbottc,5041,675,1,0
nemours2,5041,676,2,0
plelo2,5041,677,3,0
arsenal2,5041,679,4,0
ptnante2,5041,680,5,0
foyerre2,5041,680,6,0
mermoz2,5041,681,7,0
lilas2,5041,683,8,0
gaite2,5041,685,9,0
morinai2,5041,687,10,0
htbois2,5041,687,11,0
grimaul2,5041,690,12,0
airlib2,5041,691,13,0
meteo2,5041,692,14,0
parcexp2,5041,693,15,0
rdkerln2,5041,695,16,0
etangs2,5041,696,17,0
coeurca2,5041,697,18,0
schustj2,5041,698,19,0
cxmme2,5041,699,20,0
verbuis2,5041,701,21,0
capvert2,5041,702,22,0
rabine6,5041,704,23,0
htlauna2,5041,706,24,0
herveri2,5041,707,25,0
cenbruz,5041,709,26,1
repbottc,5038,1215,1,0
nemours2,5038,1216,2,0
plelo2,5038,1217,3,0
arsenal2,5038,1218,4,0
ptnante2,5038,1219,5,0
foyerre2,5038,1219,6,0
mermoz2,5038,1220,7,0
lilas2,5038,1222,8,0
gaite2,5038,1223,9,0
morinai2,5038,1225,10,0
htbois2,5038,1225,11,0
grimaul2,5038,1228,12,0
airlib2,5038,1229,13,0
meteo2,5038,1230,14,0
parcexp2,5038,1231,15,0
rdkerln2,5038,1233,16,0
etangs2,5038,1234,17,0
coeurca2,5038,1234,18,0
schustj2,5038,1235,19,0
cxmme2,5038,1236,20,0
verbuis2,5038,1238,21,0
capvert2,5038,1239,22,0
rabine6,5038,1241,23,0
htlauna2,5038,1243,24,0
herveri2,5038,1244,25,0
cenbruz,5038,1246,26,1
repbottc,5076,915,1,0
nemours2,5076,916,2,0
plelo2,5076,917,3,0
arsenal2,5076,918,4,0
ptnante2,5076,919,5,0
foyerre2,5076,920,6,0
mermoz2,5076,921,7,0
lilas2,5076,923,8,0
gaite2,5076,924,9,0
morinai2,5076,925,10,0
htbois2,5076,926,11,0
grimaul2,5076,928,12,0
airlib2,5076,929,13,0
meteo2,5076,930,14,0
parcexp2,5076,931,15,0
rdkerln2,5076,933,16,0
etangs2,5076,934,17,0
coeurca2,5076,935,18,0
schustj2,5076,936,19,0
cxmme2,5076,937,20,0
verbuis2,5076,939,21,0
capvert2,5076,940,22,0
rabine6,5076,942,23,0
htlauna2,5076,944,24,0
herveri2,5076,945,25,0
cenbruz,5076,947,26,1
cenbruz,5097,893,1,0
herveri1,5097,895,2,0
htlauna1,5097,896,3,0
rabine5,5097,898,4,0
capvert1,5097,899,5,0
verbuis1,5097,900,6,0
cxmme1,5097,902,7,0
schustj1,5097,903,8,0
coeurca1,5097,904,9,0
etangs1,5097,905,10,0
rdkerll1,5097,906,11,0
parcexp1,5097,908,12,0
meteo1,5097,909,13,0
airlib1,5097,910,14,0
grimaul1,5097,911,15,0
htbois1,5097,914,16,0
morinai1,5097,914,17,0
gaite1,5097,916,18,0
lilas1,5097,918,19,0
mermoz1,5097,920,20,0
foyerre1,5097,922,21,0
ptnante1,5097,923,22,0
arsenal1,5097,924,23,0
plelo1,5097,925,24,0
nemours1,5097,927,25,0
repx2,5097,928,26,1
repbottc,3635,645,1,0
nemours2,3635,646,2,0
plelo2,3635,647,3,0
arsenal2,3635,649,4,0
ptnante2,3635,650,5,0
foyerre2,3635,650,6,0
mermoz2,3635,651,7,0
lilas2,3635,653,8,0
gaite2,3635,655,9,0
morinai2,3635,657,10,0
htbois2,3635,657,11,0
grimaul2,3635,660,12,0
airlib2,3635,661,13,0
meteo2,3635,662,14,0
parcexp2,3635,663,15,0
rdkerln2,3635,665,16,0
etangs2,3635,666,17,0
coeurca2,3635,667,18,0
schustj2,3635,668,19,0
cxmme2,3635,669,20,0
verbuis2,3635,671,21,0
capvert2,3635,672,22,0
rabine6,3635,674,23,0
htlauna2,3635,676,24,0
herveri2,3635,677,25,0
cenbruz,3635,679,26,1
repbottc,3659,1245,1,0
nemours2,3659,1246,2,0
plelo2,3659,1247,3,0
arsenal2,3659,1248,4,0
ptnante2,3659,1249,5,0
foyerre2,3659,1250,6,0
mermoz2,3659,1251,7,0
lilas2,3659,1253,8,0
gaite2,3659,1254,9,0
morinai2,3659,1255,10,0
htbois2,3659,1256,11,0
grimaul2,3659,1258,12,0
airlib2,3659,1259,13,0
meteo2,3659,1259,14,0
parcexp2,3659,1260,15,0
rdkerln2,3659,1262,16,0
etangs2,3659,1263,17,0
coeurca2,3659,1263,18,0
schustj2,3659,1264,19,0
cxmme2,3659,1265,20,0
verbuis2,3659,1267,21,0
capvert2,3659,1268,22,0
rabine6,3659,1270,23,0
htlauna2,3659,1272,24,0
herveri2,3659,1273,25,0
cenbruz,3659,1275,26,1
repbottc,175,685,1,0
nemours2,175,686,2,0
plelo2,175,687,3,0
arsenal2,175,688,4,0
ptnante2,175,689,5,0
foyerre2,175,690,6,0
mermoz2,175,691,7,0
lilas2,175,693,8,0
gaite2,175,694,9,0
morinai2,175,695,10,0
htbois2,175,696,11,0
grimaul2,175,698,12,0
airlib2,175,699,13,0
meteo2,175,700,14,0
parcexp2,175,701,15,0
rdkerln2,175,702,16,0
etangs2,175,703,17,0
coeurca2,175,704,18,0
schustj2,175,705,19,0
cxmme2,175,706,20,0
verbuis2,175,708,21,0
capvert2,175,709,22,0
rabine6,175,711,23,0
htlauna2,175,713,24,0
herveri2,175,714,25,0
cenbruz,175,716,26,1
repbottc,173,565,1,0
nemours2,173,566,2,0
plelo2,173,567,3,0
arsenal2,173,568,4,0
ptnante2,173,569,5,0
foyerre2,173,570,6,0
mermoz2,173,571,7,0
lilas2,173,573,8,0
gaite2,173,574,9,0
morinai2,173,575,10,0
htbois2,173,576,11,0
grimaul2,173,578,12,0
airlib2,173,579,13,0
meteo2,173,580,14,0
parcexp2,173,581,15,0
rdkerln2,173,582,16,0
etangs2,173,583,17,0
coeurca2,173,584,18,0
schustj2,173,585,19,0
cxmme2,173,586,20,0
verbuis2,173,588,21,0
capvert2,173,589,22,0
rabine6,173,591,23,0
htlauna2,173,593,24,0
herveri2,173,594,25,0
cenbruz,173,596,26,1
repbottc,183,825,1,0
nemours2,183,826,2,0
plelo2,183,827,3,0
arsenal2,183,828,4,0
ptnante2,183,829,5,0
foyerre2,183,830,6,0
mermoz2,183,831,7,0
lilas2,183,833,8,0
gaite2,183,835,9,0
morinai2,183,837,10,0
htbois2,183,837,11,0
grimaul2,183,840,12,0
airlib2,183,841,13,0
meteo2,183,842,14,0
parcexp2,183,843,15,0
rdkerln2,183,845,16,0
etangs2,183,846,17,0
coeurca2,183,847,18,0
schustj2,183,848,19,0
cxmme2,183,849,20,0
verbuis2,183,851,21,0
capvert2,183,852,22,0
rabine6,183,854,23,0
htlauna2,183,855,24,0
herveri2,183,857,25,0
cenbruz,183,858,26,0
noebru1,183,860,27,0
epalet1,183,861,28,0
dugues1,183,862,29,0
pasteur1,183,863,30,0
bobinai1,183,864,31,0
chnigue1,183,864,32,0
lavoisi1,183,865,33,1
cenbruz,3751,1110,1,0
herveri1,3751,1112,2,0
htlauna1,3751,1113,3,0
rabine5,3751,1115,4,0
capvert1,3751,1116,5,0
verbuis1,3751,1117,6,0
cxmme1,3751,1119,7,0
schustj1,3751,1120,8,0
coeurca1,3751,1121,9,0
etangs1,3751,1122,10,0
rdkerll1,3751,1123,11,0
parcexp1,3751,1124,12,0
meteo1,3751,1125,13,0
airlib1,3751,1126,14,0
grimaul1,3751,1127,15,0
htbois1,3751,1130,16,0
morinai1,3751,1130,17,0
gaite1,3751,1132,18,0
lilas1,3751,1133,19,0
mermoz1,3751,1135,20,0
foyerre1,3751,1137,21,0
ptnante1,3751,1138,22,0
arsenal1,3751,1139,23,0
plelo1,3751,1140,24,0
nemours1,3751,1141,25,0
repx2,3751,1142,26,1
repbottc,3869,945,1,0
nemours2,3869,946,2,0
plelo2,3869,947,3,0
arsenal2,3869,948,4,0
ptnante2,3869,949,5,0
foyerre2,3869,950,6,0
mermoz2,3869,951,7,0
lilas2,3869,953,8,0
gaite2,3869,954,9,0
morinai2,3869,955,10,0
htbois2,3869,956,11,0
grimaul2,3869,958,12,0
airlib2,3869,959,13,0
meteo2,3869,960,14,0
parcexp2,3869,961,15,0
rdkerln2,3869,963,16,0
etangs2,3869,964,17,0
coeurca2,3869,965,18,0
schustj2,3869,966,19,0
cxmme2,3869,967,20,0
verbuis2,3869,969,21,0
capvert2,3869,970,22,0
rabine6,3869,972,23,0
htlauna2,3869,974,24,0
herveri2,3869,975,25,0
cenbruz,3869,977,26,1
repbottc,3861,1135,1,0
nemours2,3861,1136,2,0
plelo2,3861,1137,3,0
arsenal2,3861,1139,4,0
ptnante2,3861,1140,5,0
foyerre2,3861,1141,6,0
mermoz2,3861,1142,7,0
lilas2,3861,1144,8,0
gaite2,3861,1145,9,0
morinai2,3861,1147,10,0
htbois2,3861,1147,11,0
grimaul2,3861,1150,12,0
airlib2,3861,1151,13,0
meteo2,3861,1152,14,0
parcexp2,3861,1153,15,0
rdkerln2,3861,1155,16,0
etangs2,3861,1156,17,0
coeurca2,3861,1156,18,0
schustj2,3861,1157,19,0
cxmme2,3861,1158,20,0
verbuis2,3861,1160,21,0
capvert2,3861,1161,22,0
rabine6,3861,1163,23,0
htlauna2,3861,1165,24,0
herveri2,3861,1166,25,0
cenbruz,3861,1168,26,1
repbottc,3859,1115,1,0
nemours2,3859,1116,2,0
plelo2,3859,1117,3,0
arsenal2,3859,1119,4,0
ptnante2,3859,1120,5,0
foyerre2,3859,1121,6,0
mermoz2,3859,1122,7,0
lilas2,3859,1124,8,0
gaite2,3859,1125,9,0
morinai2,3859,1127,10,0
htbois2,3859,1127,11,0
grimaul2,3859,1130,12,0
airlib2,3859,1131,13,0
meteo2,3859,1132,14,0
parcexp2,3859,1133,15,0
rdkerln2,3859,1135,16,0
etangs2,3859,1136,17,0
coeurca2,3859,1137,18,0
schustj2,3859,1138,19,0
cxmme2,3859,1139,20,0
verbuis2,3859,1141,21,0
capvert2,3859,1142,22,0
rabine6,3859,1144,23,0
htlauna2,3859,1146,24,0
herveri2,3859,1147,25,0
cenbruz,3859,1149,26,1
repbottc,3833,440,1,0
nemours2,3833,441,2,0
plelo2,3833,442,3,0
arsenal2,3833,444,4,0
ptnante2,3833,445,5,0
foyerre2,3833,445,6,0
mermoz2,3833,446,7,0
lilas2,3833,448,8,0
gaite2,3833,449,9,0
morinai2,3833,450,10,0
htbois2,3833,451,11,0
grimaul2,3833,453,12,0
airlib2,3833,454,13,0
meteo2,3833,455,14,0
parcexp2,3833,457,15,0
msa2,3833,458,16,0
rdkerln2,3833,460,17,0
etangs2,3833,461,18,0
coeurca2,3833,462,19,0
schustj2,3833,463,20,0
cxmme2,3833,464,21,0
verbuis2,3833,466,22,0
capvert2,3833,467,23,0
rabine6,3833,469,24,0
htlauna2,3833,471,25,0
herveri2,3833,472,26,0
cenbruz,3833,474,27,1
lavoisi2,3825,1335,1,0
chnigue2,3825,1336,2,0
bobinai2,3825,1337,3,0
pasteur2,3825,1337,4,0
dugues2,3825,1338,5,0
epalet2,3825,1339,6,0
noebru2,3825,1340,7,0
cenbruz,3825,1342,8,0
herveri1,3825,1344,9,0
htlauna1,3825,1345,10,0
rabine5,3825,1346,11,0
capvert1,3825,1347,12,0
verbuis1,3825,1348,13,0
cxmme1,3825,1350,14,0
schustj1,3825,1351,15,0
coeurca1,3825,1352,16,0
etangs1,3825,1353,17,0
rdkerll1,3825,1354,18,0
parcexp1,3825,1355,19,0
meteo1,3825,1356,20,0
airlib1,3825,1357,21,0
grimaul1,3825,1358,22,0
htbois1,3825,1360,23,0
morinai1,3825,1361,24,0
gaite1,3825,1362,25,0
lilas1,3825,1363,26,0
mermoz1,3825,1365,27,0
foyerre1,3825,1366,28,0
ptnante1,3825,1367,29,0
arsenal1,3825,1368,30,0
plelo1,3825,1369,31,0
nemours1,3825,1371,32,0
repx2,3825,1372,33,1
cenbruz,4963,960,1,0
herveri1,4963,962,2,0
htlauna1,4963,963,3,0
rabine5,4963,965,4,0
capvert1,4963,966,5,0
verbuis1,4963,967,6,0
cxmme1,4963,969,7,0
schustj1,4963,970,8,0
coeurca1,4963,971,9,0
etangs1,4963,972,10,0
rdkerll1,4963,973,11,0
parcexp1,4963,974,12,0
meteo1,4963,975,13,0
airlib1,4963,976,14,0
grimaul1,4963,977,15,0
htbois1,4963,980,16,0
morinai1,4963,980,17,0
gaite1,4963,982,18,0
lilas1,4963,983,19,0
mermoz1,4963,985,20,0
foyerre1,4963,987,21,0
ptnante1,4963,988,22,0
arsenal1,4963,989,23,0
plelo1,4963,990,24,0
nemours1,4963,991,25,0
repx2,4963,992,26,1
lavoisi2,4982,342,1,0
chnigue2,4982,343,2,0
bobinai2,4982,344,3,0
pasteur2,4982,344,4,0
dugues2,4982,345,5,0
epalet2,4982,346,6,0
noebru2,4982,347,7,0
cenbruz,4982,349,8,0
herveri1,4982,351,9,0
htlauna1,4982,352,10,0
rabine5,4982,353,11,0
capvert1,4982,354,12,0
verbuis1,4982,355,13,0
cxmme1,4982,357,14,0
schustj1,4982,358,15,0
coeurca1,4982,359,16,0
etangs1,4982,360,17,0
rdkerll1,4982,361,18,0
parcexp1,4982,362,19,0
meteo1,4982,363,20,0
airlib1,4982,364,21,0
grimaul1,4982,365,22,0
htbois1,4982,368,23,0
morinai1,4982,368,24,0
gaite1,4982,370,25,0
lilas1,4982,371,26,0
mermoz1,4982,373,27,0
foyerre1,4982,374,28,0
ptnante1,4982,375,29,0
arsenal1,4982,376,30,0
plelo1,4982,377,31,0
nemours1,4982,378,32,0
repx2,4982,379,33,1
repbottc,4984,1065,1,0
nemours2,4984,1066,2,0
plelo2,4984,1067,3,0
arsenal2,4984,1068,4,0
ptnante2,4984,1069,5,0
foyerre2,4984,1070,6,0
mermoz2,4984,1071,7,0
lilas2,4984,1073,8,0
gaite2,4984,1075,9,0
morinai2,4984,1077,10,0
htbois2,4984,1077,11,0
grimaul2,4984,1080,12,0
airlib2,4984,1081,13,0
meteo2,4984,1082,14,0
parcexp2,4984,1083,15,0
rdkerln2,4984,1085,16,0
etangs2,4984,1086,17,0
coeurca2,4984,1087,18,0
schustj2,4984,1088,19,0
cxmme2,4984,1089,20,0
verbuis2,4984,1091,21,0
capvert2,4984,1092,22,0
rabine6,4984,1094,23,0
htlauna2,4984,1095,24,0
herveri2,4984,1097,25,0
cenbruz,4984,1098,26,0
noebru1,4984,1100,27,0
epalet1,4984,1101,28,0
dugues1,4984,1102,29,0
pasteur1,4984,1103,30,0
bobinai1,4984,1104,31,0
chnigue1,4984,1104,32,0
lavoisi1,4984,1105,33,1
cenbruz,3876,395,1,0
herveri1,3876,397,2,0
htlauna1,3876,398,3,0
rabine5,3876,400,4,0
capvert1,3876,401,5,0
verbuis1,3876,402,6,0
cxmme1,3876,403,7,0
schustj1,3876,404,8,0
coeurca1,3876,405,9,0
etangs1,3876,406,10,0
rdkerll1,3876,407,11,0
parcexp1,3876,409,12,0
meteo1,3876,410,13,0
airlib1,3876,411,14,0
grimaul1,3876,412,15,0
htbois1,3876,415,16,0
morinai1,3876,415,17,0
gaite1,3876,417,18,0
lilas1,3876,418,19,0
mermoz1,3876,420,20,0
foyerre1,3876,421,21,0
ptnante1,3876,422,22,0
arsenal1,3876,423,23,0
plelo1,3876,424,24,0
nemours1,3876,425,25,0
repx2,3876,426,26,1
repbottc,3069,1125,1,0
nemours2,3069,1126,2,0
plelo2,3069,1127,3,0
arsenal2,3069,1128,4,0
ptnante2,3069,1129,5,0
foyerre2,3069,1130,6,0
mermoz2,3069,1131,7,0
lilas2,3069,1133,8,0
gaite2,3069,1134,9,0
morinai2,3069,1135,10,0
htbois2,3069,1136,11,0
grimaul2,3069,1138,12,0
airlib2,3069,1139,13,0
meteo2,3069,1140,14,0
parcexp2,3069,1141,15,0
rdkerln2,3069,1143,16,0
etangs2,3069,1144,17,0
coeurca2,3069,1145,18,0
schustj2,3069,1146,19,0
cxmme2,3069,1147,20,0
verbuis2,3069,1149,21,0
capvert2,3069,1150,22,0
rabine6,3069,1152,23,0
htlauna2,3069,1154,24,0
herveri2,3069,1155,25,0
cenbruz,3069,1157,26,1
lavoisi2,3912,1335,1,0
chnigue2,3912,1336,2,0
bobinai2,3912,1337,3,0
pasteur2,3912,1337,4,0
dugues2,3912,1338,5,0
epalet2,3912,1339,6,0
noebru2,3912,1340,7,0
cenbruz,3912,1342,8,0
herveri1,3912,1343,9,0
htlauna1,3912,1344,10,0
rabine5,3912,1346,11,0
capvert1,3912,1347,12,0
verbuis1,3912,1348,13,0
cxmme1,3912,1350,14,0
schustj1,3912,1351,15,0
coeurca1,3912,1352,16,0
etangs1,3912,1353,17,0
rdkerll1,3912,1354,18,0
parcexp1,3912,1356,19,0
meteo1,3912,1357,20,0
airlib1,3912,1358,21,0
grimaul1,3912,1359,22,0
htbois1,3912,1362,23,0
morinai1,3912,1362,24,0
gaite1,3912,1364,25,0
lilas1,3912,1365,26,0
mermoz1,3912,1367,27,0
foyerre1,3912,1368,28,0
ptnante1,3912,1369,29,0
arsenal1,3912,1370,30,0
plelo1,3912,1371,31,0
nemours1,3912,1373,32,0
repx2,3912,1374,33,1
repbottc,3947,1035,1,0
nemours2,3947,1036,2,0
plelo2,3947,1037,3,0
arsenal2,3947,1039,4,0
ptnante2,3947,1040,5,0
foyerre2,3947,1041,6,0
mermoz2,3947,1042,7,0
lilas2,3947,1044,8,0
gaite2,3947,1046,9,0
morinai2,3947,1048,10,0
htbois2,3947,1048,11,0
grimaul2,3947,1051,12,0
airlib2,3947,1052,13,0
meteo2,3947,1053,14,0
parcexp2,3947,1054,15,0
rdkerln2,3947,1056,16,0
etangs2,3947,1057,17,0
coeurca2,3947,1058,18,0
schustj2,3947,1060,19,0
cxmme2,3947,1061,20,0
verbuis2,3947,1063,21,0
capvert2,3947,1064,22,0
rabine6,3947,1066,23,0
htlauna2,3947,1068,24,0
herveri2,3947,1069,25,0
cenbruz,3947,1071,26,1
repbottc,3901,835,1,0
nemours2,3901,836,2,0
plelo2,3901,837,3,0
arsenal2,3901,839,4,0
ptnante2,3901,840,5,0
foyerre2,3901,840,6,0
mermoz2,3901,841,7,0
lilas2,3901,843,8,0
gaite2,3901,845,9,0
morinai2,3901,846,10,0
htbois2,3901,847,11,0
grimaul2,3901,849,12,0
airlib2,3901,850,13,0
meteo2,3901,851,14,0
parcexp2,3901,852,15,0
rdkerln2,3901,854,16,0
etangs2,3901,855,17,0
coeurca2,3901,856,18,0
schustj2,3901,857,19,0
cxmme2,3901,858,20,0
verbuis2,3901,860,21,0
capvert2,3901,861,22,0
rabine6,3901,863,23,0
htlauna2,3901,865,24,0
herveri2,3901,866,25,0
cenbruz,3901,868,26,1
repbottc,1934,725,1,0
nemours2,1934,726,2,0
plelo2,1934,727,3,0
arsenal2,1934,728,4,0
ptnante2,1934,729,5,0
foyerre2,1934,730,6,0
mermoz2,1934,731,7,0
lilas2,1934,733,8,0
gaite2,1934,734,9,0
morinai2,1934,735,10,0
htbois2,1934,736,11,0
grimaul2,1934,738,12,0
airlib2,1934,739,13,0
meteo2,1934,740,14,0
parcexp2,1934,741,15,0
rdkerln2,1934,742,16,0
etangs2,1934,743,17,0
coeurca2,1934,744,18,0
schustj2,1934,745,19,0
cxmme2,1934,746,20,0
verbuis2,1934,748,21,0
capvert2,1934,749,22,0
rabine6,1934,751,23,0
htlauna2,1934,753,24,0
herveri2,1934,754,25,0
cenbruz,1934,756,26,1
cenbruz,1959,630,1,0
herveri1,1959,632,2,0
htlauna1,1959,633,3,0
rabine5,1959,635,4,0
capvert1,1959,636,5,0
verbuis1,1959,637,6,0
cxmme1,1959,639,7,0
schustj1,1959,640,8,0
coeurca1,1959,641,9,0
etangs1,1959,642,10,0
rdkerll1,1959,643,11,0
parcexp1,1959,645,12,0
meteo1,1959,646,13,0
airlib1,1959,647,14,0
grimaul1,1959,648,15,0
htbois1,1959,651,16,0
morinai1,1959,651,17,0
gaite1,1959,653,18,0
lilas1,1959,655,19,0
mermoz1,1959,657,20,0
foyerre1,1959,659,21,0
ptnante1,1959,660,22,0
arsenal1,1959,661,23,0
plelo1,1959,662,24,0
nemours1,1959,664,25,0
repx2,1959,665,26,1
