arret_id,trajet_id,heure_depart,stop_sequence,terminus
1501,9922,1045,1,0
1018,9922,1048,2,0
2321,9922,1071,3,0
2305,9922,1072,4,0
2323,9922,1074,5,0
2324,9922,1076,6,0
2325,9922,1078,7,0
2361,9922,1079,8,1
1501,9923,1045,1,0
1018,9923,1048,2,0
2321,9923,1071,3,0
2305,9923,1072,4,0
2323,9923,1074,5,0
2324,9923,1076,6,0
2325,9923,1078,7,0
2361,9923,1079,8,1
1501,9924,1045,1,0
1018,9924,1048,2,0
2321,9924,1071,3,0
2305,9924,1072,4,0
2323,9924,1074,5,0
2324,9924,1076,6,0
2325,9924,1078,7,0
2361,9924,1079,8,1
1501,9925,1045,1,0
1018,9925,1048,2,0
2321,9925,1071,3,0
2305,9925,1072,4,0
2323,9925,1074,5,0
2324,9925,1076,6,0
2325,9925,1078,7,0
2361,9925,1079,8,1
1501,9926,1045,1,0
1018,9926,1048,2,0
2321,9926,1071,3,0
2305,9926,1072,4,0
2323,9926,1074,5,0
2324,9926,1076,6,0
2325,9926,1078,7,0
2361,9926,1079,8,1
1501,9927,1065,1,0
1018,9927,1068,2,0
2321,9927,1091,3,0
2305,9927,1092,4,0
2323,9927,1094,5,0
2324,9927,1096,6,0
2325,9927,1098,7,0
2361,9927,1099,8,1
1501,9928,1065,1,0
1018,9928,1068,2,0
2321,9928,1091,3,0
2305,9928,1092,4,0
2323,9928,1094,5,0
2324,9928,1096,6,0
2325,9928,1098,7,0
2361,9928,1099,8,1
1501,9929,1065,1,0
1018,9929,1068,2,0
2321,9929,1091,3,0
2305,9929,1092,4,0
2323,9929,1094,5,0
2324,9929,1096,6,0
2325,9929,1098,7,0
2361,9929,1099,8,1
1501,9930,1065,1,0
1018,9930,1068,2,0
2321,9930,1091,3,0
2305,9930,1092,4,0
2323,9930,1094,5,0
2324,9930,1096,6,0
2325,9930,1098,7,0
2361,9930,1099,8,1
1501,9932,1085,1,0
1018,9932,1088,2,0
2321,9932,1110,3,0
2305,9932,1111,4,0
2323,9932,1113,5,0
2324,9932,1115,6,0
2325,9932,1117,7,0
2361,9932,1118,8,1
1501,9931,1065,1,0
1018,9931,1068,2,0
2321,9931,1091,3,0
2305,9931,1092,4,0
2323,9931,1094,5,0
2324,9931,1096,6,0
2325,9931,1098,7,0
2361,9931,1099,8,1
1501,9919,1025,1,0
1018,9919,1027,2,0
2321,9919,1050,3,0
2305,9919,1051,4,0
2323,9919,1053,5,0
2324,9919,1055,6,0
2325,9919,1057,7,0
2361,9919,1058,8,1
1501,9913,1005,1,0
1018,9913,1007,2,0
2321,9913,1030,3,0
2305,9913,1031,4,0
2323,9913,1033,5,0
2324,9913,1035,6,0
2325,9913,1037,7,0
2361,9913,1038,8,1
1501,9914,1005,1,0
1018,9914,1007,2,0
2321,9914,1030,3,0
2305,9914,1031,4,0
2323,9914,1033,5,0
2324,9914,1035,6,0
2325,9914,1037,7,0
2361,9914,1038,8,1
1501,9912,1005,1,0
1018,9912,1007,2,0
2321,9912,1030,3,0
2305,9912,1031,4,0
2323,9912,1033,5,0
2324,9912,1035,6,0
2325,9912,1037,7,0
2361,9912,1038,8,1
1501,9917,1025,1,0
1018,9917,1027,2,0
2321,9917,1050,3,0
2305,9917,1051,4,0
2323,9917,1053,5,0
2324,9917,1055,6,0
2325,9917,1057,7,0
2361,9917,1058,8,1
1501,9918,1025,1,0
1018,9918,1027,2,0
2321,9918,1050,3,0
2305,9918,1051,4,0
2323,9918,1053,5,0
2324,9918,1055,6,0
2325,9918,1057,7,0
2361,9918,1058,8,1
1501,9915,1005,1,0
1018,9915,1007,2,0
2321,9915,1030,3,0
2305,9915,1031,4,0
2323,9915,1033,5,0
2324,9915,1035,6,0
2325,9915,1037,7,0
2361,9915,1038,8,1
1501,9916,1005,1,0
1018,9916,1007,2,0
2321,9916,1030,3,0
2305,9916,1031,4,0
2323,9916,1033,5,0
2324,9916,1035,6,0
2325,9916,1037,7,0
2361,9916,1038,8,1
1501,9921,1025,1,0
1018,9921,1027,2,0
2321,9921,1050,3,0
2305,9921,1051,4,0
2323,9921,1053,5,0
2324,9921,1055,6,0
2325,9921,1057,7,0
2361,9921,1058,8,1
1501,9920,1025,1,0
1018,9920,1027,2,0
2321,9920,1050,3,0
2305,9920,1051,4,0
2323,9920,1053,5,0
2324,9920,1055,6,0
2325,9920,1057,7,0
2361,9920,1058,8,1
2361,9967,470,1,0
2302,9967,472,2,0
2303,9967,474,3,0
2304,9967,476,4,0
2322,9967,478,5,0
2307,9967,479,6,0
1022,9967,504,7,0
1615,9967,507,8,1
2361,9966,450,1,0
2302,9966,452,2,0
2303,9966,454,3,0
2304,9966,455,4,0
2322,9966,457,5,0
2307,9966,458,6,0
1022,9966,481,7,0
1615,9966,484,8,1
2361,9969,470,1,0
2302,9969,472,2,0
2303,9969,474,3,0
2304,9969,476,4,0
2322,9969,478,5,0
2307,9969,479,6,0
1022,9969,504,7,0
1615,9969,507,8,1
2361,9968,470,1,0
2302,9968,472,2,0
2303,9968,474,3,0
2304,9968,476,4,0
2322,9968,478,5,0
2307,9968,479,6,0
1022,9968,504,7,0
1615,9968,507,8,1
2361,9970,470,1,0
2302,9970,472,2,0
2303,9970,474,3,0
2304,9970,476,4,0
2322,9970,478,5,0
2307,9970,479,6,0
1022,9970,504,7,0
1615,9970,507,8,1
2361,9971,470,1,0
2302,9971,472,2,0
2303,9971,474,3,0
2304,9971,476,4,0
2322,9971,478,5,0
2307,9971,479,6,0
1022,9971,504,7,0
1615,9971,507,8,1
2361,9972,490,1,0
2302,9972,492,2,0
2303,9972,494,3,0
2304,9972,496,4,0
2322,9972,498,5,0
2307,9972,499,6,0
1022,9972,526,7,0
1615,9972,529,8,1
2361,9973,490,1,0
2302,9973,492,2,0
2303,9973,494,3,0
2304,9973,496,4,0
2322,9973,498,5,0
2307,9973,499,6,0
1022,9973,526,7,0
1615,9973,529,8,1
2361,9974,490,1,0
2302,9974,492,2,0
2303,9974,494,3,0
2304,9974,496,4,0
2322,9974,498,5,0
2307,9974,499,6,0
1022,9974,526,7,0
1615,9974,529,8,1
2361,9975,490,1,0
2302,9975,492,2,0
2303,9975,494,3,0
2304,9975,496,4,0
2322,9975,498,5,0
2307,9975,499,6,0
1022,9975,526,7,0
1615,9975,529,8,1
2361,9976,490,1,0
2302,9976,492,2,0
2303,9976,494,3,0
2304,9976,496,4,0
2322,9976,498,5,0
2307,9976,499,6,0
1022,9976,526,7,0
1615,9976,529,8,1
2361,9958,435,1,0
2302,9958,437,2,0
2303,9958,439,3,0
2304,9958,440,4,0
2322,9958,442,5,0
2307,9958,443,6,0
1022,9958,465,7,0
1615,9958,468,8,1
2361,9957,435,1,0
2302,9957,437,2,0
2303,9957,439,3,0
2304,9957,440,4,0
2322,9957,442,5,0
2307,9957,443,6,0
1022,9957,465,7,0
1615,9957,468,8,1
2361,9956,420,1,0
2302,9956,422,2,0
2303,9956,424,3,0
2304,9956,425,4,0
2322,9956,427,5,0
2307,9956,428,6,0
1022,9956,448,7,0
1615,9956,451,8,1
2361,9955,420,1,0
2302,9955,422,2,0
2303,9955,424,3,0
2304,9955,425,4,0
2322,9955,427,5,0
2307,9955,428,6,0
1022,9955,448,7,0
1615,9955,451,8,1
2361,9959,435,1,0
2302,9959,437,2,0
2303,9959,439,3,0
2304,9959,440,4,0
2322,9959,442,5,0
2307,9959,443,6,0
1022,9959,465,7,0
1615,9959,468,8,1
2361,9960,435,1,0
2302,9960,437,2,0
2303,9960,439,3,0
2304,9960,440,4,0
2322,9960,442,5,0
2307,9960,443,6,0
1022,9960,465,7,0
1615,9960,468,8,1
2361,9961,435,1,0
2302,9961,437,2,0
2303,9961,439,3,0
2304,9961,440,4,0
2322,9961,442,5,0
2307,9961,443,6,0
1022,9961,465,7,0
1615,9961,468,8,1
2361,9964,450,1,0
2302,9964,452,2,0
2303,9964,454,3,0
2304,9964,455,4,0
2322,9964,457,5,0
2307,9964,458,6,0
1022,9964,481,7,0
1615,9964,484,8,1
2361,9965,450,1,0
2302,9965,452,2,0
2303,9965,454,3,0
2304,9965,455,4,0
2322,9965,457,5,0
2307,9965,458,6,0
1022,9965,481,7,0
1615,9965,484,8,1
2361,9962,450,1,0
2302,9962,452,2,0
2303,9962,454,3,0
2304,9962,455,4,0
2322,9962,457,5,0
2307,9962,458,6,0
1022,9962,481,7,0
1615,9962,484,8,1
2361,9963,450,1,0
2302,9963,452,2,0
2303,9963,454,3,0
2304,9963,455,4,0
2322,9963,457,5,0
2307,9963,458,6,0
1022,9963,481,7,0
1615,9963,484,8,1
1501,9949,1145,1,0
1018,9949,1148,2,0
2321,9949,1168,3,0
2305,9949,1169,4,0
2323,9949,1171,5,0
2324,9949,1173,6,0
2325,9949,1175,7,0
2361,9949,1176,8,1
1501,9948,1145,1,0
1018,9948,1148,2,0
2321,9948,1168,3,0
2305,9948,1169,4,0
2323,9948,1171,5,0
2324,9948,1173,6,0
2325,9948,1175,7,0
2361,9948,1176,8,1
1501,9945,1125,1,0
1018,9945,1128,2,0
2321,9945,1149,3,0
2305,9945,1150,4,0
2323,9945,1152,5,0
2324,9945,1154,6,0
2325,9945,1156,7,0
2361,9945,1157,8,1
1501,9944,1125,1,0
1018,9944,1128,2,0
2321,9944,1149,3,0
2305,9944,1150,4,0
2323,9944,1152,5,0
2324,9944,1154,6,0
2325,9944,1156,7,0
2361,9944,1157,8,1
1501,9947,1145,1,0
1018,9947,1148,2,0
2321,9947,1168,3,0
2305,9947,1169,4,0
2323,9947,1171,5,0
2324,9947,1173,6,0
2325,9947,1175,7,0
2361,9947,1176,8,1
1501,9946,1125,1,0
1018,9946,1128,2,0
2321,9946,1149,3,0
2305,9946,1150,4,0
2323,9946,1152,5,0
2324,9946,1154,6,0
2325,9946,1156,7,0
2361,9946,1157,8,1
1501,9951,1145,1,0
1018,9951,1148,2,0
2321,9951,1168,3,0
2305,9951,1169,4,0
2323,9951,1171,5,0
2324,9951,1173,6,0
2325,9951,1175,7,0
2361,9951,1176,8,1
2361,9952,420,1,0
2302,9952,422,2,0
2303,9952,424,3,0
2304,9952,425,4,0
2322,9952,427,5,0
2307,9952,428,6,0
1022,9952,448,7,0
1615,9952,451,8,1
2361,9953,420,1,0
2302,9953,422,2,0
2303,9953,424,3,0
2304,9953,425,4,0
2322,9953,427,5,0
2307,9953,428,6,0
1022,9953,448,7,0
1615,9953,451,8,1
2361,9954,420,1,0
2302,9954,422,2,0
2303,9954,424,3,0
2304,9954,425,4,0
2322,9954,427,5,0
2307,9954,428,6,0
1022,9954,448,7,0
1615,9954,451,8,1
1501,9950,1145,1,0
1018,9950,1148,2,0
2321,9950,1168,3,0
2305,9950,1169,4,0
2323,9950,1171,5,0
2324,9950,1173,6,0
2325,9950,1175,7,0
2361,9950,1176,8,1
1501,9939,1105,1,0
1018,9939,1108,2,0
2321,9939,1130,3,0
2305,9939,1131,4,0
2323,9939,1133,5,0
2324,9939,1135,6,0
2325,9939,1137,7,0
2361,9939,1138,8,1
1501,9938,1105,1,0
1018,9938,1108,2,0
2321,9938,1130,3,0
2305,9938,1131,4,0
2323,9938,1133,5,0
2324,9938,1135,6,0
2325,9938,1137,7,0
2361,9938,1138,8,1
1501,9937,1105,1,0
1018,9937,1108,2,0
2321,9937,1130,3,0
2305,9937,1131,4,0
2323,9937,1133,5,0
2324,9937,1135,6,0
2325,9937,1137,7,0
2361,9937,1138,8,1
1501,9936,1085,1,0
1018,9936,1088,2,0
2321,9936,1110,3,0
2305,9936,1111,4,0
2323,9936,1113,5,0
2324,9936,1115,6,0
2325,9936,1117,7,0
2361,9936,1118,8,1
1501,9935,1085,1,0
1018,9935,1088,2,0
2321,9935,1110,3,0
2305,9935,1111,4,0
2323,9935,1113,5,0
2324,9935,1115,6,0
2325,9935,1117,7,0
2361,9935,1118,8,1
1501,9934,1085,1,0
1018,9934,1088,2,0
2321,9934,1110,3,0
2305,9934,1111,4,0
2323,9934,1113,5,0
2324,9934,1115,6,0
2325,9934,1117,7,0
2361,9934,1118,8,1
1501,9933,1085,1,0
1018,9933,1088,2,0
2321,9933,1110,3,0
2305,9933,1111,4,0
2323,9933,1113,5,0
2324,9933,1115,6,0
2325,9933,1117,7,0
2361,9933,1118,8,1
1501,9942,1125,1,0
1018,9942,1128,2,0
2321,9942,1149,3,0
2305,9942,1150,4,0
2323,9942,1152,5,0
2324,9942,1154,6,0
2325,9942,1156,7,0
2361,9942,1157,8,1
1501,9943,1125,1,0
1018,9943,1128,2,0
2321,9943,1149,3,0
2305,9943,1150,4,0
2323,9943,1152,5,0
2324,9943,1154,6,0
2325,9943,1156,7,0
2361,9943,1157,8,1
1501,9940,1105,1,0
1018,9940,1108,2,0
2321,9940,1130,3,0
2305,9940,1131,4,0
2323,9940,1133,5,0
2324,9940,1135,6,0
2325,9940,1137,7,0
2361,9940,1138,8,1
1501,9941,1105,1,0
1018,9941,1108,2,0
2321,9941,1130,3,0
2305,9941,1131,4,0
2323,9941,1133,5,0
2324,9941,1135,6,0
2325,9941,1137,7,0
2361,9941,1138,8,1
