arret_id,trajet_id,heure_depart,stop_sequence,terminus
4352,24993,451,1,0
4353,24993,452,2,0
4362,24993,453,3,0
4358,24993,454,4,0
4359,24993,456,5,0
2734,24993,460,6,0
2706,24993,462,7,0
2707,24993,464,8,0
2708,24993,466,9,0
2709,24993,467,10,0
2710,24993,471,11,0
2712,24993,473,12,0
1450,24993,485,13,1
4352,24992,451,1,0
4353,24992,452,2,0
4362,24992,453,3,0
4358,24992,454,4,0
4359,24992,456,5,0
2734,24992,460,6,0
2706,24992,462,7,0
2707,24992,464,8,0
2708,24992,466,9,0
2709,24992,467,10,0
2710,24992,471,11,0
2712,24992,473,12,0
1450,24992,485,13,1
4352,24995,451,1,0
4353,24995,452,2,0
4362,24995,453,3,0
4358,24995,454,4,0
4359,24995,456,5,0
2734,24995,460,6,0
2706,24995,462,7,0
2707,24995,464,8,0
2708,24995,466,9,0
2709,24995,467,10,0
2710,24995,471,11,0
2712,24995,473,12,0
1450,24995,485,13,1
4352,24994,451,1,0
4353,24994,452,2,0
4362,24994,453,3,0
4358,24994,454,4,0
4359,24994,456,5,0
2734,24994,460,6,0
2706,24994,462,7,0
2707,24994,464,8,0
2708,24994,466,9,0
2709,24994,467,10,0
2710,24994,471,11,0
2712,24994,473,12,0
1450,24994,485,13,1
4352,24991,451,1,0
4353,24991,452,2,0
4362,24991,453,3,0
4358,24991,454,4,0
4359,24991,456,5,0
2734,24991,460,6,0
2706,24991,462,7,0
2707,24991,464,8,0
2708,24991,466,9,0
2709,24991,467,10,0
2710,24991,471,11,0
2712,24991,473,12,0
1450,24991,485,13,1
2706,24990,460,1,0
2707,24990,462,2,0
2708,24990,464,3,0
2709,24990,465,4,0
2710,24990,469,5,0
2712,24990,471,6,0
1450,24990,485,7,1
1661,24979,1035,1,0
2717,24979,1045,2,0
2719,24979,1047,3,0
2720,24979,1049,4,0
2721,24979,1050,5,0
2722,24979,1052,6,0
2723,24979,1053,7,0
2733,24979,1055,8,0
4360,24979,1057,9,0
4361,24979,1059,10,0
4363,24979,1060,11,0
4354,24979,1061,12,0
4355,24979,1062,13,1
1661,24978,1035,1,0
2717,24978,1045,2,0
2719,24978,1047,3,0
2720,24978,1049,4,0
2721,24978,1050,5,0
2722,24978,1052,6,0
2723,24978,1053,7,0
2733,24978,1055,8,0
4360,24978,1057,9,0
4361,24978,1059,10,0
4363,24978,1060,11,0
4354,24978,1061,12,0
4355,24978,1062,13,1
1661,24977,1035,1,0
2717,24977,1045,2,0
2719,24977,1047,3,0
2720,24977,1049,4,0
2721,24977,1050,5,0
2722,24977,1052,6,0
2723,24977,1053,7,0
2733,24977,1055,8,0
4360,24977,1057,9,0
4361,24977,1059,10,0
4363,24977,1060,11,0
4354,24977,1061,12,0
4355,24977,1062,13,1
2706,24989,460,1,0
2707,24989,462,2,0
2708,24989,464,3,0
2709,24989,465,4,0
2710,24989,469,5,0
2712,24989,471,6,0
1450,24989,485,7,1
1661,24982,1090,1,0
2717,24982,1100,2,0
2719,24982,1102,3,0
2720,24982,1104,4,0
2721,24982,1105,5,0
2722,24982,1107,6,0
2723,24982,1108,7,0
2733,24982,1110,8,0
4360,24982,1112,9,0
4361,24982,1114,10,0
4363,24982,1115,11,0
4354,24982,1116,12,0
4355,24982,1117,13,1
1661,24981,1090,1,0
2717,24981,1100,2,0
2719,24981,1102,3,0
2720,24981,1104,4,0
2721,24981,1105,5,0
2722,24981,1107,6,0
2723,24981,1108,7,0
2733,24981,1110,8,0
4360,24981,1112,9,0
4361,24981,1114,10,0
4363,24981,1115,11,0
4354,24981,1116,12,0
4355,24981,1117,13,1
1661,24984,1060,1,0
2717,24984,1070,2,0
2719,24984,1072,3,0
2720,24984,1074,4,0
2721,24984,1075,5,0
2722,24984,1077,6,0
2723,24984,1078,7,0
2733,24984,1080,8,0
4360,24984,1082,9,0
4361,24984,1084,10,0
4363,24984,1085,11,0
4354,24984,1086,12,0
4355,24984,1087,13,1
1661,24983,1000,1,0
2717,24983,1010,2,0
2719,24983,1012,3,0
2720,24983,1014,4,0
2721,24983,1015,5,0
2722,24983,1017,6,0
2723,24983,1018,7,0
2733,24983,1020,8,0
4360,24983,1022,9,0
4361,24983,1024,10,0
4363,24983,1025,11,0
4354,24983,1026,12,0
4355,24983,1027,13,1
2706,24986,460,1,0
2707,24986,462,2,0
2708,24986,464,3,0
2709,24986,465,4,0
2710,24986,469,5,0
2712,24986,471,6,0
1450,24986,485,7,1
1661,24985,745,1,0
2717,24985,755,2,0
2719,24985,757,3,0
2720,24985,759,4,0
2721,24985,760,5,0
2722,24985,762,6,0
2723,24985,763,7,0
2733,24985,765,8,0
4360,24985,767,9,0
4361,24985,769,10,0
4363,24985,770,11,0
4354,24985,771,12,0
4355,24985,772,13,1
2706,24988,460,1,0
2707,24988,462,2,0
2708,24988,464,3,0
2709,24988,465,4,0
2710,24988,469,5,0
2712,24988,471,6,0
1450,24988,485,7,1
2706,24987,460,1,0
2707,24987,462,2,0
2708,24987,464,3,0
2709,24987,465,4,0
2710,24987,469,5,0
2712,24987,471,6,0
1450,24987,485,7,1
1661,24980,1090,1,0
2717,24980,1100,2,0
2719,24980,1102,3,0
2720,24980,1104,4,0
2721,24980,1105,5,0
2722,24980,1107,6,0
2723,24980,1108,7,0
2733,24980,1110,8,0
4360,24980,1112,9,0
4361,24980,1114,10,0
4363,24980,1115,11,0
4354,24980,1116,12,0
4355,24980,1117,13,1
