arret_id,trajet_id,heure_depart,stop_sequence,terminus
3162,28572,760,1,0
3120,28572,765,2,0
3121,28572,766,3,0
3122,28572,767,4,0
3710,28572,768,5,0
3711,28572,770,6,0
3712,28572,771,7,0
3714,28572,773,8,0
3724,28572,775,9,0
3703,28572,788,10,0
3734,28572,790,11,0
3701,28572,792,12,1
3701,28570,468,1,0
3733,28570,469,2,0
3702,28570,472,3,0
3715,28570,476,4,0
3705,28570,477,5,0
3707,28570,478,6,0
3708,28570,480,7,0
3709,28570,483,8,0
3102,28570,485,9,0
3103,28570,488,10,0
3104,28570,490,11,0
3162,28570,500,12,1
3162,28571,1030,1,0
3120,28571,1035,2,0
3121,28571,1036,3,0
3122,28571,1037,4,0
3710,28571,1038,5,0
3711,28571,1040,6,0
3712,28571,1041,7,0
3714,28571,1043,8,0
3724,28571,1045,9,0
3703,28571,1058,10,0
3734,28571,1060,11,0
3701,28571,1062,12,1
