arret_id,trajet_id,heure_depart,stop_sequence,terminus
1033,26250,1020,1,0
1431,26250,1021,2,0
1203,26250,1024,3,0
2046,26250,1026,4,0
2081,26250,1029,5,0
2083,26250,1030,6,0
2084,26250,1031,7,0
3316,26250,1033,8,0
3318,26250,1036,9,0
4008,26250,1037,10,0
4009,26250,1038,11,0
4010,26250,1040,12,0
4011,26250,1041,13,0
4012,26250,1042,14,0
4013,26250,1043,15,0
4001,26250,1046,16,1
1033,26251,1020,1,0
1431,26251,1021,2,0
1203,26251,1024,3,0
2046,26251,1026,4,0
2081,26251,1029,5,0
2083,26251,1030,6,0
2084,26251,1031,7,0
3316,26251,1033,8,0
3318,26251,1036,9,0
4008,26251,1037,10,0
4009,26251,1038,11,0
4010,26251,1040,12,0
4011,26251,1041,13,0
4012,26251,1042,14,0
4013,26251,1043,15,0
4001,26251,1046,16,1
1033,26252,1075,1,0
1431,26252,1076,2,0
1203,26252,1079,3,0
2046,26252,1081,4,0
2081,26252,1084,5,0
2083,26252,1085,6,0
2084,26252,1086,7,0
3316,26252,1088,8,0
3318,26252,1091,9,0
4008,26252,1092,10,0
4009,26252,1093,11,0
4010,26252,1094,12,0
4011,26252,1095,13,0
4012,26252,1096,14,0
4013,26252,1097,15,0
4001,26252,1100,16,1
1033,26253,1075,1,0
1431,26253,1076,2,0
1203,26253,1079,3,0
2046,26253,1081,4,0
2081,26253,1084,5,0
2083,26253,1085,6,0
2084,26253,1086,7,0
3316,26253,1088,8,0
3318,26253,1091,9,0
4008,26253,1092,10,0
4009,26253,1093,11,0
4010,26253,1094,12,0
4011,26253,1095,13,0
4012,26253,1096,14,0
4013,26253,1097,15,0
4001,26253,1100,16,1
1033,26254,1075,1,0
1431,26254,1076,2,0
1203,26254,1079,3,0
2046,26254,1081,4,0
2081,26254,1084,5,0
2083,26254,1085,6,0
2084,26254,1086,7,0
3316,26254,1088,8,0
3318,26254,1091,9,0
4008,26254,1092,10,0
4009,26254,1093,11,0
4010,26254,1094,12,0
4011,26254,1095,13,0
4012,26254,1096,14,0
4013,26254,1097,15,0
4001,26254,1100,16,1
1033,26255,1075,1,0
1431,26255,1076,2,0
1203,26255,1079,3,0
2046,26255,1081,4,0
2081,26255,1084,5,0
2083,26255,1085,6,0
2084,26255,1086,7,0
3316,26255,1088,8,0
3318,26255,1091,9,0
4008,26255,1092,10,0
4009,26255,1093,11,0
4010,26255,1094,12,0
4011,26255,1095,13,0
4012,26255,1096,14,0
4013,26255,1097,15,0
4001,26255,1100,16,1
1033,26256,740,1,0
1431,26256,741,2,0
1203,26256,744,3,0
2046,26256,746,4,0
2081,26256,748,5,0
2083,26256,749,6,0
2084,26256,750,7,0
3316,26256,752,8,0
3318,26256,755,9,0
4008,26256,756,10,0
4009,26256,757,11,0
4010,26256,759,12,0
4011,26256,760,13,0
4012,26256,761,14,0
4013,26256,762,15,0
4001,26256,765,16,1
4001,26245,453,1,0
4002,26245,455,2,0
4003,26245,456,3,0
4004,26245,457,4,0
4005,26245,458,5,0
4006,26245,460,6,0
4007,26245,461,7,0
3317,26245,463,8,0
2101,26245,467,9,0
2079,26245,468,10,0
2080,26245,469,11,0
2082,26245,471,12,0
2045,26245,473,13,0
1177,26245,475,14,0
1408,26245,478,15,0
1007,26245,480,16,1
4001,26244,453,1,0
4002,26244,455,2,0
4003,26244,456,3,0
4004,26244,457,4,0
4005,26244,458,5,0
4006,26244,460,6,0
4007,26244,461,7,0
3317,26244,463,8,0
2101,26244,467,9,0
2079,26244,468,10,0
2080,26244,469,11,0
2082,26244,471,12,0
2045,26244,473,13,0
1177,26244,475,14,0
1408,26244,478,15,0
1007,26244,480,16,1
4001,26243,453,1,0
4002,26243,455,2,0
4003,26243,456,3,0
4004,26243,457,4,0
4005,26243,458,5,0
4006,26243,460,6,0
4007,26243,461,7,0
3317,26243,463,8,0
2101,26243,467,9,0
2079,26243,468,10,0
2080,26243,469,11,0
2082,26243,471,12,0
2045,26243,473,13,0
1177,26243,475,14,0
1408,26243,478,15,0
1007,26243,480,16,1
1033,26248,1020,1,0
1431,26248,1021,2,0
1203,26248,1024,3,0
2046,26248,1026,4,0
2081,26248,1029,5,0
2083,26248,1030,6,0
2084,26248,1031,7,0
3316,26248,1033,8,0
3318,26248,1036,9,0
4008,26248,1037,10,0
4009,26248,1038,11,0
4010,26248,1040,12,0
4011,26248,1041,13,0
4012,26248,1042,14,0
4013,26248,1043,15,0
4001,26248,1046,16,1
1033,26249,1020,1,0
1431,26249,1021,2,0
1203,26249,1024,3,0
2046,26249,1026,4,0
2081,26249,1029,5,0
2083,26249,1030,6,0
2084,26249,1031,7,0
3316,26249,1033,8,0
3318,26249,1036,9,0
4008,26249,1037,10,0
4009,26249,1038,11,0
4010,26249,1040,12,0
4011,26249,1041,13,0
4012,26249,1042,14,0
4013,26249,1043,15,0
4001,26249,1046,16,1
4001,26246,453,1,0
4002,26246,455,2,0
4003,26246,456,3,0
4004,26246,457,4,0
4005,26246,458,5,0
4006,26246,460,6,0
4007,26246,461,7,0
3317,26246,463,8,0
2101,26246,467,9,0
2079,26246,468,10,0
2080,26246,469,11,0
2082,26246,471,12,0
2045,26246,473,13,0
1177,26246,475,14,0
1408,26246,478,15,0
1007,26246,480,16,1
4001,26247,453,1,0
4002,26247,455,2,0
4003,26247,456,3,0
4004,26247,457,4,0
4005,26247,458,5,0
4006,26247,460,6,0
4007,26247,461,7,0
3317,26247,463,8,0
2101,26247,467,9,0
2079,26247,468,10,0
2080,26247,469,11,0
2082,26247,471,12,0
2045,26247,473,13,0
1177,26247,475,14,0
1408,26247,478,15,0
1007,26247,480,16,1
