arret_id,trajet_id,heure_depart,stop_sequence,terminus
3811,29196,460,1,0
3810,29196,461,2,0
3818,29196,463,3,0
3201,29196,465,4,0
3244,29196,466,5,0
3202,29196,467,6,0
3203,29196,468,7,0
3233,29196,468,8,0
3204,29196,469,9,0
3247,29196,471,10,0
3209,29196,476,11,0
3212,29196,479,12,0
4379,29196,485,13,0
2367,29196,495,14,0
2366,29196,500,15,1
2366,29195,760,1,0
2367,29195,765,2,0
3217,29195,776,3,0
3220,29195,778,4,0
3235,29195,782,5,0
3204,29195,784,6,0
3256,29195,785,7,0
3205,29195,786,8,0
3206,29195,787,9,0
3255,29195,788,10,0
3207,29195,789,11,0
3819,29195,790,12,0
3811,29195,792,13,0
3810,29195,793,14,1
2366,29194,1030,1,0
2367,29194,1035,2,0
3217,29194,1046,3,0
3220,29194,1048,4,0
3235,29194,1052,5,0
3204,29194,1054,6,0
3256,29194,1055,7,0
3205,29194,1056,8,0
3206,29194,1057,9,0
3255,29194,1058,10,0
3207,29194,1059,11,0
3819,29194,1060,12,0
3811,29194,1062,13,0
3810,29194,1063,14,1
