arret_id,trajet_id,heure_depart,stop_sequence,terminus
3102,22728,461,1,0
3103,22728,462,2,0
3104,22728,463,3,0
3107,22728,464,4,0
3502,22728,473,5,0
3503,22728,474,6,0
3505,22728,476,7,0
3506,22728,477,8,0
2841,22728,485,9,1
3102,22727,461,1,0
3103,22727,462,2,0
3104,22727,463,3,0
3107,22727,464,4,0
3502,22727,473,5,0
3503,22727,474,6,0
3505,22727,476,7,0
3506,22727,477,8,0
2841,22727,485,9,1
3102,22729,461,1,0
3103,22729,462,2,0
3104,22729,463,3,0
3107,22729,464,4,0
3502,22729,473,5,0
3503,22729,474,6,0
3505,22729,476,7,0
3506,22729,477,8,0
2841,22729,485,9,1
3102,22730,461,1,0
3103,22730,462,2,0
3104,22730,463,3,0
3107,22730,464,4,0
3502,22730,473,5,0
3503,22730,474,6,0
3505,22730,476,7,0
3506,22730,477,8,0
2841,22730,485,9,1
3102,22731,461,1,0
3103,22731,462,2,0
3104,22731,463,3,0
3107,22731,464,4,0
3502,22731,473,5,0
3503,22731,474,6,0
3505,22731,476,7,0
3506,22731,477,8,0
2841,22731,485,9,1
