arret_id,trajet_id,heure_depart,stop_sequence,terminus
4201,7181,430,1,0
4202,7181,432,2,0
4210,7181,433,3,0
4204,7181,435,4,0
4205,7181,437,5,0
4206,7181,438,6,0
2525,7181,441,7,0
2526,7181,442,8,0
2522,7181,445,9,0
2509,7181,447,10,0
3752,7181,451,11,0
1508,7181,453,12,0
1233,7181,454,13,0
1235,7181,457,14,0
1238,7181,459,15,0
1239,7181,461,16,0
1542,7181,464,17,0
1242,7181,466,18,0
1088,7181,469,19,0
1595,7181,471,20,1
4201,2256,1040,1,0
4202,2256,1042,2,0
4210,2256,1043,3,0
4204,2256,1044,4,0
4205,2256,1046,5,0
4206,2256,1047,6,0
2525,2256,1050,7,0
2526,2256,1051,8,0
2522,2256,1054,9,0
2509,2256,1055,10,0
3752,2256,1059,11,0
1508,2256,1061,12,0
1233,2256,1062,13,0
1235,2256,1064,14,0
1238,2256,1066,15,0
1239,2256,1067,16,0
1542,2256,1070,17,0
1242,2256,1071,18,0
1088,2256,1074,19,0
1595,2256,1076,20,1
1595,2278,602,1,0
1214,2278,605,2,0
1540,2278,606,3,0
1217,2278,609,4,0
1218,2278,610,5,0
1221,2278,612,6,0
1539,2278,615,7,0
1506,2278,616,8,0
3766,2278,618,9,0
2512,2278,620,10,0
2523,2278,621,11,0
2529,2278,623,12,0
2530,2278,623,13,0
4207,2278,626,14,0
4208,2278,627,15,0
4209,2278,628,16,0
4203,2278,630,17,0
4211,2278,630,18,0
4201,2278,632,19,1
4201,2021,960,1,0
4202,2021,962,2,0
4210,2021,963,3,0
4204,2021,964,4,0
4205,2021,966,5,0
4206,2021,967,6,0
2525,2021,970,7,0
2526,2021,971,8,0
2522,2021,974,9,0
2509,2021,975,10,0
3752,2021,979,11,0
1508,2021,981,12,0
1233,2021,982,13,0
1235,2021,984,14,0
1238,2021,986,15,0
1239,2021,987,16,0
1542,2021,990,17,0
1242,2021,992,18,0
1088,2021,995,19,0
1595,2021,997,20,1
4201,1874,930,1,0
4202,1874,932,2,0
4210,1874,933,3,0
4204,1874,934,4,0
4205,1874,936,5,0
4206,1874,937,6,0
2525,1874,940,7,0
2526,1874,941,8,0
2522,1874,944,9,0
2509,1874,945,10,0
3752,1874,949,11,0
1508,1874,951,12,0
1233,1874,952,13,0
1235,1874,954,14,0
1238,1874,956,15,0
1239,1874,957,16,0
1542,1874,960,17,0
1242,1874,962,18,0
1088,1874,965,19,0
1595,1874,967,20,1
1595,1786,682,1,0
1214,1786,685,2,0
1540,1786,686,3,0
1217,1786,689,4,0
1218,1786,690,5,0
1221,1786,692,6,0
1539,1786,695,7,0
1506,1786,696,8,0
3766,1786,698,9,0
2512,1786,700,10,0
2523,1786,701,11,0
2529,1786,703,12,0
2530,1786,703,13,0
4207,1786,706,14,0
4208,1786,707,15,0
4209,1786,708,16,0
4203,1786,710,17,0
4211,1786,710,18,0
4201,1786,712,19,1
1595,1683,1242,1,0
1214,1683,1245,2,0
1540,1683,1246,3,0
1217,1683,1248,4,0
1218,1683,1249,5,0
1221,1683,1251,6,0
1539,1683,1254,7,0
1506,1683,1255,8,0
3766,1683,1256,9,0
2512,1683,1259,10,0
2523,1683,1260,11,0
2529,1683,1262,12,0
2530,1683,1262,13,0
4207,1683,1265,14,0
4208,1683,1266,15,0
4209,1683,1267,16,0
4203,1683,1269,17,0
4211,1683,1269,18,0
4201,1683,1271,19,1
1595,1573,1181,1,0
1214,1573,1185,2,0
1540,1573,1186,3,0
1217,1573,1189,4,0
1218,1573,1190,5,0
1221,1573,1192,6,0
1539,1573,1195,7,0
1506,1573,1196,8,0
3766,1573,1197,9,0
2512,1573,1200,10,0
2523,1573,1201,11,0
2529,1573,1204,12,0
2530,1573,1204,13,0
4207,1573,1208,14,0
4208,1573,1209,15,0
4209,1573,1210,16,0
4203,1573,1212,17,0
4211,1573,1212,18,0
4201,1573,1214,19,1
4201,1584,640,1,0
4202,1584,642,2,0
4210,1584,643,3,0
4204,1584,644,4,0
4205,1584,646,5,0
4206,1584,647,6,0
2525,1584,650,7,0
2526,1584,651,8,0
2522,1584,654,9,0
2509,1584,655,10,0
3752,1584,658,11,0
1508,1584,660,12,0
1233,1584,661,13,0
1235,1584,664,14,0
1238,1584,666,15,0
1239,1584,667,16,0
1542,1584,670,17,0
1242,1584,672,18,0
1088,1584,675,19,0
1595,1584,677,20,1
1595,5913,761,1,0
1214,5913,765,2,0
1540,5913,766,3,0
1217,5913,769,4,0
1218,5913,770,5,0
1221,5913,773,6,0
1539,5913,775,7,0
1506,5913,777,8,0
3766,5913,779,9,0
2512,5913,782,10,0
2523,5913,783,11,0
2529,5913,786,12,0
2530,5913,786,13,0
4207,5913,790,14,0
4208,5913,791,15,0
4209,5913,792,16,0
4203,5913,794,17,0
4211,5913,794,18,0
4201,5913,796,19,1
1595,1561,491,1,0
1214,1561,495,2,0
1540,1561,497,3,0
1217,1561,500,4,0
1218,1561,501,5,0
1221,1561,504,6,0
1539,1561,506,7,0
1506,1561,508,8,0
3766,1561,510,9,0
2512,1561,513,10,0
2523,1561,514,11,0
2529,1561,517,12,0
2530,1561,517,13,0
4207,1561,521,14,0
4208,1561,522,15,0
4209,1561,524,16,0
4203,1561,525,17,0
4211,1561,526,18,0
4201,1561,528,19,1
4201,1438,540,1,0
4202,1438,542,2,0
4210,1438,543,3,0
4204,1438,544,4,0
4205,1438,546,5,0
4206,1438,547,6,0
2525,1438,550,7,0
2526,1438,551,8,0
2522,1438,554,9,0
2509,1438,555,10,0
3752,1438,558,11,0
1508,1438,560,12,0
1233,1438,561,13,0
1235,1438,564,14,0
1238,1438,566,15,0
1239,1438,567,16,0
1542,1438,570,17,0
1242,1438,572,18,0
1088,1438,575,19,0
1595,1438,577,20,1
1595,5763,1212,1,0
1214,5763,1215,2,0
1540,5763,1216,3,0
1217,5763,1219,4,0
1218,5763,1220,5,0
1221,5763,1222,6,0
1539,5763,1225,7,0
1506,5763,1226,8,0
3766,5763,1227,9,0
2512,5763,1230,10,0
2523,5763,1231,11,0
2529,5763,1233,12,0
2530,5763,1233,13,0
4207,5763,1236,14,0
4208,5763,1237,15,0
4209,5763,1239,16,0
4203,5763,1240,17,0
4211,5763,1241,18,0
4201,5763,1243,19,1
1595,1315,1035,1,0
1214,1315,1040,2,0
1540,1315,1042,3,0
1217,1315,1045,4,0
1218,1315,1046,5,0
1221,1315,1050,6,0
1539,1315,1054,7,0
1506,1315,1056,8,0
3766,1315,1058,9,0
2512,1315,1061,10,0
2523,1315,1062,11,0
2529,1315,1065,12,0
2530,1315,1065,13,0
4207,1315,1069,14,0
4208,1315,1070,15,0
4209,1315,1072,16,0
4203,1315,1073,17,0
4211,1315,1074,18,0
4201,1315,1076,19,1
4201,1311,515,1,0
4202,1311,517,2,0
4210,1311,518,3,0
4204,1311,520,4,0
4205,1311,522,5,0
4206,1311,523,6,0
2525,1311,526,7,0
2526,1311,527,8,0
2522,1311,531,9,0
2509,1311,532,10,0
3752,1311,537,11,0
1508,1311,539,12,0
1233,1311,540,13,0
1235,1311,543,14,0
1238,1311,545,15,0
1239,1311,547,16,0
1542,1311,550,17,0
1242,1311,552,18,0
1088,1311,555,19,0
1595,1311,557,20,1
4201,1217,1110,1,0
4202,1217,1112,2,0
4210,1217,1113,3,0
4204,1217,1114,4,0
4205,1217,1116,5,0
4206,1217,1117,6,0
2525,1217,1120,7,0
2526,1217,1121,8,0
2522,1217,1124,9,0
2509,1217,1125,10,0
3752,1217,1129,11,0
1508,1217,1131,12,0
1233,1217,1132,13,0
1235,1217,1135,14,0
1238,1217,1137,15,0
1239,1217,1138,16,0
1542,1217,1141,17,0
1242,1217,1143,18,0
1088,1217,1146,19,0
1595,1217,1148,20,1
1595,5514,1161,1,0
1214,5514,1165,2,0
1540,5514,1166,3,0
1217,5514,1169,4,0
1218,5514,1170,5,0
1221,5514,1172,6,0
1539,5514,1175,7,0
1506,5514,1176,8,0
3766,5514,1177,9,0
2512,5514,1180,10,0
2523,5514,1181,11,0
2529,5514,1183,12,0
2530,5514,1183,13,0
4207,5514,1186,14,0
4208,5514,1187,15,0
4209,5514,1189,16,0
4203,5514,1190,17,0
4211,5514,1191,18,0
4201,5514,1193,19,1
1595,5532,1156,1,0
1214,5532,1160,2,0
1540,5532,1161,3,0
1217,5532,1164,4,0
1218,5532,1165,5,0
1221,5532,1167,6,0
1539,5532,1170,7,0
1506,5532,1171,8,0
3766,5532,1172,9,0
2512,5532,1175,10,0
2523,5532,1176,11,0
2529,5532,1179,12,0
2530,5532,1179,13,0
4207,5532,1183,14,0
4208,5532,1184,15,0
4209,5532,1185,16,0
4203,5532,1187,17,0
4211,5532,1187,18,0
4201,5532,1189,19,1
1595,5427,891,1,0
1214,5427,895,2,0
1540,5427,896,3,0
1217,5427,899,4,0
1218,5427,900,5,0
1221,5427,903,6,0
1539,5427,905,7,0
1506,5427,907,8,0
3766,5427,909,9,0
2512,5427,912,10,0
2523,5427,913,11,0
2529,5427,916,12,0
2530,5427,916,13,0
4207,5427,920,14,0
4208,5427,921,15,0
4209,5427,922,16,0
4203,5427,924,17,0
4211,5427,924,18,0
4201,5427,926,19,1
1595,1048,527,1,0
1214,1048,530,2,0
1540,1048,531,3,0
1217,1048,533,4,0
1218,1048,534,5,0
1221,1048,536,6,0
1539,1048,539,7,0
1506,1048,540,8,0
3766,1048,542,9,0
2512,1048,544,10,0
2523,1048,545,11,0
2529,1048,547,12,0
2530,1048,547,13,0
4207,1048,550,14,0
4208,1048,551,15,0
4209,1048,552,16,0
4203,1048,554,17,0
4211,1048,554,18,0
4201,1048,556,19,1
1595,5338,1041,1,0
1214,5338,1045,2,0
1540,5338,1046,3,0
1217,5338,1049,4,0
1218,5338,1050,5,0
1221,5338,1052,6,0
1539,5338,1055,7,0
1506,5338,1056,8,0
3766,5338,1058,9,0
2512,5338,1061,10,0
2523,5338,1062,11,0
2529,5338,1065,12,0
2530,5338,1065,13,0
4207,5338,1069,14,0
4208,5338,1070,15,0
4209,5338,1072,16,0
4203,5338,1073,17,0
4211,5338,1074,18,0
4201,5338,1076,19,1
4201,7479,1200,1,0
4202,7479,1202,2,0
4210,7479,1203,3,0
4204,7479,1204,4,0
4205,7479,1206,5,0
4206,7479,1207,6,0
2525,7479,1210,7,0
2526,7479,1210,8,0
2522,7479,1213,9,0
2509,7479,1214,10,0
3752,7479,1218,11,0
1508,7479,1219,12,0
1233,7479,1220,13,0
1235,7479,1222,14,0
1238,7479,1224,15,0
1239,7479,1225,16,0
1542,7479,1228,17,0
1242,7479,1229,18,0
1088,7479,1231,19,0
1595,7479,1233,20,1
4201,7421,840,1,0
4202,7421,842,2,0
4210,7421,843,3,0
4204,7421,844,4,0
4205,7421,846,5,0
4206,7421,847,6,0
2525,7421,850,7,0
2526,7421,851,8,0
2522,7421,854,9,0
2509,7421,855,10,0
3752,7421,859,11,0
1508,7421,861,12,0
1233,7421,862,13,0
1235,7421,864,14,0
1238,7421,866,15,0
1239,7421,867,16,0
1542,7421,870,17,0
1242,7421,871,18,0
1088,7421,874,19,0
1595,7421,876,20,1
4201,7326,1080,1,0
4202,7326,1082,2,0
4210,7326,1083,3,0
4204,7326,1084,4,0
4205,7326,1086,5,0
4206,7326,1087,6,0
2525,7326,1090,7,0
2526,7326,1091,8,0
2522,7326,1094,9,0
2509,7326,1095,10,0
3752,7326,1099,11,0
1508,7326,1101,12,0
1233,7326,1102,13,0
1235,7326,1104,14,0
1238,7326,1106,15,0
1239,7326,1107,16,0
1542,7326,1110,17,0
1242,7326,1111,18,0
1088,7326,1114,19,0
1595,7326,1116,20,1
1595,7321,842,1,0
1214,7321,845,2,0
1540,7321,846,3,0
1217,7321,849,4,0
1218,7321,850,5,0
1221,7321,852,6,0
1539,7321,855,7,0
1506,7321,856,8,0
3766,7321,858,9,0
2512,7321,861,10,0
2523,7321,862,11,0
2529,7321,864,12,0
2530,7321,864,13,0
4207,7321,868,14,0
4208,7321,869,15,0
4209,7321,870,16,0
4203,7321,872,17,0
4211,7321,872,18,0
4201,7321,874,19,1
4201,7395,800,1,0
4202,7395,802,2,0
4210,7395,803,3,0
4204,7395,804,4,0
4205,7395,806,5,0
4206,7395,807,6,0
2525,7395,810,7,0
2526,7395,810,8,0
2522,7395,813,9,0
2509,7395,814,10,0
3752,7395,818,11,0
1508,7395,820,12,0
1233,7395,821,13,0
1235,7395,823,14,0
1238,7395,825,15,0
1239,7395,826,16,0
1542,7395,829,17,0
1242,7395,830,18,0
1088,7395,833,19,0
1595,7395,835,20,1
1595,7360,802,1,0
1214,7360,805,2,0
1540,7360,806,3,0
1217,7360,809,4,0
1218,7360,810,5,0
1221,7360,812,6,0
1539,7360,815,7,0
1506,7360,816,8,0
3766,7360,818,9,0
2512,7360,820,10,0
2523,7360,821,11,0
2529,7360,823,12,0
2530,7360,823,13,0
4207,7360,826,14,0
4208,7360,827,15,0
4209,7360,828,16,0
4203,7360,830,17,0
4211,7360,830,18,0
4201,7360,832,19,1
1595,7213,1081,1,0
1214,7213,1085,2,0
1540,7213,1086,3,0
1217,7213,1089,4,0
1218,7213,1090,5,0
1221,7213,1092,6,0
1539,7213,1095,7,0
1506,7213,1096,8,0
3766,7213,1098,9,0
2512,7213,1101,10,0
2523,7213,1102,11,0
2529,7213,1105,12,0
2530,7213,1105,13,0
4207,7213,1109,14,0
4208,7213,1110,15,0
4209,7213,1112,16,0
4203,7213,1113,17,0
4211,7213,1114,18,0
4201,7213,1116,19,1
4201,5053,640,1,0
4202,5053,642,2,0
4210,5053,643,3,0
4204,5053,644,4,0
4205,5053,646,5,0
4206,5053,647,6,0
2525,5053,650,7,0
2526,5053,650,8,0
2522,5053,653,9,0
2509,5053,654,10,0
3752,5053,658,11,0
1508,5053,660,12,0
1233,5053,661,13,0
1235,5053,663,14,0
1238,5053,665,15,0
1239,5053,666,16,0
1542,5053,669,17,0
1242,5053,670,18,0
1088,5053,673,19,0
1595,5053,675,20,1
4201,7950,1170,1,0
4202,7950,1172,2,0
4210,7950,1173,3,0
4204,7950,1174,4,0
4205,7950,1176,5,0
4206,7950,1177,6,0
2525,7950,1180,7,0
2526,7950,1180,8,0
2522,7950,1183,9,0
2509,7950,1184,10,0
3752,7950,1188,11,0
1508,7950,1189,12,0
1233,7950,1190,13,0
1235,7950,1193,14,0
1238,7950,1195,15,0
1239,7950,1196,16,0
1542,7950,1199,17,0
1242,7950,1200,18,0
1088,7950,1202,19,0
1595,7950,1204,20,1
4201,7873,415,1,0
4202,7873,417,2,0
4210,7873,418,3,0
4204,7873,419,4,0
4205,7873,421,5,0
4206,7873,422,6,0
2525,7873,425,7,0
2526,7873,425,8,0
2522,7873,428,9,0
2509,7873,429,10,0
3752,7873,433,11,0
1508,7873,434,12,0
1233,7873,435,13,0
1235,7873,437,14,0
1238,7873,439,15,0
1239,7873,440,16,0
1542,7873,443,17,0
1242,7873,444,18,0
1088,7873,446,19,0
1595,7873,448,20,1
1595,7858,422,1,0
1214,7858,425,2,0
1540,7858,426,3,0
1217,7858,429,4,0
1218,7858,430,5,0
1221,7858,433,6,0
1539,7858,435,7,0
1506,7858,437,8,0
3766,7858,438,9,0
2512,7858,441,10,0
2523,7858,442,11,0
2529,7858,445,12,0
2530,7858,445,13,0
4207,7858,449,14,0
4208,7858,450,15,0
4209,7858,452,16,0
4203,7858,453,17,0
4211,7858,454,18,0
4201,7858,456,19,1
4201,7819,1050,1,0
4202,7819,1052,2,0
4210,7819,1053,3,0
4204,7819,1054,4,0
4205,7819,1056,5,0
4206,7819,1057,6,0
2525,7819,1060,7,0
2526,7819,1061,8,0
2522,7819,1064,9,0
2509,7819,1065,10,0
3752,7819,1069,11,0
1508,7819,1071,12,0
1233,7819,1072,13,0
1235,7819,1075,14,0
1238,7819,1077,15,0
1239,7819,1079,16,0
1542,7819,1082,17,0
1242,7819,1084,18,0
1088,7819,1087,19,0
1595,7819,1089,20,1
4201,7685,880,1,0
4202,7685,882,2,0
4210,7685,883,3,0
4204,7685,884,4,0
4205,7685,886,5,0
4206,7685,887,6,0
2525,7685,890,7,0
2526,7685,891,8,0
2522,7685,894,9,0
2509,7685,895,10,0
3752,7685,899,11,0
1508,7685,901,12,0
1233,7685,902,13,0
1235,7685,904,14,0
1238,7685,906,15,0
1239,7685,907,16,0
1542,7685,910,17,0
1242,7685,911,18,0
1088,7685,914,19,0
1595,7685,916,20,1
1595,7632,561,1,0
1214,7632,565,2,0
1540,7632,566,3,0
1217,7632,569,4,0
1218,7632,570,5,0
1221,7632,573,6,0
1539,7632,575,7,0
1506,7632,577,8,0
3766,7632,579,9,0
2512,7632,582,10,0
2523,7632,583,11,0
2529,7632,586,12,0
2530,7632,586,13,0
4207,7632,590,14,0
4208,7632,591,15,0
4209,7632,592,16,0
4203,7632,594,17,0
4211,7632,594,18,0
4201,7632,596,19,1
1595,8224,1001,1,0
1214,8224,1005,2,0
1540,8224,1007,3,0
1217,8224,1010,4,0
1218,8224,1011,5,0
1221,8224,1015,6,0
1539,8224,1019,7,0
1506,8224,1021,8,0
3766,8224,1023,9,0
2512,8224,1026,10,0
2523,8224,1027,11,0
2529,8224,1030,12,0
2530,8224,1030,13,0
4207,8224,1034,14,0
4208,8224,1035,15,0
4209,8224,1037,16,0
4203,8224,1038,17,0
4211,8224,1039,18,0
4201,8224,1041,19,1
4201,3242,720,1,0
4202,3242,722,2,0
4210,3242,723,3,0
4204,3242,724,4,0
4205,3242,726,5,0
4206,3242,727,6,0
2525,3242,730,7,0
2526,3242,731,8,0
2522,3242,734,9,0
2509,3242,735,10,0
3752,3242,738,11,0
1508,3242,740,12,0
1233,3242,741,13,0
1235,3242,744,14,0
1238,3242,746,15,0
1239,3242,747,16,0
1542,3242,750,17,0
1242,3242,752,18,0
1088,3242,755,19,0
1595,3242,757,20,1
4201,8149,1140,1,0
4202,8149,1142,2,0
4210,8149,1143,3,0
4204,8149,1144,4,0
4205,8149,1146,5,0
4206,8149,1147,6,0
2525,8149,1150,7,0
2526,8149,1151,8,0
2522,8149,1154,9,0
2509,8149,1155,10,0
3752,8149,1159,11,0
1508,8149,1160,12,0
1233,8149,1161,13,0
1235,8149,1164,14,0
1238,8149,1166,15,0
1239,8149,1167,16,0
1542,8149,1170,17,0
1242,8149,1172,18,0
1088,8149,1175,19,0
1595,8149,1177,20,1
1595,3453,811,1,0
1214,3453,815,2,0
1540,3453,816,3,0
1217,3453,819,4,0
1218,3453,820,5,0
1221,3453,823,6,0
1539,3453,825,7,0
1506,3453,827,8,0
3766,3453,829,9,0
2512,3453,832,10,0
2523,3453,833,11,0
2529,3453,836,12,0
2530,3453,836,13,0
4207,3453,840,14,0
4208,3453,841,15,0
4209,3453,842,16,0
4203,3453,844,17,0
4211,3453,844,18,0
4201,3453,846,19,1
1595,3471,846,1,0
1214,3471,850,2,0
1540,3471,851,3,0
1217,3471,854,4,0
1218,3471,855,5,0
1221,3471,858,6,0
1539,3471,860,7,0
1506,3471,862,8,0
3766,3471,864,9,0
2512,3471,867,10,0
2523,3471,868,11,0
2529,3471,871,12,0
2530,3471,871,13,0
4207,3471,875,14,0
4208,3471,876,15,0
4209,3471,877,16,0
4203,3471,879,17,0
4211,3471,879,18,0
4201,3471,881,19,1
1595,8361,971,1,0
1214,8361,975,2,0
1540,8361,977,3,0
1217,8361,980,4,0
1218,8361,981,5,0
1221,8361,984,6,0
1539,8361,987,7,0
1506,8361,989,8,0
3766,8361,991,9,0
2512,8361,994,10,0
2523,8361,995,11,0
2529,8361,998,12,0
2530,8361,998,13,0
4207,8361,1002,14,0
4208,8361,1003,15,0
4209,8361,1005,16,0
4203,8361,1006,17,0
4211,8361,1007,18,0
4201,8361,1009,19,1
1595,8391,762,1,0
1214,8391,765,2,0
1540,8391,766,3,0
1217,8391,769,4,0
1218,8391,770,5,0
1221,8391,772,6,0
1539,8391,775,7,0
1506,8391,776,8,0
3766,8391,778,9,0
2512,8391,780,10,0
2523,8391,781,11,0
2529,8391,783,12,0
2530,8391,783,13,0
4207,8391,786,14,0
4208,8391,787,15,0
4209,8391,788,16,0
4203,8391,790,17,0
4211,8391,790,18,0
4201,8391,792,19,1
1595,8388,601,1,0
1214,8388,605,2,0
1540,8388,606,3,0
1217,8388,609,4,0
1218,8388,610,5,0
1221,8388,613,6,0
1539,8388,615,7,0
1506,8388,617,8,0
3766,8388,619,9,0
2512,8388,622,10,0
2523,8388,623,11,0
2529,8388,626,12,0
2530,8388,626,13,0
4207,8388,630,14,0
4208,8388,631,15,0
4209,8388,632,16,0
4203,8388,634,17,0
4211,8388,634,18,0
4201,8388,636,19,1
4201,3570,960,1,0
4202,3570,962,2,0
4210,3570,963,3,0
4204,3570,964,4,0
4205,3570,966,5,0
4206,3570,967,6,0
2525,3570,970,7,0
2526,3570,971,8,0
2522,3570,974,9,0
2509,3570,975,10,0
3752,3570,979,11,0
1508,3570,981,12,0
1233,3570,982,13,0
1235,3570,984,14,0
1238,3570,986,15,0
1239,3570,987,16,0
1542,3570,990,17,0
1242,3570,991,18,0
1088,3570,994,19,0
1595,3570,996,20,1
1595,3656,1126,1,0
1214,3656,1130,2,0
1540,3656,1132,3,0
1217,3656,1135,4,0
1218,3656,1136,5,0
1221,3656,1138,6,0
1539,3656,1141,7,0
1506,3656,1142,8,0
3766,3656,1143,9,0
2512,3656,1146,10,0
2523,3656,1147,11,0
2529,3656,1150,12,0
2530,3656,1150,13,0
4207,3656,1154,14,0
4208,3656,1155,15,0
4209,3656,1156,16,0
4203,3656,1158,17,0
4211,3656,1158,18,0
4201,3656,1160,19,1
4201,3712,445,1,0
4202,3712,447,2,0
4210,3712,448,3,0
4204,3712,450,4,0
4205,3712,452,5,0
4206,3712,453,6,0
2525,3712,456,7,0
2526,3712,457,8,0
2522,3712,461,9,0
2509,3712,462,10,0
3752,3712,467,11,0
1508,3712,469,12,0
1233,3712,470,13,0
1235,3712,473,14,0
1238,3712,475,15,0
1239,3712,477,16,0
1542,3712,480,17,0
1242,3712,482,18,0
1088,3712,485,19,0
1595,3712,487,20,1
1595,118,1065,1,0
1214,118,1070,2,0
1540,118,1072,3,0
1217,118,1075,4,0
1218,118,1076,5,0
1221,118,1079,6,0
1539,118,1082,7,0
1506,118,1084,8,0
3766,118,1086,9,0
2512,118,1089,10,0
2523,118,1090,11,0
2529,118,1093,12,0
2530,118,1093,13,0
4207,118,1097,14,0
4208,118,1098,15,0
4209,118,1100,16,0
4203,118,1101,17,0
4211,118,1102,18,0
4201,118,1104,19,1
4201,125,380,1,0
4202,125,382,2,0
4210,125,383,3,0
4204,125,384,4,0
4205,125,386,5,0
4206,125,387,6,0
2525,125,390,7,0
2526,125,391,8,0
2522,125,394,9,0
2509,125,395,10,0
3752,125,398,11,0
1508,125,399,12,0
1233,125,400,13,0
1235,125,402,14,0
1238,125,404,15,0
1239,125,405,16,0
1542,125,408,17,0
1242,125,409,18,0
1088,125,411,19,0
1595,125,413,20,1
1595,3809,441,1,0
1214,3809,445,2,0
1540,3809,447,3,0
1217,3809,450,4,0
1218,3809,451,5,0
1221,3809,454,6,0
1539,3809,456,7,0
1506,3809,458,8,0
3766,3809,460,9,0
2512,3809,463,10,0
2523,3809,464,11,0
2529,3809,467,12,0
2530,3809,467,13,0
4207,3809,471,14,0
4208,3809,472,15,0
4209,3809,474,16,0
4203,3809,475,17,0
4211,3809,476,18,0
4201,3809,478,19,1
4201,104,890,1,0
4202,104,892,2,0
4210,104,893,3,0
4204,104,894,4,0
4205,104,896,5,0
4206,104,897,6,0
2525,104,900,7,0
2526,104,901,8,0
2522,104,904,9,0
2509,104,905,10,0
3752,104,908,11,0
1508,104,910,12,0
1233,104,911,13,0
1235,104,913,14,0
1238,104,915,15,0
1239,104,916,16,0
1542,104,919,17,0
1242,104,921,18,0
1088,104,924,19,0
1595,104,926,20,1
4201,8076,720,1,0
4202,8076,722,2,0
4210,8076,723,3,0
4204,8076,724,4,0
4205,8076,726,5,0
4206,8076,727,6,0
2525,8076,730,7,0
2526,8076,730,8,0
2522,8076,733,9,0
2509,8076,734,10,0
3752,8076,738,11,0
1508,8076,740,12,0
1233,8076,741,13,0
1235,8076,743,14,0
1238,8076,745,15,0
1239,8076,746,16,0
1542,8076,749,17,0
1242,8076,750,18,0
1088,8076,753,19,0
1595,8076,755,20,1
1595,3013,681,1,0
1214,3013,685,2,0
1540,3013,686,3,0
1217,3013,689,4,0
1218,3013,690,5,0
1221,3013,693,6,0
1539,3013,695,7,0
1506,3013,697,8,0
3766,3013,699,9,0
2512,3013,702,10,0
2523,3013,703,11,0
2529,3013,706,12,0
2530,3013,706,13,0
4207,3013,710,14,0
4208,3013,711,15,0
4209,3013,712,16,0
4203,3013,714,17,0
4211,3013,714,18,0
4201,3013,716,19,1
4201,3019,920,1,0
4202,3019,922,2,0
4210,3019,923,3,0
4204,3019,924,4,0
4205,3019,926,5,0
4206,3019,927,6,0
2525,3019,930,7,0
2526,3019,931,8,0
2522,3019,934,9,0
2509,3019,935,10,0
3752,3019,939,11,0
1508,3019,941,12,0
1233,3019,942,13,0
1235,3019,944,14,0
1238,3019,946,15,0
1239,3019,947,16,0
1542,3019,950,17,0
1242,3019,951,18,0
1088,3019,954,19,0
1595,3019,956,20,1
4201,3022,1000,1,0
4202,3022,1002,2,0
4210,3022,1003,3,0
4204,3022,1004,4,0
4205,3022,1006,5,0
4206,3022,1007,6,0
2525,3022,1010,7,0
2526,3022,1011,8,0
2522,3022,1014,9,0
2509,3022,1015,10,0
3752,3022,1019,11,0
1508,3022,1021,12,0
1233,3022,1022,13,0
1235,3022,1024,14,0
1238,3022,1026,15,0
1239,3022,1027,16,0
1542,3022,1030,17,0
1242,3022,1031,18,0
1088,3022,1034,19,0
1595,3022,1036,20,1
1595,3114,922,1,0
1214,3114,925,2,0
1540,3114,926,3,0
1217,3114,929,4,0
1218,3114,930,5,0
1221,3114,932,6,0
1539,3114,935,7,0
1506,3114,936,8,0
3766,3114,938,9,0
2512,3114,941,10,0
2523,3114,942,11,0
2529,3114,944,12,0
2530,3114,944,13,0
4207,3114,948,14,0
4208,3114,949,15,0
4209,3114,950,16,0
4203,3114,952,17,0
4211,3114,952,18,0
4201,3114,954,19,1
1595,6880,452,1,0
1214,6880,455,2,0
1540,6880,456,3,0
1217,6880,458,4,0
1218,6880,459,5,0
1221,6880,461,6,0
1539,6880,464,7,0
1506,6880,465,8,0
3766,6880,466,9,0
2512,6880,468,10,0
2523,6880,469,11,0
2529,6880,471,12,0
2530,6880,471,13,0
4207,6880,474,14,0
4208,6880,475,15,0
4209,6880,476,16,0
4203,6880,478,17,0
4211,6880,478,18,0
4201,6880,480,19,1
4201,6895,850,1,0
4202,6895,852,2,0
4210,6895,853,3,0
4204,6895,854,4,0
4205,6895,856,5,0
4206,6895,857,6,0
2525,6895,860,7,0
2526,6895,861,8,0
2522,6895,864,9,0
2509,6895,865,10,0
3752,6895,868,11,0
1508,6895,870,12,0
1233,6895,871,13,0
1235,6895,873,14,0
1238,6895,875,15,0
1239,6895,876,16,0
1542,6895,879,17,0
1242,6895,881,18,0
1088,6895,884,19,0
1595,6895,886,20,1
4201,8965,400,1,0
4202,8965,402,2,0
4210,8965,403,3,0
4204,8965,404,4,0
4205,8965,406,5,0
4206,8965,407,6,0
2525,8965,410,7,0
2526,8965,411,8,0
2522,8965,414,9,0
2509,8965,415,10,0
3752,8965,418,11,0
1508,8965,419,12,0
1233,8965,420,13,0
1235,8965,422,14,0
1238,8965,424,15,0
1239,8965,425,16,0
1542,8965,428,17,0
1242,8965,430,18,0
1088,8965,432,19,0
1595,8965,434,20,1
4201,6781,460,1,0
4202,6781,462,2,0
4210,6781,463,3,0
4204,6781,465,4,0
4205,6781,467,5,0
4206,6781,468,6,0
2525,6781,471,7,0
2526,6781,472,8,0
2522,6781,476,9,0
2509,6781,477,10,0
3752,6781,482,11,0
1508,6781,484,12,0
1233,6781,485,13,0
1235,6781,488,14,0
1238,6781,490,15,0
1239,6781,492,16,0
1542,6781,495,17,0
1242,6781,497,18,0
1088,6781,500,19,0
1595,6781,502,20,1
4201,2823,770,1,0
4202,2823,772,2,0
4210,2823,773,3,0
4204,2823,774,4,0
4205,2823,776,5,0
4206,2823,777,6,0
2525,2823,780,7,0
2526,2823,781,8,0
2522,2823,784,9,0
2509,2823,785,10,0
3752,2823,788,11,0
1508,2823,790,12,0
1233,2823,791,13,0
1235,2823,793,14,0
1238,2823,795,15,0
1239,2823,796,16,0
1542,2823,799,17,0
1242,2823,801,18,0
1088,2823,804,19,0
1595,2823,806,20,1
1595,4506,1212,1,0
1214,4506,1215,2,0
1540,4506,1216,3,0
1217,4506,1219,4,0
1218,4506,1220,5,0
1221,4506,1222,6,0
1539,4506,1225,7,0
1506,4506,1226,8,0
3766,4506,1227,9,0
2512,4506,1230,10,0
2523,4506,1231,11,0
2529,4506,1234,12,0
2530,4506,1234,13,0
4207,4506,1238,14,0
4208,4506,1239,15,0
4209,4506,1240,16,0
4203,4506,1242,17,0
4211,4506,1242,18,0
4201,4506,1244,19,1
4201,4530,560,1,0
4202,4530,562,2,0
4210,4530,563,3,0
4204,4530,564,4,0
4205,4530,566,5,0
4206,4530,567,6,0
2525,4530,570,7,0
2526,4530,570,8,0
2522,4530,573,9,0
2509,4530,574,10,0
3752,4530,578,11,0
1508,4530,580,12,0
1233,4530,581,13,0
1235,4530,583,14,0
1238,4530,585,15,0
1239,4530,586,16,0
1542,4530,589,17,0
1242,4530,590,18,0
1088,4530,592,19,0
1595,4530,594,20,1
4201,330,1170,1,0
4202,330,1172,2,0
4210,330,1173,3,0
4204,330,1174,4,0
4205,330,1176,5,0
4206,330,1177,6,0
2525,330,1180,7,0
2526,330,1180,8,0
2522,330,1183,9,0
2509,330,1184,10,0
3752,330,1188,11,0
1508,330,1189,12,0
1233,330,1190,13,0
1235,330,1192,14,0
1238,330,1194,15,0
1239,330,1195,16,0
1542,330,1198,17,0
1242,330,1199,18,0
1088,330,1201,19,0
1595,330,1203,20,1
1595,4851,1096,1,0
1214,4851,1100,2,0
1540,4851,1102,3,0
1217,4851,1105,4,0
1218,4851,1106,5,0
1221,4851,1109,6,0
1539,4851,1111,7,0
1506,4851,1113,8,0
3766,4851,1115,9,0
2512,4851,1118,10,0
2523,4851,1119,11,0
2529,4851,1122,12,0
2530,4851,1122,13,0
4207,4851,1126,14,0
4208,4851,1127,15,0
4209,4851,1129,16,0
4203,4851,1130,17,0
4211,4851,1131,18,0
4201,4851,1133,19,1
4201,6967,1080,1,0
4202,6967,1082,2,0
4210,6967,1083,3,0
4204,6967,1084,4,0
4205,6967,1086,5,0
4206,6967,1087,6,0
2525,6967,1090,7,0
2526,6967,1091,8,0
2522,6967,1094,9,0
2509,6967,1095,10,0
3752,6967,1099,11,0
1508,6967,1101,12,0
1233,6967,1102,13,0
1235,6967,1105,14,0
1238,6967,1107,15,0
1239,6967,1109,16,0
1542,6967,1112,17,0
1242,6967,1114,18,0
1088,6967,1117,19,0
1595,6967,1119,20,1
1595,269,731,1,0
1214,269,735,2,0
1540,269,736,3,0
1217,269,739,4,0
1218,269,740,5,0
1221,269,743,6,0
1539,269,745,7,0
1506,269,747,8,0
3766,269,749,9,0
2512,269,752,10,0
2523,269,753,11,0
2529,269,756,12,0
2530,269,756,13,0
4207,269,760,14,0
4208,269,761,15,0
4209,269,762,16,0
4203,269,764,17,0
4211,269,764,18,0
4201,269,766,19,1
1595,931,936,1,0
1214,931,940,2,0
1540,931,942,3,0
1217,931,945,4,0
1218,931,946,5,0
1221,931,949,6,0
1539,931,952,7,0
1506,931,954,8,0
3766,931,956,9,0
2512,931,959,10,0
2523,931,960,11,0
2529,931,963,12,0
2530,931,963,13,0
4207,931,967,14,0
4208,931,968,15,0
4209,931,969,16,0
4203,931,971,17,0
4211,931,971,18,0
4201,931,973,19,1
4201,920,560,1,0
4202,920,562,2,0
4210,920,563,3,0
4204,920,564,4,0
4205,920,566,5,0
4206,920,567,6,0
2525,920,570,7,0
2526,920,571,8,0
2522,920,574,9,0
2509,920,575,10,0
3752,920,578,11,0
1508,920,580,12,0
1233,920,581,13,0
1235,920,584,14,0
1238,920,586,15,0
1239,920,587,16,0
1542,920,590,17,0
1242,920,592,18,0
1088,920,595,19,0
1595,920,597,20,1
1595,4268,961,1,0
1214,4268,965,2,0
1540,4268,966,3,0
1217,4268,969,4,0
1218,4268,970,5,0
1221,4268,972,6,0
1539,4268,975,7,0
1506,4268,976,8,0
3766,4268,978,9,0
2512,4268,981,10,0
2523,4268,982,11,0
2529,4268,984,12,0
2530,4268,984,13,0
4207,4268,988,14,0
4208,4268,989,15,0
4209,4268,990,16,0
4203,4268,992,17,0
4211,4268,992,18,0
4201,4268,994,19,1
4201,2488,1020,1,0
4202,2488,1022,2,0
4210,2488,1023,3,0
4204,2488,1024,4,0
4205,2488,1026,5,0
4206,2488,1027,6,0
2525,2488,1030,7,0
2526,2488,1031,8,0
2522,2488,1034,9,0
2509,2488,1035,10,0
3752,2488,1039,11,0
1508,2488,1041,12,0
1233,2488,1042,13,0
1235,2488,1045,14,0
1238,2488,1047,15,0
1239,2488,1049,16,0
1542,2488,1052,17,0
1242,2488,1054,18,0
1088,2488,1057,19,0
1595,2488,1059,20,1
1595,2335,1121,1,0
1214,2335,1125,2,0
1540,2335,1126,3,0
1217,2335,1129,4,0
1218,2335,1130,5,0
1221,2335,1132,6,0
1539,2335,1135,7,0
1506,2335,1136,8,0
3766,2335,1138,9,0
2512,2335,1141,10,0
2523,2335,1142,11,0
2529,2335,1145,12,0
2530,2335,1145,13,0
4207,2335,1149,14,0
4208,2335,1150,15,0
4209,2335,1152,16,0
4203,2335,1153,17,0
4211,2335,1154,18,0
4201,2335,1156,19,1
4201,2310,485,1,0
4202,2310,487,2,0
4210,2310,488,3,0
4204,2310,489,4,0
4205,2310,491,5,0
4206,2310,492,6,0
2525,2310,495,7,0
2526,2310,495,8,0
2522,2310,498,9,0
2509,2310,499,10,0
3752,2310,503,11,0
1508,2310,505,12,0
1233,2310,506,13,0
1235,2310,508,14,0
1238,2310,510,15,0
1239,2310,511,16,0
1542,2310,514,17,0
1242,2310,515,18,0
1088,2310,517,19,0
1595,2310,519,20,1
4201,8690,760,1,0
4202,8690,762,2,0
4210,8690,763,3,0
4204,8690,764,4,0
4205,8690,766,5,0
4206,8690,767,6,0
2525,8690,770,7,0
2526,8690,770,8,0
2522,8690,773,9,0
2509,8690,774,10,0
3752,8690,778,11,0
1508,8690,780,12,0
1233,8690,781,13,0
1235,8690,783,14,0
1238,8690,785,15,0
1239,8690,786,16,0
1542,8690,789,17,0
1242,8690,790,18,0
1088,8690,793,19,0
1595,8690,795,20,1
4201,2776,485,1,0
4202,2776,487,2,0
4210,2776,488,3,0
4204,2776,490,4,0
4205,2776,492,5,0
4206,2776,493,6,0
2525,2776,496,7,0
2526,2776,497,8,0
2522,2776,501,9,0
2509,2776,502,10,0
3752,2776,507,11,0
1508,2776,509,12,0
1233,2776,510,13,0
1235,2776,513,14,0
1238,2776,515,15,0
1239,2776,517,16,0
1542,2776,520,17,0
1242,2776,522,18,0
1088,2776,525,19,0
1595,2776,527,20,1
4201,2683,990,1,0
4202,2683,992,2,0
4210,2683,993,3,0
4204,2683,994,4,0
4205,2683,996,5,0
4206,2683,997,6,0
2525,2683,1000,7,0
2526,2683,1001,8,0
2522,2683,1004,9,0
2509,2683,1005,10,0
3752,2683,1009,11,0
1508,2683,1011,12,0
1233,2683,1012,13,0
1235,2683,1015,14,0
1238,2683,1017,15,0
1239,2683,1019,16,0
1542,2683,1022,17,0
1242,2683,1024,18,0
1088,2683,1027,19,0
1595,2683,1029,20,1
1595,8794,476,1,0
1214,8794,480,2,0
1540,8794,482,3,0
1217,8794,485,4,0
1218,8794,486,5,0
1221,8794,489,6,0
1539,8794,491,7,0
1506,8794,493,8,0
3766,8794,495,9,0
2512,8794,498,10,0
2523,8794,499,11,0
2529,8794,502,12,0
2530,8794,502,13,0
4207,8794,506,14,0
4208,8794,507,15,0
4209,8794,509,16,0
4203,8794,510,17,0
4211,8794,511,18,0
4201,8794,513,19,1
1595,683,1001,1,0
1214,683,1005,2,0
1540,683,1006,3,0
1217,683,1009,4,0
1218,683,1010,5,0
1221,683,1012,6,0
1539,683,1015,7,0
1506,683,1016,8,0
3766,683,1018,9,0
2512,683,1021,10,0
2523,683,1022,11,0
2529,683,1024,12,0
2530,683,1024,13,0
4207,683,1028,14,0
4208,683,1029,15,0
4209,683,1031,16,0
4203,683,1032,17,0
4211,683,1033,18,0
4201,683,1035,19,1
4201,668,800,1,0
4202,668,802,2,0
4210,668,803,3,0
4204,668,804,4,0
4205,668,806,5,0
4206,668,807,6,0
2525,668,810,7,0
2526,668,811,8,0
2522,668,814,9,0
2509,668,815,10,0
3752,668,819,11,0
1508,668,821,12,0
1233,668,822,13,0
1235,668,824,14,0
1238,668,826,15,0
1239,668,827,16,0
1542,668,830,17,0
1242,668,832,18,0
1088,668,835,19,0
1595,668,837,20,1
1595,6086,882,1,0
1214,6086,885,2,0
1540,6086,886,3,0
1217,6086,889,4,0
1218,6086,890,5,0
1221,6086,892,6,0
1539,6086,895,7,0
1506,6086,896,8,0
3766,6086,898,9,0
2512,6086,901,10,0
2523,6086,902,11,0
2529,6086,904,12,0
2530,6086,904,13,0
4207,6086,908,14,0
4208,6086,909,15,0
4209,6086,910,16,0
4203,6086,912,17,0
4211,6086,912,18,0
4201,6086,914,19,1
1595,4026,722,1,0
1214,4026,725,2,0
1540,4026,726,3,0
1217,4026,729,4,0
1218,4026,730,5,0
1221,4026,732,6,0
1539,4026,735,7,0
1506,4026,736,8,0
3766,4026,738,9,0
2512,4026,740,10,0
2523,4026,741,11,0
2529,4026,743,12,0
2530,4026,743,13,0
4207,4026,746,14,0
4208,4026,747,15,0
4209,4026,748,16,0
4203,4026,750,17,0
4211,4026,750,18,0
4201,4026,752,19,1
4201,4007,1200,1,0
4202,4007,1202,2,0
4210,4007,1203,3,0
4204,4007,1204,4,0
4205,4007,1206,5,0
4206,4007,1207,6,0
2525,4007,1210,7,0
2526,4007,1210,8,0
2522,4007,1213,9,0
2509,4007,1214,10,0
3752,4007,1217,11,0
1508,4007,1218,12,0
1233,4007,1219,13,0
1235,4007,1222,14,0
1238,4007,1224,15,0
1239,4007,1225,16,0
1542,4007,1228,17,0
1242,4007,1229,18,0
1088,4007,1231,19,0
1595,4007,1233,20,1
1595,6383,506,1,0
1214,6383,510,2,0
1540,6383,512,3,0
1217,6383,515,4,0
1218,6383,516,5,0
1221,6383,519,6,0
1539,6383,521,7,0
1506,6383,523,8,0
3766,6383,525,9,0
2512,6383,528,10,0
2523,6383,529,11,0
2529,6383,532,12,0
2530,6383,532,13,0
4207,6383,536,14,0
4208,6383,537,15,0
4209,6383,539,16,0
4203,6383,540,17,0
4211,6383,541,18,0
4201,6383,543,19,1
1595,6385,1242,1,0
1214,6385,1245,2,0
1540,6385,1246,3,0
1217,6385,1248,4,0
1218,6385,1249,5,0
1221,6385,1251,6,0
1539,6385,1254,7,0
1506,6385,1255,8,0
3766,6385,1256,9,0
2512,6385,1259,10,0
2523,6385,1260,11,0
2529,6385,1262,12,0
2530,6385,1262,13,0
4207,6385,1265,14,0
4208,6385,1266,15,0
4209,6385,1268,16,0
4203,6385,1269,17,0
4211,6385,1270,18,0
4201,6385,1272,19,1
4201,6621,1120,1,0
4202,6621,1122,2,0
4210,6621,1123,3,0
4204,6621,1124,4,0
4205,6621,1126,5,0
4206,6621,1127,6,0
2525,6621,1130,7,0
2526,6621,1131,8,0
2522,6621,1134,9,0
2509,6621,1135,10,0
3752,6621,1139,11,0
1508,6621,1141,12,0
1233,6621,1142,13,0
1235,6621,1144,14,0
1238,6621,1146,15,0
1239,6621,1147,16,0
1542,6621,1150,17,0
1242,6621,1151,18,0
1088,6621,1154,19,0
1595,6621,1156,20,1
