arret_id,trajet_id,heure_depart,stop_sequence,terminus
1606,87,760,1,0
1279,87,762,2,0
1280,87,763,3,0
1657,87,765,4,0
1655,87,767,5,0
1426,87,768,6,0
1287,87,769,7,0
2855,87,770,8,0
2848,87,774,9,0
2820,87,776,10,0
2810,87,777,11,0
2838,87,779,12,0
2857,87,780,13,0
2859,87,781,14,1
2859,2143,760,1,0
2856,2143,761,2,0
2839,2143,762,3,0
2821,2143,764,4,0
2811,2143,764,5,0
2847,2143,766,6,0
2858,2143,770,7,0
1255,2143,771,8,0
1411,2143,772,9,0
1654,2143,773,10,0
1656,2143,775,11,0
1010,2143,779,12,0
1011,2143,780,13,0
1606,2143,782,14,1
1606,9318,755,1,0
1279,9318,757,2,0
1280,9318,758,3,0
1657,9318,760,4,0
1655,9318,762,5,0
1426,9318,763,6,0
1287,9318,764,7,0
2855,9318,765,8,0
2848,9318,769,9,0
2820,9318,771,10,0
2810,9318,772,11,0
2838,9318,774,12,0
2857,9318,775,13,0
2859,9318,776,14,1
1606,9345,1065,1,0
1279,9345,1067,2,0
1280,9345,1068,3,0
1657,9345,1070,4,0
1655,9345,1072,5,0
1426,9345,1073,6,0
1287,9345,1074,7,0
2855,9345,1075,8,0
2848,9345,1079,9,0
2820,9345,1081,10,0
2810,9345,1082,11,0
2838,9345,1084,12,0
2857,9345,1085,13,0
2859,9345,1086,14,1
1606,9189,730,1,0
1279,9189,732,2,0
1280,9189,734,3,0
1657,9189,736,4,0
1655,9189,738,5,0
1426,9189,739,6,0
1287,9189,740,7,0
2855,9189,741,8,0
2848,9189,745,9,0
2820,9189,747,10,0
2810,9189,748,11,0
2838,9189,750,12,0
2857,9189,751,13,0
2859,9189,752,14,1
1606,9116,925,1,0
1279,9116,927,2,0
1280,9116,928,3,0
1657,9116,930,4,0
1655,9116,932,5,0
1426,9116,933,6,0
1287,9116,934,7,0
2855,9116,935,8,0
2848,9116,939,9,0
2820,9116,941,10,0
2810,9116,942,11,0
2838,9116,944,12,0
2857,9116,945,13,0
2859,9116,946,14,1
1606,9090,995,1,0
1279,9090,997,2,0
1280,9090,998,3,0
1657,9090,1000,4,0
1655,9090,1002,5,0
1426,9090,1003,6,0
1287,9090,1004,7,0
2855,9090,1005,8,0
2848,9090,1009,9,0
2820,9090,1011,10,0
2810,9090,1012,11,0
2838,9090,1014,12,0
2857,9090,1015,13,0
2859,9090,1016,14,1
2859,1852,1125,1,0
2856,1852,1126,2,0
2839,1852,1127,3,0
2821,1852,1129,4,0
2811,1852,1129,5,0
2847,1852,1131,6,0
2858,1852,1135,7,0
1255,1852,1136,8,0
1411,1852,1137,9,0
1654,1852,1138,10,0
1656,1852,1140,11,0
1010,1852,1144,12,0
1011,1852,1145,13,0
1606,1852,1147,14,1
1606,1716,990,1,0
1279,1716,992,2,0
1280,1716,993,3,0
1657,1716,995,4,0
1655,1716,998,5,0
1426,1716,999,6,0
1287,1716,1000,7,0
2855,1716,1001,8,0
2848,1716,1005,9,0
2820,1716,1007,10,0
2810,1716,1008,11,0
2838,1716,1010,12,0
2857,1716,1011,13,0
2859,1716,1012,14,1
2859,1760,520,1,0
2856,1760,521,2,0
2839,1760,522,3,0
2821,1760,524,4,0
2811,1760,524,5,0
2847,1760,526,6,0
2858,1760,530,7,0
1255,1760,531,8,0
1411,1760,532,9,0
1654,1760,533,10,0
1656,1760,536,11,0
1010,1760,540,12,0
1011,1760,542,13,0
1606,1760,544,14,1
2859,1745,860,1,0
2856,1745,861,2,0
2839,1745,862,3,0
2821,1745,864,4,0
2811,1745,864,5,0
2847,1745,866,6,0
2858,1745,870,7,0
1255,1745,871,8,0
1411,1745,872,9,0
1654,1745,873,10,0
1656,1745,875,11,0
1010,1745,879,12,0
1011,1745,880,13,0
1606,1745,882,14,1
2859,1619,550,1,0
2856,1619,551,2,0
2839,1619,552,3,0
2821,1619,554,4,0
2811,1619,554,5,0
2847,1619,556,6,0
2858,1619,560,7,0
1255,1619,561,8,0
1411,1619,562,9,0
1654,1619,563,10,0
1656,1619,565,11,0
1010,1619,569,12,0
1011,1619,570,13,0
1606,1619,572,14,1
1606,5837,1055,1,0
1279,5837,1057,2,0
1280,5837,1058,3,0
1657,5837,1060,4,0
1655,5837,1064,5,0
1426,5837,1065,6,0
1287,5837,1067,7,0
2855,5837,1068,8,0
2848,5837,1073,9,0
2820,5837,1075,10,0
2810,5837,1076,11,0
2838,5837,1078,12,0
2857,5837,1079,13,0
2859,5837,1080,14,1
1606,5811,855,1,0
1279,5811,857,2,0
1280,5811,858,3,0
1657,5811,860,4,0
1655,5811,862,5,0
1426,5811,863,6,0
1287,5811,864,7,0
2855,5811,865,8,0
2848,5811,869,9,0
2820,5811,871,10,0
2810,5811,872,11,0
2838,5811,874,12,0
2857,5811,875,13,0
2859,5811,876,14,1
1606,5859,585,1,0
1279,5859,587,2,0
1280,5859,588,3,0
1657,5859,590,4,0
1655,5859,592,5,0
1426,5859,593,6,0
1287,5859,594,7,0
2855,5859,595,8,0
2848,5859,599,9,0
2820,5859,601,10,0
2810,5859,602,11,0
2838,5859,604,12,0
2857,5859,605,13,0
2859,5859,606,14,1
1606,1428,1020,1,0
1279,1428,1022,2,0
1280,1428,1023,3,0
1657,1428,1025,4,0
1655,1428,1029,5,0
1426,1428,1030,6,0
1287,1428,1032,7,0
2855,1428,1033,8,0
2848,1428,1038,9,0
2820,1428,1040,10,0
2810,1428,1041,11,0
2838,1428,1043,12,0
2857,1428,1044,13,0
2859,1428,1045,14,1
1606,1400,480,1,0
1279,1400,482,2,0
1280,1400,483,3,0
1657,1400,485,4,0
1655,1400,488,5,0
1426,1400,489,6,0
1287,1400,490,7,0
2855,1400,491,8,0
2848,1400,496,9,0
2820,1400,498,10,0
2810,1400,499,11,0
2838,1400,501,12,0
2857,1400,503,13,0
2859,1400,504,14,1
1606,5731,455,1,0
1279,5731,457,2,0
1280,5731,458,3,0
1657,5731,460,4,0
1655,5731,462,5,0
1426,5731,463,6,0
1287,5731,464,7,0
2855,5731,465,8,0
2848,5731,469,9,0
2820,5731,471,10,0
2810,5731,472,11,0
2838,5731,474,12,0
2857,5731,475,13,0
2859,5731,476,14,1
2859,5687,605,1,0
2856,5687,606,2,0
2839,5687,607,3,0
2821,5687,609,4,0
2811,5687,609,5,0
2847,5687,611,6,0
2858,5687,615,7,0
1255,5687,616,8,0
1411,5687,617,9,0
1654,5687,618,10,0
1656,5687,620,11,0
1010,5687,624,12,0
1011,5687,625,13,0
1606,5687,627,14,1
2859,5572,1065,1,0
2856,5572,1066,2,0
2839,5572,1067,3,0
2821,5572,1069,4,0
2811,5572,1069,5,0
2847,5572,1071,6,0
2858,5572,1075,7,0
1255,5572,1076,8,0
1411,5572,1077,9,0
1654,5572,1078,10,0
1656,5572,1080,11,0
1010,5572,1084,12,0
1011,5572,1085,13,0
1606,5572,1087,14,1
2859,5584,450,1,0
2856,5584,451,2,0
2839,5584,452,3,0
2821,5584,454,4,0
2811,5584,454,5,0
2847,5584,456,6,0
2858,5584,460,7,0
1255,5584,461,8,0
1411,5584,462,9,0
1654,5584,463,10,0
1656,5584,466,11,0
1010,5584,470,12,0
1011,5584,471,13,0
1606,5584,473,14,1
2859,1001,420,1,0
2856,1001,421,2,0
2839,1001,422,3,0
2821,1001,424,4,0
2811,1001,424,5,0
2847,1001,426,6,0
2858,1001,430,7,0
1255,1001,431,8,0
1411,1001,432,9,0
1654,1001,433,10,0
1656,1001,435,11,0
1010,1001,439,12,0
1011,1001,440,13,0
1606,1001,442,14,1
1606,1047,510,1,0
1279,1047,512,2,0
1280,1047,513,3,0
1657,1047,515,4,0
1655,1047,518,5,0
1426,1047,519,6,0
1287,1047,520,7,0
2855,1047,521,8,0
2848,1047,526,9,0
2820,1047,528,10,0
2810,1047,529,11,0
2838,1047,531,12,0
2857,1047,533,13,0
2859,1047,534,14,1
2859,1051,985,1,0
2856,1051,986,2,0
2839,1051,987,3,0
2821,1051,989,4,0
2811,1051,989,5,0
2847,1051,991,6,0
2858,1051,995,7,0
1255,1051,996,8,0
1411,1051,997,9,0
1654,1051,998,10,0
1656,1051,1001,11,0
1010,1051,1005,12,0
1011,1051,1006,13,0
1606,1051,1008,14,1
2859,1040,890,1,0
2856,1040,891,2,0
2839,1040,892,3,0
2821,1040,894,4,0
2811,1040,894,5,0
2847,1040,896,6,0
2858,1040,900,7,0
1255,1040,901,8,0
1411,1040,902,9,0
1654,1040,903,10,0
1656,1040,905,11,0
1010,1040,909,12,0
1011,1040,910,13,0
1606,1040,912,14,1
1606,5379,620,1,0
1279,5379,622,2,0
1280,5379,623,3,0
1657,5379,625,4,0
1655,5379,627,5,0
1426,5379,628,6,0
1287,5379,629,7,0
2855,5379,630,8,0
2848,5379,634,9,0
2820,5379,636,10,0
2810,5379,637,11,0
2838,5379,639,12,0
2857,5379,640,13,0
2859,5379,641,14,1
2859,5194,425,1,0
2856,5194,426,2,0
2839,5194,427,3,0
2821,5194,429,4,0
2811,5194,429,5,0
2847,5194,431,6,0
2858,5194,435,7,0
1255,5194,436,8,0
1411,5194,437,9,0
1654,5194,438,10,0
1656,5194,440,11,0
1010,5194,444,12,0
1011,5194,445,13,0
1606,5194,447,14,1
1606,7967,635,1,0
1279,7967,637,2,0
1280,7967,638,3,0
1657,7967,640,4,0
1655,7967,642,5,0
1426,7967,643,6,0
1287,7967,644,7,0
2855,7967,645,8,0
2848,7967,649,9,0
2820,7967,651,10,0
2810,7967,652,11,0
2838,7967,654,12,0
2857,7967,655,13,0
2859,7967,656,14,1
2859,7916,785,1,0
2856,7916,786,2,0
2839,7916,787,3,0
2821,7916,789,4,0
2811,7916,789,5,0
2847,7916,791,6,0
2858,7916,795,7,0
1255,7916,796,8,0
1411,7916,797,9,0
1654,7916,798,10,0
1656,7916,800,11,0
1010,7916,804,12,0
1011,7916,805,13,0
1606,7916,807,14,1
1606,7869,420,1,0
1279,7869,422,2,0
1280,7869,423,3,0
1657,7869,424,4,0
1655,7869,426,5,0
1426,7869,427,6,0
1287,7869,428,7,0
2855,7869,429,8,0
2848,7869,433,9,0
2820,7869,435,10,0
2810,7869,436,11,0
2838,7869,438,12,0
2857,7869,439,13,0
2859,7869,440,14,1
2859,7687,795,1,0
2856,7687,796,2,0
2839,7687,797,3,0
2821,7687,799,4,0
2811,7687,799,5,0
2847,7687,801,6,0
2858,7687,805,7,0
1255,7687,806,8,0
1411,7687,807,9,0
1654,7687,808,10,0
1656,7687,810,11,0
1010,7687,814,12,0
1011,7687,815,13,0
1606,7687,817,14,1
1606,1993,695,1,0
1279,1993,697,2,0
1280,1993,698,3,0
1657,1993,700,4,0
1655,1993,702,5,0
1426,1993,703,6,0
1287,1993,704,7,0
2855,1993,705,8,0
2848,1993,709,9,0
2820,1993,711,10,0
2810,1993,712,11,0
2838,1993,714,12,0
2857,1993,715,13,0
2859,1993,716,14,1
2859,1924,1160,1,0
2856,1924,1161,2,0
2839,1924,1162,3,0
2821,1924,1164,4,0
2811,1924,1164,5,0
2847,1924,1166,6,0
2858,1924,1170,7,0
1255,1924,1171,8,0
1411,1924,1172,9,0
1654,1924,1173,10,0
1656,1924,1175,11,0
1010,1924,1179,12,0
1011,1924,1180,13,0
1606,1924,1182,14,1
1606,3226,575,1,0
1279,3226,577,2,0
1280,3226,578,3,0
1657,3226,580,4,0
1655,3226,582,5,0
1426,3226,583,6,0
1287,3226,584,7,0
2855,3226,585,8,0
2848,3226,589,9,0
2820,3226,591,10,0
2810,3226,592,11,0
2838,3226,594,12,0
2857,3226,595,13,0
2859,3226,596,14,1
1606,8483,890,1,0
1279,8483,892,2,0
1280,8483,893,3,0
1657,8483,895,4,0
1655,8483,897,5,0
1426,8483,898,6,0
1287,8483,899,7,0
2855,8483,900,8,0
2848,8483,904,9,0
2820,8483,906,10,0
2810,8483,907,11,0
2838,8483,909,12,0
2857,8483,910,13,0
2859,8483,911,14,1
2859,8496,545,1,0
2856,8496,546,2,0
2839,8496,547,3,0
2821,8496,549,4,0
2811,8496,549,5,0
2847,8496,551,6,0
2858,8496,555,7,0
1255,8496,556,8,0
1411,8496,557,9,0
1654,8496,558,10,0
1656,8496,560,11,0
1010,8496,564,12,0
1011,8496,565,13,0
1606,8496,567,14,1
1606,3459,1125,1,0
1279,3459,1127,2,0
1280,3459,1128,3,0
1657,3459,1130,4,0
1655,3459,1133,5,0
1426,3459,1134,6,0
1287,3459,1135,7,0
2855,3459,1136,8,0
2848,3459,1140,9,0
2820,3459,1142,10,0
2810,3459,1143,11,0
2838,3459,1145,12,0
2857,3459,1146,13,0
2859,3459,1147,14,1
2859,3627,1090,1,0
2856,3627,1092,2,0
2839,3627,1093,3,0
2821,3627,1095,4,0
2811,3627,1096,5,0
2847,3627,1098,6,0
2858,3627,1102,7,0
1255,3627,1103,8,0
1411,3627,1104,9,0
1654,3627,1105,10,0
1656,3627,1108,11,0
1010,3627,1112,12,0
1011,3627,1114,13,0
1606,3627,1116,14,1
1606,3727,820,1,0
1279,3727,822,2,0
1280,3727,823,3,0
1657,3727,825,4,0
1655,3727,827,5,0
1426,3727,828,6,0
1287,3727,829,7,0
2855,3727,830,8,0
2848,3727,834,9,0
2820,3727,836,10,0
2810,3727,837,11,0
2838,3727,839,12,0
2857,3727,840,13,0
2859,3727,841,14,1
2859,8027,690,1,0
2856,8027,691,2,0
2839,8027,692,3,0
2821,8027,694,4,0
2811,8027,694,5,0
2847,8027,696,6,0
2858,8027,700,7,0
1255,8027,701,8,0
1411,8027,702,9,0
1654,8027,703,10,0
1656,8027,705,11,0
1010,8027,709,12,0
1011,8027,710,13,0
1606,8027,712,14,1
2859,8075,485,1,0
2856,8075,486,2,0
2839,8075,487,3,0
2821,8075,489,4,0
2811,8075,489,5,0
2847,8075,491,6,0
2858,8075,495,7,0
1255,8075,496,8,0
1411,8075,497,9,0
1654,8075,498,10,0
1656,8075,500,11,0
1010,8075,504,12,0
1011,8075,505,13,0
1606,8075,507,14,1
1606,3936,1090,1,0
1279,3936,1092,2,0
1280,3936,1093,3,0
1657,3936,1095,4,0
1655,3936,1099,5,0
1426,3936,1100,6,0
1287,3936,1102,7,0
2855,3936,1103,8,0
2848,3936,1107,9,0
2820,3936,1109,10,0
2810,3936,1110,11,0
2838,3936,1112,12,0
2857,3936,1114,13,0
2859,3936,1115,14,1
1606,3987,955,1,0
1279,3987,957,2,0
1280,3987,958,3,0
1657,3987,960,4,0
1655,3987,962,5,0
1426,3987,963,6,0
1287,3987,964,7,0
2855,3987,965,8,0
2848,3987,969,9,0
2820,3987,971,10,0
2810,3987,972,11,0
2838,3987,974,12,0
2857,3987,975,13,0
2859,3987,976,14,1
2859,3977,585,1,0
2856,3977,586,2,0
2839,3977,587,3,0
2821,3977,589,4,0
2811,3977,589,5,0
2847,3977,591,6,0
2858,3977,595,7,0
1255,3977,596,8,0
1411,3977,597,9,0
1654,3977,598,10,0
1656,3977,600,11,0
1010,3977,604,12,0
1011,3977,605,13,0
1606,3977,607,14,1
2859,3996,1020,1,0
2856,3996,1022,2,0
2839,3996,1023,3,0
2821,3996,1025,4,0
2811,3996,1026,5,0
2847,3996,1028,6,0
2858,3996,1032,7,0
1255,3996,1033,8,0
1411,3996,1034,9,0
1654,3996,1035,10,0
1656,3996,1038,11,0
1010,3996,1042,12,0
1011,3996,1044,13,0
1606,3996,1046,14,1
1606,6865,960,1,0
1279,6865,962,2,0
1280,6865,963,3,0
1657,6865,965,4,0
1655,6865,967,5,0
1426,6865,968,6,0
1287,6865,969,7,0
2855,6865,970,8,0
2848,6865,974,9,0
2820,6865,976,10,0
2810,6865,977,11,0
2838,6865,979,12,0
2857,6865,980,13,0
2859,6865,981,14,1
1606,8943,920,1,0
1279,8943,922,2,0
1280,8943,923,3,0
1657,8943,925,4,0
1655,8943,927,5,0
1426,8943,928,6,0
1287,8943,929,7,0
2855,8943,930,8,0
2848,8943,934,9,0
2820,8943,936,10,0
2810,8943,937,11,0
2838,8943,939,12,0
2857,8943,940,13,0
2859,8943,941,14,1
2859,6827,995,1,0
2856,6827,996,2,0
2839,6827,997,3,0
2821,6827,999,4,0
2811,6827,999,5,0
2847,6827,1001,6,0
2858,6827,1005,7,0
1255,6827,1006,8,0
1411,6827,1007,9,0
1654,6827,1008,10,0
1656,6827,1010,11,0
1010,6827,1014,12,0
1011,6827,1015,13,0
1606,6827,1017,14,1
2859,8976,655,1,0
2856,8976,656,2,0
2839,8976,657,3,0
2821,8976,659,4,0
2811,8976,659,5,0
2847,8976,661,6,0
2858,8976,665,7,0
1255,8976,666,8,0
1411,8976,667,9,0
1654,8976,668,10,0
1656,8976,670,11,0
1010,8976,674,12,0
1011,8976,675,13,0
1606,8976,677,14,1
1606,4620,1030,1,0
1279,4620,1032,2,0
1280,4620,1033,3,0
1657,4620,1035,4,0
1655,4620,1037,5,0
1426,4620,1038,6,0
1287,4620,1039,7,0
2855,4620,1040,8,0
2848,4620,1044,9,0
2820,4620,1046,10,0
2810,4620,1047,11,0
2838,4620,1049,12,0
2857,4620,1050,13,0
2859,4620,1051,14,1
2859,2860,725,1,0
2856,2860,726,2,0
2839,2860,727,3,0
2821,2860,729,4,0
2811,2860,729,5,0
2847,2860,731,6,0
2858,2860,735,7,0
1255,2860,736,8,0
1411,2860,737,9,0
1654,2860,738,10,0
1656,2860,740,11,0
1010,2860,744,12,0
1011,2860,745,13,0
1606,2860,747,14,1
1606,4505,450,1,0
1279,4505,452,2,0
1280,4505,453,3,0
1657,4505,455,4,0
1655,4505,457,5,0
1426,4505,458,6,0
1287,4505,459,7,0
2855,4505,460,8,0
2848,4505,465,9,0
2820,4505,467,10,0
2810,4505,468,11,0
2838,4505,470,12,0
2857,4505,471,13,0
2859,4505,472,14,1
2859,4586,665,1,0
2856,4586,666,2,0
2839,4586,667,3,0
2821,4586,669,4,0
2811,4586,669,5,0
2847,4586,671,6,0
2858,4586,675,7,0
1255,4586,676,8,0
1411,4586,677,9,0
1654,4586,678,10,0
1656,4586,680,11,0
1010,4586,684,12,0
1011,4586,685,13,0
1606,4586,687,14,1
1606,4846,1195,1,0
1279,4846,1197,2,0
1280,4846,1198,3,0
1657,4846,1199,4,0
1655,4846,1201,5,0
1426,4846,1202,6,0
1287,4846,1203,7,0
2855,4846,1204,8,0
2848,4846,1208,9,0
2820,4846,1210,10,0
2810,4846,1211,11,0
2838,4846,1213,12,0
2857,4846,1214,13,0
2859,4846,1215,14,1
2859,6906,620,1,0
2856,6906,621,2,0
2839,6906,622,3,0
2821,6906,624,4,0
2811,6906,624,5,0
2847,6906,626,6,0
2858,6906,630,7,0
1255,6906,631,8,0
1411,6906,632,9,0
1654,6906,633,10,0
1656,6906,635,11,0
1010,6906,639,12,0
1011,6906,640,13,0
1606,6906,642,14,1
1606,266,790,1,0
1279,266,792,2,0
1280,266,793,3,0
1657,266,795,4,0
1655,266,797,5,0
1426,266,798,6,0
1287,266,799,7,0
2855,266,800,8,0
2848,266,804,9,0
2820,266,806,10,0
2810,266,807,11,0
2838,266,809,12,0
2857,266,810,13,0
2859,266,811,14,1
2859,4269,1030,1,0
2856,4269,1031,2,0
2839,4269,1032,3,0
2821,4269,1034,4,0
2811,4269,1034,5,0
2847,4269,1036,6,0
2858,4269,1040,7,0
1255,4269,1041,8,0
1411,4269,1042,9,0
1654,4269,1043,10,0
1656,4269,1045,11,0
1010,4269,1049,12,0
1011,4269,1050,13,0
1606,4269,1052,14,1
2859,8533,925,1,0
2856,8533,926,2,0
2839,8533,927,3,0
2821,8533,929,4,0
2811,8533,929,5,0
2847,8533,931,6,0
2858,8533,935,7,0
1255,8533,936,8,0
1411,8533,937,9,0
1654,8533,938,10,0
1656,8533,940,11,0
1010,8533,944,12,0
1011,8533,945,13,0
1606,8533,947,14,1
1606,838,1160,1,0
1279,838,1162,2,0
1280,838,1163,3,0
1657,838,1165,4,0
1655,838,1167,5,0
1426,838,1168,6,0
1287,838,1169,7,0
2855,838,1170,8,0
2848,838,1174,9,0
2820,838,1176,10,0
2810,838,1177,11,0
2838,838,1179,12,0
2857,838,1180,13,0
2859,838,1181,14,1
2859,887,480,1,0
2856,887,481,2,0
2839,887,482,3,0
2821,887,484,4,0
2811,887,484,5,0
2847,887,486,6,0
2858,887,490,7,0
1255,887,491,8,0
1411,887,492,9,0
1654,887,493,10,0
1656,887,496,11,0
1010,887,500,12,0
1011,887,502,13,0
1606,887,504,14,1
2859,4191,855,1,0
2856,4191,856,2,0
2839,4191,857,3,0
2821,4191,859,4,0
2811,4191,859,5,0
2847,4191,861,6,0
2858,4191,865,7,0
1255,4191,866,8,0
1411,4191,867,9,0
1654,4191,868,10,0
1656,4191,870,11,0
1010,4191,874,12,0
1011,4191,875,13,0
1606,4191,877,14,1
2859,2352,955,1,0
2856,2352,956,2,0
2839,2352,957,3,0
2821,2352,959,4,0
2811,2352,959,5,0
2847,2352,961,6,0
2858,2352,965,7,0
1255,2352,966,8,0
1411,2352,967,9,0
1654,2352,968,10,0
1656,2352,971,11,0
1010,2352,975,12,0
1011,2352,976,13,0
1606,2352,978,14,1
1606,8708,550,1,0
1279,8708,552,2,0
1280,8708,553,3,0
1657,8708,555,4,0
1655,8708,557,5,0
1426,8708,558,6,0
1287,8708,559,7,0
2855,8708,560,8,0
2848,8708,565,9,0
2820,8708,567,10,0
2810,8708,568,11,0
2838,8708,570,12,0
2857,8708,572,13,0
2859,8708,573,14,1
1606,796,655,1,0
1279,796,657,2,0
1280,796,658,3,0
1657,796,660,4,0
1655,796,662,5,0
1426,796,663,6,0
1287,796,664,7,0
2855,796,665,8,0
2848,796,669,9,0
2820,796,671,10,0
2810,796,672,11,0
2838,796,674,12,0
2857,796,675,13,0
2859,796,676,14,1
2859,2720,1100,1,0
2856,2720,1101,2,0
2839,2720,1102,3,0
2821,2720,1104,4,0
2811,2720,1104,5,0
2847,2720,1106,6,0
2858,2720,1110,7,0
1255,2720,1111,8,0
1411,2720,1112,9,0
1654,2720,1113,10,0
1656,2720,1115,11,0
1010,2720,1119,12,0
1011,2720,1120,13,0
1606,2720,1122,14,1
1606,2682,515,1,0
1279,2682,517,2,0
1280,2682,518,3,0
1657,2682,520,4,0
1655,2682,522,5,0
1426,2682,523,6,0
1287,2682,524,7,0
2855,2682,525,8,0
2848,2682,529,9,0
2820,2682,531,10,0
2810,2682,532,11,0
2838,2682,534,12,0
2857,2682,535,13,0
2859,2682,536,14,1
2859,8770,820,1,0
2856,8770,821,2,0
2839,8770,822,3,0
2821,8770,824,4,0
2811,8770,824,5,0
2847,8770,826,6,0
2858,8770,830,7,0
1255,8770,831,8,0
1411,8770,832,9,0
1654,8770,833,10,0
1656,8770,835,11,0
1010,8770,839,12,0
1011,8770,840,13,0
1606,8770,842,14,1
1606,8877,1130,1,0
1279,8877,1132,2,0
1280,8877,1133,3,0
1657,8877,1135,4,0
1655,8877,1137,5,0
1426,8877,1138,6,0
1287,8877,1139,7,0
2855,8877,1140,8,0
2848,8877,1144,9,0
2820,8877,1146,10,0
2810,8877,1147,11,0
2838,8877,1149,12,0
2857,8877,1150,13,0
2859,8877,1151,14,1
1606,8808,1195,1,0
1279,8808,1197,2,0
1280,8808,1198,3,0
1657,8808,1200,4,0
1655,8808,1202,5,0
1426,8808,1203,6,0
1287,8808,1204,7,0
2855,8808,1205,8,0
2848,8808,1209,9,0
2820,8808,1211,10,0
2810,8808,1212,11,0
2838,8808,1214,12,0
2857,8808,1215,13,0
2859,8808,1216,14,1
2859,2636,1190,1,0
2856,2636,1191,2,0
2839,2636,1192,3,0
2821,2636,1194,4,0
2811,2636,1194,5,0
2847,2636,1196,6,0
2858,2636,1200,7,0
1255,2636,1201,8,0
1411,2636,1202,9,0
1654,2636,1203,10,0
1656,2636,1205,11,0
1010,2636,1209,12,0
1011,2636,1210,13,0
1606,2636,1212,14,1
2859,2593,960,1,0
2856,2593,961,2,0
2839,2593,962,3,0
2821,2593,964,4,0
2811,2593,964,5,0
2847,2593,966,6,0
2858,2593,970,7,0
1255,2593,971,8,0
1411,2593,972,9,0
1654,2593,973,10,0
1656,2593,975,11,0
1010,2593,979,12,0
1011,2593,980,13,0
1606,2593,982,14,1
2859,4365,1220,1,0
2856,4365,1221,2,0
2839,4365,1222,3,0
2821,4365,1224,4,0
2811,4365,1224,5,0
2847,4365,1226,6,0
2858,4365,1230,7,0
1255,4365,1231,8,0
1411,4365,1232,9,0
1654,4365,1233,10,0
1656,4365,1235,11,0
1010,4365,1239,12,0
1011,4365,1240,13,0
1606,4365,1242,14,1
2859,8893,825,1,0
2856,8893,826,2,0
2839,8893,827,3,0
2821,8893,829,4,0
2811,8893,829,5,0
2847,8893,831,6,0
2858,8893,835,7,0
1255,8893,836,8,0
1411,8893,837,9,0
1654,8893,838,10,0
1656,8893,840,11,0
1010,8893,844,12,0
1011,8893,845,13,0
1606,8893,847,14,1
2859,6078,1055,1,0
2856,6078,1057,2,0
2839,6078,1058,3,0
2821,6078,1060,4,0
2811,6078,1061,5,0
2847,6078,1063,6,0
2858,6078,1067,7,0
1255,6078,1068,8,0
1411,6078,1069,9,0
1654,6078,1070,10,0
1656,6078,1073,11,0
1010,6078,1077,12,0
1011,6078,1079,13,0
1606,6078,1081,14,1
2859,6121,390,1,0
2856,6121,391,2,0
2839,6121,392,3,0
2821,6121,394,4,0
2811,6121,394,5,0
2847,6121,396,6,0
2858,6121,400,7,0
1255,6121,401,8,0
1411,6121,402,9,0
1654,6121,403,10,0
1656,6121,405,11,0
1010,6121,409,12,0
1011,6121,410,13,0
1606,6121,412,14,1
1606,6372,825,1,0
1279,6372,827,2,0
1280,6372,828,3,0
1657,6372,830,4,0
1655,6372,832,5,0
1426,6372,833,6,0
1287,6372,834,7,0
2855,6372,835,8,0
2848,6372,839,9,0
2820,6372,841,10,0
2810,6372,842,11,0
2838,6372,844,12,0
2857,6372,845,13,0
2859,6372,846,14,1
1606,6616,1095,1,0
1279,6616,1097,2,0
1280,6616,1098,3,0
1657,6616,1100,4,0
1655,6616,1102,5,0
1426,6616,1103,6,0
1287,6616,1104,7,0
2855,6616,1105,8,0
2848,6616,1109,9,0
2820,6616,1111,10,0
2810,6616,1112,11,0
2838,6616,1114,12,0
2857,6616,1115,13,0
2859,6616,1116,14,1
1606,6689,1160,1,0
1279,6689,1162,2,0
1280,6689,1163,3,0
1657,6689,1164,4,0
1655,6689,1166,5,0
1426,6689,1167,6,0
1287,6689,1168,7,0
2855,6689,1169,8,0
2848,6689,1173,9,0
2820,6689,1175,10,0
2810,6689,1176,11,0
2838,6689,1178,12,0
2857,6689,1179,13,0
2859,6689,1180,14,1
1606,6518,1245,1,0
1279,6518,1247,2,0
1280,6518,1248,3,0
1657,6518,1249,4,0
1655,6518,1251,5,0
1426,6518,1252,6,0
1287,6518,1253,7,0
2855,6518,1254,8,0
2848,6518,1258,9,0
2820,6518,1260,10,0
2810,6518,1261,11,0
2838,6518,1263,12,0
2857,6518,1264,13,0
2859,6518,1265,14,1
