arret_id,trajet_id,heure_depart,stop_sequence,terminus
lysevig1,89,1075,1,0
piscces2,89,1076,2,0
stetien2,89,1079,3,0
patismo4,89,1084,4,0
curi2,89,1086,5,0
landthf,89,1088,6,0
mathori1,89,1091,7,0
anbretf1,89,1091,8,0
bocage1,89,1092,9,0
juteaud1,89,1094,10,0
fouilla1,89,1096,11,0
portail1,89,1097,12,0
victoir1,89,1100,13,0
chavaux1,89,1102,14,1
lysevig1,2037,505,1,0
piscces2,2037,506,2,0
stetien2,2037,509,3,0
patismo4,2037,514,4,0
mathori1,2037,517,5,0
anbretf1,2037,518,6,0
bocage1,2037,519,7,0
juteaud1,2037,520,8,0
fouilla1,2037,522,9,0
portail1,2037,523,10,1
portail2,6834,570,1,0
fouilla2,6834,571,2,0
juteaud2,6834,572,3,0
bocage2,6834,574,4,0
anbretf2,6834,575,5,0
mathori2,6834,575,6,0
landthf,6834,578,7,0
curi1,6834,580,8,0
patismo3,6834,582,9,0
stetien3,6834,586,10,0
piscces1,6834,589,11,0
lysevig1,6834,590,12,1
lysevig1,4659,905,1,0
piscces2,4659,906,2,0
stetien2,4659,909,3,0
patismo4,4659,914,4,0
curi2,4659,916,5,0
landthf,4659,918,6,0
mathori1,4659,921,7,0
anbretf1,4659,921,8,0
bocage1,4659,922,9,0
juteaud1,4659,924,10,0
fouilla1,4659,926,11,0
portail1,4659,927,12,1
colbour2,4956,760,1,0
piscces2,4956,761,2,0
stetien2,4956,764,3,0
patismo4,4956,769,4,0
curi2,4956,771,5,0
landthf,4956,773,6,0
mathori1,4956,776,7,0
anbretf1,4956,776,8,0
bocage1,4956,777,9,0
juteaud1,4956,779,10,0
fouilla1,4956,781,11,0
portail1,4956,782,12,0
victoir1,4956,785,13,0
chavaux1,4956,787,14,1
chavaux2,1685,1043,1,0
victoir2,1685,1045,2,0
portail2,1685,1048,3,0
fouilla2,1685,1049,4,0
juteaud2,1685,1050,5,0
bocage2,1685,1052,6,0
anbretf2,1685,1053,7,0
mathori2,1685,1053,8,0
patismo3,1685,1056,9,0
stetien3,1685,1060,10,0
piscces1,1685,1063,11,0
lysevig1,1685,1064,12,1
portail2,5976,930,1,0
fouilla2,5976,931,2,0
juteaud2,5976,932,3,0
bocage2,5976,934,4,0
anbretf2,5976,935,5,0
mathori2,5976,935,6,0
patismo3,5976,938,7,0
stetien3,5976,942,8,0
piscces1,5976,945,9,0
lysevig1,5976,946,10,1
lysevig1,5824,1055,1,0
piscces2,5824,1056,2,0
stetien2,5824,1059,3,0
patismo4,5824,1064,4,0
curi2,5824,1066,5,0
landthf,5824,1068,6,0
mathori1,5824,1071,7,0
anbretf1,5824,1071,8,0
bocage1,5824,1072,9,0
juteaud1,5824,1074,10,0
fouilla1,5824,1076,11,0
portail1,5824,1077,12,1
chavaux2,2721,470,1,0
victoir2,2721,472,2,0
portail2,2721,475,3,0
fouilla2,2721,476,4,0
juteaud2,2721,478,5,0
bocage2,2721,481,6,0
anbretf2,2721,482,7,0
mathori2,2721,483,8,0
patismo3,2721,486,9,0
stetien3,2721,491,10,0
piscces1,2721,496,11,0
lysevig1,2721,497,12,1
landthf,642,484,1,0
curi1,642,486,2,0
patismo3,642,489,3,0
stetien3,642,494,4,0
piscces1,642,497,5,0
lysevig1,642,498,6,1
portail2,2563,980,1,0
fouilla2,2563,981,2,0
juteaud2,2563,982,3,0
bocage2,2563,984,4,0
anbretf2,2563,985,5,0
mathori2,2563,985,6,0
patismo3,2563,988,7,0
stetien3,2563,992,8,0
piscces1,2563,995,9,0
lysevig1,2563,996,10,1
portail2,1046,540,1,0
fouilla2,1046,541,2,0
juteaud2,1046,542,3,0
bocage2,1046,544,4,0
anbretf2,1046,545,5,0
mathori2,1046,545,6,0
landthf,1046,548,7,0
curi1,1046,550,8,0
patismo3,1046,552,9,0
stetien3,1046,556,10,0
piscces1,1046,559,11,0
lysevig1,1046,560,12,1
lysevig1,4091,955,1,0
piscces2,4091,956,2,0
stetien2,4091,959,3,0
patismo4,4091,964,4,0
curi2,4091,966,5,0
landthf,4091,968,6,0
mathori1,4091,971,7,0
anbretf1,4091,971,8,0
bocage1,4091,972,9,0
juteaud1,4091,974,10,0
fouilla1,4091,976,11,0
portail1,4091,977,12,1
colbour2,4061,1020,1,0
piscces2,4061,1021,2,0
stetien2,4061,1024,3,0
patismo4,4061,1029,4,0
mathori1,4061,1032,5,0
anbretf1,4061,1033,6,0
bocage1,4061,1034,7,0
juteaud1,4061,1035,8,0
fouilla1,4061,1037,9,0
portail1,4061,1038,10,0
victoir1,4061,1041,11,0
chavaux1,4061,1043,12,1
lysevig1,5034,710,1,0
piscces2,5034,711,2,0
stetien2,5034,714,3,0
patismo4,5034,719,4,0
curi2,5034,721,5,0
landthf,5034,723,6,0
mathori1,5034,726,7,0
anbretf1,5034,726,8,0
bocage1,5034,727,9,0
juteaud1,5034,729,10,0
fouilla1,5034,731,11,0
portail1,5034,732,12,1
colbour2,6440,1021,1,0
piscces2,6440,1022,2,0
stetien2,6440,1025,3,0
patismo4,6440,1030,4,0
curi2,6440,1032,5,0
landthf,6440,1034,6,1
