arret_id,trajet_id,heure_depart,stop_sequence,terminus
2601,23,1250,1,0
2602,23,1251,2,0
2629,23,1253,3,0
2604,23,1254,4,0
2617,23,1255,5,0
2606,23,1256,6,0
2607,23,1257,7,0
2608,23,1259,8,0
2609,23,1261,9,0
2610,23,1262,10,0
2611,23,1263,11,0
3024,23,1264,12,0
1649,23,1268,13,1
2601,85,870,1,0
2602,85,872,2,0
2629,85,873,3,0
2604,85,875,4,0
2617,85,876,5,0
2606,85,877,6,0
2607,85,878,7,0
2608,85,880,8,0
2609,85,882,9,0
2610,85,883,10,0
2611,85,884,11,0
3024,85,885,12,0
1649,85,889,13,1
2601,44,1095,1,0
2602,44,1097,2,0
2629,44,1098,3,0
2604,44,1100,4,0
2617,44,1101,5,0
2606,44,1102,6,0
2607,44,1103,7,0
2608,44,1105,8,0
2609,44,1107,9,0
2610,44,1109,10,0
2611,44,1110,11,0
3024,44,1111,12,0
1649,44,1115,13,1
2601,7089,900,1,0
2602,7089,902,2,0
2629,7089,903,3,0
2604,7089,905,4,0
2617,7089,906,5,0
2606,7089,907,6,0
2607,7089,908,7,0
2608,7089,910,8,0
2609,7089,912,9,0
2610,7089,913,10,0
2611,7089,914,11,0
3024,7089,915,12,0
1649,7089,920,13,1
1649,10063,945,1,0
3025,10063,950,2,0
2612,10063,951,3,0
2613,10063,952,4,0
2614,10063,953,5,0
2615,10063,955,6,0
2616,10063,957,7,0
2637,10063,958,8,0
2605,10063,960,9,0
2618,10063,961,10,0
2634,10063,962,11,0
2620,10063,963,12,0
2621,10063,964,13,0
2601,10063,965,14,1
1090,2106,1535,1,0
1649,2106,1545,2,0
3025,2106,1548,3,0
2612,2106,1549,4,0
2613,2106,1550,5,0
2614,2106,1551,6,0
2615,2106,1553,7,0
2616,2106,1555,8,0
2637,2106,1556,9,0
2605,2106,1557,10,0
2618,2106,1558,11,0
2634,2106,1559,12,0
2620,2106,1560,13,0
2621,2106,1560,14,0
2601,2106,1561,15,0
2633,2106,1563,16,0
2632,2106,1564,17,0
3406,2106,1569,18,0
3407,2106,1571,19,0
3409,2106,1571,20,0
3403,2106,1572,21,0
3402,2106,1573,22,0
3401,2106,1574,23,0
4551,2106,1584,24,0
4555,2106,1585,25,0
4554,2106,1585,26,0
3817,2106,1588,27,0
4108,2106,1591,28,0
4109,2106,1591,29,0
4110,2106,1592,30,0
4111,2106,1593,31,0
4112,2106,1594,32,1
2601,2127,925,1,0
2602,2127,927,2,0
2629,2127,928,3,0
2604,2127,930,4,0
2617,2127,931,5,0
2606,2127,932,6,0
2607,2127,933,7,0
2608,2127,935,8,0
2609,2127,937,9,0
2610,2127,938,10,0
2611,2127,939,11,0
3024,2127,940,12,0
1649,2127,945,13,1
1649,2168,1235,1,0
3025,2168,1238,2,0
2612,2168,1239,3,0
2613,2168,1240,4,0
2614,2168,1241,5,0
2615,2168,1243,6,0
2616,2168,1245,7,0
2637,2168,1246,8,0
2605,2168,1247,9,0
2618,2168,1248,10,0
2634,2168,1249,11,0
2620,2168,1250,12,0
2621,2168,1250,13,0
2601,2168,1251,14,0
2633,2168,1254,15,0
2632,2168,1255,16,0
3406,2168,1260,17,0
3407,2168,1262,18,0
3409,2168,1263,19,0
3403,2168,1263,20,0
3402,2168,1265,21,0
3401,2168,1266,22,0
4551,2168,1274,23,0
4555,2168,1275,24,0
4554,2168,1275,25,0
3817,2168,1277,26,0
4108,2168,1279,27,0
4109,2168,1279,28,0
4110,2168,1280,29,0
4111,2168,1281,30,0
4112,2168,1282,31,1
1649,2177,775,1,0
3025,2177,778,2,0
2612,2177,779,3,0
2613,2177,780,4,0
2614,2177,781,5,0
2615,2177,783,6,0
2616,2177,785,7,0
2637,2177,786,8,0
2605,2177,787,9,0
2618,2177,788,10,0
2634,2177,789,11,0
2620,2177,790,12,0
2621,2177,791,13,0
2601,2177,792,14,1
1649,9781,565,1,0
3025,9781,568,2,0
2612,9781,569,3,0
2613,9781,570,4,0
2614,9781,571,5,0
2615,9781,573,6,0
2616,9781,575,7,0
2637,9781,576,8,0
2605,9781,577,9,0
2618,9781,578,10,0
2634,9781,579,11,0
2620,9781,580,12,0
2621,9781,581,13,0
2601,9781,582,14,1
1649,10142,820,1,0
3025,10142,824,2,0
2612,10142,825,3,0
2613,10142,826,4,0
2614,10142,827,5,0
2615,10142,829,6,0
2616,10142,831,7,0
2637,10142,832,8,0
2605,10142,833,9,0
2618,10142,834,10,0
2634,10142,835,11,0
2620,10142,836,12,0
2621,10142,837,13,0
2601,10142,838,14,1
1649,2202,565,1,0
3025,2202,569,2,0
2612,2202,570,3,0
2613,2202,571,4,0
2614,2202,572,5,0
2615,2202,574,6,0
2616,2202,575,7,0
2637,2202,576,8,0
2605,2202,577,9,0
2618,2202,578,10,0
2634,2202,579,11,0
2620,2202,580,12,0
2621,2202,581,13,0
2601,2202,582,14,1
1649,2262,870,1,0
3025,2262,874,2,0
2612,2262,875,3,0
2613,2262,876,4,0
2614,2262,877,5,0
2615,2262,879,6,0
2616,2262,881,7,0
2637,2262,882,8,0
2605,2262,883,9,0
2618,2262,884,10,0
2634,2262,885,11,0
2620,2262,886,12,0
2621,2262,887,13,0
2601,2262,888,14,1
2601,2283,630,1,0
2602,2283,632,2,0
2629,2283,633,3,0
2604,2283,635,4,0
2617,2283,637,5,0
2606,2283,638,6,0
2607,2283,639,7,0
2608,2283,641,8,0
2609,2283,643,9,0
2610,2283,644,10,0
2611,2283,645,11,0
3024,2283,646,12,0
1649,2283,650,13,1
2601,2011,1075,1,0
2602,2011,1077,2,0
2629,2011,1078,3,0
2604,2011,1080,4,0
2617,2011,1081,5,0
2606,2011,1082,6,0
2607,2011,1083,7,0
2608,2011,1085,8,0
2609,2011,1087,9,0
2610,2011,1089,10,0
2611,2011,1090,11,0
3024,2011,1091,12,0
1649,2011,1096,13,1
1649,9462,765,1,0
3025,9462,769,2,0
2612,9462,770,3,0
2613,9462,771,4,0
2614,9462,773,5,0
2615,9462,775,6,0
2616,9462,778,7,0
2637,9462,779,8,0
2605,9462,780,9,0
2618,9462,781,10,0
2634,9462,782,11,0
2620,9462,783,12,0
2621,9462,784,13,0
2601,9462,785,14,1
2601,2098,1030,1,0
2602,2098,1032,2,0
2629,2098,1033,3,0
2604,2098,1035,4,0
2617,2098,1036,5,0
2606,2098,1037,6,0
2607,2098,1038,7,0
2608,2098,1040,8,0
2609,2098,1042,9,0
2610,2098,1044,10,0
2611,2098,1045,11,0
3024,2098,1046,12,0
1649,2098,1051,13,1
1649,9428,985,1,0
3025,9428,990,2,0
2612,9428,991,3,0
2613,9428,992,4,0
2614,9428,994,5,0
2615,9428,996,6,0
2616,9428,998,7,0
2637,9428,999,8,0
2605,9428,1001,9,0
2618,9428,1002,10,0
2634,9428,1003,11,0
2620,9428,1004,12,0
2621,9428,1005,13,0
2601,9428,1006,14,1
2601,2055,825,1,0
2602,2055,827,2,0
2629,2055,828,3,0
2604,2055,830,4,0
2617,2055,831,5,0
2606,2055,832,6,0
2607,2055,833,7,0
2608,2055,835,8,0
2609,2055,837,9,0
2610,2055,838,10,0
2611,2055,839,11,0
3024,2055,840,12,0
1649,2055,844,13,1
1649,9219,420,1,0
3025,9219,425,2,0
2612,9219,426,3,0
2613,9219,427,4,0
2614,9219,428,5,0
2615,9219,430,6,0
2616,9219,432,7,0
2637,9219,433,8,0
2605,9219,434,9,0
2618,9219,435,10,0
2634,9219,436,11,0
2620,9219,437,12,0
2621,9219,438,13,0
2601,9219,439,14,1
2601,9125,920,1,0
2602,9125,922,2,0
2629,9125,923,3,0
2604,9125,925,4,0
2617,9125,926,5,0
2606,9125,927,6,0
2607,9125,928,7,0
2608,9125,930,8,0
2609,9125,932,9,0
2610,9125,933,10,0
2611,9125,934,11,0
3024,9125,935,12,0
1649,9125,940,13,1
2601,9088,1050,1,0
2602,9088,1052,2,0
2629,9088,1053,3,0
2604,9088,1055,4,0
2617,9088,1056,5,0
2606,9088,1057,6,0
2607,9088,1058,7,0
2608,9088,1060,8,0
2609,9088,1062,9,0
2610,9088,1063,10,0
2611,9088,1064,11,0
3024,9088,1065,12,0
1649,9088,1069,13,1
1649,9052,370,1,0
3025,9052,373,2,0
2612,9052,374,3,0
2613,9052,375,4,0
2614,9052,376,5,0
2615,9052,378,6,0
2616,9052,380,7,0
2637,9052,381,8,0
2605,9052,382,9,0
2618,9052,383,10,0
2634,9052,384,11,0
2620,9052,385,12,0
2621,9052,386,13,0
2601,9052,387,14,1
2601,9010,460,1,0
2602,9010,462,2,0
2629,9010,463,3,0
2604,9010,465,4,0
2617,9010,467,5,0
2606,9010,469,6,0
2607,9010,469,7,0
2608,9010,472,8,0
2609,9010,474,9,0
2610,9010,476,10,0
2611,9010,477,11,0
3024,9010,479,12,0
1649,9010,484,13,1
1649,1702,385,1,0
3025,1702,388,2,0
2612,1702,389,3,0
2613,1702,390,4,0
2614,1702,391,5,0
2615,1702,393,6,0
2616,1702,395,7,0
2637,1702,396,8,0
2605,1702,397,9,0
2618,1702,398,10,0
2634,1702,399,11,0
2620,1702,400,12,0
2621,1702,401,13,0
2601,1702,402,14,1
1649,1752,520,1,0
3025,1752,523,2,0
2612,1752,524,3,0
2613,1752,525,4,0
2614,1752,526,5,0
2615,1752,528,6,0
2616,1752,530,7,0
2637,1752,531,8,0
2605,1752,532,9,0
2618,1752,533,10,0
2634,1752,534,11,0
2620,1752,535,12,0
2621,1752,536,13,0
2601,1752,537,14,1
1649,1744,1100,1,0
3025,1744,1104,2,0
2612,1744,1105,3,0
2613,1744,1106,4,0
2614,1744,1107,5,0
2615,1744,1109,6,0
2616,1744,1111,7,0
2637,1744,1112,8,0
2605,1744,1113,9,0
2618,1744,1114,10,0
2634,1744,1115,11,0
2620,1744,1116,12,0
2621,1744,1117,13,0
2601,1744,1118,14,1
1649,5933,1155,1,0
3025,5933,1158,2,0
2612,5933,1159,3,0
2613,5933,1160,4,0
2614,5933,1161,5,0
2615,5933,1163,6,0
2616,5933,1165,7,0
2637,5933,1166,8,0
2605,5933,1167,9,0
2618,5933,1168,10,0
2634,5933,1169,11,0
2620,5933,1170,12,0
2621,5933,1170,13,0
2601,5933,1171,14,0
2628,5933,1172,15,0
4553,5933,1175,16,0
4552,5933,1176,17,0
4551,5933,1177,18,0
3817,5933,1181,19,0
4108,5933,1185,20,0
4109,5933,1185,21,0
4110,5933,1186,22,0
4111,5933,1187,23,0
4112,5933,1188,24,1
1649,1471,1250,1,0
3025,1471,1253,2,0
2612,1471,1254,3,0
2613,1471,1255,4,0
2614,1471,1256,5,0
2615,1471,1258,6,0
2616,1471,1260,7,0
2637,1471,1261,8,0
2605,1471,1262,9,0
2618,1471,1263,10,0
2634,1471,1264,11,0
2620,1471,1265,12,0
2621,1471,1265,13,0
2601,1471,1266,14,1
2601,5874,945,1,0
2602,5874,947,2,0
2629,5874,948,3,0
2604,5874,950,4,0
2617,5874,951,5,0
2606,5874,952,6,0
2607,5874,953,7,0
2608,5874,955,8,0
2609,5874,957,9,0
2610,5874,958,10,0
2611,5874,959,11,0
3024,5874,960,12,0
1649,5874,965,13,1
1649,1381,475,1,0
3025,1381,480,2,0
2612,1381,482,3,0
2613,1381,483,4,0
2614,1381,484,5,0
2615,1381,486,6,0
2616,1381,488,7,0
2637,1381,489,8,0
2605,1381,490,9,0
2618,1381,491,10,0
2634,1381,492,11,0
2620,1381,493,12,0
2621,1381,494,13,0
2601,1381,495,14,1
1649,1334,895,1,0
3025,1334,899,2,0
2612,1334,900,3,0
2613,1334,901,4,0
2614,1334,902,5,0
2615,1334,904,6,0
2616,1334,906,7,0
2637,1334,907,8,0
2605,1334,908,9,0
2618,1334,909,10,0
2634,1334,910,11,0
2620,1334,911,12,0
2621,1334,912,13,0
2601,1334,913,14,1
1649,1370,800,1,0
3025,1370,803,2,0
2612,1370,804,3,0
2613,1370,805,4,0
2614,1370,806,5,0
2615,1370,808,6,0
2616,1370,810,7,0
2637,1370,811,8,0
2605,1370,812,9,0
2618,1370,813,10,0
2634,1370,814,11,0
2620,1370,815,12,0
2621,1370,816,13,0
2601,1370,817,14,1
1649,5624,900,1,0
3025,5624,903,2,0
2612,5624,904,3,0
2613,5624,905,4,0
2614,5624,906,5,0
2615,5624,908,6,0
2616,5624,910,7,0
2637,5624,911,8,0
2605,5624,912,9,0
2618,5624,913,10,0
2634,5624,914,11,0
2620,5624,915,12,0
2621,5624,915,13,0
2601,5624,916,14,0
2628,5624,917,15,0
4553,5624,920,16,0
4552,5624,921,17,0
4551,5624,922,18,0
3817,5624,926,19,0
4108,5624,929,20,0
4109,5624,929,21,0
4110,5624,930,22,0
4111,5624,931,23,0
4112,5624,932,24,1
1090,1268,1440,1,0
1649,1268,1450,2,0
3025,1268,1453,3,0
2612,1268,1454,4,0
2613,1268,1455,5,0
2614,1268,1456,6,0
2615,1268,1457,7,0
2616,1268,1459,8,0
2637,1268,1460,9,0
2605,1268,1461,10,0
2618,1268,1462,11,0
2634,1268,1463,12,0
2620,1268,1464,13,0
2621,1268,1464,14,0
2601,1268,1465,15,0
2633,1268,1467,16,0
2632,1268,1468,17,0
3406,1268,1473,18,0
3407,1268,1475,19,0
3409,1268,1475,20,0
3403,1268,1476,21,0
3402,1268,1477,22,0
3401,1268,1478,23,0
4551,1268,1488,24,0
4555,1268,1489,25,0
4554,1268,1489,26,0
3817,1268,1492,27,0
4108,1268,1495,28,0
4109,1268,1495,29,0
4110,1268,1496,30,0
4111,1268,1497,31,0
4112,1268,1498,32,1
2601,9850,450,1,0
2602,9850,451,2,0
2629,9850,453,3,0
2604,9850,454,4,0
2617,9850,455,5,0
2606,9850,456,6,0
2607,9850,456,7,0
2608,9850,458,8,0
2609,9850,460,9,0
2610,9850,461,10,0
2611,9850,462,11,0
3024,9850,463,12,0
1649,9850,467,13,1
2601,9837,540,1,0
2602,9837,542,2,0
2629,9837,543,3,0
2604,9837,545,4,0
2617,9837,546,5,0
2606,9837,547,6,0
2607,9837,547,7,0
2608,9837,549,8,0
2609,9837,551,9,0
2610,9837,552,10,0
2611,9837,553,11,0
3024,9837,554,12,0
1649,9837,558,13,1
1649,9884,405,1,0
3025,9884,409,2,0
2612,9884,410,3,0
2613,9884,411,4,0
2614,9884,412,5,0
2615,9884,414,6,0
2616,9884,416,7,0
2637,9884,417,8,0
2605,9884,418,9,0
2618,9884,419,10,0
2634,9884,420,11,0
2620,9884,421,12,0
2621,9884,422,13,0
2601,9884,423,14,1
1649,1105,1175,1,0
3025,1105,1178,2,0
2612,1105,1179,3,0
2613,1105,1180,4,0
2614,1105,1181,5,0
2615,1105,1183,6,0
2616,1105,1185,7,0
2637,1105,1186,8,0
2605,1105,1187,9,0
2618,1105,1188,10,0
2634,1105,1189,11,0
2620,1105,1190,12,0
2621,1105,1191,13,0
2601,1105,1192,14,1
2601,5556,365,1,0
2602,5556,366,2,0
2629,5556,368,3,0
2604,5556,369,4,0
2617,5556,370,5,0
2606,5556,371,6,0
2607,5556,372,7,0
2608,5556,374,8,0
2609,5556,375,9,0
2610,5556,376,10,0
2611,5556,377,11,0
3024,5556,378,12,0
1649,5556,382,13,1
1649,1131,845,1,0
3025,1131,849,2,0
2612,1131,850,3,0
2613,1131,851,4,0
2614,1131,852,5,0
2615,1131,854,6,0
2616,1131,856,7,0
2637,1131,857,8,0
2605,1131,858,9,0
2618,1131,859,10,0
2634,1131,860,11,0
2620,1131,861,12,0
2621,1131,862,13,0
2601,1131,863,14,1
1649,5589,975,1,0
3025,5589,979,2,0
2612,5589,980,3,0
2613,5589,981,4,0
2614,5589,982,5,0
2615,5589,984,6,0
2616,5589,986,7,0
2637,5589,987,8,0
2605,5589,988,9,0
2618,5589,989,10,0
2634,5589,990,11,0
2620,5589,991,12,0
2621,5589,992,13,0
2601,5589,993,14,1
1649,5596,970,1,0
3025,5596,975,2,0
2612,5596,976,3,0
2613,5596,977,4,0
2614,5596,978,5,0
2615,5596,980,6,0
2616,5596,982,7,0
2637,5596,983,8,0
2605,5596,985,9,0
2618,5596,986,10,0
2634,5596,987,11,0
2620,5596,988,12,0
2621,5596,989,13,0
2601,5596,990,14,1
1649,1173,745,1,0
3025,1173,748,2,0
2612,1173,749,3,0
2613,1173,750,4,0
2614,1173,751,5,0
2615,1173,753,6,0
2616,1173,755,7,0
2637,1173,756,8,0
2605,1173,757,9,0
2618,1173,758,10,0
2634,1173,759,11,0
2620,1173,760,12,0
2621,1173,761,13,0
2601,1173,762,14,1
1649,9939,950,1,0
3025,9939,954,2,0
2612,9939,955,3,0
2613,9939,956,4,0
2614,9939,957,5,0
2615,9939,959,6,0
2616,9939,961,7,0
2637,9939,962,8,0
2605,9939,963,9,0
2618,9939,964,10,0
2634,9939,965,11,0
2620,9939,966,12,0
2621,9939,967,13,0
2601,9939,968,14,1
1649,5442,745,1,0
3025,5442,749,2,0
2612,5442,750,3,0
2613,5442,751,4,0
2614,5442,753,5,0
2615,5442,755,6,0
2616,5442,757,7,0
2637,5442,758,8,0
2605,5442,759,9,0
2618,5442,760,10,0
2634,5442,761,11,0
2620,5442,762,12,0
2621,5442,763,13,0
2601,5442,764,14,1
2601,5475,1025,1,0
2602,5475,1027,2,0
2629,5475,1028,3,0
2604,5475,1030,4,0
2617,5475,1031,5,0
2606,5475,1032,6,0
2607,5475,1033,7,0
2608,5475,1035,8,0
2609,5475,1037,9,0
2610,5475,1038,10,0
2611,5475,1039,11,0
3024,5475,1040,12,0
1649,5475,1044,13,1
2601,7594,500,1,0
2602,7594,502,2,0
2629,7594,503,3,0
2604,7594,505,4,0
2617,7594,507,5,0
2606,7594,509,6,0
2607,7594,509,7,0
2608,7594,512,8,0
2609,7594,514,9,0
2610,7594,515,10,0
2611,7594,516,11,0
3024,7594,517,12,0
1649,7594,522,13,1
4101,7513,1195,1,0
4102,7513,1196,2,0
4103,7513,1197,3,0
4104,7513,1198,4,0
4105,7513,1198,5,0
3816,7513,1202,6,0
4551,7513,1206,7,0
4555,7513,1207,8,0
4554,7513,1207,9,0
2627,7513,1210,10,0
2601,7513,1211,11,0
2602,7513,1212,12,0
2629,7513,1213,13,0
2604,7513,1214,14,0
2617,7513,1215,15,0
2606,7513,1217,16,0
2607,7513,1217,17,0
2608,7513,1220,18,0
2609,7513,1221,19,0
2610,7513,1222,20,0
2611,7513,1223,21,0
3024,7513,1224,22,0
1649,7513,1228,23,1
1649,5243,755,1,0
3025,5243,759,2,0
2612,5243,760,3,0
2613,5243,761,4,0
2614,5243,763,5,0
2615,5243,765,6,0
2616,5243,768,7,0
2637,5243,769,8,0
2605,5243,770,9,0
2618,5243,771,10,0
2634,5243,772,11,0
2620,5243,773,12,0
2621,5243,774,13,0
2601,5243,775,14,1
2601,7449,875,1,0
2602,7449,877,2,0
2629,7449,878,3,0
2604,7449,880,4,0
2617,7449,881,5,0
2606,7449,882,6,0
2607,7449,883,7,0
2608,7449,885,8,0
2609,7449,887,9,0
2610,7449,888,10,0
2611,7449,889,11,0
3024,7449,890,12,0
1649,7449,894,13,1
2601,7415,445,1,0
2602,7415,447,2,0
2629,7415,448,3,0
2604,7415,450,4,0
2617,7415,452,5,0
2606,7415,454,6,0
2607,7415,454,7,0
2608,7415,457,8,0
2609,7415,459,9,0
2610,7415,460,10,0
2611,7415,461,11,0
3024,7415,463,12,0
1649,7415,468,13,1
2601,5297,480,1,0
2602,5297,482,2,0
2629,5297,483,3,0
2604,5297,485,4,0
2617,5297,487,5,0
2606,5297,489,6,0
2607,5297,489,7,0
2608,5297,492,8,0
2609,5297,494,9,0
2610,5297,496,10,0
2611,5297,497,11,0
3024,5297,499,12,0
1649,5297,504,13,1
2601,7265,1135,1,0
2602,7265,1137,2,0
2629,7265,1138,3,0
2604,7265,1140,4,0
2617,7265,1141,5,0
2606,7265,1142,6,0
2607,7265,1143,7,0
2608,7265,1145,8,0
2609,7265,1147,9,0
2610,7265,1148,10,0
2611,7265,1149,11,0
3024,7265,1150,12,0
1649,7265,1154,13,1
1649,7260,1000,1,0
3025,7260,1005,2,0
2612,7260,1006,3,0
2613,7260,1007,4,0
2614,7260,1009,5,0
2615,7260,1011,6,0
2616,7260,1013,7,0
2637,7260,1014,8,0
2605,7260,1016,9,0
2618,7260,1017,10,0
2634,7260,1018,11,0
2620,7260,1019,12,0
2621,7260,1020,13,0
2601,7260,1021,14,1
2601,7299,585,1,0
2602,7299,587,2,0
2629,7299,588,3,0
2604,7299,590,4,0
2617,7299,591,5,0
2606,7299,592,6,0
2607,7299,593,7,0
2608,7299,595,8,0
2609,7299,597,9,0
2610,7299,598,10,0
2611,7299,599,11,0
3024,7299,600,12,0
1649,7299,604,13,1
2601,7962,550,1,0
2602,7962,552,2,0
2629,7962,553,3,0
2604,7962,555,4,0
2617,7962,557,5,0
2606,7962,558,6,0
2607,7962,559,7,0
2608,7962,561,8,0
2609,7962,563,9,0
2610,7962,564,10,0
2611,7962,565,11,0
3024,7962,566,12,0
1649,7962,570,13,1
2601,7941,1100,1,0
2602,7941,1102,2,0
2629,7941,1103,3,0
2604,7941,1105,4,0
2617,7941,1106,5,0
2606,7941,1107,6,0
2607,7941,1108,7,0
2608,7941,1110,8,0
2609,7941,1112,9,0
2610,7941,1113,10,0
2611,7941,1114,11,0
3024,7941,1115,12,0
1649,7941,1119,13,1
1649,7807,1225,1,0
3025,7807,1228,2,0
2612,7807,1229,3,0
2613,7807,1230,4,0
2614,7807,1231,5,0
2615,7807,1233,6,0
2616,7807,1235,7,0
2637,7807,1236,8,0
2605,7807,1237,9,0
2618,7807,1238,10,0
2634,7807,1239,11,0
2620,7807,1240,12,0
2621,7807,1240,13,0
2601,7807,1241,14,1
4101,7723,1090,1,0
4102,7723,1091,2,0
4103,7723,1092,3,0
4104,7723,1093,4,0
4105,7723,1093,5,0
3816,7723,1097,6,0
4551,7723,1101,7,0
4555,7723,1102,8,0
4554,7723,1102,9,0
2627,7723,1105,10,0
2601,7723,1106,11,0
2602,7723,1107,12,0
2629,7723,1108,13,0
2604,7723,1109,14,0
2617,7723,1110,15,0
2606,7723,1112,16,0
2607,7723,1112,17,0
2608,7723,1115,18,0
2609,7723,1116,19,0
2610,7723,1117,20,0
2611,7723,1118,21,0
3024,7723,1119,22,0
1649,7723,1123,23,1
1649,7711,1150,1,0
3025,7711,1154,2,0
2612,7711,1155,3,0
2613,7711,1156,4,0
2614,7711,1157,5,0
2615,7711,1159,6,0
2616,7711,1161,7,0
2637,7711,1162,8,0
2605,7711,1163,9,0
2618,7711,1164,10,0
2634,7711,1165,11,0
2620,7711,1166,12,0
2621,7711,1167,13,0
2601,7711,1168,14,1
2601,7797,995,1,0
2602,7797,997,2,0
2629,7797,998,3,0
2604,7797,1000,4,0
2617,7797,1001,5,0
2606,7797,1002,6,0
2607,7797,1003,7,0
2608,7797,1005,8,0
2609,7797,1007,9,0
2610,7797,1008,10,0
2611,7797,1009,11,0
3024,7797,1010,12,0
1649,7797,1015,13,1
1649,1906,1175,1,0
3025,1906,1179,2,0
2612,1906,1180,3,0
2613,1906,1181,4,0
2614,1906,1182,5,0
2615,1906,1184,6,0
2616,1906,1186,7,0
2637,1906,1187,8,0
2605,1906,1188,9,0
2618,1906,1189,10,0
2634,1906,1190,11,0
2620,1906,1191,12,0
2621,1906,1192,13,0
2601,1906,1193,14,1
2601,1921,430,1,0
2602,1921,432,2,0
2629,1921,433,3,0
2604,1921,435,4,0
2617,1921,437,5,0
2606,1921,438,6,0
2607,1921,439,7,0
2608,1921,441,8,0
2609,1921,443,9,0
2610,1921,444,10,0
2611,1921,445,11,0
3024,1921,446,12,0
1649,1921,451,13,1
1649,3258,1150,1,0
3025,3258,1153,2,0
2612,3258,1154,3,0
2613,3258,1155,4,0
2614,3258,1156,5,0
2615,3258,1158,6,0
2616,3258,1160,7,0
2637,3258,1161,8,0
2605,3258,1162,9,0
2618,3258,1163,10,0
2634,3258,1164,11,0
2620,3258,1165,12,0
2621,3258,1166,13,0
2601,3258,1167,14,1
2601,3207,970,1,0
2602,3207,972,2,0
2629,3207,973,3,0
2604,3207,975,4,0
2617,3207,976,5,0
2606,3207,977,6,0
2607,3207,978,7,0
2608,3207,980,8,0
2609,3207,982,9,0
2610,3207,983,10,0
2611,3207,984,11,0
3024,3207,985,12,0
1649,3207,990,13,1
4101,8258,830,1,0
4102,8258,831,2,0
4103,8258,832,3,0
4104,8258,833,4,0
4105,8258,833,5,0
3816,8258,837,6,0
4551,8258,841,7,0
4555,8258,842,8,0
4554,8258,842,9,0
2627,8258,845,10,0
2601,8258,846,11,0
2602,8258,847,12,0
2629,8258,848,13,0
2604,8258,849,14,0
2617,8258,850,15,0
2606,8258,851,16,0
2607,8258,852,17,0
2608,8258,854,18,0
2609,8258,855,19,0
2610,8258,856,20,0
2611,8258,857,21,0
3024,8258,858,22,0
1649,8258,862,23,1
2601,8198,1055,1,0
2602,8198,1057,2,0
2629,8198,1058,3,0
2604,8198,1060,4,0
2617,8198,1061,5,0
2606,8198,1062,6,0
2607,8198,1063,7,0
2608,8198,1065,8,0
2609,8198,1067,9,0
2610,8198,1069,10,0
2611,8198,1070,11,0
3024,8198,1071,12,0
1649,8198,1076,13,1
2601,8165,520,1,0
2602,8165,522,2,0
2629,8165,523,3,0
2604,8165,525,4,0
2617,8165,527,5,0
2606,8165,528,6,0
2607,8165,529,7,0
2608,8165,531,8,0
2609,8165,533,9,0
2610,8165,534,10,0
2611,8165,535,11,0
3024,8165,536,12,0
1649,8165,541,13,1
1649,8153,1025,1,0
3025,8153,1029,2,0
2612,8153,1030,3,0
2613,8153,1031,4,0
2614,8153,1032,5,0
2615,8153,1034,6,0
2616,8153,1036,7,0
2637,8153,1037,8,0
2605,8153,1038,9,0
2618,8153,1039,10,0
2634,8153,1040,11,0
2620,8153,1041,12,0
2621,8153,1042,13,0
2601,8153,1043,14,1
1649,3427,520,1,0
3025,3427,524,2,0
2612,3427,525,3,0
2613,3427,526,4,0
2614,3427,527,5,0
2615,3427,529,6,0
2616,3427,530,7,0
2637,3427,531,8,0
2605,3427,532,9,0
2618,3427,533,10,0
2634,3427,534,11,0
2620,3427,535,12,0
2621,3427,536,13,0
2601,3427,537,14,1
1649,3509,1045,1,0
3025,3509,1050,2,0
2612,3509,1051,3,0
2613,3509,1052,4,0
2614,3509,1054,5,0
2615,3509,1056,6,0
2616,3509,1058,7,0
2637,3509,1059,8,0
2605,3509,1061,9,0
2618,3509,1062,10,0
2634,3509,1063,11,0
2620,3509,1064,12,0
2621,3509,1065,13,0
2601,3509,1066,14,1
1649,8317,795,1,0
3025,8317,798,2,0
2612,8317,799,3,0
2613,8317,800,4,0
2614,8317,801,5,0
2615,8317,803,6,0
2616,8317,805,7,0
2637,8317,806,8,0
2605,8317,807,9,0
2618,8317,808,10,0
2634,8317,809,11,0
2620,8317,810,12,0
2621,8317,810,13,0
2601,8317,811,14,0
2628,8317,812,15,0
4553,8317,815,16,0
4552,8317,816,17,0
4551,8317,817,18,0
3817,8317,821,19,0
4108,8317,824,20,0
4109,8317,824,21,0
4110,8317,825,22,0
4111,8317,826,23,0
4112,8317,827,24,1
2601,8312,975,1,0
2602,8312,977,2,0
2629,8312,978,3,0
2604,8312,980,4,0
2617,8312,981,5,0
2606,8312,982,6,0
2607,8312,983,7,0
2608,8312,985,8,0
2609,8312,987,9,0
2610,8312,988,10,0
2611,8312,989,11,0
3024,8312,990,12,0
1649,8312,994,13,1
2601,3551,1225,1,0
2602,3551,1226,2,0
2629,3551,1228,3,0
2604,3551,1229,4,0
2617,3551,1230,5,0
2606,3551,1231,6,0
2607,3551,1232,7,0
2608,3551,1234,8,0
2609,3551,1236,9,0
2610,3551,1237,10,0
2611,3551,1238,11,0
3024,3551,1239,12,0
1649,3551,1243,13,1
1649,3578,475,1,0
3025,3578,478,2,0
2612,3578,479,3,0
2613,3578,480,4,0
2614,3578,481,5,0
2615,3578,483,6,0
2616,3578,485,7,0
2637,3578,486,8,0
2605,3578,487,9,0
2618,3578,488,10,0
2634,3578,489,11,0
2620,3578,490,12,0
2621,3578,491,13,0
2601,3578,492,14,1
1649,3574,455,1,0
3025,3574,460,2,0
2612,3574,462,3,0
2613,3574,463,4,0
2614,3574,464,5,0
2615,3574,466,6,0
2616,3574,468,7,0
2637,3574,469,8,0
2605,3574,470,9,0
2618,3574,471,10,0
2634,3574,472,11,0
2620,3574,474,12,0
2621,3574,475,13,0
2601,3574,476,14,1
1649,3623,1030,1,0
3025,3623,1035,2,0
2612,3623,1036,3,0
2613,3623,1037,4,0
2614,3623,1039,5,0
2615,3623,1041,6,0
2616,3623,1043,7,0
2637,3623,1044,8,0
2605,3623,1046,9,0
2618,3623,1047,10,0
2634,3623,1048,11,0
2620,3623,1049,12,0
2621,3623,1050,13,0
2601,3623,1051,14,1
1649,3751,1085,1,0
3025,3751,1088,2,0
2612,3751,1089,3,0
2613,3751,1090,4,0
2614,3751,1091,5,0
2615,3751,1093,6,0
2616,3751,1095,7,0
2637,3751,1096,8,0
2605,3751,1097,9,0
2618,3751,1098,10,0
2634,3751,1099,11,0
2620,3751,1100,12,0
2621,3751,1100,13,0
2601,3751,1101,14,0
2633,3751,1104,15,0
2632,3751,1105,16,0
3406,3751,1110,17,0
3407,3751,1112,18,0
3409,3751,1113,19,0
3403,3751,1113,20,0
3402,3751,1115,21,0
3401,3751,1116,22,1
2601,3861,1015,1,0
2602,3861,1017,2,0
2629,3861,1018,3,0
2604,3861,1020,4,0
2617,3861,1021,5,0
2606,3861,1022,6,0
2607,3861,1023,7,0
2608,3861,1025,8,0
2609,3861,1027,9,0
2610,3861,1028,10,0
2611,3861,1029,11,0
3024,3861,1030,12,0
1649,3861,1035,13,1
2601,3854,800,1,0
2602,3854,802,2,0
2629,3854,803,3,0
2604,3854,805,4,0
2617,3854,806,5,0
2606,3854,807,6,0
2607,3854,808,7,0
2608,3854,810,8,0
2609,3854,812,9,0
2610,3854,813,10,0
2611,3854,814,11,0
3024,3854,815,12,0
1649,3854,819,13,1
2601,3846,675,1,0
2602,3846,677,2,0
2629,3846,678,3,0
2604,3846,680,4,0
2617,3846,681,5,0
2606,3846,682,6,0
2607,3846,683,7,0
2608,3846,685,8,0
2609,3846,687,9,0
2610,3846,688,10,0
2611,3846,689,11,0
3024,3846,690,12,0
1649,3846,694,13,1
2601,3812,770,1,0
2602,3812,772,2,0
2629,3812,773,3,0
2604,3812,775,4,0
2617,3812,776,5,0
2606,3812,777,6,0
2607,3812,778,7,0
2608,3812,780,8,0
2609,3812,782,9,0
2610,3812,783,10,0
2611,3812,784,11,0
3024,3812,785,12,0
1649,3812,789,13,1
1649,3892,655,1,0
3025,3892,658,2,0
2612,3892,659,3,0
2613,3892,660,4,0
2614,3892,661,5,0
2615,3892,663,6,0
2616,3892,665,7,0
2637,3892,666,8,0
2605,3892,667,9,0
2618,3892,668,10,0
2634,3892,669,11,0
2620,3892,670,12,0
2621,3892,671,13,0
2601,3892,672,14,1
2601,3061,850,1,0
2602,3061,852,2,0
2629,3061,853,3,0
2604,3061,855,4,0
2617,3061,856,5,0
2606,3061,857,6,0
2607,3061,858,7,0
2608,3061,860,8,0
2609,3061,862,9,0
2610,3061,863,10,0
2611,3061,864,11,0
3024,3061,865,12,0
1649,3061,869,13,1
2601,3978,585,1,0
2602,3978,587,2,0
2629,3978,588,3,0
2604,3978,590,4,0
2617,3978,592,5,0
2606,3978,593,6,0
2607,3978,594,7,0
2608,3978,596,8,0
2609,3978,598,9,0
2610,3978,599,10,0
2611,3978,600,11,0
3024,3978,601,12,0
1649,3978,605,13,1
1649,3119,900,1,0
3025,3119,904,2,0
2612,3119,905,3,0
2613,3119,906,4,0
2614,3119,907,5,0
2615,3119,909,6,0
2616,3119,911,7,0
2637,3119,912,8,0
2605,3119,913,9,0
2618,3119,914,10,0
2634,3119,915,11,0
2620,3119,916,12,0
2621,3119,917,13,0
2601,3119,918,14,1
1649,3178,610,1,0
3025,3178,614,2,0
2612,3178,615,3,0
2613,3178,616,4,0
2614,3178,617,5,0
2615,3178,619,6,0
2616,3178,620,7,0
2637,3178,621,8,0
2605,3178,622,9,0
2618,3178,623,10,0
2634,3178,624,11,0
2620,3178,625,12,0
2621,3178,626,13,0
2601,3178,627,14,1
1649,6891,1075,1,0
3025,6891,1079,2,0
2612,6891,1080,3,0
2613,6891,1081,4,0
2614,6891,1082,5,0
2615,6891,1084,6,0
2616,6891,1086,7,0
2637,6891,1087,8,0
2605,6891,1088,9,0
2618,6891,1089,10,0
2634,6891,1090,11,0
2620,6891,1091,12,0
2621,6891,1092,13,0
2601,6891,1093,14,1
2601,2976,1125,1,0
2602,2976,1127,2,0
2629,2976,1128,3,0
2604,2976,1130,4,0
2617,2976,1131,5,0
2606,2976,1132,6,0
2607,2976,1133,7,0
2608,2976,1135,8,0
2609,2976,1137,9,0
2610,2976,1138,10,0
2611,2976,1139,11,0
3024,2976,1140,12,0
1649,2976,1144,13,1
3401,2964,900,1,0
3410,2964,900,2,0
3408,2964,902,3,0
3404,2964,902,4,0
3405,2964,905,5,0
2631,2964,910,6,0
2630,2964,911,7,0
2601,2964,913,8,0
2602,2964,914,9,0
2629,2964,915,10,0
2604,2964,916,11,0
2617,2964,917,12,0
2606,2964,919,13,0
2607,2964,919,14,0
2608,2964,922,15,0
2609,2964,923,16,0
2610,2964,924,17,0
2611,2964,925,18,0
3024,2964,926,19,0
1649,2964,930,20,1
1649,523,660,1,0
3025,523,663,2,0
2612,523,664,3,0
2613,523,665,4,0
2614,523,666,5,0
2615,523,668,6,0
2616,523,670,7,0
2637,523,671,8,0
2605,523,672,9,0
2618,523,673,10,0
2634,523,674,11,0
2620,523,675,12,0
2621,523,675,13,0
2601,523,676,14,0
2628,523,677,15,0
4553,523,680,16,0
4552,523,681,17,0
4551,523,682,18,0
3817,523,686,19,0
4108,523,689,20,0
4109,523,689,21,0
4110,523,690,22,0
4111,523,691,23,0
4112,523,692,24,1
1649,581,430,1,0
3025,581,433,2,0
2612,581,434,3,0
2613,581,435,4,0
2614,581,436,5,0
2615,581,438,6,0
2616,581,440,7,0
2637,581,441,8,0
2605,581,442,9,0
2618,581,443,10,0
2634,581,444,11,0
2620,581,445,12,0
2621,581,445,13,0
2601,581,446,14,1
4101,560,695,1,0
4102,560,696,2,0
4103,560,697,3,0
4104,560,698,4,0
4105,560,698,5,0
3816,560,702,6,0
4551,560,706,7,0
4555,560,707,8,0
4554,560,707,9,0
2627,560,710,10,0
2601,560,711,11,0
2602,560,712,12,0
2629,560,713,13,0
2604,560,714,14,0
2617,560,715,15,0
2606,560,716,16,0
2607,560,717,17,0
2608,560,719,18,0
2609,560,720,19,0
2610,560,721,20,0
2611,560,722,21,0
3024,560,723,22,0
1649,560,727,23,1
1649,4716,1000,1,0
3025,4716,1004,2,0
2612,4716,1005,3,0
2613,4716,1006,4,0
2614,4716,1007,5,0
2615,4716,1009,6,0
2616,4716,1011,7,0
2637,4716,1012,8,0
2605,4716,1013,9,0
2618,4716,1014,10,0
2634,4716,1015,11,0
2620,4716,1016,12,0
2621,4716,1017,13,0
2601,4716,1018,14,1
2601,402,765,1,0
2602,402,767,2,0
2629,402,768,3,0
2604,402,770,4,0
2617,402,771,5,0
2606,402,772,6,0
2607,402,773,7,0
2608,402,775,8,0
2609,402,777,9,0
2610,402,778,10,0
2611,402,779,11,0
3024,402,780,12,0
1649,402,784,13,1
3401,2872,1120,1,0
3410,2872,1120,2,0
3408,2872,1122,3,0
3404,2872,1122,4,0
3405,2872,1125,5,0
2631,2872,1130,6,0
2630,2872,1131,7,0
2601,2872,1133,8,0
2602,2872,1134,9,0
2629,2872,1135,10,0
2604,2872,1136,11,0
2617,2872,1137,12,0
2606,2872,1139,13,0
2607,2872,1139,14,0
2608,2872,1142,15,0
2609,2872,1143,16,0
2610,2872,1144,17,0
2611,2872,1145,18,0
3024,2872,1146,19,0
1649,2872,1150,20,1
3401,451,1015,1,0
3410,451,1015,2,0
3408,451,1017,3,0
3404,451,1017,4,0
3405,451,1020,5,0
2631,451,1025,6,0
2630,451,1026,7,0
2601,451,1028,8,0
2602,451,1029,9,0
2629,451,1030,10,0
2604,451,1031,11,0
2617,451,1032,12,0
2606,451,1034,13,0
2607,451,1034,14,0
2608,451,1037,15,0
2609,451,1038,16,0
2610,451,1039,17,0
2611,451,1040,18,0
3024,451,1041,19,0
1649,451,1045,20,1
2601,6719,720,1,0
2602,6719,722,2,0
2629,6719,723,3,0
2604,6719,725,4,0
2617,6719,726,5,0
2606,6719,727,6,0
2607,6719,728,7,0
2608,6719,730,8,0
2609,6719,732,9,0
2610,6719,733,10,0
2611,6719,734,11,0
3024,6719,735,12,0
1649,6719,739,13,1
1649,482,655,1,0
3025,482,659,2,0
2612,482,660,3,0
2613,482,661,4,0
2614,482,662,5,0
2615,482,664,6,0
2616,482,665,7,0
2637,482,666,8,0
2605,482,667,9,0
2618,482,668,10,0
2634,482,669,11,0
2620,482,670,12,0
2621,482,671,13,0
2601,482,672,14,1
1649,4569,825,1,0
3025,4569,828,2,0
2612,4569,829,3,0
2613,4569,830,4,0
2614,4569,831,5,0
2615,4569,833,6,0
2616,4569,835,7,0
2637,4569,836,8,0
2605,4569,837,9,0
2618,4569,838,10,0
2634,4569,839,11,0
2620,4569,840,12,0
2621,4569,841,13,0
2601,4569,842,14,1
1090,313,1535,1,0
1649,313,1545,2,0
3025,313,1548,3,0
2612,313,1549,4,0
2613,313,1550,5,0
2614,313,1551,6,0
2615,313,1552,7,0
2616,313,1554,8,0
2637,313,1555,9,0
2605,313,1556,10,0
2618,313,1557,11,0
2634,313,1558,12,0
2620,313,1559,13,0
2621,313,1559,14,0
2601,313,1560,15,0
2633,313,1562,16,0
2632,313,1563,17,0
3406,313,1568,18,0
3407,313,1570,19,0
3409,313,1570,20,0
3403,313,1571,21,0
3402,313,1572,22,0
3401,313,1573,23,0
4551,313,1583,24,0
4555,313,1584,25,0
4554,313,1584,26,0
3817,313,1587,27,0
4108,313,1590,28,0
4109,313,1590,29,0
4110,313,1591,30,0
4111,313,1592,31,0
4112,313,1593,32,1
1649,4899,1200,1,0
3025,4899,1203,2,0
2612,4899,1204,3,0
2613,4899,1205,4,0
2614,4899,1206,5,0
2615,4899,1208,6,0
2616,4899,1210,7,0
2637,4899,1211,8,0
2605,4899,1212,9,0
2618,4899,1213,10,0
2634,4899,1214,11,0
2620,4899,1215,12,0
2621,4899,1216,13,0
2601,4899,1217,14,1
1649,4896,795,1,0
3025,4896,799,2,0
2612,4896,800,3,0
2613,4896,801,4,0
2614,4896,802,5,0
2615,4896,804,6,0
2616,4896,806,7,0
2637,4896,807,8,0
2605,4896,808,9,0
2618,4896,809,10,0
2634,4896,810,11,0
2620,4896,811,12,0
2621,4896,812,13,0
2601,4896,813,14,1
1649,4865,700,1,0
3025,4865,703,2,0
2612,4865,704,3,0
2613,4865,705,4,0
2614,4865,706,5,0
2615,4865,708,6,0
2616,4865,710,7,0
2637,4865,711,8,0
2605,4865,712,9,0
2618,4865,713,10,0
2634,4865,714,11,0
2620,4865,715,12,0
2621,4865,716,13,0
2601,4865,717,14,1
2601,391,1175,1,0
2602,391,1177,2,0
2629,391,1178,3,0
2604,391,1180,4,0
2617,391,1181,5,0
2606,391,1182,6,0
2607,391,1183,7,0
2608,391,1185,8,0
2609,391,1187,9,0
2610,391,1188,10,0
2611,391,1189,11,0
3024,391,1190,12,0
1649,391,1194,13,1
1649,4810,610,1,0
3025,4810,613,2,0
2612,4810,614,3,0
2613,4810,615,4,0
2614,4810,616,5,0
2615,4810,618,6,0
2616,4810,620,7,0
2637,4810,621,8,0
2605,4810,622,9,0
2618,4810,623,10,0
2634,4810,624,11,0
2620,4810,625,12,0
2621,4810,626,13,0
2601,4810,627,14,1
1649,6953,700,1,0
3025,6953,704,2,0
2612,6953,705,3,0
2613,6953,706,4,0
2614,6953,707,5,0
2615,6953,709,6,0
2616,6953,711,7,0
2637,6953,712,8,0
2605,6953,713,9,0
2618,6953,714,10,0
2634,6953,715,11,0
2620,6953,716,12,0
2621,6953,717,13,0
2601,6953,718,14,1
1649,4817,875,1,0
3025,4817,879,2,0
2612,4817,880,3,0
2613,4817,881,4,0
2614,4817,882,5,0
2615,4817,884,6,0
2616,4817,886,7,0
2637,4817,887,8,0
2605,4817,888,9,0
2618,4817,889,10,0
2634,4817,890,11,0
2620,4817,891,12,0
2621,4817,892,13,0
2601,4817,893,14,1
2601,945,895,1,0
2602,945,897,2,0
2629,945,898,3,0
2604,945,900,4,0
2617,945,901,5,0
2606,945,902,6,0
2607,945,903,7,0
2608,945,905,8,0
2609,945,907,9,0
2610,945,908,10,0
2611,945,909,11,0
3024,945,910,12,0
1649,945,914,13,1
2601,982,1150,1,0
2602,982,1152,2,0
2629,982,1153,3,0
2604,982,1155,4,0
2617,982,1156,5,0
2606,982,1157,6,0
2607,982,1158,7,0
2608,982,1160,8,0
2609,982,1162,9,0
2610,982,1163,10,0
2611,982,1164,11,0
3024,982,1165,12,0
1649,982,1169,13,1
2601,968,845,1,0
2602,968,847,2,0
2629,968,848,3,0
2604,968,850,4,0
2617,968,851,5,0
2606,968,852,6,0
2607,968,853,7,0
2608,968,855,8,0
2609,968,857,9,0
2610,968,858,10,0
2611,968,859,11,0
3024,968,860,12,0
1649,968,864,13,1
2601,4202,630,1,0
2602,4202,632,2,0
2629,4202,633,3,0
2604,4202,635,4,0
2617,4202,636,5,0
2606,4202,637,6,0
2607,4202,638,7,0
2608,4202,640,8,0
2609,4202,642,9,0
2610,4202,643,10,0
2611,4202,644,11,0
3024,4202,645,12,0
1649,4202,649,13,1
1649,2470,1225,1,0
3025,2470,1228,2,0
2612,2470,1229,3,0
2613,2470,1230,4,0
2614,2470,1231,5,0
2615,2470,1233,6,0
2616,2470,1235,7,0
2637,2470,1236,8,0
2605,2470,1237,9,0
2618,2470,1238,10,0
2634,2470,1239,11,0
2620,2470,1240,12,0
2621,2470,1241,13,0
2601,2470,1242,14,1
1649,4281,1110,1,0
3025,4281,1114,2,0
2612,4281,1115,3,0
2613,4281,1116,4,0
2614,4281,1117,5,0
2615,4281,1119,6,0
2616,4281,1121,7,0
2637,4281,1122,8,0
2605,4281,1123,9,0
2618,4281,1124,10,0
2634,4281,1125,11,0
2620,4281,1126,12,0
2621,4281,1127,13,0
2601,4281,1128,14,1
1649,8593,1050,1,0
3025,8593,1054,2,0
2612,8593,1055,3,0
2613,8593,1056,4,0
2614,8593,1057,5,0
2615,8593,1059,6,0
2616,8593,1061,7,0
2637,8593,1062,8,0
2605,8593,1063,9,0
2618,8593,1064,10,0
2634,8593,1065,11,0
2620,8593,1066,12,0
2621,8593,1067,13,0
2601,8593,1068,14,1
1649,800,920,1,0
3025,800,924,2,0
2612,800,925,3,0
2613,800,926,4,0
2614,800,927,5,0
2615,800,929,6,0
2616,800,931,7,0
2637,800,932,8,0
2605,800,933,9,0
2618,800,934,10,0
2634,800,935,11,0
2620,800,936,12,0
2621,800,937,13,0
2601,800,938,14,1
2601,4198,950,1,0
2602,4198,952,2,0
2629,4198,953,3,0
2604,4198,955,4,0
2617,4198,956,5,0
2606,4198,957,6,0
2607,4198,958,7,0
2608,4198,960,8,0
2609,4198,962,9,0
2610,4198,963,10,0
2611,4198,964,11,0
3024,4198,965,12,0
1649,4198,970,13,1
1649,4169,1050,1,0
3025,4169,1053,2,0
2612,4169,1054,3,0
2613,4169,1055,4,0
2614,4169,1056,5,0
2615,4169,1058,6,0
2616,4169,1060,7,0
2637,4169,1061,8,0
2605,4169,1062,9,0
2618,4169,1063,10,0
2634,4169,1064,11,0
2620,4169,1065,12,0
2621,4169,1065,13,0
2601,4169,1066,14,0
2628,4169,1067,15,0
4553,4169,1070,16,0
4552,4169,1071,17,0
4551,4169,1072,18,0
3817,4169,1076,19,0
4108,4169,1079,20,0
4109,4169,1079,21,0
4110,4169,1080,22,0
4111,4169,1081,23,0
4112,4169,1082,24,1
4101,897,940,1,0
4102,897,941,2,0
4103,897,942,3,0
4104,897,943,4,0
4105,897,943,5,0
3816,897,947,6,0
4551,897,951,7,0
4555,897,952,8,0
4554,897,952,9,0
2627,897,955,10,0
2601,897,956,11,0
2602,897,957,12,0
2629,897,958,13,0
2604,897,959,14,0
2617,897,960,15,0
2606,897,962,16,0
2607,897,962,17,0
2608,897,965,18,0
2609,897,966,19,0
2610,897,967,20,0
2611,897,968,21,0
3024,897,969,22,0
1649,897,973,23,1
1649,4152,730,1,0
3025,4152,733,2,0
2612,4152,734,3,0
2613,4152,735,4,0
2614,4152,736,5,0
2615,4152,738,6,0
2616,4152,740,7,0
2637,4152,741,8,0
2605,4152,742,9,0
2618,4152,743,10,0
2634,4152,744,11,0
2620,4152,745,12,0
2621,4152,745,13,0
2601,4152,746,14,0
2633,4152,748,15,0
2632,4152,749,16,0
3406,4152,753,17,0
3407,4152,755,18,0
3409,4152,755,19,0
3403,4152,756,20,0
3402,4152,757,21,0
3401,4152,758,22,1
2601,8750,395,1,0
2602,8750,396,2,0
2629,8750,398,3,0
2604,8750,399,4,0
2617,8750,400,5,0
2606,8750,401,6,0
2607,8750,402,7,0
2608,8750,404,8,0
2609,8750,406,9,0
2610,8750,407,10,0
2611,8750,408,11,0
3024,8750,409,12,0
1649,8750,413,13,1
1649,719,850,1,0
3025,719,854,2,0
2612,719,855,3,0
2613,719,856,4,0
2614,719,857,5,0
2615,719,859,6,0
2616,719,861,7,0
2637,719,862,8,0
2605,719,863,9,0
2618,719,864,10,0
2634,719,865,11,0
2620,719,866,12,0
2621,719,867,13,0
2601,719,868,14,1
1649,8700,865,1,0
3025,8700,868,2,0
2612,8700,869,3,0
2613,8700,870,4,0
2614,8700,871,5,0
2615,8700,873,6,0
2616,8700,875,7,0
2637,8700,876,8,0
2605,8700,877,9,0
2618,8700,878,10,0
2634,8700,879,11,0
2620,8700,880,12,0
2621,8700,880,13,0
2601,8700,881,14,0
2633,8700,883,15,0
2632,8700,884,16,0
3406,8700,889,17,0
3407,8700,891,18,0
3409,8700,891,19,0
3403,8700,892,20,0
3402,8700,893,21,0
3401,8700,894,22,1
2601,791,1200,1,0
2602,791,1201,2,0
2629,791,1203,3,0
2604,791,1204,4,0
2617,791,1205,5,0
2606,791,1206,6,0
2607,791,1207,7,0
2608,791,1209,8,0
2609,791,1211,9,0
2610,791,1212,10,0
2611,791,1213,11,0
3024,791,1214,12,0
1649,791,1218,13,1
2601,774,410,1,0
2602,774,411,2,0
2629,774,413,3,0
2604,774,414,4,0
2617,774,415,5,0
2606,774,416,6,0
2607,774,416,7,0
2608,774,418,8,0
2609,774,420,9,0
2610,774,421,10,0
2611,774,422,11,0
3024,774,423,12,0
1649,774,427,13,1
1090,2725,1440,1,0
1649,2725,1450,2,0
3025,2725,1453,3,0
2612,2725,1454,4,0
2613,2725,1455,5,0
2614,2725,1456,6,0
2615,2725,1458,7,0
2616,2725,1460,8,0
2637,2725,1461,9,0
2605,2725,1462,10,0
2618,2725,1463,11,0
2634,2725,1464,12,0
2620,2725,1465,13,0
2621,2725,1465,14,0
2601,2725,1466,15,0
2633,2725,1468,16,0
2632,2725,1469,17,0
3406,2725,1474,18,0
3407,2725,1476,19,0
3409,2725,1476,20,0
3403,2725,1477,21,0
3402,2725,1478,22,0
3401,2725,1479,23,0
4551,2725,1489,24,0
4555,2725,1490,25,0
4554,2725,1490,26,0
3817,2725,1493,27,0
4108,2725,1496,28,0
4109,2725,1496,29,0
4110,2725,1497,30,0
4111,2725,1498,31,0
4112,2725,1499,32,1
3401,2726,765,1,0
3410,2726,765,2,0
3408,2726,767,3,0
3404,2726,767,4,0
3405,2726,770,5,0
2631,2726,774,6,0
2630,2726,775,7,0
2601,2726,776,8,0
2602,2726,777,9,0
2629,2726,778,10,0
2604,2726,779,11,0
2617,2726,780,12,0
2606,2726,781,13,0
2607,2726,782,14,0
2608,2726,784,15,0
2609,2726,785,16,0
2610,2726,786,17,0
2611,2726,787,18,0
3024,2726,788,19,0
1649,2726,792,20,1
2601,4473,410,1,0
2602,4473,411,2,0
2629,4473,413,3,0
2604,4473,414,4,0
2617,4473,415,5,0
2606,4473,416,6,0
2607,4473,417,7,0
2608,4473,419,8,0
2609,4473,421,9,0
2610,4473,422,10,0
2611,4473,423,11,0
3024,4473,424,12,0
1649,4473,428,13,1
2601,4406,1115,1,0
2602,4406,1117,2,0
2629,4406,1118,3,0
2604,4406,1120,4,0
2617,4406,1121,5,0
2606,4406,1122,6,0
2607,4406,1123,7,0
2608,4406,1125,8,0
2609,4406,1127,9,0
2610,4406,1128,10,0
2611,4406,1129,11,0
3024,4406,1130,12,0
1649,4406,1134,13,1
2601,2639,820,1,0
2602,2639,822,2,0
2629,2639,823,3,0
2604,2639,825,4,0
2617,2639,826,5,0
2606,2639,827,6,0
2607,2639,828,7,0
2608,2639,830,8,0
2609,2639,832,9,0
2610,2639,833,10,0
2611,2639,834,11,0
3024,2639,835,12,0
1649,2639,839,13,1
1649,2588,1090,1,0
3025,2588,1094,2,0
2612,2588,1095,3,0
2613,2588,1096,4,0
2614,2588,1097,5,0
2615,2588,1099,6,0
2616,2588,1101,7,0
2637,2588,1102,8,0
2605,2588,1103,9,0
2618,2588,1104,10,0
2634,2588,1105,11,0
2620,2588,1106,12,0
2621,2588,1107,13,0
2601,2588,1108,14,1
1649,2566,390,1,0
3025,2566,393,2,0
2612,2566,394,3,0
2613,2566,395,4,0
2614,2566,396,5,0
2615,2566,398,6,0
2616,2566,400,7,0
2637,2566,401,8,0
2605,2566,402,9,0
2618,2566,403,10,0
2634,2566,404,11,0
2620,2566,405,12,0
2621,2566,405,13,0
2601,2566,406,14,1
2601,2557,1075,1,0
2602,2557,1077,2,0
2629,2557,1078,3,0
2604,2557,1080,4,0
2617,2557,1081,5,0
2606,2557,1082,6,0
2607,2557,1083,7,0
2608,2557,1085,8,0
2609,2557,1087,9,0
2610,2557,1088,10,0
2611,2557,1089,11,0
3024,2557,1090,12,0
1649,2557,1094,13,1
1649,4325,1125,1,0
3025,4325,1129,2,0
2612,4325,1130,3,0
2613,4325,1131,4,0
2614,4325,1132,5,0
2615,4325,1134,6,0
2616,4325,1136,7,0
2637,4325,1137,8,0
2605,4325,1138,9,0
2618,4325,1139,10,0
2634,4325,1140,11,0
2620,4325,1141,12,0
2621,4325,1142,13,0
2601,4325,1143,14,1
2601,4344,1000,1,0
2602,4344,1002,2,0
2629,4344,1003,3,0
2604,4344,1005,4,0
2617,4344,1006,5,0
2606,4344,1007,6,0
2607,4344,1008,7,0
2608,4344,1010,8,0
2609,4344,1012,9,0
2610,4344,1013,10,0
2611,4344,1014,11,0
3024,4344,1015,12,0
1649,4344,1019,13,1
1649,4306,980,1,0
3025,4306,983,2,0
2612,4306,984,3,0
2613,4306,985,4,0
2614,4306,986,5,0
2615,4306,988,6,0
2616,4306,990,7,0
2637,4306,991,8,0
2605,4306,992,9,0
2618,4306,993,10,0
2634,4306,994,11,0
2620,4306,995,12,0
2621,4306,995,13,0
2601,4306,996,14,0
2633,4306,998,15,0
2632,4306,999,16,0
3406,4306,1004,17,0
3407,4306,1006,18,0
3409,4306,1006,19,0
3403,4306,1007,20,0
3402,4306,1008,21,0
3401,4306,1009,22,1
1649,8893,435,1,0
3025,8893,440,2,0
2612,8893,441,3,0
2613,8893,442,4,0
2614,8893,443,5,0
2615,8893,445,6,0
2616,8893,447,7,0
2637,8893,448,8,0
2605,8893,449,9,0
2618,8893,450,10,0
2634,8893,451,11,0
2620,8893,453,12,0
2621,8893,454,13,0
2601,8893,455,14,1
1649,6262,1060,1,0
3025,6262,1065,2,0
2612,6262,1066,3,0
2613,6262,1067,4,0
2614,6262,1069,5,0
2615,6262,1071,6,0
2616,6262,1073,7,0
2637,6262,1074,8,0
2605,6262,1076,9,0
2618,6262,1077,10,0
2634,6262,1078,11,0
2620,6262,1079,12,0
2621,6262,1080,13,0
2601,6262,1081,14,1
1649,6225,495,1,0
3025,6225,500,2,0
2612,6225,501,3,0
2613,6225,502,4,0
2614,6225,503,5,0
2615,6225,505,6,0
2616,6225,506,7,0
2637,6225,507,8,0
2605,6225,508,9,0
2618,6225,509,10,0
2634,6225,510,11,0
2620,6225,511,12,0
2621,6225,512,13,0
2601,6225,513,14,1
2601,6223,495,1,0
2602,6223,497,2,0
2629,6223,498,3,0
2604,6223,500,4,0
2617,6223,501,5,0
2606,6223,502,6,0
2607,6223,502,7,0
2608,6223,504,8,0
2609,6223,506,9,0
2610,6223,507,10,0
2611,6223,508,11,0
3024,6223,509,12,0
1649,6223,513,13,1
1649,6171,925,1,0
3025,6171,929,2,0
2612,6171,930,3,0
2613,6171,931,4,0
2614,6171,932,5,0
2615,6171,934,6,0
2616,6171,936,7,0
2637,6171,937,8,0
2605,6171,938,9,0
2618,6171,939,10,0
2634,6171,940,11,0
2620,6171,941,12,0
2621,6171,942,13,0
2601,6171,943,14,1
2601,6468,795,1,0
2602,6468,797,2,0
2629,6468,798,3,0
2604,6468,800,4,0
2617,6468,801,5,0
2606,6468,802,6,0
2607,6468,803,7,0
2608,6468,805,8,0
2609,6468,807,9,0
2610,6468,808,10,0
2611,6468,809,11,0
3024,6468,810,12,0
1649,6468,814,13,1
2601,6584,365,1,0
2602,6584,366,2,0
2629,6584,368,3,0
2604,6584,369,4,0
2617,6584,370,5,0
2606,6584,371,6,0
2607,6584,371,7,0
2608,6584,373,8,0
2609,6584,375,9,0
2610,6584,376,10,0
2611,6584,377,11,0
3024,6584,378,12,0
1649,6584,382,13,1
