arret_id,trajet_id,heure_depart,stop_sequence,terminus
2055,23526,760,1,0
2051,23526,763,2,0
2118,23526,769,3,0
2107,23526,773,4,0
2111,23526,775,5,0
2109,23526,780,6,0
2119,23526,783,7,1
2051,23527,1070,1,0
2118,23527,1076,2,0
2107,23527,1080,3,0
2111,23527,1082,4,0
2109,23527,1087,5,0
2119,23527,1092,6,1
2120,23524,475,1,0
2108,23524,478,2,0
2110,23524,481,3,0
2128,23524,483,4,0
2118,23524,489,5,0
2040,23524,496,6,0
2067,23524,500,7,1
2055,23525,1032,1,0
2051,23525,1035,2,0
2118,23525,1041,3,0
2107,23525,1045,4,0
2111,23525,1047,5,0
2109,23525,1052,6,0
2119,23525,1057,7,1
