arret_id,trajet_id,heure_depart,stop_sequence,terminus
3851,18696,465,1,0
3852,18696,467,2,0
3853,18696,468,3,0
3854,18696,470,4,0
3855,18696,472,5,0
1542,18696,497,6,0
1242,18696,498,7,1
3851,18697,465,1,0
3852,18697,467,2,0
3853,18697,468,3,0
3854,18697,470,4,0
3855,18697,472,5,0
1542,18697,497,6,0
1242,18697,498,7,1
3851,18698,465,1,0
3852,18698,467,2,0
3853,18698,468,3,0
3854,18698,470,4,0
3855,18698,472,5,0
1542,18698,497,6,0
1242,18698,498,7,1
1214,18699,995,1,0
1540,18699,996,2,0
3862,18699,1020,3,0
3863,18699,1022,4,0
3864,18699,1023,5,0
3865,18699,1024,6,0
3851,18699,1027,7,1
3851,18692,445,1,0
3852,18692,447,2,0
3853,18692,448,3,0
3854,18692,450,4,0
3855,18692,452,5,0
1542,18692,476,6,0
1242,18692,477,7,1
3851,18693,445,1,0
3852,18693,447,2,0
3853,18693,448,3,0
3854,18693,450,4,0
3855,18693,452,5,0
1542,18693,476,6,0
1242,18693,477,7,1
3851,18694,465,1,0
3852,18694,467,2,0
3853,18694,468,3,0
3854,18694,470,4,0
3855,18694,472,5,0
1542,18694,497,6,0
1242,18694,498,7,1
3851,18695,465,1,0
3852,18695,467,2,0
3853,18695,468,3,0
3854,18695,470,4,0
3855,18695,472,5,0
1542,18695,497,6,0
1242,18695,498,7,1
3851,18690,445,1,0
3852,18690,447,2,0
3853,18690,448,3,0
3854,18690,450,4,0
3855,18690,452,5,0
1542,18690,476,6,0
1242,18690,477,7,1
3851,18691,445,1,0
3852,18691,447,2,0
3853,18691,448,3,0
3854,18691,450,4,0
3855,18691,452,5,0
1542,18691,476,6,0
1242,18691,477,7,1
3851,18674,485,1,0
3852,18674,487,2,0
3853,18674,488,3,0
3854,18674,490,4,0
3855,18674,492,5,0
1542,18674,518,6,0
1242,18674,519,7,1
3851,18675,485,1,0
3852,18675,487,2,0
3853,18675,488,3,0
3854,18675,490,4,0
3855,18675,492,5,0
1542,18675,518,6,0
1242,18675,519,7,1
3851,18676,485,1,0
3852,18676,487,2,0
3853,18676,488,3,0
3854,18676,490,4,0
3855,18676,492,5,0
1542,18676,518,6,0
1242,18676,519,7,1
3851,18677,485,1,0
3852,18677,487,2,0
3853,18677,488,3,0
3854,18677,490,4,0
3855,18677,492,5,0
1542,18677,518,6,0
1242,18677,519,7,1
1214,18670,1035,1,0
1540,18670,1036,2,0
3862,18670,1061,3,0
3863,18670,1063,4,0
3864,18670,1065,5,0
3865,18670,1066,6,0
3851,18670,1069,7,1
1214,18671,1035,1,0
1540,18671,1036,2,0
3862,18671,1061,3,0
3863,18671,1063,4,0
3864,18671,1065,5,0
3865,18671,1066,6,0
3851,18671,1069,7,1
1214,18672,1035,1,0
1540,18672,1036,2,0
3862,18672,1061,3,0
3863,18672,1063,4,0
3864,18672,1065,5,0
3865,18672,1066,6,0
3851,18672,1069,7,1
1214,18673,1035,1,0
1540,18673,1036,2,0
3862,18673,1061,3,0
3863,18673,1063,4,0
3864,18673,1065,5,0
3865,18673,1066,6,0
3851,18673,1069,7,1
3851,18678,485,1,0
3852,18678,487,2,0
3853,18678,488,3,0
3854,18678,490,4,0
3855,18678,492,5,0
1542,18678,518,6,0
1242,18678,519,7,1
3851,18679,423,1,0
3852,18679,425,2,0
3853,18679,426,3,0
3854,18679,428,4,0
3855,18679,430,5,0
1542,18679,453,6,0
1242,18679,454,7,1
3851,18685,428,1,0
3852,18685,430,2,0
3853,18685,431,3,0
3854,18685,433,4,0
3855,18685,435,5,0
1542,18685,458,6,0
1242,18685,459,7,1
3851,18686,428,1,0
3852,18686,430,2,0
3853,18686,431,3,0
3854,18686,433,4,0
3855,18686,435,5,0
1542,18686,458,6,0
1242,18686,459,7,1
3851,18687,428,1,0
3852,18687,430,2,0
3853,18687,431,3,0
3854,18687,433,4,0
3855,18687,435,5,0
1542,18687,458,6,0
1242,18687,459,7,1
3851,18688,428,1,0
3852,18688,430,2,0
3853,18688,431,3,0
3854,18688,433,4,0
3855,18688,435,5,0
1542,18688,458,6,0
1242,18688,459,7,1
3851,18681,423,1,0
3852,18681,425,2,0
3853,18681,426,3,0
3854,18681,428,4,0
3855,18681,430,5,0
1542,18681,453,6,0
1242,18681,454,7,1
3851,18682,423,1,0
3852,18682,425,2,0
3853,18682,426,3,0
3854,18682,428,4,0
3855,18682,430,5,0
1542,18682,453,6,0
1242,18682,454,7,1
3851,18683,423,1,0
3852,18683,425,2,0
3853,18683,426,3,0
3854,18683,428,4,0
3855,18683,430,5,0
1542,18683,453,6,0
1242,18683,454,7,1
3851,18684,428,1,0
3852,18684,430,2,0
3853,18684,431,3,0
3854,18684,433,4,0
3855,18684,435,5,0
1542,18684,458,6,0
1242,18684,459,7,1
3851,18680,423,1,0
3852,18680,425,2,0
3853,18680,426,3,0
3854,18680,428,4,0
3855,18680,430,5,0
1542,18680,453,6,0
1242,18680,454,7,1
3851,18689,445,1,0
3852,18689,447,2,0
3853,18689,448,3,0
3854,18689,450,4,0
3855,18689,452,5,0
1542,18689,476,6,0
1242,18689,477,7,1
1214,18654,1115,1,0
1540,18654,1116,2,0
3862,18654,1139,3,0
3863,18654,1141,4,0
3864,18654,1142,5,0
3865,18654,1143,6,0
3851,18654,1145,7,1
1214,18655,1115,1,0
1540,18655,1116,2,0
3862,18655,1139,3,0
3863,18655,1141,4,0
3864,18655,1142,5,0
3865,18655,1143,6,0
3851,18655,1145,7,1
1214,18656,1115,1,0
1540,18656,1116,2,0
3862,18656,1139,3,0
3863,18656,1141,4,0
3864,18656,1142,5,0
3865,18656,1143,6,0
3851,18656,1145,7,1
1214,18657,1115,1,0
1540,18657,1116,2,0
3862,18657,1139,3,0
3863,18657,1141,4,0
3864,18657,1142,5,0
3865,18657,1143,6,0
3851,18657,1145,7,1
1214,18658,1115,1,0
1540,18658,1116,2,0
3862,18658,1139,3,0
3863,18658,1141,4,0
3864,18658,1142,5,0
3865,18658,1143,6,0
3851,18658,1145,7,1
1214,18659,1095,1,0
1540,18659,1096,2,0
3862,18659,1119,3,0
3863,18659,1121,4,0
3864,18659,1122,5,0
3865,18659,1123,6,0
3851,18659,1126,7,1
1214,18663,1095,1,0
1540,18663,1096,2,0
3862,18663,1119,3,0
3863,18663,1121,4,0
3864,18663,1122,5,0
3865,18663,1123,6,0
3851,18663,1126,7,1
1214,18664,1055,1,0
1540,18664,1056,2,0
3862,18664,1081,3,0
3863,18664,1083,4,0
3864,18664,1084,5,0
3865,18664,1085,6,0
3851,18664,1088,7,1
1214,18665,1055,1,0
1540,18665,1056,2,0
3862,18665,1081,3,0
3863,18665,1083,4,0
3864,18665,1084,5,0
3865,18665,1085,6,0
3851,18665,1088,7,1
1214,18666,1055,1,0
1540,18666,1056,2,0
3862,18666,1081,3,0
3863,18666,1083,4,0
3864,18666,1084,5,0
3865,18666,1085,6,0
3851,18666,1088,7,1
1214,18660,1095,1,0
1540,18660,1096,2,0
3862,18660,1119,3,0
3863,18660,1121,4,0
3864,18660,1122,5,0
3865,18660,1123,6,0
3851,18660,1126,7,1
1214,18661,1095,1,0
1540,18661,1096,2,0
3862,18661,1119,3,0
3863,18661,1121,4,0
3864,18661,1122,5,0
3865,18661,1123,6,0
3851,18661,1126,7,1
1214,18662,1095,1,0
1540,18662,1096,2,0
3862,18662,1119,3,0
3863,18662,1121,4,0
3864,18662,1122,5,0
3865,18662,1123,6,0
3851,18662,1126,7,1
1214,18667,1055,1,0
1540,18667,1056,2,0
3862,18667,1081,3,0
3863,18667,1083,4,0
3864,18667,1084,5,0
3865,18667,1085,6,0
3851,18667,1088,7,1
1214,18668,1055,1,0
1540,18668,1056,2,0
3862,18668,1081,3,0
3863,18668,1083,4,0
3864,18668,1084,5,0
3865,18668,1085,6,0
3851,18668,1088,7,1
1214,18669,1035,1,0
1540,18669,1036,2,0
3862,18669,1061,3,0
3863,18669,1063,4,0
3864,18669,1065,5,0
3865,18669,1066,6,0
3851,18669,1069,7,1
3851,18708,505,1,0
3852,18708,507,2,0
3853,18708,508,3,0
3854,18708,510,4,0
3855,18708,512,5,0
1542,18708,537,6,0
1242,18708,538,7,1
3851,18704,505,1,0
3852,18704,507,2,0
3853,18704,508,3,0
3854,18704,510,4,0
3855,18704,512,5,0
1542,18704,537,6,0
1242,18704,538,7,1
3851,18705,505,1,0
3852,18705,507,2,0
3853,18705,508,3,0
3854,18705,510,4,0
3855,18705,512,5,0
1542,18705,537,6,0
1242,18705,538,7,1
3851,18706,505,1,0
3852,18706,507,2,0
3853,18706,508,3,0
3854,18706,510,4,0
3855,18706,512,5,0
1542,18706,537,6,0
1242,18706,538,7,1
3851,18707,505,1,0
3852,18707,507,2,0
3853,18707,508,3,0
3854,18707,510,4,0
3855,18707,512,5,0
1542,18707,537,6,0
1242,18707,538,7,1
1214,18700,995,1,0
1540,18700,996,2,0
3862,18700,1020,3,0
3863,18700,1022,4,0
3864,18700,1023,5,0
3865,18700,1024,6,0
3851,18700,1027,7,1
1214,18701,995,1,0
1540,18701,996,2,0
3862,18701,1020,3,0
3863,18701,1022,4,0
3864,18701,1023,5,0
3865,18701,1024,6,0
3851,18701,1027,7,1
1214,18702,995,1,0
1540,18702,996,2,0
3862,18702,1020,3,0
3863,18702,1022,4,0
3864,18702,1023,5,0
3865,18702,1024,6,0
3851,18702,1027,7,1
1214,18703,995,1,0
1540,18703,996,2,0
3862,18703,1020,3,0
3863,18703,1022,4,0
3864,18703,1023,5,0
3865,18703,1024,6,0
3851,18703,1027,7,1
