arret_id,trajet_id,heure_depart,stop_sequence,terminus
3401,58,870,1,0
3410,58,871,2,0
3408,58,873,3,0
3404,58,874,4,0
3405,58,876,5,0
2631,58,880,6,0
2630,58,881,7,0
2603,58,882,8,0
1511,58,890,9,1
3401,7050,1010,1,0
3410,7050,1011,2,0
3408,7050,1014,3,0
3404,7050,1015,4,0
3405,7050,1017,5,0
2631,7050,1021,6,0
2630,7050,1022,7,0
2603,7050,1024,8,0
1511,7050,1032,9,1
3401,7163,1090,1,0
3410,7163,1091,2,0
3408,7163,1094,3,0
3404,7163,1095,4,0
3405,7163,1097,5,0
2631,7163,1101,6,0
2630,7163,1102,7,0
2603,7163,1104,8,0
1511,7163,1112,9,1
3401,7170,1200,1,0
3410,7170,1201,2,0
3408,7170,1204,3,0
3404,7170,1205,4,0
3405,7170,1207,5,0
2631,7170,1211,6,0
2630,7170,1212,7,0
2603,7170,1213,8,0
1511,7170,1221,9,1
3401,7134,600,1,0
3410,7134,601,2,0
3408,7134,604,3,0
3404,7134,605,4,0
3405,7134,607,5,0
2631,7134,611,6,0
2630,7134,612,7,0
2603,7134,614,8,0
1511,7134,622,9,1
3401,7128,1165,1,0
3410,7128,1166,2,0
3408,7128,1169,3,0
3404,7128,1170,4,0
3405,7128,1172,5,0
2631,7128,1176,6,0
2630,7128,1177,7,0
2603,7128,1178,8,0
1511,7128,1186,9,1
3401,3209,435,1,0
3410,3209,436,2,0
3408,3209,439,3,0
3404,3209,440,4,0
3405,3209,443,5,0
2631,3209,447,6,0
2630,3209,448,7,0
2603,3209,450,8,0
1511,3209,461,9,1
1511,3349,810,1,0
2619,3349,818,2,0
2633,3349,819,3,0
2632,3349,820,4,0
3406,3349,823,5,0
3407,3349,824,6,0
3409,3349,825,7,0
3403,3349,826,8,0
3402,3349,829,9,0
3401,3349,830,10,1
1511,3569,840,1,0
2619,3569,848,2,0
2633,3569,849,3,0
2632,3569,850,4,0
3406,3569,853,5,0
3407,3569,854,6,0
3409,3569,855,7,0
3403,3569,856,8,0
3402,3569,859,9,0
3401,3569,860,10,1
3401,3615,1070,1,0
3410,3615,1071,2,0
3408,3615,1074,3,0
3404,3615,1075,4,0
3405,3615,1077,5,0
2631,3615,1081,6,0
2630,3615,1082,7,0
2603,3615,1084,8,0
1511,3615,1092,9,1
3401,3689,900,1,0
3410,3689,901,2,0
3408,3689,904,3,0
3404,3689,905,4,0
3405,3689,907,5,0
2631,3689,911,6,0
2630,3689,912,7,0
2603,3689,914,8,0
1511,3689,922,9,1
1511,3706,1080,1,0
2619,3706,1089,2,0
2633,3706,1091,3,0
2632,3706,1092,4,0
3406,3706,1095,5,0
3407,3706,1096,6,0
3409,3706,1097,7,0
3403,3706,1098,8,0
3402,3706,1101,9,0
3401,3706,1103,10,1
3401,3705,1080,1,0
3410,3705,1081,2,0
3408,3705,1083,3,0
3404,3705,1084,4,0
3405,3705,1086,5,0
2631,3705,1090,6,0
2630,3705,1091,7,0
2603,3705,1092,8,0
1511,3705,1100,9,1
1511,152,1060,1,0
2619,152,1069,2,0
2633,152,1071,3,0
2632,152,1072,4,0
3406,152,1075,5,0
3407,152,1076,6,0
3409,152,1077,7,0
3403,152,1078,8,0
3402,152,1081,9,0
3401,152,1083,10,1
3401,3812,540,1,0
3410,3812,541,2,0
3408,3812,544,3,0
3404,3812,545,4,0
3405,3812,547,5,0
2631,3812,551,6,0
2630,3812,552,7,0
2603,3812,554,8,0
1511,3812,563,9,1
1511,3802,1080,1,0
2619,3802,1088,2,0
2633,3802,1090,3,0
2632,3802,1091,4,0
3406,3802,1094,5,0
3407,3802,1095,6,0
3409,3802,1096,7,0
3403,3802,1097,8,0
3402,3802,1100,9,0
3401,3802,1101,10,1
3401,4964,900,1,0
3410,4964,901,2,0
3408,4964,903,3,0
3404,4964,904,4,0
3405,4964,906,5,0
2631,4964,910,6,0
2630,4964,911,7,0
2603,4964,912,8,0
1511,4964,921,9,1
3401,3040,1020,1,0
3410,3040,1021,2,0
3408,3040,1023,3,0
3404,3040,1024,4,0
3405,3040,1026,5,0
2631,3040,1030,6,0
2630,3040,1031,7,0
2603,3040,1032,8,0
1511,3040,1041,9,1
1511,3069,745,1,0
2619,3069,753,2,0
2633,3069,754,3,0
2632,3069,755,4,0
3406,3069,758,5,0
3407,3069,759,6,0
3409,3069,760,7,0
3403,3069,761,8,0
3402,3069,764,9,0
3401,3069,765,10,1
1511,3928,960,1,0
2619,3928,968,2,0
2633,3928,970,3,0
2632,3928,971,4,0
3406,3928,974,5,0
3407,3928,975,6,0
3409,3928,976,7,0
3403,3928,977,8,0
3402,3928,980,9,0
3401,3928,981,10,1
1511,3922,1190,1,0
2619,3922,1198,2,0
2633,3922,1200,3,0
2632,3922,1201,4,0
3406,3922,1204,5,0
3407,3922,1205,6,0
3409,3922,1206,7,0
3403,3922,1207,8,0
3402,3922,1210,9,0
3401,3922,1211,10,1
3401,3112,1140,1,0
3410,3112,1141,2,0
3408,3112,1143,3,0
3404,3112,1144,4,0
3405,3112,1146,5,0
2631,3112,1150,6,0
2630,3112,1151,7,0
2603,3112,1152,8,0
1511,3112,1160,9,1
1511,3122,410,1,0
2619,3122,418,2,0
2633,3122,420,3,0
2632,3122,421,4,0
3406,3122,424,5,0
3407,3122,425,6,0
3409,3122,426,7,0
3403,3122,427,8,0
3402,3122,430,9,0
3401,3122,431,10,1
3401,3180,930,1,0
3410,3180,931,2,0
3408,3180,933,3,0
3404,3180,934,4,0
3405,3180,936,5,0
2631,3180,940,6,0
2630,3180,941,7,0
2603,3180,942,8,0
1511,3180,951,9,1
1511,6884,1020,1,0
2619,6884,1028,2,0
2633,6884,1030,3,0
2632,6884,1031,4,0
3406,6884,1034,5,0
3407,6884,1035,6,0
3409,6884,1036,7,0
3403,6884,1037,8,0
3402,6884,1040,9,0
3401,6884,1042,10,1
1511,6880,1020,1,0
2619,6880,1028,2,0
2633,6880,1030,3,0
2632,6880,1031,4,0
3406,6880,1034,5,0
3407,6880,1035,6,0
3409,6880,1036,7,0
3403,6880,1037,8,0
3402,6880,1040,9,0
3401,6880,1041,10,1
1511,521,1140,1,0
2619,521,1148,2,0
2633,521,1150,3,0
2632,521,1151,4,0
3406,521,1154,5,0
3407,521,1155,6,0
3409,521,1156,7,0
3403,521,1157,8,0
3402,521,1160,9,0
3401,521,1161,10,1
3401,2985,1140,1,0
3410,2985,1141,2,0
3408,2985,1144,3,0
3404,2985,1145,4,0
3405,2985,1147,5,0
2631,2985,1151,6,0
2630,2985,1152,7,0
2603,2985,1153,8,0
1511,2985,1161,9,1
3401,500,455,1,0
3410,500,456,2,0
3408,500,459,3,0
3404,500,460,4,0
3405,500,463,5,0
2631,500,467,6,0
2630,500,468,7,0
2603,500,470,8,0
1511,500,482,9,1
1511,2931,870,1,0
2619,2931,878,2,0
2633,2931,880,3,0
2632,2931,881,4,0
3406,2931,884,5,0
3407,2931,885,6,0
3409,2931,886,7,0
3403,2931,887,8,0
3402,2931,890,9,0
3401,2931,891,10,1
1511,1726,985,1,0
2619,1726,993,2,0
2633,1726,995,3,0
2632,1726,996,4,0
3406,1726,999,5,0
3407,1726,1000,6,0
3409,1726,1001,7,0
3403,1726,1002,8,0
3402,1726,1005,9,0
3401,1726,1006,10,1
3401,1721,405,1,0
3410,1721,406,2,0
3408,1721,409,3,0
3404,1721,410,4,0
3405,1721,412,5,0
2631,1721,416,6,0
2630,1721,417,7,0
2603,1721,419,8,0
1511,1721,427,9,1
3401,1710,1200,1,0
3410,1710,1201,2,0
3408,1710,1203,3,0
3404,1710,1204,4,0
3405,1710,1206,5,0
2631,1710,1210,6,0
2630,1710,1211,7,0
2603,1710,1212,8,0
1511,1710,1220,9,1
3401,4509,990,1,0
3410,4509,991,2,0
3408,4509,993,3,0
3404,4509,994,4,0
3405,4509,996,5,0
2631,4509,1000,6,0
2630,4509,1001,7,0
2603,4509,1002,8,0
1511,4509,1011,9,1
1511,4559,1050,1,0
2619,4559,1058,2,0
2633,4559,1060,3,0
2632,4559,1061,4,0
3406,4559,1064,5,0
3407,4559,1065,6,0
3409,4559,1066,7,0
3403,4559,1067,8,0
3402,4559,1070,9,0
3401,4559,1071,10,1
1511,1644,1095,1,0
2619,1644,1104,2,0
2633,1644,1106,3,0
2632,1644,1107,4,0
3406,1644,1110,5,0
3407,1644,1111,6,0
3409,1644,1112,7,0
3403,1644,1113,8,0
3402,1644,1116,9,0
3401,1644,1117,10,0
3411,1644,1120,11,0
3412,1644,1121,12,0
3413,1644,1122,13,0
3414,1644,1124,14,0
3415,1644,1126,15,0
3416,1644,1127,16,0
3417,1644,1128,17,0
3418,1644,1130,18,0
3419,1644,1131,19,1
1511,1645,470,1,0
2619,1645,478,2,0
2633,1645,480,3,0
2632,1645,481,4,0
3406,1645,484,5,0
3407,1645,485,6,0
3409,1645,486,7,0
3403,1645,487,8,0
3402,1645,490,9,0
3401,1645,491,10,1
3401,1673,990,1,0
3410,1673,991,2,0
3408,1673,994,3,0
3404,1673,995,4,0
3405,1673,997,5,0
2631,1673,1001,6,0
2630,1673,1002,7,0
2603,1673,1004,8,0
1511,1673,1012,9,1
1511,5969,930,1,0
2619,5969,938,2,0
2633,5969,940,3,0
2632,5969,941,4,0
3406,5969,944,5,0
3407,5969,945,6,0
3409,5969,946,7,0
3403,5969,947,8,0
3402,5969,950,9,0
3401,5969,951,10,1
3401,5967,660,1,0
3410,5967,661,2,0
3408,5967,663,3,0
3404,5967,664,4,0
3405,5967,666,5,0
2631,5967,670,6,0
2630,5967,671,7,0
2603,5967,672,8,0
1511,5967,680,9,1
1511,5958,1000,1,0
2619,5958,1008,2,0
2633,5958,1010,3,0
2632,5958,1011,4,0
3406,5958,1014,5,0
3407,5958,1015,6,0
3409,5958,1016,7,0
3403,5958,1017,8,0
3402,5958,1020,9,0
3401,5958,1021,10,1
3401,357,1030,1,0
3410,357,1031,2,0
3408,357,1034,3,0
3404,357,1035,4,0
3405,357,1037,5,0
2631,357,1041,6,0
2630,357,1042,7,0
2603,357,1044,8,0
1511,357,1052,9,1
1511,359,490,1,0
2619,359,498,2,0
2633,359,500,3,0
2632,359,501,4,0
3406,359,504,5,0
3407,359,505,6,0
3409,359,506,7,0
3403,359,507,8,0
3402,359,510,9,0
3401,359,511,10,1
1511,5910,755,1,0
2619,5910,763,2,0
2633,5910,765,3,0
2632,5910,766,4,0
3406,5910,769,5,0
3407,5910,770,6,0
3409,5910,771,7,0
3403,5910,772,8,0
3402,5910,775,9,0
3401,5910,776,10,1
1511,6964,1170,1,0
2619,6964,1178,2,0
2633,6964,1180,3,0
2632,6964,1181,4,0
3406,6964,1184,5,0
3407,6964,1185,6,0
3409,6964,1186,7,0
3403,6964,1187,8,0
3402,6964,1190,9,0
3401,6964,1191,10,1
3401,6981,1110,1,0
3410,6981,1111,2,0
3408,6981,1114,3,0
3404,6981,1115,4,0
3405,6981,1117,5,0
2631,6981,1121,6,0
2630,6981,1122,7,0
2603,6981,1123,8,0
1511,6981,1131,9,1
3401,4808,720,1,0
3410,4808,721,2,0
3408,4808,724,3,0
3404,4808,725,4,0
3405,4808,727,5,0
2631,4808,731,6,0
2630,4808,732,7,0
2603,4808,734,8,0
1511,4808,742,9,1
3401,5823,780,1,0
3410,5823,781,2,0
3408,5823,783,3,0
3404,5823,784,4,0
3405,5823,786,5,0
2631,5823,790,6,0
2630,5823,791,7,0
2603,5823,792,8,0
1511,5823,800,9,1
1511,1428,450,1,0
2619,1428,458,2,0
2633,1428,460,3,0
2632,1428,461,4,0
3406,1428,464,5,0
3407,1428,465,6,0
3409,1428,466,7,0
3403,1428,467,8,0
3402,1428,470,9,0
3401,1428,471,10,1
3401,956,1165,1,0
3410,956,1166,2,0
3408,956,1168,3,0
3404,956,1169,4,0
3405,956,1171,5,0
2631,956,1175,6,0
2630,956,1176,7,0
2603,956,1177,8,0
1511,956,1185,9,1
1511,2433,1110,1,0
2619,2433,1118,2,0
2633,2433,1120,3,0
2632,2433,1121,4,0
3406,2433,1124,5,0
3407,2433,1125,6,0
3409,2433,1126,7,0
3403,2433,1127,8,0
3402,2433,1130,9,0
3401,2433,1131,10,1
3401,2431,545,1,0
3410,2431,546,2,0
3408,2431,548,3,0
3404,2431,549,4,0
3405,2431,551,5,0
2631,2431,555,6,0
2630,2431,556,7,0
2603,2431,557,8,0
1511,2431,565,9,1
3401,4218,600,1,0
3410,4218,601,2,0
3408,4218,603,3,0
3404,4218,604,4,0
3405,4218,606,5,0
2631,4218,610,6,0
2630,4218,611,7,0
2603,4218,612,8,0
1511,4218,620,9,1
1511,4229,1135,1,0
2619,4229,1143,2,0
2633,4229,1145,3,0
2632,4229,1146,4,0
3406,4229,1149,5,0
3407,4229,1150,6,0
3409,4229,1151,7,0
3403,4229,1152,8,0
3402,4229,1155,9,0
3401,4229,1156,10,1
3401,4288,960,1,0
3410,4288,961,2,0
3408,4288,964,3,0
3404,4288,965,4,0
3405,4288,967,5,0
2631,4288,971,6,0
2630,4288,972,7,0
2603,4288,974,8,0
1511,4288,982,9,1
3401,1341,1050,1,0
3410,1341,1051,2,0
3408,1341,1054,3,0
3404,1341,1055,4,0
3405,1341,1057,5,0
2631,1341,1061,6,0
2630,1341,1062,7,0
2603,1341,1064,8,0
1511,1341,1072,9,1
1511,4115,510,1,0
2619,4115,518,2,0
2633,4115,520,3,0
2632,4115,521,4,0
3406,4115,524,5,0
3407,4115,525,6,0
3409,4115,526,7,0
3403,4115,527,8,0
3402,4115,530,9,0
3401,4115,531,10,1
3411,1200,418,1,0
3412,1200,419,2,0
3413,1200,420,3,0
3414,1200,423,4,0
3415,1200,425,5,0
3416,1200,426,6,0
3417,1200,427,7,0
3418,1200,429,8,0
3419,1200,430,9,0
3410,1200,434,10,1
1511,2777,965,1,0
2619,2777,973,2,0
2633,2777,975,3,0
2632,2777,976,4,0
3406,2777,979,5,0
3407,2777,980,6,0
3409,2777,981,7,0
3403,2777,982,8,0
3402,2777,985,9,0
3401,2777,986,10,1
3401,4451,495,1,0
3410,4451,496,2,0
3408,4451,499,3,0
3404,4451,500,4,0
3405,4451,503,5,0
2631,4451,507,6,0
2630,4451,508,7,0
2603,4451,510,8,0
1511,4451,521,9,1
1511,2666,430,1,0
2619,2666,438,2,0
2633,2666,440,3,0
2632,2666,441,4,0
3406,2666,444,5,0
3407,2666,445,6,0
3409,2666,446,7,0
3403,2666,447,8,0
3402,2666,450,9,0
3401,2666,451,10,1
1511,5500,570,1,0
2619,5500,578,2,0
2633,5500,580,3,0
2632,5500,581,4,0
3406,5500,584,5,0
3407,5500,585,6,0
3409,5500,586,7,0
3403,5500,587,8,0
3402,5500,590,9,0
3401,5500,591,10,1
1511,1104,1230,1,0
2619,1104,1237,2,0
2633,1104,1238,3,0
2632,1104,1239,4,0
3406,1104,1242,5,0
3407,1104,1243,6,0
3409,1104,1244,7,0
3403,1104,1245,8,0
3402,1104,1248,9,0
3401,1104,1249,10,1
3401,1120,515,1,0
3410,1120,516,2,0
3408,1120,519,3,0
3404,1120,520,4,0
3405,1120,522,5,0
2631,1120,526,6,0
2630,1120,527,7,0
2603,1120,529,8,0
1511,1120,540,9,1
3401,2623,960,1,0
3410,2623,961,2,0
3408,2623,963,3,0
3404,2623,964,4,0
3405,2623,966,5,0
2631,2623,970,6,0
2630,2623,971,7,0
2603,2623,972,8,0
1511,2623,981,9,1
3401,2619,780,1,0
3410,2619,781,2,0
3408,2619,784,3,0
3404,2619,785,4,0
3405,2619,787,5,0
2631,2619,791,6,0
2630,2619,792,7,0
2603,2619,794,8,0
1511,2619,802,9,1
3401,1063,490,1,0
3410,1063,491,2,0
3408,1063,493,3,0
3404,1063,494,4,0
3405,1063,496,5,0
2631,1063,500,6,0
2630,1063,501,7,0
2603,1063,502,8,0
1511,1063,510,9,1
3401,5415,660,1,0
3410,5415,661,2,0
3408,5415,664,3,0
3404,5415,665,4,0
3405,5415,667,5,0
2631,5415,671,6,0
2630,5415,672,7,0
2603,5415,674,8,0
1511,5415,682,9,1
1511,4300,900,1,0
2619,4300,908,2,0
2633,4300,910,3,0
2632,4300,911,4,0
3406,4300,914,5,0
3407,4300,915,6,0
3409,4300,916,7,0
3403,4300,917,8,0
3402,4300,920,9,0
3401,4300,921,10,1
3401,5364,435,1,0
3410,5364,436,2,0
3408,5364,438,3,0
3404,5364,439,4,0
3405,5364,441,5,0
2631,5364,445,6,0
2630,5364,446,7,0
2603,5364,447,8,0
1511,5364,455,9,1
3401,6085,840,1,0
3410,6085,841,2,0
3408,6085,844,3,0
3404,6085,845,4,0
3405,6085,847,5,0
2631,6085,851,6,0
2630,6085,852,7,0
2603,6085,854,8,0
1511,6085,862,9,1
3401,5348,1110,1,0
3410,5348,1111,2,0
3408,5348,1113,3,0
3404,5348,1114,4,0
3405,5348,1116,5,0
2631,5348,1120,6,0
2630,5348,1121,7,0
2603,5348,1122,8,0
1511,5348,1130,9,1
1511,5346,1230,1,0
2619,5346,1238,2,0
2633,5346,1240,3,0
2632,5346,1241,4,0
3406,5346,1244,5,0
3407,5346,1245,6,0
3409,5346,1246,7,0
3403,5346,1247,8,0
3402,5346,1250,9,0
3401,5346,1251,10,1
1511,5272,460,1,0
2619,5272,468,2,0
2633,5272,469,3,0
2632,5272,470,4,0
3406,5272,473,5,0
3407,5272,474,6,0
3409,5272,475,7,0
3403,5272,476,8,0
3402,5272,479,9,0
3401,5272,480,10,1
1511,7344,810,1,0
2619,7344,818,2,0
2633,7344,820,3,0
2632,7344,821,4,0
3406,7344,824,5,0
3407,7344,825,6,0
3409,7344,826,7,0
3403,7344,827,8,0
3402,7344,830,9,0
3401,7344,831,10,1
1511,5108,1165,1,0
2619,5108,1173,2,0
2633,5108,1175,3,0
2632,5108,1176,4,0
3406,5108,1179,5,0
3407,5108,1180,6,0
3409,5108,1181,7,0
3403,5108,1182,8,0
3402,5108,1185,9,0
3401,5108,1186,10,1
3401,6298,720,1,0
3410,6298,721,2,0
3408,6298,723,3,0
3404,6298,724,4,0
3405,6298,726,5,0
2631,6298,730,6,0
2630,6298,731,7,0
2603,6298,732,8,0
1511,6298,740,9,1
1511,4058,1040,1,0
2619,4058,1049,2,0
2633,4058,1051,3,0
2632,4058,1052,4,0
3406,4058,1055,5,0
3407,4058,1056,6,0
3409,4058,1057,7,0
3403,4058,1058,8,0
3402,4058,1061,9,0
3401,4058,1063,10,1
1511,7218,990,1,0
2619,7218,998,2,0
2633,7218,1000,3,0
2632,7218,1001,4,0
3406,7218,1004,5,0
3407,7218,1005,6,0
3409,7218,1006,7,0
3403,7218,1007,8,0
3402,7218,1010,9,0
3401,7218,1011,10,1
1511,6134,690,1,0
2619,6134,698,2,0
2633,6134,700,3,0
2632,6134,701,4,0
3406,6134,704,5,0
3407,6134,705,6,0
3409,6134,706,7,0
3403,6134,707,8,0
3402,6134,710,9,0
3401,6134,711,10,1
1511,6104,630,1,0
2619,6104,638,2,0
2633,6104,640,3,0
2632,6104,641,4,0
3406,6104,644,5,0
3407,6104,645,6,0
3409,6104,646,7,0
3403,6104,647,8,0
3402,6104,650,9,0
3401,6104,651,10,1
3401,6446,1050,1,0
3410,6446,1051,2,0
3408,6446,1053,3,0
3404,6446,1054,4,0
3405,6446,1056,5,0
2631,6446,1060,6,0
2630,6446,1061,7,0
2603,6446,1062,8,0
1511,6446,1071,9,1
1511,6318,1115,1,0
2619,6318,1124,2,0
2633,6318,1126,3,0
2632,6318,1127,4,0
3406,6318,1130,5,0
3407,6318,1131,6,0
3409,6318,1132,7,0
3403,6318,1133,8,0
3402,6318,1136,9,0
3401,6318,1137,10,1
3401,6596,840,1,0
3410,6596,841,2,0
3408,6596,843,3,0
3404,6596,844,4,0
3405,6596,846,5,0
2631,6596,850,6,0
2630,6596,851,7,0
2603,6596,852,8,0
1511,6596,860,9,1
3401,6535,475,1,0
3410,6535,476,2,0
3408,6535,479,3,0
3404,6535,480,4,0
3405,6535,483,5,0
2631,6535,487,6,0
2630,6535,488,7,0
2603,6535,490,8,0
1511,6535,502,9,1
1511,6540,515,1,0
2619,6540,523,2,0
2633,6540,524,3,0
2632,6540,525,4,0
3406,6540,528,5,0
3407,6540,529,6,0
3409,6540,530,7,0
3403,6540,531,8,0
3402,6540,534,9,0
3401,6540,535,10,1
