arret_id,trajet_id,heure_depart,stop_sequence,terminus
2372,2252,550,1,0
2374,2252,553,2,0
2331,2252,554,3,0
2348,2252,557,4,0
2343,2252,558,5,0
4741,2252,566,6,0
4703,2252,568,7,0
4705,2252,570,8,0
4707,2252,571,9,0
4708,2252,572,10,1
2372,2271,735,1,0
2374,2271,738,2,0
2331,2271,739,3,0
2348,2271,742,4,0
2343,2271,743,5,0
4741,2271,751,6,0
4703,2271,753,7,0
4705,2271,755,8,0
4707,2271,756,9,0
4708,2271,757,10,1
4708,5769,430,1,0
4706,5769,431,2,0
4704,5769,432,3,0
4702,5769,434,4,0
4740,5769,436,5,0
2332,5769,444,6,0
2348,5769,445,7,0
2344,5769,447,8,0
2375,5769,448,9,0
2372,5769,450,10,1
4708,5279,460,1,0
4706,5279,461,2,0
4704,5279,462,3,0
4702,5279,464,4,0
4740,5279,466,5,0
2332,5279,474,6,0
2348,5279,475,7,0
2344,5279,477,8,0
2375,5279,478,9,0
2372,5279,480,10,1
2372,7274,490,1,0
2374,7274,493,2,0
2331,7274,494,3,0
2348,7274,497,4,0
2343,7274,498,5,0
4741,7274,506,6,0
4703,7274,508,7,0
4705,7274,510,8,0
4707,7274,511,9,0
4708,7274,512,10,1
2372,7656,985,1,0
2374,7656,988,2,0
2331,7656,989,3,0
2348,7656,992,4,0
2343,7656,993,5,0
4741,7656,1001,6,0
4703,7656,1003,7,0
4705,7656,1005,8,0
4707,7656,1006,9,0
4708,7656,1007,10,1
2372,1951,1130,1,0
2374,1951,1133,2,0
2331,1951,1134,3,0
2348,1951,1137,4,0
2343,1951,1138,5,0
4741,1951,1146,6,0
4703,1951,1148,7,0
4705,1951,1150,8,0
4707,1951,1151,9,0
4708,1951,1152,10,1
4708,3241,780,1,0
4706,3241,781,2,0
4704,3241,782,3,0
4702,3241,784,4,0
4740,3241,786,5,0
2332,3241,794,6,0
2348,3241,795,7,0
2344,3241,797,8,0
2375,3241,798,9,0
2372,3241,800,10,1
4708,8372,1010,1,0
4706,8372,1011,2,0
4704,8372,1012,3,0
4702,8372,1014,4,0
4740,8372,1016,5,0
2332,8372,1024,6,0
2348,8372,1025,7,0
2344,8372,1027,8,0
2375,8372,1028,9,0
2372,8372,1030,10,1
4708,3844,1065,1,0
4706,3844,1066,2,0
4704,3844,1067,3,0
4702,3844,1069,4,0
4740,3844,1071,5,0
2332,3844,1079,6,0
2348,3844,1080,7,0
2344,3844,1082,8,0
2375,3844,1083,9,0
2372,3844,1085,10,1
4708,8080,520,1,0
4706,8080,521,2,0
4704,8080,522,3,0
4702,8080,524,4,0
4740,8080,526,5,0
2332,8080,534,6,0
2348,8080,535,7,0
2344,8080,537,8,0
2375,8080,538,9,0
2372,8080,540,10,1
2372,6817,1035,1,0
2374,6817,1038,2,0
2331,6817,1039,3,0
2348,6817,1042,4,0
2343,6817,1043,5,0
4741,6817,1051,6,0
4703,6817,1053,7,0
4705,6817,1055,8,0
4707,6817,1056,9,0
4708,6817,1057,10,1
2372,4587,1065,1,0
2374,4587,1068,2,0
2331,4587,1069,3,0
2348,4587,1072,4,0
2343,4587,1073,5,0
4741,4587,1081,6,0
4703,4587,1083,7,0
4705,4587,1085,8,0
4707,4587,1086,9,0
4708,4587,1087,10,1
2372,714,1105,1,0
2374,714,1108,2,0
2331,714,1109,3,0
2348,714,1112,4,0
2343,714,1113,5,0
4741,714,1121,6,0
4703,714,1123,7,0
4705,714,1125,8,0
4707,714,1126,9,0
4708,714,1127,10,1
4708,623,550,1,0
4706,623,551,2,0
4704,623,552,3,0
4702,623,554,4,0
4740,623,556,5,0
2332,623,564,6,0
2348,623,565,7,0
2344,623,567,8,0
2375,623,568,9,0
2372,623,570,10,1
2372,6151,520,1,0
2374,6151,523,2,0
2331,6151,524,3,0
2348,6151,527,4,0
2343,6151,528,5,0
4741,6151,536,6,0
4703,6151,538,7,0
4705,6151,540,8,0
4707,6151,541,9,0
4708,6151,542,10,1
2372,6409,460,1,0
2374,6409,463,2,0
2331,6409,464,3,0
2348,6409,467,4,0
2343,6409,468,5,0
4741,6409,476,6,0
4703,6409,478,7,0
4705,6409,480,8,0
4707,6409,481,9,0
4708,6409,482,10,1
4708,6660,485,1,0
4706,6660,486,2,0
4704,6660,487,3,0
4702,6660,489,4,0
4740,6660,491,5,0
2332,6660,499,6,0
2348,6660,500,7,0
2344,6660,502,8,0
2375,6660,503,9,0
2372,6660,505,10,1
4708,6541,1100,1,0
4706,6541,1101,2,0
4704,6541,1102,3,0
4702,6541,1104,4,0
4740,6541,1106,5,0
2332,6541,1114,6,0
2348,6541,1115,7,0
2344,6541,1117,8,0
2375,6541,1118,9,0
2372,6541,1120,10,1
