arret_id,trajet_id,heure_depart,stop_sequence,terminus
1529,80,470,1,0
1495,80,474,2,0
1537,80,476,3,0
2830,80,477,4,0
3516,80,481,5,0
2837,80,485,6,0
4503,80,494,7,0
4505,80,494,8,0
4511,80,495,9,0
4509,80,497,10,0
4507,80,498,11,1
4507,7188,400,1,0
4508,7188,401,2,0
4510,7188,403,3,0
4502,7188,404,4,0
4504,7188,405,5,0
4062,7188,414,6,0
3506,7188,418,7,0
1492,7188,421,8,0
1543,7188,422,9,0
1493,7188,424,10,0
1529,7188,428,11,1
1529,2268,1110,1,0
1495,2268,1114,2,0
1537,2268,1116,3,0
2830,2268,1117,4,0
3516,2268,1120,5,0
2837,2268,1123,6,0
4503,2268,1132,7,0
4505,2268,1133,8,0
4511,2268,1134,9,0
4509,2268,1136,10,0
4507,2268,1137,11,1
1529,2063,490,1,0
1495,2063,494,2,0
1537,2063,496,3,0
2830,2063,497,4,0
3516,2063,501,5,0
2837,2063,505,6,0
4503,2063,514,7,0
4505,2063,514,8,0
4511,2063,515,9,0
4509,2063,517,10,0
4507,2063,518,11,1
1529,1802,935,1,0
1495,1802,939,2,0
1537,1802,941,3,0
2830,1802,942,4,0
3516,1802,946,5,0
2837,1802,950,6,0
4503,1802,959,7,0
4505,1802,959,8,0
4511,1802,961,9,0
4509,1802,962,10,0
4507,1802,964,11,1
4507,1789,1073,1,0
4508,1789,1074,2,0
4510,1789,1076,3,0
4502,1789,1077,4,0
4504,1789,1078,5,0
4062,1789,1086,6,0
3506,1789,1090,7,0
1492,1789,1093,8,0
1543,1789,1094,9,0
1493,1789,1096,10,0
1529,1789,1100,11,1
1529,1740,450,1,0
1495,1740,454,2,0
1537,1740,456,3,0
2830,1740,457,4,0
3516,1740,460,5,0
2837,1740,464,6,0
4503,1740,473,7,0
4505,1740,473,8,0
4511,1740,474,9,0
4509,1740,476,10,0
4507,1740,477,11,1
1529,1670,940,1,0
1495,1670,943,2,0
1537,1670,945,3,0
2830,1670,946,4,0
3516,1670,950,5,0
2837,1670,954,6,0
4503,1670,963,7,0
4505,1670,964,8,0
4511,1670,965,9,0
4509,1670,967,10,0
4507,1670,968,11,1
1529,1588,665,1,0
1495,1588,668,2,0
1537,1588,670,3,0
2830,1588,671,4,0
3516,1588,675,5,0
2837,1588,678,6,0
4503,1588,687,7,0
4505,1588,687,8,0
4511,1588,688,9,0
4509,1588,690,10,0
4507,1588,691,11,1
1529,5990,1190,1,0
1495,5990,1194,2,0
1537,5990,1196,3,0
2830,5990,1197,4,0
3516,5990,1200,5,0
2837,5990,1204,6,0
4503,5990,1213,7,0
4505,5990,1213,8,0
4511,5990,1215,9,0
4509,5990,1216,10,0
4507,5990,1218,11,1
4507,5812,1120,1,0
4508,5812,1121,2,0
4510,5812,1123,3,0
4502,5812,1124,4,0
4504,5812,1125,5,0
4062,5812,1133,6,0
3506,5812,1136,7,0
1492,5812,1139,8,0
1543,5812,1140,9,0
1493,5812,1142,10,0
1529,5812,1146,11,1
1529,5761,1035,1,0
1495,5761,1039,2,0
1537,5761,1041,3,0
2830,5761,1043,4,0
3516,5761,1047,5,0
2837,5761,1051,6,0
4503,5761,1060,7,0
4505,5761,1061,8,0
4511,5761,1063,9,0
4509,5761,1064,10,0
4507,5761,1066,11,1
4507,5712,795,1,0
4508,5712,796,2,0
4510,5712,798,3,0
4502,5712,799,4,0
4504,5712,800,5,0
4062,5712,808,6,0
3506,5712,811,7,0
1492,5712,814,8,0
1543,5712,815,9,0
1493,5712,816,10,0
1529,5712,820,11,1
1529,1394,760,1,0
1495,1394,763,2,0
1537,1394,765,3,0
2830,1394,766,4,0
3516,1394,770,5,0
2837,1394,773,6,0
4503,1394,782,7,0
4505,1394,782,8,0
4511,1394,783,9,0
4509,1394,785,10,0
4507,1394,786,11,1
1529,1389,1220,1,0
1495,1389,1224,2,0
1537,1389,1226,3,0
2830,1389,1227,4,0
3516,1389,1230,5,0
2837,1389,1234,6,0
4503,1389,1243,7,0
4505,1389,1243,8,0
4511,1389,1245,9,0
4509,1389,1246,10,0
4507,1389,1248,11,1
1529,1388,735,1,0
1495,1388,739,2,0
1537,1388,741,3,0
2830,1388,742,4,0
3516,1388,746,5,0
2837,1388,750,6,0
4503,1388,759,7,0
4505,1388,759,8,0
4511,1388,760,9,0
4509,1388,762,10,0
4507,1388,763,11,1
1529,1212,830,1,0
1495,1212,833,2,0
1537,1212,835,3,0
2830,1212,836,4,0
3516,1212,840,5,0
2837,1212,843,6,0
4503,1212,852,7,0
4505,1212,852,8,0
4511,1212,853,9,0
4509,1212,855,10,0
4507,1212,856,11,1
4507,5576,1145,1,0
4508,5576,1146,2,0
4510,5576,1148,3,0
4502,5576,1149,4,0
4504,5576,1150,5,0
4062,5576,1158,6,0
3506,5576,1161,7,0
1492,5576,1164,8,0
1543,5576,1165,9,0
1493,5576,1166,10,0
1529,5576,1170,11,1
1529,5586,870,1,0
1495,5586,873,2,0
1537,5586,875,3,0
2830,5586,876,4,0
3516,5586,880,5,0
2837,5586,883,6,0
4503,5586,892,7,0
4505,5586,892,8,0
4511,5586,893,9,0
4509,5586,895,10,0
4507,5586,896,11,1
1529,1095,970,1,0
1495,1095,973,2,0
1537,1095,975,3,0
2830,1095,976,4,0
3516,1095,980,5,0
2837,1095,984,6,0
4503,1095,993,7,0
4505,1095,994,8,0
4511,1095,995,9,0
4509,1095,997,10,0
4507,1095,998,11,1
1529,1011,800,1,0
1495,1011,804,2,0
1537,1011,806,3,0
2830,1011,807,4,0
3516,1011,811,5,0
2837,1011,815,6,0
4503,1011,824,7,0
4505,1011,824,8,0
4511,1011,825,9,0
4509,1011,827,10,0
4507,1011,828,11,1
4507,5416,465,1,0
4508,5416,466,2,0
4510,5416,468,3,0
4502,5416,470,4,0
4504,5416,471,5,0
4062,5416,481,6,0
3506,5416,486,7,0
1492,5416,490,8,0
1543,5416,491,9,0
1493,5416,493,10,0
1529,5416,498,11,1
1529,1027,985,1,0
1495,1027,989,2,0
1537,1027,991,3,0
2830,1027,993,4,0
3516,1027,997,5,0
2837,1027,1001,6,0
4503,1027,1010,7,0
4505,1027,1010,8,0
4511,1027,1012,9,0
4509,1027,1013,10,0
4507,1027,1015,11,1
4507,5334,480,1,0
4508,5334,481,2,0
4510,5334,483,3,0
4502,5334,485,4,0
4504,5334,486,5,0
4062,5334,496,6,0
3506,5334,501,7,0
1492,5334,505,8,0
1543,5334,507,9,0
1493,5334,509,10,0
1529,5334,514,11,1
1529,5322,465,1,0
1495,5322,468,2,0
1537,5322,470,3,0
2830,5322,471,4,0
3516,5322,474,5,0
2837,5322,477,6,0
4503,5322,486,7,0
4505,5322,486,8,0
4511,5322,487,9,0
4509,5322,489,10,0
4507,5322,490,11,1
1529,5287,830,1,0
1495,5287,834,2,0
1537,5287,836,3,0
2830,5287,837,4,0
3516,5287,841,5,0
2837,5287,845,6,0
4503,5287,854,7,0
4505,5287,854,8,0
4511,5287,855,9,0
4509,5287,857,10,0
4507,5287,858,11,1
4507,7331,1190,1,0
4508,7331,1191,2,0
4510,7331,1193,3,0
4502,7331,1194,4,0
4504,7331,1195,5,0
4062,7331,1203,6,0
3506,7331,1206,7,0
1492,7331,1209,8,0
1543,7331,1210,9,0
1493,7331,1211,10,0
1529,7331,1215,11,1
4507,5173,505,1,0
4508,5173,506,2,0
4510,5173,508,3,0
4502,5173,510,4,0
4504,5173,511,5,0
4062,5173,521,6,0
3506,5173,525,7,0
1492,5173,529,8,0
1543,5173,531,9,0
1493,5173,533,10,0
1529,5173,538,11,1
4507,5151,1185,1,0
4508,5151,1186,2,0
4510,5151,1188,3,0
4502,5151,1189,4,0
4504,5151,1190,5,0
4062,5151,1198,6,0
3506,5151,1201,7,0
1492,5151,1204,8,0
1543,5151,1205,9,0
1493,5151,1206,10,0
1529,5151,1210,11,1
1529,5197,535,1,0
1495,5197,538,2,0
1537,5197,540,3,0
2830,5197,541,4,0
3516,5197,544,5,0
2837,5197,547,6,0
4503,5197,556,7,0
4505,5197,556,8,0
4511,5197,557,9,0
4509,5197,559,10,0
4507,5197,560,11,1
4507,7244,1000,1,0
4508,7244,1001,2,0
4510,7244,1003,3,0
4502,7244,1004,4,0
4504,7244,1005,5,0
4062,7244,1013,6,0
3506,7244,1017,7,0
1492,7244,1020,8,0
1543,7244,1021,9,0
1493,7244,1023,10,0
1529,7244,1027,11,1
4507,7714,638,1,0
4508,7714,639,2,0
4510,7714,641,3,0
4502,7714,642,4,0
4504,7714,643,5,0
4062,7714,651,6,0
3506,7714,655,7,0
1492,7714,658,8,0
1543,7714,659,9,0
1493,7714,661,10,0
1529,7714,665,11,1
1529,7755,960,1,0
1495,7755,964,2,0
1537,7755,966,3,0
2830,7755,968,4,0
3516,7755,972,5,0
2837,7755,976,6,0
4503,7755,985,7,0
4505,7755,985,8,0
4511,7755,987,9,0
4509,7755,988,10,0
4507,7755,990,11,1
4507,7609,545,1,0
4508,7609,546,2,0
4510,7609,548,3,0
4502,7609,549,4,0
4504,7609,550,5,0
4062,7609,558,6,0
3506,7609,562,7,0
1492,7609,565,8,0
1543,7609,566,9,0
1493,7609,568,10,0
1529,7609,572,11,1
4507,1995,430,1,0
4508,1995,431,2,0
4510,1995,433,3,0
4502,1995,435,4,0
4504,1995,436,5,0
4062,1995,445,6,0
3506,1995,449,7,0
1492,1995,453,8,0
1543,1995,454,9,0
1493,1995,456,10,0
1529,1995,461,11,1
1529,1952,410,1,0
1495,1952,414,2,0
1537,1952,416,3,0
2830,1952,417,4,0
3516,1952,420,5,0
2837,1952,424,6,0
4503,1952,433,7,0
4505,1952,433,8,0
4511,1952,434,9,0
4509,1952,436,10,0
4507,1952,437,11,1
4507,3283,910,1,0
4508,3283,911,2,0
4510,3283,913,3,0
4502,3283,914,4,0
4504,3283,915,5,0
4062,3283,923,6,0
3506,3283,927,7,0
1492,3283,930,8,0
1543,3283,931,9,0
1493,3283,933,10,0
1529,3283,937,11,1
4507,3364,798,1,0
4508,3364,799,2,0
4510,3364,801,3,0
4502,3364,802,4,0
4504,3364,803,5,0
4062,3364,811,6,0
3506,3364,815,7,0
1492,3364,818,8,0
1543,3364,819,9,0
1493,3364,821,10,0
1529,3364,825,11,1
1529,8192,1005,1,0
1495,8192,1008,2,0
1537,8192,1010,3,0
2830,8192,1011,4,0
3516,8192,1015,5,0
2837,8192,1019,6,0
4503,8192,1028,7,0
4505,8192,1029,8,0
4511,8192,1030,9,0
4509,8192,1032,10,0
4507,8192,1033,11,1
1529,8139,600,1,0
1495,8139,603,2,0
1537,8139,605,3,0
2830,8139,606,4,0
3516,8139,610,5,0
2837,8139,613,6,0
4503,8139,622,7,0
4505,8139,622,8,0
4511,8139,623,9,0
4509,8139,625,10,0
4507,8139,626,11,1
4507,8130,768,1,0
4508,8130,769,2,0
4510,8130,771,3,0
4502,8130,772,4,0
4504,8130,773,5,0
4062,8130,781,6,0
3506,8130,785,7,0
1492,8130,788,8,0
1543,8130,789,9,0
1493,8130,791,10,0
1529,8130,795,11,1
1529,3499,670,1,0
1495,3499,674,2,0
1537,3499,676,3,0
2830,3499,677,4,0
3516,3499,681,5,0
2837,3499,685,6,0
4503,3499,694,7,0
4505,3499,694,8,0
4511,3499,695,9,0
4509,3499,697,10,0
4507,3499,698,11,1
4507,8468,863,1,0
4508,8468,864,2,0
4510,8468,866,3,0
4502,8468,867,4,0
4504,8468,868,5,0
4062,8468,876,6,0
3506,8468,880,7,0
1492,8468,883,8,0
1543,8468,884,9,0
1493,8468,886,10,0
1529,8468,890,11,1
4507,3447,1040,1,0
4508,3447,1041,2,0
4510,3447,1043,3,0
4502,3447,1044,4,0
4504,3447,1045,5,0
4062,3447,1053,6,0
3506,3447,1056,7,0
1492,3447,1059,8,0
1543,3447,1060,9,0
1493,3447,1062,10,0
1529,3447,1066,11,1
4507,3475,635,1,0
4508,3475,636,2,0
4510,3475,638,3,0
4502,3475,639,4,0
4504,3475,640,5,0
4062,3475,648,6,0
3506,3475,651,7,0
1492,3475,654,8,0
1543,3475,655,9,0
1493,3475,656,10,0
1529,3475,660,11,1
4507,8337,968,1,0
4508,8337,969,2,0
4510,8337,971,3,0
4502,8337,972,4,0
4504,8337,973,5,0
4062,8337,981,6,0
3506,8337,985,7,0
1492,8337,988,8,0
1543,8337,989,9,0
1493,8337,991,10,0
1529,8337,995,11,1
1529,3659,1005,1,0
1495,3659,1009,2,0
1537,3659,1011,3,0
2830,3659,1013,4,0
3516,3659,1017,5,0
2837,3659,1021,6,0
4503,3659,1030,7,0
4505,3659,1030,8,0
4511,3659,1032,9,0
4509,3659,1033,10,0
4507,3659,1035,11,1
1529,3713,760,1,0
1495,3713,764,2,0
1537,3713,766,3,0
2830,3713,767,4,0
3516,3713,771,5,0
2837,3713,775,6,0
4503,3713,784,7,0
4505,3713,784,8,0
4511,3713,785,9,0
4509,3713,787,10,0
4507,3713,788,11,1
4507,141,525,1,0
4508,141,526,2,0
4510,141,528,3,0
4502,141,529,4,0
4504,141,530,5,0
4062,141,540,6,0
3506,141,544,7,0
1492,141,547,8,0
1543,141,548,9,0
1493,141,550,10,0
1529,141,554,11,1
4507,3773,700,1,0
4508,3773,701,2,0
4510,3773,703,3,0
4502,3773,704,4,0
4504,3773,705,5,0
4062,3773,713,6,0
3506,3773,716,7,0
1492,3773,719,8,0
1543,3773,720,9,0
1493,3773,721,10,0
1529,3773,725,11,1
1529,103,1055,1,0
1495,103,1059,2,0
1537,103,1061,3,0
2830,103,1063,4,0
3516,103,1067,5,0
2837,103,1071,6,0
4503,103,1080,7,0
4505,103,1081,8,0
4511,103,1083,9,0
4509,103,1084,10,0
4507,103,1086,11,1
4507,8062,1110,1,0
4508,8062,1111,2,0
4510,8062,1113,3,0
4502,8062,1114,4,0
4504,8062,1115,5,0
4062,8062,1123,6,0
3506,8062,1126,7,0
1492,8062,1129,8,0
1543,8062,1130,9,0
1493,8062,1132,10,0
1529,8062,1136,11,1
4507,8001,830,1,0
4508,8001,831,2,0
4510,8001,833,3,0
4502,8001,834,4,0
4504,8001,835,5,0
4062,8001,843,6,0
3506,8001,847,7,0
1492,8001,850,8,0
1543,8001,851,9,0
1493,8001,852,10,0
1529,8001,856,11,1
4507,2951,900,1,0
4508,2951,901,2,0
4510,2951,903,3,0
4502,2951,904,4,0
4504,2951,905,5,0
4062,2951,913,6,0
3506,2951,917,7,0
1492,2951,920,8,0
1543,2951,921,9,0
1493,2951,923,10,0
1529,2951,927,11,1
4507,8908,833,1,0
4508,8908,834,2,0
4510,8908,836,3,0
4502,8908,837,4,0
4504,8908,838,5,0
4062,8908,846,6,0
3506,8908,850,7,0
1492,8908,853,8,0
1543,8908,854,9,0
1493,8908,856,10,0
1529,8908,860,11,1
1529,6777,1105,1,0
1495,6777,1109,2,0
1537,6777,1111,3,0
2830,6777,1112,4,0
3516,6777,1116,5,0
2837,6777,1120,6,0
4503,6777,1129,7,0
4505,6777,1130,8,0
4511,6777,1132,9,0
4509,6777,1133,10,0
4507,6777,1135,11,1
4507,418,1005,1,0
4508,418,1006,2,0
4510,418,1008,3,0
4502,418,1009,4,0
4504,418,1010,5,0
4062,418,1018,6,0
3506,418,1021,7,0
1492,418,1024,8,0
1543,418,1025,9,0
1493,418,1027,10,0
1529,418,1031,11,1
1529,2814,1125,1,0
1495,2814,1129,2,0
1537,2814,1131,3,0
2830,2814,1132,4,0
3516,2814,1136,5,0
2837,2814,1140,6,0
4503,2814,1149,7,0
4505,2814,1149,8,0
4511,2814,1151,9,0
4509,2814,1152,10,0
4507,2814,1154,11,1
1529,4511,1075,1,0
1495,4511,1078,2,0
1537,4511,1080,3,0
2830,4511,1081,4,0
3516,4511,1085,5,0
2837,4511,1088,6,0
4503,4511,1097,7,0
4505,4511,1098,8,0
4511,4511,1099,9,0
4509,4511,1101,10,0
4507,4511,1102,11,1
1529,4577,605,1,0
1495,4577,609,2,0
1537,4577,611,3,0
2830,4577,612,4,0
3516,4577,615,5,0
2837,4577,619,6,0
4503,4577,628,7,0
4505,4577,628,8,0
4511,4577,629,9,0
4509,4577,631,10,0
4507,4577,632,11,1
1529,4843,1155,1,0
1495,4843,1159,2,0
1537,4843,1161,3,0
2830,4843,1162,4,0
3516,4843,1165,5,0
2837,4843,1169,6,0
4503,4843,1178,7,0
4505,4843,1178,8,0
4511,4843,1180,9,0
4509,4843,1181,10,0
4507,4843,1183,11,1
4507,4883,1090,1,0
4508,4883,1091,2,0
4510,4883,1093,3,0
4502,4883,1094,4,0
4504,4883,1095,5,0
4062,4883,1103,6,0
3506,4883,1107,7,0
1492,4883,1110,8,0
1543,4883,1111,9,0
1493,4883,1113,10,0
1529,4883,1117,11,1
4507,206,975,1,0
4508,206,976,2,0
4510,206,978,3,0
4502,206,979,4,0
4504,206,980,5,0
4062,206,988,6,0
3506,206,992,7,0
1492,206,995,8,0
1543,206,996,9,0
1493,206,998,10,0
1529,206,1002,11,1
1529,207,1040,1,0
1495,207,1043,2,0
1537,207,1045,3,0
2830,207,1046,4,0
3516,207,1050,5,0
2837,207,1054,6,0
4503,207,1063,7,0
4505,207,1064,8,0
4511,207,1065,9,0
4509,207,1067,10,0
4507,207,1068,11,1
4507,4828,870,1,0
4508,4828,871,2,0
4510,4828,873,3,0
4502,4828,874,4,0
4504,4828,875,5,0
4062,4828,883,6,0
3506,4828,887,7,0
1492,4828,890,8,0
1543,4828,891,9,0
1493,4828,892,10,0
1529,4828,896,11,1
4507,4805,450,1,0
4508,4805,451,2,0
4510,4805,453,3,0
4502,4805,455,4,0
4504,4805,456,5,0
4062,4805,465,6,0
3506,4805,469,7,0
1492,4805,473,8,0
1543,4805,474,9,0
1493,4805,476,10,0
1529,4805,481,11,1
4507,4768,1020,1,0
4508,4768,1021,2,0
4510,4768,1023,3,0
4502,4768,1024,4,0
4504,4768,1025,5,0
4062,4768,1033,6,0
3506,4768,1037,7,0
1492,4768,1040,8,0
1543,4768,1041,9,0
1493,4768,1043,10,0
1529,4768,1047,11,1
1529,4750,730,1,0
1495,4750,733,2,0
1537,4750,735,3,0
2830,4750,736,4,0
3516,4750,740,5,0
2837,4750,743,6,0
4503,4750,752,7,0
4505,4750,752,8,0
4511,4750,753,9,0
4509,4750,755,10,0
4507,4750,756,11,1
4507,250,430,1,0
4508,250,431,2,0
4510,250,433,3,0
4502,250,434,4,0
4504,250,435,5,0
4062,250,442,6,0
3506,250,445,7,0
1492,250,448,8,0
1543,250,449,9,0
1493,250,450,10,0
1529,250,454,11,1
4507,2478,1075,1,0
4508,2478,1076,2,0
4510,2478,1078,3,0
4502,2478,1079,4,0
4504,2478,1080,5,0
4062,2478,1088,6,0
3506,2478,1091,7,0
1492,2478,1094,8,0
1543,2478,1095,9,0
1493,2478,1097,10,0
1529,2478,1101,11,1
4507,2472,1040,1,0
4508,2472,1041,2,0
4510,2472,1043,3,0
4502,2472,1044,4,0
4504,2472,1045,5,0
4062,2472,1053,6,0
3506,2472,1057,7,0
1492,2472,1060,8,0
1543,2472,1061,9,0
1493,2472,1063,10,0
1529,2472,1067,11,1
1529,8630,1075,1,0
1495,8630,1079,2,0
1537,8630,1081,3,0
2830,8630,1083,4,0
3516,8630,1087,5,0
2837,8630,1091,6,0
4503,8630,1100,7,0
4505,8630,1101,8,0
4511,8630,1103,9,0
4509,8630,1104,10,0
4507,8630,1106,11,1
4507,2410,570,1,0
4508,2410,571,2,0
4510,2410,573,3,0
4502,2410,574,4,0
4504,2410,575,5,0
4062,2410,583,6,0
3506,2410,587,7,0
1492,2410,590,8,0
1543,2410,591,9,0
1493,2410,593,10,0
1529,2410,597,11,1
1529,4120,1150,1,0
1495,4120,1154,2,0
1537,4120,1156,3,0
2830,4120,1157,4,0
3516,4120,1160,5,0
2837,4120,1163,6,0
4503,4120,1172,7,0
4505,4120,1173,8,0
4511,4120,1174,9,0
4509,4120,1176,10,0
4507,4120,1177,11,1
4507,4140,1160,1,0
4508,4140,1161,2,0
4510,4140,1163,3,0
4502,4140,1164,4,0
4504,4140,1165,5,0
4062,4140,1173,6,0
3506,4140,1176,7,0
1492,4140,1179,8,0
1543,4140,1180,9,0
1493,4140,1181,10,0
1529,4140,1185,11,1
1529,8692,865,1,0
1495,8692,869,2,0
1537,8692,871,3,0
2830,8692,872,4,0
3516,8692,876,5,0
2837,8692,880,6,0
4503,8692,889,7,0
4505,8692,889,8,0
4511,8692,891,9,0
4509,8692,892,10,0
4507,8692,894,11,1
1529,2760,795,1,0
1495,2760,798,2,0
1537,2760,800,3,0
2830,2760,801,4,0
3516,2760,805,5,0
2837,2760,808,6,0
4503,2760,817,7,0
4505,2760,817,8,0
4511,2760,818,9,0
4509,2760,820,10,0
4507,2760,821,11,1
4507,4376,703,1,0
4508,4376,704,2,0
4510,4376,706,3,0
4502,4376,707,4,0
4504,4376,708,5,0
4062,4376,716,6,0
3506,4376,720,7,0
1492,4376,723,8,0
1543,4376,724,9,0
1493,4376,726,10,0
1529,4376,730,11,1
1529,2575,535,1,0
1495,2575,539,2,0
1537,2575,541,3,0
2830,2575,542,4,0
3516,2575,546,5,0
2837,2575,550,6,0
4503,2575,559,7,0
4505,2575,559,8,0
4511,2575,560,9,0
4509,2575,562,10,0
4507,2575,563,11,1
4507,4303,765,1,0
4508,4303,766,2,0
4510,4303,768,3,0
4502,4303,769,4,0
4504,4303,770,5,0
4062,4303,778,6,0
3506,4303,781,7,0
1492,4303,784,8,0
1543,4303,785,9,0
1493,4303,786,10,0
1529,4303,790,11,1
4507,4025,570,1,0
4508,4025,571,2,0
4510,4025,573,3,0
4502,4025,574,4,0
4504,4025,575,5,0
4062,4025,583,6,0
3506,4025,586,7,0
1492,4025,589,8,0
1543,4025,590,9,0
1493,4025,591,10,0
1529,4025,595,11,1
4507,4004,500,1,0
4508,4004,501,2,0
4510,4004,503,3,0
4502,4004,504,4,0
4504,4004,505,5,0
4062,4004,512,6,0
3506,4004,515,7,0
1492,4004,518,8,0
1543,4004,519,9,0
1493,4004,520,10,0
1529,4004,524,11,1
1529,6256,1220,1,0
1495,6256,1224,2,0
1537,6256,1226,3,0
2830,6256,1227,4,0
3516,6256,1230,5,0
2837,6256,1233,6,0
4503,6256,1242,7,0
4505,6256,1242,8,0
4511,6256,1243,9,0
4509,6256,1245,10,0
4507,6256,1246,11,1
4507,6587,415,1,0
4508,6587,416,2,0
4510,6587,418,3,0
4502,6587,420,4,0
4504,6587,421,5,0
4062,6587,430,6,0
3506,6587,434,7,0
1492,6587,438,8,0
1543,6587,439,9,0
1493,6587,441,10,0
1529,6587,445,11,1
1529,6511,510,1,0
1495,6511,514,2,0
1537,6511,516,3,0
2830,6511,517,4,0
3516,6511,521,5,0
2837,6511,525,6,0
4503,6511,534,7,0
4505,6511,534,8,0
4511,6511,535,9,0
4509,6511,537,10,0
4507,6511,538,11,1
