arret_id,trajet_id,heure_depart,stop_sequence,terminus
3851,12090,480,1,0
3852,12090,483,2,0
3853,12090,484,3,0
3854,12090,485,4,0
3855,12090,486,5,0
2542,12090,494,6,0
2540,12090,495,7,0
2504,12090,495,8,0
2505,12090,497,9,0
2538,12090,499,10,0
3756,12090,508,11,0
3757,12090,510,12,0
3770,12090,511,13,0
1503,12090,517,14,0
1422,12090,518,15,0
1295,12090,521,16,0
1297,12090,525,17,0
1566,12090,529,18,1
3851,12091,515,1,0
3852,12091,518,2,0
3853,12091,519,3,0
3854,12091,520,4,0
3855,12091,521,5,0
2542,12091,529,6,0
2540,12091,530,7,0
2504,12091,530,8,0
2505,12091,532,9,0
2538,12091,534,10,0
3756,12091,543,11,0
3757,12091,544,12,0
3770,12091,545,13,0
1503,12091,550,14,0
1422,12091,551,15,0
1295,12091,554,16,0
1297,12091,557,17,0
1566,12091,560,18,1
3851,12094,515,1,0
3852,12094,518,2,0
3853,12094,519,3,0
3854,12094,520,4,0
3855,12094,521,5,0
2542,12094,529,6,0
2540,12094,530,7,0
2504,12094,530,8,0
2505,12094,532,9,0
2538,12094,534,10,0
3756,12094,543,11,0
3757,12094,544,12,0
3770,12094,545,13,0
1503,12094,550,14,0
1422,12094,551,15,0
1295,12094,554,16,0
1297,12094,557,17,0
1566,12094,560,18,1
3851,12095,515,1,0
3852,12095,518,2,0
3853,12095,519,3,0
3854,12095,520,4,0
3855,12095,521,5,0
2542,12095,529,6,0
2540,12095,530,7,0
2504,12095,530,8,0
2505,12095,532,9,0
2538,12095,534,10,0
3756,12095,543,11,0
3757,12095,544,12,0
3770,12095,545,13,0
1503,12095,550,14,0
1422,12095,551,15,0
1295,12095,554,16,0
1297,12095,557,17,0
1566,12095,560,18,1
3851,12092,515,1,0
3852,12092,518,2,0
3853,12092,519,3,0
3854,12092,520,4,0
3855,12092,521,5,0
2542,12092,529,6,0
2540,12092,530,7,0
2504,12092,530,8,0
2505,12092,532,9,0
2538,12092,534,10,0
3756,12092,543,11,0
3757,12092,544,12,0
3770,12092,545,13,0
1503,12092,550,14,0
1422,12092,551,15,0
1295,12092,554,16,0
1297,12092,557,17,0
1566,12092,560,18,1
3851,12093,515,1,0
3852,12093,518,2,0
3853,12093,519,3,0
3854,12093,520,4,0
3855,12093,521,5,0
2542,12093,529,6,0
2540,12093,530,7,0
2504,12093,530,8,0
2505,12093,532,9,0
2538,12093,534,10,0
3756,12093,543,11,0
3757,12093,544,12,0
3770,12093,545,13,0
1503,12093,550,14,0
1422,12093,551,15,0
1295,12093,554,16,0
1297,12093,557,17,0
1566,12093,560,18,1
3851,12098,540,1,0
3852,12098,543,2,0
3853,12098,544,3,0
3854,12098,545,4,0
3855,12098,546,5,0
2542,12098,553,6,0
2540,12098,554,7,0
2504,12098,554,8,0
2505,12098,556,9,0
2538,12098,558,10,0
3756,12098,564,11,0
3757,12098,565,12,0
3770,12098,566,13,0
1503,12098,571,14,0
1422,12098,572,15,0
1295,12098,575,16,0
1297,12098,578,17,0
1566,12098,581,18,1
3851,12099,540,1,0
3852,12099,543,2,0
3853,12099,544,3,0
3854,12099,545,4,0
3855,12099,546,5,0
2542,12099,553,6,0
2540,12099,554,7,0
2504,12099,554,8,0
2505,12099,556,9,0
2538,12099,558,10,0
3756,12099,564,11,0
3757,12099,565,12,0
3770,12099,566,13,0
1503,12099,571,14,0
1422,12099,572,15,0
1295,12099,575,16,0
1297,12099,578,17,0
1566,12099,581,18,1
3851,12096,540,1,0
3852,12096,543,2,0
3853,12096,544,3,0
3854,12096,545,4,0
3855,12096,546,5,0
2542,12096,553,6,0
2540,12096,554,7,0
2504,12096,554,8,0
2505,12096,556,9,0
2538,12096,558,10,0
3756,12096,564,11,0
3757,12096,565,12,0
3770,12096,566,13,0
1503,12096,571,14,0
1422,12096,572,15,0
1295,12096,575,16,0
1297,12096,578,17,0
1566,12096,581,18,1
3851,12097,540,1,0
3852,12097,543,2,0
3853,12097,544,3,0
3854,12097,545,4,0
3855,12097,546,5,0
2542,12097,553,6,0
2540,12097,554,7,0
2504,12097,554,8,0
2505,12097,556,9,0
2538,12097,558,10,0
3756,12097,564,11,0
3757,12097,565,12,0
3770,12097,566,13,0
1503,12097,571,14,0
1422,12097,572,15,0
1295,12097,575,16,0
1297,12097,578,17,0
1566,12097,581,18,1
3851,12078,420,1,0
3852,12078,422,2,0
3853,12078,423,3,0
3854,12078,424,4,0
3855,12078,425,5,0
2542,12078,433,6,0
2540,12078,434,7,0
2504,12078,434,8,0
2505,12078,436,9,0
2538,12078,438,10,0
3756,12078,445,11,0
3757,12078,447,12,0
3770,12078,448,13,0
1503,12078,453,14,0
1422,12078,454,15,0
1295,12078,457,16,0
1297,12078,460,17,0
1566,12078,464,18,1
3851,12079,420,1,0
3852,12079,422,2,0
3853,12079,423,3,0
3854,12079,424,4,0
3855,12079,425,5,0
2542,12079,433,6,0
2540,12079,434,7,0
2504,12079,434,8,0
2505,12079,436,9,0
2538,12079,438,10,0
3756,12079,445,11,0
3757,12079,447,12,0
3770,12079,448,13,0
1503,12079,453,14,0
1422,12079,454,15,0
1295,12079,457,16,0
1297,12079,460,17,0
1566,12079,464,18,1
3851,12077,420,1,0
3852,12077,422,2,0
3853,12077,423,3,0
3854,12077,424,4,0
3855,12077,425,5,0
2542,12077,433,6,0
2540,12077,434,7,0
2504,12077,434,8,0
2505,12077,436,9,0
2538,12077,438,10,0
3756,12077,445,11,0
3757,12077,447,12,0
3770,12077,448,13,0
1503,12077,453,14,0
1422,12077,454,15,0
1295,12077,457,16,0
1297,12077,460,17,0
1566,12077,464,18,1
3851,12076,420,1,0
3852,12076,422,2,0
3853,12076,423,3,0
3854,12076,424,4,0
3855,12076,425,5,0
2542,12076,433,6,0
2540,12076,434,7,0
2504,12076,434,8,0
2505,12076,436,9,0
2538,12076,438,10,0
3756,12076,445,11,0
3757,12076,447,12,0
3770,12076,448,13,0
1503,12076,453,14,0
1422,12076,454,15,0
1295,12076,457,16,0
1297,12076,460,17,0
1566,12076,464,18,1
3851,12089,480,1,0
3852,12089,483,2,0
3853,12089,484,3,0
3854,12089,485,4,0
3855,12089,486,5,0
2542,12089,494,6,0
2540,12089,495,7,0
2504,12089,495,8,0
2505,12089,497,9,0
2538,12089,499,10,0
3756,12089,508,11,0
3757,12089,510,12,0
3770,12089,511,13,0
1503,12089,517,14,0
1422,12089,518,15,0
1295,12089,521,16,0
1297,12089,525,17,0
1566,12089,529,18,1
3851,12086,480,1,0
3852,12086,483,2,0
3853,12086,484,3,0
3854,12086,485,4,0
3855,12086,486,5,0
2542,12086,494,6,0
2540,12086,495,7,0
2504,12086,495,8,0
2505,12086,497,9,0
2538,12086,499,10,0
3756,12086,508,11,0
3757,12086,510,12,0
3770,12086,511,13,0
1503,12086,517,14,0
1422,12086,518,15,0
1295,12086,521,16,0
1297,12086,525,17,0
1566,12086,529,18,1
3851,12085,445,1,0
3852,12085,447,2,0
3853,12085,448,3,0
3854,12085,449,4,0
3855,12085,451,5,0
2542,12085,459,6,0
2540,12085,460,7,0
2504,12085,460,8,0
2505,12085,462,9,0
2538,12085,464,10,0
3756,12085,472,11,0
3757,12085,474,12,0
3770,12085,475,13,0
1503,12085,480,14,0
1422,12085,481,15,0
1295,12085,484,16,0
1297,12085,488,17,0
1566,12085,492,18,1
3851,12088,480,1,0
3852,12088,483,2,0
3853,12088,484,3,0
3854,12088,485,4,0
3855,12088,486,5,0
2542,12088,494,6,0
2540,12088,495,7,0
2504,12088,495,8,0
2505,12088,497,9,0
2538,12088,499,10,0
3756,12088,508,11,0
3757,12088,510,12,0
3770,12088,511,13,0
1503,12088,517,14,0
1422,12088,518,15,0
1295,12088,521,16,0
1297,12088,525,17,0
1566,12088,529,18,1
3851,12087,480,1,0
3852,12087,483,2,0
3853,12087,484,3,0
3854,12087,485,4,0
3855,12087,486,5,0
2542,12087,494,6,0
2540,12087,495,7,0
2504,12087,495,8,0
2505,12087,497,9,0
2538,12087,499,10,0
3756,12087,508,11,0
3757,12087,510,12,0
3770,12087,511,13,0
1503,12087,517,14,0
1422,12087,518,15,0
1295,12087,521,16,0
1297,12087,525,17,0
1566,12087,529,18,1
3851,12082,445,1,0
3852,12082,447,2,0
3853,12082,448,3,0
3854,12082,449,4,0
3855,12082,451,5,0
2542,12082,459,6,0
2540,12082,460,7,0
2504,12082,460,8,0
2505,12082,462,9,0
2538,12082,464,10,0
3756,12082,472,11,0
3757,12082,474,12,0
3770,12082,475,13,0
1503,12082,480,14,0
1422,12082,481,15,0
1295,12082,484,16,0
1297,12082,488,17,0
1566,12082,492,18,1
3851,12081,445,1,0
3852,12081,447,2,0
3853,12081,448,3,0
3854,12081,449,4,0
3855,12081,451,5,0
2542,12081,459,6,0
2540,12081,460,7,0
2504,12081,460,8,0
2505,12081,462,9,0
2538,12081,464,10,0
3756,12081,472,11,0
3757,12081,474,12,0
3770,12081,475,13,0
1503,12081,480,14,0
1422,12081,481,15,0
1295,12081,484,16,0
1297,12081,488,17,0
1566,12081,492,18,1
3851,12084,445,1,0
3852,12084,447,2,0
3853,12084,448,3,0
3854,12084,449,4,0
3855,12084,451,5,0
2542,12084,459,6,0
2540,12084,460,7,0
2504,12084,460,8,0
2505,12084,462,9,0
2538,12084,464,10,0
3756,12084,472,11,0
3757,12084,474,12,0
3770,12084,475,13,0
1503,12084,480,14,0
1422,12084,481,15,0
1295,12084,484,16,0
1297,12084,488,17,0
1566,12084,492,18,1
3851,12083,445,1,0
3852,12083,447,2,0
3853,12083,448,3,0
3854,12083,449,4,0
3855,12083,451,5,0
2542,12083,459,6,0
2540,12083,460,7,0
2504,12083,460,8,0
2505,12083,462,9,0
2538,12083,464,10,0
3756,12083,472,11,0
3757,12083,474,12,0
3770,12083,475,13,0
1503,12083,480,14,0
1422,12083,481,15,0
1295,12083,484,16,0
1297,12083,488,17,0
1566,12083,492,18,1
3851,12080,420,1,0
3852,12080,422,2,0
3853,12080,423,3,0
3854,12080,424,4,0
3855,12080,425,5,0
2542,12080,433,6,0
2540,12080,434,7,0
2504,12080,434,8,0
2505,12080,436,9,0
2538,12080,438,10,0
3756,12080,445,11,0
3757,12080,447,12,0
3770,12080,448,13,0
1503,12080,453,14,0
1422,12080,454,15,0
1295,12080,457,16,0
1297,12080,460,17,0
1566,12080,464,18,1
3851,12208,1120,1,0
3852,12208,1122,2,0
3853,12208,1123,3,0
3854,12208,1124,4,0
3855,12208,1125,5,0
2542,12208,1131,6,0
2540,12208,1132,7,0
2504,12208,1132,8,0
2505,12208,1134,9,0
2538,12208,1136,10,0
3756,12208,1142,11,0
3757,12208,1143,12,0
3770,12208,1144,13,0
1503,12208,1148,14,0
1422,12208,1149,15,0
1295,12208,1151,16,0
1297,12208,1154,17,0
1566,12208,1158,18,1
3851,12207,1120,1,0
3852,12207,1122,2,0
3853,12207,1123,3,0
3854,12207,1124,4,0
3855,12207,1125,5,0
2542,12207,1131,6,0
2540,12207,1132,7,0
2504,12207,1132,8,0
2505,12207,1134,9,0
2538,12207,1136,10,0
3756,12207,1142,11,0
3757,12207,1143,12,0
3770,12207,1144,13,0
1503,12207,1148,14,0
1422,12207,1149,15,0
1295,12207,1151,16,0
1297,12207,1154,17,0
1566,12207,1158,18,1
3851,12209,1120,1,0
3852,12209,1122,2,0
3853,12209,1123,3,0
3854,12209,1124,4,0
3855,12209,1125,5,0
2542,12209,1131,6,0
2540,12209,1132,7,0
2504,12209,1132,8,0
2505,12209,1134,9,0
2538,12209,1136,10,0
3756,12209,1142,11,0
3757,12209,1143,12,0
3770,12209,1144,13,0
1503,12209,1148,14,0
1422,12209,1149,15,0
1295,12209,1151,16,0
1297,12209,1154,17,0
1566,12209,1158,18,1
3851,12200,1145,1,0
3852,12200,1147,2,0
3853,12200,1148,3,0
3854,12200,1149,4,0
3855,12200,1150,5,0
2542,12200,1156,6,0
2540,12200,1157,7,0
2504,12200,1157,8,0
2505,12200,1159,9,0
2538,12200,1161,10,0
3756,12200,1166,11,0
3757,12200,1167,12,0
3770,12200,1168,13,0
1503,12200,1172,14,0
1422,12200,1173,15,0
1295,12200,1175,16,0
1297,12200,1178,17,0
1566,12200,1182,18,1
3851,12202,1085,1,0
3852,12202,1087,2,0
3853,12202,1088,3,0
3854,12202,1089,4,0
3855,12202,1090,5,0
2542,12202,1097,6,0
2540,12202,1098,7,0
2504,12202,1098,8,0
2505,12202,1100,9,0
2538,12202,1102,10,0
3756,12202,1108,11,0
3757,12202,1109,12,0
3770,12202,1110,13,0
1503,12202,1114,14,0
1422,12202,1115,15,0
1295,12202,1117,16,0
1297,12202,1120,17,0
1566,12202,1124,18,1
3851,12201,1085,1,0
3852,12201,1087,2,0
3853,12201,1088,3,0
3854,12201,1089,4,0
3855,12201,1090,5,0
2542,12201,1097,6,0
2540,12201,1098,7,0
2504,12201,1098,8,0
2505,12201,1100,9,0
2538,12201,1102,10,0
3756,12201,1108,11,0
3757,12201,1109,12,0
3770,12201,1110,13,0
1503,12201,1114,14,0
1422,12201,1115,15,0
1295,12201,1117,16,0
1297,12201,1120,17,0
1566,12201,1124,18,1
3851,12204,1085,1,0
3852,12204,1087,2,0
3853,12204,1088,3,0
3854,12204,1089,4,0
3855,12204,1090,5,0
2542,12204,1097,6,0
2540,12204,1098,7,0
2504,12204,1098,8,0
2505,12204,1100,9,0
2538,12204,1102,10,0
3756,12204,1108,11,0
3757,12204,1109,12,0
3770,12204,1110,13,0
1503,12204,1114,14,0
1422,12204,1115,15,0
1295,12204,1117,16,0
1297,12204,1120,17,0
1566,12204,1124,18,1
3851,12203,1085,1,0
3852,12203,1087,2,0
3853,12203,1088,3,0
3854,12203,1089,4,0
3855,12203,1090,5,0
2542,12203,1097,6,0
2540,12203,1098,7,0
2504,12203,1098,8,0
2505,12203,1100,9,0
2538,12203,1102,10,0
3756,12203,1108,11,0
3757,12203,1109,12,0
3770,12203,1110,13,0
1503,12203,1114,14,0
1422,12203,1115,15,0
1295,12203,1117,16,0
1297,12203,1120,17,0
1566,12203,1124,18,1
3851,12206,1120,1,0
3852,12206,1122,2,0
3853,12206,1123,3,0
3854,12206,1124,4,0
3855,12206,1125,5,0
2542,12206,1131,6,0
2540,12206,1132,7,0
2504,12206,1132,8,0
2505,12206,1134,9,0
2538,12206,1136,10,0
3756,12206,1142,11,0
3757,12206,1143,12,0
3770,12206,1144,13,0
1503,12206,1148,14,0
1422,12206,1149,15,0
1295,12206,1151,16,0
1297,12206,1154,17,0
1566,12206,1158,18,1
3851,12205,1085,1,0
3852,12205,1087,2,0
3853,12205,1088,3,0
3854,12205,1089,4,0
3855,12205,1090,5,0
2542,12205,1097,6,0
2540,12205,1098,7,0
2504,12205,1098,8,0
2505,12205,1100,9,0
2538,12205,1102,10,0
3756,12205,1108,11,0
3757,12205,1109,12,0
3770,12205,1110,13,0
1503,12205,1114,14,0
1422,12205,1115,15,0
1295,12205,1117,16,0
1297,12205,1120,17,0
1566,12205,1124,18,1
1566,12115,545,1,0
1307,12115,550,2,0
1309,12115,553,3,0
1414,12115,555,4,0
1499,12115,555,5,0
3771,12115,559,6,0
3762,12115,560,7,0
3763,12115,562,8,0
2537,12115,568,9,0
2516,12115,571,10,0
2517,12115,572,11,0
2539,12115,572,12,0
2541,12115,573,13,0
3862,12115,579,14,0
3863,12115,580,15,0
3864,12115,581,16,0
3865,12115,582,17,0
3851,12115,584,18,1
1566,12116,640,1,0
1307,12116,645,2,0
1309,12116,647,3,0
1414,12116,649,4,0
1499,12116,649,5,0
3771,12116,653,6,0
3762,12116,654,7,0
3763,12116,656,8,0
2537,12116,662,9,0
2516,12116,665,10,0
2517,12116,666,11,0
2539,12116,666,12,0
2541,12116,667,13,0
3862,12116,673,14,0
3863,12116,674,15,0
3864,12116,675,16,0
3865,12116,676,17,0
3851,12116,679,18,1
1566,12117,640,1,0
1307,12117,645,2,0
1309,12117,647,3,0
1414,12117,649,4,0
1499,12117,649,5,0
3771,12117,653,6,0
3762,12117,654,7,0
3763,12117,656,8,0
2537,12117,662,9,0
2516,12117,665,10,0
2517,12117,666,11,0
2539,12117,666,12,0
2541,12117,667,13,0
3862,12117,673,14,0
3863,12117,674,15,0
3864,12117,675,16,0
3865,12117,676,17,0
3851,12117,679,18,1
1566,12118,640,1,0
1307,12118,645,2,0
1309,12118,647,3,0
1414,12118,649,4,0
1499,12118,649,5,0
3771,12118,653,6,0
3762,12118,654,7,0
3763,12118,656,8,0
2537,12118,662,9,0
2516,12118,665,10,0
2517,12118,666,11,0
2539,12118,666,12,0
2541,12118,667,13,0
3862,12118,673,14,0
3863,12118,674,15,0
3864,12118,675,16,0
3865,12118,676,17,0
3851,12118,679,18,1
1566,12111,545,1,0
1307,12111,550,2,0
1309,12111,553,3,0
1414,12111,555,4,0
1499,12111,555,5,0
3771,12111,559,6,0
3762,12111,560,7,0
3763,12111,562,8,0
2537,12111,568,9,0
2516,12111,571,10,0
2517,12111,572,11,0
2539,12111,572,12,0
2541,12111,573,13,0
3862,12111,579,14,0
3863,12111,580,15,0
3864,12111,581,16,0
3865,12111,582,17,0
3851,12111,584,18,1
1566,12112,545,1,0
1307,12112,550,2,0
1309,12112,553,3,0
1414,12112,555,4,0
1499,12112,555,5,0
3771,12112,559,6,0
3762,12112,560,7,0
3763,12112,562,8,0
2537,12112,568,9,0
2516,12112,571,10,0
2517,12112,572,11,0
2539,12112,572,12,0
2541,12112,573,13,0
3862,12112,579,14,0
3863,12112,580,15,0
3864,12112,581,16,0
3865,12112,582,17,0
3851,12112,584,18,1
1566,12113,545,1,0
1307,12113,550,2,0
1309,12113,553,3,0
1414,12113,555,4,0
1499,12113,555,5,0
3771,12113,559,6,0
3762,12113,560,7,0
3763,12113,562,8,0
2537,12113,568,9,0
2516,12113,571,10,0
2517,12113,572,11,0
2539,12113,572,12,0
2541,12113,573,13,0
3862,12113,579,14,0
3863,12113,580,15,0
3864,12113,581,16,0
3865,12113,582,17,0
3851,12113,584,18,1
1566,12114,545,1,0
1307,12114,550,2,0
1309,12114,553,3,0
1414,12114,555,4,0
1499,12114,555,5,0
3771,12114,559,6,0
3762,12114,560,7,0
3763,12114,562,8,0
2537,12114,568,9,0
2516,12114,571,10,0
2517,12114,572,11,0
2539,12114,572,12,0
2541,12114,573,13,0
3862,12114,579,14,0
3863,12114,580,15,0
3864,12114,581,16,0
3865,12114,582,17,0
3851,12114,584,18,1
1566,12119,640,1,0
1307,12119,645,2,0
1309,12119,647,3,0
1414,12119,649,4,0
1499,12119,649,5,0
3771,12119,653,6,0
3762,12119,654,7,0
3763,12119,656,8,0
2537,12119,662,9,0
2516,12119,665,10,0
2517,12119,666,11,0
2539,12119,666,12,0
2541,12119,667,13,0
3862,12119,673,14,0
3863,12119,674,15,0
3864,12119,675,16,0
3865,12119,676,17,0
3851,12119,679,18,1
1566,12110,497,1,0
1307,12110,502,2,0
1309,12110,505,3,0
1414,12110,507,4,0
1499,12110,507,5,0
3771,12110,511,6,0
3762,12110,512,7,0
3763,12110,514,8,0
2537,12110,520,9,0
2516,12110,523,10,0
2517,12110,524,11,0
2539,12110,524,12,0
2541,12110,525,13,0
3862,12110,531,14,0
3863,12110,532,15,0
3864,12110,533,16,0
3865,12110,534,17,0
3851,12110,536,18,1
1566,12128,790,1,0
1307,12128,795,2,0
1309,12128,798,3,0
1414,12128,800,4,0
1499,12128,800,5,0
3771,12128,804,6,0
3762,12128,805,7,0
3763,12128,807,8,0
2537,12128,813,9,0
2516,12128,816,10,0
2517,12128,817,11,0
2539,12128,817,12,0
2541,12128,818,13,0
3862,12128,824,14,0
3863,12128,825,15,0
3864,12128,826,16,0
3865,12128,827,17,0
3851,12128,829,18,1
1566,12129,790,1,0
1307,12129,795,2,0
1309,12129,798,3,0
1414,12129,800,4,0
1499,12129,800,5,0
3771,12129,804,6,0
3762,12129,805,7,0
3763,12129,807,8,0
2537,12129,813,9,0
2516,12129,816,10,0
2517,12129,817,11,0
2539,12129,817,12,0
2541,12129,818,13,0
3862,12129,824,14,0
3863,12129,825,15,0
3864,12129,826,16,0
3865,12129,827,17,0
3851,12129,829,18,1
1566,12126,790,1,0
1307,12126,795,2,0
1309,12126,798,3,0
1414,12126,800,4,0
1499,12126,800,5,0
3771,12126,804,6,0
3762,12126,805,7,0
3763,12126,807,8,0
2537,12126,813,9,0
2516,12126,816,10,0
2517,12126,817,11,0
2539,12126,817,12,0
2541,12126,818,13,0
3862,12126,824,14,0
3863,12126,825,15,0
3864,12126,826,16,0
3865,12126,827,17,0
3851,12126,829,18,1
1566,12127,790,1,0
1307,12127,795,2,0
1309,12127,798,3,0
1414,12127,800,4,0
1499,12127,800,5,0
3771,12127,804,6,0
3762,12127,805,7,0
3763,12127,807,8,0
2537,12127,813,9,0
2516,12127,816,10,0
2517,12127,817,11,0
2539,12127,817,12,0
2541,12127,818,13,0
3862,12127,824,14,0
3863,12127,825,15,0
3864,12127,826,16,0
3865,12127,827,17,0
3851,12127,829,18,1
1566,12124,735,1,0
1307,12124,740,2,0
1309,12124,743,3,0
1414,12124,745,4,0
1499,12124,745,5,0
3771,12124,749,6,0
3762,12124,750,7,0
3763,12124,752,8,0
2537,12124,758,9,0
2516,12124,761,10,0
2517,12124,762,11,0
2539,12124,762,12,0
2541,12124,763,13,0
3862,12124,769,14,0
3863,12124,770,15,0
3864,12124,771,16,0
3865,12124,772,17,0
3851,12124,774,18,1
1566,12125,735,1,0
1307,12125,740,2,0
1309,12125,743,3,0
1414,12125,745,4,0
1499,12125,745,5,0
3771,12125,749,6,0
3762,12125,750,7,0
3763,12125,752,8,0
2537,12125,758,9,0
2516,12125,761,10,0
2517,12125,762,11,0
2539,12125,762,12,0
2541,12125,763,13,0
3862,12125,769,14,0
3863,12125,770,15,0
3864,12125,771,16,0
3865,12125,772,17,0
3851,12125,774,18,1
1566,12122,735,1,0
1307,12122,740,2,0
1309,12122,743,3,0
1414,12122,745,4,0
1499,12122,745,5,0
3771,12122,749,6,0
3762,12122,750,7,0
3763,12122,752,8,0
2537,12122,758,9,0
2516,12122,761,10,0
2517,12122,762,11,0
2539,12122,762,12,0
2541,12122,763,13,0
3862,12122,769,14,0
3863,12122,770,15,0
3864,12122,771,16,0
3865,12122,772,17,0
3851,12122,774,18,1
1566,12123,735,1,0
1307,12123,740,2,0
1309,12123,743,3,0
1414,12123,745,4,0
1499,12123,745,5,0
3771,12123,749,6,0
3762,12123,750,7,0
3763,12123,752,8,0
2537,12123,758,9,0
2516,12123,761,10,0
2517,12123,762,11,0
2539,12123,762,12,0
2541,12123,763,13,0
3862,12123,769,14,0
3863,12123,770,15,0
3864,12123,771,16,0
3865,12123,772,17,0
3851,12123,774,18,1
1566,12121,735,1,0
1307,12121,740,2,0
1309,12121,743,3,0
1414,12121,745,4,0
1499,12121,745,5,0
3771,12121,749,6,0
3762,12121,750,7,0
3763,12121,752,8,0
2537,12121,758,9,0
2516,12121,761,10,0
2517,12121,762,11,0
2539,12121,762,12,0
2541,12121,763,13,0
3862,12121,769,14,0
3863,12121,770,15,0
3864,12121,771,16,0
3865,12121,772,17,0
3851,12121,774,18,1
1566,12120,640,1,0
1307,12120,645,2,0
1309,12120,647,3,0
1414,12120,649,4,0
1499,12120,649,5,0
3771,12120,653,6,0
3762,12120,654,7,0
3763,12120,656,8,0
2537,12120,662,9,0
2516,12120,665,10,0
2517,12120,666,11,0
2539,12120,666,12,0
2541,12120,667,13,0
3862,12120,673,14,0
3863,12120,674,15,0
3864,12120,675,16,0
3865,12120,676,17,0
3851,12120,679,18,1
1566,12102,470,1,0
1307,12102,475,2,0
1309,12102,477,3,0
1414,12102,479,4,0
1499,12102,479,5,0
3771,12102,483,6,0
3762,12102,484,7,0
3763,12102,486,8,0
2537,12102,492,9,0
2516,12102,495,10,0
2517,12102,496,11,0
2539,12102,496,12,0
2541,12102,497,13,0
3862,12102,503,14,0
3863,12102,504,15,0
3864,12102,505,16,0
3865,12102,506,17,0
3851,12102,508,18,1
1566,12103,470,1,0
1307,12103,475,2,0
1309,12103,477,3,0
1414,12103,479,4,0
1499,12103,479,5,0
3771,12103,483,6,0
3762,12103,484,7,0
3763,12103,486,8,0
2537,12103,492,9,0
2516,12103,495,10,0
2517,12103,496,11,0
2539,12103,496,12,0
2541,12103,497,13,0
3862,12103,503,14,0
3863,12103,504,15,0
3864,12103,505,16,0
3865,12103,506,17,0
3851,12103,508,18,1
3851,12100,540,1,0
3852,12100,543,2,0
3853,12100,544,3,0
3854,12100,545,4,0
3855,12100,546,5,0
2542,12100,553,6,0
2540,12100,554,7,0
2504,12100,554,8,0
2505,12100,556,9,0
2538,12100,558,10,0
3756,12100,564,11,0
3757,12100,565,12,0
3770,12100,566,13,0
1503,12100,571,14,0
1422,12100,572,15,0
1295,12100,575,16,0
1297,12100,578,17,0
1566,12100,581,18,1
1566,12101,470,1,0
1307,12101,475,2,0
1309,12101,477,3,0
1414,12101,479,4,0
1499,12101,479,5,0
3771,12101,483,6,0
3762,12101,484,7,0
3763,12101,486,8,0
2537,12101,492,9,0
2516,12101,495,10,0
2517,12101,496,11,0
2539,12101,496,12,0
2541,12101,497,13,0
3862,12101,503,14,0
3863,12101,504,15,0
3864,12101,505,16,0
3865,12101,506,17,0
3851,12101,508,18,1
1566,12106,497,1,0
1307,12106,502,2,0
1309,12106,505,3,0
1414,12106,507,4,0
1499,12106,507,5,0
3771,12106,511,6,0
3762,12106,512,7,0
3763,12106,514,8,0
2537,12106,520,9,0
2516,12106,523,10,0
2517,12106,524,11,0
2539,12106,524,12,0
2541,12106,525,13,0
3862,12106,531,14,0
3863,12106,532,15,0
3864,12106,533,16,0
3865,12106,534,17,0
3851,12106,536,18,1
1566,12107,497,1,0
1307,12107,502,2,0
1309,12107,505,3,0
1414,12107,507,4,0
1499,12107,507,5,0
3771,12107,511,6,0
3762,12107,512,7,0
3763,12107,514,8,0
2537,12107,520,9,0
2516,12107,523,10,0
2517,12107,524,11,0
2539,12107,524,12,0
2541,12107,525,13,0
3862,12107,531,14,0
3863,12107,532,15,0
3864,12107,533,16,0
3865,12107,534,17,0
3851,12107,536,18,1
1566,12104,470,1,0
1307,12104,475,2,0
1309,12104,477,3,0
1414,12104,479,4,0
1499,12104,479,5,0
3771,12104,483,6,0
3762,12104,484,7,0
3763,12104,486,8,0
2537,12104,492,9,0
2516,12104,495,10,0
2517,12104,496,11,0
2539,12104,496,12,0
2541,12104,497,13,0
3862,12104,503,14,0
3863,12104,504,15,0
3864,12104,505,16,0
3865,12104,506,17,0
3851,12104,508,18,1
1566,12105,470,1,0
1307,12105,475,2,0
1309,12105,477,3,0
1414,12105,479,4,0
1499,12105,479,5,0
3771,12105,483,6,0
3762,12105,484,7,0
3763,12105,486,8,0
2537,12105,492,9,0
2516,12105,495,10,0
2517,12105,496,11,0
2539,12105,496,12,0
2541,12105,497,13,0
3862,12105,503,14,0
3863,12105,504,15,0
3864,12105,505,16,0
3865,12105,506,17,0
3851,12105,508,18,1
1566,12108,497,1,0
1307,12108,502,2,0
1309,12108,505,3,0
1414,12108,507,4,0
1499,12108,507,5,0
3771,12108,511,6,0
3762,12108,512,7,0
3763,12108,514,8,0
2537,12108,520,9,0
2516,12108,523,10,0
2517,12108,524,11,0
2539,12108,524,12,0
2541,12108,525,13,0
3862,12108,531,14,0
3863,12108,532,15,0
3864,12108,533,16,0
3865,12108,534,17,0
3851,12108,536,18,1
1566,12109,497,1,0
1307,12109,502,2,0
1309,12109,505,3,0
1414,12109,507,4,0
1499,12109,507,5,0
3771,12109,511,6,0
3762,12109,512,7,0
3763,12109,514,8,0
2537,12109,520,9,0
2516,12109,523,10,0
2517,12109,524,11,0
2539,12109,524,12,0
2541,12109,525,13,0
3862,12109,531,14,0
3863,12109,532,15,0
3864,12109,533,16,0
3865,12109,534,17,0
3851,12109,536,18,1
1566,12159,1165,1,0
1307,12159,1170,2,0
1309,12159,1172,3,0
1414,12159,1174,4,0
1499,12159,1174,5,0
3771,12159,1178,6,0
3762,12159,1179,7,0
3763,12159,1181,8,0
2537,12159,1187,9,0
2516,12159,1190,10,0
2517,12159,1191,11,0
2539,12159,1191,12,0
2541,12159,1192,13,0
3862,12159,1198,14,0
3863,12159,1199,15,0
3864,12159,1200,16,0
3865,12159,1201,17,0
3851,12159,1203,18,1
1566,12156,1165,1,0
1307,12156,1170,2,0
1309,12156,1172,3,0
1414,12156,1174,4,0
1499,12156,1174,5,0
3771,12156,1178,6,0
3762,12156,1179,7,0
3763,12156,1181,8,0
2537,12156,1187,9,0
2516,12156,1190,10,0
2517,12156,1191,11,0
2539,12156,1191,12,0
2541,12156,1192,13,0
3862,12156,1198,14,0
3863,12156,1199,15,0
3864,12156,1200,16,0
3865,12156,1201,17,0
3851,12156,1203,18,1
1566,12155,1130,1,0
1307,12155,1135,2,0
1309,12155,1138,3,0
1414,12155,1140,4,0
1499,12155,1140,5,0
3771,12155,1144,6,0
3762,12155,1145,7,0
3763,12155,1147,8,0
2537,12155,1153,9,0
2516,12155,1156,10,0
2517,12155,1157,11,0
2539,12155,1157,12,0
2541,12155,1158,13,0
3862,12155,1164,14,0
3863,12155,1165,15,0
3864,12155,1166,16,0
3865,12155,1167,17,0
3851,12155,1169,18,1
1566,12158,1165,1,0
1307,12158,1170,2,0
1309,12158,1172,3,0
1414,12158,1174,4,0
1499,12158,1174,5,0
3771,12158,1178,6,0
3762,12158,1179,7,0
3763,12158,1181,8,0
2537,12158,1187,9,0
2516,12158,1190,10,0
2517,12158,1191,11,0
2539,12158,1191,12,0
2541,12158,1192,13,0
3862,12158,1198,14,0
3863,12158,1199,15,0
3864,12158,1200,16,0
3865,12158,1201,17,0
3851,12158,1203,18,1
1566,12157,1165,1,0
1307,12157,1170,2,0
1309,12157,1172,3,0
1414,12157,1174,4,0
1499,12157,1174,5,0
3771,12157,1178,6,0
3762,12157,1179,7,0
3763,12157,1181,8,0
2537,12157,1187,9,0
2516,12157,1190,10,0
2517,12157,1191,11,0
2539,12157,1191,12,0
2541,12157,1192,13,0
3862,12157,1198,14,0
3863,12157,1199,15,0
3864,12157,1200,16,0
3865,12157,1201,17,0
3851,12157,1203,18,1
1566,12151,1130,1,0
1307,12151,1135,2,0
1309,12151,1138,3,0
1414,12151,1140,4,0
1499,12151,1140,5,0
3771,12151,1144,6,0
3762,12151,1145,7,0
3763,12151,1147,8,0
2537,12151,1153,9,0
2516,12151,1156,10,0
2517,12151,1157,11,0
2539,12151,1157,12,0
2541,12151,1158,13,0
3862,12151,1164,14,0
3863,12151,1165,15,0
3864,12151,1166,16,0
3865,12151,1167,17,0
3851,12151,1169,18,1
1566,12152,1130,1,0
1307,12152,1135,2,0
1309,12152,1138,3,0
1414,12152,1140,4,0
1499,12152,1140,5,0
3771,12152,1144,6,0
3762,12152,1145,7,0
3763,12152,1147,8,0
2537,12152,1153,9,0
2516,12152,1156,10,0
2517,12152,1157,11,0
2539,12152,1157,12,0
2541,12152,1158,13,0
3862,12152,1164,14,0
3863,12152,1165,15,0
3864,12152,1166,16,0
3865,12152,1167,17,0
3851,12152,1169,18,1
1566,12153,1130,1,0
1307,12153,1135,2,0
1309,12153,1138,3,0
1414,12153,1140,4,0
1499,12153,1140,5,0
3771,12153,1144,6,0
3762,12153,1145,7,0
3763,12153,1147,8,0
2537,12153,1153,9,0
2516,12153,1156,10,0
2517,12153,1157,11,0
2539,12153,1157,12,0
2541,12153,1158,13,0
3862,12153,1164,14,0
3863,12153,1165,15,0
3864,12153,1166,16,0
3865,12153,1167,17,0
3851,12153,1169,18,1
1566,12154,1130,1,0
1307,12154,1135,2,0
1309,12154,1138,3,0
1414,12154,1140,4,0
1499,12154,1140,5,0
3771,12154,1144,6,0
3762,12154,1145,7,0
3763,12154,1147,8,0
2537,12154,1153,9,0
2516,12154,1156,10,0
2517,12154,1157,11,0
2539,12154,1157,12,0
2541,12154,1158,13,0
3862,12154,1164,14,0
3863,12154,1165,15,0
3864,12154,1166,16,0
3865,12154,1167,17,0
3851,12154,1169,18,1
1566,12150,1095,1,0
1307,12150,1100,2,0
1309,12150,1103,3,0
1414,12150,1106,4,0
1499,12150,1107,5,0
3771,12150,1111,6,0
3762,12150,1112,7,0
3763,12150,1114,8,0
2537,12150,1120,9,0
2516,12150,1123,10,0
2517,12150,1124,11,0
2539,12150,1125,12,0
2541,12150,1125,13,0
3862,12150,1132,14,0
3863,12150,1133,15,0
3864,12150,1134,16,0
3865,12150,1135,17,0
3851,12150,1137,18,1
3851,12169,685,1,0
3852,12169,687,2,0
3853,12169,688,3,0
3854,12169,689,4,0
3855,12169,690,5,0
2542,12169,697,6,0
2540,12169,698,7,0
2504,12169,698,8,0
2505,12169,700,9,0
2538,12169,702,10,0
3756,12169,708,11,0
3757,12169,709,12,0
3770,12169,710,13,0
1503,12169,715,14,0
1422,12169,716,15,0
1295,12169,719,16,0
1297,12169,722,17,0
1566,12169,725,18,1
3851,12168,685,1,0
3852,12168,687,2,0
3853,12168,688,3,0
3854,12168,689,4,0
3855,12168,690,5,0
2542,12168,697,6,0
2540,12168,698,7,0
2504,12168,698,8,0
2505,12168,700,9,0
2538,12168,702,10,0
3756,12168,708,11,0
3757,12168,709,12,0
3770,12168,710,13,0
1503,12168,715,14,0
1422,12168,716,15,0
1295,12168,719,16,0
1297,12168,722,17,0
1566,12168,725,18,1
3851,12167,685,1,0
3852,12167,687,2,0
3853,12167,688,3,0
3854,12167,689,4,0
3855,12167,690,5,0
2542,12167,697,6,0
2540,12167,698,7,0
2504,12167,698,8,0
2505,12167,700,9,0
2538,12167,702,10,0
3756,12167,708,11,0
3757,12167,709,12,0
3770,12167,710,13,0
1503,12167,715,14,0
1422,12167,716,15,0
1295,12167,719,16,0
1297,12167,722,17,0
1566,12167,725,18,1
3851,12166,685,1,0
3852,12166,687,2,0
3853,12166,688,3,0
3854,12166,689,4,0
3855,12166,690,5,0
2542,12166,697,6,0
2540,12166,698,7,0
2504,12166,698,8,0
2505,12166,700,9,0
2538,12166,702,10,0
3756,12166,708,11,0
3757,12166,709,12,0
3770,12166,710,13,0
1503,12166,715,14,0
1422,12166,716,15,0
1295,12166,719,16,0
1297,12166,722,17,0
1566,12166,725,18,1
3851,12164,590,1,0
3852,12164,592,2,0
3853,12164,593,3,0
3854,12164,594,4,0
3855,12164,595,5,0
2542,12164,602,6,0
2540,12164,603,7,0
2504,12164,603,8,0
2505,12164,605,9,0
2538,12164,607,10,0
3756,12164,613,11,0
3757,12164,614,12,0
3770,12164,615,13,0
1503,12164,620,14,0
1422,12164,621,15,0
1295,12164,624,16,0
1297,12164,627,17,0
1566,12164,630,18,1
3851,12165,590,1,0
3852,12165,592,2,0
3853,12165,593,3,0
3854,12165,594,4,0
3855,12165,595,5,0
2542,12165,602,6,0
2540,12165,603,7,0
2504,12165,603,8,0
2505,12165,605,9,0
2538,12165,607,10,0
3756,12165,613,11,0
3757,12165,614,12,0
3770,12165,615,13,0
1503,12165,620,14,0
1422,12165,621,15,0
1295,12165,624,16,0
1297,12165,627,17,0
1566,12165,630,18,1
3851,12162,590,1,0
3852,12162,592,2,0
3853,12162,593,3,0
3854,12162,594,4,0
3855,12162,595,5,0
2542,12162,602,6,0
2540,12162,603,7,0
2504,12162,603,8,0
2505,12162,605,9,0
2538,12162,607,10,0
3756,12162,613,11,0
3757,12162,614,12,0
3770,12162,615,13,0
1503,12162,620,14,0
1422,12162,621,15,0
1295,12162,624,16,0
1297,12162,627,17,0
1566,12162,630,18,1
3851,12163,590,1,0
3852,12163,592,2,0
3853,12163,593,3,0
3854,12163,594,4,0
3855,12163,595,5,0
2542,12163,602,6,0
2540,12163,603,7,0
2504,12163,603,8,0
2505,12163,605,9,0
2538,12163,607,10,0
3756,12163,613,11,0
3757,12163,614,12,0
3770,12163,615,13,0
1503,12163,620,14,0
1422,12163,621,15,0
1295,12163,624,16,0
1297,12163,627,17,0
1566,12163,630,18,1
1566,12160,1165,1,0
1307,12160,1170,2,0
1309,12160,1172,3,0
1414,12160,1174,4,0
1499,12160,1174,5,0
3771,12160,1178,6,0
3762,12160,1179,7,0
3763,12160,1181,8,0
2537,12160,1187,9,0
2516,12160,1190,10,0
2517,12160,1191,11,0
2539,12160,1191,12,0
2541,12160,1192,13,0
3862,12160,1198,14,0
3863,12160,1199,15,0
3864,12160,1200,16,0
3865,12160,1201,17,0
3851,12160,1203,18,1
3851,12161,590,1,0
3852,12161,592,2,0
3853,12161,593,3,0
3854,12161,594,4,0
3855,12161,595,5,0
2542,12161,602,6,0
2540,12161,603,7,0
2504,12161,603,8,0
2505,12161,605,9,0
2538,12161,607,10,0
3756,12161,613,11,0
3757,12161,614,12,0
3770,12161,615,13,0
1503,12161,620,14,0
1422,12161,621,15,0
1295,12161,624,16,0
1297,12161,627,17,0
1566,12161,630,18,1
1566,12134,880,1,0
1307,12134,885,2,0
1309,12134,888,3,0
1414,12134,890,4,0
1499,12134,890,5,0
3771,12134,894,6,0
3762,12134,895,7,0
3763,12134,897,8,0
2537,12134,903,9,0
2516,12134,906,10,0
2517,12134,907,11,0
2539,12134,908,12,0
2541,12134,908,13,0
3862,12134,915,14,0
3863,12134,916,15,0
3864,12134,917,16,0
3865,12134,918,17,0
3851,12134,920,18,1
1566,12133,880,1,0
1307,12133,885,2,0
1309,12133,888,3,0
1414,12133,890,4,0
1499,12133,890,5,0
3771,12133,894,6,0
3762,12133,895,7,0
3763,12133,897,8,0
2537,12133,903,9,0
2516,12133,906,10,0
2517,12133,907,11,0
2539,12133,908,12,0
2541,12133,908,13,0
3862,12133,915,14,0
3863,12133,916,15,0
3864,12133,917,16,0
3865,12133,918,17,0
3851,12133,920,18,1
1566,12136,1030,1,0
1307,12136,1035,2,0
1309,12136,1039,3,0
1414,12136,1042,4,0
1499,12136,1043,5,0
3771,12136,1047,6,0
3762,12136,1048,7,0
3763,12136,1051,8,0
2537,12136,1058,9,0
2516,12136,1061,10,0
2517,12136,1062,11,0
2539,12136,1063,12,0
2541,12136,1063,13,0
3862,12136,1070,14,0
3863,12136,1071,15,0
3864,12136,1072,16,0
3865,12136,1073,17,0
3851,12136,1076,18,1
1566,12135,880,1,0
1307,12135,885,2,0
1309,12135,888,3,0
1414,12135,890,4,0
1499,12135,890,5,0
3771,12135,894,6,0
3762,12135,895,7,0
3763,12135,897,8,0
2537,12135,903,9,0
2516,12135,906,10,0
2517,12135,907,11,0
2539,12135,908,12,0
2541,12135,908,13,0
3862,12135,915,14,0
3863,12135,916,15,0
3864,12135,917,16,0
3865,12135,918,17,0
3851,12135,920,18,1
1566,12138,1030,1,0
1307,12138,1035,2,0
1309,12138,1039,3,0
1414,12138,1042,4,0
1499,12138,1043,5,0
3771,12138,1047,6,0
3762,12138,1048,7,0
3763,12138,1051,8,0
2537,12138,1058,9,0
2516,12138,1061,10,0
2517,12138,1062,11,0
2539,12138,1063,12,0
2541,12138,1063,13,0
3862,12138,1070,14,0
3863,12138,1071,15,0
3864,12138,1072,16,0
3865,12138,1073,17,0
3851,12138,1076,18,1
1566,12137,1030,1,0
1307,12137,1035,2,0
1309,12137,1039,3,0
1414,12137,1042,4,0
1499,12137,1043,5,0
3771,12137,1047,6,0
3762,12137,1048,7,0
3763,12137,1051,8,0
2537,12137,1058,9,0
2516,12137,1061,10,0
2517,12137,1062,11,0
2539,12137,1063,12,0
2541,12137,1063,13,0
3862,12137,1070,14,0
3863,12137,1071,15,0
3864,12137,1072,16,0
3865,12137,1073,17,0
3851,12137,1076,18,1
1566,12139,1030,1,0
1307,12139,1035,2,0
1309,12139,1039,3,0
1414,12139,1042,4,0
1499,12139,1043,5,0
3771,12139,1047,6,0
3762,12139,1048,7,0
3763,12139,1051,8,0
2537,12139,1058,9,0
2516,12139,1061,10,0
2517,12139,1062,11,0
2539,12139,1063,12,0
2541,12139,1063,13,0
3862,12139,1070,14,0
3863,12139,1071,15,0
3864,12139,1072,16,0
3865,12139,1073,17,0
3851,12139,1076,18,1
1566,12130,790,1,0
1307,12130,795,2,0
1309,12130,798,3,0
1414,12130,800,4,0
1499,12130,800,5,0
3771,12130,804,6,0
3762,12130,805,7,0
3763,12130,807,8,0
2537,12130,813,9,0
2516,12130,816,10,0
2517,12130,817,11,0
2539,12130,817,12,0
2541,12130,818,13,0
3862,12130,824,14,0
3863,12130,825,15,0
3864,12130,826,16,0
3865,12130,827,17,0
3851,12130,829,18,1
1566,12131,880,1,0
1307,12131,885,2,0
1309,12131,888,3,0
1414,12131,890,4,0
1499,12131,890,5,0
3771,12131,894,6,0
3762,12131,895,7,0
3763,12131,897,8,0
2537,12131,903,9,0
2516,12131,906,10,0
2517,12131,907,11,0
2539,12131,908,12,0
2541,12131,908,13,0
3862,12131,915,14,0
3863,12131,916,15,0
3864,12131,917,16,0
3865,12131,918,17,0
3851,12131,920,18,1
1566,12132,880,1,0
1307,12132,885,2,0
1309,12132,888,3,0
1414,12132,890,4,0
1499,12132,890,5,0
3771,12132,894,6,0
3762,12132,895,7,0
3763,12132,897,8,0
2537,12132,903,9,0
2516,12132,906,10,0
2517,12132,907,11,0
2539,12132,908,12,0
2541,12132,908,13,0
3862,12132,915,14,0
3863,12132,916,15,0
3864,12132,917,16,0
3865,12132,918,17,0
3851,12132,920,18,1
1566,12147,1095,1,0
1307,12147,1100,2,0
1309,12147,1103,3,0
1414,12147,1106,4,0
1499,12147,1107,5,0
3771,12147,1111,6,0
3762,12147,1112,7,0
3763,12147,1114,8,0
2537,12147,1120,9,0
2516,12147,1123,10,0
2517,12147,1124,11,0
2539,12147,1125,12,0
2541,12147,1125,13,0
3862,12147,1132,14,0
3863,12147,1133,15,0
3864,12147,1134,16,0
3865,12147,1135,17,0
3851,12147,1137,18,1
1566,12146,1095,1,0
1307,12146,1100,2,0
1309,12146,1103,3,0
1414,12146,1106,4,0
1499,12146,1107,5,0
3771,12146,1111,6,0
3762,12146,1112,7,0
3763,12146,1114,8,0
2537,12146,1120,9,0
2516,12146,1123,10,0
2517,12146,1124,11,0
2539,12146,1125,12,0
2541,12146,1125,13,0
3862,12146,1132,14,0
3863,12146,1133,15,0
3864,12146,1134,16,0
3865,12146,1135,17,0
3851,12146,1137,18,1
1566,12145,1070,1,0
1307,12145,1075,2,0
1309,12145,1078,3,0
1414,12145,1081,4,0
1499,12145,1082,5,0
3771,12145,1086,6,0
3762,12145,1087,7,0
3763,12145,1089,8,0
2537,12145,1095,9,0
2516,12145,1098,10,0
2517,12145,1099,11,0
2539,12145,1100,12,0
2541,12145,1100,13,0
3862,12145,1107,14,0
3863,12145,1108,15,0
3864,12145,1109,16,0
3865,12145,1110,17,0
3851,12145,1113,18,1
1566,12144,1070,1,0
1307,12144,1075,2,0
1309,12144,1078,3,0
1414,12144,1081,4,0
1499,12144,1082,5,0
3771,12144,1086,6,0
3762,12144,1087,7,0
3763,12144,1089,8,0
2537,12144,1095,9,0
2516,12144,1098,10,0
2517,12144,1099,11,0
2539,12144,1100,12,0
2541,12144,1100,13,0
3862,12144,1107,14,0
3863,12144,1108,15,0
3864,12144,1109,16,0
3865,12144,1110,17,0
3851,12144,1113,18,1
1566,12149,1095,1,0
1307,12149,1100,2,0
1309,12149,1103,3,0
1414,12149,1106,4,0
1499,12149,1107,5,0
3771,12149,1111,6,0
3762,12149,1112,7,0
3763,12149,1114,8,0
2537,12149,1120,9,0
2516,12149,1123,10,0
2517,12149,1124,11,0
2539,12149,1125,12,0
2541,12149,1125,13,0
3862,12149,1132,14,0
3863,12149,1133,15,0
3864,12149,1134,16,0
3865,12149,1135,17,0
3851,12149,1137,18,1
1566,12148,1095,1,0
1307,12148,1100,2,0
1309,12148,1103,3,0
1414,12148,1106,4,0
1499,12148,1107,5,0
3771,12148,1111,6,0
3762,12148,1112,7,0
3763,12148,1114,8,0
2537,12148,1120,9,0
2516,12148,1123,10,0
2517,12148,1124,11,0
2539,12148,1125,12,0
2541,12148,1125,13,0
3862,12148,1132,14,0
3863,12148,1133,15,0
3864,12148,1134,16,0
3865,12148,1135,17,0
3851,12148,1137,18,1
1566,12142,1070,1,0
1307,12142,1075,2,0
1309,12142,1078,3,0
1414,12142,1081,4,0
1499,12142,1082,5,0
3771,12142,1086,6,0
3762,12142,1087,7,0
3763,12142,1089,8,0
2537,12142,1095,9,0
2516,12142,1098,10,0
2517,12142,1099,11,0
2539,12142,1100,12,0
2541,12142,1100,13,0
3862,12142,1107,14,0
3863,12142,1108,15,0
3864,12142,1109,16,0
3865,12142,1110,17,0
3851,12142,1113,18,1
1566,12143,1070,1,0
1307,12143,1075,2,0
1309,12143,1078,3,0
1414,12143,1081,4,0
1499,12143,1082,5,0
3771,12143,1086,6,0
3762,12143,1087,7,0
3763,12143,1089,8,0
2537,12143,1095,9,0
2516,12143,1098,10,0
2517,12143,1099,11,0
2539,12143,1100,12,0
2541,12143,1100,13,0
3862,12143,1107,14,0
3863,12143,1108,15,0
3864,12143,1109,16,0
3865,12143,1110,17,0
3851,12143,1113,18,1
1566,12140,1030,1,0
1307,12140,1035,2,0
1309,12140,1039,3,0
1414,12140,1042,4,0
1499,12140,1043,5,0
3771,12140,1047,6,0
3762,12140,1048,7,0
3763,12140,1051,8,0
2537,12140,1058,9,0
2516,12140,1061,10,0
2517,12140,1062,11,0
2539,12140,1063,12,0
2541,12140,1063,13,0
3862,12140,1070,14,0
3863,12140,1071,15,0
3864,12140,1072,16,0
3865,12140,1073,17,0
3851,12140,1076,18,1
1566,12141,1070,1,0
1307,12141,1075,2,0
1309,12141,1078,3,0
1414,12141,1081,4,0
1499,12141,1082,5,0
3771,12141,1086,6,0
3762,12141,1087,7,0
3763,12141,1089,8,0
2537,12141,1095,9,0
2516,12141,1098,10,0
2517,12141,1099,11,0
2539,12141,1100,12,0
2541,12141,1100,13,0
3862,12141,1107,14,0
3863,12141,1108,15,0
3864,12141,1109,16,0
3865,12141,1110,17,0
3851,12141,1113,18,1
1566,12190,975,1,0
1307,12190,980,2,0
1309,12190,983,3,0
1414,12190,985,4,0
1499,12190,986,5,0
3771,12190,990,6,0
3762,12190,991,7,0
3763,12190,993,8,0
2537,12190,999,9,0
2516,12190,1002,10,0
2517,12190,1003,11,0
2539,12190,1004,12,0
2541,12190,1004,13,0
3862,12190,1011,14,0
3863,12190,1012,15,0
3864,12190,1013,16,0
3865,12190,1014,17,0
3851,12190,1017,18,1
3851,12198,1145,1,0
3852,12198,1147,2,0
3853,12198,1148,3,0
3854,12198,1149,4,0
3855,12198,1150,5,0
2542,12198,1156,6,0
2540,12198,1157,7,0
2504,12198,1157,8,0
2505,12198,1159,9,0
2538,12198,1161,10,0
3756,12198,1166,11,0
3757,12198,1167,12,0
3770,12198,1168,13,0
1503,12198,1172,14,0
1422,12198,1173,15,0
1295,12198,1175,16,0
1297,12198,1178,17,0
1566,12198,1182,18,1
3851,12197,1145,1,0
3852,12197,1147,2,0
3853,12197,1148,3,0
3854,12197,1149,4,0
3855,12197,1150,5,0
2542,12197,1156,6,0
2540,12197,1157,7,0
2504,12197,1157,8,0
2505,12197,1159,9,0
2538,12197,1161,10,0
3756,12197,1166,11,0
3757,12197,1167,12,0
3770,12197,1168,13,0
1503,12197,1172,14,0
1422,12197,1173,15,0
1295,12197,1175,16,0
1297,12197,1178,17,0
1566,12197,1182,18,1
3851,12196,1145,1,0
3852,12196,1147,2,0
3853,12196,1148,3,0
3854,12196,1149,4,0
3855,12196,1150,5,0
2542,12196,1156,6,0
2540,12196,1157,7,0
2504,12196,1157,8,0
2505,12196,1159,9,0
2538,12196,1161,10,0
3756,12196,1166,11,0
3757,12196,1167,12,0
3770,12196,1168,13,0
1503,12196,1172,14,0
1422,12196,1173,15,0
1295,12196,1175,16,0
1297,12196,1178,17,0
1566,12196,1182,18,1
3851,12195,1023,1,0
3852,12195,1025,2,0
3853,12195,1026,3,0
3854,12195,1027,4,0
3855,12195,1028,5,0
2542,12195,1035,6,0
2540,12195,1036,7,0
2504,12195,1036,8,0
2505,12195,1038,9,0
2538,12195,1040,10,0
3756,12195,1047,11,0
3757,12195,1048,12,0
3770,12195,1049,13,0
1503,12195,1053,14,0
1422,12195,1054,15,0
1295,12195,1057,16,0
1297,12195,1061,17,0
1566,12195,1065,18,1
3851,12194,1023,1,0
3852,12194,1025,2,0
3853,12194,1026,3,0
3854,12194,1027,4,0
3855,12194,1028,5,0
2542,12194,1035,6,0
2540,12194,1036,7,0
2504,12194,1036,8,0
2505,12194,1038,9,0
2538,12194,1040,10,0
3756,12194,1047,11,0
3757,12194,1048,12,0
3770,12194,1049,13,0
1503,12194,1053,14,0
1422,12194,1054,15,0
1295,12194,1057,16,0
1297,12194,1061,17,0
1566,12194,1065,18,1
3851,12193,1023,1,0
3852,12193,1025,2,0
3853,12193,1026,3,0
3854,12193,1027,4,0
3855,12193,1028,5,0
2542,12193,1035,6,0
2540,12193,1036,7,0
2504,12193,1036,8,0
2505,12193,1038,9,0
2538,12193,1040,10,0
3756,12193,1047,11,0
3757,12193,1048,12,0
3770,12193,1049,13,0
1503,12193,1053,14,0
1422,12193,1054,15,0
1295,12193,1057,16,0
1297,12193,1061,17,0
1566,12193,1065,18,1
3851,12192,1023,1,0
3852,12192,1025,2,0
3853,12192,1026,3,0
3854,12192,1027,4,0
3855,12192,1028,5,0
2542,12192,1035,6,0
2540,12192,1036,7,0
2504,12192,1036,8,0
2505,12192,1038,9,0
2538,12192,1040,10,0
3756,12192,1047,11,0
3757,12192,1048,12,0
3770,12192,1049,13,0
1503,12192,1053,14,0
1422,12192,1054,15,0
1295,12192,1057,16,0
1297,12192,1061,17,0
1566,12192,1065,18,1
3851,12191,1023,1,0
3852,12191,1025,2,0
3853,12191,1026,3,0
3854,12191,1027,4,0
3855,12191,1028,5,0
2542,12191,1035,6,0
2540,12191,1036,7,0
2504,12191,1036,8,0
2505,12191,1038,9,0
2538,12191,1040,10,0
3756,12191,1047,11,0
3757,12191,1048,12,0
3770,12191,1049,13,0
1503,12191,1053,14,0
1422,12191,1054,15,0
1295,12191,1057,16,0
1297,12191,1061,17,0
1566,12191,1065,18,1
3851,12199,1145,1,0
3852,12199,1147,2,0
3853,12199,1148,3,0
3854,12199,1149,4,0
3855,12199,1150,5,0
2542,12199,1156,6,0
2540,12199,1157,7,0
2504,12199,1157,8,0
2505,12199,1159,9,0
2538,12199,1161,10,0
3756,12199,1166,11,0
3757,12199,1167,12,0
3770,12199,1168,13,0
1503,12199,1172,14,0
1422,12199,1173,15,0
1295,12199,1175,16,0
1297,12199,1178,17,0
1566,12199,1182,18,1
3851,12172,780,1,0
3852,12172,782,2,0
3853,12172,783,3,0
3854,12172,784,4,0
3855,12172,785,5,0
2542,12172,792,6,0
2540,12172,793,7,0
2504,12172,793,8,0
2505,12172,795,9,0
2538,12172,797,10,0
3756,12172,803,11,0
3757,12172,804,12,0
3770,12172,805,13,0
1503,12172,809,14,0
1422,12172,810,15,0
1295,12172,813,16,0
1297,12172,816,17,0
1566,12172,820,18,1
3851,12171,780,1,0
3852,12171,782,2,0
3853,12171,783,3,0
3854,12171,784,4,0
3855,12171,785,5,0
2542,12171,792,6,0
2540,12171,793,7,0
2504,12171,793,8,0
2505,12171,795,9,0
2538,12171,797,10,0
3756,12171,803,11,0
3757,12171,804,12,0
3770,12171,805,13,0
1503,12171,809,14,0
1422,12171,810,15,0
1295,12171,813,16,0
1297,12171,816,17,0
1566,12171,820,18,1
3851,12170,685,1,0
3852,12170,687,2,0
3853,12170,688,3,0
3854,12170,689,4,0
3855,12170,690,5,0
2542,12170,697,6,0
2540,12170,698,7,0
2504,12170,698,8,0
2505,12170,700,9,0
2538,12170,702,10,0
3756,12170,708,11,0
3757,12170,709,12,0
3770,12170,710,13,0
1503,12170,715,14,0
1422,12170,716,15,0
1295,12170,719,16,0
1297,12170,722,17,0
1566,12170,725,18,1
3851,12176,835,1,0
3852,12176,837,2,0
3853,12176,838,3,0
3854,12176,839,4,0
3855,12176,840,5,0
2542,12176,847,6,0
2540,12176,848,7,0
2504,12176,848,8,0
2505,12176,850,9,0
2538,12176,852,10,0
3756,12176,858,11,0
3757,12176,859,12,0
3770,12176,860,13,0
1503,12176,864,14,0
1422,12176,865,15,0
1295,12176,868,16,0
1297,12176,871,17,0
1566,12176,874,18,1
3851,12175,780,1,0
3852,12175,782,2,0
3853,12175,783,3,0
3854,12175,784,4,0
3855,12175,785,5,0
2542,12175,792,6,0
2540,12175,793,7,0
2504,12175,793,8,0
2505,12175,795,9,0
2538,12175,797,10,0
3756,12175,803,11,0
3757,12175,804,12,0
3770,12175,805,13,0
1503,12175,809,14,0
1422,12175,810,15,0
1295,12175,813,16,0
1297,12175,816,17,0
1566,12175,820,18,1
3851,12174,780,1,0
3852,12174,782,2,0
3853,12174,783,3,0
3854,12174,784,4,0
3855,12174,785,5,0
2542,12174,792,6,0
2540,12174,793,7,0
2504,12174,793,8,0
2505,12174,795,9,0
2538,12174,797,10,0
3756,12174,803,11,0
3757,12174,804,12,0
3770,12174,805,13,0
1503,12174,809,14,0
1422,12174,810,15,0
1295,12174,813,16,0
1297,12174,816,17,0
1566,12174,820,18,1
3851,12173,780,1,0
3852,12173,782,2,0
3853,12173,783,3,0
3854,12173,784,4,0
3855,12173,785,5,0
2542,12173,792,6,0
2540,12173,793,7,0
2504,12173,793,8,0
2505,12173,795,9,0
2538,12173,797,10,0
3756,12173,803,11,0
3757,12173,804,12,0
3770,12173,805,13,0
1503,12173,809,14,0
1422,12173,810,15,0
1295,12173,813,16,0
1297,12173,816,17,0
1566,12173,820,18,1
3851,12179,835,1,0
3852,12179,837,2,0
3853,12179,838,3,0
3854,12179,839,4,0
3855,12179,840,5,0
2542,12179,847,6,0
2540,12179,848,7,0
2504,12179,848,8,0
2505,12179,850,9,0
2538,12179,852,10,0
3756,12179,858,11,0
3757,12179,859,12,0
3770,12179,860,13,0
1503,12179,864,14,0
1422,12179,865,15,0
1295,12179,868,16,0
1297,12179,871,17,0
1566,12179,874,18,1
3851,12177,835,1,0
3852,12177,837,2,0
3853,12177,838,3,0
3854,12177,839,4,0
3855,12177,840,5,0
2542,12177,847,6,0
2540,12177,848,7,0
2504,12177,848,8,0
2505,12177,850,9,0
2538,12177,852,10,0
3756,12177,858,11,0
3757,12177,859,12,0
3770,12177,860,13,0
1503,12177,864,14,0
1422,12177,865,15,0
1295,12177,868,16,0
1297,12177,871,17,0
1566,12177,874,18,1
3851,12178,835,1,0
3852,12178,837,2,0
3853,12178,838,3,0
3854,12178,839,4,0
3855,12178,840,5,0
2542,12178,847,6,0
2540,12178,848,7,0
2504,12178,848,8,0
2505,12178,850,9,0
2538,12178,852,10,0
3756,12178,858,11,0
3757,12178,859,12,0
3770,12178,860,13,0
1503,12178,864,14,0
1422,12178,865,15,0
1295,12178,868,16,0
1297,12178,871,17,0
1566,12178,874,18,1
3851,12181,925,1,0
3852,12181,927,2,0
3853,12181,928,3,0
3854,12181,929,4,0
3855,12181,930,5,0
2542,12181,937,6,0
2540,12181,938,7,0
2504,12181,938,8,0
2505,12181,940,9,0
2538,12181,942,10,0
3756,12181,948,11,0
3757,12181,949,12,0
3770,12181,950,13,0
1503,12181,954,14,0
1422,12181,955,15,0
1295,12181,958,16,0
1297,12181,962,17,0
1566,12181,965,18,1
3851,12180,835,1,0
3852,12180,837,2,0
3853,12180,838,3,0
3854,12180,839,4,0
3855,12180,840,5,0
2542,12180,847,6,0
2540,12180,848,7,0
2504,12180,848,8,0
2505,12180,850,9,0
2538,12180,852,10,0
3756,12180,858,11,0
3757,12180,859,12,0
3770,12180,860,13,0
1503,12180,864,14,0
1422,12180,865,15,0
1295,12180,868,16,0
1297,12180,871,17,0
1566,12180,874,18,1
3851,12183,925,1,0
3852,12183,927,2,0
3853,12183,928,3,0
3854,12183,929,4,0
3855,12183,930,5,0
2542,12183,937,6,0
2540,12183,938,7,0
2504,12183,938,8,0
2505,12183,940,9,0
2538,12183,942,10,0
3756,12183,948,11,0
3757,12183,949,12,0
3770,12183,950,13,0
1503,12183,954,14,0
1422,12183,955,15,0
1295,12183,958,16,0
1297,12183,962,17,0
1566,12183,965,18,1
3851,12182,925,1,0
3852,12182,927,2,0
3853,12182,928,3,0
3854,12182,929,4,0
3855,12182,930,5,0
2542,12182,937,6,0
2540,12182,938,7,0
2504,12182,938,8,0
2505,12182,940,9,0
2538,12182,942,10,0
3756,12182,948,11,0
3757,12182,949,12,0
3770,12182,950,13,0
1503,12182,954,14,0
1422,12182,955,15,0
1295,12182,958,16,0
1297,12182,962,17,0
1566,12182,965,18,1
3851,12185,925,1,0
3852,12185,927,2,0
3853,12185,928,3,0
3854,12185,929,4,0
3855,12185,930,5,0
2542,12185,937,6,0
2540,12185,938,7,0
2504,12185,938,8,0
2505,12185,940,9,0
2538,12185,942,10,0
3756,12185,948,11,0
3757,12185,949,12,0
3770,12185,950,13,0
1503,12185,954,14,0
1422,12185,955,15,0
1295,12185,958,16,0
1297,12185,962,17,0
1566,12185,965,18,1
3851,12184,925,1,0
3852,12184,927,2,0
3853,12184,928,3,0
3854,12184,929,4,0
3855,12184,930,5,0
2542,12184,937,6,0
2540,12184,938,7,0
2504,12184,938,8,0
2505,12184,940,9,0
2538,12184,942,10,0
3756,12184,948,11,0
3757,12184,949,12,0
3770,12184,950,13,0
1503,12184,954,14,0
1422,12184,955,15,0
1295,12184,958,16,0
1297,12184,962,17,0
1566,12184,965,18,1
1566,12187,975,1,0
1307,12187,980,2,0
1309,12187,983,3,0
1414,12187,985,4,0
1499,12187,986,5,0
3771,12187,990,6,0
3762,12187,991,7,0
3763,12187,993,8,0
2537,12187,999,9,0
2516,12187,1002,10,0
2517,12187,1003,11,0
2539,12187,1004,12,0
2541,12187,1004,13,0
3862,12187,1011,14,0
3863,12187,1012,15,0
3864,12187,1013,16,0
3865,12187,1014,17,0
3851,12187,1017,18,1
1566,12186,975,1,0
1307,12186,980,2,0
1309,12186,983,3,0
1414,12186,985,4,0
1499,12186,986,5,0
3771,12186,990,6,0
3762,12186,991,7,0
3763,12186,993,8,0
2537,12186,999,9,0
2516,12186,1002,10,0
2517,12186,1003,11,0
2539,12186,1004,12,0
2541,12186,1004,13,0
3862,12186,1011,14,0
3863,12186,1012,15,0
3864,12186,1013,16,0
3865,12186,1014,17,0
3851,12186,1017,18,1
1566,12188,975,1,0
1307,12188,980,2,0
1309,12188,983,3,0
1414,12188,985,4,0
1499,12188,986,5,0
3771,12188,990,6,0
3762,12188,991,7,0
3763,12188,993,8,0
2537,12188,999,9,0
2516,12188,1002,10,0
2517,12188,1003,11,0
2539,12188,1004,12,0
2541,12188,1004,13,0
3862,12188,1011,14,0
3863,12188,1012,15,0
3864,12188,1013,16,0
3865,12188,1014,17,0
3851,12188,1017,18,1
1566,12189,975,1,0
1307,12189,980,2,0
1309,12189,983,3,0
1414,12189,985,4,0
1499,12189,986,5,0
3771,12189,990,6,0
3762,12189,991,7,0
3763,12189,993,8,0
2537,12189,999,9,0
2516,12189,1002,10,0
2517,12189,1003,11,0
2539,12189,1004,12,0
2541,12189,1004,13,0
3862,12189,1011,14,0
3863,12189,1012,15,0
3864,12189,1013,16,0
3865,12189,1014,17,0
3851,12189,1017,18,1
3851,12218,1049,1,0
3852,12218,1051,2,0
3853,12218,1052,3,0
3854,12218,1053,4,0
3855,12218,1054,5,0
2542,12218,1061,6,0
2540,12218,1062,7,0
2504,12218,1062,8,0
2505,12218,1064,9,0
2538,12218,1066,10,0
3756,12218,1073,11,0
3757,12218,1074,12,0
3770,12218,1075,13,0
1503,12218,1079,14,0
1422,12218,1080,15,0
1295,12218,1083,16,0
1297,12218,1087,17,0
1566,12218,1091,18,1
3851,12219,1049,1,0
3852,12219,1051,2,0
3853,12219,1052,3,0
3854,12219,1053,4,0
3855,12219,1054,5,0
2542,12219,1061,6,0
2540,12219,1062,7,0
2504,12219,1062,8,0
2505,12219,1064,9,0
2538,12219,1066,10,0
3756,12219,1073,11,0
3757,12219,1074,12,0
3770,12219,1075,13,0
1503,12219,1079,14,0
1422,12219,1080,15,0
1295,12219,1083,16,0
1297,12219,1087,17,0
1566,12219,1091,18,1
3851,12210,1120,1,0
3852,12210,1122,2,0
3853,12210,1123,3,0
3854,12210,1124,4,0
3855,12210,1125,5,0
2542,12210,1131,6,0
2540,12210,1132,7,0
2504,12210,1132,8,0
2505,12210,1134,9,0
2538,12210,1136,10,0
3756,12210,1142,11,0
3757,12210,1143,12,0
3770,12210,1144,13,0
1503,12210,1148,14,0
1422,12210,1149,15,0
1295,12210,1151,16,0
1297,12210,1154,17,0
1566,12210,1158,18,1
3851,12211,1175,1,0
3852,12211,1177,2,0
3853,12211,1178,3,0
3854,12211,1179,4,0
3855,12211,1180,5,0
2542,12211,1186,6,0
2540,12211,1187,7,0
2504,12211,1187,8,0
2505,12211,1189,9,0
2538,12211,1191,10,0
3756,12211,1196,11,0
3757,12211,1197,12,0
3770,12211,1198,13,0
1503,12211,1202,14,0
1422,12211,1203,15,0
1295,12211,1205,16,0
1297,12211,1208,17,0
1566,12211,1211,18,1
3851,12212,1175,1,0
3852,12212,1177,2,0
3853,12212,1178,3,0
3854,12212,1179,4,0
3855,12212,1180,5,0
2542,12212,1186,6,0
2540,12212,1187,7,0
2504,12212,1187,8,0
2505,12212,1189,9,0
2538,12212,1191,10,0
3756,12212,1196,11,0
3757,12212,1197,12,0
3770,12212,1198,13,0
1503,12212,1202,14,0
1422,12212,1203,15,0
1295,12212,1205,16,0
1297,12212,1208,17,0
1566,12212,1211,18,1
3851,12213,1175,1,0
3852,12213,1177,2,0
3853,12213,1178,3,0
3854,12213,1179,4,0
3855,12213,1180,5,0
2542,12213,1186,6,0
2540,12213,1187,7,0
2504,12213,1187,8,0
2505,12213,1189,9,0
2538,12213,1191,10,0
3756,12213,1196,11,0
3757,12213,1197,12,0
3770,12213,1198,13,0
1503,12213,1202,14,0
1422,12213,1203,15,0
1295,12213,1205,16,0
1297,12213,1208,17,0
1566,12213,1211,18,1
3851,12214,1175,1,0
3852,12214,1177,2,0
3853,12214,1178,3,0
3854,12214,1179,4,0
3855,12214,1180,5,0
2542,12214,1186,6,0
2540,12214,1187,7,0
2504,12214,1187,8,0
2505,12214,1189,9,0
2538,12214,1191,10,0
3756,12214,1196,11,0
3757,12214,1197,12,0
3770,12214,1198,13,0
1503,12214,1202,14,0
1422,12214,1203,15,0
1295,12214,1205,16,0
1297,12214,1208,17,0
1566,12214,1211,18,1
3851,12215,1175,1,0
3852,12215,1177,2,0
3853,12215,1178,3,0
3854,12215,1179,4,0
3855,12215,1180,5,0
2542,12215,1186,6,0
2540,12215,1187,7,0
2504,12215,1187,8,0
2505,12215,1189,9,0
2538,12215,1191,10,0
3756,12215,1196,11,0
3757,12215,1197,12,0
3770,12215,1198,13,0
1503,12215,1202,14,0
1422,12215,1203,15,0
1295,12215,1205,16,0
1297,12215,1208,17,0
1566,12215,1211,18,1
3851,12216,1049,1,0
3852,12216,1051,2,0
3853,12216,1052,3,0
3854,12216,1053,4,0
3855,12216,1054,5,0
2542,12216,1061,6,0
2540,12216,1062,7,0
2504,12216,1062,8,0
2505,12216,1064,9,0
2538,12216,1066,10,0
3756,12216,1073,11,0
3757,12216,1074,12,0
3770,12216,1075,13,0
1503,12216,1079,14,0
1422,12216,1080,15,0
1295,12216,1083,16,0
1297,12216,1087,17,0
1566,12216,1091,18,1
3851,12217,1049,1,0
3852,12217,1051,2,0
3853,12217,1052,3,0
3854,12217,1053,4,0
3855,12217,1054,5,0
2542,12217,1061,6,0
2540,12217,1062,7,0
2504,12217,1062,8,0
2505,12217,1064,9,0
2538,12217,1066,10,0
3756,12217,1073,11,0
3757,12217,1074,12,0
3770,12217,1075,13,0
1503,12217,1079,14,0
1422,12217,1080,15,0
1295,12217,1083,16,0
1297,12217,1087,17,0
1566,12217,1091,18,1
1566,12223,1000,1,0
1307,12223,1005,2,0
1309,12223,1008,3,0
1414,12223,1011,4,0
1499,12223,1012,5,0
3771,12223,1016,6,0
3762,12223,1017,7,0
3763,12223,1019,8,0
2537,12223,1026,9,0
2516,12223,1029,10,0
2517,12223,1030,11,0
2539,12223,1031,12,0
2541,12223,1031,13,0
3862,12223,1038,14,0
3863,12223,1039,15,0
3864,12223,1040,16,0
3865,12223,1041,17,0
3851,12223,1044,18,1
1566,12224,1000,1,0
1307,12224,1005,2,0
1309,12224,1008,3,0
1414,12224,1011,4,0
1499,12224,1012,5,0
3771,12224,1016,6,0
3762,12224,1017,7,0
3763,12224,1019,8,0
2537,12224,1026,9,0
2516,12224,1029,10,0
2517,12224,1030,11,0
2539,12224,1031,12,0
2541,12224,1031,13,0
3862,12224,1038,14,0
3863,12224,1039,15,0
3864,12224,1040,16,0
3865,12224,1041,17,0
3851,12224,1044,18,1
1566,12221,1000,1,0
1307,12221,1005,2,0
1309,12221,1008,3,0
1414,12221,1011,4,0
1499,12221,1012,5,0
3771,12221,1016,6,0
3762,12221,1017,7,0
3763,12221,1019,8,0
2537,12221,1026,9,0
2516,12221,1029,10,0
2517,12221,1030,11,0
2539,12221,1031,12,0
2541,12221,1031,13,0
3862,12221,1038,14,0
3863,12221,1039,15,0
3864,12221,1040,16,0
3865,12221,1041,17,0
3851,12221,1044,18,1
1566,12222,1000,1,0
1307,12222,1005,2,0
1309,12222,1008,3,0
1414,12222,1011,4,0
1499,12222,1012,5,0
3771,12222,1016,6,0
3762,12222,1017,7,0
3763,12222,1019,8,0
2537,12222,1026,9,0
2516,12222,1029,10,0
2517,12222,1030,11,0
2539,12222,1031,12,0
2541,12222,1031,13,0
3862,12222,1038,14,0
3863,12222,1039,15,0
3864,12222,1040,16,0
3865,12222,1041,17,0
3851,12222,1044,18,1
1566,12225,1000,1,0
1307,12225,1005,2,0
1309,12225,1008,3,0
1414,12225,1011,4,0
1499,12225,1012,5,0
3771,12225,1016,6,0
3762,12225,1017,7,0
3763,12225,1019,8,0
2537,12225,1026,9,0
2516,12225,1029,10,0
2517,12225,1030,11,0
2539,12225,1031,12,0
2541,12225,1031,13,0
3862,12225,1038,14,0
3863,12225,1039,15,0
3864,12225,1040,16,0
3865,12225,1041,17,0
3851,12225,1044,18,1
3851,12220,1049,1,0
3852,12220,1051,2,0
3853,12220,1052,3,0
3854,12220,1053,4,0
3855,12220,1054,5,0
2542,12220,1061,6,0
2540,12220,1062,7,0
2504,12220,1062,8,0
2505,12220,1064,9,0
2538,12220,1066,10,0
3756,12220,1073,11,0
3757,12220,1074,12,0
3770,12220,1075,13,0
1503,12220,1079,14,0
1422,12220,1080,15,0
1295,12220,1083,16,0
1297,12220,1087,17,0
1566,12220,1091,18,1
