arret_id,trajet_id,heure_depart,stop_sequence,terminus
marbour1,3212,1070,1,0
maibour1,3212,1071,2,0
renbour1,3212,1072,3,0
master1,3212,1077,4,0
leuzier1,3212,1078,5,0
coteaux1,3212,1080,6,0
cennoch3,3212,1082,7,0
landpin1,3212,1083,8,0
triangl1,3212,1093,9,0
frevi02,3212,1096,10,1
frevi02,2192,1040,1,0
triangl2,2192,1044,2,0
landpin2,2192,1053,3,0
cennoch4,2192,1054,4,0
coteaux2,2192,1056,5,0
leuzier2,2192,1059,6,0
master2,2192,1060,7,0
renbour2,2192,1065,8,0
maibour2,2192,1066,9,0
marbour1,2192,1068,10,1
marbour1,3479,1010,1,0
maibour1,3479,1011,2,0
renbour1,3479,1012,3,0
master1,3479,1017,4,0
leuzier1,3479,1018,5,0
coteaux1,3479,1020,6,0
cennoch3,3479,1022,7,0
landpin1,3479,1023,8,0
triangl1,3479,1033,9,0
frevi02,3479,1036,10,1
frevi02,3071,980,1,0
triangl2,3071,984,2,0
landpin2,3071,993,3,0
cennoch4,3071,994,4,0
coteaux2,3071,996,5,0
leuzier2,3071,999,6,0
master2,3071,1000,7,0
renbour2,3071,1005,8,0
maibour2,3071,1006,9,0
marbour1,3071,1008,10,1
frevi02,3986,1120,1,0
triangl2,3986,1124,2,0
landpin2,3986,1133,3,0
cennoch4,3986,1134,4,0
coteaux2,3986,1136,5,0
leuzier2,3986,1139,6,0
master2,3986,1140,7,0
renbour2,3986,1145,8,0
maibour2,3986,1146,9,0
marbour1,3986,1148,10,1
marbour1,5896,450,1,0
maibour1,5896,451,2,0
renbour1,5896,452,3,0
master1,5896,457,4,0
leuzier1,5896,458,5,0
coteaux1,5896,460,6,0
cennoch3,5896,462,7,0
landpin1,5896,463,8,0
triangl1,5896,473,9,0
frevi02,5896,476,10,0
lybrqsu2,5896,481,11,1
frevi02,5775,460,1,0
triangl2,5775,464,2,0
landpin2,5775,473,3,0
cennoch4,5775,474,4,0
coteaux2,5775,476,5,0
leuzier2,5775,479,6,0
master2,5775,480,7,0
renbour2,5775,485,8,0
maibour2,5775,486,9,0
marbour1,5775,488,10,1
frevi02,848,1100,1,0
triangl2,848,1104,2,0
landpin2,848,1113,3,0
cennoch4,848,1114,4,0
coteaux2,848,1116,5,0
leuzier2,848,1119,6,0
master2,848,1120,7,0
renbour2,848,1125,8,0
maibour2,848,1126,9,0
marbour1,848,1128,10,1
marbour1,2343,430,1,0
maibour1,2343,431,2,0
renbour1,2343,432,3,0
master1,2343,437,4,0
leuzier1,2343,438,5,0
coteaux1,2343,440,6,0
cennoch3,2343,442,7,0
landpin1,2343,443,8,0
triangl1,2343,453,9,0
frevi02,2343,456,10,1
marbour1,2587,490,1,0
maibour1,2587,491,2,0
renbour1,2587,492,3,0
master1,2587,497,4,0
leuzier1,2587,498,5,0
coteaux1,2587,500,6,0
cennoch3,2587,502,7,0
landpin1,2587,503,8,0
triangl1,2587,513,9,0
frevi02,2587,516,10,1
frevi02,5221,1060,1,0
triangl2,5221,1064,2,0
landpin2,5221,1073,3,0
cennoch4,5221,1074,4,0
coteaux2,5221,1076,5,0
leuzier2,5221,1079,6,0
master2,5221,1080,7,0
renbour2,5221,1085,8,0
maibour2,5221,1086,9,0
marbour1,5221,1088,10,1
marbour1,5209,1090,1,0
maibour1,5209,1091,2,0
renbour1,5209,1092,3,0
master1,5209,1097,4,0
leuzier1,5209,1098,5,0
coteaux1,5209,1100,6,0
cennoch3,5209,1102,7,0
landpin1,5209,1103,8,0
triangl1,5209,1113,9,0
frevi02,5209,1116,10,1
marbour1,4081,1030,1,0
maibour1,4081,1031,2,0
renbour1,4081,1032,3,0
master1,4081,1037,4,0
leuzier1,4081,1038,5,0
coteaux1,4081,1040,6,0
cennoch3,4081,1042,7,0
landpin1,4081,1043,8,0
triangl1,4081,1053,9,0
frevi02,4081,1056,10,1
frevi02,6131,1000,1,0
triangl2,6131,1004,2,0
landpin2,6131,1013,3,0
cennoch4,6131,1014,4,0
coteaux2,6131,1016,5,0
leuzier2,6131,1019,6,0
master2,6131,1020,7,0
renbour2,6131,1025,8,0
maibour2,6131,1026,9,0
marbour1,6131,1028,10,1
