arret_id,trajet_id,heure_depart,stop_sequence,terminus
egverg1,23,1052,1,0
bouvrai1,23,1052,2,0
patimor1,23,1065,3,0
eglmord1,23,1067,4,0
mamord1,23,1068,5,0
lilamor1,23,1069,6,0
gretay1,23,1071,7,0
cxignon1,23,1072,8,0
gdefont1,23,1073,9,0
vivierb1,23,1075,10,0
gerhoui1,23,1076,11,0
mahoma1,23,1077,12,0
ptavoin1,23,1079,13,0
troimar1,23,1084,14,0
monier1,23,1085,15,0
berthau1,23,1086,16,0
lehosu1,23,1087,17,0
lemaist1,23,1087,18,0
geniaux1,23,1089,19,0
lguillo1,23,1091,20,0
chqpost1,23,1092,21,0
ptbrets1,23,1095,22,0
repx2,23,1096,23,0
tnb2,23,1100,24,0
cdg,23,1102,25,1
cdg,47,965,1,0
repwe,47,968,2,0
ptbrets2,47,969,3,0
chqpost2,47,972,4,0
lguillo2,47,973,5,0
geniaux2,47,975,6,0
lemaist2,47,978,7,0
lehosu2,47,978,8,0
berthau2,47,979,9,0
troimar2,47,981,10,0
ptavoin2,47,985,11,0
mahoma2,47,987,12,0
gerhoui2,47,988,13,0
vivierb2,47,989,14,0
gdefont2,47,991,15,0
cxignon2,47,992,16,0
gretay2,47,993,17,0
lilamor2,47,995,18,0
mamord2,47,996,19,0
eglmord2,47,997,20,0
patimor2,47,999,21,0
bouvrai2,47,1012,22,0
egverg2,47,1012,23,1
cdg,98,995,1,0
repwe,98,998,2,0
ptbrets2,98,999,3,0
chqpost2,98,1002,4,0
lguillo2,98,1003,5,0
geniaux2,98,1005,6,0
lemaist2,98,1008,7,0
lehosu2,98,1008,8,0
berthau2,98,1009,9,0
troimar2,98,1011,10,0
ptavoin2,98,1015,11,0
mahoma2,98,1017,12,0
gerhoui2,98,1018,13,0
vivierb2,98,1019,14,0
gdefont2,98,1021,15,0
cxignon2,98,1022,16,0
gretay2,98,1023,17,0
lilamor2,98,1025,18,0
mamord2,98,1026,19,0
eglmord2,98,1027,20,0
patimor1,98,1029,21,1
patimor1,90,1035,1,0
eglmord1,90,1037,2,0
mamord1,90,1038,3,0
lilamor1,90,1039,4,0
gretay1,90,1041,5,0
cxignon1,90,1042,6,0
gdefont1,90,1043,7,0
vivierb1,90,1045,8,0
gerhoui1,90,1046,9,0
mahoma1,90,1047,10,0
ptavoin1,90,1049,11,0
troimar1,90,1054,12,0
monier1,90,1055,13,0
berthau1,90,1056,14,0
lehosu1,90,1057,15,0
lemaist1,90,1057,16,0
geniaux1,90,1059,17,0
lguillo1,90,1061,18,0
chqpost1,90,1062,19,0
ptbrets1,90,1065,20,0
repx2,90,1066,21,0
tnb2,90,1070,22,0
cdg,90,1072,23,1
cdg,2113,1085,1,0
repwe,2113,1088,2,0
ptbrets2,2113,1089,3,0
chqpost2,2113,1092,4,0
lguillo2,2113,1093,5,0
geniaux2,2113,1095,6,0
lemaist2,2113,1098,7,0
lehosu2,2113,1098,8,0
berthau2,2113,1099,9,0
troimar2,2113,1101,10,0
ptavoin2,2113,1105,11,0
mahoma2,2113,1107,12,0
gerhoui2,2113,1108,13,0
vivierb2,2113,1110,14,0
gdefont2,2113,1112,15,0
cxignon2,2113,1113,16,0
gretay2,2113,1114,17,0
lilamor2,2113,1116,18,0
mamord2,2113,1117,19,0
eglmord2,2113,1118,20,0
patimor2,2113,1120,21,0
bouvrai2,2113,1133,22,0
egverg2,2113,1133,23,1
cdg,2132,1250,1,0
repwe,2132,1253,2,0
ptbrets2,2132,1254,3,0
chqpost2,2132,1257,4,0
lguillo2,2132,1258,5,0
geniaux2,2132,1260,6,0
lemaist2,2132,1262,7,0
lehosu2,2132,1262,8,0
berthau2,2132,1263,9,0
troimar2,2132,1265,10,0
ptavoin2,2132,1269,11,0
mahoma2,2132,1270,12,0
gerhoui2,2132,1271,13,0
vivierb2,2132,1272,14,0
gdefont2,2132,1274,15,0
cxignon2,2132,1275,16,0
gretay2,2132,1276,17,0
lilamor2,2132,1278,18,0
mamord2,2132,1279,19,0
eglmord2,2132,1280,20,0
patimor1,2132,1282,21,1
cdg,3267,1000,1,0
repwe,3267,1003,2,0
ptbrets2,3267,1004,3,0
chqpost2,3267,1007,4,0
lguillo2,3267,1008,5,0
geniaux2,3267,1011,6,0
lemaist2,3267,1013,7,0
lehosu2,3267,1014,8,0
berthau2,3267,1015,9,0
troimar2,3267,1017,10,0
ptavoin2,3267,1021,11,0
mahoma2,3267,1023,12,0
gerhoui2,3267,1024,13,0
vivierb2,3267,1025,14,0
gdefont2,3267,1027,15,0
cxignon2,3267,1028,16,0
gretay2,3267,1029,17,0
lilamor2,3267,1031,18,0
mamord2,3267,1032,19,0
eglmord2,3267,1033,20,0
patimor2,3267,1035,21,0
bouvrai2,3267,1048,22,0
egverg2,3267,1048,23,1
cdg,2145,1215,1,0
repwe,2145,1218,2,0
ptbrets2,2145,1219,3,0
chqpost2,2145,1222,4,0
lguillo2,2145,1223,5,0
geniaux2,2145,1225,6,0
lemaist2,2145,1228,7,0
lehosu2,2145,1228,8,0
berthau2,2145,1229,9,0
troimar2,2145,1231,10,0
ptavoin2,2145,1235,11,0
mahoma2,2145,1236,12,0
gerhoui2,2145,1237,13,0
vivierb2,2145,1238,14,0
gdefont2,2145,1239,15,0
cxignon2,2145,1240,16,0
gretay2,2145,1241,17,0
lilamor2,2145,1243,18,0
mamord2,2145,1244,19,0
eglmord2,2145,1245,20,0
patimor2,2145,1247,21,0
bouvrai2,2145,1260,22,0
egverg2,2145,1260,23,1
cdg,2147,1040,1,0
repwe,2147,1043,2,0
ptbrets2,2147,1044,3,0
chqpost2,2147,1047,4,0
lguillo2,2147,1048,5,0
geniaux2,2147,1051,6,0
lemaist2,2147,1053,7,0
lehosu2,2147,1054,8,0
berthau2,2147,1055,9,0
troimar2,2147,1058,10,0
ptavoin2,2147,1062,11,0
mahoma2,2147,1064,12,0
gerhoui2,2147,1065,13,0
vivierb2,2147,1066,14,0
gdefont2,2147,1068,15,0
cxignon2,2147,1069,16,0
gretay2,2147,1070,17,0
lilamor2,2147,1072,18,0
mamord2,2147,1073,19,0
eglmord2,2147,1074,20,0
patimor2,2147,1076,21,0
bouvrai2,2147,1089,22,0
egverg2,2147,1089,23,1
egverg1,3206,422,1,0
bouvrai1,3206,422,2,0
patimor1,3206,435,3,0
eglmord1,3206,437,4,0
mamord1,3206,438,5,0
lilamor1,3206,440,6,0
gretay1,3206,442,7,0
cxignon1,3206,443,8,0
gdefont1,3206,444,9,0
vivierb1,3206,446,10,0
gerhoui1,3206,447,11,0
mahoma1,3206,448,12,0
ptavoin1,3206,449,13,0
troimar1,3206,454,14,0
monier1,3206,455,15,0
berthau1,3206,456,16,0
lehosu1,3206,457,17,0
lemaist1,3206,457,18,0
geniaux1,3206,459,19,0
lguillo1,3206,461,20,0
chqpost1,3206,463,21,0
ptbrets1,3206,466,22,0
repx2,3206,468,23,0
tnb2,3206,472,24,0
cdg,3206,474,25,1
patimor1,3214,675,1,0
eglmord1,3214,677,2,0
mamord1,3214,678,3,0
lilamor1,3214,679,4,0
gretay1,3214,681,5,0
cxignon1,3214,682,6,0
gdefont1,3214,683,7,0
vivierb1,3214,685,8,0
gerhoui1,3214,686,9,0
mahoma1,3214,687,10,0
ptavoin1,3214,688,11,0
troimar1,3214,693,12,0
monier1,3214,694,13,0
berthau1,3214,695,14,0
lehosu1,3214,696,15,0
lemaist1,3214,696,16,0
geniaux1,3214,698,17,0
lguillo1,3214,700,18,0
chqpost1,3214,701,19,0
ptbrets1,3214,704,20,0
repx2,3214,706,21,0
tnb2,3214,710,22,0
cdg,3214,712,23,1
cdg,2189,1185,1,0
repwe,2189,1188,2,0
ptbrets2,2189,1189,3,0
chqpost2,2189,1192,4,0
lguillo2,2189,1193,5,0
geniaux2,2189,1195,6,0
lemaist2,2189,1198,7,0
lehosu2,2189,1198,8,0
berthau2,2189,1199,9,0
troimar2,2189,1201,10,0
ptavoin2,2189,1205,11,0
mahoma2,2189,1206,12,0
gerhoui2,2189,1207,13,0
vivierb2,2189,1208,14,0
gdefont2,2189,1209,15,0
cxignon2,2189,1210,16,0
gretay2,2189,1211,17,0
lilamor2,2189,1213,18,0
mamord2,2189,1214,19,0
eglmord2,2189,1215,20,0
patimor1,2189,1217,21,1
cdg,3383,695,1,0
repwe,3383,698,2,0
ptbrets2,3383,699,3,0
chqpost2,3383,702,4,0
lguillo2,3383,703,5,0
geniaux2,3383,705,6,0
lemaist2,3383,708,7,0
lehosu2,3383,708,8,0
berthau2,3383,709,9,0
troimar2,3383,711,10,0
ptavoin2,3383,715,11,0
mahoma2,3383,716,12,0
gerhoui2,3383,717,13,0
vivierb2,3383,718,14,0
gdefont2,3383,719,15,0
cxignon2,3383,720,16,0
gretay2,3383,721,17,0
lilamor2,3383,723,18,0
mamord2,3383,724,19,0
eglmord2,3383,725,20,0
patimor1,3383,727,21,1
cdg,2242,480,1,0
repwe,2242,483,2,0
ptbrets2,2242,484,3,0
chqpost2,2242,487,4,0
lguillo2,2242,488,5,0
geniaux2,2242,491,6,0
lemaist2,2242,493,7,0
lehosu2,2242,494,8,0
berthau2,2242,495,9,0
troimar2,2242,497,10,0
ptavoin2,2242,501,11,0
mahoma2,2242,502,12,0
gerhoui2,2242,503,13,0
vivierb2,2242,504,14,0
gdefont2,2242,505,15,0
cxignon2,2242,506,16,0
gretay2,2242,507,17,0
lilamor2,2242,509,18,0
mamord2,2242,510,19,0
eglmord2,2242,511,20,0
patimor1,2242,513,21,1
cdg,2278,875,1,0
repwe,2278,878,2,0
ptbrets2,2278,879,3,0
chqpost2,2278,882,4,0
lguillo2,2278,883,5,0
geniaux2,2278,885,6,0
lemaist2,2278,888,7,0
lehosu2,2278,888,8,0
berthau2,2278,889,9,0
troimar2,2278,891,10,0
ptavoin2,2278,895,11,0
mahoma2,2278,897,12,0
gerhoui2,2278,898,13,0
vivierb2,2278,899,14,0
gdefont2,2278,901,15,0
cxignon2,2278,902,16,0
gretay2,2278,903,17,0
lilamor2,2278,905,18,0
mamord2,2278,906,19,0
eglmord2,2278,907,20,0
patimor1,2278,909,21,1
patimor1,3454,615,1,0
eglmord1,3454,617,2,0
mamord1,3454,618,3,0
lilamor1,3454,619,4,0
gretay1,3454,621,5,0
cxignon1,3454,622,6,0
gdefont1,3454,623,7,0
vivierb1,3454,625,8,0
gerhoui1,3454,626,9,0
mahoma1,3454,627,10,0
ptavoin1,3454,629,11,0
troimar1,3454,634,12,0
monier1,3454,635,13,0
berthau1,3454,636,14,0
lehosu1,3454,636,15,0
lemaist1,3454,637,16,0
geniaux1,3454,638,17,0
lguillo1,3454,640,18,0
chqpost1,3454,641,19,0
ptbrets1,3454,644,20,0
repx2,3454,645,21,0
tnb2,3454,649,22,0
cdg,3454,651,23,1
patimor1,3598,675,1,0
eglmord1,3598,677,2,0
mamord1,3598,678,3,0
lilamor1,3598,679,4,0
gretay1,3598,681,5,0
cxignon1,3598,682,6,0
gdefont1,3598,683,7,0
vivierb1,3598,685,8,0
gerhoui1,3598,686,9,0
mahoma1,3598,687,10,0
ptavoin1,3598,689,11,0
troimar1,3598,694,12,0
monier1,3598,695,13,0
berthau1,3598,696,14,0
lehosu1,3598,696,15,0
lemaist1,3598,697,16,0
geniaux1,3598,698,17,0
lguillo1,3598,700,18,0
chqpost1,3598,701,19,0
ptbrets1,3598,704,20,0
repx2,3598,705,21,0
tnb2,3598,709,22,0
cdg,3598,711,23,1
egverg1,2074,692,1,0
bouvrai1,2074,692,2,0
patimor1,2074,705,3,0
eglmord1,2074,707,4,0
mamord1,2074,708,5,0
lilamor1,2074,709,6,0
gretay1,2074,711,7,0
cxignon1,2074,712,8,0
gdefont1,2074,713,9,0
vivierb1,2074,715,10,0
gerhoui1,2074,716,11,0
mahoma1,2074,717,12,0
ptavoin1,2074,718,13,0
troimar1,2074,723,14,0
monier1,2074,724,15,0
berthau1,2074,725,16,0
lehosu1,2074,726,17,0
lemaist1,2074,726,18,0
geniaux1,2074,728,19,0
lguillo1,2074,730,20,0
chqpost1,2074,731,21,0
ptbrets1,2074,734,22,0
repx2,2074,736,23,0
tnb2,2074,740,24,0
cdg,2074,742,25,1
egverg1,3528,872,1,0
bouvrai1,3528,872,2,0
patimor1,3528,885,3,0
eglmord1,3528,887,4,0
mamord1,3528,888,5,0
lilamor1,3528,889,6,0
gretay1,3528,891,7,0
cxignon1,3528,892,8,0
gdefont1,3528,893,9,0
vivierb1,3528,895,10,0
gerhoui1,3528,896,11,0
mahoma1,3528,897,12,0
ptavoin1,3528,899,13,0
troimar1,3528,904,14,0
monier1,3528,905,15,0
berthau1,3528,906,16,0
lehosu1,3528,907,17,0
lemaist1,3528,907,18,0
geniaux1,3528,909,19,0
lguillo1,3528,911,20,0
chqpost1,3528,912,21,0
ptbrets1,3528,915,22,0
repx2,3528,916,23,0
tnb2,3528,920,24,0
cdg,3528,922,25,1
egverg1,2025,872,1,0
bouvrai1,2025,872,2,0
patimor1,2025,885,3,0
eglmord1,2025,887,4,0
mamord1,2025,888,5,0
lilamor1,2025,889,6,0
gretay1,2025,891,7,0
cxignon1,2025,892,8,0
gdefont1,2025,893,9,0
vivierb1,2025,895,10,0
gerhoui1,2025,896,11,0
mahoma1,2025,897,12,0
ptavoin1,2025,898,13,0
troimar1,2025,903,14,0
monier1,2025,904,15,0
berthau1,2025,905,16,0
lehosu1,2025,906,17,0
lemaist1,2025,906,18,0
geniaux1,2025,908,19,0
lguillo1,2025,910,20,0
chqpost1,2025,911,21,0
ptbrets1,2025,914,22,0
repx2,2025,916,23,0
tnb2,2025,920,24,0
cdg,2025,922,25,1
cdg,3629,695,1,0
repwe,3629,698,2,0
ptbrets2,3629,699,3,0
chqpost2,3629,702,4,0
lguillo2,3629,703,5,0
geniaux2,3629,705,6,0
lemaist2,3629,707,7,0
lehosu2,3629,707,8,0
berthau2,3629,708,9,0
troimar2,3629,710,10,0
ptavoin2,3629,714,11,0
mahoma2,3629,716,12,0
gerhoui2,3629,717,13,0
vivierb2,3629,718,14,0
gdefont2,3629,720,15,0
cxignon2,3629,721,16,0
gretay2,3629,722,17,0
lilamor2,3629,724,18,0
mamord2,3629,725,19,0
eglmord2,3629,726,20,0
patimor1,3629,728,21,1
egverg1,3643,972,1,0
bouvrai1,3643,972,2,0
patimor1,3643,985,3,0
eglmord1,3643,987,4,0
mamord1,3643,988,5,0
lilamor1,3643,989,6,0
gretay1,3643,991,7,0
cxignon1,3643,992,8,0
gdefont1,3643,993,9,0
vivierb1,3643,995,10,0
gerhoui1,3643,996,11,0
mahoma1,3643,997,12,0
ptavoin1,3643,998,13,0
troimar1,3643,1003,14,0
monier1,3643,1004,15,0
berthau1,3643,1005,16,0
lehosu1,3643,1006,17,0
lemaist1,3643,1006,18,0
geniaux1,3643,1008,19,0
lguillo1,3643,1010,20,0
chqpost1,3643,1011,21,0
ptbrets1,3643,1014,22,0
repx2,3643,1016,23,0
tnb2,3643,1020,24,0
cdg,3643,1022,25,1
patimor1,3659,1065,1,0
eglmord1,3659,1067,2,0
mamord1,3659,1068,3,0
lilamor1,3659,1069,4,0
gretay1,3659,1071,5,0
cxignon1,3659,1072,6,0
gdefont1,3659,1073,7,0
vivierb1,3659,1075,8,0
gerhoui1,3659,1076,9,0
mahoma1,3659,1077,10,0
ptavoin1,3659,1079,11,0
troimar1,3659,1084,12,0
monier1,3659,1085,13,0
berthau1,3659,1086,14,0
lehosu1,3659,1087,15,0
lemaist1,3659,1087,16,0
geniaux1,3659,1089,17,0
lguillo1,3659,1091,18,0
chqpost1,3659,1092,19,0
ptbrets1,3659,1095,20,0
repx2,3659,1097,21,0
tnb2,3659,1101,22,0
cdg,3659,1103,23,1
egverg1,3666,452,1,0
bouvrai1,3666,452,2,0
patimor1,3666,465,3,0
eglmord1,3666,467,4,0
mamord1,3666,468,5,0
lilamor1,3666,469,6,0
gretay1,3666,471,7,0
cxignon1,3666,472,8,0
gdefont1,3666,473,9,0
vivierb1,3666,475,10,0
gerhoui1,3666,476,11,0
mahoma1,3666,477,12,0
ptavoin1,3666,478,13,0
troimar1,3666,482,14,0
monier1,3666,483,15,0
berthau1,3666,484,16,0
lehosu1,3666,484,17,0
lemaist1,3666,485,18,0
geniaux1,3666,486,19,0
lguillo1,3666,488,20,0
chqpost1,3666,489,21,0
ptbrets1,3666,492,22,0
repx2,3666,493,23,0
tnb2,3666,497,24,0
cdg,3666,499,25,1
cdg,3746,1140,1,0
repwe,3746,1143,2,0
ptbrets2,3746,1144,3,0
chqpost2,3746,1147,4,0
lguillo2,3746,1148,5,0
geniaux2,3746,1150,6,0
lemaist2,3746,1153,7,0
lehosu2,3746,1153,8,0
berthau2,3746,1154,9,0
troimar2,3746,1156,10,0
ptavoin2,3746,1160,11,0
mahoma2,3746,1162,12,0
gerhoui2,3746,1163,13,0
vivierb2,3746,1164,14,0
gdefont2,3746,1166,15,0
cxignon2,3746,1167,16,0
gretay2,3746,1168,17,0
lilamor2,3746,1170,18,0
mamord2,3746,1171,19,0
eglmord2,3746,1172,20,0
patimor1,3746,1174,21,1
patimor1,3706,855,1,0
eglmord1,3706,857,2,0
mamord1,3706,858,3,0
lilamor1,3706,859,4,0
gretay1,3706,861,5,0
cxignon1,3706,862,6,0
gdefont1,3706,863,7,0
vivierb1,3706,865,8,0
gerhoui1,3706,866,9,0
mahoma1,3706,867,10,0
ptavoin1,3706,868,11,0
troimar1,3706,873,12,0
monier1,3706,874,13,0
berthau1,3706,875,14,0
lehosu1,3706,876,15,0
lemaist1,3706,876,16,0
geniaux1,3706,878,17,0
lguillo1,3706,880,18,0
chqpost1,3706,881,19,0
ptbrets1,3706,884,20,0
repx2,3706,886,21,0
tnb2,3706,890,22,0
cdg,3706,892,23,1
egverg1,164,632,1,0
bouvrai1,164,632,2,0
patimor1,164,645,3,0
eglmord1,164,647,4,0
mamord1,164,648,5,0
lilamor1,164,649,6,0
gretay1,164,651,7,0
cxignon1,164,652,8,0
gdefont1,164,653,9,0
vivierb1,164,655,10,0
gerhoui1,164,656,11,0
mahoma1,164,657,12,0
ptavoin1,164,658,13,0
troimar1,164,663,14,0
monier1,164,664,15,0
berthau1,164,665,16,0
lehosu1,164,666,17,0
lemaist1,164,666,18,0
geniaux1,164,668,19,0
lguillo1,164,670,20,0
chqpost1,164,671,21,0
ptbrets1,164,674,22,0
repx2,164,676,23,0
tnb2,164,680,24,0
cdg,164,682,25,1
patimor1,178,1155,1,0
eglmord1,178,1157,2,0
mamord1,178,1158,3,0
lilamor1,178,1159,4,0
gretay1,178,1161,5,0
cxignon1,178,1162,6,0
gdefont1,178,1163,7,0
vivierb1,178,1165,8,0
gerhoui1,178,1166,9,0
mahoma1,178,1167,10,0
ptavoin1,178,1168,11,0
troimar1,178,1173,12,0
monier1,178,1174,13,0
berthau1,178,1175,14,0
lehosu1,178,1175,15,0
lemaist1,178,1176,16,0
geniaux1,178,1177,17,0
lguillo1,178,1179,18,0
chqpost1,178,1180,19,0
ptbrets1,178,1182,20,0
repx2,178,1183,21,0
tnb2,178,1187,22,0
cdg,178,1189,23,1
egverg1,3851,1072,1,0
bouvrai1,3851,1072,2,0
patimor1,3851,1085,3,0
eglmord1,3851,1087,4,0
mamord1,3851,1088,5,0
lilamor1,3851,1089,6,0
gretay1,3851,1091,7,0
cxignon1,3851,1092,8,0
gdefont1,3851,1093,9,0
vivierb1,3851,1095,10,0
gerhoui1,3851,1096,11,0
mahoma1,3851,1097,12,0
ptavoin1,3851,1099,13,0
troimar1,3851,1104,14,0
monier1,3851,1105,15,0
berthau1,3851,1106,16,0
lehosu1,3851,1107,17,0
lemaist1,3851,1107,18,0
geniaux1,3851,1109,19,0
lguillo1,3851,1111,20,0
chqpost1,3851,1112,21,0
ptbrets1,3851,1115,22,0
repx2,3851,1117,23,0
tnb2,3851,1121,24,0
cdg,3851,1123,25,1
cdg,3852,940,1,0
repwe,3852,943,2,0
ptbrets2,3852,944,3,0
chqpost2,3852,947,4,0
lguillo2,3852,948,5,0
geniaux2,3852,950,6,0
lemaist2,3852,953,7,0
lehosu2,3852,953,8,0
berthau2,3852,954,9,0
troimar2,3852,956,10,0
ptavoin2,3852,960,11,0
mahoma2,3852,962,12,0
gerhoui2,3852,963,13,0
vivierb2,3852,964,14,0
gdefont2,3852,966,15,0
cxignon2,3852,967,16,0
gretay2,3852,968,17,0
lilamor2,3852,970,18,0
mamord2,3852,971,19,0
eglmord2,3852,972,20,0
patimor2,3852,974,21,0
bouvrai2,3852,987,22,0
egverg2,3852,987,23,1
cdg,3833,415,1,0
repwe,3833,418,2,0
ptbrets2,3833,419,3,0
chqpost2,3833,422,4,0
lguillo2,3833,423,5,0
geniaux2,3833,425,6,0
lemaist2,3833,428,7,0
lehosu2,3833,428,8,0
berthau2,3833,429,9,0
troimar2,3833,431,10,0
ptavoin2,3833,435,11,0
mahoma2,3833,436,12,0
gerhoui2,3833,437,13,0
vivierb2,3833,438,14,0
gdefont2,3833,439,15,0
cxignon2,3833,440,16,0
gretay2,3833,441,17,0
lilamor2,3833,443,18,0
mamord2,3833,444,19,0
eglmord2,3833,445,20,0
patimor2,3833,447,21,0
bouvrai2,3833,460,22,0
egverg2,3833,460,23,1
cdg,4966,960,1,0
repwe,4966,963,2,0
ptbrets2,4966,964,3,0
chqpost2,4966,967,4,0
lguillo2,4966,968,5,0
geniaux2,4966,970,6,0
lemaist2,4966,973,7,0
lehosu2,4966,973,8,0
berthau2,4966,974,9,0
troimar2,4966,976,10,0
ptavoin2,4966,980,11,0
mahoma2,4966,982,12,0
gerhoui2,4966,983,13,0
vivierb2,4966,984,14,0
gdefont2,4966,986,15,0
cxignon2,4966,987,16,0
gretay2,4966,988,17,0
lilamor2,4966,990,18,0
mamord2,4966,991,19,0
eglmord2,4966,992,20,0
patimor2,4966,994,21,0
bouvrai2,4966,1007,22,0
egverg2,4966,1007,23,1
cdg,4999,575,1,0
repwe,4999,578,2,0
ptbrets2,4999,579,3,0
chqpost2,4999,582,4,0
lguillo2,4999,583,5,0
geniaux2,4999,585,6,0
lemaist2,4999,588,7,0
lehosu2,4999,588,8,0
berthau2,4999,589,9,0
troimar2,4999,591,10,0
ptavoin2,4999,595,11,0
mahoma2,4999,596,12,0
gerhoui2,4999,597,13,0
vivierb2,4999,598,14,0
gdefont2,4999,599,15,0
cxignon2,4999,600,16,0
gretay2,4999,601,17,0
lilamor2,4999,603,18,0
mamord2,4999,604,19,0
eglmord2,4999,605,20,0
patimor1,4999,607,21,1
patimor1,3013,495,1,0
eglmord1,3013,497,2,0
mamord1,3013,498,3,0
lilamor1,3013,499,4,0
gretay1,3013,501,5,0
cxignon1,3013,502,6,0
gdefont1,3013,503,7,0
vivierb1,3013,505,8,0
gerhoui1,3013,506,9,0
mahoma1,3013,507,10,0
ptavoin1,3013,508,11,0
troimar1,3013,513,12,0
monier1,3013,514,13,0
berthau1,3013,515,14,0
lehosu1,3013,515,15,0
lemaist1,3013,516,16,0
geniaux1,3013,517,17,0
lguillo1,3013,519,18,0
chqpost1,3013,520,19,0
ptbrets1,3013,523,20,0
repx2,3013,524,21,0
tnb2,3013,528,22,0
cdg,3013,530,23,1
egverg1,3044,1112,1,0
bouvrai1,3044,1112,2,0
patimor1,3044,1125,3,0
eglmord1,3044,1127,4,0
mamord1,3044,1128,5,0
lilamor1,3044,1129,6,0
gretay1,3044,1131,7,0
cxignon1,3044,1132,8,0
gdefont1,3044,1133,9,0
vivierb1,3044,1135,10,0
gerhoui1,3044,1136,11,0
mahoma1,3044,1137,12,0
ptavoin1,3044,1139,13,0
troimar1,3044,1144,14,0
monier1,3044,1145,15,0
berthau1,3044,1146,16,0
lehosu1,3044,1146,17,0
lemaist1,3044,1147,18,0
geniaux1,3044,1148,19,0
lguillo1,3044,1150,20,0
chqpost1,3044,1151,21,0
ptbrets1,3044,1154,22,0
repx2,3044,1155,23,0
tnb2,3044,1159,24,0
cdg,3044,1161,25,1
egverg1,3944,572,1,0
bouvrai1,3944,572,2,0
patimor1,3944,585,3,0
eglmord1,3944,587,4,0
mamord1,3944,588,5,0
lilamor1,3944,589,6,0
gretay1,3944,591,7,0
cxignon1,3944,592,8,0
gdefont1,3944,593,9,0
vivierb1,3944,595,10,0
gerhoui1,3944,596,11,0
mahoma1,3944,597,12,0
ptavoin1,3944,598,13,0
troimar1,3944,603,14,0
monier1,3944,604,15,0
berthau1,3944,605,16,0
lehosu1,3944,606,17,0
lemaist1,3944,606,18,0
geniaux1,3944,608,19,0
lguillo1,3944,610,20,0
chqpost1,3944,611,21,0
ptbrets1,3944,614,22,0
repx2,3944,616,23,0
tnb2,3944,620,24,0
cdg,3944,622,25,1
patimor1,3143,400,1,0
eglmord1,3143,402,2,0
mamord1,3143,403,3,0
lilamor1,3143,404,4,0
gretay1,3143,406,5,0
cxignon1,3143,407,6,0
gdefont1,3143,408,7,0
vivierb1,3143,410,8,0
gerhoui1,3143,411,9,0
mahoma1,3143,412,10,0
ptavoin1,3143,413,11,0
troimar1,3143,418,12,0
monier1,3143,419,13,0
berthau1,3143,420,14,0
lehosu1,3143,420,15,0
lemaist1,3143,421,16,0
geniaux1,3143,422,17,0
lguillo1,3143,424,18,0
chqpost1,3143,425,19,0
ptbrets1,3143,428,20,0
repx2,3143,430,21,0
tnb2,3143,434,22,0
cdg,3143,436,23,1
egverg1,3164,1114,1,0
bouvrai1,3164,1114,2,0
patimor1,3164,1127,3,0
eglmord1,3164,1129,4,0
mamord1,3164,1130,5,0
lilamor1,3164,1131,6,0
gretay1,3164,1133,7,0
cxignon1,3164,1134,8,0
gdefont1,3164,1135,9,0
vivierb1,3164,1137,10,0
gerhoui1,3164,1138,11,0
mahoma1,3164,1139,12,0
ptavoin1,3164,1140,13,0
troimar1,3164,1145,14,0
monier1,3164,1146,15,0
berthau1,3164,1147,16,0
lehosu1,3164,1147,17,0
lemaist1,3164,1148,18,0
geniaux1,3164,1149,19,0
lguillo1,3164,1151,20,0
chqpost1,3164,1152,21,0
ptbrets1,3164,1155,22,0
repx2,3164,1157,23,0
tnb2,3164,1161,24,0
cdg,3164,1163,25,1
cdg,6870,575,1,0
repwe,6870,578,2,0
ptbrets2,6870,579,3,0
chqpost2,6870,582,4,0
lguillo2,6870,583,5,0
geniaux2,6870,585,6,0
lemaist2,6870,587,7,0
lehosu2,6870,587,8,0
berthau2,6870,588,9,0
troimar2,6870,590,10,0
ptavoin2,6870,594,11,0
mahoma2,6870,596,12,0
gerhoui2,6870,597,13,0
vivierb2,6870,598,14,0
gdefont2,6870,600,15,0
cxignon2,6870,601,16,0
gretay2,6870,602,17,0
lilamor2,6870,604,18,0
mamord2,6870,605,19,0
eglmord2,6870,606,20,0
patimor1,6870,608,21,1
cdg,1823,755,1,0
repwe,1823,758,2,0
ptbrets2,1823,759,3,0
chqpost2,1823,762,4,0
lguillo2,1823,763,5,0
geniaux2,1823,765,6,0
lemaist2,1823,768,7,0
lehosu2,1823,768,8,0
berthau2,1823,769,9,0
troimar2,1823,771,10,0
ptavoin2,1823,775,11,0
mahoma2,1823,777,12,0
gerhoui2,1823,778,13,0
vivierb2,1823,779,14,0
gdefont2,1823,781,15,0
cxignon2,1823,782,16,0
gretay2,1823,783,17,0
lilamor2,1823,785,18,0
mamord2,1823,786,19,0
eglmord2,1823,787,20,0
patimor1,1823,789,21,1
cdg,6883,425,1,0
repwe,6883,428,2,0
ptbrets2,6883,429,3,0
chqpost2,6883,432,4,0
lguillo2,6883,433,5,0
geniaux2,6883,435,6,0
lemaist2,6883,437,7,0
lehosu2,6883,437,8,0
berthau2,6883,438,9,0
troimar2,6883,440,10,0
ptavoin2,6883,444,11,0
mahoma2,6883,445,12,0
gerhoui2,6883,446,13,0
vivierb2,6883,447,14,0
gdefont2,6883,448,15,0
cxignon2,6883,449,16,0
gretay2,6883,450,17,0
lilamor2,6883,452,18,0
mamord2,6883,453,19,0
eglmord2,6883,454,20,0
patimor2,6883,456,21,0
bouvrai2,6883,469,22,0
egverg2,6883,469,23,1
cdg,517,935,1,0
repwe,517,938,2,0
ptbrets2,517,939,3,0
chqpost2,517,942,4,0
lguillo2,517,943,5,0
geniaux2,517,945,6,0
lemaist2,517,948,7,0
lehosu2,517,948,8,0
berthau2,517,949,9,0
troimar2,517,951,10,0
ptavoin2,517,955,11,0
mahoma2,517,957,12,0
gerhoui2,517,958,13,0
vivierb2,517,959,14,0
gdefont2,517,961,15,0
cxignon2,517,962,16,0
gretay2,517,963,17,0
lilamor2,517,965,18,0
mamord2,517,966,19,0
eglmord2,517,967,20,0
patimor1,517,969,21,1
cdg,4712,815,1,0
repwe,4712,818,2,0
ptbrets2,4712,819,3,0
chqpost2,4712,822,4,0
lguillo2,4712,823,5,0
geniaux2,4712,825,6,0
lemaist2,4712,828,7,0
lehosu2,4712,828,8,0
berthau2,4712,829,9,0
troimar2,4712,831,10,0
ptavoin2,4712,835,11,0
mahoma2,4712,837,12,0
gerhoui2,4712,838,13,0
vivierb2,4712,839,14,0
gdefont2,4712,841,15,0
cxignon2,4712,842,16,0
gretay2,4712,843,17,0
lilamor2,4712,845,18,0
mamord2,4712,846,19,0
eglmord2,4712,847,20,0
patimor1,4712,849,21,1
cdg,1870,385,1,0
repwe,1870,388,2,0
ptbrets2,1870,389,3,0
chqpost2,1870,392,4,0
lguillo2,1870,393,5,0
geniaux2,1870,395,6,0
lemaist2,1870,398,7,0
lehosu2,1870,398,8,0
berthau2,1870,399,9,0
troimar2,1870,401,10,0
ptavoin2,1870,405,11,0
mahoma2,1870,406,12,0
gerhoui2,1870,407,13,0
vivierb2,1870,408,14,0
gdefont2,1870,409,15,0
cxignon2,1870,409,16,0
gretay2,1870,410,17,0
lilamor2,1870,412,18,0
mamord2,1870,413,19,0
eglmord2,1870,414,20,0
patimor2,1870,416,21,0
bouvrai2,1870,429,22,0
egverg2,1870,429,23,1
cdg,4626,755,1,0
repwe,4626,758,2,0
ptbrets2,4626,759,3,0
chqpost2,4626,762,4,0
lguillo2,4626,763,5,0
geniaux2,4626,765,6,0
lemaist2,4626,767,7,0
lehosu2,4626,767,8,0
berthau2,4626,768,9,0
troimar2,4626,770,10,0
ptavoin2,4626,774,11,0
mahoma2,4626,776,12,0
gerhoui2,4626,777,13,0
vivierb2,4626,778,14,0
gdefont2,4626,780,15,0
cxignon2,4626,781,16,0
gretay2,4626,782,17,0
lilamor2,4626,784,18,0
mamord2,4626,785,19,0
eglmord2,4626,786,20,0
patimor1,4626,788,21,1
cdg,4697,635,1,0
repwe,4697,638,2,0
ptbrets2,4697,639,3,0
chqpost2,4697,642,4,0
lguillo2,4697,643,5,0
geniaux2,4697,645,6,0
lemaist2,4697,648,7,0
lehosu2,4697,648,8,0
berthau2,4697,649,9,0
troimar2,4697,651,10,0
ptavoin2,4697,655,11,0
mahoma2,4697,656,12,0
gerhoui2,4697,657,13,0
vivierb2,4697,658,14,0
gdefont2,4697,659,15,0
cxignon2,4697,660,16,0
gretay2,4697,661,17,0
lilamor2,4697,663,18,0
mamord2,4697,664,19,0
eglmord2,4697,665,20,0
patimor1,4697,667,21,1
patimor1,437,735,1,0
eglmord1,437,737,2,0
mamord1,437,738,3,0
lilamor1,437,739,4,0
gretay1,437,741,5,0
cxignon1,437,742,6,0
gdefont1,437,743,7,0
vivierb1,437,745,8,0
gerhoui1,437,746,9,0
mahoma1,437,747,10,0
ptavoin1,437,748,11,0
troimar1,437,753,12,0
monier1,437,754,13,0
berthau1,437,755,14,0
lehosu1,437,756,15,0
lemaist1,437,756,16,0
geniaux1,437,758,17,0
lguillo1,437,760,18,0
chqpost1,437,761,19,0
ptbrets1,437,764,20,0
repx2,437,766,21,0
tnb2,437,770,22,0
cdg,437,772,23,1
cdg,449,725,1,0
repwe,449,728,2,0
ptbrets2,449,729,3,0
chqpost2,449,732,4,0
lguillo2,449,733,5,0
geniaux2,449,735,6,0
lemaist2,449,738,7,0
lehosu2,449,738,8,0
berthau2,449,739,9,0
troimar2,449,741,10,0
ptavoin2,449,745,11,0
mahoma2,449,747,12,0
gerhoui2,449,748,13,0
vivierb2,449,749,14,0
gdefont2,449,751,15,0
cxignon2,449,752,16,0
gretay2,449,753,17,0
lilamor2,449,755,18,0
mamord2,449,756,19,0
eglmord2,449,757,20,0
patimor2,449,759,21,0
bouvrai2,449,772,22,0
egverg2,449,772,23,1
cdg,466,815,1,0
repwe,466,818,2,0
ptbrets2,466,819,3,0
chqpost2,466,822,4,0
lguillo2,466,823,5,0
geniaux2,466,825,6,0
lemaist2,466,827,7,0
lehosu2,466,827,8,0
berthau2,466,828,9,0
troimar2,466,830,10,0
ptavoin2,466,834,11,0
mahoma2,466,836,12,0
gerhoui2,466,837,13,0
vivierb2,466,838,14,0
gdefont2,466,840,15,0
cxignon2,466,841,16,0
gretay2,466,842,17,0
lilamor2,466,844,18,0
mamord2,466,845,19,0
eglmord2,466,846,20,0
patimor1,466,848,21,1
egverg1,1777,1242,1,0
bouvrai1,1777,1242,2,0
patimor1,1777,1255,3,0
eglmord1,1777,1257,4,0
mamord1,1777,1258,5,0
lilamor1,1777,1259,6,0
gretay1,1777,1261,7,0
cxignon1,1777,1262,8,0
gdefont1,1777,1263,9,0
vivierb1,1777,1264,10,0
gerhoui1,1777,1265,11,0
mahoma1,1777,1266,12,0
ptavoin1,1777,1267,13,0
troimar1,1777,1271,14,0
monier1,1777,1272,15,0
berthau1,1777,1273,16,0
lehosu1,1777,1273,17,0
lemaist1,1777,1274,18,0
geniaux1,1777,1275,19,0
lguillo1,1777,1277,20,0
chqpost1,1777,1278,21,0
ptbrets1,1777,1281,22,0
repx2,1777,1282,23,0
tnb2,1777,1286,24,0
cdg,1777,1288,25,1
patimor1,1776,555,1,0
eglmord1,1776,557,2,0
mamord1,1776,558,3,0
lilamor1,1776,559,4,0
gretay1,1776,561,5,0
cxignon1,1776,562,6,0
gdefont1,1776,563,7,0
vivierb1,1776,565,8,0
gerhoui1,1776,566,9,0
mahoma1,1776,567,10,0
ptavoin1,1776,568,11,0
troimar1,1776,573,12,0
monier1,1776,574,13,0
berthau1,1776,575,14,0
lehosu1,1776,576,15,0
lemaist1,1776,576,16,0
geniaux1,1776,578,17,0
lguillo1,1776,580,18,0
chqpost1,1776,581,19,0
ptbrets1,1776,584,20,0
repx2,1776,586,21,0
tnb2,1776,590,22,0
cdg,1776,592,23,1
egverg1,1736,1207,1,0
bouvrai1,1736,1207,2,0
patimor1,1736,1220,3,0
eglmord1,1736,1222,4,0
mamord1,1736,1223,5,0
lilamor1,1736,1224,6,0
gretay1,1736,1226,7,0
cxignon1,1736,1227,8,0
gdefont1,1736,1228,9,0
vivierb1,1736,1229,10,0
gerhoui1,1736,1230,11,0
mahoma1,1736,1231,12,0
ptavoin1,1736,1232,13,0
troimar1,1736,1236,14,0
monier1,1736,1237,15,0
berthau1,1736,1238,16,0
lehosu1,1736,1238,17,0
lemaist1,1736,1239,18,0
geniaux1,1736,1240,19,0
lguillo1,1736,1242,20,0
chqpost1,1736,1243,21,0
ptbrets1,1736,1245,22,0
repx2,1736,1246,23,0
tnb2,1736,1250,24,0
cdg,1736,1252,25,1
cdg,4533,605,1,0
repwe,4533,608,2,0
ptbrets2,4533,609,3,0
chqpost2,4533,612,4,0
lguillo2,4533,613,5,0
geniaux2,4533,615,6,0
lemaist2,4533,617,7,0
lehosu2,4533,617,8,0
berthau2,4533,618,9,0
troimar2,4533,620,10,0
ptavoin2,4533,624,11,0
mahoma2,4533,626,12,0
gerhoui2,4533,627,13,0
vivierb2,4533,628,14,0
gdefont2,4533,630,15,0
cxignon2,4533,631,16,0
gretay2,4533,632,17,0
lilamor2,4533,634,18,0
mamord2,4533,635,19,0
eglmord2,4533,636,20,0
patimor2,4533,638,21,0
bouvrai2,4533,651,22,0
egverg2,4533,651,23,1
egverg1,1608,481,1,0
bouvrai1,1608,481,2,0
patimor1,1608,495,3,0
eglmord1,1608,497,4,0
mamord1,1608,498,5,0
lilamor1,1608,500,6,0
gretay1,1608,502,7,0
cxignon1,1608,503,8,0
gdefont1,1608,505,9,0
vivierb1,1608,506,10,0
gerhoui1,1608,508,11,0
mahoma1,1608,509,12,0
ptavoin1,1608,511,13,0
troimar1,1608,516,14,0
monier1,1608,517,15,0
berthau1,1608,518,16,0
lehosu1,1608,519,17,0
lemaist1,1608,519,18,0
geniaux1,1608,521,19,0
lguillo1,1608,523,20,0
chqpost1,1608,525,21,0
ptbrets1,1608,529,22,0
repx2,1608,531,23,0
tnb2,1608,535,24,0
cdg,1608,537,25,1
cdg,4954,1020,1,0
repwe,4954,1023,2,0
ptbrets2,4954,1024,3,0
chqpost2,4954,1027,4,0
lguillo2,4954,1028,5,0
geniaux2,4954,1031,6,0
lemaist2,4954,1033,7,0
lehosu2,4954,1034,8,0
berthau2,4954,1035,9,0
troimar2,4954,1038,10,0
ptavoin2,4954,1042,11,0
mahoma2,4954,1044,12,0
gerhoui2,4954,1045,13,0
vivierb2,4954,1046,14,0
gdefont2,4954,1048,15,0
cxignon2,4954,1049,16,0
gretay2,4954,1050,17,0
lilamor2,4954,1052,18,0
mamord2,4954,1053,19,0
eglmord2,4954,1054,20,0
patimor1,4954,1056,21,1
cdg,4951,515,1,0
repwe,4951,518,2,0
ptbrets2,4951,519,3,0
chqpost2,4951,522,4,0
lguillo2,4951,523,5,0
geniaux2,4951,525,6,0
lemaist2,4951,527,7,0
lehosu2,4951,527,8,0
berthau2,4951,528,9,0
troimar2,4951,530,10,0
ptavoin2,4951,534,11,0
mahoma2,4951,536,12,0
gerhoui2,4951,537,13,0
vivierb2,4951,538,14,0
gdefont2,4951,540,15,0
cxignon2,4951,541,16,0
gretay2,4951,542,17,0
lilamor2,4951,544,18,0
mamord2,4951,545,19,0
eglmord2,4951,546,20,0
patimor1,4951,548,21,1
patimor1,1671,795,1,0
eglmord1,1671,797,2,0
mamord1,1671,798,3,0
lilamor1,1671,799,4,0
gretay1,1671,801,5,0
cxignon1,1671,802,6,0
gdefont1,1671,803,7,0
vivierb1,1671,805,8,0
gerhoui1,1671,806,9,0
mahoma1,1671,807,10,0
ptavoin1,1671,809,11,0
troimar1,1671,814,12,0
monier1,1671,815,13,0
berthau1,1671,816,14,0
lehosu1,1671,817,15,0
lemaist1,1671,817,16,0
geniaux1,1671,819,17,0
lguillo1,1671,821,18,0
chqpost1,1671,822,19,0
ptbrets1,1671,825,20,0
repx2,1671,826,21,0
tnb2,1671,830,22,0
cdg,1671,832,23,1
egverg1,1579,692,1,0
bouvrai1,1579,692,2,0
patimor1,1579,705,3,0
eglmord1,1579,707,4,0
mamord1,1579,708,5,0
lilamor1,1579,709,6,0
gretay1,1579,711,7,0
cxignon1,1579,712,8,0
gdefont1,1579,713,9,0
vivierb1,1579,715,10,0
gerhoui1,1579,716,11,0
mahoma1,1579,717,12,0
ptavoin1,1579,719,13,0
troimar1,1579,724,14,0
monier1,1579,725,15,0
berthau1,1579,726,16,0
lehosu1,1579,726,17,0
lemaist1,1579,727,18,0
geniaux1,1579,728,19,0
lguillo1,1579,730,20,0
chqpost1,1579,731,21,0
ptbrets1,1579,734,22,0
repx2,1579,735,23,0
tnb2,1579,739,24,0
cdg,1579,741,25,1
cdg,4892,1025,1,0
repwe,4892,1028,2,0
ptbrets2,4892,1029,3,0
chqpost2,4892,1032,4,0
lguillo2,4892,1033,5,0
geniaux2,4892,1035,6,0
lemaist2,4892,1038,7,0
lehosu2,4892,1038,8,0
berthau2,4892,1039,9,0
troimar2,4892,1041,10,0
ptavoin2,4892,1045,11,0
mahoma2,4892,1047,12,0
gerhoui2,4892,1048,13,0
vivierb2,4892,1050,14,0
gdefont2,4892,1052,15,0
cxignon2,4892,1053,16,0
gretay2,4892,1054,17,0
lilamor2,4892,1056,18,0
mamord2,4892,1057,19,0
eglmord2,4892,1058,20,0
patimor2,4892,1060,21,0
bouvrai2,4892,1073,22,0
egverg2,4892,1073,23,1
egverg1,1591,1032,1,0
bouvrai1,1591,1032,2,0
patimor1,1591,1045,3,0
eglmord1,1591,1047,4,0
mamord1,1591,1048,5,0
lilamor1,1591,1049,6,0
gretay1,1591,1051,7,0
cxignon1,1591,1052,8,0
gdefont1,1591,1053,9,0
vivierb1,1591,1055,10,0
gerhoui1,1591,1056,11,0
mahoma1,1591,1057,12,0
ptavoin1,1591,1059,13,0
troimar1,1591,1064,14,0
monier1,1591,1065,15,0
berthau1,1591,1066,16,0
lehosu1,1591,1067,17,0
lemaist1,1591,1067,18,0
geniaux1,1591,1069,19,0
lguillo1,1591,1071,20,0
chqpost1,1591,1072,21,0
ptbrets1,1591,1075,22,0
repx2,1591,1077,23,0
tnb2,1591,1081,24,0
cdg,1591,1083,25,1
patimor1,5962,855,1,0
eglmord1,5962,857,2,0
mamord1,5962,858,3,0
lilamor1,5962,859,4,0
gretay1,5962,861,5,0
cxignon1,5962,862,6,0
gdefont1,5962,863,7,0
vivierb1,5962,865,8,0
gerhoui1,5962,866,9,0
mahoma1,5962,867,10,0
ptavoin1,5962,869,11,0
troimar1,5962,874,12,0
monier1,5962,875,13,0
berthau1,5962,876,14,0
lehosu1,5962,877,15,0
lemaist1,5962,877,16,0
geniaux1,5962,879,17,0
lguillo1,5962,881,18,0
chqpost1,5962,882,19,0
ptbrets1,5962,885,20,0
repx2,5962,886,21,0
tnb2,5962,890,22,0
cdg,5962,892,23,1
cdg,384,665,1,0
repwe,384,668,2,0
ptbrets2,384,669,3,0
chqpost2,384,672,4,0
lguillo2,384,673,5,0
geniaux2,384,675,6,0
lemaist2,384,678,7,0
lehosu2,384,678,8,0
berthau2,384,679,9,0
troimar2,384,681,10,0
ptavoin2,384,685,11,0
mahoma2,384,686,12,0
gerhoui2,384,687,13,0
vivierb2,384,688,14,0
gdefont2,384,689,15,0
cxignon2,384,690,16,0
gretay2,384,691,17,0
lilamor2,384,693,18,0
mamord2,384,694,19,0
eglmord2,384,695,20,0
patimor2,384,697,21,0
bouvrai2,384,710,22,0
egverg2,384,710,23,1
patimor1,368,1025,1,0
eglmord1,368,1027,2,0
mamord1,368,1028,3,0
lilamor1,368,1029,4,0
gretay1,368,1031,5,0
cxignon1,368,1032,6,0
gdefont1,368,1033,7,0
vivierb1,368,1035,8,0
gerhoui1,368,1036,9,0
mahoma1,368,1037,10,0
ptavoin1,368,1039,11,0
troimar1,368,1044,12,0
monier1,368,1045,13,0
berthau1,368,1046,14,0
lehosu1,368,1047,15,0
lemaist1,368,1047,16,0
geniaux1,368,1049,17,0
lguillo1,368,1051,18,0
chqpost1,368,1052,19,0
ptbrets1,368,1055,20,0
repx2,368,1057,21,0
tnb2,368,1061,22,0
cdg,368,1063,23,1
patimor1,350,615,1,0
eglmord1,350,617,2,0
mamord1,350,618,3,0
lilamor1,350,619,4,0
gretay1,350,621,5,0
cxignon1,350,622,6,0
gdefont1,350,623,7,0
vivierb1,350,625,8,0
gerhoui1,350,626,9,0
mahoma1,350,627,10,0
ptavoin1,350,628,11,0
troimar1,350,633,12,0
monier1,350,634,13,0
berthau1,350,635,14,0
lehosu1,350,636,15,0
lemaist1,350,636,16,0
geniaux1,350,638,17,0
lguillo1,350,640,18,0
chqpost1,350,641,19,0
ptbrets1,350,644,20,0
repx2,350,646,21,0
tnb2,350,650,22,0
cdg,350,652,23,1
patimor1,5997,515,1,0
eglmord1,5997,517,2,0
mamord1,5997,518,3,0
lilamor1,5997,519,4,0
gretay1,5997,521,5,0
cxignon1,5997,522,6,0
gdefont1,5997,523,7,0
vivierb1,5997,525,8,0
gerhoui1,5997,526,9,0
mahoma1,5997,527,10,0
ptavoin1,5997,529,11,0
troimar1,5997,534,12,0
monier1,5997,535,13,0
berthau1,5997,536,14,0
lehosu1,5997,537,15,0
lemaist1,5997,537,16,0
geniaux1,5997,539,17,0
lguillo1,5997,541,18,0
chqpost1,5997,542,19,0
ptbrets1,5997,545,20,0
repx2,5997,547,21,0
tnb2,5997,551,22,0
cdg,5997,553,23,1
cdg,6993,785,1,0
repwe,6993,788,2,0
ptbrets2,6993,789,3,0
chqpost2,6993,792,4,0
lguillo2,6993,793,5,0
geniaux2,6993,795,6,0
lemaist2,6993,797,7,0
lehosu2,6993,797,8,0
berthau2,6993,798,9,0
troimar2,6993,800,10,0
ptavoin2,6993,804,11,0
mahoma2,6993,806,12,0
gerhoui2,6993,807,13,0
vivierb2,6993,808,14,0
gdefont2,6993,810,15,0
cxignon2,6993,811,16,0
gretay2,6993,812,17,0
lilamor2,6993,814,18,0
mamord2,6993,815,19,0
eglmord2,6993,816,20,0
patimor2,6993,818,21,0
bouvrai2,6993,831,22,0
egverg2,6993,831,23,1
cdg,6984,785,1,0
repwe,6984,788,2,0
ptbrets2,6984,789,3,0
chqpost2,6984,792,4,0
lguillo2,6984,793,5,0
geniaux2,6984,795,6,0
lemaist2,6984,798,7,0
lehosu2,6984,798,8,0
berthau2,6984,799,9,0
troimar2,6984,801,10,0
ptavoin2,6984,805,11,0
mahoma2,6984,807,12,0
gerhoui2,6984,808,13,0
vivierb2,6984,809,14,0
gdefont2,6984,811,15,0
cxignon2,6984,812,16,0
gretay2,6984,813,17,0
lilamor2,6984,815,18,0
mamord2,6984,816,19,0
eglmord2,6984,817,20,0
patimor2,6984,819,21,0
bouvrai2,6984,832,22,0
egverg2,6984,832,23,1
patimor1,4812,1145,1,0
eglmord1,4812,1147,2,0
mamord1,4812,1148,3,0
lilamor1,4812,1149,4,0
gretay1,4812,1151,5,0
cxignon1,4812,1152,6,0
gdefont1,4812,1153,7,0
vivierb1,4812,1155,8,0
gerhoui1,4812,1156,9,0
mahoma1,4812,1157,10,0
ptavoin1,4812,1158,11,0
troimar1,4812,1163,12,0
monier1,4812,1164,13,0
berthau1,4812,1165,14,0
lehosu1,4812,1165,15,0
lemaist1,4812,1166,16,0
geniaux1,4812,1167,17,0
lguillo1,4812,1169,18,0
chqpost1,4812,1170,19,0
ptbrets1,4812,1173,20,0
repx2,4812,1175,21,0
tnb2,4812,1179,22,0
cdg,4812,1181,23,1
cdg,6952,455,1,0
repwe,6952,458,2,0
ptbrets2,6952,459,3,0
chqpost2,6952,462,4,0
lguillo2,6952,463,5,0
geniaux2,6952,465,6,0
lemaist2,6952,467,7,0
lehosu2,6952,467,8,0
berthau2,6952,468,9,0
troimar2,6952,470,10,0
ptavoin2,6952,474,11,0
mahoma2,6952,476,12,0
gerhoui2,6952,477,13,0
vivierb2,6952,478,14,0
gdefont2,6952,480,15,0
cxignon2,6952,481,16,0
gretay2,6952,482,17,0
lilamor2,6952,484,18,0
mamord2,6952,485,19,0
eglmord2,6952,486,20,0
patimor1,6952,488,21,1
patimor1,6929,1255,1,0
eglmord1,6929,1257,2,0
mamord1,6929,1258,3,0
lilamor1,6929,1259,4,0
gretay1,6929,1261,5,0
cxignon1,6929,1262,6,0
gdefont1,6929,1263,7,0
vivierb1,6929,1264,8,0
gerhoui1,6929,1265,9,0
mahoma1,6929,1266,10,0
ptavoin1,6929,1267,11,0
troimar1,6929,1271,12,0
monier1,6929,1272,13,0
berthau1,6929,1273,14,0
lehosu1,6929,1273,15,0
lemaist1,6929,1274,16,0
geniaux1,6929,1275,17,0
lguillo1,6929,1277,18,0
chqpost1,6929,1278,19,0
ptbrets1,6929,1280,20,0
repx2,6929,1281,21,0
tnb2,6929,1285,22,0
cdg,6929,1287,23,1
cdg,1561,900,1,0
repwe,1561,903,2,0
ptbrets2,1561,904,3,0
chqpost2,1561,907,4,0
lguillo2,1561,908,5,0
geniaux2,1561,910,6,0
lemaist2,1561,913,7,0
lehosu2,1561,913,8,0
berthau2,1561,914,9,0
troimar2,1561,916,10,0
ptavoin2,1561,920,11,0
mahoma2,1561,922,12,0
gerhoui2,1561,923,13,0
vivierb2,1561,924,14,0
gdefont2,1561,926,15,0
cxignon2,1561,927,16,0
gretay2,1561,928,17,0
lilamor2,1561,930,18,0
mamord2,1561,931,19,0
eglmord2,1561,932,20,0
patimor2,1561,934,21,0
bouvrai2,1561,947,22,0
egverg2,1561,947,23,1
cdg,6936,925,1,0
repwe,6936,928,2,0
ptbrets2,6936,929,3,0
chqpost2,6936,932,4,0
lguillo2,6936,933,5,0
geniaux2,6936,935,6,0
lemaist2,6936,938,7,0
lehosu2,6936,938,8,0
berthau2,6936,939,9,0
troimar2,6936,941,10,0
ptavoin2,6936,945,11,0
mahoma2,6936,947,12,0
gerhoui2,6936,948,13,0
vivierb2,6936,949,14,0
gdefont2,6936,951,15,0
cxignon2,6936,952,16,0
gretay2,6936,953,17,0
lilamor2,6936,955,18,0
mamord2,6936,956,19,0
eglmord2,6936,957,20,0
patimor1,6936,959,21,1
patimor1,1494,795,1,0
eglmord1,1494,797,2,0
mamord1,1494,798,3,0
lilamor1,1494,799,4,0
gretay1,1494,801,5,0
cxignon1,1494,802,6,0
gdefont1,1494,803,7,0
vivierb1,1494,805,8,0
gerhoui1,1494,806,9,0
mahoma1,1494,807,10,0
ptavoin1,1494,808,11,0
troimar1,1494,813,12,0
monier1,1494,814,13,0
berthau1,1494,815,14,0
lehosu1,1494,816,15,0
lemaist1,1494,816,16,0
geniaux1,1494,818,17,0
lguillo1,1494,820,18,0
chqpost1,1494,821,19,0
ptbrets1,1494,824,20,0
repx2,1494,826,21,0
tnb2,1494,830,22,0
cdg,1494,832,23,1
cdg,4764,545,1,0
repwe,4764,548,2,0
ptbrets2,4764,549,3,0
chqpost2,4764,552,4,0
lguillo2,4764,553,5,0
geniaux2,4764,555,6,0
lemaist2,4764,558,7,0
lehosu2,4764,558,8,0
berthau2,4764,559,9,0
troimar2,4764,561,10,0
ptavoin2,4764,565,11,0
mahoma2,4764,566,12,0
gerhoui2,4764,567,13,0
vivierb2,4764,568,14,0
gdefont2,4764,569,15,0
cxignon2,4764,570,16,0
gretay2,4764,571,17,0
lilamor2,4764,573,18,0
mamord2,4764,574,19,0
eglmord2,4764,575,20,0
patimor2,4764,577,21,0
bouvrai2,4764,590,22,0
egverg2,4764,590,23,1
egverg1,5822,927,1,0
bouvrai1,5822,927,2,0
patimor1,5822,940,3,0
eglmord1,5822,942,4,0
mamord1,5822,943,5,0
lilamor1,5822,944,6,0
gretay1,5822,946,7,0
cxignon1,5822,947,8,0
gdefont1,5822,948,9,0
vivierb1,5822,950,10,0
gerhoui1,5822,951,11,0
mahoma1,5822,952,12,0
ptavoin1,5822,953,13,0
troimar1,5822,958,14,0
monier1,5822,959,15,0
berthau1,5822,960,16,0
lehosu1,5822,961,17,0
lemaist1,5822,961,18,0
geniaux1,5822,963,19,0
lguillo1,5822,965,20,0
chqpost1,5822,966,21,0
ptbrets1,5822,969,22,0
repx2,5822,971,23,0
tnb2,5822,975,24,0
cdg,5822,977,25,1
egverg1,5814,1172,1,0
bouvrai1,5814,1172,2,0
patimor1,5814,1185,3,0
eglmord1,5814,1187,4,0
mamord1,5814,1188,5,0
lilamor1,5814,1189,6,0
gretay1,5814,1191,7,0
cxignon1,5814,1192,8,0
gdefont1,5814,1193,9,0
vivierb1,5814,1195,10,0
gerhoui1,5814,1196,11,0
mahoma1,5814,1197,12,0
ptavoin1,5814,1198,13,0
troimar1,5814,1203,14,0
monier1,5814,1204,15,0
berthau1,5814,1205,16,0
lehosu1,5814,1205,17,0
lemaist1,5814,1206,18,0
geniaux1,5814,1207,19,0
lguillo1,5814,1209,20,0
chqpost1,5814,1210,21,0
ptbrets1,5814,1212,22,0
repx2,5814,1213,23,0
tnb2,5814,1217,24,0
cdg,5814,1219,25,1
egverg1,5894,812,1,0
bouvrai1,5894,812,2,0
patimor1,5894,825,3,0
eglmord1,5894,827,4,0
mamord1,5894,828,5,0
lilamor1,5894,829,6,0
gretay1,5894,831,7,0
cxignon1,5894,832,8,0
gdefont1,5894,833,9,0
vivierb1,5894,835,10,0
gerhoui1,5894,836,11,0
mahoma1,5894,837,12,0
ptavoin1,5894,839,13,0
troimar1,5894,844,14,0
monier1,5894,845,15,0
berthau1,5894,846,16,0
lehosu1,5894,847,17,0
lemaist1,5894,847,18,0
geniaux1,5894,849,19,0
lguillo1,5894,851,20,0
chqpost1,5894,852,21,0
ptbrets1,5894,855,22,0
repx2,5894,856,23,0
tnb2,5894,860,24,0
cdg,5894,862,25,1
cdg,5871,1060,1,0
repwe,5871,1063,2,0
ptbrets2,5871,1064,3,0
chqpost2,5871,1067,4,0
lguillo2,5871,1068,5,0
geniaux2,5871,1071,6,0
lemaist2,5871,1073,7,0
lehosu2,5871,1074,8,0
berthau2,5871,1075,9,0
troimar2,5871,1078,10,0
ptavoin2,5871,1082,11,0
mahoma2,5871,1084,12,0
gerhoui2,5871,1085,13,0
vivierb2,5871,1086,14,0
gdefont2,5871,1088,15,0
cxignon2,5871,1089,16,0
gretay2,5871,1090,17,0
lilamor2,5871,1092,18,0
mamord2,5871,1093,19,0
eglmord2,5871,1094,20,0
patimor2,5871,1096,21,0
bouvrai2,5871,1109,22,0
egverg2,5871,1109,23,1
cdg,979,1120,1,0
repwe,979,1123,2,0
ptbrets2,979,1124,3,0
chqpost2,979,1127,4,0
lguillo2,979,1128,5,0
geniaux2,979,1130,6,0
lemaist2,979,1133,7,0
lehosu2,979,1133,8,0
berthau2,979,1134,9,0
troimar2,979,1136,10,0
ptavoin2,979,1140,11,0
mahoma2,979,1142,12,0
gerhoui2,979,1143,13,0
vivierb2,979,1144,14,0
gdefont2,979,1146,15,0
cxignon2,979,1147,16,0
gretay2,979,1148,17,0
lilamor2,979,1150,18,0
mamord2,979,1151,19,0
eglmord2,979,1152,20,0
patimor2,979,1154,21,0
bouvrai2,979,1167,22,0
egverg2,979,1167,23,1
egverg1,5800,1157,1,0
bouvrai1,5800,1157,2,0
patimor1,5800,1170,3,0
eglmord1,5800,1172,4,0
mamord1,5800,1173,5,0
lilamor1,5800,1174,6,0
gretay1,5800,1176,7,0
cxignon1,5800,1177,8,0
gdefont1,5800,1178,9,0
vivierb1,5800,1180,10,0
gerhoui1,5800,1181,11,0
mahoma1,5800,1182,12,0
ptavoin1,5800,1183,13,0
troimar1,5800,1187,14,0
monier1,5800,1188,15,0
berthau1,5800,1189,16,0
lehosu1,5800,1189,17,0
lemaist1,5800,1190,18,0
geniaux1,5800,1191,19,0
lguillo1,5800,1193,20,0
chqpost1,5800,1194,21,0
ptbrets1,5800,1197,22,0
repx2,5800,1198,23,0
tnb2,5800,1202,24,0
cdg,5800,1204,25,1
cdg,998,1115,1,0
repwe,998,1118,2,0
ptbrets2,998,1119,3,0
chqpost2,998,1122,4,0
lguillo2,998,1123,5,0
geniaux2,998,1125,6,0
lemaist2,998,1128,7,0
lehosu2,998,1128,8,0
berthau2,998,1129,9,0
troimar2,998,1131,10,0
ptavoin2,998,1135,11,0
mahoma2,998,1137,12,0
gerhoui2,998,1138,13,0
vivierb2,998,1139,14,0
gdefont2,998,1141,15,0
cxignon2,998,1142,16,0
gretay2,998,1143,17,0
lilamor2,998,1145,18,0
mamord2,998,1146,19,0
eglmord2,998,1147,20,0
patimor1,998,1149,21,1
cdg,2478,545,1,0
repwe,2478,548,2,0
ptbrets2,2478,549,3,0
chqpost2,2478,552,4,0
lguillo2,2478,553,5,0
geniaux2,2478,555,6,0
lemaist2,2478,557,7,0
lehosu2,2478,557,8,0
berthau2,2478,558,9,0
troimar2,2478,560,10,0
ptavoin2,2478,564,11,0
mahoma2,2478,566,12,0
gerhoui2,2478,567,13,0
vivierb2,2478,568,14,0
gdefont2,2478,570,15,0
cxignon2,2478,571,16,0
gretay2,2478,572,17,0
lilamor2,2478,574,18,0
mamord2,2478,575,19,0
eglmord2,2478,576,20,0
patimor2,2478,578,21,0
bouvrai2,2478,591,22,0
egverg2,2478,591,23,1
cdg,1382,440,1,0
repwe,1382,443,2,0
ptbrets2,1382,444,3,0
chqpost2,1382,447,4,0
lguillo2,1382,448,5,0
geniaux2,1382,450,6,0
lemaist2,1382,453,7,0
lehosu2,1382,453,8,0
berthau2,1382,454,9,0
troimar2,1382,456,10,0
ptavoin2,1382,460,11,0
mahoma2,1382,461,12,0
gerhoui2,1382,462,13,0
vivierb2,1382,463,14,0
gdefont2,1382,464,15,0
cxignon2,1382,465,16,0
gretay2,1382,466,17,0
lilamor2,1382,468,18,0
mamord2,1382,469,19,0
eglmord2,1382,470,20,0
patimor1,1382,472,21,1
cdg,824,905,1,0
repwe,824,908,2,0
ptbrets2,824,909,3,0
chqpost2,824,912,4,0
lguillo2,824,913,5,0
geniaux2,824,915,6,0
lemaist2,824,918,7,0
lehosu2,824,918,8,0
berthau2,824,919,9,0
troimar2,824,921,10,0
ptavoin2,824,925,11,0
mahoma2,824,927,12,0
gerhoui2,824,928,13,0
vivierb2,824,929,14,0
gdefont2,824,931,15,0
cxignon2,824,932,16,0
gretay2,824,933,17,0
lilamor2,824,935,18,0
mamord2,824,936,19,0
eglmord2,824,937,20,0
patimor2,824,939,21,0
bouvrai2,824,952,22,0
egverg2,824,952,23,1
egverg1,5643,932,1,0
bouvrai1,5643,932,2,0
patimor1,5643,945,3,0
eglmord1,5643,947,4,0
mamord1,5643,948,5,0
lilamor1,5643,949,6,0
gretay1,5643,951,7,0
cxignon1,5643,952,8,0
gdefont1,5643,953,9,0
vivierb1,5643,955,10,0
gerhoui1,5643,956,11,0
mahoma1,5643,957,12,0
ptavoin1,5643,959,13,0
troimar1,5643,964,14,0
monier1,5643,965,15,0
berthau1,5643,966,16,0
lehosu1,5643,967,17,0
lemaist1,5643,967,18,0
geniaux1,5643,969,19,0
lguillo1,5643,971,20,0
chqpost1,5643,972,21,0
ptbrets1,5643,975,22,0
repx2,5643,976,23,0
tnb2,5643,980,24,0
cdg,5643,982,25,1
cdg,2303,1080,1,0
repwe,2303,1083,2,0
ptbrets2,2303,1084,3,0
chqpost2,2303,1087,4,0
lguillo2,2303,1088,5,0
geniaux2,2303,1091,6,0
lemaist2,2303,1093,7,0
lehosu2,2303,1094,8,0
berthau2,2303,1095,9,0
troimar2,2303,1098,10,0
ptavoin2,2303,1102,11,0
mahoma2,2303,1104,12,0
gerhoui2,2303,1105,13,0
vivierb2,2303,1106,14,0
gdefont2,2303,1108,15,0
cxignon2,2303,1109,16,0
gretay2,2303,1110,17,0
lilamor2,2303,1112,18,0
mamord2,2303,1113,19,0
eglmord2,2303,1114,20,0
patimor2,2303,1116,21,0
bouvrai2,2303,1129,22,0
egverg2,2303,1129,23,1
cdg,2386,460,1,0
repwe,2386,463,2,0
ptbrets2,2386,464,3,0
chqpost2,2386,467,4,0
lguillo2,2386,468,5,0
geniaux2,2386,471,6,0
lemaist2,2386,473,7,0
lehosu2,2386,474,8,0
berthau2,2386,475,9,0
troimar2,2386,477,10,0
ptavoin2,2386,481,11,0
mahoma2,2386,482,12,0
gerhoui2,2386,483,13,0
vivierb2,2386,484,14,0
gdefont2,2386,485,15,0
cxignon2,2386,486,16,0
gretay2,2386,487,17,0
lilamor2,2386,489,18,0
mamord2,2386,490,19,0
eglmord2,2386,491,20,0
patimor2,2386,493,21,0
bouvrai2,2386,506,22,0
egverg2,2386,506,23,1
cdg,4154,635,1,0
repwe,4154,638,2,0
ptbrets2,4154,639,3,0
chqpost2,4154,642,4,0
lguillo2,4154,643,5,0
geniaux2,4154,645,6,0
lemaist2,4154,647,7,0
lehosu2,4154,647,8,0
berthau2,4154,648,9,0
troimar2,4154,650,10,0
ptavoin2,4154,654,11,0
mahoma2,4154,656,12,0
gerhoui2,4154,657,13,0
vivierb2,4154,658,14,0
gdefont2,4154,660,15,0
cxignon2,4154,661,16,0
gretay2,4154,662,17,0
lilamor2,4154,664,18,0
mamord2,4154,665,19,0
eglmord2,4154,666,20,0
patimor1,4154,668,21,1
patimor1,4167,1185,1,0
eglmord1,4167,1187,2,0
mamord1,4167,1188,3,0
lilamor1,4167,1189,4,0
gretay1,4167,1191,5,0
cxignon1,4167,1192,6,0
gdefont1,4167,1193,7,0
vivierb1,4167,1195,8,0
gerhoui1,4167,1196,9,0
mahoma1,4167,1197,10,0
ptavoin1,4167,1198,11,0
troimar1,4167,1202,12,0
monier1,4167,1203,13,0
berthau1,4167,1204,14,0
lehosu1,4167,1204,15,0
lemaist1,4167,1205,16,0
geniaux1,4167,1206,17,0
lguillo1,4167,1208,18,0
chqpost1,4167,1209,19,0
ptbrets1,4167,1212,20,0
repx2,4167,1213,21,0
tnb2,4167,1217,22,0
cdg,4167,1219,23,1
cdg,1268,500,1,0
repwe,1268,503,2,0
ptbrets2,1268,504,3,0
chqpost2,1268,507,4,0
lguillo2,1268,508,5,0
geniaux2,1268,511,6,0
lemaist2,1268,513,7,0
lehosu2,1268,514,8,0
berthau2,1268,515,9,0
troimar2,1268,517,10,0
ptavoin2,1268,521,11,0
mahoma2,1268,522,12,0
gerhoui2,1268,523,13,0
vivierb2,1268,524,14,0
gdefont2,1268,525,15,0
cxignon2,1268,526,16,0
gretay2,1268,527,17,0
lilamor2,1268,529,18,0
mamord2,1268,530,19,0
eglmord2,1268,531,20,0
patimor2,1268,533,21,0
bouvrai2,1268,546,22,0
egverg2,1268,546,23,1
cdg,2394,485,1,0
repwe,2394,488,2,0
ptbrets2,2394,489,3,0
chqpost2,2394,492,4,0
lguillo2,2394,493,5,0
geniaux2,2394,495,6,0
lemaist2,2394,497,7,0
lehosu2,2394,497,8,0
berthau2,2394,498,9,0
troimar2,2394,500,10,0
ptavoin2,2394,504,11,0
mahoma2,2394,506,12,0
gerhoui2,2394,507,13,0
vivierb2,2394,508,14,0
gdefont2,2394,510,15,0
cxignon2,2394,511,16,0
gretay2,2394,512,17,0
lilamor2,2394,514,18,0
mamord2,2394,515,19,0
eglmord2,2394,516,20,0
patimor2,2394,518,21,0
bouvrai2,2394,531,22,0
egverg2,2394,531,23,1
egverg1,725,402,1,0
bouvrai1,725,402,2,0
patimor1,725,415,3,0
eglmord1,725,417,4,0
mamord1,725,418,5,0
lilamor1,725,419,6,0
gretay1,725,421,7,0
cxignon1,725,422,8,0
gdefont1,725,423,9,0
vivierb1,725,425,10,0
gerhoui1,725,426,11,0
mahoma1,725,427,12,0
ptavoin1,725,428,13,0
troimar1,725,433,14,0
monier1,725,434,15,0
berthau1,725,435,16,0
lehosu1,725,436,17,0
lemaist1,725,436,18,0
geniaux1,725,438,19,0
lguillo1,725,440,20,0
chqpost1,725,441,21,0
ptbrets1,725,444,22,0
repx2,725,446,23,0
tnb2,725,450,24,0
cdg,725,452,25,1
cdg,2765,1215,1,0
repwe,2765,1218,2,0
ptbrets2,2765,1219,3,0
chqpost2,2765,1222,4,0
lguillo2,2765,1223,5,0
geniaux2,2765,1225,6,0
lemaist2,2765,1228,7,0
lehosu2,2765,1228,8,0
berthau2,2765,1229,9,0
troimar2,2765,1231,10,0
ptavoin2,2765,1235,11,0
mahoma2,2765,1236,12,0
gerhoui2,2765,1237,13,0
vivierb2,2765,1238,14,0
gdefont2,2765,1240,15,0
cxignon2,2765,1241,16,0
gretay2,2765,1242,17,0
lilamor2,2765,1244,18,0
mamord2,2765,1245,19,0
eglmord2,2765,1246,20,0
patimor2,2765,1248,21,0
bouvrai2,2765,1261,22,0
egverg2,2765,1261,23,1
cdg,5507,605,1,0
repwe,5507,608,2,0
ptbrets2,5507,609,3,0
chqpost2,5507,612,4,0
lguillo2,5507,613,5,0
geniaux2,5507,615,6,0
lemaist2,5507,618,7,0
lehosu2,5507,618,8,0
berthau2,5507,619,9,0
troimar2,5507,621,10,0
ptavoin2,5507,625,11,0
mahoma2,5507,626,12,0
gerhoui2,5507,627,13,0
vivierb2,5507,628,14,0
gdefont2,5507,629,15,0
cxignon2,5507,630,16,0
gretay2,5507,631,17,0
lilamor2,5507,633,18,0
mamord2,5507,634,19,0
eglmord2,5507,635,20,0
patimor2,5507,637,21,0
bouvrai2,5507,650,22,0
egverg2,5507,650,23,1
patimor1,4455,735,1,0
eglmord1,4455,737,2,0
mamord1,4455,738,3,0
lilamor1,4455,739,4,0
gretay1,4455,741,5,0
cxignon1,4455,742,6,0
gdefont1,4455,743,7,0
vivierb1,4455,745,8,0
gerhoui1,4455,746,9,0
mahoma1,4455,747,10,0
ptavoin1,4455,749,11,0
troimar1,4455,754,12,0
monier1,4455,755,13,0
berthau1,4455,756,14,0
lehosu1,4455,756,15,0
lemaist1,4455,757,16,0
geniaux1,4455,758,17,0
lguillo1,4455,760,18,0
chqpost1,4455,761,19,0
ptbrets1,4455,764,20,0
repx2,4455,765,21,0
tnb2,4455,769,22,0
cdg,4455,771,23,1
egverg1,5531,512,1,0
bouvrai1,5531,512,2,0
patimor1,5531,525,3,0
eglmord1,5531,527,4,0
mamord1,5531,528,5,0
lilamor1,5531,529,6,0
gretay1,5531,531,7,0
cxignon1,5531,532,8,0
gdefont1,5531,533,9,0
vivierb1,5531,535,10,0
gerhoui1,5531,536,11,0
mahoma1,5531,537,12,0
ptavoin1,5531,538,13,0
troimar1,5531,543,14,0
monier1,5531,544,15,0
berthau1,5531,545,16,0
lehosu1,5531,545,17,0
lemaist1,5531,546,18,0
geniaux1,5531,547,19,0
lguillo1,5531,549,20,0
chqpost1,5531,550,21,0
ptbrets1,5531,553,22,0
repx2,5531,554,23,0
tnb2,5531,558,24,0
cdg,5531,560,25,1
cdg,1102,1055,1,0
repwe,1102,1058,2,0
ptbrets2,1102,1059,3,0
chqpost2,1102,1062,4,0
lguillo2,1102,1063,5,0
geniaux2,1102,1065,6,0
lemaist2,1102,1068,7,0
lehosu2,1102,1068,8,0
berthau2,1102,1069,9,0
troimar2,1102,1071,10,0
ptavoin2,1102,1075,11,0
mahoma2,1102,1077,12,0
gerhoui2,1102,1078,13,0
vivierb2,1102,1080,14,0
gdefont2,1102,1082,15,0
cxignon2,1102,1083,16,0
gretay2,1102,1084,17,0
lilamor2,1102,1086,18,0
mamord2,1102,1087,19,0
eglmord2,1102,1088,20,0
patimor1,1102,1090,21,1
patimor1,4400,1095,1,0
eglmord1,4400,1097,2,0
mamord1,4400,1098,3,0
lilamor1,4400,1099,4,0
gretay1,4400,1101,5,0
cxignon1,4400,1102,6,0
gdefont1,4400,1103,7,0
vivierb1,4400,1105,8,0
gerhoui1,4400,1106,9,0
mahoma1,4400,1107,10,0
ptavoin1,4400,1109,11,0
troimar1,4400,1114,12,0
monier1,4400,1115,13,0
berthau1,4400,1116,14,0
lehosu1,4400,1117,15,0
lemaist1,4400,1117,16,0
geniaux1,4400,1119,17,0
lguillo1,4400,1121,18,0
chqpost1,4400,1122,19,0
ptbrets1,4400,1125,20,0
repx2,4400,1126,21,0
tnb2,4400,1130,22,0
cdg,4400,1132,23,1
egverg1,5542,1094,1,0
bouvrai1,5542,1094,2,0
patimor1,5542,1107,3,0
eglmord1,5542,1109,4,0
mamord1,5542,1110,5,0
lilamor1,5542,1111,6,0
gretay1,5542,1113,7,0
cxignon1,5542,1114,8,0
gdefont1,5542,1115,9,0
vivierb1,5542,1117,10,0
gerhoui1,5542,1118,11,0
mahoma1,5542,1119,12,0
ptavoin1,5542,1120,13,0
troimar1,5542,1125,14,0
monier1,5542,1126,15,0
berthau1,5542,1127,16,0
lehosu1,5542,1128,17,0
lemaist1,5542,1128,18,0
geniaux1,5542,1130,19,0
lguillo1,5542,1132,20,0
chqpost1,5542,1133,21,0
ptbrets1,5542,1136,22,0
repx2,5542,1138,23,0
tnb2,5542,1142,24,0
cdg,5542,1144,25,1
egverg1,2659,632,1,0
bouvrai1,2659,632,2,0
patimor1,2659,645,3,0
eglmord1,2659,647,4,0
mamord1,2659,648,5,0
lilamor1,2659,649,6,0
gretay1,2659,651,7,0
cxignon1,2659,652,8,0
gdefont1,2659,653,9,0
vivierb1,2659,655,10,0
gerhoui1,2659,656,11,0
mahoma1,2659,657,12,0
ptavoin1,2659,659,13,0
troimar1,2659,664,14,0
monier1,2659,665,15,0
berthau1,2659,666,16,0
lehosu1,2659,666,17,0
lemaist1,2659,667,18,0
geniaux1,2659,668,19,0
lguillo1,2659,670,20,0
chqpost1,2659,671,21,0
ptbrets1,2659,674,22,0
repx2,2659,675,23,0
tnb2,2659,679,24,0
cdg,2659,681,25,1
cdg,663,1100,1,0
repwe,663,1103,2,0
ptbrets2,663,1104,3,0
chqpost2,663,1107,4,0
lguillo2,663,1108,5,0
geniaux2,663,1111,6,0
lemaist2,663,1113,7,0
lehosu2,663,1114,8,0
berthau2,663,1115,9,0
troimar2,663,1117,10,0
ptavoin2,663,1121,11,0
mahoma2,663,1123,12,0
gerhoui2,663,1124,13,0
vivierb2,663,1125,14,0
gdefont2,663,1127,15,0
cxignon2,663,1128,16,0
gretay2,663,1129,17,0
lilamor2,663,1131,18,0
mamord2,663,1132,19,0
eglmord2,663,1133,20,0
patimor1,663,1135,21,1
cdg,2583,665,1,0
repwe,2583,668,2,0
ptbrets2,2583,669,3,0
chqpost2,2583,672,4,0
lguillo2,2583,673,5,0
geniaux2,2583,675,6,0
lemaist2,2583,677,7,0
lehosu2,2583,677,8,0
berthau2,2583,678,9,0
troimar2,2583,680,10,0
ptavoin2,2583,684,11,0
mahoma2,2583,686,12,0
gerhoui2,2583,687,13,0
vivierb2,2583,688,14,0
gdefont2,2583,690,15,0
cxignon2,2583,691,16,0
gretay2,2583,692,17,0
lilamor2,2583,694,18,0
mamord2,2583,695,19,0
eglmord2,2583,696,20,0
patimor2,2583,698,21,0
bouvrai2,2583,711,22,0
egverg2,2583,711,23,1
cdg,4334,1185,1,0
repwe,4334,1188,2,0
ptbrets2,4334,1189,3,0
chqpost2,4334,1192,4,0
lguillo2,4334,1193,5,0
geniaux2,4334,1195,6,0
lemaist2,4334,1198,7,0
lehosu2,4334,1198,8,0
berthau2,4334,1199,9,0
troimar2,4334,1201,10,0
ptavoin2,4334,1205,11,0
mahoma2,4334,1206,12,0
gerhoui2,4334,1207,13,0
vivierb2,4334,1208,14,0
gdefont2,4334,1210,15,0
cxignon2,4334,1211,16,0
gretay2,4334,1212,17,0
lilamor2,4334,1214,18,0
mamord2,4334,1215,19,0
eglmord2,4334,1216,20,0
patimor2,4334,1218,21,0
bouvrai2,4334,1231,22,0
egverg2,4334,1231,23,1
patimor1,5441,915,1,0
eglmord1,5441,917,2,0
mamord1,5441,918,3,0
lilamor1,5441,919,4,0
gretay1,5441,921,5,0
cxignon1,5441,922,6,0
gdefont1,5441,923,7,0
vivierb1,5441,925,8,0
gerhoui1,5441,926,9,0
mahoma1,5441,927,10,0
ptavoin1,5441,929,11,0
troimar1,5441,934,12,0
monier1,5441,935,13,0
berthau1,5441,936,14,0
lehosu1,5441,937,15,0
lemaist1,5441,937,16,0
geniaux1,5441,939,17,0
lguillo1,5441,941,18,0
chqpost1,5441,942,19,0
ptbrets1,5441,945,20,0
repx2,5441,946,21,0
tnb2,5441,950,22,0
cdg,5441,952,23,1
patimor1,4313,965,1,0
eglmord1,4313,967,2,0
mamord1,4313,968,3,0
lilamor1,4313,969,4,0
gretay1,4313,971,5,0
cxignon1,4313,972,6,0
gdefont1,4313,973,7,0
vivierb1,4313,975,8,0
gerhoui1,4313,976,9,0
mahoma1,4313,977,10,0
ptavoin1,4313,978,11,0
troimar1,4313,983,12,0
monier1,4313,984,13,0
berthau1,4313,985,14,0
lehosu1,4313,986,15,0
lemaist1,4313,986,16,0
geniaux1,4313,988,17,0
lguillo1,4313,990,18,0
chqpost1,4313,991,19,0
ptbrets1,4313,994,20,0
repx2,4313,996,21,0
tnb2,4313,1000,22,0
cdg,4313,1002,23,1
egverg1,1016,992,1,0
bouvrai1,1016,992,2,0
patimor1,1016,1005,3,0
eglmord1,1016,1007,4,0
mamord1,1016,1008,5,0
lilamor1,1016,1009,6,0
gretay1,1016,1011,7,0
cxignon1,1016,1012,8,0
gdefont1,1016,1013,9,0
vivierb1,1016,1015,10,0
gerhoui1,1016,1016,11,0
mahoma1,1016,1017,12,0
ptavoin1,1016,1019,13,0
troimar1,1016,1024,14,0
monier1,1016,1025,15,0
berthau1,1016,1026,16,0
lehosu1,1016,1027,17,0
lemaist1,1016,1027,18,0
geniaux1,1016,1029,19,0
lguillo1,1016,1031,20,0
chqpost1,1016,1032,21,0
ptbrets1,1016,1035,22,0
repx2,1016,1036,23,0
tnb2,1016,1040,24,0
cdg,1016,1042,25,1
egverg1,5474,522,1,0
bouvrai1,5474,522,2,0
patimor1,5474,535,3,0
eglmord1,5474,537,4,0
mamord1,5474,538,5,0
lilamor1,5474,539,6,0
gretay1,5474,541,7,0
cxignon1,5474,542,8,0
gdefont1,5474,543,9,0
vivierb1,5474,545,10,0
gerhoui1,5474,546,11,0
mahoma1,5474,547,12,0
ptavoin1,5474,548,13,0
troimar1,5474,553,14,0
monier1,5474,554,15,0
berthau1,5474,555,16,0
lehosu1,5474,556,17,0
lemaist1,5474,556,18,0
geniaux1,5474,558,19,0
lguillo1,5474,560,20,0
chqpost1,5474,561,21,0
ptbrets1,5474,564,22,0
repx2,5474,566,23,0
tnb2,5474,570,24,0
cdg,5474,572,25,1
egverg1,5475,752,1,0
bouvrai1,5475,752,2,0
patimor1,5475,765,3,0
eglmord1,5475,767,4,0
mamord1,5475,768,5,0
lilamor1,5475,769,6,0
gretay1,5475,771,7,0
cxignon1,5475,772,8,0
gdefont1,5475,773,9,0
vivierb1,5475,775,10,0
gerhoui1,5475,776,11,0
mahoma1,5475,777,12,0
ptavoin1,5475,779,13,0
troimar1,5475,784,14,0
monier1,5475,785,15,0
berthau1,5475,786,16,0
lehosu1,5475,786,17,0
lemaist1,5475,787,18,0
geniaux1,5475,788,19,0
lguillo1,5475,790,20,0
chqpost1,5475,791,21,0
ptbrets1,5475,794,22,0
repx2,5475,795,23,0
tnb2,5475,799,24,0
cdg,5475,801,25,1
cdg,5366,520,1,0
repwe,5366,523,2,0
ptbrets2,5366,524,3,0
chqpost2,5366,527,4,0
lguillo2,5366,528,5,0
geniaux2,5366,531,6,0
lemaist2,5366,533,7,0
lehosu2,5366,534,8,0
berthau2,5366,535,9,0
troimar2,5366,537,10,0
ptavoin2,5366,541,11,0
mahoma2,5366,542,12,0
gerhoui2,5366,543,13,0
vivierb2,5366,544,14,0
gdefont2,5366,545,15,0
cxignon2,5366,546,16,0
gretay2,5366,547,17,0
lilamor2,5366,549,18,0
mamord2,5366,550,19,0
eglmord2,5366,551,20,0
patimor1,5366,553,21,1
cdg,5350,845,1,0
repwe,5350,848,2,0
ptbrets2,5350,849,3,0
chqpost2,5350,852,4,0
lguillo2,5350,853,5,0
geniaux2,5350,855,6,0
lemaist2,5350,858,7,0
lehosu2,5350,858,8,0
berthau2,5350,859,9,0
troimar2,5350,861,10,0
ptavoin2,5350,865,11,0
mahoma2,5350,867,12,0
gerhoui2,5350,868,13,0
vivierb2,5350,869,14,0
gdefont2,5350,871,15,0
cxignon2,5350,872,16,0
gretay2,5350,873,17,0
lilamor2,5350,875,18,0
mamord2,5350,876,19,0
eglmord2,5350,877,20,0
patimor2,5350,879,21,0
bouvrai2,5350,892,22,0
egverg2,5350,892,23,1
patimor1,6032,475,1,0
eglmord1,6032,477,2,0
mamord1,6032,478,3,0
lilamor1,6032,480,4,0
gretay1,6032,482,5,0
cxignon1,6032,483,6,0
gdefont1,6032,485,7,0
vivierb1,6032,486,8,0
gerhoui1,6032,488,9,0
mahoma1,6032,489,10,0
ptavoin1,6032,491,11,0
troimar1,6032,496,12,0
monier1,6032,497,13,0
berthau1,6032,498,14,0
lehosu1,6032,499,15,0
lemaist1,6032,499,16,0
geniaux1,6032,501,17,0
lguillo1,6032,503,18,0
chqpost1,6032,505,19,0
ptbrets1,6032,509,20,0
repx2,6032,511,21,0
tnb2,6032,515,22,0
cdg,6032,517,23,1
patimor1,5232,375,1,0
eglmord1,5232,377,2,0
mamord1,5232,378,3,0
lilamor1,5232,379,4,0
gretay1,5232,381,5,0
cxignon1,5232,382,6,0
gdefont1,5232,383,7,0
vivierb1,5232,385,8,0
gerhoui1,5232,386,9,0
mahoma1,5232,387,10,0
ptavoin1,5232,388,11,0
troimar1,5232,393,12,0
monier1,5232,394,13,0
berthau1,5232,395,14,0
lehosu1,5232,395,15,0
lemaist1,5232,396,16,0
geniaux1,5232,397,17,0
lguillo1,5232,399,18,0
chqpost1,5232,400,19,0
ptbrets1,5232,403,20,0
repx2,5232,405,21,0
tnb2,5232,409,22,0
cdg,5232,411,23,1
patimor1,5275,425,1,0
eglmord1,5275,427,2,0
mamord1,5275,428,3,0
lilamor1,5275,429,4,0
gretay1,5275,431,5,0
cxignon1,5275,432,6,0
gdefont1,5275,433,7,0
vivierb1,5275,435,8,0
gerhoui1,5275,436,9,0
mahoma1,5275,437,10,0
ptavoin1,5275,438,11,0
troimar1,5275,442,12,0
monier1,5275,443,13,0
berthau1,5275,444,14,0
lehosu1,5275,444,15,0
lemaist1,5275,445,16,0
geniaux1,5275,446,17,0
lguillo1,5275,448,18,0
chqpost1,5275,449,19,0
ptbrets1,5275,451,20,0
repx2,5275,452,21,0
tnb2,5275,456,22,0
cdg,5275,458,23,1
cdg,4023,980,1,0
repwe,4023,983,2,0
ptbrets2,4023,984,3,0
chqpost2,4023,987,4,0
lguillo2,4023,988,5,0
geniaux2,4023,990,6,0
lemaist2,4023,993,7,0
lehosu2,4023,993,8,0
berthau2,4023,994,9,0
troimar2,4023,996,10,0
ptavoin2,4023,1000,11,0
mahoma2,4023,1002,12,0
gerhoui2,4023,1003,13,0
vivierb2,4023,1004,14,0
gdefont2,4023,1006,15,0
cxignon2,4023,1007,16,0
gretay2,4023,1008,17,0
lilamor2,4023,1010,18,0
mamord2,4023,1011,19,0
eglmord2,4023,1012,20,0
patimor1,4023,1014,21,1
patimor1,5165,555,1,0
eglmord1,5165,557,2,0
mamord1,5165,558,3,0
lilamor1,5165,559,4,0
gretay1,5165,561,5,0
cxignon1,5165,562,6,0
gdefont1,5165,563,7,0
vivierb1,5165,565,8,0
gerhoui1,5165,566,9,0
mahoma1,5165,567,10,0
ptavoin1,5165,568,11,0
troimar1,5165,573,12,0
monier1,5165,574,13,0
berthau1,5165,575,14,0
lehosu1,5165,575,15,0
lemaist1,5165,576,16,0
geniaux1,5165,577,17,0
lguillo1,5165,579,18,0
chqpost1,5165,580,19,0
ptbrets1,5165,583,20,0
repx2,5165,584,21,0
tnb2,5165,588,22,0
cdg,5165,590,23,1
egverg1,5190,752,1,0
bouvrai1,5190,752,2,0
patimor1,5190,765,3,0
eglmord1,5190,767,4,0
mamord1,5190,768,5,0
lilamor1,5190,769,6,0
gretay1,5190,771,7,0
cxignon1,5190,772,8,0
gdefont1,5190,773,9,0
vivierb1,5190,775,10,0
gerhoui1,5190,776,11,0
mahoma1,5190,777,12,0
ptavoin1,5190,778,13,0
troimar1,5190,783,14,0
monier1,5190,784,15,0
berthau1,5190,785,16,0
lehosu1,5190,786,17,0
lemaist1,5190,786,18,0
geniaux1,5190,788,19,0
lguillo1,5190,790,20,0
chqpost1,5190,791,21,0
ptbrets1,5190,794,22,0
repx2,5190,796,23,0
tnb2,5190,800,24,0
cdg,5190,802,25,1
patimor1,6154,915,1,0
eglmord1,6154,917,2,0
mamord1,6154,918,3,0
lilamor1,6154,919,4,0
gretay1,6154,921,5,0
cxignon1,6154,922,6,0
gdefont1,6154,923,7,0
vivierb1,6154,925,8,0
gerhoui1,6154,926,9,0
mahoma1,6154,927,10,0
ptavoin1,6154,928,11,0
troimar1,6154,933,12,0
monier1,6154,934,13,0
berthau1,6154,935,14,0
lehosu1,6154,936,15,0
lemaist1,6154,936,16,0
geniaux1,6154,938,17,0
lguillo1,6154,940,18,0
chqpost1,6154,941,19,0
ptbrets1,6154,944,20,0
repx2,6154,946,21,0
tnb2,6154,950,22,0
cdg,6154,952,23,1
egverg1,6114,992,1,0
bouvrai1,6114,992,2,0
patimor1,6114,1005,3,0
eglmord1,6114,1007,4,0
mamord1,6114,1008,5,0
lilamor1,6114,1009,6,0
gretay1,6114,1011,7,0
cxignon1,6114,1012,8,0
gdefont1,6114,1013,9,0
vivierb1,6114,1015,10,0
gerhoui1,6114,1016,11,0
mahoma1,6114,1017,12,0
ptavoin1,6114,1018,13,0
troimar1,6114,1023,14,0
monier1,6114,1024,15,0
berthau1,6114,1025,16,0
lehosu1,6114,1026,17,0
lemaist1,6114,1026,18,0
geniaux1,6114,1028,19,0
lguillo1,6114,1030,20,0
chqpost1,6114,1031,21,0
ptbrets1,6114,1034,22,0
repx2,6114,1036,23,0
tnb2,6114,1040,24,0
cdg,6114,1042,25,1
cdg,5053,1155,1,0
repwe,5053,1158,2,0
ptbrets2,5053,1159,3,0
chqpost2,5053,1162,4,0
lguillo2,5053,1163,5,0
geniaux2,5053,1165,6,0
lemaist2,5053,1168,7,0
lehosu2,5053,1168,8,0
berthau2,5053,1169,9,0
troimar2,5053,1171,10,0
ptavoin2,5053,1175,11,0
mahoma2,5053,1177,12,0
gerhoui2,5053,1178,13,0
vivierb2,5053,1179,14,0
gdefont2,5053,1181,15,0
cxignon2,5053,1182,16,0
gretay2,5053,1183,17,0
lilamor2,5053,1185,18,0
mamord2,5053,1186,19,0
eglmord2,5053,1187,20,0
patimor2,5053,1189,21,0
bouvrai2,5053,1202,22,0
egverg2,5053,1202,23,1
cdg,5087,725,1,0
repwe,5087,728,2,0
ptbrets2,5087,729,3,0
chqpost2,5087,732,4,0
lguillo2,5087,733,5,0
geniaux2,5087,735,6,0
lemaist2,5087,737,7,0
lehosu2,5087,737,8,0
berthau2,5087,738,9,0
troimar2,5087,740,10,0
ptavoin2,5087,744,11,0
mahoma2,5087,746,12,0
gerhoui2,5087,747,13,0
vivierb2,5087,748,14,0
gdefont2,5087,750,15,0
cxignon2,5087,751,16,0
gretay2,5087,752,17,0
lilamor2,5087,754,18,0
mamord2,5087,755,19,0
eglmord2,5087,756,20,0
patimor2,5087,758,21,0
bouvrai2,5087,771,22,0
egverg2,5087,771,23,1
egverg1,5085,572,1,0
bouvrai1,5085,572,2,0
patimor1,5085,585,3,0
eglmord1,5085,587,4,0
mamord1,5085,588,5,0
lilamor1,5085,589,6,0
gretay1,5085,591,7,0
cxignon1,5085,592,8,0
gdefont1,5085,593,9,0
vivierb1,5085,595,10,0
gerhoui1,5085,596,11,0
mahoma1,5085,597,12,0
ptavoin1,5085,598,13,0
troimar1,5085,603,14,0
monier1,5085,604,15,0
berthau1,5085,605,16,0
lehosu1,5085,605,17,0
lemaist1,5085,606,18,0
geniaux1,5085,607,19,0
lguillo1,5085,609,20,0
chqpost1,5085,610,21,0
ptbrets1,5085,613,22,0
repx2,5085,614,23,0
tnb2,5085,618,24,0
cdg,5085,620,25,1
egverg1,5082,442,1,0
bouvrai1,5082,442,2,0
patimor1,5082,455,3,0
eglmord1,5082,457,4,0
mamord1,5082,458,5,0
lilamor1,5082,460,6,0
gretay1,5082,462,7,0
cxignon1,5082,463,8,0
gdefont1,5082,465,9,0
vivierb1,5082,466,10,0
gerhoui1,5082,468,11,0
mahoma1,5082,469,12,0
ptavoin1,5082,470,13,0
troimar1,5082,475,14,0
monier1,5082,476,15,0
berthau1,5082,477,16,0
lehosu1,5082,478,17,0
lemaist1,5082,478,18,0
geniaux1,5082,480,19,0
lguillo1,5082,482,20,0
chqpost1,5082,484,21,0
ptbrets1,5082,488,22,0
repx2,5082,490,23,0
tnb2,5082,494,24,0
cdg,5082,496,25,1
patimor1,6660,975,1,0
eglmord1,6660,977,2,0
mamord1,6660,978,3,0
lilamor1,6660,979,4,0
gretay1,6660,981,5,0
cxignon1,6660,982,6,0
gdefont1,6660,983,7,0
vivierb1,6660,985,8,0
gerhoui1,6660,986,9,0
mahoma1,6660,987,10,0
ptavoin1,6660,989,11,0
troimar1,6660,994,12,0
monier1,6660,995,13,0
berthau1,6660,996,14,0
lehosu1,6660,997,15,0
lemaist1,6660,997,16,0
geniaux1,6660,999,17,0
lguillo1,6660,1001,18,0
chqpost1,6660,1002,19,0
ptbrets1,6660,1005,20,0
repx2,6660,1006,21,0
tnb2,6660,1010,22,0
cdg,6660,1012,23,1
egverg1,6578,1207,1,0
bouvrai1,6578,1207,2,0
patimor1,6578,1220,3,0
eglmord1,6578,1222,4,0
mamord1,6578,1223,5,0
lilamor1,6578,1224,6,0
gretay1,6578,1226,7,0
cxignon1,6578,1227,8,0
gdefont1,6578,1228,9,0
vivierb1,6578,1229,10,0
gerhoui1,6578,1230,11,0
mahoma1,6578,1231,12,0
ptavoin1,6578,1232,13,0
troimar1,6578,1236,14,0
monier1,6578,1237,15,0
berthau1,6578,1238,16,0
lehosu1,6578,1238,17,0
lemaist1,6578,1239,18,0
geniaux1,6578,1240,19,0
lguillo1,6578,1242,20,0
chqpost1,6578,1243,21,0
ptbrets1,6578,1246,22,0
repx2,6578,1247,23,0
tnb2,6578,1251,24,0
cdg,6578,1253,25,1
cdg,1933,1250,1,0
repwe,1933,1253,2,0
ptbrets2,1933,1254,3,0
chqpost2,1933,1257,4,0
lguillo2,1933,1258,5,0
geniaux2,1933,1260,6,0
lemaist2,1933,1263,7,0
lehosu2,1933,1263,8,0
berthau2,1933,1264,9,0
troimar2,1933,1266,10,0
ptavoin2,1933,1270,11,0
mahoma2,1933,1271,12,0
gerhoui2,1933,1272,13,0
vivierb2,1933,1273,14,0
gdefont2,1933,1274,15,0
cxignon2,1933,1275,16,0
gretay2,1933,1276,17,0
lilamor2,1933,1278,18,0
mamord2,1933,1279,19,0
eglmord2,1933,1280,20,0
patimor1,1933,1282,21,1
egverg1,1964,812,1,0
bouvrai1,1964,812,2,0
patimor1,1964,825,3,0
eglmord1,1964,827,4,0
mamord1,1964,828,5,0
lilamor1,1964,829,6,0
gretay1,1964,831,7,0
cxignon1,1964,832,8,0
gdefont1,1964,833,9,0
vivierb1,1964,835,10,0
gerhoui1,1964,836,11,0
mahoma1,1964,837,12,0
ptavoin1,1964,838,13,0
troimar1,1964,843,14,0
monier1,1964,844,15,0
berthau1,1964,845,16,0
lehosu1,1964,846,17,0
lemaist1,1964,846,18,0
geniaux1,1964,848,19,0
lguillo1,1964,850,20,0
chqpost1,1964,851,21,0
ptbrets1,1964,854,22,0
repx2,1964,856,23,0
tnb2,1964,860,24,0
cdg,1964,862,25,1
