arret_id,trajet_id,heure_depart,stop_sequence,terminus
6000,22954,1032,1,0
4851,22954,1046,2,0
4802,22954,1054,3,0
4800,22954,1055,4,0
4953,22954,1062,5,1
6000,22950,1032,1,0
4851,22950,1046,2,0
4802,22950,1054,3,0
4800,22950,1055,4,0
4953,22950,1062,5,1
6000,22951,1032,1,0
4851,22951,1046,2,0
4802,22951,1054,3,0
4800,22951,1055,4,0
4953,22951,1062,5,1
6000,22952,1032,1,0
4851,22952,1046,2,0
4802,22952,1054,3,0
4800,22952,1055,4,0
4953,22952,1062,5,1
6000,22953,1032,1,0
4851,22953,1046,2,0
4802,22953,1054,3,0
4800,22953,1055,4,0
4953,22953,1062,5,1
4950,22935,470,1,0
4801,22935,477,2,0
4803,22935,478,3,0
4850,22935,486,4,0
6000,22935,500,5,1
4950,22936,470,1,0
4801,22936,477,2,0
4803,22936,478,3,0
4850,22936,486,4,0
6000,22936,500,5,1
4950,22937,470,1,0
4801,22937,477,2,0
4803,22937,478,3,0
4850,22937,486,4,0
6000,22937,500,5,1
4950,22938,470,1,0
4801,22938,477,2,0
4803,22938,478,3,0
4850,22938,486,4,0
6000,22938,500,5,1
4950,22939,470,1,0
4801,22939,477,2,0
4803,22939,478,3,0
4850,22939,486,4,0
6000,22939,500,5,1
4950,22943,470,1,0
4801,22943,477,2,0
4803,22943,478,3,0
4850,22943,486,4,0
6000,22943,500,5,1
4950,22944,470,1,0
4801,22944,477,2,0
4803,22944,478,3,0
4850,22944,486,4,0
6000,22944,500,5,1
6000,22945,762,1,0
4851,22945,776,2,0
4802,22945,784,3,0
4800,22945,785,4,0
4953,22945,792,5,1
6000,22946,762,1,0
4851,22946,776,2,0
4802,22946,784,3,0
4800,22946,785,4,0
4953,22946,792,5,1
6000,22947,1032,1,0
4851,22947,1046,2,0
4802,22947,1054,3,0
4800,22947,1055,4,0
4953,22947,1062,5,1
6000,22948,1032,1,0
4851,22948,1046,2,0
4802,22948,1054,3,0
4800,22948,1055,4,0
4953,22948,1062,5,1
6000,22949,1032,1,0
4851,22949,1046,2,0
4802,22949,1054,3,0
4800,22949,1055,4,0
4953,22949,1062,5,1
4950,22940,470,1,0
4801,22940,477,2,0
4803,22940,478,3,0
4850,22940,486,4,0
6000,22940,500,5,1
4950,22941,470,1,0
4801,22941,477,2,0
4803,22941,478,3,0
4850,22941,486,4,0
6000,22941,500,5,1
4950,22942,470,1,0
4801,22942,477,2,0
4803,22942,478,3,0
4850,22942,486,4,0
6000,22942,500,5,1
