arret_id,trajet_id,heure_depart,stop_sequence,terminus
4850,24703,446,1,0
4507,24703,456,2,0
4508,24703,457,3,0
4510,24703,458,4,0
4502,24703,460,5,0
4504,24703,463,6,0
2841,24703,485,7,1
4850,24702,446,1,0
4507,24702,456,2,0
4508,24702,457,3,0
4510,24702,458,4,0
4502,24702,460,5,0
4504,24702,463,6,0
2841,24702,485,7,1
2841,28613,740,1,0
4503,28613,759,2,0
4505,28613,761,3,0
4511,28613,763,4,0
4509,28613,764,5,0
4531,28613,765,6,0
4851,28613,774,7,1
2841,28614,1054,1,0
4503,28614,1076,2,0
4505,28614,1079,3,0
4511,28614,1081,4,0
4509,28614,1082,5,0
4531,28614,1083,6,0
4851,28614,1093,7,1
