terminus,heure_depart,trajet_id,stop_sequence,arret_id
0,517,2167,1,repjoffa
0,519,2167,2,ppaskl2
0,521,2167,3,thabor2
0,523,2167,4,barbes2
0,524,2167,5,oberthu2
0,525,2167,6,durafou2
0,527,2167,7,jdarc2
0,528,2167,8,vitrdan2
0,529,2167,9,quentin2
0,531,2167,10,lychate2
1,532,2167,11,lycurie2
0,445,3396,1,repjoffa
0,447,3396,2,ppaskl2
0,448,3396,3,thabor2
0,450,3396,4,barbes2
0,451,3396,5,oberthu2
0,452,3396,6,durafou2
0,454,3396,7,jdarc2
0,455,3396,8,vitrdan2
0,456,3396,9,quentin2
0,458,3396,10,lychate2
1,459,3396,11,lycurie2
0,1007,3404,1,lycurie1
0,1008,3404,2,lychate1
0,1010,3404,3,quentin1
0,1011,3404,4,vitrdan1
0,1013,3404,5,jdarc1
0,1014,3404,6,durafou1
0,1015,3404,7,oberthu1
0,1016,3404,8,barbes1
0,1017,3404,9,chadun1
0,1019,3404,10,thabor1
0,1021,3404,11,ptpaste1
1,1025,3404,12,repjaurs
0,957,169,1,lycurie1
0,958,169,2,lychate1
0,960,169,3,quentin1
0,961,169,4,vitrdan1
0,963,169,5,jdarc1
0,964,169,6,durafou1
0,965,169,7,oberthu1
0,966,169,8,barbes1
0,967,169,9,chadun1
0,968,169,10,thabor1
0,970,169,11,ptpaste1
1,974,169,12,repjaurs
0,475,174,1,repjoffa
0,477,174,2,ppaskl2
0,479,174,3,thabor2
0,482,174,4,barbes2
0,483,174,5,oberthu2
0,484,174,6,durafou2
0,486,174,7,jdarc2
0,487,174,8,vitrdan2
0,488,174,9,quentin2
0,490,174,10,lychate2
1,491,174,11,lycurie2
0,464,3110,1,repjoffa
0,466,3110,2,ppaskl2
0,468,3110,3,thabor2
0,471,3110,4,barbes2
0,472,3110,5,oberthu2
0,473,3110,6,durafou2
0,475,3110,7,jdarc2
0,476,3110,8,vitrdan2
0,477,3110,9,quentin2
0,479,3110,10,lychate2
1,480,3110,11,lycurie2
0,467,6880,1,repjoffa
0,469,6880,2,ppaskl2
0,471,6880,3,thabor2
0,474,6880,4,barbes2
0,475,6880,5,oberthu2
0,476,6880,6,durafou2
0,478,6880,7,jdarc2
0,479,6880,8,vitrdan2
0,480,6880,9,quentin2
0,482,6880,10,lychate2
1,483,6880,11,lycurie2
0,733,545,1,lycurie1
0,734,545,2,lychate1
0,735,545,3,quentin1
0,736,545,4,vitrdan1
0,738,545,5,jdarc1
0,739,545,6,durafou1
0,740,545,7,oberthu1
0,741,545,8,barbes1
0,742,545,9,chadun1
0,743,545,10,thabor1
0,745,545,11,ptpaste1
1,749,545,12,repjaurs
0,1017,2852,1,lycurie1
0,1018,2852,2,lychate1
0,1020,2852,3,quentin1
0,1021,2852,4,vitrdan1
0,1023,2852,5,jdarc1
0,1024,2852,6,durafou1
0,1025,2852,7,oberthu1
0,1026,2852,8,barbes1
0,1027,2852,9,chadun1
0,1029,2852,10,thabor1
0,1031,2852,11,ptpaste1
1,1035,2852,12,repjaurs
0,1087,6763,1,lycurie1
0,1088,6763,2,lychate1
0,1090,6763,3,quentin1
0,1091,6763,4,vitrdan1
0,1093,6763,5,jdarc1
0,1094,6763,6,durafou1
0,1095,6763,7,oberthu1
0,1096,6763,8,barbes1
0,1097,6763,9,chadun1
0,1098,6763,10,thabor1
0,1100,6763,11,ptpaste1
1,1104,6763,12,repjaurs
0,736,437,1,lycurie1
0,737,437,2,lychate1
0,738,437,3,quentin1
0,739,437,4,vitrdan1
0,741,437,5,jdarc1
0,742,437,6,durafou1
0,743,437,7,oberthu1
0,744,437,8,barbes1
0,745,437,9,chadun1
0,746,437,10,thabor1
0,748,437,11,ptpaste1
1,752,437,12,repjaurs
0,457,491,1,repjoffa
0,459,491,2,ppaskl2
0,461,491,3,thabor2
0,463,491,4,barbes2
0,464,491,5,oberthu2
0,465,491,6,durafou2
0,467,491,7,jdarc2
0,468,491,8,vitrdan2
0,469,491,9,quentin2
0,471,491,10,lychate2
1,472,491,11,lycurie2
0,987,4870,1,lycurie1
0,988,4870,2,lychate1
0,990,4870,3,quentin1
0,991,4870,4,vitrdan1
0,993,4870,5,jdarc1
0,994,4870,6,durafou1
0,995,4870,7,oberthu1
0,996,4870,8,barbes1
0,997,4870,9,chadun1
0,999,4870,10,thabor1
0,1001,4870,11,ptpaste1
1,1005,4870,12,repjaurs
0,1037,5924,1,lycurie1
0,1038,5924,2,lychate1
0,1040,5924,3,quentin1
0,1041,5924,4,vitrdan1
0,1043,5924,5,jdarc1
0,1044,5924,6,durafou1
0,1045,5924,7,oberthu1
0,1046,5924,8,barbes1
0,1047,5924,9,chadun1
0,1049,5924,10,thabor1
0,1051,5924,11,ptpaste1
1,1055,5924,12,repjaurs
0,1027,4247,1,lycurie1
0,1028,4247,2,lychate1
0,1030,4247,3,quentin1
0,1031,4247,4,vitrdan1
0,1033,4247,5,jdarc1
0,1034,4247,6,durafou1
0,1035,4247,7,oberthu1
0,1036,4247,8,barbes1
0,1037,4247,9,chadun1
0,1039,4247,10,thabor1
0,1041,4247,11,ptpaste1
1,1045,4247,12,repjaurs
0,724,2480,1,lycurie1
0,725,2480,2,lychate1
0,727,2480,3,quentin1
0,728,2480,4,vitrdan1
0,730,2480,5,jdarc1
0,731,2480,6,durafou1
0,732,2480,7,oberthu1
0,733,2480,8,barbes1
0,734,2480,9,chadun1
0,735,2480,10,thabor1
0,737,2480,11,ptpaste1
1,741,2480,12,repjaurs
0,454,5724,1,repjoffa
0,456,5724,2,ppaskl2
0,458,5724,3,thabor2
0,460,5724,4,barbes2
0,461,5724,5,oberthu2
0,462,5724,6,durafou2
0,464,5724,7,jdarc2
0,465,5724,8,vitrdan2
0,466,5724,9,quentin2
0,468,5724,10,lychate2
1,469,5724,11,lycurie2
0,1047,2492,1,lycurie1
0,1048,2492,2,lychate1
0,1050,2492,3,quentin1
0,1051,2492,4,vitrdan1
0,1053,2492,5,jdarc1
0,1054,2492,6,durafou1
0,1055,2492,7,oberthu1
0,1056,2492,8,barbes1
0,1057,2492,9,chadun1
0,1059,2492,10,thabor1
0,1061,2492,11,ptpaste1
1,1065,2492,12,repjaurs
0,1070,5794,1,lycurie1
0,1071,5794,2,lychate1
0,1073,5794,3,quentin1
0,1074,5794,4,vitrdan1
0,1076,5794,5,jdarc1
0,1077,5794,6,durafou1
0,1078,5794,7,oberthu1
0,1079,5794,8,barbes1
0,1080,5794,9,chadun1
0,1082,5794,10,thabor1
0,1084,5794,11,ptpaste1
1,1088,5794,12,repjaurs
0,1077,5653,1,lycurie1
0,1078,5653,2,lychate1
0,1080,5653,3,quentin1
0,1081,5653,4,vitrdan1
0,1083,5653,5,jdarc1
0,1084,5653,6,durafou1
0,1085,5653,7,oberthu1
0,1086,5653,8,barbes1
0,1087,5653,9,chadun1
0,1089,5653,10,thabor1
0,1091,5653,11,ptpaste1
1,1095,5653,12,repjaurs
0,997,5446,1,lycurie1
0,998,5446,2,lychate1
0,1000,5446,3,quentin1
0,1001,5446,4,vitrdan1
0,1003,5446,5,jdarc1
0,1004,5446,6,durafou1
0,1005,5446,7,oberthu1
0,1006,5446,8,barbes1
0,1007,5446,9,chadun1
0,1009,5446,10,thabor1
0,1011,5446,11,ptpaste1
1,1015,5446,12,repjaurs
0,727,4003,1,lycurie1
0,728,4003,2,lychate1
0,730,4003,3,quentin1
0,731,4003,4,vitrdan1
0,733,4003,5,jdarc1
0,734,4003,6,durafou1
0,735,4003,7,oberthu1
0,736,4003,8,barbes1
0,737,4003,9,chadun1
0,738,4003,10,thabor1
0,740,4003,11,ptpaste1
1,744,4003,12,repjaurs
0,923,6249,1,lycurie1
0,924,6249,2,lychate1
0,926,6249,3,quentin1
0,927,6249,4,vitrdan1
0,929,6249,5,jdarc1
0,930,6249,6,durafou1
0,931,6249,7,oberthu1
0,932,6249,8,barbes1
0,933,6249,9,chadun1
0,934,6249,10,thabor1
0,936,6249,11,ptpaste1
1,940,6249,12,repjaurs
0,967,6574,1,lycurie1
0,968,6574,2,lychate1
0,970,6574,3,quentin1
0,971,6574,4,vitrdan1
0,973,6574,5,jdarc1
0,974,6574,6,durafou1
0,975,6574,7,oberthu1
0,976,6574,8,barbes1
0,977,6574,9,chadun1
0,979,6574,10,thabor1
0,981,6574,11,ptpaste1
1,985,6574,12,repjaurs
0,977,6530,1,lycurie1
0,978,6530,2,lychate1
0,980,6530,3,quentin1
0,981,6530,4,vitrdan1
0,983,6530,5,jdarc1
0,984,6530,6,durafou1
0,985,6530,7,oberthu1
0,986,6530,8,barbes1
0,987,6530,9,chadun1
0,989,6530,10,thabor1
0,991,6530,11,ptpaste1
1,995,6530,12,repjaurs
