arret_id,trajet_id,heure_depart,stop_sequence,terminus
1510,10749,955,1,0
4357,10749,965,2,0
3249,10749,966,3,0
3216,10749,967,4,0
3217,10749,969,5,0
3218,10749,970,6,0
3219,10749,971,7,0
3220,10749,972,8,0
3221,10749,974,9,0
3806,10749,979,10,0
3807,10749,980,11,0
3808,10749,981,12,0
3809,10749,982,13,0
3801,10749,984,14,1
1510,10096,945,1,0
4357,10096,957,2,0
3249,10096,958,3,0
3216,10096,959,4,0
3217,10096,961,5,0
3218,10096,962,6,0
3219,10096,963,7,0
3220,10096,964,8,0
3221,10096,966,9,0
3806,10096,969,10,0
3807,10096,970,11,0
3808,10096,972,12,0
3809,10096,973,13,0
3801,10096,975,14,1
3801,2128,850,1,0
3802,2128,852,2,0
3803,2128,853,3,0
3804,2128,855,4,0
3805,2128,856,5,0
3208,2128,860,6,0
3209,2128,862,7,0
3210,2128,863,8,0
3211,2128,864,9,0
3212,2128,865,10,0
3213,2128,867,11,0
3250,2128,868,12,0
4356,2128,868,13,0
1510,2128,880,14,1
3801,2211,560,1,0
3802,2211,562,2,0
3803,2211,563,3,0
3804,2211,564,4,0
3805,2211,565,5,0
3208,2211,570,6,0
3209,2211,572,7,0
3210,2211,573,8,0
3211,2211,574,9,0
3212,2211,575,10,0
3213,2211,577,11,0
3250,2211,578,12,0
4356,2211,578,13,0
1510,2211,590,14,1
1510,9692,1130,1,0
4357,9692,1140,2,0
3249,9692,1141,3,0
3216,9692,1142,4,0
3217,9692,1144,5,0
3218,9692,1145,6,0
3219,9692,1146,7,0
3220,9692,1147,8,0
3221,9692,1149,9,0
3806,9692,1154,10,0
3807,9692,1155,11,0
3808,9692,1156,12,0
3809,9692,1157,13,0
3801,9692,1159,14,1
3801,9613,490,1,0
3802,9613,492,2,0
3803,9613,493,3,0
3804,9613,494,4,0
3805,9613,495,5,0
3208,9613,500,6,0
3209,9613,502,7,0
3210,9613,503,8,0
3211,9613,504,9,0
3212,9613,505,10,0
3213,9613,507,11,0
3250,9613,508,12,0
4356,9613,508,13,0
1510,9613,519,14,1
1510,9583,1230,1,0
4357,9583,1242,2,0
3249,9583,1243,3,0
3216,9583,1244,4,0
3217,9583,1246,5,0
3218,9583,1247,6,0
3219,9583,1248,7,0
3220,9583,1249,8,0
3221,9583,1251,9,0
3806,9583,1254,10,0
3807,9583,1255,11,0
3808,9583,1256,12,0
3809,9583,1257,13,0
3801,9583,1259,14,1
1510,9526,920,1,0
4357,9526,932,2,0
3249,9526,933,3,0
3216,9526,934,4,0
3217,9526,936,5,0
3218,9526,937,6,0
3219,9526,938,7,0
3220,9526,939,8,0
3221,9526,941,9,0
3806,9526,944,10,0
3807,9526,945,11,0
3808,9526,947,12,0
3809,9526,948,13,0
3801,9526,950,14,1
1510,2006,1165,1,0
4357,2006,1175,2,0
3249,2006,1176,3,0
3216,2006,1177,4,0
3217,2006,1179,5,0
3218,2006,1180,6,0
3219,2006,1181,7,0
3220,2006,1182,8,0
3221,2006,1184,9,0
3806,2006,1189,10,0
3807,2006,1190,11,0
3808,2006,1191,12,0
3809,2006,1192,13,0
3801,2006,1194,14,1
1510,2036,990,1,0
4357,2036,1002,2,0
3249,2036,1003,3,0
3216,2036,1004,4,0
3217,2036,1006,5,0
3218,2036,1007,6,0
3219,2036,1008,7,0
3220,2036,1009,8,0
3221,2036,1011,9,0
3204,2036,1013,10,0
3205,2036,1015,11,0
3206,2036,1015,12,0
3207,2036,1017,13,0
3811,2036,1019,14,0
3810,2036,1020,15,1
1510,9372,600,1,0
4357,9372,610,2,0
3249,9372,611,3,0
3216,9372,612,4,0
3217,9372,614,5,0
3218,9372,615,6,0
3219,9372,616,7,0
3220,9372,617,8,0
3221,9372,619,9,0
3806,9372,624,10,0
3807,9372,625,11,0
3808,9372,626,12,0
3809,9372,627,13,0
3801,9372,629,14,1
3801,4996,815,1,0
3802,4996,817,2,0
3803,4996,818,3,0
3804,4996,819,4,0
3805,4996,820,5,0
3208,4996,825,6,0
3209,4996,827,7,0
3210,4996,828,8,0
3211,4996,829,9,0
3212,4996,830,10,0
3213,4996,832,11,0
3250,4996,833,12,0
4356,4996,833,13,0
1510,4996,845,14,1
3801,9176,780,1,0
3802,9176,782,2,0
3803,9176,783,3,0
3804,9176,784,4,0
3805,9176,785,5,0
3208,9176,790,6,0
3209,9176,792,7,0
3210,9176,793,8,0
3211,9176,794,9,0
3212,9176,795,10,0
3213,9176,797,11,0
3250,9176,798,12,0
4356,9176,798,13,0
1510,9176,810,14,1
3801,10340,1095,1,0
3802,10340,1097,2,0
3803,10340,1098,3,0
3804,10340,1099,4,0
3805,10340,1100,5,0
3208,10340,1105,6,0
3209,10340,1107,7,0
3210,10340,1108,8,0
3211,10340,1109,9,0
3212,10340,1110,10,0
3213,10340,1112,11,0
3250,10340,1113,12,0
4356,10340,1113,13,0
1510,10340,1125,14,1
3801,9080,990,1,0
3802,9080,992,2,0
3803,9080,993,3,0
3804,9080,995,4,0
3805,9080,996,5,0
3208,9080,1000,6,0
3209,9080,1002,7,0
3210,9080,1003,8,0
3211,9080,1004,9,0
3212,9080,1005,10,0
3213,9080,1006,11,0
3250,9080,1007,12,0
4356,9080,1007,13,0
1510,9080,1019,14,1
3801,10304,650,1,0
3802,10304,652,2,0
3803,10304,653,3,0
3804,10304,655,4,0
3805,10304,656,5,0
3208,10304,660,6,0
3209,10304,662,7,0
3210,10304,663,8,0
3211,10304,664,9,0
3212,10304,665,10,0
3213,10304,667,11,0
3250,10304,668,12,0
4356,10304,668,13,0
1510,10304,680,14,1
1510,10258,850,1,0
4357,10258,862,2,0
3249,10258,863,3,0
3216,10258,864,4,0
3217,10258,866,5,0
3218,10258,867,6,0
3219,10258,868,7,0
3220,10258,869,8,0
3221,10258,871,9,0
3806,10258,874,10,0
3807,10258,875,11,0
3808,10258,877,12,0
3809,10258,878,13,0
3801,10258,880,14,1
3208,1835,1030,1,0
3209,1835,1032,2,0
3210,1835,1033,3,0
3211,1835,1034,4,0
3212,1835,1035,5,0
3213,1835,1036,6,0
3250,1835,1037,7,0
4356,1835,1037,8,0
1510,1835,1049,9,1
1510,1877,780,1,0
4357,1877,790,2,0
3249,1877,791,3,0
3216,1877,792,4,0
3217,1877,794,5,0
3218,1877,795,6,0
3219,1877,796,7,0
3220,1877,797,8,0
3221,1877,799,9,0
3806,1877,804,10,0
3807,1877,805,11,0
3808,1877,806,12,0
3809,1877,807,13,0
3801,1877,809,14,1
1510,1580,920,1,0
4357,1580,930,2,0
3249,1580,931,3,0
3216,1580,932,4,0
3217,1580,934,5,0
3218,1580,935,6,0
3219,1580,936,7,0
3220,1580,937,8,0
3221,1580,939,9,0
3806,1580,944,10,0
3807,1580,945,11,0
3808,1580,946,12,0
3809,1580,947,13,0
3801,1580,949,14,1
3208,1524,435,1,0
3209,1524,437,2,0
3210,1524,438,3,0
3211,1524,439,4,0
3212,1524,441,5,0
3213,1524,443,6,0
3250,1524,444,7,0
4356,1524,444,8,0
1510,1524,457,9,1
1510,5832,1185,1,0
4357,5832,1197,2,0
3249,5832,1198,3,0
3216,5832,1199,4,0
3217,5832,1201,5,0
3218,5832,1202,6,0
3219,5832,1203,7,0
3220,5832,1204,8,0
3221,5832,1206,9,0
3806,5832,1209,10,0
3807,5832,1210,11,0
3808,5832,1211,12,0
3809,5832,1212,13,0
3801,5832,1214,14,1
3801,1435,920,1,0
3802,1435,922,2,0
3803,1435,923,3,0
3804,1435,924,4,0
3805,1435,925,5,0
3208,1435,930,6,0
3209,1435,932,7,0
3210,1435,933,8,0
3211,1435,934,9,0
3212,1435,935,10,0
3213,1435,937,11,0
3250,1435,938,12,0
4356,1435,938,13,0
1510,1435,950,14,1
1510,1388,1060,1,0
4357,1388,1070,2,0
3249,1388,1071,3,0
3216,1388,1072,4,0
3217,1388,1074,5,0
3218,1388,1075,6,0
3219,1388,1076,7,0
3220,1388,1077,8,0
3221,1388,1079,9,0
3806,1388,1084,10,0
3807,1388,1085,11,0
3808,1388,1086,12,0
3809,1388,1087,13,0
3801,1388,1089,14,1
3801,1128,1195,1,0
3802,1128,1197,2,0
3803,1128,1198,3,0
3804,1128,1200,4,0
3805,1128,1201,5,0
3208,1128,1205,6,0
3209,1128,1207,7,0
3210,1128,1208,8,0
3211,1128,1209,9,0
3212,1128,1210,10,0
3213,1128,1211,11,0
3250,1128,1212,12,0
4356,1128,1212,13,0
1510,1128,1224,14,1
3801,5561,510,1,0
3802,5561,512,2,0
3803,5561,513,3,0
3804,5561,515,4,0
3805,5561,516,5,0
3208,5561,520,6,0
3209,5561,522,7,0
3210,5561,523,8,0
3211,5561,524,9,0
3212,5561,526,10,0
3213,5561,528,11,0
3250,5561,529,12,0
4356,5561,529,13,0
1510,5561,545,14,1
3801,9905,420,1,0
3802,9905,422,2,0
3803,9905,423,3,0
3804,9905,424,4,0
3805,9905,425,5,0
3208,9905,430,6,0
3209,9905,432,7,0
3210,9905,433,8,0
3211,9905,434,9,0
3212,9905,435,10,0
3213,9905,437,11,0
3250,9905,438,12,0
4356,9905,438,13,0
1510,9905,449,14,1
1510,5482,1095,1,0
4357,5482,1105,2,0
3249,5482,1106,3,0
3216,5482,1107,4,0
3217,5482,1109,5,0
3218,5482,1110,6,0
3219,5482,1111,7,0
3220,5482,1112,8,0
3221,5482,1114,9,0
3806,5482,1119,10,0
3807,5482,1120,11,0
3808,5482,1121,12,0
3809,5482,1122,13,0
3801,5482,1124,14,1
3801,5202,990,1,0
3802,5202,992,2,0
3803,5202,993,3,0
3804,5202,994,4,0
3805,5202,995,5,0
3208,5202,1000,6,0
3209,5202,1002,7,0
3210,5202,1003,8,0
3211,5202,1004,9,0
3212,5202,1005,10,0
3213,5202,1007,11,0
3250,5202,1008,12,0
4356,5202,1008,13,0
1510,5202,1020,14,1
1510,5259,615,1,0
4357,5259,627,2,0
3249,5259,628,3,0
3216,5259,629,4,0
3217,5259,631,5,0
3218,5259,632,6,0
3219,5259,633,7,0
3220,5259,634,8,0
3221,5259,636,9,0
3806,5259,639,10,0
3807,5259,640,11,0
3808,5259,641,12,0
3809,5259,642,13,0
3801,5259,644,14,1
3801,7336,955,1,0
3802,7336,957,2,0
3803,7336,958,3,0
3804,7336,960,4,0
3805,7336,961,5,0
3208,7336,965,6,0
3209,7336,967,7,0
3210,7336,968,8,0
3211,7336,969,9,0
3212,7336,970,10,0
3213,7336,971,11,0
3250,7336,972,12,0
4356,7336,972,13,0
1510,7336,984,14,1
1510,5112,675,1,0
4357,5112,685,2,0
3249,5112,686,3,0
3216,5112,687,4,0
3217,5112,689,5,0
3218,5112,690,6,0
3219,5112,691,7,0
3220,5112,692,8,0
3221,5112,694,9,0
3806,5112,699,10,0
3807,5112,700,11,0
3808,5112,701,12,0
3809,5112,702,13,0
3801,5112,704,14,1
3801,5144,1100,1,0
3802,5144,1102,2,0
3803,5144,1103,3,0
3804,5144,1105,4,0
3805,5144,1106,5,0
3208,5144,1110,6,0
3209,5144,1112,7,0
3210,5144,1113,8,0
3211,5144,1114,9,0
3212,5144,1115,10,0
3213,5144,1116,11,0
3250,5144,1117,12,0
4356,5144,1117,13,0
1510,5144,1129,14,1
3801,5014,640,1,0
3802,5014,642,2,0
3803,5014,643,3,0
3804,5014,644,4,0
3805,5014,645,5,0
3208,5014,650,6,0
3209,5014,652,7,0
3210,5014,653,8,0
3211,5014,654,9,0
3212,5014,655,10,0
3213,5014,657,11,0
3250,5014,658,12,0
4356,5014,658,13,0
1510,5014,670,14,1
1510,5078,990,1,0
4357,5078,1000,2,0
3249,5078,1001,3,0
3216,5078,1002,4,0
3217,5078,1004,5,0
3218,5078,1005,6,0
3219,5078,1006,7,0
3220,5078,1007,8,0
3221,5078,1009,9,0
3806,5078,1014,10,0
3807,5078,1015,11,0
3808,5078,1016,12,0
3809,5078,1017,13,0
3801,5078,1019,14,1
1510,7840,1125,1,0
4357,7840,1137,2,0
3249,7840,1138,3,0
3216,7840,1139,4,0
3217,7840,1141,5,0
3218,7840,1142,6,0
3219,7840,1143,7,0
3220,7840,1144,8,0
3221,7840,1146,9,0
3806,7840,1149,10,0
3807,7840,1150,11,0
3808,7840,1152,12,0
3809,7840,1153,13,0
3801,7840,1155,14,1
1510,7857,1065,1,0
4357,7857,1078,2,0
3249,7857,1079,3,0
3216,7857,1080,4,0
3217,7857,1082,5,0
3218,7857,1083,6,0
3219,7857,1084,7,0
3220,7857,1085,8,0
3221,7857,1087,9,0
3806,7857,1090,10,0
3807,7857,1091,11,0
3808,7857,1093,12,0
3809,7857,1094,13,0
3801,7857,1096,14,1
1510,7687,815,1,0
4357,7687,825,2,0
3249,7687,826,3,0
3216,7687,827,4,0
3217,7687,829,5,0
3218,7687,830,6,0
3219,7687,831,7,0
3220,7687,832,8,0
3221,7687,834,9,0
3806,7687,839,10,0
3807,7687,840,11,0
3808,7687,841,12,0
3809,7687,842,13,0
3801,7687,844,14,1
3801,8261,1130,1,0
3802,8261,1132,2,0
3803,8261,1133,3,0
3804,8261,1134,4,0
3805,8261,1135,5,0
3208,8261,1140,6,0
3209,8261,1142,7,0
3210,8261,1143,8,0
3211,8261,1144,9,0
3212,8261,1145,10,0
3213,8261,1147,11,0
3250,8261,1148,12,0
4356,8261,1148,13,0
1510,8261,1160,14,1
1510,8275,745,1,0
4357,8275,757,2,0
3249,8275,758,3,0
3216,8275,759,4,0
3217,8275,761,5,0
3218,8275,762,6,0
3219,8275,763,7,0
3220,8275,764,8,0
3221,8275,766,9,0
3806,8275,769,10,0
3807,8275,770,11,0
3808,8275,772,12,0
3809,8275,773,13,0
3801,8275,775,14,1
1510,8128,815,1,0
4357,8128,827,2,0
3249,8128,828,3,0
3216,8128,829,4,0
3217,8128,831,5,0
3218,8128,832,6,0
3219,8128,833,7,0
3220,8128,834,8,0
3221,8128,836,9,0
3806,8128,839,10,0
3807,8128,840,11,0
3808,8128,842,12,0
3809,8128,843,13,0
3801,8128,845,14,1
3801,3371,720,1,0
3802,3371,722,2,0
3803,3371,723,3,0
3804,3371,725,4,0
3805,3371,726,5,0
3208,3371,730,6,0
3209,3371,732,7,0
3210,3371,733,8,0
3211,3371,734,9,0
3212,3371,735,10,0
3213,3371,737,11,0
3250,3371,738,12,0
4356,3371,738,13,0
1510,3371,750,14,1
3801,8193,1195,1,0
3802,8193,1197,2,0
3803,8193,1198,3,0
3804,8193,1199,4,0
3805,8193,1200,5,0
3208,8193,1205,6,0
3209,8193,1207,7,0
3210,8193,1208,8,0
3211,8193,1209,9,0
3212,8193,1210,10,0
3213,8193,1212,11,0
3250,8193,1213,12,0
4356,8193,1213,13,0
1510,8193,1225,14,1
3801,3481,1070,1,0
3802,3481,1072,2,0
3803,3481,1073,3,0
3804,3481,1075,4,0
3805,3481,1076,5,0
3208,3481,1080,6,0
3209,3481,1082,7,0
3210,3481,1083,8,0
3211,3481,1084,9,0
3212,3481,1085,10,0
3213,3481,1086,11,0
3250,3481,1087,12,0
4356,3481,1087,13,0
1510,3481,1099,14,1
1510,8397,1105,1,0
4357,8397,1118,2,0
3249,8397,1119,3,0
3216,8397,1120,4,0
3217,8397,1122,5,0
3218,8397,1123,6,0
3219,8397,1124,7,0
3220,8397,1125,8,0
3221,8397,1127,9,0
3204,8397,1129,10,0
3205,8397,1131,11,0
3206,8397,1131,12,0
3207,8397,1133,13,0
3811,8397,1135,14,0
3810,8397,1136,15,1
1510,3608,1155,1,0
4357,3608,1167,2,0
3249,3608,1168,3,0
3216,3608,1169,4,0
3217,3608,1171,5,0
3218,3608,1172,6,0
3219,3608,1173,7,0
3220,3608,1174,8,0
3221,3608,1176,9,0
3806,3608,1179,10,0
3807,3608,1180,11,0
3808,3608,1182,12,0
3809,3608,1183,13,0
3801,3608,1185,14,1
1510,3680,1085,1,0
4357,3680,1098,2,0
3249,3680,1099,3,0
3216,3680,1100,4,0
3217,3680,1102,5,0
3218,3680,1103,6,0
3219,3680,1104,7,0
3220,3680,1105,8,0
3221,3680,1107,9,0
3806,3680,1110,10,0
3807,3680,1111,11,0
3808,3680,1113,12,0
3809,3680,1114,13,0
3801,3680,1116,14,1
1510,3698,685,1,0
4357,3698,697,2,0
3249,3698,698,3,0
3216,3698,699,4,0
3217,3698,701,5,0
3218,3698,702,6,0
3219,3698,703,7,0
3220,3698,704,8,0
3221,3698,706,9,0
3806,3698,709,10,0
3807,3698,710,11,0
3808,3698,712,12,0
3809,3698,713,13,0
3801,3698,715,14,1
1510,3033,1025,1,0
4357,3033,1035,2,0
3249,3033,1036,3,0
3216,3033,1037,4,0
3217,3033,1039,5,0
3218,3033,1040,6,0
3219,3033,1041,7,0
3220,3033,1042,8,0
3221,3033,1044,9,0
3806,3033,1049,10,0
3807,3033,1050,11,0
3808,3033,1051,12,0
3809,3033,1052,13,0
3801,3033,1054,14,1
1510,3902,1230,1,0
4357,3902,1240,2,0
3249,3902,1241,3,0
3216,3902,1242,4,0
3217,3902,1244,5,0
3218,3902,1245,6,0
3219,3902,1246,7,0
3220,3902,1247,8,0
3221,3902,1249,9,0
3806,3902,1254,10,0
3807,3902,1255,11,0
3808,3902,1256,12,0
3809,3902,1257,13,0
3801,3902,1259,14,1
3801,3907,1045,1,0
3802,3907,1047,2,0
3803,3907,1048,3,0
3804,3907,1050,4,0
3805,3907,1051,5,0
3208,3907,1055,6,0
3209,3907,1057,7,0
3210,3907,1058,8,0
3211,3907,1059,9,0
3212,3907,1060,10,0
3213,3907,1061,11,0
3250,3907,1062,12,0
4356,3907,1062,13,0
1510,3907,1074,14,1
1510,3106,1025,1,0
4357,3106,1038,2,0
3249,3106,1039,3,0
3216,3106,1040,4,0
3217,3106,1042,5,0
3218,3106,1043,6,0
3219,3106,1044,7,0
3220,3106,1045,8,0
3221,3106,1047,9,0
3806,3106,1050,10,0
3807,3106,1051,11,0
3808,3106,1053,12,0
3809,3106,1054,13,0
3801,3106,1056,14,1
1510,588,965,1,0
4357,588,977,2,0
3249,588,978,3,0
3216,588,979,4,0
3217,588,981,5,0
3218,588,982,6,0
3219,588,983,7,0
3220,588,984,8,0
3221,588,986,9,1
1510,550,745,1,0
4357,550,755,2,0
3249,550,756,3,0
3216,550,757,4,0
3217,550,759,5,0
3218,550,760,6,0
3219,550,761,7,0
3220,550,762,8,0
3221,550,764,9,0
3806,550,769,10,0
3807,550,770,11,0
3808,550,771,12,0
3809,550,772,13,0
3801,550,774,14,1
3208,8940,987,1,0
3209,8940,989,2,0
3210,8940,990,3,0
3211,8940,991,4,0
3212,8940,992,5,0
3213,8940,993,6,0
3250,8940,994,7,0
4356,8940,994,8,0
1510,8940,1006,9,1
3801,8968,920,1,0
3802,8968,922,2,0
3803,8968,923,3,0
3804,8968,925,4,0
3805,8968,926,5,0
3208,8968,930,6,0
3209,8968,932,7,0
3210,8968,933,8,0
3211,8968,934,9,0
3212,8968,935,10,0
3213,8968,936,11,0
3250,8968,937,12,0
4356,8968,937,13,0
1510,8968,949,14,1
1510,2902,850,1,0
4357,2902,860,2,0
3249,2902,861,3,0
3216,2902,862,4,0
3217,2902,864,5,0
3218,2902,865,6,0
3219,2902,866,7,0
3220,2902,867,8,0
3221,2902,869,9,0
3806,2902,874,10,0
3807,2902,875,11,0
3808,2902,876,12,0
3809,2902,877,13,0
3801,2902,879,14,1
1510,8992,540,1,0
4357,8992,552,2,0
3249,8992,553,3,0
3216,8992,554,4,0
3217,8992,556,5,0
3218,8992,557,6,0
3219,8992,558,7,0
3220,8992,559,8,0
3221,8992,561,9,0
3806,8992,564,10,0
3807,8992,565,11,0
3808,8992,566,12,0
3809,8992,567,13,0
3801,8992,569,14,1
3801,4664,815,1,0
3802,4664,817,2,0
3803,4664,818,3,0
3804,4664,820,4,0
3805,4664,821,5,0
3208,4664,825,6,0
3209,4664,827,7,0
3210,4664,828,8,0
3211,4664,829,9,0
3212,4664,830,10,0
3213,4664,832,11,0
3250,4664,833,12,0
4356,4664,833,13,0
1510,4664,845,14,1
3801,6750,465,1,0
3802,6750,468,2,0
3803,6750,469,3,0
3804,6750,470,4,0
3805,6750,472,5,0
3208,6750,476,6,0
3209,6750,478,7,0
3210,6750,479,8,0
3211,6750,480,9,0
3212,6750,482,10,0
3213,6750,484,11,0
3250,6750,485,12,0
4356,6750,485,13,0
1510,6750,501,14,1
3810,6729,411,1,0
3812,6729,412,2,0
3201,6729,415,3,0
3202,6729,417,4,0
3203,6729,418,5,0
3204,6729,420,6,0
3208,6729,424,7,0
3209,6729,426,8,0
3210,6729,427,9,0
3211,6729,428,10,0
3212,6729,430,11,0
3213,6729,432,12,0
3250,6729,433,13,0
4356,6729,433,14,0
1510,6729,445,15,1
3801,6731,530,1,0
3802,6731,532,2,0
3803,6731,533,3,0
3804,6731,535,4,0
3805,6731,536,5,0
3208,6731,540,6,0
3209,6731,542,7,0
3210,6731,543,8,0
3211,6731,544,9,0
3212,6731,545,10,0
3213,6731,547,11,0
3250,6731,548,12,0
4356,6731,548,13,0
1510,6731,563,14,1
3801,2783,1165,1,0
3802,2783,1167,2,0
3803,2783,1168,3,0
3804,2783,1169,4,0
3805,2783,1170,5,0
3208,2783,1175,6,0
3209,2783,1177,7,0
3210,2783,1178,8,0
3211,2783,1179,9,0
3212,2783,1180,10,0
3213,2783,1182,11,0
3250,2783,1183,12,0
4356,2783,1183,13,0
1510,2783,1195,14,1
1510,327,525,1,0
4357,327,535,2,0
3249,327,536,3,0
3216,327,537,4,0
3217,327,539,5,0
3218,327,540,6,0
3219,327,541,7,0
3220,327,542,8,0
3221,327,544,9,0
3806,327,549,10,0
3807,327,550,11,0
3808,327,551,12,0
3809,327,552,13,0
3801,327,554,14,1
3801,4804,1120,1,0
3802,4804,1122,2,0
3803,4804,1123,3,0
3804,4804,1125,4,0
3805,4804,1126,5,0
3208,4804,1130,6,0
3209,4804,1132,7,0
3210,4804,1133,8,0
3211,4804,1134,9,0
3212,4804,1135,10,0
3213,4804,1136,11,0
3250,4804,1137,12,0
4356,4804,1137,13,0
1510,4804,1149,14,1
3801,4727,1025,1,0
3802,4727,1027,2,0
3803,4727,1028,3,0
3804,4727,1029,4,0
3805,4727,1030,5,0
3208,4727,1035,6,0
3209,4727,1037,7,0
3210,4727,1038,8,0
3211,4727,1039,9,0
3212,4727,1040,10,0
3213,4727,1042,11,0
3250,4727,1043,12,0
4356,4727,1043,13,0
1510,4727,1055,14,1
1510,947,1045,1,0
4357,947,1058,2,0
3249,947,1059,3,0
3216,947,1060,4,0
3217,947,1062,5,0
3218,947,1063,6,0
3219,947,1064,7,0
3220,947,1065,8,0
3221,947,1067,9,0
3204,947,1069,10,0
3205,947,1071,11,0
3206,947,1071,12,0
3207,947,1073,13,0
3811,947,1075,14,0
3810,947,1076,15,1
1510,8520,885,1,0
4357,8520,897,2,0
3249,8520,898,3,0
3216,8520,899,4,0
3217,8520,901,5,0
3218,8520,902,6,0
3219,8520,903,7,0
3220,8520,904,8,0
3221,8520,906,9,0
3806,8520,909,10,0
3807,8520,910,11,0
3808,8520,912,12,0
3809,8520,913,13,0
3801,8520,915,14,1
1510,995,1010,1,0
4357,995,1023,2,0
3249,995,1024,3,0
3216,995,1025,4,0
3217,995,1027,5,0
3218,995,1028,6,0
3219,995,1029,7,0
3220,995,1030,8,0
3221,995,1032,9,0
3806,995,1035,10,0
3807,995,1036,11,0
3808,995,1038,12,0
3809,995,1039,13,0
3801,995,1041,14,1
3801,2538,1165,1,0
3802,2538,1167,2,0
3803,2538,1168,3,0
3804,2538,1170,4,0
3805,2538,1171,5,0
3208,2538,1175,6,0
3209,2538,1177,7,0
3210,2538,1178,8,0
3211,2538,1179,9,0
3212,2538,1180,10,0
3213,2538,1181,11,0
3250,2538,1182,12,0
4356,2538,1182,13,0
1510,2538,1194,14,1
3208,4238,496,1,0
3209,4238,498,2,0
3210,4238,499,3,0
3211,4238,500,4,0
3212,4238,502,5,0
3213,4238,504,6,0
3250,4238,505,7,0
4356,4238,505,8,0
1510,4238,521,9,1
1510,4271,885,1,0
4357,4271,895,2,0
3249,4271,896,3,0
3216,4271,897,4,0
3217,4271,899,5,0
3218,4271,900,6,0
3219,4271,901,7,0
3220,4271,902,8,0
3221,4271,904,9,0
3806,4271,909,10,0
3807,4271,910,11,0
3808,4271,911,12,0
3809,4271,912,13,0
3801,4271,914,14,1
3810,8593,496,1,0
3812,8593,497,2,0
3201,8593,500,3,0
3202,8593,501,4,0
3203,8593,502,5,0
3204,8593,504,6,0
3208,8593,508,7,0
3209,8593,510,8,0
3210,8593,511,9,0
3211,8593,512,10,0
3212,8593,514,11,0
3213,8593,516,12,0
3250,8593,517,13,0
4356,8593,517,14,0
1510,8593,533,15,1
3801,4115,955,1,0
3802,4115,957,2,0
3803,4115,958,3,0
3804,4115,959,4,0
3805,4115,960,5,0
3208,4115,965,6,0
3209,4115,967,7,0
3210,4115,968,8,0
3211,4115,969,9,0
3212,4115,970,10,0
3213,4115,972,11,0
3250,4115,973,12,0
4356,4115,973,13,0
1510,4115,985,14,1
3801,2715,395,1,0
3802,2715,397,2,0
3803,2715,398,3,0
3804,2715,400,4,0
3805,2715,401,5,0
3208,2715,405,6,0
3209,2715,407,7,0
3210,2715,408,8,0
3211,2715,409,9,0
3212,2715,411,10,0
3213,2715,413,11,0
3250,2715,414,12,0
4356,2715,414,13,0
1510,2715,426,14,1
3801,2687,885,1,0
3802,2687,887,2,0
3803,2687,888,3,0
3804,2687,889,4,0
3805,2687,890,5,0
3208,2687,895,6,0
3209,2687,897,7,0
3210,2687,898,8,0
3211,2687,899,9,0
3212,2687,900,10,0
3213,2687,902,11,0
3250,2687,903,12,0
4356,2687,903,13,0
1510,2687,915,14,1
3801,4402,1060,1,0
3802,4402,1062,2,0
3803,4402,1063,3,0
3804,4402,1064,4,0
3805,4402,1065,5,0
3208,4402,1070,6,0
3209,4402,1072,7,0
3210,4402,1073,8,0
3211,4402,1074,9,0
3212,4402,1075,10,0
3213,4402,1077,11,0
3250,4402,1078,12,0
4356,4402,1078,13,0
1510,4402,1090,14,1
1510,4393,460,1,0
4357,4393,472,2,0
3249,4393,473,3,0
3216,4393,474,4,0
3217,4393,476,5,0
3218,4393,477,6,0
3219,4393,478,7,0
3220,4393,479,8,0
3221,4393,481,9,0
3204,4393,483,10,0
3205,4393,485,11,0
3206,4393,485,12,0
3207,4393,487,13,0
3811,4393,489,14,0
3810,4393,490,15,1
3208,2559,465,1,0
3209,2559,467,2,0
3210,2559,468,3,0
3211,2559,469,4,0
3212,2559,471,5,0
3213,2559,473,6,0
3250,2559,474,7,0
4356,2559,474,8,0
1510,2559,490,9,1
3801,4325,710,1,0
3802,4325,712,2,0
3803,4325,713,3,0
3804,4325,714,4,0
3805,4325,715,5,0
3208,4325,720,6,0
3209,4325,722,7,0
3210,4325,723,8,0
3211,4325,724,9,0
3212,4325,725,10,0
3213,4325,727,11,0
3250,4325,728,12,0
4356,4325,728,13,0
1510,4325,740,14,1
3801,2548,440,1,0
3802,2548,443,2,0
3803,2548,444,3,0
3804,2548,445,4,0
3805,2548,447,5,0
3208,2548,451,6,0
3209,2548,453,7,0
3210,2548,454,8,0
3211,2548,455,9,0
3212,2548,457,10,0
3213,2548,459,11,0
3250,2548,460,12,0
4356,2548,460,13,0
1510,2548,475,14,1
1510,2543,455,1,0
4357,2543,465,2,0
3249,2543,466,3,0
3216,2543,467,4,0
3217,2543,469,5,0
3218,2543,470,6,0
3219,2543,471,7,0
3220,2543,472,8,0
3221,2543,474,9,0
3806,2543,479,10,0
3807,2543,480,11,0
3808,2543,481,12,0
3809,2543,482,13,0
3801,2543,484,14,1
1510,6233,430,1,0
4357,6233,442,2,0
3249,6233,443,3,0
3216,6233,444,4,0
3217,6233,446,5,0
3218,6233,447,6,0
3219,6233,448,7,0
3220,6233,449,8,0
3221,6233,451,9,0
3806,6233,454,10,0
3807,6233,455,11,0
3808,6233,456,12,0
3809,6233,457,13,0
3801,6233,459,14,1
1510,6482,780,1,0
4357,6482,792,2,0
3249,6482,793,3,0
3216,6482,794,4,0
3217,6482,796,5,0
3218,6482,797,6,0
3219,6482,798,7,0
3220,6482,799,8,0
3221,6482,801,9,0
3806,6482,804,10,0
3807,6482,805,11,0
3808,6482,807,12,0
3809,6482,808,13,0
3801,6482,810,14,1
3801,6420,850,1,0
3802,6420,852,2,0
3803,6420,853,3,0
3804,6420,854,4,0
3805,6420,855,5,0
3208,6420,860,6,0
3209,6420,862,7,0
3210,6420,863,8,0
3211,6420,864,9,0
3212,6420,865,10,0
3213,6420,867,11,0
3250,6420,868,12,0
4356,6420,868,13,0
1510,6420,880,14,1
3801,6465,780,1,0
3802,6465,782,2,0
3803,6465,783,3,0
3804,6465,785,4,0
3805,6465,786,5,0
3208,6465,790,6,0
3209,6465,792,7,0
3210,6465,793,8,0
3211,6465,794,9,0
3212,6465,795,10,0
3213,6465,797,11,0
3250,6465,798,12,0
4356,6465,798,13,0
1510,6465,810,14,1
1510,6363,495,1,0
4357,6363,507,2,0
3249,6363,508,3,0
3216,6363,509,4,0
3217,6363,511,5,0
3218,6363,512,6,0
3219,6363,513,7,0
3220,6363,514,8,0
3221,6363,516,9,0
3806,6363,519,10,0
3807,6363,520,11,0
3808,6363,521,12,0
3809,6363,522,13,0
3801,6363,524,14,1
1510,6366,475,1,0
4357,6366,487,2,0
3249,6366,488,3,0
3216,6366,489,4,0
3217,6366,491,5,0
3218,6366,492,6,0
3219,6366,493,7,0
3220,6366,494,8,0
3221,6366,496,9,1
3801,6655,885,1,0
3802,6655,887,2,0
3803,6655,888,3,0
3804,6655,890,4,0
3805,6655,891,5,0
3208,6655,895,6,0
3209,6655,897,7,0
3210,6655,898,8,0
3211,6655,899,9,0
3212,6655,900,10,0
3213,6655,901,11,0
3250,6655,902,12,0
4356,6655,902,13,0
1510,6655,914,14,1
3801,6508,575,1,0
3802,6508,577,2,0
3803,6508,578,3,0
3804,6508,580,4,0
3805,6508,581,5,0
3208,6508,585,6,0
3209,6508,587,7,0
3210,6508,588,8,0
3211,6508,589,9,0
3212,6508,590,10,0
3213,6508,592,11,0
3250,6508,593,12,0
4356,6508,593,13,0
1510,6508,605,14,1
