arret_id,trajet_id,heure_depart,stop_sequence,terminus
2366,28514,1030,1,0
2751,28514,1040,2,0
2725,28514,1041,3,0
2723,28514,1042,4,0
2759,28514,1044,5,0
2765,28514,1048,6,0
2755,28514,1053,7,0
2763,28514,1054,8,0
2768,28514,1058,9,0
2769,28514,1059,10,1
2366,28515,760,1,0
2751,28515,770,2,0
2725,28515,771,3,0
2723,28515,772,4,0
2759,28515,774,5,0
2765,28515,778,6,0
2755,28515,783,7,0
2763,28515,784,8,0
2768,28515,788,9,0
2769,28515,789,10,1
2742,28513,463,1,0
2758,28513,464,2,0
2764,28513,468,3,0
2756,28513,469,4,0
2747,28513,474,5,0
2735,28513,477,6,0
2706,28513,479,7,0
2726,28513,480,8,0
2750,28513,481,9,0
2366,28513,495,10,1
