arret_id,trajet_id,heure_depart,stop_sequence,terminus
beauec2,4,731,1,0
insa2,4,732,2,0
bearubc1,4,734,3,0
citeu1,4,735,4,0
vitrdan1,4,737,5,0
jdarclj1,4,739,6,0
balzac1,4,739,7,0
musset1,4,740,8,0
sand1,4,741,9,0
duchann1,4,743,10,0
brizeux1,4,745,11,0
sevivin3,4,746,12,0
dieuw2,4,748,13,0
dinan2,4,750,14,0
legrave2,4,751,15,0
anatfra4,4,753,16,0
touche1,4,754,17,0
brest1,4,755,18,0
mdioces2,4,756,19,0
lasalle2,4,757,20,0
langued2,4,758,21,0
churbou,4,759,22,1
beauec2,75,515,1,0
insa2,75,516,2,0
bearubc1,75,517,3,0
citeu1,75,518,4,0
vitrdan1,75,520,5,0
jdarclj1,75,522,6,0
balzac1,75,522,7,0
musset1,75,523,8,0
sand1,75,524,9,0
duchann1,75,527,10,0
brizeux1,75,528,11,0
sevivin3,75,530,12,0
dieuw2,75,532,13,0
dinan2,75,533,14,0
legrave2,75,535,15,0
anatfra4,75,536,16,0
touche1,75,537,17,0
brest1,75,538,18,0
mdioces2,75,539,19,0
lasalle2,75,540,20,0
langued2,75,541,21,0
churbou,75,542,22,1
churbou,3253,641,1,0
langued1,3253,642,2,0
lasalle1,3253,643,3,0
mdioces1,3253,644,4,0
brest2,3253,646,5,0
touche2,3253,647,6,0
anatfra3,3253,649,7,0
legrave1,3253,650,8,0
dinan1,3253,650,9,0
diee2,3253,652,10,0
sevigne2,3253,653,11,0
sand2,3253,654,12,0
musset2,3253,656,13,0
jdarclj2,3253,657,14,0
vitrfou2,3253,659,15,0
citeu2,3253,660,16,0
bearubc2,3253,661,17,0
insa1,3253,662,18,0
beauec1,3253,663,19,1
churbou,3266,957,1,0
langued1,3266,958,2,0
lasalle1,3266,959,3,0
mdioces1,3266,960,4,0
brest2,3266,962,5,0
touche2,3266,963,6,0
anatfra3,3266,965,7,0
legrave1,3266,966,8,0
dinan1,3266,967,9,0
diee2,3266,969,10,0
sevigne2,3266,970,11,0
sand2,3266,972,12,0
musset2,3266,974,13,0
jdarclj2,3266,975,14,0
vitrfou2,3266,978,15,0
citeu2,3266,979,16,0
bearubc2,3266,980,17,0
insa1,3266,981,18,0
beauec1,3266,982,19,1
beauec2,2159,630,1,0
insa2,2159,631,2,0
bearubc1,2159,632,3,0
citeu1,2159,633,4,0
vitrdan1,2159,635,5,0
jdarclj1,2159,636,6,0
balzac1,2159,637,7,0
musset1,2159,638,8,0
sand1,2159,638,9,0
duchann1,2159,640,10,0
brizeux1,2159,642,11,0
sevivin3,2159,643,12,0
dieuw2,2159,645,13,0
dinan2,2159,646,14,0
legrave2,2159,648,15,0
anatfra4,2159,649,16,0
touche1,2159,650,17,0
brest1,2159,651,18,0
mdioces2,2159,652,19,0
lasalle2,2159,653,20,0
langued2,2159,654,21,0
churbou,2159,655,22,1
beauec2,2239,1006,1,0
insa2,2239,1007,2,0
bearubc1,2239,1008,3,0
citeu1,2239,1009,4,0
vitrdan1,2239,1011,5,0
jdarclj1,2239,1013,6,0
balzac1,2239,1013,7,0
musset1,2239,1014,8,0
sand1,2239,1015,9,0
duchann1,2239,1018,10,0
brizeux1,2239,1019,11,0
sevivin3,2239,1021,12,0
dieuw2,2239,1023,13,0
dinan2,2239,1024,14,0
legrave2,2239,1026,15,0
anatfra4,2239,1027,16,0
touche1,2239,1028,17,0
brest1,2239,1030,18,0
mdioces2,2239,1031,19,0
lasalle2,2239,1032,20,0
langued2,2239,1033,21,0
churbou,2239,1035,22,1
beauec2,3472,670,1,0
insa2,3472,671,2,0
bearubc1,3472,672,3,0
citeu1,3472,673,4,0
vitrdan1,3472,675,5,0
jdarclj1,3472,676,6,0
balzac1,3472,677,7,0
musset1,3472,678,8,0
sand1,3472,678,9,0
duchann1,3472,680,10,0
brizeux1,3472,682,11,0
sevivin3,3472,683,12,0
dieuw2,3472,685,13,0
dinan2,3472,686,14,0
legrave2,3472,688,15,0
anatfra4,3472,689,16,0
touche1,3472,690,17,0
brest1,3472,691,18,0
mdioces2,3472,692,19,0
lasalle2,3472,693,20,0
langued2,3472,694,21,0
churbou,3472,695,22,1
churbou,2022,1210,1,0
langued1,2022,1211,2,0
lasalle1,2022,1212,3,0
mdioces1,2022,1213,4,0
brest2,2022,1214,5,0
touche2,2022,1216,6,0
anatfra3,2022,1217,7,0
legrave1,2022,1218,8,0
dinan1,2022,1218,9,0
diee2,2022,1220,10,0
sevigne2,2022,1221,11,0
sand2,2022,1222,12,0
musset2,2022,1224,13,0
jdarclj2,2022,1226,14,0
vitrfou2,2022,1228,15,0
citeu2,2022,1229,16,0
bearubc2,2022,1229,17,0
insa1,2022,1230,18,0
beauec1,2022,1231,19,1
churbou,3516,773,1,0
langued1,3516,774,2,0
lasalle1,3516,775,3,0
mdioces1,3516,776,4,0
brest2,3516,778,5,0
touche2,3516,779,6,0
anatfra3,3516,781,7,0
legrave1,3516,782,8,0
dinan1,3516,782,9,0
diee2,3516,784,10,0
sevigne2,3516,785,11,0
sand2,3516,787,12,0
musset2,3516,789,13,0
jdarclj2,3516,790,14,0
vitrfou2,3516,793,15,0
citeu2,3516,794,16,0
bearubc2,3516,795,17,0
insa1,3516,796,18,0
beauec1,3516,797,19,1
beauec2,2033,650,1,0
insa2,2033,651,2,0
bearubc1,2033,652,3,0
citeu1,2033,653,4,0
vitrdan1,2033,655,5,0
jdarclj1,2033,656,6,0
balzac1,2033,657,7,0
musset1,2033,658,8,0
sand1,2033,658,9,0
duchann1,2033,660,10,0
brizeux1,2033,662,11,0
sevivin3,2033,663,12,0
dieuw2,2033,665,13,0
dinan2,2033,666,14,0
legrave2,2033,668,15,0
anatfra4,2033,669,16,0
touche1,2033,670,17,0
brest1,2033,671,18,0
mdioces2,2033,672,19,0
lasalle2,2033,673,20,0
langued2,2033,674,21,0
churbou,2033,675,22,1
churbou,130,436,1,0
langued1,130,437,2,0
lasalle1,130,438,3,0
mdioces1,130,439,4,0
brest2,130,441,5,0
touche2,130,442,6,0
anatfra3,130,444,7,0
legrave1,130,445,8,0
dinan1,130,446,9,0
diee2,130,449,10,0
sevigne2,130,450,11,0
sand2,130,452,12,0
musset2,130,454,13,0
jdarclj2,130,455,14,0
vitrfou2,130,458,15,0
citeu2,130,459,16,0
bearubc2,130,460,17,0
insa1,130,462,18,0
beauec1,130,463,19,1
churbou,3776,1230,1,0
langued1,3776,1231,2,0
lasalle1,3776,1232,3,0
mdioces1,3776,1233,4,0
brest2,3776,1234,5,0
touche2,3776,1236,6,0
anatfra3,3776,1237,7,0
legrave1,3776,1238,8,0
dinan1,3776,1238,9,0
diee2,3776,1240,10,0
sevigne2,3776,1241,11,0
sand2,3776,1242,12,0
musset2,3776,1244,13,0
jdarclj2,3776,1245,14,0
vitrfou2,3776,1247,15,0
citeu2,3776,1248,16,0
bearubc2,3776,1248,17,0
insa1,3776,1249,18,0
beauec1,3776,1250,19,1
beauec2,3858,443,1,0
insa2,3858,444,2,0
bearubc1,3858,445,3,0
citeu1,3858,446,4,0
vitrdan1,3858,447,5,0
jdarclj1,3858,448,6,0
balzac1,3858,449,7,0
musset1,3858,450,8,0
sand1,3858,450,9,0
duchann1,3858,452,10,0
brizeux1,3858,453,11,0
sevivin3,3858,455,12,0
dieuw2,3858,456,13,0
dinan2,3858,457,14,0
legrave2,3858,459,15,0
anatfra4,3858,460,16,0
touche1,3858,461,17,0
brest1,3858,462,18,0
mdioces2,3858,463,19,0
lasalle2,3858,464,20,0
langued2,3858,465,21,0
churbou,3858,467,22,1
churbou,3856,972,1,0
langued1,3856,973,2,0
lasalle1,3856,974,3,0
mdioces1,3856,975,4,0
brest2,3856,977,5,0
touche2,3856,978,6,0
anatfra3,3856,980,7,0
legrave1,3856,981,8,0
dinan1,3856,982,9,0
diee2,3856,985,10,0
sevigne2,3856,986,11,0
sand2,3856,988,12,0
musset2,3856,990,13,0
jdarclj2,3856,991,14,0
vitrfou2,3856,994,15,0
citeu2,3856,995,16,0
bearubc2,3856,996,17,0
insa1,3856,997,18,0
beauec1,3856,998,19,1
beauec2,4982,1090,1,0
insa2,4982,1091,2,0
bearubc1,4982,1092,3,0
citeu1,4982,1093,4,0
vitrdan1,4982,1095,5,0
jdarclj1,4982,1097,6,0
balzac1,4982,1097,7,0
musset1,4982,1098,8,0
sand1,4982,1099,9,0
duchann1,4982,1102,10,0
brizeux1,4982,1103,11,0
sevivin3,4982,1105,12,0
dieuw2,4982,1107,13,0
dinan2,4982,1109,14,0
legrave2,4982,1110,15,0
anatfra4,4982,1112,16,0
touche1,4982,1113,17,0
brest1,4982,1114,18,0
mdioces2,4982,1115,19,0
lasalle2,4982,1116,20,0
langued2,4982,1117,21,0
churbou,4982,1119,22,1
churbou,3119,937,1,0
langued1,3119,938,2,0
lasalle1,3119,939,3,0
mdioces1,3119,940,4,0
brest2,3119,942,5,0
touche2,3119,943,6,0
anatfra3,3119,945,7,0
legrave1,3119,946,8,0
dinan1,3119,947,9,0
diee2,3119,949,10,0
sevigne2,3119,950,11,0
sand2,3119,952,12,0
musset2,3119,954,13,0
jdarclj2,3119,955,14,0
vitrfou2,3119,958,15,0
citeu2,3119,959,16,0
bearubc2,3119,960,17,0
insa1,3119,961,18,0
beauec1,3119,962,19,1
churbou,3160,876,1,0
langued1,3160,877,2,0
lasalle1,3160,878,3,0
mdioces1,3160,879,4,0
brest2,3160,881,5,0
touche2,3160,882,6,0
anatfra3,3160,884,7,0
legrave1,3160,885,8,0
dinan1,3160,886,9,0
diee2,3160,888,10,0
sevigne2,3160,889,11,0
sand2,3160,890,12,0
musset2,3160,892,13,0
jdarclj2,3160,894,14,0
vitrfou2,3160,896,15,0
citeu2,3160,897,16,0
bearubc2,3160,898,17,0
insa1,3160,899,18,0
beauec1,3160,900,19,1
beauec2,2917,949,1,0
insa2,2917,950,2,0
bearubc1,2917,951,3,0
citeu1,2917,952,4,0
vitrdan1,2917,954,5,0
jdarclj1,2917,955,6,0
balzac1,2917,956,7,0
musset1,2917,957,8,0
sand1,2917,957,9,0
duchann1,2917,959,10,0
brizeux1,2917,961,11,0
sevivin3,2917,962,12,0
dieuw2,2917,964,13,0
dinan2,2917,966,14,0
legrave2,2917,967,15,0
anatfra4,2917,969,16,0
touche1,2917,970,17,0
brest1,2917,972,18,0
mdioces2,2917,973,19,0
lasalle2,2917,974,20,0
langued2,2917,975,21,0
churbou,2917,976,22,1
beauec2,2930,1180,1,0
insa2,2930,1181,2,0
bearubc1,2930,1182,3,0
citeu1,2930,1183,4,0
vitrdan1,2930,1185,5,0
jdarclj1,2930,1186,6,0
balzac1,2930,1187,7,0
musset1,2930,1188,8,0
sand1,2930,1188,9,0
duchann1,2930,1190,10,0
brizeux1,2930,1191,11,0
sevivin3,2930,1193,12,0
dieuw2,2930,1194,13,0
dinan2,2930,1195,14,0
legrave2,2930,1197,15,0
anatfra4,2930,1198,16,0
touche1,2930,1199,17,0
brest1,2930,1200,18,0
mdioces2,2930,1201,19,0
lasalle2,2930,1202,20,0
langued2,2930,1203,21,0
churbou,2930,1205,22,1
churbou,1887,1140,1,0
langued1,1887,1141,2,0
lasalle1,1887,1142,3,0
mdioces1,1887,1143,4,0
brest2,1887,1145,5,0
touche2,1887,1146,6,0
anatfra3,1887,1148,7,0
legrave1,1887,1149,8,0
dinan1,1887,1150,9,0
diee2,1887,1153,10,0
sevigne2,1887,1154,11,0
sand2,1887,1155,12,0
musset2,1887,1157,13,0
jdarclj2,1887,1159,14,0
vitrfou2,1887,1161,15,0
citeu2,1887,1162,16,0
bearubc2,1887,1162,17,0
insa1,1887,1163,18,0
beauec1,1887,1164,19,1
churbou,2926,1099,1,0
langued1,2926,1100,2,0
lasalle1,2926,1101,3,0
mdioces1,2926,1102,4,0
brest2,2926,1104,5,0
touche2,2926,1106,6,0
anatfra3,2926,1108,7,0
legrave1,2926,1109,8,0
dinan1,2926,1110,9,0
diee2,2926,1113,10,0
sevigne2,2926,1114,11,0
sand2,2926,1115,12,0
musset2,2926,1117,13,0
jdarclj2,2926,1119,14,0
vitrfou2,2926,1121,15,0
citeu2,2926,1122,16,0
bearubc2,2926,1122,17,0
insa1,2926,1123,18,0
beauec1,2926,1124,19,1
churbou,4687,896,1,0
langued1,4687,897,2,0
lasalle1,4687,898,3,0
mdioces1,4687,899,4,0
brest2,4687,901,5,0
touche2,4687,902,6,0
anatfra3,4687,904,7,0
legrave1,4687,905,8,0
dinan1,4687,906,9,0
diee2,4687,908,10,0
sevigne2,4687,909,11,0
sand2,4687,910,12,0
musset2,4687,912,13,0
jdarclj2,4687,914,14,0
vitrfou2,4687,916,15,0
citeu2,4687,917,16,0
bearubc2,4687,918,17,0
insa1,4687,919,18,0
beauec1,4687,920,19,1
churbou,1725,428,1,0
langued1,1725,429,2,0
lasalle1,1725,430,3,0
mdioces1,1725,431,4,0
brest2,1725,433,5,0
touche2,1725,434,6,0
anatfra3,1725,436,7,0
legrave1,1725,437,8,0
dinan1,1725,437,9,0
diee2,1725,439,10,0
sevigne2,1725,440,11,0
sand2,1725,441,12,0
musset2,1725,443,13,0
jdarclj2,1725,445,14,0
vitrfou2,1725,447,15,0
citeu2,1725,448,16,0
bearubc2,1725,449,17,0
insa1,1725,451,18,0
beauec1,1725,452,19,1
churbou,404,621,1,0
langued1,404,622,2,0
lasalle1,404,623,3,0
mdioces1,404,624,4,0
brest2,404,626,5,0
touche2,404,627,6,0
anatfra3,404,629,7,0
legrave1,404,630,8,0
dinan1,404,630,9,0
diee2,404,632,10,0
sevigne2,404,633,11,0
sand2,404,634,12,0
musset2,404,636,13,0
jdarclj2,404,637,14,0
vitrfou2,404,639,15,0
citeu2,404,640,16,0
bearubc2,404,641,17,0
insa1,404,642,18,0
beauec1,404,643,19,1
churbou,1703,1001,1,0
langued1,1703,1002,2,0
lasalle1,1703,1003,3,0
mdioces1,1703,1004,4,0
brest2,1703,1006,5,0
touche2,1703,1007,6,0
anatfra3,1703,1009,7,0
legrave1,1703,1010,8,0
dinan1,1703,1011,9,0
diee2,1703,1014,10,0
sevigne2,1703,1015,11,0
sand2,1703,1017,12,0
musset2,1703,1019,13,0
jdarclj2,1703,1020,14,0
vitrfou2,1703,1023,15,0
citeu2,1703,1024,16,0
bearubc2,1703,1025,17,0
insa1,1703,1026,18,0
beauec1,1703,1027,19,1
churbou,2791,548,1,0
langued1,2791,549,2,0
lasalle1,2791,550,3,0
mdioces1,2791,551,4,0
brest2,2791,553,5,0
touche2,2791,555,6,0
anatfra3,2791,557,7,0
legrave1,2791,558,8,0
dinan1,2791,559,9,0
diee2,2791,562,10,0
sevigne2,2791,563,11,0
sand2,2791,564,12,0
musset2,2791,566,13,0
jdarclj2,2791,567,14,0
vitrfou2,2791,569,15,0
citeu2,2791,570,16,0
bearubc2,2791,571,17,0
insa1,2791,572,18,0
beauec1,2791,573,19,1
churbou,499,491,1,0
langued1,499,492,2,0
lasalle1,499,493,3,0
mdioces1,499,494,4,0
brest2,499,496,5,0
touche2,499,497,6,0
anatfra3,499,499,7,0
legrave1,499,500,8,0
dinan1,499,501,9,0
diee2,499,504,10,0
sevigne2,499,505,11,0
sand2,499,506,12,0
musset2,499,508,13,0
jdarclj2,499,510,14,0
vitrfou2,499,512,15,0
citeu2,499,513,16,0
bearubc2,499,514,17,0
insa1,499,515,18,0
beauec1,499,516,19,1
beauec2,344,1048,1,0
insa2,344,1049,2,0
bearubc1,344,1050,3,0
citeu1,344,1051,4,0
vitrdan1,344,1053,5,0
jdarclj1,344,1055,6,0
balzac1,344,1055,7,0
musset1,344,1056,8,0
sand1,344,1057,9,0
duchann1,344,1060,10,0
brizeux1,344,1061,11,0
sevivin3,344,1063,12,0
dieuw2,344,1065,13,0
dinan2,344,1067,14,0
legrave2,344,1068,15,0
anatfra4,344,1070,16,0
touche1,344,1071,17,0
brest1,344,1072,18,0
mdioces2,344,1073,19,0
lasalle2,344,1074,20,0
langued2,344,1075,21,0
churbou,344,1077,22,1
churbou,314,1172,1,0
langued1,314,1173,2,0
lasalle1,314,1174,3,0
mdioces1,314,1175,4,0
brest2,314,1177,5,0
touche2,314,1178,6,0
anatfra3,314,1180,7,0
legrave1,314,1181,8,0
dinan1,314,1182,9,0
diee2,314,1184,10,0
sevigne2,314,1185,11,0
sand2,314,1186,12,0
musset2,314,1188,13,0
jdarclj2,314,1190,14,0
vitrfou2,314,1192,15,0
citeu2,314,1193,16,0
bearubc2,314,1193,17,0
insa1,314,1194,18,0
beauec1,314,1195,19,1
beauec2,1646,964,1,0
insa2,1646,965,2,0
bearubc1,1646,966,3,0
citeu1,1646,967,4,0
vitrdan1,1646,969,5,0
jdarclj1,1646,970,6,0
balzac1,1646,971,7,0
musset1,1646,972,8,0
sand1,1646,972,9,0
duchann1,1646,975,10,0
brizeux1,1646,976,11,0
sevivin3,1646,978,12,0
dieuw2,1646,980,13,0
dinan2,1646,981,14,0
legrave2,1646,983,15,0
anatfra4,1646,984,16,0
touche1,1646,985,17,0
brest1,1646,987,18,0
mdioces2,1646,988,19,0
lasalle2,1646,989,20,0
langued2,1646,990,21,0
churbou,1646,992,22,1
churbou,1685,1043,1,0
langued1,1685,1044,2,0
lasalle1,1685,1045,3,0
mdioces1,1685,1046,4,0
brest2,1685,1048,5,0
touche2,1685,1050,6,0
anatfra3,1685,1052,7,0
legrave1,1685,1053,8,0
dinan1,1685,1054,9,0
diee2,1685,1057,10,0
sevigne2,1685,1058,11,0
sand2,1685,1060,12,0
musset2,1685,1062,13,0
jdarclj2,1685,1063,14,0
vitrfou2,1685,1066,15,0
citeu2,1685,1067,16,0
bearubc2,1685,1068,17,0
insa1,1685,1069,18,0
beauec1,1685,1070,19,1
churbou,1589,1125,1,0
langued1,1589,1126,2,0
lasalle1,1589,1127,3,0
mdioces1,1589,1128,4,0
brest2,1589,1130,5,0
touche2,1589,1131,6,0
anatfra3,1589,1133,7,0
legrave1,1589,1134,8,0
dinan1,1589,1135,9,0
diee2,1589,1138,10,0
sevigne2,1589,1139,11,0
sand2,1589,1140,12,0
musset2,1589,1142,13,0
jdarclj2,1589,1144,14,0
vitrfou2,1589,1146,15,0
citeu2,1589,1147,16,0
bearubc2,1589,1147,17,0
insa1,1589,1148,18,0
beauec1,1589,1149,19,1
churbou,5988,835,1,0
langued1,5988,836,2,0
lasalle1,5988,837,3,0
mdioces1,5988,838,4,0
brest2,5988,840,5,0
touche2,5988,841,6,0
anatfra3,5988,843,7,0
legrave1,5988,844,8,0
dinan1,5988,845,9,0
diee2,5988,847,10,0
sevigne2,5988,848,11,0
sand2,5988,849,12,0
musset2,5988,851,13,0
jdarclj2,5988,853,14,0
vitrfou2,5988,855,15,0
citeu2,5988,856,16,0
bearubc2,5988,857,17,0
insa1,5988,858,18,0
beauec1,5988,859,19,1
beauec2,386,1105,1,0
insa2,386,1106,2,0
bearubc1,386,1107,3,0
citeu1,386,1108,4,0
vitrdan1,386,1110,5,0
jdarclj1,386,1112,6,0
balzac1,386,1112,7,0
musset1,386,1113,8,0
sand1,386,1114,9,0
duchann1,386,1117,10,0
brizeux1,386,1118,11,0
sevivin3,386,1120,12,0
dieuw2,386,1122,13,0
dinan2,386,1123,14,0
legrave2,386,1125,15,0
anatfra4,386,1126,16,0
touche1,386,1127,17,0
brest1,386,1128,18,0
mdioces2,386,1129,19,0
lasalle2,386,1130,20,0
langued2,386,1131,21,0
churbou,386,1133,22,1
churbou,371,814,1,0
langued1,371,815,2,0
lasalle1,371,816,3,0
mdioces1,371,817,4,0
brest2,371,819,5,0
touche2,371,820,6,0
anatfra3,371,822,7,0
legrave1,371,823,8,0
dinan1,371,824,9,0
diee2,371,826,10,0
sevigne2,371,827,11,0
sand2,371,829,12,0
musset2,371,831,13,0
jdarclj2,371,832,14,0
vitrfou2,371,835,15,0
citeu2,371,836,16,0
bearubc2,371,837,17,0
insa1,371,838,18,0
beauec1,371,839,19,1
churbou,4831,460,1,0
langued1,4831,461,2,0
lasalle1,4831,462,3,0
mdioces1,4831,463,4,0
brest2,4831,465,5,0
touche2,4831,467,6,0
anatfra3,4831,469,7,0
legrave1,4831,470,8,0
dinan1,4831,471,9,0
diee2,4831,474,10,0
sevigne2,4831,475,11,0
sand2,4831,477,12,0
musset2,4831,479,13,0
jdarclj2,4831,480,14,0
vitrfou2,4831,483,15,0
citeu2,4831,484,16,0
bearubc2,4831,485,17,0
insa1,4831,486,18,0
beauec1,4831,487,19,1
beauec2,1530,761,1,0
insa2,1530,762,2,0
bearubc1,1530,763,3,0
citeu1,1530,764,4,0
vitrdan1,1530,766,5,0
jdarclj1,1530,768,6,0
balzac1,1530,768,7,0
musset1,1530,769,8,0
sand1,1530,770,9,0
duchann1,1530,772,10,0
brizeux1,1530,774,11,0
sevivin3,1530,775,12,0
dieuw2,1530,777,13,0
dinan2,1530,779,14,0
legrave2,1530,780,15,0
anatfra4,1530,782,16,0
touche1,1530,783,17,0
brest1,1530,784,18,0
mdioces2,1530,785,19,0
lasalle2,1530,786,20,0
langued2,1530,787,21,0
churbou,1530,788,22,1
churbou,281,1071,1,0
langued1,281,1072,2,0
lasalle1,281,1073,3,0
mdioces1,281,1074,4,0
brest2,281,1076,5,0
touche2,281,1078,6,0
anatfra3,281,1080,7,0
legrave1,281,1081,8,0
dinan1,281,1082,9,0
diee2,281,1085,10,0
sevigne2,281,1086,11,0
sand2,281,1088,12,0
musset2,281,1090,13,0
jdarclj2,281,1091,14,0
vitrfou2,281,1094,15,0
citeu2,281,1095,16,0
bearubc2,281,1096,17,0
insa1,281,1097,18,0
beauec1,281,1098,19,1
churbou,276,506,1,0
langued1,276,507,2,0
lasalle1,276,508,3,0
mdioces1,276,510,4,0
brest2,276,512,5,0
touche2,276,514,6,0
anatfra3,276,516,7,0
legrave1,276,517,8,0
dinan1,276,518,9,0
diee2,276,521,10,0
sevigne2,276,522,11,0
sand2,276,523,12,0
musset2,276,525,13,0
jdarclj2,276,526,14,0
vitrfou2,276,528,15,0
citeu2,276,529,16,0
bearubc2,276,530,17,0
insa1,276,531,18,0
beauec1,276,532,19,1
churbou,247,661,1,0
langued1,247,662,2,0
lasalle1,247,663,3,0
mdioces1,247,664,4,0
brest2,247,666,5,0
touche2,247,667,6,0
anatfra3,247,669,7,0
legrave1,247,670,8,0
dinan1,247,670,9,0
diee2,247,672,10,0
sevigne2,247,673,11,0
sand2,247,674,12,0
musset2,247,676,13,0
jdarclj2,247,677,14,0
vitrfou2,247,679,15,0
citeu2,247,680,16,0
bearubc2,247,681,17,0
insa1,247,682,18,0
beauec1,247,683,19,1
churbou,239,987,1,0
langued1,239,988,2,0
lasalle1,239,989,3,0
mdioces1,239,990,4,0
brest2,239,992,5,0
touche2,239,993,6,0
anatfra3,239,995,7,0
legrave1,239,996,8,0
dinan1,239,997,9,0
diee2,239,1000,10,0
sevigne2,239,1001,11,0
sand2,239,1003,12,0
musset2,239,1005,13,0
jdarclj2,239,1006,14,0
vitrfou2,239,1009,15,0
citeu2,239,1010,16,0
bearubc2,239,1011,17,0
insa1,239,1012,18,0
beauec1,239,1013,19,1
beauec2,994,570,1,0
insa2,994,571,2,0
bearubc1,994,572,3,0
citeu1,994,573,4,0
vitrdan1,994,575,5,0
jdarclj1,994,576,6,0
balzac1,994,577,7,0
musset1,994,578,8,0
sand1,994,578,9,0
duchann1,994,580,10,0
brizeux1,994,582,11,0
sevivin3,994,583,12,0
dieuw2,994,585,13,0
dinan2,994,586,14,0
legrave2,994,588,15,0
anatfra4,994,589,16,0
touche1,994,590,17,0
brest1,994,591,18,0
mdioces2,994,592,19,0
lasalle2,994,593,20,0
langued2,994,594,21,0
churbou,994,595,22,1
beauec2,4211,1140,1,0
insa2,4211,1141,2,0
bearubc1,4211,1142,3,0
citeu1,4211,1143,4,0
vitrdan1,4211,1145,5,0
jdarclj1,4211,1146,6,0
balzac1,4211,1147,7,0
musset1,4211,1148,8,0
sand1,4211,1148,9,0
duchann1,4211,1150,10,0
brizeux1,4211,1152,11,0
sevivin3,4211,1153,12,0
dieuw2,4211,1155,13,0
dinan2,4211,1156,14,0
legrave2,4211,1158,15,0
anatfra4,4211,1159,16,0
touche1,4211,1160,17,0
brest1,4211,1161,18,0
mdioces2,4211,1162,19,0
lasalle2,4211,1163,20,0
langued2,4211,1164,21,0
churbou,4211,1165,22,1
beauec2,5740,782,1,0
insa2,5740,783,2,0
bearubc1,5740,784,3,0
citeu1,5740,785,4,0
vitrdan1,5740,787,5,0
jdarclj1,5740,789,6,0
balzac1,5740,789,7,0
musset1,5740,790,8,0
sand1,5740,791,9,0
duchann1,5740,793,10,0
brizeux1,5740,795,11,0
sevivin3,5740,796,12,0
dieuw2,5740,798,13,0
dinan2,5740,800,14,0
legrave2,5740,801,15,0
anatfra4,5740,803,16,0
touche1,5740,804,17,0
brest1,5740,805,18,0
mdioces2,5740,806,19,0
lasalle2,5740,807,20,0
langued2,5740,808,21,0
churbou,5740,809,22,1
beauec2,4231,920,1,0
insa2,4231,921,2,0
bearubc1,4231,922,3,0
citeu1,4231,923,4,0
vitrdan1,4231,925,5,0
jdarclj1,4231,926,6,0
balzac1,4231,927,7,0
musset1,4231,928,8,0
sand1,4231,928,9,0
duchann1,4231,930,10,0
brizeux1,4231,932,11,0
sevivin3,4231,933,12,0
dieuw2,4231,935,13,0
dinan2,4231,936,14,0
legrave2,4231,938,15,0
anatfra4,4231,939,16,0
touche1,4231,940,17,0
brest1,4231,942,18,0
mdioces2,4231,943,19,0
lasalle2,4231,944,20,0
langued2,4231,945,21,0
churbou,4231,946,22,1
churbou,2444,742,1,0
langued1,2444,743,2,0
lasalle1,2444,744,3,0
mdioces1,2444,745,4,0
brest2,2444,747,5,0
touche2,2444,748,6,0
anatfra3,2444,750,7,0
legrave1,2444,751,8,0
dinan1,2444,751,9,0
diee2,2444,753,10,0
sevigne2,2444,754,11,0
sand2,2444,756,12,0
musset2,2444,758,13,0
jdarclj2,2444,759,14,0
vitrfou2,2444,762,15,0
citeu2,2444,763,16,0
bearubc2,2444,764,17,0
insa1,2444,765,18,0
beauec1,2444,766,19,1
churbou,1347,798,1,0
langued1,1347,799,2,0
lasalle1,1347,800,3,0
mdioces1,1347,801,4,0
brest2,1347,803,5,0
touche2,1347,804,6,0
anatfra3,1347,806,7,0
legrave1,1347,807,8,0
dinan1,1347,808,9,0
diee2,1347,810,10,0
sevigne2,1347,811,11,0
sand2,1347,813,12,0
musset2,1347,815,13,0
jdarclj2,1347,816,14,0
vitrfou2,1347,819,15,0
citeu2,1347,820,16,0
bearubc2,1347,821,17,0
insa1,1347,822,18,0
beauec1,1347,823,19,1
beauec2,5799,550,1,0
insa2,5799,551,2,0
bearubc1,5799,552,3,0
citeu1,5799,553,4,0
vitrdan1,5799,555,5,0
jdarclj1,5799,556,6,0
balzac1,5799,557,7,0
musset1,5799,558,8,0
sand1,5799,558,9,0
duchann1,5799,560,10,0
brizeux1,5799,562,11,0
sevivin3,5799,563,12,0
dieuw2,5799,565,13,0
dinan2,5799,566,14,0
legrave2,5799,568,15,0
anatfra4,5799,569,16,0
touche1,5799,570,17,0
brest1,5799,571,18,0
mdioces2,5799,572,19,0
lasalle2,5799,573,20,0
langued2,5799,574,21,0
churbou,5799,575,22,1
beauec2,843,1120,1,0
insa2,843,1121,2,0
bearubc1,843,1122,3,0
citeu1,843,1123,4,0
vitrdan1,843,1125,5,0
jdarclj1,843,1126,6,0
balzac1,843,1127,7,0
musset1,843,1128,8,0
sand1,843,1128,9,0
duchann1,843,1131,10,0
brizeux1,843,1132,11,0
sevivin3,843,1134,12,0
dieuw2,843,1136,13,0
dinan2,843,1137,14,0
legrave2,843,1139,15,0
anatfra4,843,1140,16,0
touche1,843,1141,17,0
brest1,843,1142,18,0
mdioces2,843,1143,19,0
lasalle2,843,1144,20,0
langued2,843,1145,21,0
churbou,843,1146,22,1
churbou,5637,536,1,0
langued1,5637,537,2,0
lasalle1,5637,538,3,0
mdioces1,5637,539,4,0
brest2,5637,541,5,0
touche2,5637,543,6,0
anatfra3,5637,545,7,0
legrave1,5637,546,8,0
dinan1,5637,547,9,0
diee2,5637,550,10,0
sevigne2,5637,551,11,0
sand2,5637,552,12,0
musset2,5637,554,13,0
jdarclj2,5637,555,14,0
vitrfou2,5637,557,15,0
citeu2,5637,558,16,0
bearubc2,5637,559,17,0
insa1,5637,560,18,0
beauec1,5637,561,19,1
beauec2,4112,845,1,0
insa2,4112,846,2,0
bearubc1,4112,847,3,0
citeu1,4112,848,4,0
vitrdan1,4112,850,5,0
jdarclj1,4112,851,6,0
balzac1,4112,852,7,0
musset1,4112,853,8,0
sand1,4112,853,9,0
duchann1,4112,855,10,0
brizeux1,4112,857,11,0
sevivin3,4112,858,12,0
dieuw2,4112,860,13,0
dinan2,4112,861,14,0
legrave2,4112,863,15,0
anatfra4,4112,864,16,0
touche1,4112,865,17,0
brest1,4112,867,18,0
mdioces2,4112,868,19,0
lasalle2,4112,869,20,0
langued2,4112,870,21,0
churbou,4112,871,22,1
beauec2,4117,905,1,0
insa2,4117,906,2,0
bearubc1,4117,907,3,0
citeu1,4117,908,4,0
vitrdan1,4117,910,5,0
jdarclj1,4117,911,6,0
balzac1,4117,912,7,0
musset1,4117,913,8,0
sand1,4117,913,9,0
duchann1,4117,915,10,0
brizeux1,4117,917,11,0
sevivin3,4117,918,12,0
dieuw2,4117,920,13,0
dinan2,4117,921,14,0
legrave2,4117,923,15,0
anatfra4,4117,924,16,0
touche1,4117,925,17,0
brest1,4117,927,18,0
mdioces2,4117,928,19,0
lasalle2,4117,929,20,0
langued2,4117,930,21,0
churbou,4117,931,22,1
churbou,2308,601,1,0
langued1,2308,602,2,0
lasalle1,2308,603,3,0
mdioces1,2308,604,4,0
brest2,2308,606,5,0
touche2,2308,607,6,0
anatfra3,2308,609,7,0
legrave1,2308,610,8,0
dinan1,2308,611,9,0
diee2,2308,613,10,0
sevigne2,2308,614,11,0
sand2,2308,615,12,0
musset2,2308,617,13,0
jdarclj2,2308,619,14,0
vitrfou2,2308,621,15,0
citeu2,2308,622,16,0
bearubc2,2308,623,17,0
insa1,2308,624,18,0
beauec1,2308,625,19,1
beauec2,2306,457,1,0
insa2,2306,458,2,0
bearubc1,2306,459,3,0
citeu1,2306,460,4,0
vitrdan1,2306,462,5,0
jdarclj1,2306,464,6,0
balzac1,2306,464,7,0
musset1,2306,465,8,0
sand1,2306,466,9,0
duchann1,2306,469,10,0
brizeux1,2306,470,11,0
sevivin3,2306,472,12,0
dieuw2,2306,474,13,0
dinan2,2306,475,14,0
legrave2,2306,477,15,0
anatfra4,2306,478,16,0
touche1,2306,479,17,0
brest1,2306,480,18,0
mdioces2,2306,481,19,0
lasalle2,2306,482,20,0
langued2,2306,483,21,0
churbou,2306,485,22,1
beauec2,4165,992,1,0
insa2,4165,993,2,0
bearubc1,4165,994,3,0
citeu1,4165,995,4,0
vitrdan1,4165,997,5,0
jdarclj1,4165,999,6,0
balzac1,4165,999,7,0
musset1,4165,1000,8,0
sand1,4165,1001,9,0
duchann1,4165,1004,10,0
brizeux1,4165,1005,11,0
sevivin3,4165,1007,12,0
dieuw2,4165,1009,13,0
dinan2,4165,1010,14,0
legrave2,4165,1012,15,0
anatfra4,4165,1013,16,0
touche1,4165,1014,17,0
brest1,4165,1016,18,0
mdioces2,4165,1017,19,0
lasalle2,4165,1018,20,0
langued2,4165,1019,21,0
churbou,4165,1021,22,1
churbou,4127,1110,1,0
langued1,4127,1111,2,0
lasalle1,4127,1112,3,0
mdioces1,4127,1113,4,0
brest2,4127,1115,5,0
touche2,4127,1117,6,0
anatfra3,4127,1119,7,0
legrave1,4127,1120,8,0
dinan1,4127,1121,9,0
diee2,4127,1124,10,0
sevigne2,4127,1125,11,0
sand2,4127,1126,12,0
musset2,4127,1128,13,0
jdarclj2,4127,1130,14,0
vitrfou2,4127,1132,15,0
citeu2,4127,1133,16,0
bearubc2,4127,1133,17,0
insa1,4127,1134,18,0
beauec1,4127,1135,19,1
churbou,4132,1029,1,0
langued1,4132,1030,2,0
lasalle1,4132,1031,3,0
mdioces1,4132,1032,4,0
brest2,4132,1034,5,0
touche2,4132,1036,6,0
anatfra3,4132,1038,7,0
legrave1,4132,1039,8,0
dinan1,4132,1040,9,0
diee2,4132,1043,10,0
sevigne2,4132,1044,11,0
sand2,4132,1046,12,0
musset2,4132,1048,13,0
jdarclj2,4132,1049,14,0
vitrfou2,4132,1052,15,0
citeu2,4132,1053,16,0
bearubc2,4132,1054,17,0
insa1,4132,1055,18,0
beauec1,4132,1056,19,1
beauec2,4136,1062,1,0
insa2,4136,1063,2,0
bearubc1,4136,1064,3,0
citeu1,4136,1065,4,0
vitrdan1,4136,1067,5,0
jdarclj1,4136,1069,6,0
balzac1,4136,1069,7,0
musset1,4136,1070,8,0
sand1,4136,1071,9,0
duchann1,4136,1074,10,0
brizeux1,4136,1075,11,0
sevivin3,4136,1077,12,0
dieuw2,4136,1079,13,0
dinan2,4136,1081,14,0
legrave2,4136,1082,15,0
anatfra4,4136,1084,16,0
touche1,4136,1085,17,0
brest1,4136,1086,18,0
mdioces2,4136,1087,19,0
lasalle2,4136,1088,20,0
langued2,4136,1089,21,0
churbou,4136,1091,22,1
beauec2,1248,530,1,0
insa2,1248,531,2,0
bearubc1,1248,532,3,0
citeu1,1248,533,4,0
vitrdan1,1248,535,5,0
jdarclj1,1248,536,6,0
balzac1,1248,537,7,0
musset1,1248,538,8,0
sand1,1248,538,9,0
duchann1,1248,540,10,0
brizeux1,1248,542,11,0
sevivin3,1248,543,12,0
dieuw2,1248,545,13,0
dinan2,1248,546,14,0
legrave2,1248,548,15,0
anatfra4,1248,549,16,0
touche1,1248,550,17,0
brest1,1248,551,18,0
mdioces2,1248,552,19,0
lasalle2,1248,553,20,0
langued2,1248,554,21,0
churbou,1248,555,22,1
beauec2,728,1200,1,0
insa2,728,1201,2,0
bearubc1,728,1202,3,0
citeu1,728,1203,4,0
vitrdan1,728,1205,5,0
jdarclj1,728,1206,6,0
balzac1,728,1207,7,0
musset1,728,1208,8,0
sand1,728,1208,9,0
duchann1,728,1210,10,0
brizeux1,728,1211,11,0
sevivin3,728,1213,12,0
dieuw2,728,1214,13,0
dinan2,728,1215,14,0
legrave2,728,1217,15,0
anatfra4,728,1218,16,0
touche1,728,1219,17,0
brest1,728,1220,18,0
mdioces2,728,1221,19,0
lasalle2,728,1222,20,0
langued2,728,1223,21,0
churbou,728,1225,22,1
churbou,799,1190,1,0
langued1,799,1191,2,0
lasalle1,799,1192,3,0
mdioces1,799,1193,4,0
brest2,799,1195,5,0
touche2,799,1196,6,0
anatfra3,799,1198,7,0
legrave1,799,1199,8,0
dinan1,799,1200,9,0
diee2,799,1202,10,0
sevigne2,799,1203,11,0
sand2,799,1204,12,0
musset2,799,1206,13,0
jdarclj2,799,1208,14,0
vitrfou2,799,1210,15,0
citeu2,799,1211,16,0
bearubc2,799,1211,17,0
insa1,799,1212,18,0
beauec1,799,1213,19,1
beauec2,756,865,1,0
insa2,756,866,2,0
bearubc1,756,867,3,0
citeu1,756,868,4,0
vitrdan1,756,870,5,0
jdarclj1,756,871,6,0
balzac1,756,872,7,0
musset1,756,873,8,0
sand1,756,873,9,0
duchann1,756,875,10,0
brizeux1,756,877,11,0
sevivin3,756,878,12,0
dieuw2,756,880,13,0
dinan2,756,881,14,0
legrave2,756,883,15,0
anatfra4,756,884,16,0
touche1,756,885,17,0
brest1,756,887,18,0
mdioces2,756,888,19,0
lasalle2,756,889,20,0
langued2,756,890,21,0
churbou,756,891,22,1
beauec2,4451,1076,1,0
insa2,4451,1077,2,0
bearubc1,4451,1078,3,0
citeu1,4451,1079,4,0
vitrdan1,4451,1081,5,0
jdarclj1,4451,1083,6,0
balzac1,4451,1083,7,0
musset1,4451,1084,8,0
sand1,4451,1085,9,0
duchann1,4451,1088,10,0
brizeux1,4451,1089,11,0
sevivin3,4451,1091,12,0
dieuw2,4451,1093,13,0
dinan2,4451,1095,14,0
legrave2,4451,1096,15,0
anatfra4,4451,1098,16,0
touche1,4451,1099,17,0
brest1,4451,1100,18,0
mdioces2,4451,1101,19,0
lasalle2,4451,1102,20,0
langued2,4451,1103,21,0
churbou,4451,1105,22,1
churbou,2678,1085,1,0
langued1,2678,1086,2,0
lasalle1,2678,1087,3,0
mdioces1,2678,1088,4,0
brest2,2678,1090,5,0
touche2,2678,1092,6,0
anatfra3,2678,1094,7,0
legrave1,2678,1095,8,0
dinan1,2678,1096,9,0
diee2,2678,1099,10,0
sevigne2,2678,1100,11,0
sand2,2678,1102,12,0
musset2,2678,1104,13,0
jdarclj2,2678,1105,14,0
vitrfou2,2678,1108,15,0
citeu2,2678,1109,16,0
bearubc2,2678,1110,17,0
insa1,2678,1111,18,0
beauec1,2678,1112,19,1
beauec2,2674,430,1,0
insa2,2674,431,2,0
bearubc1,2674,432,3,0
citeu1,2674,433,4,0
vitrdan1,2674,434,5,0
jdarclj1,2674,435,6,0
balzac1,2674,436,7,0
musset1,2674,437,8,0
sand1,2674,437,9,0
duchann1,2674,439,10,0
brizeux1,2674,440,11,0
sevivin3,2674,442,12,0
dieuw2,2674,443,13,0
dinan2,2674,444,14,0
legrave2,2674,446,15,0
anatfra4,2674,447,16,0
touche1,2674,448,17,0
brest1,2674,449,18,0
mdioces2,2674,450,19,0
lasalle2,2674,451,20,0
langued2,2674,452,21,0
churbou,2674,454,22,1
beauec2,4457,500,1,0
insa2,4457,501,2,0
bearubc1,4457,502,3,0
citeu1,4457,503,4,0
vitrdan1,4457,505,5,0
jdarclj1,4457,507,6,0
balzac1,4457,507,7,0
musset1,4457,508,8,0
sand1,4457,509,9,0
duchann1,4457,512,10,0
brizeux1,4457,513,11,0
sevivin3,4457,515,12,0
dieuw2,4457,517,13,0
dinan2,4457,518,14,0
legrave2,4457,520,15,0
anatfra4,4457,521,16,0
touche1,4457,522,17,0
brest1,4457,523,18,0
mdioces2,4457,524,19,0
lasalle2,4457,525,20,0
langued2,4457,526,21,0
churbou,4457,528,22,1
churbou,5512,916,1,0
langued1,5512,917,2,0
lasalle1,5512,918,3,0
mdioces1,5512,919,4,0
brest2,5512,921,5,0
touche2,5512,922,6,0
anatfra3,5512,924,7,0
legrave1,5512,925,8,0
dinan1,5512,926,9,0
diee2,5512,928,10,0
sevigne2,5512,929,11,0
sand2,5512,930,12,0
musset2,5512,932,13,0
jdarclj2,5512,934,14,0
vitrfou2,5512,936,15,0
citeu2,5512,937,16,0
bearubc2,5512,938,17,0
insa1,5512,939,18,0
beauec1,5512,940,19,1
churbou,5524,581,1,0
langued1,5524,582,2,0
lasalle1,5524,583,3,0
mdioces1,5524,584,4,0
brest2,5524,586,5,0
touche2,5524,588,6,0
anatfra3,5524,590,7,0
legrave1,5524,591,8,0
dinan1,5524,592,9,0
diee2,5524,594,10,0
sevigne2,5524,595,11,0
sand2,5524,596,12,0
musset2,5524,598,13,0
jdarclj2,5524,600,14,0
vitrfou2,5524,602,15,0
citeu2,5524,603,16,0
bearubc2,5524,603,17,0
insa1,5524,604,18,0
beauec1,5524,605,19,1
beauec2,1129,824,1,0
insa2,1129,825,2,0
bearubc1,1129,826,3,0
citeu1,1129,827,4,0
vitrdan1,1129,829,5,0
jdarclj1,1129,831,6,0
balzac1,1129,831,7,0
musset1,1129,832,8,0
sand1,1129,833,9,0
duchann1,1129,836,10,0
brizeux1,1129,837,11,0
sevivin3,1129,839,12,0
dieuw2,1129,841,13,0
dinan2,1129,842,14,0
legrave2,1129,844,15,0
anatfra4,1129,845,16,0
touche1,1129,846,17,0
brest1,1129,848,18,0
mdioces2,1129,849,19,0
lasalle2,1129,850,20,0
langued2,1129,851,21,0
churbou,1129,852,22,1
churbou,1136,856,1,0
langued1,1136,857,2,0
lasalle1,1136,858,3,0
mdioces1,1136,859,4,0
brest2,1136,861,5,0
touche2,1136,862,6,0
anatfra3,1136,864,7,0
legrave1,1136,865,8,0
dinan1,1136,866,9,0
diee2,1136,868,10,0
sevigne2,1136,869,11,0
sand2,1136,870,12,0
musset2,1136,872,13,0
jdarclj2,1136,874,14,0
vitrfou2,1136,876,15,0
citeu2,1136,877,16,0
bearubc2,1136,878,17,0
insa1,1136,879,18,0
beauec1,1136,880,19,1
churbou,5592,1057,1,0
langued1,5592,1058,2,0
lasalle1,5592,1059,3,0
mdioces1,5592,1060,4,0
brest2,5592,1062,5,0
touche2,5592,1064,6,0
anatfra3,5592,1066,7,0
legrave1,5592,1067,8,0
dinan1,5592,1068,9,0
diee2,5592,1071,10,0
sevigne2,5592,1072,11,0
sand2,5592,1074,12,0
musset2,5592,1076,13,0
jdarclj2,5592,1077,14,0
vitrfou2,5592,1080,15,0
citeu2,5592,1081,16,0
bearubc2,5592,1082,17,0
insa1,5592,1083,18,0
beauec1,5592,1084,19,1
beauec2,1161,690,1,0
insa2,1161,691,2,0
bearubc1,1161,692,3,0
citeu1,1161,693,4,0
vitrdan1,1161,695,5,0
jdarclj1,1161,696,6,0
balzac1,1161,697,7,0
musset1,1161,698,8,0
sand1,1161,698,9,0
duchann1,1161,700,10,0
brizeux1,1161,702,11,0
sevivin3,1161,703,12,0
dieuw2,1161,705,13,0
dinan2,1161,706,14,0
legrave2,1161,708,15,0
anatfra4,1161,709,16,0
touche1,1161,710,17,0
brest1,1161,711,18,0
mdioces2,1161,712,19,0
lasalle2,1161,713,20,0
langued2,1161,714,21,0
churbou,1161,715,22,1
churbou,642,721,1,0
langued1,642,722,2,0
lasalle1,642,723,3,0
mdioces1,642,724,4,0
brest2,642,726,5,0
touche2,642,727,6,0
anatfra3,642,729,7,0
legrave1,642,730,8,0
dinan1,642,731,9,0
diee2,642,733,10,0
sevigne2,642,734,11,0
sand2,642,736,12,0
musset2,642,738,13,0
jdarclj2,642,739,14,0
vitrfou2,642,742,15,0
citeu2,642,743,16,0
bearubc2,642,744,17,0
insa1,642,745,18,0
beauec1,642,746,19,1
beauec2,661,485,1,0
insa2,661,486,2,0
bearubc1,661,487,3,0
citeu1,661,488,4,0
vitrdan1,661,490,5,0
jdarclj1,661,492,6,0
balzac1,661,492,7,0
musset1,661,493,8,0
sand1,661,494,9,0
duchann1,661,497,10,0
brizeux1,661,498,11,0
sevivin3,661,500,12,0
dieuw2,661,502,13,0
dinan2,661,503,14,0
legrave2,661,505,15,0
anatfra4,661,506,16,0
touche1,661,507,17,0
brest1,661,508,18,0
mdioces2,661,509,19,0
lasalle2,661,510,20,0
langued2,661,511,21,0
churbou,661,513,22,1
churbou,4346,763,1,0
langued1,4346,764,2,0
lasalle1,4346,765,3,0
mdioces1,4346,766,4,0
brest2,4346,768,5,0
touche2,4346,769,6,0
anatfra3,4346,771,7,0
legrave1,4346,772,8,0
dinan1,4346,772,9,0
diee2,4346,774,10,0
sevigne2,4346,775,11,0
sand2,4346,777,12,0
musset2,4346,779,13,0
jdarclj2,4346,780,14,0
vitrfou2,4346,783,15,0
citeu2,4346,784,16,0
bearubc2,4346,785,17,0
insa1,4346,786,18,0
beauec1,4346,787,19,1
beauec2,4359,741,1,0
insa2,4359,742,2,0
bearubc1,4359,744,3,0
citeu1,4359,745,4,0
vitrdan1,4359,747,5,0
jdarclj1,4359,749,6,0
balzac1,4359,749,7,0
musset1,4359,750,8,0
sand1,4359,751,9,0
duchann1,4359,753,10,0
brizeux1,4359,755,11,0
sevivin3,4359,756,12,0
dieuw2,4359,758,13,0
dinan2,4359,760,14,0
legrave2,4359,761,15,0
anatfra4,4359,763,16,0
touche1,4359,764,17,0
brest1,4359,765,18,0
mdioces2,4359,766,19,0
lasalle2,4359,767,20,0
langued2,4359,768,21,0
churbou,4359,769,22,1
churbou,1049,521,1,0
langued1,1049,522,2,0
lasalle1,1049,523,3,0
mdioces1,1049,524,4,0
brest2,1049,526,5,0
touche2,1049,528,6,0
anatfra3,1049,530,7,0
legrave1,1049,532,8,0
dinan1,1049,533,9,0
diee2,1049,537,10,0
sevigne2,1049,538,11,0
sand2,1049,539,12,0
musset2,1049,541,13,0
jdarclj2,1049,542,14,0
vitrfou2,1049,544,15,0
citeu2,1049,545,16,0
bearubc2,1049,546,17,0
insa1,1049,547,18,0
beauec1,1049,548,19,1
beauec2,5492,978,1,0
insa2,5492,979,2,0
bearubc1,5492,980,3,0
citeu1,5492,981,4,0
vitrdan1,5492,983,5,0
jdarclj1,5492,985,6,0
balzac1,5492,985,7,0
musset1,5492,986,8,0
sand1,5492,987,9,0
duchann1,5492,990,10,0
brizeux1,5492,991,11,0
sevivin3,5492,993,12,0
dieuw2,5492,995,13,0
dinan2,5492,996,14,0
legrave2,5492,998,15,0
anatfra4,5492,999,16,0
touche1,5492,1000,17,0
brest1,5492,1002,18,0
mdioces2,5492,1003,19,0
lasalle2,5492,1004,20,0
langued2,5492,1005,21,0
churbou,5492,1007,22,1
churbou,1041,681,1,0
langued1,1041,682,2,0
lasalle1,1041,683,3,0
mdioces1,1041,684,4,0
brest2,1041,686,5,0
touche2,1041,687,6,0
anatfra3,1041,689,7,0
legrave1,1041,690,8,0
dinan1,1041,691,9,0
diee2,1041,693,10,0
sevigne2,1041,694,11,0
sand2,1041,695,12,0
musset2,1041,697,13,0
jdarclj2,1041,699,14,0
vitrfou2,1041,701,15,0
citeu2,1041,702,16,0
bearubc2,1041,703,17,0
insa1,1041,704,18,0
beauec1,1041,705,19,1
beauec2,1027,711,1,0
insa2,1027,712,2,0
bearubc1,1027,713,3,0
citeu1,1027,714,4,0
vitrdan1,1027,716,5,0
jdarclj1,1027,717,6,0
balzac1,1027,718,7,0
musset1,1027,719,8,0
sand1,1027,719,9,0
duchann1,1027,721,10,0
brizeux1,1027,723,11,0
sevivin3,1027,724,12,0
dieuw2,1027,726,13,0
dinan2,1027,728,14,0
legrave2,1027,729,15,0
anatfra4,1027,731,16,0
touche1,1027,732,17,0
brest1,1027,733,18,0
mdioces2,1027,734,19,0
lasalle2,1027,735,20,0
langued2,1027,736,21,0
churbou,1027,737,22,1
churbou,6016,701,1,0
langued1,6016,702,2,0
lasalle1,6016,703,3,0
mdioces1,6016,704,4,0
brest2,6016,706,5,0
touche2,6016,707,6,0
anatfra3,6016,709,7,0
legrave1,6016,710,8,0
dinan1,6016,711,9,0
diee2,6016,713,10,0
sevigne2,6016,714,11,0
sand2,6016,715,12,0
musset2,6016,717,13,0
jdarclj2,6016,719,14,0
vitrfou2,6016,721,15,0
citeu2,6016,722,16,0
bearubc2,6016,723,17,0
insa1,6016,724,18,0
beauec1,6016,725,19,1
churbou,5230,1152,1,0
langued1,5230,1153,2,0
lasalle1,5230,1154,3,0
mdioces1,5230,1155,4,0
brest2,5230,1157,5,0
touche2,5230,1158,6,0
anatfra3,5230,1160,7,0
legrave1,5230,1161,8,0
dinan1,5230,1162,9,0
diee2,5230,1164,10,0
sevigne2,5230,1165,11,0
sand2,5230,1166,12,0
musset2,5230,1168,13,0
jdarclj2,5230,1170,14,0
vitrfou2,5230,1172,15,0
citeu2,5230,1173,16,0
bearubc2,5230,1173,17,0
insa1,5230,1174,18,0
beauec1,5230,1175,19,1
churbou,5228,1015,1,0
langued1,5228,1016,2,0
lasalle1,5228,1017,3,0
mdioces1,5228,1018,4,0
brest2,5228,1020,5,0
touche2,5228,1022,6,0
anatfra3,5228,1024,7,0
legrave1,5228,1025,8,0
dinan1,5228,1026,9,0
diee2,5228,1029,10,0
sevigne2,5228,1030,11,0
sand2,5228,1032,12,0
musset2,5228,1034,13,0
jdarclj2,5228,1035,14,0
vitrfou2,5228,1038,15,0
citeu2,5228,1039,16,0
bearubc2,5228,1040,17,0
insa1,5228,1041,18,0
beauec1,5228,1042,19,1
beauec2,5264,470,1,0
insa2,5264,471,2,0
bearubc1,5264,472,3,0
citeu1,5264,473,4,0
vitrdan1,5264,475,5,0
jdarclj1,5264,477,6,0
balzac1,5264,477,7,0
musset1,5264,478,8,0
sand1,5264,479,9,0
duchann1,5264,482,10,0
brizeux1,5264,483,11,0
sevivin3,5264,485,12,0
dieuw2,5264,487,13,0
dinan2,5264,488,14,0
legrave2,5264,490,15,0
anatfra4,5264,491,16,0
touche1,5264,492,17,0
brest1,5264,493,18,0
mdioces2,5264,494,19,0
lasalle2,5264,495,20,0
langued2,5264,496,21,0
churbou,5264,498,22,1
beauec2,5276,1220,1,0
insa2,5276,1221,2,0
bearubc1,5276,1222,3,0
citeu1,5276,1223,4,0
vitrdan1,5276,1224,5,0
jdarclj1,5276,1225,6,0
balzac1,5276,1226,7,0
musset1,5276,1227,8,0
sand1,5276,1227,9,0
duchann1,5276,1229,10,0
brizeux1,5276,1230,11,0
sevivin3,5276,1232,12,0
dieuw2,5276,1233,13,0
dinan2,5276,1234,14,0
legrave2,5276,1236,15,0
anatfra4,5276,1237,16,0
touche1,5276,1238,17,0
brest1,5276,1239,18,0
mdioces2,5276,1240,19,0
lasalle2,5276,1241,20,0
langued2,5276,1242,21,0
churbou,5276,1244,22,1
churbou,5280,445,1,0
langued1,5280,446,2,0
lasalle1,5280,447,3,0
mdioces1,5280,448,4,0
brest2,5280,450,5,0
touche2,5280,452,6,0
anatfra3,5280,454,7,0
legrave1,5280,455,8,0
dinan1,5280,456,9,0
diee2,5280,459,10,0
sevigne2,5280,460,11,0
sand2,5280,462,12,0
musset2,5280,464,13,0
jdarclj2,5280,465,14,0
vitrfou2,5280,468,15,0
citeu2,5280,469,16,0
bearubc2,5280,470,17,0
insa1,5280,472,18,0
beauec1,5280,473,19,1
churbou,4090,561,1,0
langued1,4090,562,2,0
lasalle1,4090,563,3,0
mdioces1,4090,564,4,0
brest2,4090,566,5,0
touche2,4090,568,6,0
anatfra3,4090,570,7,0
legrave1,4090,571,8,0
dinan1,4090,572,9,0
diee2,4090,575,10,0
sevigne2,4090,576,11,0
sand2,4090,577,12,0
musset2,4090,579,13,0
jdarclj2,4090,580,14,0
vitrfou2,4090,582,15,0
citeu2,4090,583,16,0
bearubc2,4090,583,17,0
insa1,4090,584,18,0
beauec1,4090,585,19,1
churbou,5195,475,1,0
langued1,5195,476,2,0
lasalle1,5195,477,3,0
mdioces1,5195,478,4,0
brest2,5195,480,5,0
touche2,5195,481,6,0
anatfra3,5195,483,7,0
legrave1,5195,484,8,0
dinan1,5195,485,9,0
diee2,5195,488,10,0
sevigne2,5195,489,11,0
sand2,5195,490,12,0
musset2,5195,492,13,0
jdarclj2,5195,494,14,0
vitrfou2,5195,496,15,0
citeu2,5195,497,16,0
bearubc2,5195,498,17,0
insa1,5195,499,18,0
beauec1,5195,500,19,1
beauec2,6194,1160,1,0
insa2,6194,1161,2,0
bearubc1,6194,1162,3,0
citeu1,6194,1163,4,0
vitrdan1,6194,1165,5,0
jdarclj1,6194,1166,6,0
balzac1,6194,1167,7,0
musset1,6194,1168,8,0
sand1,6194,1168,9,0
duchann1,6194,1170,10,0
brizeux1,6194,1172,11,0
sevivin3,6194,1173,12,0
dieuw2,6194,1175,13,0
dinan2,6194,1176,14,0
legrave2,6194,1178,15,0
anatfra4,6194,1179,16,0
touche1,6194,1180,17,0
brest1,6194,1181,18,0
mdioces2,6194,1182,19,0
lasalle2,6194,1183,20,0
langued2,6194,1184,21,0
churbou,6194,1186,22,1
beauec2,5005,885,1,0
insa2,5005,886,2,0
bearubc1,5005,887,3,0
citeu1,5005,888,4,0
vitrdan1,5005,890,5,0
jdarclj1,5005,891,6,0
balzac1,5005,892,7,0
musset1,5005,893,8,0
sand1,5005,893,9,0
duchann1,5005,895,10,0
brizeux1,5005,897,11,0
sevivin3,5005,898,12,0
dieuw2,5005,900,13,0
dinan2,5005,901,14,0
legrave2,5005,903,15,0
anatfra4,5005,904,16,0
touche1,5005,905,17,0
brest1,5005,907,18,0
mdioces2,5005,908,19,0
lasalle2,5005,909,20,0
langued2,5005,910,21,0
churbou,5005,911,22,1
beauec2,6121,935,1,0
insa2,6121,936,2,0
bearubc1,6121,937,3,0
citeu1,6121,938,4,0
vitrdan1,6121,940,5,0
jdarclj1,6121,941,6,0
balzac1,6121,942,7,0
musset1,6121,943,8,0
sand1,6121,943,9,0
duchann1,6121,945,10,0
brizeux1,6121,947,11,0
sevivin3,6121,948,12,0
dieuw2,6121,950,13,0
dinan2,6121,951,14,0
legrave2,6121,953,15,0
anatfra4,6121,954,16,0
touche1,6121,955,17,0
brest1,6121,957,18,0
mdioces2,6121,958,19,0
lasalle2,6121,959,20,0
langued2,6121,960,21,0
churbou,6121,961,22,1
beauec2,5093,1020,1,0
insa2,5093,1021,2,0
bearubc1,5093,1022,3,0
citeu1,5093,1023,4,0
vitrdan1,5093,1025,5,0
jdarclj1,5093,1027,6,0
balzac1,5093,1027,7,0
musset1,5093,1028,8,0
sand1,5093,1029,9,0
duchann1,5093,1032,10,0
brizeux1,5093,1033,11,0
sevivin3,5093,1035,12,0
dieuw2,5093,1037,13,0
dinan2,5093,1039,14,0
legrave2,5093,1040,15,0
anatfra4,5093,1042,16,0
touche1,5093,1043,17,0
brest1,5093,1045,18,0
mdioces2,5093,1046,19,0
lasalle2,5093,1047,20,0
langued2,5093,1048,21,0
churbou,5093,1050,22,1
beauec2,6457,610,1,0
insa2,6457,611,2,0
bearubc1,6457,612,3,0
citeu1,6457,613,4,0
vitrdan1,6457,615,5,0
jdarclj1,6457,616,6,0
balzac1,6457,617,7,0
musset1,6457,618,8,0
sand1,6457,618,9,0
duchann1,6457,620,10,0
brizeux1,6457,622,11,0
sevivin3,6457,623,12,0
dieuw2,6457,625,13,0
dinan2,6457,626,14,0
legrave2,6457,628,15,0
anatfra4,6457,629,16,0
touche1,6457,630,17,0
brest1,6457,631,18,0
mdioces2,6457,632,19,0
lasalle2,6457,633,20,0
langued2,6457,634,21,0
churbou,6457,635,22,1
beauec2,6699,1034,1,0
insa2,6699,1035,2,0
bearubc1,6699,1036,3,0
citeu1,6699,1037,4,0
vitrdan1,6699,1039,5,0
jdarclj1,6699,1041,6,0
balzac1,6699,1041,7,0
musset1,6699,1042,8,0
sand1,6699,1043,9,0
duchann1,6699,1046,10,0
brizeux1,6699,1047,11,0
sevivin3,6699,1049,12,0
dieuw2,6699,1051,13,0
dinan2,6699,1053,14,0
legrave2,6699,1054,15,0
anatfra4,6699,1056,16,0
touche1,6699,1057,17,0
brest1,6699,1059,18,0
mdioces2,6699,1060,19,0
lasalle2,6699,1061,20,0
langued2,6699,1062,21,0
churbou,6699,1064,22,1
beauec2,6640,803,1,0
insa2,6640,804,2,0
bearubc1,6640,805,3,0
citeu1,6640,806,4,0
vitrdan1,6640,808,5,0
jdarclj1,6640,810,6,0
balzac1,6640,810,7,0
musset1,6640,811,8,0
sand1,6640,812,9,0
duchann1,6640,815,10,0
brizeux1,6640,816,11,0
sevivin3,6640,818,12,0
dieuw2,6640,820,13,0
dinan2,6640,821,14,0
legrave2,6640,823,15,0
anatfra4,6640,824,16,0
touche1,6640,825,17,0
brest1,6640,826,18,0
mdioces2,6640,827,19,0
lasalle2,6640,828,20,0
langued2,6640,829,21,0
churbou,6640,830,22,1
beauec2,1911,590,1,0
insa2,1911,591,2,0
bearubc1,1911,592,3,0
citeu1,1911,593,4,0
vitrdan1,1911,595,5,0
jdarclj1,1911,596,6,0
balzac1,1911,597,7,0
musset1,1911,598,8,0
sand1,1911,598,9,0
duchann1,1911,600,10,0
brizeux1,1911,602,11,0
sevivin3,1911,603,12,0
dieuw2,1911,605,13,0
dinan2,1911,606,14,0
legrave2,1911,608,15,0
anatfra4,1911,609,16,0
touche1,1911,610,17,0
brest1,1911,611,18,0
mdioces2,1911,612,19,0
lasalle2,1911,613,20,0
langued2,1911,614,21,0
churbou,1911,615,22,1
