arret_id,trajet_id,heure_depart,stop_sequence,terminus
3148,23507,478,1,0
3154,23507,479,2,0
3164,23507,481,3,0
3754,23507,487,4,0
3755,23507,488,5,0
3756,23507,489,6,0
3767,23507,491,7,0
3162,23507,500,8,1
3162,23508,1030,1,0
3754,23508,1042,2,0
3755,23508,1043,3,0
3756,23508,1044,4,0
3767,23508,1047,5,0
3163,23508,1051,6,0
3153,23508,1053,7,0
3147,23508,1054,8,1
3162,23509,760,1,0
3754,23509,772,2,0
3755,23509,773,3,0
3756,23509,774,4,0
3767,23509,777,5,0
3163,23509,781,6,0
3153,23509,783,7,0
3147,23509,784,8,1
