arret_id,trajet_id,heure_depart,stop_sequence,terminus
1529,7600,1025,1,0
1495,7600,1029,2,0
4503,7600,1049,3,0
4505,7600,1050,4,0
4511,7600,1052,5,0
4509,7600,1053,6,0
4507,7600,1055,7,1
1529,165,1090,1,0
1495,165,1094,2,0
4503,165,1114,3,0
4505,165,1115,4,0
4511,165,1117,5,0
4509,165,1118,6,0
4507,165,1120,7,1
4507,473,495,1,0
4508,473,496,2,0
4510,473,498,3,0
4502,473,500,4,0
4504,473,501,5,0
1493,473,522,6,0
1529,473,527,7,1
4507,974,440,1,0
4508,974,441,2,0
4510,974,443,3,0
4502,974,445,4,0
4504,974,446,5,0
1493,974,465,6,0
1529,974,470,7,1
