arret_id,trajet_id,heure_depart,stop_sequence,terminus
1056,48627,410,1,0
9211,48627,412,2,1
1056,48626,410,1,0
9211,48626,412,2,1
1056,48625,410,1,0
9211,48625,412,2,1
1056,48624,410,1,0
9211,48624,412,2,1
1056,48623,410,1,0
9211,48623,412,2,1
1056,48622,400,1,0
9211,48622,402,2,1
1056,48621,400,1,0
9211,48621,402,2,1
1056,48620,400,1,0
9211,48620,402,2,1
1056,48629,410,1,0
9211,48629,412,2,1
1056,48628,410,1,0
9211,48628,412,2,1
1056,48616,400,1,0
9211,48616,402,2,1
1056,48615,400,1,0
9211,48615,402,2,1
1056,48614,400,1,0
9211,48614,402,2,1
1056,48613,400,1,0
9211,48613,402,2,1
1056,48612,390,1,0
9211,48612,392,2,1
1056,48611,390,1,0
9211,48611,392,2,1
1056,48610,390,1,0
9211,48610,392,2,1
1056,48619,400,1,0
9211,48619,402,2,1
1056,48618,400,1,0
9211,48618,402,2,1
1056,48617,400,1,0
9211,48617,402,2,1
1056,48605,390,1,0
9211,48605,392,2,1
1056,48604,390,1,0
9211,48604,392,2,1
1056,48603,390,1,0
9211,48603,392,2,1
1056,48602,380,1,0
9211,48602,382,2,1
1056,48601,380,1,0
9211,48601,382,2,1
1056,48600,380,1,0
9211,48600,382,2,1
1056,48609,390,1,0
9211,48609,392,2,1
1056,48608,390,1,0
9211,48608,392,2,1
1056,48607,390,1,0
9211,48607,392,2,1
1056,48606,390,1,0
9211,48606,392,2,1
1056,48589,370,1,0
9211,48589,372,2,1
1056,48588,370,1,0
9211,48588,372,2,1
1056,48587,370,1,0
9211,48587,372,2,1
1056,48586,370,1,0
9211,48586,372,2,1
1056,48585,370,1,0
9211,48585,372,2,1
1056,48584,370,1,0
9211,48584,372,2,1
1056,48583,370,1,0
9211,48583,372,2,1
1056,48582,360,1,0
9211,48582,362,2,1
1056,48581,360,1,0
9211,48581,362,2,1
1056,48580,360,1,0
9211,48580,362,2,1
1056,48579,360,1,0
9211,48579,362,2,1
1056,48578,360,1,0
9211,48578,362,2,1
1056,48577,360,1,0
9211,48577,362,2,1
1056,48576,360,1,0
9211,48576,362,2,1
1056,48575,360,1,0
9211,48575,362,2,1
1056,48574,360,1,0
9211,48574,362,2,1
1056,48573,360,1,0
9211,48573,362,2,1
1056,48572,350,1,0
9211,48572,352,2,1
1056,48571,350,1,0
9211,48571,352,2,1
1056,48570,350,1,0
9211,48570,352,2,1
1056,48569,350,1,0
9211,48569,352,2,1
1056,48568,350,1,0
9211,48568,352,2,1
1056,48567,350,1,0
9211,48567,352,2,1
1056,48566,350,1,0
9211,48566,352,2,1
1056,48565,350,1,0
9211,48565,352,2,1
1056,48564,350,1,0
9211,48564,352,2,1
1056,48563,350,1,0
9211,48563,352,2,1
1056,48562,340,1,0
9211,48562,342,2,1
1056,48561,340,1,0
9211,48561,342,2,1
1056,48560,340,1,0
9211,48560,342,2,1
1056,48559,340,1,0
9211,48559,342,2,1
1056,48558,340,1,0
9211,48558,342,2,1
1056,48557,340,1,0
9211,48557,342,2,1
1056,48556,340,1,0
9211,48556,342,2,1
1056,48555,340,1,0
9211,48555,342,2,1
1056,48554,340,1,0
9211,48554,342,2,1
1056,48553,340,1,0
9211,48553,342,2,1
1056,48552,330,1,0
9211,48552,332,2,1
1056,48551,330,1,0
9211,48551,332,2,1
1056,48550,330,1,0
9211,48550,332,2,1
1056,48549,330,1,0
9211,48549,332,2,1
1056,48548,330,1,0
9211,48548,332,2,1
1056,48547,330,1,0
9211,48547,332,2,1
1056,48546,330,1,0
9211,48546,332,2,1
1056,48545,330,1,0
9211,48545,332,2,1
1056,48544,330,1,0
9211,48544,332,2,1
1056,48543,330,1,0
9211,48543,332,2,1
1056,48542,320,1,0
9211,48542,322,2,1
1056,48541,320,1,0
9211,48541,322,2,1
1056,48540,320,1,0
9211,48540,322,2,1
1056,48539,320,1,0
9211,48539,322,2,1
1056,48538,320,1,0
9211,48538,322,2,1
1056,48537,320,1,0
9211,48537,322,2,1
1056,48536,320,1,0
9211,48536,322,2,1
1056,48535,320,1,0
9211,48535,322,2,1
1056,48534,320,1,0
9211,48534,322,2,1
1056,48533,320,1,0
9211,48533,322,2,1
1056,48599,380,1,0
9211,48599,382,2,1
1056,48598,380,1,0
9211,48598,382,2,1
1056,48597,380,1,0
9211,48597,382,2,1
1056,48596,380,1,0
9211,48596,382,2,1
1056,48595,380,1,0
9211,48595,382,2,1
1056,48594,380,1,0
9211,48594,382,2,1
1056,48593,380,1,0
9211,48593,382,2,1
1056,48592,370,1,0
9211,48592,372,2,1
1056,48591,370,1,0
9211,48591,372,2,1
1056,48590,370,1,0
9211,48590,372,2,1
1056,48748,530,1,0
9211,48748,532,2,1
1056,48747,530,1,0
9211,48747,532,2,1
1056,48746,530,1,0
9211,48746,532,2,1
1056,48745,530,1,0
9211,48745,532,2,1
1056,48744,530,1,0
9211,48744,532,2,1
1056,48743,530,1,0
9211,48743,532,2,1
1056,48742,520,1,0
9211,48742,522,2,1
1056,48741,520,1,0
9211,48741,522,2,1
1056,48749,530,1,0
9211,48749,532,2,1
1056,48740,520,1,0
9211,48740,522,2,1
1056,48737,520,1,0
9211,48737,522,2,1
1056,48736,520,1,0
9211,48736,522,2,1
1056,48735,520,1,0
9211,48735,522,2,1
1056,48734,520,1,0
9211,48734,522,2,1
1056,48733,520,1,0
9211,48733,522,2,1
1056,48732,510,1,0
9211,48732,512,2,1
1056,48731,510,1,0
9211,48731,512,2,1
1056,48730,510,1,0
9211,48730,512,2,1
1056,48739,520,1,0
9211,48739,522,2,1
1056,48738,520,1,0
9211,48738,522,2,1
1056,48726,510,1,0
9211,48726,512,2,1
1056,48725,510,1,0
9211,48725,512,2,1
1056,48724,510,1,0
9211,48724,512,2,1
1056,48723,510,1,0
9211,48723,512,2,1
1056,48722,500,1,0
9211,48722,502,2,1
1056,48721,500,1,0
9211,48721,502,2,1
1056,48720,500,1,0
9211,48720,502,2,1
1056,48729,510,1,0
9211,48729,512,2,1
1056,48728,510,1,0
9211,48728,512,2,1
1056,48727,510,1,0
9211,48727,512,2,1
1056,48715,500,1,0
9211,48715,502,2,1
1056,48714,500,1,0
9211,48714,502,2,1
1056,48713,500,1,0
9211,48713,502,2,1
1056,48712,490,1,0
9211,48712,492,2,1
1056,48711,490,1,0
9211,48711,492,2,1
1056,48710,490,1,0
9211,48710,492,2,1
1056,48719,500,1,0
9211,48719,502,2,1
1056,48718,500,1,0
9211,48718,502,2,1
1056,48717,500,1,0
9211,48717,502,2,1
1056,48716,500,1,0
9211,48716,502,2,1
1056,48704,490,1,0
9211,48704,492,2,1
1056,48703,490,1,0
9211,48703,492,2,1
1056,48702,480,1,0
9211,48702,482,2,1
1056,48701,480,1,0
9211,48701,482,2,1
1056,48700,480,1,0
9211,48700,482,2,1
1056,48709,490,1,0
9211,48709,492,2,1
1056,48708,490,1,0
9211,48708,492,2,1
1056,48707,490,1,0
9211,48707,492,2,1
1056,48706,490,1,0
9211,48706,492,2,1
1056,48705,490,1,0
9211,48705,492,2,1
1056,48699,480,1,0
9211,48699,482,2,1
1056,48698,480,1,0
9211,48698,482,2,1
1056,48697,480,1,0
9211,48697,482,2,1
1056,48696,480,1,0
9211,48696,482,2,1
1056,48695,480,1,0
9211,48695,482,2,1
1056,48694,480,1,0
9211,48694,482,2,1
1056,48693,480,1,0
9211,48693,482,2,1
1056,48692,470,1,0
9211,48692,472,2,1
1056,48691,470,1,0
9211,48691,472,2,1
1056,48690,470,1,0
9211,48690,472,2,1
1056,48689,470,1,0
9211,48689,472,2,1
1056,48688,470,1,0
9211,48688,472,2,1
1056,48687,470,1,0
9211,48687,472,2,1
1056,48686,470,1,0
9211,48686,472,2,1
1056,48685,470,1,0
9211,48685,472,2,1
1056,48684,470,1,0
9211,48684,472,2,1
1056,48683,470,1,0
9211,48683,472,2,1
1056,48682,460,1,0
9211,48682,462,2,1
1056,48681,460,1,0
9211,48681,462,2,1
1056,48680,460,1,0
9211,48680,462,2,1
1056,48679,460,1,0
9211,48679,462,2,1
1056,48678,460,1,0
9211,48678,462,2,1
1056,48677,460,1,0
9211,48677,462,2,1
1056,48676,460,1,0
9211,48676,462,2,1
1056,48675,460,1,0
9211,48675,462,2,1
1056,48674,460,1,0
9211,48674,462,2,1
1056,48673,460,1,0
9211,48673,462,2,1
1056,48672,450,1,0
9211,48672,452,2,1
1056,48671,450,1,0
9211,48671,452,2,1
1056,48670,450,1,0
9211,48670,452,2,1
1056,48669,450,1,0
9211,48669,452,2,1
1056,48668,450,1,0
9211,48668,452,2,1
1056,48667,450,1,0
9211,48667,452,2,1
1056,48666,450,1,0
9211,48666,452,2,1
1056,48665,450,1,0
9211,48665,452,2,1
1056,48664,450,1,0
9211,48664,452,2,1
1056,48663,450,1,0
9211,48663,452,2,1
1056,48662,440,1,0
9211,48662,442,2,1
1056,48661,440,1,0
9211,48661,442,2,1
1056,48660,440,1,0
9211,48660,442,2,1
1056,48659,440,1,0
9211,48659,442,2,1
1056,48658,440,1,0
9211,48658,442,2,1
1056,48657,440,1,0
9211,48657,442,2,1
1056,48656,440,1,0
9211,48656,442,2,1
1056,48655,440,1,0
9211,48655,442,2,1
1056,48654,440,1,0
9211,48654,442,2,1
1056,48653,440,1,0
9211,48653,442,2,1
1056,48652,430,1,0
9211,48652,432,2,1
1056,48651,430,1,0
9211,48651,432,2,1
1056,48650,430,1,0
9211,48650,432,2,1
1056,48649,430,1,0
9211,48649,432,2,1
1056,48648,430,1,0
9211,48648,432,2,1
1056,48647,430,1,0
9211,48647,432,2,1
1056,48646,430,1,0
9211,48646,432,2,1
1056,48645,430,1,0
9211,48645,432,2,1
1056,48644,430,1,0
9211,48644,432,2,1
1056,48643,430,1,0
9211,48643,432,2,1
1056,48642,420,1,0
9211,48642,422,2,1
1056,48641,420,1,0
9211,48641,422,2,1
1056,48640,420,1,0
9211,48640,422,2,1
1056,48638,420,1,0
9211,48638,422,2,1
1056,48637,420,1,0
9211,48637,422,2,1
1056,48636,420,1,0
9211,48636,422,2,1
1056,48635,420,1,0
9211,48635,422,2,1
1056,48634,420,1,0
9211,48634,422,2,1
1056,48633,420,1,0
9211,48633,422,2,1
1056,48632,410,1,0
9211,48632,412,2,1
1056,48631,410,1,0
9211,48631,412,2,1
1056,48639,420,1,0
9211,48639,422,2,1
1056,48630,410,1,0
9211,48630,412,2,1
9211,48869,422,1,0
1477,48869,426,2,1
9211,48868,422,1,0
1477,48868,426,2,1
9211,48867,422,1,0
1477,48867,426,2,1
9211,48866,422,1,0
1477,48866,426,2,1
9211,48865,422,1,0
1477,48865,426,2,1
9211,48864,422,1,0
1477,48864,426,2,1
9211,48863,422,1,0
1477,48863,426,2,1
9211,48862,412,1,0
1477,48862,416,2,1
9211,48861,412,1,0
1477,48861,416,2,1
9211,48860,412,1,0
1477,48860,416,2,1
9211,48858,412,1,0
1477,48858,416,2,1
9211,48857,412,1,0
1477,48857,416,2,1
9211,48856,412,1,0
1477,48856,416,2,1
9211,48855,412,1,0
1477,48855,416,2,1
9211,48854,412,1,0
1477,48854,416,2,1
9211,48853,412,1,0
1477,48853,416,2,1
9211,48852,402,1,0
1477,48852,406,2,1
9211,48851,402,1,0
1477,48851,406,2,1
9211,48859,412,1,0
1477,48859,416,2,1
9211,48850,402,1,0
1477,48850,406,2,1
9211,48847,402,1,0
1477,48847,406,2,1
9211,48846,402,1,0
1477,48846,406,2,1
9211,48845,402,1,0
1477,48845,406,2,1
9211,48844,402,1,0
1477,48844,406,2,1
9211,48843,402,1,0
1477,48843,406,2,1
9211,48842,392,1,0
1477,48842,396,2,1
9211,48841,392,1,0
1477,48841,396,2,1
9211,48840,392,1,0
1477,48840,396,2,1
9211,48849,402,1,0
1477,48849,406,2,1
9211,48848,402,1,0
1477,48848,406,2,1
9211,48836,392,1,0
1477,48836,396,2,1
9211,48835,392,1,0
1477,48835,396,2,1
9211,48834,392,1,0
1477,48834,396,2,1
9211,48833,392,1,0
1477,48833,396,2,1
9211,48832,382,1,0
1477,48832,386,2,1
9211,48831,382,1,0
1477,48831,386,2,1
9211,48830,382,1,0
1477,48830,386,2,1
9211,48839,392,1,0
1477,48839,396,2,1
9211,48838,392,1,0
1477,48838,396,2,1
9211,48837,392,1,0
1477,48837,396,2,1
9211,48825,382,1,0
1477,48825,386,2,1
9211,48824,382,1,0
1477,48824,386,2,1
9211,48823,382,1,0
1477,48823,386,2,1
9211,48822,372,1,0
1477,48822,376,2,1
9211,48821,372,1,0
1477,48821,376,2,1
9211,48820,372,1,0
1477,48820,376,2,1
9211,48829,382,1,0
1477,48829,386,2,1
9211,48828,382,1,0
1477,48828,386,2,1
9211,48827,382,1,0
1477,48827,386,2,1
9211,48826,382,1,0
1477,48826,386,2,1
9211,48814,372,1,0
1477,48814,376,2,1
9211,48813,372,1,0
1477,48813,376,2,1
9211,48812,362,1,0
1477,48812,366,2,1
9211,48811,362,1,0
1477,48811,366,2,1
9211,48810,362,1,0
1477,48810,366,2,1
9211,48819,372,1,0
1477,48819,376,2,1
9211,48818,372,1,0
1477,48818,376,2,1
9211,48817,372,1,0
1477,48817,376,2,1
9211,48816,372,1,0
1477,48816,376,2,1
9211,48815,372,1,0
1477,48815,376,2,1
9211,48803,362,1,0
1477,48803,366,2,1
9211,48802,352,1,0
1477,48802,356,2,1
9211,48801,352,1,0
1477,48801,356,2,1
9211,48800,352,1,0
1477,48800,356,2,1
9211,48809,362,1,0
1477,48809,366,2,1
9211,48808,362,1,0
1477,48808,366,2,1
9211,48807,362,1,0
1477,48807,366,2,1
9211,48806,362,1,0
1477,48806,366,2,1
9211,48805,362,1,0
1477,48805,366,2,1
9211,48804,362,1,0
1477,48804,366,2,1
9211,48799,352,1,0
1477,48799,356,2,1
9211,48798,352,1,0
1477,48798,356,2,1
9211,48797,352,1,0
1477,48797,356,2,1
9211,48796,352,1,0
1477,48796,356,2,1
9211,48795,352,1,0
1477,48795,356,2,1
9211,48794,352,1,0
1477,48794,356,2,1
9211,48793,352,1,0
1477,48793,356,2,1
9211,48792,342,1,0
1477,48792,346,2,1
9211,48791,342,1,0
1477,48791,346,2,1
9211,48790,342,1,0
1477,48790,346,2,1
9211,48789,342,1,0
1477,48789,346,2,1
9211,48788,342,1,0
1477,48788,346,2,1
9211,48787,342,1,0
1477,48787,346,2,1
9211,48786,342,1,0
1477,48786,346,2,1
9211,48785,342,1,0
1477,48785,346,2,1
9211,48784,342,1,0
1477,48784,346,2,1
9211,48783,342,1,0
1477,48783,346,2,1
9211,48782,332,1,0
1477,48782,336,2,1
9211,48781,332,1,0
1477,48781,336,2,1
9211,48780,332,1,0
1477,48780,336,2,1
9211,48779,332,1,0
1477,48779,336,2,1
9211,48778,332,1,0
1477,48778,336,2,1
9211,48777,332,1,0
1477,48777,336,2,1
9211,48776,332,1,0
1477,48776,336,2,1
9211,48775,332,1,0
1477,48775,336,2,1
9211,48774,332,1,0
1477,48774,336,2,1
9211,48773,332,1,0
1477,48773,336,2,1
9211,48772,322,1,0
1477,48772,326,2,1
9211,48771,322,1,0
1477,48771,326,2,1
9211,48770,322,1,0
1477,48770,326,2,1
9211,48769,322,1,0
1477,48769,326,2,1
9211,48768,322,1,0
1477,48768,326,2,1
9211,48767,322,1,0
1477,48767,326,2,1
9211,48766,322,1,0
1477,48766,326,2,1
9211,48765,322,1,0
1477,48765,326,2,1
9211,48764,322,1,0
1477,48764,326,2,1
9211,48763,322,1,0
1477,48763,326,2,1
1056,48762,540,1,0
9211,48762,542,2,1
1056,48761,540,1,0
9211,48761,542,2,1
1056,48760,540,1,0
9211,48760,542,2,1
1056,48759,540,1,0
9211,48759,542,2,1
1056,48758,540,1,0
9211,48758,542,2,1
1056,48757,540,1,0
9211,48757,542,2,1
1056,48756,540,1,0
9211,48756,542,2,1
1056,48755,540,1,0
9211,48755,542,2,1
1056,48754,540,1,0
9211,48754,542,2,1
1056,48753,540,1,0
9211,48753,542,2,1
1056,48752,530,1,0
9211,48752,532,2,1
1056,48751,530,1,0
9211,48751,532,2,1
1056,48750,530,1,0
9211,48750,532,2,1
9211,48902,452,1,0
1477,48902,456,2,1
9211,48901,452,1,0
1477,48901,456,2,1
9211,48900,452,1,0
1477,48900,456,2,1
9211,48909,462,1,0
1477,48909,466,2,1
9211,48908,462,1,0
1477,48908,466,2,1
9211,48907,462,1,0
1477,48907,466,2,1
9211,48906,462,1,0
1477,48906,466,2,1
9211,48905,462,1,0
1477,48905,466,2,1
9211,48904,462,1,0
1477,48904,466,2,1
9211,48903,462,1,0
1477,48903,466,2,1
9211,48989,542,1,0
1477,48989,546,2,1
9211,48988,542,1,0
1477,48988,546,2,1
9211,48987,542,1,0
1477,48987,546,2,1
9211,48986,542,1,0
1477,48986,546,2,1
9211,48985,542,1,0
1477,48985,546,2,1
9211,48984,542,1,0
1477,48984,546,2,1
9211,48983,542,1,0
1477,48983,546,2,1
9211,48982,532,1,0
1477,48982,536,2,1
9211,48981,532,1,0
1477,48981,536,2,1
9211,48980,532,1,0
1477,48980,536,2,1
9211,48979,532,1,0
1477,48979,536,2,1
9211,48978,532,1,0
1477,48978,536,2,1
9211,48977,532,1,0
1477,48977,536,2,1
9211,48976,532,1,0
1477,48976,536,2,1
9211,48975,532,1,0
1477,48975,536,2,1
9211,48974,532,1,0
1477,48974,536,2,1
9211,48973,532,1,0
1477,48973,536,2,1
9211,48972,522,1,0
1477,48972,526,2,1
9211,48971,522,1,0
1477,48971,526,2,1
9211,48970,522,1,0
1477,48970,526,2,1
9211,48968,522,1,0
1477,48968,526,2,1
9211,48967,522,1,0
1477,48967,526,2,1
9211,48966,522,1,0
1477,48966,526,2,1
9211,48965,522,1,0
1477,48965,526,2,1
9211,48964,522,1,0
1477,48964,526,2,1
9211,48963,522,1,0
1477,48963,526,2,1
9211,48962,512,1,0
1477,48962,516,2,1
9211,48961,512,1,0
1477,48961,516,2,1
9211,48969,522,1,0
1477,48969,526,2,1
9211,48960,512,1,0
1477,48960,516,2,1
9211,48957,512,1,0
1477,48957,516,2,1
9211,48956,512,1,0
1477,48956,516,2,1
9211,48955,512,1,0
1477,48955,516,2,1
9211,48954,512,1,0
1477,48954,516,2,1
9211,48953,512,1,0
1477,48953,516,2,1
9211,48952,502,1,0
1477,48952,506,2,1
9211,48951,502,1,0
1477,48951,506,2,1
9211,48950,502,1,0
1477,48950,506,2,1
9211,48959,512,1,0
1477,48959,516,2,1
9211,48958,512,1,0
1477,48958,516,2,1
9211,48946,502,1,0
1477,48946,506,2,1
9211,48945,502,1,0
1477,48945,506,2,1
9211,48944,502,1,0
1477,48944,506,2,1
9211,48943,502,1,0
1477,48943,506,2,1
9211,48942,492,1,0
1477,48942,496,2,1
9211,48941,492,1,0
1477,48941,496,2,1
9211,48940,492,1,0
1477,48940,496,2,1
9211,48949,502,1,0
1477,48949,506,2,1
9211,48948,502,1,0
1477,48948,506,2,1
9211,48947,502,1,0
1477,48947,506,2,1
9211,48935,492,1,0
1477,48935,496,2,1
9211,48934,492,1,0
1477,48934,496,2,1
9211,48933,492,1,0
1477,48933,496,2,1
9211,48932,482,1,0
1477,48932,486,2,1
9211,48931,482,1,0
1477,48931,486,2,1
9211,48930,482,1,0
1477,48930,486,2,1
9211,48939,492,1,0
1477,48939,496,2,1
9211,48938,492,1,0
1477,48938,496,2,1
9211,48937,492,1,0
1477,48937,496,2,1
9211,48936,492,1,0
1477,48936,496,2,1
9211,48924,482,1,0
1477,48924,486,2,1
9211,48923,482,1,0
1477,48923,486,2,1
9211,48922,472,1,0
1477,48922,476,2,1
9211,48921,472,1,0
1477,48921,476,2,1
9211,48920,472,1,0
1477,48920,476,2,1
9211,48929,482,1,0
1477,48929,486,2,1
9211,48928,482,1,0
1477,48928,486,2,1
9211,48927,482,1,0
1477,48927,486,2,1
9211,48926,482,1,0
1477,48926,486,2,1
9211,48925,482,1,0
1477,48925,486,2,1
9211,48913,472,1,0
1477,48913,476,2,1
9211,48912,462,1,0
1477,48912,466,2,1
9211,48911,462,1,0
1477,48911,466,2,1
9211,48910,462,1,0
1477,48910,466,2,1
9211,48919,472,1,0
1477,48919,476,2,1
9211,48918,472,1,0
1477,48918,476,2,1
9211,48917,472,1,0
1477,48917,476,2,1
9211,48916,472,1,0
1477,48916,476,2,1
9211,48915,472,1,0
1477,48915,476,2,1
9211,48914,472,1,0
1477,48914,476,2,1
9211,48899,452,1,0
1477,48899,456,2,1
9211,48898,452,1,0
1477,48898,456,2,1
9211,48897,452,1,0
1477,48897,456,2,1
9211,48896,452,1,0
1477,48896,456,2,1
9211,48895,452,1,0
1477,48895,456,2,1
9211,48894,452,1,0
1477,48894,456,2,1
9211,48893,452,1,0
1477,48893,456,2,1
9211,48892,442,1,0
1477,48892,446,2,1
9211,48891,442,1,0
1477,48891,446,2,1
9211,48890,442,1,0
1477,48890,446,2,1
9211,48889,442,1,0
1477,48889,446,2,1
9211,48888,442,1,0
1477,48888,446,2,1
9211,48887,442,1,0
1477,48887,446,2,1
9211,48886,442,1,0
1477,48886,446,2,1
9211,48885,442,1,0
1477,48885,446,2,1
9211,48884,442,1,0
1477,48884,446,2,1
9211,48883,442,1,0
1477,48883,446,2,1
9211,48882,432,1,0
1477,48882,436,2,1
9211,48881,432,1,0
1477,48881,436,2,1
9211,48880,432,1,0
1477,48880,436,2,1
9211,48879,432,1,0
1477,48879,436,2,1
9211,48878,432,1,0
1477,48878,436,2,1
9211,48877,432,1,0
1477,48877,436,2,1
9211,48876,432,1,0
1477,48876,436,2,1
9211,48875,432,1,0
1477,48875,436,2,1
9211,48874,432,1,0
1477,48874,436,2,1
9211,48873,432,1,0
1477,48873,436,2,1
9211,48872,422,1,0
1477,48872,426,2,1
9211,48871,422,1,0
1477,48871,426,2,1
9211,48870,422,1,0
1477,48870,426,2,1
1056,48999,1005,1,0
9211,48999,1007,2,1
1056,48998,1005,1,0
9211,48998,1007,2,1
1056,48997,1005,1,0
9211,48997,1007,2,1
1056,48996,1005,1,0
9211,48996,1007,2,1
1056,48995,1005,1,0
9211,48995,1007,2,1
1056,48994,1005,1,0
9211,48994,1007,2,1
1056,48993,1005,1,0
9211,48993,1007,2,1
9211,48992,542,1,0
1477,48992,546,2,1
9211,48991,542,1,0
1477,48991,546,2,1
9211,48990,542,1,0
1477,48990,546,2,1
1056,49095,1105,1,0
9211,49095,1107,2,1
1056,49094,1105,1,0
9211,49094,1107,2,1
1056,49093,1105,1,0
9211,49093,1107,2,1
1056,49092,1095,1,0
9211,49092,1097,2,1
1056,49091,1095,1,0
9211,49091,1097,2,1
1056,49090,1095,1,0
9211,49090,1097,2,1
1056,49099,1105,1,0
9211,49099,1107,2,1
1056,49098,1105,1,0
9211,49098,1107,2,1
1056,49097,1105,1,0
9211,49097,1107,2,1
1056,49096,1105,1,0
9211,49096,1107,2,1
1056,49084,1095,1,0
9211,49084,1097,2,1
1056,49083,1095,1,0
9211,49083,1097,2,1
1056,49082,1085,1,0
9211,49082,1087,2,1
1056,49081,1085,1,0
9211,49081,1087,2,1
1056,49080,1085,1,0
9211,49080,1087,2,1
1056,49089,1095,1,0
9211,49089,1097,2,1
1056,49088,1095,1,0
9211,49088,1097,2,1
1056,49087,1095,1,0
9211,49087,1097,2,1
1056,49086,1095,1,0
9211,49086,1097,2,1
1056,49085,1095,1,0
9211,49085,1097,2,1
1056,49073,1085,1,0
9211,49073,1087,2,1
1056,49072,1075,1,0
9211,49072,1077,2,1
1056,49071,1075,1,0
9211,49071,1077,2,1
1056,49070,1075,1,0
9211,49070,1077,2,1
1056,49079,1085,1,0
9211,49079,1087,2,1
1056,49078,1085,1,0
9211,49078,1087,2,1
1056,49077,1085,1,0
9211,49077,1087,2,1
1056,49076,1085,1,0
9211,49076,1087,2,1
1056,49075,1085,1,0
9211,49075,1087,2,1
1056,49074,1085,1,0
9211,49074,1087,2,1
1056,49062,1065,1,0
9211,49062,1067,2,1
1056,49061,1065,1,0
9211,49061,1067,2,1
1056,49060,1065,1,0
9211,49060,1067,2,1
1056,49069,1075,1,0
9211,49069,1077,2,1
1056,49068,1075,1,0
9211,49068,1077,2,1
1056,49067,1075,1,0
9211,49067,1077,2,1
1056,49066,1075,1,0
9211,49066,1077,2,1
1056,49065,1075,1,0
9211,49065,1077,2,1
1056,49064,1075,1,0
9211,49064,1077,2,1
1056,49063,1075,1,0
9211,49063,1077,2,1
1056,49051,1055,1,0
9211,49051,1057,2,1
1056,49050,1055,1,0
9211,49050,1057,2,1
1056,49059,1065,1,0
9211,49059,1067,2,1
1056,49058,1065,1,0
9211,49058,1067,2,1
1056,49057,1065,1,0
9211,49057,1067,2,1
1056,49056,1065,1,0
9211,49056,1067,2,1
1056,49055,1065,1,0
9211,49055,1067,2,1
1056,49054,1065,1,0
9211,49054,1067,2,1
1056,49053,1065,1,0
9211,49053,1067,2,1
1056,49052,1055,1,0
9211,49052,1057,2,1
1056,49049,1055,1,0
9211,49049,1057,2,1
1056,49040,1045,1,0
9211,49040,1047,2,1
1056,49048,1055,1,0
9211,49048,1057,2,1
1056,49047,1055,1,0
9211,49047,1057,2,1
1056,49046,1055,1,0
9211,49046,1057,2,1
1056,49045,1055,1,0
9211,49045,1057,2,1
1056,49044,1055,1,0
9211,49044,1057,2,1
1056,49043,1055,1,0
9211,49043,1057,2,1
1056,49042,1045,1,0
9211,49042,1047,2,1
1056,49041,1045,1,0
9211,49041,1047,2,1
1056,49039,1045,1,0
9211,49039,1047,2,1
1056,49038,1045,1,0
9211,49038,1047,2,1
1056,49037,1045,1,0
9211,49037,1047,2,1
1056,49036,1045,1,0
9211,49036,1047,2,1
1056,49035,1045,1,0
9211,49035,1047,2,1
1056,49034,1045,1,0
9211,49034,1047,2,1
1056,49033,1045,1,0
9211,49033,1047,2,1
1056,49032,1035,1,0
9211,49032,1037,2,1
1056,49031,1035,1,0
9211,49031,1037,2,1
1056,49030,1035,1,0
9211,49030,1037,2,1
1056,49029,1035,1,0
9211,49029,1037,2,1
1056,49028,1035,1,0
9211,49028,1037,2,1
1056,49027,1035,1,0
9211,49027,1037,2,1
1056,49026,1035,1,0
9211,49026,1037,2,1
1056,49025,1035,1,0
9211,49025,1037,2,1
1056,49024,1035,1,0
9211,49024,1037,2,1
1056,49023,1035,1,0
9211,49023,1037,2,1
1056,49022,1025,1,0
9211,49022,1027,2,1
1056,49021,1025,1,0
9211,49021,1027,2,1
1056,49020,1025,1,0
9211,49020,1027,2,1
1056,49019,1025,1,0
9211,49019,1027,2,1
1056,49018,1025,1,0
9211,49018,1027,2,1
1056,49017,1025,1,0
9211,49017,1027,2,1
1056,49016,1025,1,0
9211,49016,1027,2,1
1056,49015,1025,1,0
9211,49015,1027,2,1
1056,49014,1025,1,0
9211,49014,1027,2,1
1056,49013,1025,1,0
9211,49013,1027,2,1
1056,49012,1015,1,0
9211,49012,1017,2,1
1056,49011,1015,1,0
9211,49011,1017,2,1
1056,49010,1015,1,0
9211,49010,1017,2,1
1056,49009,1015,1,0
9211,49009,1017,2,1
1056,49008,1015,1,0
9211,49008,1017,2,1
1056,49007,1015,1,0
9211,49007,1017,2,1
1056,49006,1015,1,0
9211,49006,1017,2,1
1056,49005,1015,1,0
9211,49005,1017,2,1
1056,49004,1015,1,0
9211,49004,1017,2,1
1056,49003,1015,1,0
9211,49003,1017,2,1
1056,49002,1005,1,0
9211,49002,1007,2,1
1056,49001,1005,1,0
9211,49001,1007,2,1
1056,49000,1005,1,0
9211,49000,1007,2,1
9211,49194,1097,1,0
1477,49194,1101,2,1
9211,49193,1097,1,0
1477,49193,1101,2,1
9211,49192,1087,1,0
1477,49192,1091,2,1
9211,49191,1087,1,0
1477,49191,1091,2,1
9211,49190,1087,1,0
1477,49190,1091,2,1
9211,49199,1097,1,0
1477,49199,1101,2,1
9211,49198,1097,1,0
1477,49198,1101,2,1
9211,49197,1097,1,0
1477,49197,1101,2,1
9211,49196,1097,1,0
1477,49196,1101,2,1
9211,49195,1097,1,0
1477,49195,1101,2,1
9211,49183,1087,1,0
1477,49183,1091,2,1
9211,49182,1077,1,0
1477,49182,1081,2,1
9211,49181,1077,1,0
1477,49181,1081,2,1
9211,49180,1077,1,0
1477,49180,1081,2,1
9211,49189,1087,1,0
1477,49189,1091,2,1
9211,49188,1087,1,0
1477,49188,1091,2,1
9211,49187,1087,1,0
1477,49187,1091,2,1
9211,49186,1087,1,0
1477,49186,1091,2,1
9211,49185,1087,1,0
1477,49185,1091,2,1
9211,49184,1087,1,0
1477,49184,1091,2,1
9211,49172,1067,1,0
1477,49172,1071,2,1
9211,49171,1067,1,0
1477,49171,1071,2,1
9211,49170,1067,1,0
1477,49170,1071,2,1
9211,49179,1077,1,0
1477,49179,1081,2,1
9211,49178,1077,1,0
1477,49178,1081,2,1
9211,49177,1077,1,0
1477,49177,1081,2,1
9211,49176,1077,1,0
1477,49176,1081,2,1
9211,49175,1077,1,0
1477,49175,1081,2,1
9211,49174,1077,1,0
1477,49174,1081,2,1
9211,49173,1077,1,0
1477,49173,1081,2,1
9211,49161,1057,1,0
1477,49161,1061,2,1
9211,49160,1057,1,0
1477,49160,1061,2,1
9211,49169,1067,1,0
1477,49169,1071,2,1
9211,49168,1067,1,0
1477,49168,1071,2,1
9211,49167,1067,1,0
1477,49167,1071,2,1
9211,49166,1067,1,0
1477,49166,1071,2,1
9211,49165,1067,1,0
1477,49165,1071,2,1
9211,49164,1067,1,0
1477,49164,1071,2,1
9211,49163,1067,1,0
1477,49163,1071,2,1
9211,49162,1057,1,0
1477,49162,1061,2,1
9211,49159,1057,1,0
1477,49159,1061,2,1
9211,49150,1047,1,0
1477,49150,1051,2,1
9211,49158,1057,1,0
1477,49158,1061,2,1
9211,49157,1057,1,0
1477,49157,1061,2,1
9211,49156,1057,1,0
1477,49156,1061,2,1
9211,49155,1057,1,0
1477,49155,1061,2,1
9211,49154,1057,1,0
1477,49154,1061,2,1
9211,49153,1057,1,0
1477,49153,1061,2,1
9211,49152,1047,1,0
1477,49152,1051,2,1
9211,49151,1047,1,0
1477,49151,1051,2,1
9211,49149,1047,1,0
1477,49149,1051,2,1
9211,49148,1047,1,0
1477,49148,1051,2,1
9211,49147,1047,1,0
1477,49147,1051,2,1
9211,49146,1047,1,0
1477,49146,1051,2,1
9211,49145,1047,1,0
1477,49145,1051,2,1
9211,49144,1047,1,0
1477,49144,1051,2,1
9211,49143,1047,1,0
1477,49143,1051,2,1
9211,49142,1037,1,0
1477,49142,1041,2,1
9211,49141,1037,1,0
1477,49141,1041,2,1
9211,49140,1037,1,0
1477,49140,1041,2,1
9211,49139,1037,1,0
1477,49139,1041,2,1
9211,49138,1037,1,0
1477,49138,1041,2,1
9211,49137,1037,1,0
1477,49137,1041,2,1
9211,49136,1037,1,0
1477,49136,1041,2,1
9211,49135,1037,1,0
1477,49135,1041,2,1
9211,49134,1037,1,0
1477,49134,1041,2,1
9211,49133,1037,1,0
1477,49133,1041,2,1
9211,49132,1027,1,0
1477,49132,1031,2,1
9211,49131,1027,1,0
1477,49131,1031,2,1
9211,49130,1027,1,0
1477,49130,1031,2,1
9211,49129,1027,1,0
1477,49129,1031,2,1
9211,49128,1027,1,0
1477,49128,1031,2,1
9211,49127,1027,1,0
1477,49127,1031,2,1
9211,49126,1027,1,0
1477,49126,1031,2,1
9211,49125,1027,1,0
1477,49125,1031,2,1
9211,49124,1027,1,0
1477,49124,1031,2,1
9211,49123,1027,1,0
1477,49123,1031,2,1
9211,49122,1017,1,0
1477,49122,1021,2,1
9211,49121,1017,1,0
1477,49121,1021,2,1
9211,49120,1017,1,0
1477,49120,1021,2,1
9211,49119,1017,1,0
1477,49119,1021,2,1
9211,49118,1017,1,0
1477,49118,1021,2,1
9211,49117,1017,1,0
1477,49117,1021,2,1
9211,49116,1017,1,0
1477,49116,1021,2,1
9211,49115,1017,1,0
1477,49115,1021,2,1
9211,49114,1017,1,0
1477,49114,1021,2,1
9211,49113,1017,1,0
1477,49113,1021,2,1
9211,49112,1007,1,0
1477,49112,1011,2,1
9211,49111,1007,1,0
1477,49111,1011,2,1
9211,49110,1007,1,0
1477,49110,1011,2,1
9211,49109,1007,1,0
1477,49109,1011,2,1
9211,49108,1007,1,0
1477,49108,1011,2,1
9211,49107,1007,1,0
1477,49107,1011,2,1
9211,49106,1007,1,0
1477,49106,1011,2,1
9211,49105,1007,1,0
1477,49105,1011,2,1
9211,49104,1007,1,0
1477,49104,1011,2,1
9211,49103,1007,1,0
1477,49103,1011,2,1
1056,49102,1105,1,0
9211,49102,1107,2,1
1056,49101,1105,1,0
9211,49101,1107,2,1
1056,49100,1105,1,0
9211,49100,1107,2,1
1056,49293,1275,1,0
9211,49293,1277,2,1
1056,49292,1265,1,0
9211,49292,1267,2,1
1056,49291,1265,1,0
9211,49291,1267,2,1
1056,49290,1265,1,0
9211,49290,1267,2,1
1056,49299,1275,1,0
9211,49299,1277,2,1
1056,49298,1275,1,0
9211,49298,1277,2,1
1056,49297,1275,1,0
9211,49297,1277,2,1
1056,49296,1275,1,0
9211,49296,1277,2,1
1056,49295,1275,1,0
9211,49295,1277,2,1
1056,49294,1275,1,0
9211,49294,1277,2,1
1056,49282,1255,1,0
9211,49282,1257,2,1
1056,49281,1255,1,0
9211,49281,1257,2,1
1056,49280,1255,1,0
9211,49280,1257,2,1
1056,49289,1265,1,0
9211,49289,1267,2,1
1056,49288,1265,1,0
9211,49288,1267,2,1
1056,49287,1265,1,0
9211,49287,1267,2,1
1056,49286,1265,1,0
9211,49286,1267,2,1
1056,49285,1265,1,0
9211,49285,1267,2,1
1056,49284,1265,1,0
9211,49284,1267,2,1
1056,49283,1265,1,0
9211,49283,1267,2,1
1056,49271,1245,1,0
9211,49271,1247,2,1
1056,49270,1245,1,0
9211,49270,1247,2,1
1056,49279,1255,1,0
9211,49279,1257,2,1
1056,49278,1255,1,0
9211,49278,1257,2,1
1056,49277,1255,1,0
9211,49277,1257,2,1
1056,49276,1255,1,0
9211,49276,1257,2,1
1056,49275,1255,1,0
9211,49275,1257,2,1
1056,49274,1255,1,0
9211,49274,1257,2,1
1056,49273,1255,1,0
9211,49273,1257,2,1
1056,49272,1245,1,0
9211,49272,1247,2,1
1056,49269,1245,1,0
9211,49269,1247,2,1
1056,49260,1235,1,0
9211,49260,1237,2,1
1056,49268,1245,1,0
9211,49268,1247,2,1
1056,49267,1245,1,0
9211,49267,1247,2,1
1056,49266,1245,1,0
9211,49266,1247,2,1
1056,49265,1245,1,0
9211,49265,1247,2,1
1056,49264,1245,1,0
9211,49264,1247,2,1
1056,49263,1245,1,0
9211,49263,1247,2,1
1056,49262,1235,1,0
9211,49262,1237,2,1
1056,49261,1235,1,0
9211,49261,1237,2,1
1056,49259,1235,1,0
9211,49259,1237,2,1
1056,49258,1235,1,0
9211,49258,1237,2,1
1056,49257,1235,1,0
9211,49257,1237,2,1
1056,49256,1235,1,0
9211,49256,1237,2,1
1056,49255,1235,1,0
9211,49255,1237,2,1
1056,49254,1235,1,0
9211,49254,1237,2,1
1056,49253,1235,1,0
9211,49253,1237,2,1
1056,49252,1225,1,0
9211,49252,1227,2,1
1056,49251,1225,1,0
9211,49251,1227,2,1
1056,49250,1225,1,0
9211,49250,1227,2,1
1056,49249,1225,1,0
9211,49249,1227,2,1
1056,49248,1225,1,0
9211,49248,1227,2,1
1056,49247,1225,1,0
9211,49247,1227,2,1
1056,49246,1225,1,0
9211,49246,1227,2,1
1056,49245,1225,1,0
9211,49245,1227,2,1
1056,49244,1225,1,0
9211,49244,1227,2,1
1056,49243,1225,1,0
9211,49243,1227,2,1
1056,49242,1215,1,0
9211,49242,1217,2,1
1056,49241,1215,1,0
9211,49241,1217,2,1
1056,49240,1215,1,0
9211,49240,1217,2,1
1056,49239,1215,1,0
9211,49239,1217,2,1
1056,49238,1215,1,0
9211,49238,1217,2,1
1056,49237,1215,1,0
9211,49237,1217,2,1
1056,49236,1215,1,0
9211,49236,1217,2,1
1056,49235,1215,1,0
9211,49235,1217,2,1
1056,49234,1215,1,0
9211,49234,1217,2,1
1056,49233,1215,1,0
9211,49233,1217,2,1
1056,49232,1205,1,0
9211,49232,1207,2,1
1056,49231,1205,1,0
9211,49231,1207,2,1
1056,49230,1205,1,0
9211,49230,1207,2,1
1056,49229,1205,1,0
9211,49229,1207,2,1
1056,49228,1205,1,0
9211,49228,1207,2,1
1056,49227,1205,1,0
9211,49227,1207,2,1
1056,49226,1205,1,0
9211,49226,1207,2,1
1056,49225,1205,1,0
9211,49225,1207,2,1
1056,49224,1205,1,0
9211,49224,1207,2,1
1056,49223,1205,1,0
9211,49223,1207,2,1
1056,49222,1195,1,0
9211,49222,1197,2,1
1056,49221,1195,1,0
9211,49221,1197,2,1
1056,49220,1195,1,0
9211,49220,1197,2,1
1056,49219,1195,1,0
9211,49219,1197,2,1
1056,49218,1195,1,0
9211,49218,1197,2,1
1056,49217,1195,1,0
9211,49217,1197,2,1
1056,49216,1195,1,0
9211,49216,1197,2,1
1056,49215,1195,1,0
9211,49215,1197,2,1
1056,49214,1195,1,0
9211,49214,1197,2,1
1056,49213,1195,1,0
9211,49213,1197,2,1
9211,49212,1107,1,0
1477,49212,1111,2,1
9211,49211,1107,1,0
1477,49211,1111,2,1
9211,49210,1107,1,0
1477,49210,1111,2,1
9211,49209,1107,1,0
1477,49209,1111,2,1
9211,49208,1107,1,0
1477,49208,1111,2,1
9211,49207,1107,1,0
1477,49207,1111,2,1
9211,49206,1107,1,0
1477,49206,1111,2,1
9211,49205,1107,1,0
1477,49205,1111,2,1
9211,49204,1107,1,0
1477,49204,1111,2,1
9211,49203,1107,1,0
1477,49203,1111,2,1
9211,49202,1097,1,0
1477,49202,1101,2,1
9211,49201,1097,1,0
1477,49201,1101,2,1
9211,49200,1097,1,0
1477,49200,1101,2,1
1056,49319,1295,1,0
9211,49319,1297,2,1
1056,49318,1295,1,0
9211,49318,1297,2,1
1056,49317,1295,1,0
9211,49317,1297,2,1
1056,49316,1295,1,0
9211,49316,1297,2,1
1056,49315,1295,1,0
9211,49315,1297,2,1
1056,49314,1295,1,0
9211,49314,1297,2,1
1056,49313,1295,1,0
9211,49313,1297,2,1
1056,49312,1285,1,0
9211,49312,1287,2,1
1056,49311,1285,1,0
9211,49311,1287,2,1
1056,49310,1285,1,0
9211,49310,1287,2,1
1056,49309,1285,1,0
9211,49309,1287,2,1
1056,49308,1285,1,0
9211,49308,1287,2,1
1056,49307,1285,1,0
9211,49307,1287,2,1
1056,49306,1285,1,0
9211,49306,1287,2,1
1056,49305,1285,1,0
9211,49305,1287,2,1
1056,49304,1285,1,0
9211,49304,1287,2,1
1056,49303,1285,1,0
9211,49303,1287,2,1
1056,49302,1275,1,0
9211,49302,1277,2,1
1056,49301,1275,1,0
9211,49301,1277,2,1
1056,49300,1275,1,0
9211,49300,1277,2,1
1056,49392,1365,1,0
9211,49392,1367,2,1
1056,49391,1365,1,0
9211,49391,1367,2,1
1056,49390,1365,1,0
9211,49390,1367,2,1
1056,49399,1375,1,0
9211,49399,1377,2,1
1056,49398,1375,1,0
9211,49398,1377,2,1
1056,49397,1375,1,0
9211,49397,1377,2,1
1056,49396,1375,1,0
9211,49396,1377,2,1
1056,49395,1375,1,0
9211,49395,1377,2,1
1056,49394,1375,1,0
9211,49394,1377,2,1
1056,49393,1375,1,0
9211,49393,1377,2,1
1056,49381,1355,1,0
9211,49381,1357,2,1
1056,49380,1355,1,0
9211,49380,1357,2,1
1056,49389,1365,1,0
9211,49389,1367,2,1
1056,49388,1365,1,0
9211,49388,1367,2,1
1056,49387,1365,1,0
9211,49387,1367,2,1
1056,49386,1365,1,0
9211,49386,1367,2,1
1056,49385,1365,1,0
9211,49385,1367,2,1
1056,49384,1365,1,0
9211,49384,1367,2,1
1056,49383,1365,1,0
9211,49383,1367,2,1
1056,49382,1355,1,0
9211,49382,1357,2,1
1056,49379,1355,1,0
9211,49379,1357,2,1
1056,49370,1345,1,0
9211,49370,1347,2,1
1056,49378,1355,1,0
9211,49378,1357,2,1
1056,49377,1355,1,0
9211,49377,1357,2,1
1056,49376,1355,1,0
9211,49376,1357,2,1
1056,49375,1355,1,0
9211,49375,1357,2,1
1056,49374,1355,1,0
9211,49374,1357,2,1
1056,49373,1355,1,0
9211,49373,1357,2,1
1056,49372,1345,1,0
9211,49372,1347,2,1
1056,49371,1345,1,0
9211,49371,1347,2,1
1056,49369,1345,1,0
9211,49369,1347,2,1
1056,49368,1345,1,0
9211,49368,1347,2,1
1056,49367,1345,1,0
9211,49367,1347,2,1
1056,49366,1345,1,0
9211,49366,1347,2,1
1056,49365,1345,1,0
9211,49365,1347,2,1
1056,49364,1345,1,0
9211,49364,1347,2,1
1056,49363,1345,1,0
9211,49363,1347,2,1
1056,49362,1335,1,0
9211,49362,1337,2,1
1056,49361,1335,1,0
9211,49361,1337,2,1
1056,49360,1335,1,0
9211,49360,1337,2,1
1056,49359,1335,1,0
9211,49359,1337,2,1
1056,49358,1335,1,0
9211,49358,1337,2,1
1056,49357,1335,1,0
9211,49357,1337,2,1
1056,49356,1335,1,0
9211,49356,1337,2,1
1056,49355,1335,1,0
9211,49355,1337,2,1
1056,49354,1335,1,0
9211,49354,1337,2,1
1056,49353,1335,1,0
9211,49353,1337,2,1
1056,49352,1325,1,0
9211,49352,1327,2,1
1056,49351,1325,1,0
9211,49351,1327,2,1
1056,49350,1325,1,0
9211,49350,1327,2,1
1056,49349,1325,1,0
9211,49349,1327,2,1
1056,49348,1325,1,0
9211,49348,1327,2,1
1056,49347,1325,1,0
9211,49347,1327,2,1
1056,49346,1325,1,0
9211,49346,1327,2,1
1056,49345,1325,1,0
9211,49345,1327,2,1
1056,49344,1325,1,0
9211,49344,1327,2,1
1056,49343,1325,1,0
9211,49343,1327,2,1
1056,49342,1315,1,0
9211,49342,1317,2,1
1056,49341,1315,1,0
9211,49341,1317,2,1
1056,49340,1315,1,0
9211,49340,1317,2,1
1056,49339,1315,1,0
9211,49339,1317,2,1
1056,49338,1315,1,0
9211,49338,1317,2,1
1056,49337,1315,1,0
9211,49337,1317,2,1
1056,49336,1315,1,0
9211,49336,1317,2,1
1056,49335,1315,1,0
9211,49335,1317,2,1
1056,49334,1315,1,0
9211,49334,1317,2,1
1056,49333,1315,1,0
9211,49333,1317,2,1
1056,49332,1305,1,0
9211,49332,1307,2,1
1056,49331,1305,1,0
9211,49331,1307,2,1
1056,49330,1305,1,0
9211,49330,1307,2,1
1056,49329,1305,1,0
9211,49329,1307,2,1
1056,49328,1305,1,0
9211,49328,1307,2,1
1056,49327,1305,1,0
9211,49327,1307,2,1
1056,49326,1305,1,0
9211,49326,1307,2,1
1056,49325,1305,1,0
9211,49325,1307,2,1
1056,49324,1305,1,0
9211,49324,1307,2,1
1056,49323,1305,1,0
9211,49323,1307,2,1
1056,49322,1295,1,0
9211,49322,1297,2,1
1056,49321,1295,1,0
9211,49321,1297,2,1
1056,49320,1295,1,0
9211,49320,1297,2,1
1056,49439,1415,1,0
9211,49439,1417,2,1
1056,49438,1415,1,0
9211,49438,1417,2,1
1056,49437,1415,1,0
9211,49437,1417,2,1
1056,49436,1415,1,0
9211,49436,1417,2,1
1056,49435,1415,1,0
9211,49435,1417,2,1
1056,49434,1415,1,0
9211,49434,1417,2,1
1056,49433,1415,1,0
9211,49433,1417,2,1
1056,49432,1405,1,0
9211,49432,1407,2,1
1056,49431,1405,1,0
9211,49431,1407,2,1
1056,49430,1405,1,0
9211,49430,1407,2,1
1056,49429,1405,1,0
9211,49429,1407,2,1
1056,49428,1405,1,0
9211,49428,1407,2,1
1056,49427,1405,1,0
9211,49427,1407,2,1
1056,49426,1405,1,0
9211,49426,1407,2,1
1056,49425,1405,1,0
9211,49425,1407,2,1
1056,49424,1405,1,0
9211,49424,1407,2,1
1056,49423,1405,1,0
9211,49423,1407,2,1
1056,49422,1395,1,0
9211,49422,1397,2,1
1056,49421,1395,1,0
9211,49421,1397,2,1
1056,49420,1395,1,0
9211,49420,1397,2,1
1056,49419,1395,1,0
9211,49419,1397,2,1
1056,49418,1395,1,0
9211,49418,1397,2,1
1056,49417,1395,1,0
9211,49417,1397,2,1
1056,49416,1395,1,0
9211,49416,1397,2,1
1056,49415,1395,1,0
9211,49415,1397,2,1
1056,49414,1395,1,0
9211,49414,1397,2,1
1056,49413,1395,1,0
9211,49413,1397,2,1
1056,49412,1385,1,0
9211,49412,1387,2,1
1056,49411,1385,1,0
9211,49411,1387,2,1
1056,49410,1385,1,0
9211,49410,1387,2,1
1056,49408,1385,1,0
9211,49408,1387,2,1
1056,49407,1385,1,0
9211,49407,1387,2,1
1056,49406,1385,1,0
9211,49406,1387,2,1
1056,49405,1385,1,0
9211,49405,1387,2,1
1056,49404,1385,1,0
9211,49404,1387,2,1
1056,49403,1385,1,0
9211,49403,1387,2,1
1056,49402,1375,1,0
9211,49402,1377,2,1
1056,49401,1375,1,0
9211,49401,1377,2,1
1056,49409,1385,1,0
9211,49409,1387,2,1
1056,49400,1375,1,0
9211,49400,1377,2,1
1056,49491,1465,1,0
9211,49491,1467,2,1
1056,49490,1465,1,0
9211,49490,1467,2,1
1056,49499,1475,1,0
9211,49499,1477,2,1
1056,49498,1475,1,0
9211,49498,1477,2,1
1056,49497,1475,1,0
9211,49497,1477,2,1
1056,49496,1475,1,0
9211,49496,1477,2,1
1056,49495,1475,1,0
9211,49495,1477,2,1
1056,49494,1475,1,0
9211,49494,1477,2,1
1056,49493,1475,1,0
9211,49493,1477,2,1
1056,49492,1465,1,0
9211,49492,1467,2,1
1056,49489,1465,1,0
9211,49489,1467,2,1
1056,49480,1455,1,0
9211,49480,1457,2,1
1056,49488,1465,1,0
9211,49488,1467,2,1
1056,49487,1465,1,0
9211,49487,1467,2,1
1056,49486,1465,1,0
9211,49486,1467,2,1
1056,49485,1465,1,0
9211,49485,1467,2,1
1056,49484,1465,1,0
9211,49484,1467,2,1
1056,49483,1465,1,0
9211,49483,1467,2,1
1056,49482,1455,1,0
9211,49482,1457,2,1
1056,49481,1455,1,0
9211,49481,1457,2,1
1056,49479,1455,1,0
9211,49479,1457,2,1
1056,49478,1455,1,0
9211,49478,1457,2,1
1056,49477,1455,1,0
9211,49477,1457,2,1
1056,49476,1455,1,0
9211,49476,1457,2,1
1056,49475,1455,1,0
9211,49475,1457,2,1
1056,49474,1455,1,0
9211,49474,1457,2,1
1056,49473,1455,1,0
9211,49473,1457,2,1
1056,49472,1445,1,0
9211,49472,1447,2,1
1056,49471,1445,1,0
9211,49471,1447,2,1
1056,49470,1445,1,0
9211,49470,1447,2,1
1056,49469,1445,1,0
9211,49469,1447,2,1
1056,49468,1445,1,0
9211,49468,1447,2,1
1056,49467,1445,1,0
9211,49467,1447,2,1
1056,49466,1445,1,0
9211,49466,1447,2,1
1056,49465,1445,1,0
9211,49465,1447,2,1
1056,49464,1445,1,0
9211,49464,1447,2,1
1056,49463,1445,1,0
9211,49463,1447,2,1
1056,49462,1435,1,0
9211,49462,1437,2,1
1056,49461,1435,1,0
9211,49461,1437,2,1
1056,49460,1435,1,0
9211,49460,1437,2,1
1056,49459,1435,1,0
9211,49459,1437,2,1
1056,49458,1435,1,0
9211,49458,1437,2,1
1056,49457,1435,1,0
9211,49457,1437,2,1
1056,49456,1435,1,0
9211,49456,1437,2,1
1056,49455,1435,1,0
9211,49455,1437,2,1
1056,49454,1435,1,0
9211,49454,1437,2,1
1056,49453,1435,1,0
9211,49453,1437,2,1
1056,49452,1425,1,0
9211,49452,1427,2,1
1056,49451,1425,1,0
9211,49451,1427,2,1
1056,49450,1425,1,0
9211,49450,1427,2,1
1056,49449,1425,1,0
9211,49449,1427,2,1
1056,49448,1425,1,0
9211,49448,1427,2,1
1056,49447,1425,1,0
9211,49447,1427,2,1
1056,49446,1425,1,0
9211,49446,1427,2,1
1056,49445,1425,1,0
9211,49445,1427,2,1
1056,49444,1425,1,0
9211,49444,1427,2,1
1056,49443,1425,1,0
9211,49443,1427,2,1
1056,49442,1415,1,0
9211,49442,1417,2,1
1056,49441,1415,1,0
9211,49441,1417,2,1
1056,49440,1415,1,0
9211,49440,1417,2,1
9211,49559,1227,1,0
1477,49559,1231,2,1
9211,49558,1227,1,0
1477,49558,1231,2,1
9211,49557,1227,1,0
1477,49557,1231,2,1
9211,49556,1217,1,0
1477,49556,1221,2,1
9211,49555,1217,1,0
1477,49555,1221,2,1
9211,49554,1217,1,0
1477,49554,1221,2,1
9211,49553,1217,1,0
1477,49553,1221,2,1
9211,49552,1217,1,0
1477,49552,1221,2,1
9211,49551,1217,1,0
1477,49551,1221,2,1
9211,49550,1217,1,0
1477,49550,1221,2,1
9211,49549,1217,1,0
1477,49549,1221,2,1
9211,49548,1217,1,0
1477,49548,1221,2,1
9211,49547,1217,1,0
1477,49547,1221,2,1
9211,49546,1207,1,0
1477,49546,1211,2,1
9211,49545,1207,1,0
1477,49545,1211,2,1
9211,49544,1207,1,0
1477,49544,1211,2,1
9211,49543,1207,1,0
1477,49543,1211,2,1
9211,49542,1207,1,0
1477,49542,1211,2,1
9211,49541,1207,1,0
1477,49541,1211,2,1
9211,49540,1207,1,0
1477,49540,1211,2,1
9211,49539,1207,1,0
1477,49539,1211,2,1
9211,49538,1207,1,0
1477,49538,1211,2,1
9211,49537,1207,1,0
1477,49537,1211,2,1
9211,49536,1197,1,0
1477,49536,1201,2,1
9211,49535,1197,1,0
1477,49535,1201,2,1
9211,49534,1197,1,0
1477,49534,1201,2,1
9211,49533,1197,1,0
1477,49533,1201,2,1
9211,49532,1197,1,0
1477,49532,1201,2,1
9211,49531,1197,1,0
1477,49531,1201,2,1
9211,49530,1197,1,0
1477,49530,1201,2,1
9211,49529,1197,1,0
1477,49529,1201,2,1
9211,49528,1197,1,0
1477,49528,1201,2,1
9211,49527,1197,1,0
1477,49527,1201,2,1
1056,49526,1535,1,0
9211,49526,1537,2,1
1056,49525,1535,1,0
9211,49525,1537,2,1
1056,49524,1535,1,0
9211,49524,1537,2,1
1056,49523,1535,1,0
9211,49523,1537,2,1
1056,49522,1525,1,0
9211,49522,1527,2,1
1056,49521,1525,1,0
9211,49521,1527,2,1
1056,49520,1525,1,0
9211,49520,1527,2,1
1056,49518,1515,1,0
9211,49518,1517,2,1
1056,49517,1515,1,0
9211,49517,1517,2,1
1056,49516,1515,1,0
9211,49516,1517,2,1
1056,49515,1515,1,0
9211,49515,1517,2,1
1056,49514,1505,1,0
9211,49514,1507,2,1
1056,49513,1505,1,0
9211,49513,1507,2,1
1056,49512,1505,1,0
9211,49512,1507,2,1
1056,49511,1505,1,0
9211,49511,1507,2,1
1056,49519,1525,1,0
9211,49519,1527,2,1
1056,49510,1495,1,0
9211,49510,1497,2,1
1056,49507,1495,1,0
9211,49507,1497,2,1
1056,49506,1485,1,0
9211,49506,1487,2,1
1056,49505,1485,1,0
9211,49505,1487,2,1
1056,49504,1485,1,0
9211,49504,1487,2,1
1056,49503,1485,1,0
9211,49503,1487,2,1
1056,49502,1475,1,0
9211,49502,1477,2,1
1056,49501,1475,1,0
9211,49501,1477,2,1
1056,49500,1475,1,0
9211,49500,1477,2,1
1056,49509,1495,1,0
9211,49509,1497,2,1
1056,49508,1495,1,0
9211,49508,1497,2,1
9211,49599,1267,1,0
1477,49599,1271,2,1
9211,49590,1257,1,0
1477,49590,1261,2,1
9211,49598,1267,1,0
1477,49598,1271,2,1
9211,49597,1267,1,0
1477,49597,1271,2,1
9211,49596,1257,1,0
1477,49596,1261,2,1
9211,49595,1257,1,0
1477,49595,1261,2,1
9211,49594,1257,1,0
1477,49594,1261,2,1
9211,49593,1257,1,0
1477,49593,1261,2,1
9211,49592,1257,1,0
1477,49592,1261,2,1
9211,49591,1257,1,0
1477,49591,1261,2,1
9211,49589,1257,1,0
1477,49589,1261,2,1
9211,49588,1257,1,0
1477,49588,1261,2,1
9211,49587,1257,1,0
1477,49587,1261,2,1
9211,49586,1247,1,0
1477,49586,1251,2,1
9211,49585,1247,1,0
1477,49585,1251,2,1
9211,49584,1247,1,0
1477,49584,1251,2,1
9211,49583,1247,1,0
1477,49583,1251,2,1
9211,49582,1247,1,0
1477,49582,1251,2,1
9211,49581,1247,1,0
1477,49581,1251,2,1
9211,49580,1247,1,0
1477,49580,1251,2,1
9211,49579,1247,1,0
1477,49579,1251,2,1
9211,49578,1247,1,0
1477,49578,1251,2,1
9211,49577,1247,1,0
1477,49577,1251,2,1
9211,49576,1237,1,0
1477,49576,1241,2,1
9211,49575,1237,1,0
1477,49575,1241,2,1
9211,49574,1237,1,0
1477,49574,1241,2,1
9211,49573,1237,1,0
1477,49573,1241,2,1
9211,49572,1237,1,0
1477,49572,1241,2,1
9211,49571,1237,1,0
1477,49571,1241,2,1
9211,49570,1237,1,0
1477,49570,1241,2,1
9211,49569,1237,1,0
1477,49569,1241,2,1
9211,49568,1237,1,0
1477,49568,1241,2,1
9211,49567,1237,1,0
1477,49567,1241,2,1
9211,49566,1227,1,0
1477,49566,1231,2,1
9211,49565,1227,1,0
1477,49565,1231,2,1
9211,49564,1227,1,0
1477,49564,1231,2,1
9211,49563,1227,1,0
1477,49563,1231,2,1
9211,49562,1227,1,0
1477,49562,1231,2,1
9211,49561,1227,1,0
1477,49561,1231,2,1
9211,49560,1227,1,0
1477,49560,1231,2,1
9211,49716,1377,1,0
1477,49716,1381,2,1
9211,49715,1377,1,0
1477,49715,1381,2,1
9211,49714,1377,1,0
1477,49714,1381,2,1
9211,49713,1377,1,0
1477,49713,1381,2,1
9211,49712,1377,1,0
1477,49712,1381,2,1
9211,49711,1377,1,0
1477,49711,1381,2,1
9211,49710,1377,1,0
1477,49710,1381,2,1
9211,49719,1387,1,0
1477,49719,1391,2,1
9211,49718,1387,1,0
1477,49718,1391,2,1
9211,49717,1387,1,0
1477,49717,1391,2,1
9211,49705,1367,1,0
1477,49705,1371,2,1
9211,49704,1367,1,0
1477,49704,1371,2,1
9211,49703,1367,1,0
1477,49703,1371,2,1
9211,49702,1367,1,0
1477,49702,1371,2,1
9211,49701,1367,1,0
1477,49701,1371,2,1
9211,49700,1367,1,0
1477,49700,1371,2,1
9211,49709,1377,1,0
1477,49709,1381,2,1
9211,49708,1377,1,0
1477,49708,1381,2,1
9211,49707,1377,1,0
1477,49707,1381,2,1
9211,49706,1367,1,0
1477,49706,1371,2,1
9211,49679,1347,1,0
1477,49679,1351,2,1
9211,49678,1347,1,0
1477,49678,1351,2,1
9211,49677,1347,1,0
1477,49677,1351,2,1
9211,49676,1337,1,0
1477,49676,1341,2,1
9211,49675,1337,1,0
1477,49675,1341,2,1
9211,49674,1337,1,0
1477,49674,1341,2,1
9211,49673,1337,1,0
1477,49673,1341,2,1
9211,49672,1337,1,0
1477,49672,1341,2,1
9211,49671,1337,1,0
1477,49671,1341,2,1
9211,49670,1337,1,0
1477,49670,1341,2,1
9211,49669,1337,1,0
1477,49669,1341,2,1
9211,49668,1337,1,0
1477,49668,1341,2,1
9211,49667,1337,1,0
1477,49667,1341,2,1
9211,49666,1327,1,0
1477,49666,1331,2,1
9211,49665,1327,1,0
1477,49665,1331,2,1
9211,49664,1327,1,0
1477,49664,1331,2,1
9211,49663,1327,1,0
1477,49663,1331,2,1
9211,49662,1327,1,0
1477,49662,1331,2,1
9211,49661,1327,1,0
1477,49661,1331,2,1
9211,49660,1327,1,0
1477,49660,1331,2,1
9211,49659,1327,1,0
1477,49659,1331,2,1
9211,49658,1327,1,0
1477,49658,1331,2,1
9211,49657,1327,1,0
1477,49657,1331,2,1
9211,49656,1317,1,0
1477,49656,1321,2,1
9211,49655,1317,1,0
1477,49655,1321,2,1
9211,49654,1317,1,0
1477,49654,1321,2,1
9211,49653,1317,1,0
1477,49653,1321,2,1
9211,49652,1317,1,0
1477,49652,1321,2,1
9211,49651,1317,1,0
1477,49651,1321,2,1
9211,49650,1317,1,0
1477,49650,1321,2,1
9211,49649,1317,1,0
1477,49649,1321,2,1
9211,49648,1317,1,0
1477,49648,1321,2,1
9211,49647,1317,1,0
1477,49647,1321,2,1
9211,49646,1307,1,0
1477,49646,1311,2,1
9211,49645,1307,1,0
1477,49645,1311,2,1
9211,49644,1307,1,0
1477,49644,1311,2,1
9211,49643,1307,1,0
1477,49643,1311,2,1
9211,49642,1307,1,0
1477,49642,1311,2,1
9211,49641,1307,1,0
1477,49641,1311,2,1
9211,49640,1307,1,0
1477,49640,1311,2,1
9211,49639,1307,1,0
1477,49639,1311,2,1
9211,49638,1307,1,0
1477,49638,1311,2,1
9211,49637,1307,1,0
1477,49637,1311,2,1
9211,49636,1297,1,0
1477,49636,1301,2,1
9211,49635,1297,1,0
1477,49635,1301,2,1
9211,49634,1297,1,0
1477,49634,1301,2,1
9211,49633,1297,1,0
1477,49633,1301,2,1
9211,49632,1297,1,0
1477,49632,1301,2,1
9211,49631,1297,1,0
1477,49631,1301,2,1
9211,49630,1297,1,0
1477,49630,1301,2,1
9211,49628,1297,1,0
1477,49628,1301,2,1
9211,49627,1297,1,0
1477,49627,1301,2,1
9211,49626,1287,1,0
1477,49626,1291,2,1
9211,49625,1287,1,0
1477,49625,1291,2,1
9211,49624,1287,1,0
1477,49624,1291,2,1
9211,49623,1287,1,0
1477,49623,1291,2,1
9211,49622,1287,1,0
1477,49622,1291,2,1
9211,49621,1287,1,0
1477,49621,1291,2,1
9211,49629,1297,1,0
1477,49629,1301,2,1
9211,49620,1287,1,0
1477,49620,1291,2,1
9211,49617,1287,1,0
1477,49617,1291,2,1
9211,49616,1277,1,0
1477,49616,1281,2,1
9211,49615,1277,1,0
1477,49615,1281,2,1
9211,49614,1277,1,0
1477,49614,1281,2,1
9211,49613,1277,1,0
1477,49613,1281,2,1
9211,49612,1277,1,0
1477,49612,1281,2,1
9211,49611,1277,1,0
1477,49611,1281,2,1
9211,49610,1277,1,0
1477,49610,1281,2,1
9211,49619,1287,1,0
1477,49619,1291,2,1
9211,49618,1287,1,0
1477,49618,1291,2,1
9211,49606,1267,1,0
1477,49606,1271,2,1
9211,49605,1267,1,0
1477,49605,1271,2,1
9211,49604,1267,1,0
1477,49604,1271,2,1
9211,49603,1267,1,0
1477,49603,1271,2,1
9211,49602,1267,1,0
1477,49602,1271,2,1
9211,49601,1267,1,0
1477,49601,1271,2,1
9211,49600,1267,1,0
1477,49600,1271,2,1
9211,49609,1277,1,0
1477,49609,1281,2,1
9211,49608,1277,1,0
1477,49608,1281,2,1
9211,49607,1277,1,0
1477,49607,1281,2,1
9211,49699,1367,1,0
1477,49699,1371,2,1
9211,49698,1367,1,0
1477,49698,1371,2,1
9211,49697,1367,1,0
1477,49697,1371,2,1
9211,49696,1357,1,0
1477,49696,1361,2,1
9211,49695,1357,1,0
1477,49695,1361,2,1
9211,49694,1357,1,0
1477,49694,1361,2,1
9211,49693,1357,1,0
1477,49693,1361,2,1
9211,49692,1357,1,0
1477,49692,1361,2,1
9211,49691,1357,1,0
1477,49691,1361,2,1
9211,49690,1357,1,0
1477,49690,1361,2,1
9211,49689,1357,1,0
1477,49689,1361,2,1
9211,49688,1357,1,0
1477,49688,1361,2,1
9211,49687,1357,1,0
1477,49687,1361,2,1
9211,49686,1347,1,0
1477,49686,1351,2,1
9211,49685,1347,1,0
1477,49685,1351,2,1
9211,49684,1347,1,0
1477,49684,1351,2,1
9211,49683,1347,1,0
1477,49683,1351,2,1
9211,49682,1347,1,0
1477,49682,1351,2,1
9211,49681,1347,1,0
1477,49681,1351,2,1
9211,49680,1347,1,0
1477,49680,1351,2,1
9211,49837,1537,1,0
1477,49837,1541,2,1
9211,49836,1527,1,0
1477,49836,1531,2,1
9211,49835,1527,1,0
1477,49835,1531,2,1
9211,49834,1527,1,0
1477,49834,1531,2,1
9211,49833,1527,1,0
1477,49833,1531,2,1
9211,49832,1517,1,0
1477,49832,1521,2,1
9211,49831,1517,1,0
1477,49831,1521,2,1
9211,49830,1517,1,0
1477,49830,1521,2,1
9211,49839,1537,1,0
1477,49839,1541,2,1
9211,49838,1537,1,0
1477,49838,1541,2,1
9211,49826,1507,1,0
1477,49826,1511,2,1
9211,49825,1507,1,0
1477,49825,1511,2,1
9211,49824,1497,1,0
1477,49824,1501,2,1
9211,49823,1497,1,0
1477,49823,1501,2,1
9211,49822,1497,1,0
1477,49822,1501,2,1
9211,49821,1497,1,0
1477,49821,1501,2,1
9211,49820,1487,1,0
1477,49820,1491,2,1
9211,49829,1517,1,0
1477,49829,1521,2,1
9211,49828,1507,1,0
1477,49828,1511,2,1
9211,49827,1507,1,0
1477,49827,1511,2,1
9211,49815,1477,1,0
1477,49815,1481,2,1
9211,49814,1477,1,0
1477,49814,1481,2,1
9211,49813,1477,1,0
1477,49813,1481,2,1
9211,49812,1477,1,0
1477,49812,1481,2,1
9211,49811,1477,1,0
1477,49811,1481,2,1
9211,49810,1477,1,0
1477,49810,1481,2,1
9211,49819,1487,1,0
1477,49819,1491,2,1
9211,49818,1487,1,0
1477,49818,1491,2,1
9211,49817,1487,1,0
1477,49817,1491,2,1
9211,49816,1477,1,0
1477,49816,1481,2,1
9211,49804,1467,1,0
1477,49804,1471,2,1
9211,49803,1467,1,0
1477,49803,1471,2,1
9211,49802,1467,1,0
1477,49802,1471,2,1
9211,49801,1467,1,0
1477,49801,1471,2,1
9211,49800,1467,1,0
1477,49800,1471,2,1
9211,49809,1477,1,0
1477,49809,1481,2,1
9211,49808,1477,1,0
1477,49808,1481,2,1
9211,49807,1477,1,0
1477,49807,1481,2,1
9211,49806,1467,1,0
1477,49806,1471,2,1
9211,49805,1467,1,0
1477,49805,1471,2,1
9211,49799,1467,1,0
1477,49799,1471,2,1
9211,49798,1467,1,0
1477,49798,1471,2,1
9211,49797,1467,1,0
1477,49797,1471,2,1
9211,49796,1457,1,0
1477,49796,1461,2,1
9211,49795,1457,1,0
1477,49795,1461,2,1
9211,49794,1457,1,0
1477,49794,1461,2,1
9211,49793,1457,1,0
1477,49793,1461,2,1
9211,49792,1457,1,0
1477,49792,1461,2,1
9211,49791,1457,1,0
1477,49791,1461,2,1
9211,49790,1457,1,0
1477,49790,1461,2,1
9211,49789,1457,1,0
1477,49789,1461,2,1
9211,49788,1457,1,0
1477,49788,1461,2,1
9211,49787,1457,1,0
1477,49787,1461,2,1
9211,49786,1447,1,0
1477,49786,1451,2,1
9211,49785,1447,1,0
1477,49785,1451,2,1
9211,49784,1447,1,0
1477,49784,1451,2,1
9211,49783,1447,1,0
1477,49783,1451,2,1
9211,49782,1447,1,0
1477,49782,1451,2,1
9211,49781,1447,1,0
1477,49781,1451,2,1
9211,49780,1447,1,0
1477,49780,1451,2,1
9211,49779,1447,1,0
1477,49779,1451,2,1
9211,49778,1447,1,0
1477,49778,1451,2,1
9211,49777,1447,1,0
1477,49777,1451,2,1
9211,49776,1437,1,0
1477,49776,1441,2,1
9211,49775,1437,1,0
1477,49775,1441,2,1
9211,49774,1437,1,0
1477,49774,1441,2,1
9211,49773,1437,1,0
1477,49773,1441,2,1
9211,49772,1437,1,0
1477,49772,1441,2,1
9211,49771,1437,1,0
1477,49771,1441,2,1
9211,49770,1437,1,0
1477,49770,1441,2,1
9211,49769,1437,1,0
1477,49769,1441,2,1
9211,49768,1437,1,0
1477,49768,1441,2,1
9211,49767,1437,1,0
1477,49767,1441,2,1
9211,49766,1427,1,0
1477,49766,1431,2,1
9211,49765,1427,1,0
1477,49765,1431,2,1
9211,49764,1427,1,0
1477,49764,1431,2,1
9211,49763,1427,1,0
1477,49763,1431,2,1
9211,49762,1427,1,0
1477,49762,1431,2,1
9211,49761,1427,1,0
1477,49761,1431,2,1
9211,49760,1427,1,0
1477,49760,1431,2,1
9211,49759,1427,1,0
1477,49759,1431,2,1
9211,49758,1427,1,0
1477,49758,1431,2,1
9211,49757,1427,1,0
1477,49757,1431,2,1
9211,49756,1417,1,0
1477,49756,1421,2,1
9211,49755,1417,1,0
1477,49755,1421,2,1
9211,49754,1417,1,0
1477,49754,1421,2,1
9211,49753,1417,1,0
1477,49753,1421,2,1
9211,49752,1417,1,0
1477,49752,1421,2,1
9211,49751,1417,1,0
1477,49751,1421,2,1
9211,49750,1417,1,0
1477,49750,1421,2,1
9211,49749,1417,1,0
1477,49749,1421,2,1
9211,49748,1417,1,0
1477,49748,1421,2,1
9211,49747,1417,1,0
1477,49747,1421,2,1
9211,49746,1407,1,0
1477,49746,1411,2,1
9211,49745,1407,1,0
1477,49745,1411,2,1
9211,49744,1407,1,0
1477,49744,1411,2,1
9211,49743,1407,1,0
1477,49743,1411,2,1
9211,49742,1407,1,0
1477,49742,1411,2,1
9211,49741,1407,1,0
1477,49741,1411,2,1
9211,49740,1407,1,0
1477,49740,1411,2,1
9211,49738,1407,1,0
1477,49738,1411,2,1
9211,49737,1407,1,0
1477,49737,1411,2,1
9211,49736,1397,1,0
1477,49736,1401,2,1
9211,49735,1397,1,0
1477,49735,1401,2,1
9211,49734,1397,1,0
1477,49734,1401,2,1
9211,49733,1397,1,0
1477,49733,1401,2,1
9211,49732,1397,1,0
1477,49732,1401,2,1
9211,49731,1397,1,0
1477,49731,1401,2,1
9211,49739,1407,1,0
1477,49739,1411,2,1
9211,49730,1397,1,0
1477,49730,1401,2,1
9211,49727,1397,1,0
1477,49727,1401,2,1
9211,49726,1387,1,0
1477,49726,1391,2,1
9211,49725,1387,1,0
1477,49725,1391,2,1
9211,49724,1387,1,0
1477,49724,1391,2,1
9211,49723,1387,1,0
1477,49723,1391,2,1
9211,49722,1387,1,0
1477,49722,1391,2,1
9211,49721,1387,1,0
1477,49721,1391,2,1
9211,49720,1387,1,0
1477,49720,1391,2,1
9211,49729,1397,1,0
1477,49729,1401,2,1
9211,49728,1397,1,0
1477,49728,1401,2,1
1056,35317,1515,1,0
9211,35317,1517,2,1
9211,35316,1247,1,0
1477,35316,1251,2,1
9211,35315,1237,1,0
1477,35315,1241,2,1
9211,35314,1227,1,0
1477,35314,1231,2,1
9211,35313,1217,1,0
1477,35313,1221,2,1
9211,35312,1207,1,0
1477,35312,1211,2,1
9211,35311,1197,1,0
1477,35311,1201,2,1
9211,35310,1167,1,0
1477,35310,1171,2,1
1056,35319,1525,1,0
9211,35319,1527,2,1
9211,35318,1497,1,0
1477,35318,1501,2,1
1056,35306,1435,1,0
9211,35306,1437,2,1
1056,35305,1425,1,0
9211,35305,1427,2,1
1056,35304,1415,1,0
9211,35304,1417,2,1
1056,35303,1405,1,0
9211,35303,1407,2,1
1056,35302,1395,1,0
9211,35302,1397,2,1
1056,35301,1385,1,0
9211,35301,1387,2,1
1056,35300,1375,1,0
9211,35300,1377,2,1
1056,35309,1465,1,0
9211,35309,1467,2,1
1056,35308,1455,1,0
9211,35308,1457,2,1
1056,35307,1445,1,0
9211,35307,1447,2,1
9211,35276,1297,1,0
1477,35276,1301,2,1
9211,35275,1307,1,0
1477,35275,1311,2,1
9211,35274,1317,1,0
1477,35274,1321,2,1
9211,35273,1327,1,0
1477,35273,1331,2,1
9211,35272,1337,1,0
1477,35272,1341,2,1
9211,35271,1347,1,0
1477,35271,1351,2,1
9211,35270,1357,1,0
1477,35270,1361,2,1
9211,35279,1267,1,0
1477,35279,1271,2,1
9211,35278,1277,1,0
1477,35278,1281,2,1
9211,35277,1287,1,0
1477,35277,1291,2,1
9211,35265,1407,1,0
1477,35265,1411,2,1
9211,35264,1417,1,0
1477,35264,1421,2,1
9211,35263,1427,1,0
1477,35263,1431,2,1
9211,35262,1437,1,0
1477,35262,1441,2,1
9211,35261,1447,1,0
1477,35261,1451,2,1
9211,35260,1457,1,0
1477,35260,1461,2,1
9211,35269,1367,1,0
1477,35269,1371,2,1
9211,35268,1377,1,0
1477,35268,1381,2,1
9211,35267,1387,1,0
1477,35267,1391,2,1
9211,35266,1397,1,0
1477,35266,1401,2,1
9211,35254,412,1,0
1477,35254,416,2,1
9211,35253,402,1,0
1477,35253,406,2,1
9211,35252,392,1,0
1477,35252,396,2,1
9211,35251,382,1,0
1477,35251,386,2,1
9211,35250,372,1,0
1477,35250,376,2,1
9211,35259,1467,1,0
1477,35259,1471,2,1
9211,35258,452,1,0
1477,35258,456,2,1
9211,35257,442,1,0
1477,35257,446,2,1
9211,35256,432,1,0
1477,35256,436,2,1
9211,35255,422,1,0
1477,35255,426,2,1
1056,35243,440,1,0
9211,35243,442,2,1
1056,35242,430,1,0
9211,35242,432,2,1
1056,35241,420,1,0
9211,35241,422,2,1
1056,35240,410,1,0
9211,35240,412,2,1
9211,35249,362,1,0
1477,35249,366,2,1
9211,35248,352,1,0
1477,35248,356,2,1
9211,35247,342,1,0
1477,35247,346,2,1
9211,35246,332,1,0
1477,35246,336,2,1
9211,35245,322,1,0
1477,35245,326,2,1
1056,35244,450,1,0
9211,35244,452,2,1
1056,35232,330,1,0
9211,35232,332,2,1
1056,35231,320,1,0
9211,35231,322,2,1
1056,35239,400,1,0
9211,35239,402,2,1
1056,35238,390,1,0
9211,35238,392,2,1
1056,35237,380,1,0
9211,35237,382,2,1
1056,35236,370,1,0
9211,35236,372,2,1
1056,35235,360,1,0
9211,35235,362,2,1
1056,35234,350,1,0
9211,35234,352,2,1
1056,35233,340,1,0
9211,35233,342,2,1
9211,49840,1537,1,0
1477,49840,1541,2,1
1056,35290,1275,1,0
9211,35290,1277,2,1
1056,35298,1355,1,0
9211,35298,1357,2,1
1056,35297,1345,1,0
9211,35297,1347,2,1
1056,35296,1335,1,0
9211,35296,1337,2,1
1056,35295,1325,1,0
9211,35295,1327,2,1
1056,35294,1315,1,0
9211,35294,1317,2,1
1056,35293,1305,1,0
9211,35293,1307,2,1
1056,35292,1295,1,0
9211,35292,1297,2,1
1056,35291,1285,1,0
9211,35291,1287,2,1
1056,35299,1365,1,0
9211,35299,1367,2,1
1056,35287,1245,1,0
9211,35287,1247,2,1
1056,35286,1235,1,0
9211,35286,1237,2,1
1056,35285,1225,1,0
9211,35285,1227,2,1
1056,35284,1215,1,0
9211,35284,1217,2,1
1056,35283,1205,1,0
9211,35283,1207,2,1
1056,35282,1195,1,0
9211,35282,1197,2,1
1056,35281,1165,1,0
9211,35281,1167,2,1
9211,35280,1257,1,0
1477,35280,1261,2,1
1056,35289,1265,1,0
9211,35289,1267,2,1
1056,35288,1255,1,0
9211,35288,1257,2,1
1056,35430,625,1,0
9211,35430,627,2,1
1056,35438,705,1,0
9211,35438,707,2,1
1056,35437,695,1,0
9211,35437,697,2,1
1056,35436,685,1,0
9211,35436,687,2,1
1056,35435,675,1,0
9211,35435,677,2,1
1056,35434,665,1,0
9211,35434,667,2,1
1056,35433,655,1,0
9211,35433,657,2,1
1056,35432,645,1,0
9211,35432,647,2,1
1056,35431,635,1,0
9211,35431,637,2,1
1056,35439,715,1,0
9211,35439,717,2,1
1056,35427,595,1,0
9211,35427,597,2,1
9211,35426,1187,1,0
1477,35426,1191,2,1
9211,35425,1177,1,0
1477,35425,1181,2,1
1056,35424,1185,1,0
9211,35424,1187,2,1
1056,35423,1175,1,0
9211,35423,1177,2,1
1056,35422,1395,1,0
9211,35422,1397,2,1
1056,35421,1385,1,0
9211,35421,1387,2,1
1056,35420,1375,1,0
9211,35420,1377,2,1
1056,35429,615,1,0
9211,35429,617,2,1
1056,35428,605,1,0
9211,35428,607,2,1
1056,35416,1335,1,0
9211,35416,1337,2,1
1056,35415,1325,1,0
9211,35415,1327,2,1
1056,35414,1315,1,0
9211,35414,1317,2,1
1056,35413,1305,1,0
9211,35413,1307,2,1
1056,35412,1295,1,0
9211,35412,1297,2,1
1056,35411,1285,1,0
9211,35411,1287,2,1
1056,35410,1275,1,0
9211,35410,1277,2,1
1056,35419,1365,1,0
9211,35419,1367,2,1
1056,35418,1355,1,0
9211,35418,1357,2,1
1056,35417,1345,1,0
9211,35417,1347,2,1
1056,35405,1225,1,0
9211,35405,1227,2,1
1056,35404,1215,1,0
9211,35404,1217,2,1
1056,35403,1205,1,0
9211,35403,1207,2,1
1056,35402,1195,1,0
9211,35402,1197,2,1
1056,35401,1165,1,0
9211,35401,1167,2,1
1056,35400,1415,1,0
9211,35400,1417,2,1
1056,35409,1265,1,0
9211,35409,1267,2,1
1056,35408,1255,1,0
9211,35408,1257,2,1
1056,35407,1245,1,0
9211,35407,1247,2,1
1056,35406,1235,1,0
9211,35406,1237,2,1
9211,35397,1197,1,0
1477,35397,1201,2,1
1056,35396,1445,1,0
9211,35396,1447,2,1
1056,35395,1405,1,0
9211,35395,1407,2,1
1056,35394,1465,1,0
9211,35394,1467,2,1
1056,35393,1425,1,0
9211,35393,1427,2,1
9211,35392,1167,1,0
1477,35392,1171,2,1
9211,35391,1207,1,0
1477,35391,1211,2,1
9211,35390,1257,1,0
1477,35390,1261,2,1
1056,35399,1435,1,0
9211,35399,1437,2,1
1056,35398,1455,1,0
9211,35398,1457,2,1
9211,35386,1297,1,0
1477,35386,1301,2,1
9211,35385,1307,1,0
1477,35385,1311,2,1
9211,35384,1317,1,0
1477,35384,1321,2,1
9211,35383,1327,1,0
1477,35383,1331,2,1
9211,35382,1337,1,0
1477,35382,1341,2,1
9211,35381,1347,1,0
1477,35381,1351,2,1
9211,35380,1357,1,0
1477,35380,1361,2,1
9211,35389,1267,1,0
1477,35389,1271,2,1
9211,35388,1277,1,0
1477,35388,1281,2,1
9211,35387,1287,1,0
1477,35387,1291,2,1
9211,35375,1407,1,0
1477,35375,1411,2,1
9211,35374,1417,1,0
1477,35374,1421,2,1
9211,35373,1427,1,0
1477,35373,1431,2,1
9211,35372,1437,1,0
1477,35372,1441,2,1
9211,35371,1447,1,0
1477,35371,1451,2,1
9211,35370,1457,1,0
1477,35370,1461,2,1
9211,35379,1367,1,0
1477,35379,1371,2,1
9211,35378,1377,1,0
1477,35378,1381,2,1
9211,35377,1387,1,0
1477,35377,1391,2,1
9211,35376,1397,1,0
1477,35376,1401,2,1
9211,35364,567,1,0
1477,35364,571,2,1
9211,35363,557,1,0
1477,35363,561,2,1
9211,35362,547,1,0
1477,35362,551,2,1
9211,35361,537,1,0
1477,35361,541,2,1
9211,35360,527,1,0
1477,35360,531,2,1
9211,35369,1467,1,0
1477,35369,1471,2,1
9211,35368,1217,1,0
1477,35368,1221,2,1
9211,35367,1237,1,0
1477,35367,1241,2,1
9211,35366,587,1,0
1477,35366,591,2,1
9211,35365,577,1,0
1477,35365,581,2,1
9211,35353,457,1,0
1477,35353,461,2,1
9211,35352,1227,1,0
1477,35352,1231,2,1
9211,35351,1247,1,0
1477,35351,1251,2,1
1056,35350,1475,1,0
9211,35350,1477,2,1
9211,35359,517,1,0
1477,35359,521,2,1
9211,35358,507,1,0
1477,35358,511,2,1
9211,35357,497,1,0
1477,35357,501,2,1
9211,35356,487,1,0
1477,35356,491,2,1
9211,35355,477,1,0
1477,35355,481,2,1
9211,35354,467,1,0
1477,35354,471,2,1
1056,35342,525,1,0
9211,35342,527,2,1
1056,35341,515,1,0
9211,35341,517,2,1
1056,35340,505,1,0
9211,35340,507,2,1
9211,35349,1477,1,0
1477,35349,1481,2,1
1056,35348,585,1,0
9211,35348,587,2,1
1056,35347,575,1,0
9211,35347,577,2,1
1056,35346,565,1,0
9211,35346,567,2,1
1056,35345,555,1,0
9211,35345,557,2,1
1056,35344,545,1,0
9211,35344,547,2,1
1056,35343,535,1,0
9211,35343,537,2,1
1056,35331,1175,1,0
9211,35331,1177,2,1
9211,35330,1477,1,0
1477,35330,1481,2,1
1056,35339,495,1,0
9211,35339,497,2,1
1056,35338,485,1,0
9211,35338,487,2,1
1056,35337,475,1,0
9211,35337,477,2,1
1056,35336,465,1,0
9211,35336,467,2,1
1056,35335,455,1,0
9211,35335,457,2,1
9211,35334,1187,1,0
1477,35334,1191,2,1
9211,35333,1177,1,0
1477,35333,1181,2,1
1056,35332,1185,1,0
9211,35332,1187,2,1
9211,35320,1487,1,0
1477,35320,1491,2,1
9211,35328,1517,1,0
1477,35328,1521,2,1
1056,35327,1495,1,0
9211,35327,1497,2,1
1056,35326,1505,1,0
9211,35326,1507,2,1
1056,35325,1485,1,0
9211,35325,1487,2,1
1056,35324,1535,1,0
9211,35324,1537,2,1
9211,35323,1537,1,0
1477,35323,1541,2,1
1056,35322,1475,1,0
9211,35322,1477,2,1
9211,35321,1527,1,0
1477,35321,1531,2,1
9211,35329,1507,1,0
1477,35329,1511,2,1
9211,35540,1157,1,0
1477,35540,1161,2,1
9211,35537,1127,1,0
1477,35537,1131,2,1
9211,35536,1117,1,0
1477,35536,1121,2,1
9211,35535,1107,1,0
1477,35535,1111,2,1
9211,35534,1097,1,0
1477,35534,1101,2,1
9211,35533,1087,1,0
1477,35533,1091,2,1
9211,35532,1077,1,0
1477,35532,1081,2,1
9211,35531,1067,1,0
1477,35531,1071,2,1
9211,35530,1057,1,0
1477,35530,1061,2,1
9211,35539,1147,1,0
1477,35539,1151,2,1
9211,35538,1137,1,0
1477,35538,1141,2,1
9211,35526,1017,1,0
1477,35526,1021,2,1
9211,35525,1007,1,0
1477,35525,1011,2,1
9211,35524,997,1,0
1477,35524,1001,2,1
9211,35523,987,1,0
1477,35523,991,2,1
9211,35522,977,1,0
1477,35522,981,2,1
9211,35521,967,1,0
1477,35521,971,2,1
9211,35520,957,1,0
1477,35520,961,2,1
9211,35529,1047,1,0
1477,35529,1051,2,1
9211,35528,1037,1,0
1477,35528,1041,2,1
9211,35527,1027,1,0
1477,35527,1031,2,1
9211,35515,907,1,0
1477,35515,911,2,1
9211,35514,897,1,0
1477,35514,901,2,1
9211,35513,887,1,0
1477,35513,891,2,1
9211,35512,877,1,0
1477,35512,881,2,1
9211,35511,867,1,0
1477,35511,871,2,1
9211,35510,857,1,0
1477,35510,861,2,1
9211,35519,947,1,0
1477,35519,951,2,1
9211,35518,937,1,0
1477,35518,941,2,1
9211,35517,927,1,0
1477,35517,931,2,1
9211,35516,917,1,0
1477,35516,921,2,1
9211,35504,797,1,0
1477,35504,801,2,1
9211,35503,787,1,0
1477,35503,791,2,1
9211,35502,777,1,0
1477,35502,781,2,1
9211,35501,767,1,0
1477,35501,771,2,1
9211,35500,757,1,0
1477,35500,761,2,1
9211,35509,847,1,0
1477,35509,851,2,1
9211,35508,837,1,0
1477,35508,841,2,1
9211,35507,827,1,0
1477,35507,831,2,1
9211,35506,817,1,0
1477,35506,821,2,1
9211,35505,807,1,0
1477,35505,811,2,1
9211,35496,717,1,0
1477,35496,721,2,1
9211,35495,707,1,0
1477,35495,711,2,1
9211,35494,697,1,0
1477,35494,701,2,1
9211,35493,687,1,0
1477,35493,691,2,1
9211,35492,677,1,0
1477,35492,681,2,1
9211,35491,667,1,0
1477,35491,671,2,1
9211,35490,657,1,0
1477,35490,661,2,1
9211,35499,747,1,0
1477,35499,751,2,1
9211,35498,737,1,0
1477,35498,741,2,1
9211,35497,727,1,0
1477,35497,731,2,1
9211,35485,607,1,0
1477,35485,611,2,1
9211,35484,597,1,0
1477,35484,601,2,1
1056,35483,1155,1,0
9211,35483,1157,2,1
1056,35482,1145,1,0
9211,35482,1147,2,1
1056,35481,1135,1,0
9211,35481,1137,2,1
1056,35480,1125,1,0
9211,35480,1127,2,1
9211,35489,647,1,0
1477,35489,651,2,1
9211,35488,637,1,0
1477,35488,641,2,1
9211,35487,627,1,0
1477,35487,631,2,1
9211,35486,617,1,0
1477,35486,621,2,1
1056,35474,1065,1,0
9211,35474,1067,2,1
1056,35473,1055,1,0
9211,35473,1057,2,1
1056,35472,1045,1,0
9211,35472,1047,2,1
1056,35471,1035,1,0
9211,35471,1037,2,1
1056,35470,1025,1,0
9211,35470,1027,2,1
1056,35479,1115,1,0
9211,35479,1117,2,1
1056,35478,1105,1,0
9211,35478,1107,2,1
1056,35477,1095,1,0
9211,35477,1097,2,1
1056,35476,1085,1,0
9211,35476,1087,2,1
1056,35475,1075,1,0
9211,35475,1077,2,1
1056,35463,955,1,0
9211,35463,957,2,1
1056,35462,945,1,0
9211,35462,947,2,1
1056,35461,935,1,0
9211,35461,937,2,1
1056,35460,925,1,0
9211,35460,927,2,1
1056,35469,1015,1,0
9211,35469,1017,2,1
1056,35468,1005,1,0
9211,35468,1007,2,1
1056,35467,995,1,0
9211,35467,997,2,1
1056,35466,985,1,0
9211,35466,987,2,1
1056,35465,975,1,0
9211,35465,977,2,1
1056,35464,965,1,0
9211,35464,967,2,1
1056,35452,845,1,0
9211,35452,847,2,1
1056,35451,835,1,0
9211,35451,837,2,1
1056,35450,825,1,0
9211,35450,827,2,1
1056,35459,915,1,0
9211,35459,917,2,1
1056,35458,905,1,0
9211,35458,907,2,1
1056,35457,895,1,0
9211,35457,897,2,1
1056,35456,885,1,0
9211,35456,887,2,1
1056,35455,875,1,0
9211,35455,877,2,1
1056,35454,865,1,0
9211,35454,867,2,1
1056,35453,855,1,0
9211,35453,857,2,1
1056,35441,735,1,0
9211,35441,737,2,1
1056,35440,725,1,0
9211,35440,727,2,1
1056,35449,815,1,0
9211,35449,817,2,1
1056,35448,805,1,0
9211,35448,807,2,1
1056,35447,795,1,0
9211,35447,797,2,1
1056,35446,785,1,0
9211,35446,787,2,1
1056,35445,775,1,0
9211,35445,777,2,1
1056,35444,765,1,0
9211,35444,767,2,1
1056,35443,755,1,0
9211,35443,757,2,1
1056,35442,745,1,0
9211,35442,747,2,1
