arret_id,trajet_id,heure_depart,stop_sequence,terminus
cxmalter,2940,1098,1,0
belaive1,2940,1100,2,0
egvern1,2940,1101,3,0
cxrouve1,2940,1102,4,0
fossega1,2940,1103,5,0
solidor1,2940,1105,6,0
hteabb1,2940,1106,7,0
bretoni3,2940,1109,8,0
valdors1,2940,1110,9,0
garenne1,2940,1110,10,0
hallerv1,2940,1111,11,0
martich1,2940,1112,12,0
poteri4,2940,1116,13,0
galicie1,2940,1117,14,0
steelis2,2940,1118,15,0
hopisud2,2940,1119,16,0
torigne2,2940,1120,17,0
tage2,2940,1121,18,0
douro2,2940,1122,19,0
portuga2,2940,1123,20,0
frevi04,2940,1125,21,0
norvege2,2940,1127,22,0
lybrqsu2,2940,1129,23,0
eboue2,2940,1130,24,0
vallstj2,2940,1133,25,0
janaich2,2940,1135,26,0
cxpotie2,2940,1137,27,0
doublee3,2940,1141,28,0
lavoisi2,2940,1142,29,0
chnigue2,2940,1143,30,0
bobinai2,2940,1144,31,0
pasteur2,2940,1145,32,0
dugues2,2940,1146,33,0
epalet2,2940,1147,34,0
noebru2,2940,1149,35,0
herveri2,2940,1150,36,0
cenbru2,2940,1151,37,1
cenbru2,1845,837,1,0
herveri1,1845,838,2,0
noebru1,1845,840,3,0
epalet1,1845,841,4,0
dugues1,1845,842,5,0
pasteur1,1845,843,6,0
bobinai1,1845,844,7,0
chnigue1,1845,845,8,0
lavoisi1,1845,845,9,0
doublee4,1845,847,10,0
cxpotie1,1845,850,11,0
janaich1,1845,853,12,0
vallstj1,1845,855,13,0
eboue1,1845,859,14,0
lybrqsu1,1845,861,15,0
norvege1,1845,862,16,0
frevi01,1845,866,17,0
portuga1,1845,868,18,0
douro1,1845,869,19,0
tage1,1845,870,20,0
torigne1,1845,872,21,0
hopisud1,1845,873,22,0
steelis1,1845,873,23,0
galicie2,1845,874,24,0
potepl2,1845,876,25,0
martich2,1845,879,26,0
hallerv2,1845,880,27,0
garenne2,1845,881,28,0
valdors2,1845,881,29,0
bretoni4,1845,882,30,0
hteabb2,1845,884,31,0
solidor2,1845,885,32,0
fossega2,1845,886,33,0
cxrouve2,1845,887,34,0
egvern2,1845,888,35,0
belaive2,1845,890,36,0
toucver2,1845,891,37,0
cxmalter,1845,892,38,1
cenbru2,514,557,1,0
herveri1,514,558,2,0
noebru1,514,560,3,0
epalet1,514,561,4,0
dugues1,514,562,5,0
pasteur1,514,563,6,0
bobinai1,514,564,7,0
chnigue1,514,565,8,0
lavoisi1,514,565,9,0
doublee4,514,567,10,0
cxpotie1,514,570,11,0
janaich1,514,573,12,0
vallstj1,514,574,13,0
eboue1,514,578,14,0
lybrqsu1,514,580,15,0
norvege1,514,581,16,0
frevi01,514,584,17,0
portuga1,514,587,18,0
douro1,514,588,19,0
tage1,514,589,20,0
torigne1,514,590,21,0
hopisud1,514,591,22,0
steelis1,514,592,23,0
galicie2,514,593,24,0
potepl2,514,595,25,0
martich2,514,598,26,0
hallerv2,514,599,27,0
garenne2,514,600,28,0
valdors2,514,600,29,0
bretoni4,514,601,30,0
hteabb2,514,604,31,0
solidor2,514,605,32,0
fossega2,514,606,33,0
cxrouve2,514,607,34,0
egvern2,514,608,35,0
belaive2,514,610,36,0
toucver2,514,611,37,0
cxmalter,514,612,38,1
cxmalter,1830,1008,1,0
belaive1,1830,1010,2,0
egvern1,1830,1011,3,0
cxrouve1,1830,1012,4,0
fossega1,1830,1013,5,0
solidor1,1830,1015,6,0
hteabb1,1830,1016,7,0
bretoni3,1830,1019,8,0
valdors1,1830,1020,9,0
garenne1,1830,1020,10,0
hallerv1,1830,1021,11,0
martich1,1830,1022,12,0
poteri4,1830,1026,13,0
galicie1,1830,1027,14,0
steelis2,1830,1028,15,0
hopisud2,1830,1029,16,0
torigne2,1830,1030,17,0
tage2,1830,1031,18,0
douro2,1830,1032,19,0
portuga2,1830,1033,20,0
frevi04,1830,1035,21,0
norvege2,1830,1037,22,0
lybrqsu2,1830,1039,23,0
eboue2,1830,1040,24,0
vallstj2,1830,1043,25,0
janaich2,1830,1045,26,0
cxpotie2,1830,1048,27,0
doublee3,1830,1052,28,0
lavoisi2,1830,1053,29,0
chnigue2,1830,1054,30,0
bobinai2,1830,1055,31,0
pasteur2,1830,1056,32,0
dugues2,1830,1057,33,0
epalet2,1830,1058,34,0
noebru2,1830,1060,35,0
herveri2,1830,1061,36,0
cenbru2,1830,1062,37,1
cenbru2,2962,587,1,0
herveri1,2962,588,2,0
noebru1,2962,590,3,0
epalet1,2962,591,4,0
dugues1,2962,592,5,0
pasteur1,2962,593,6,0
bobinai1,2962,594,7,0
chnigue1,2962,595,8,0
lavoisi1,2962,595,9,0
doublee4,2962,597,10,0
cxpotie1,2962,600,11,0
janaich1,2962,603,12,0
vallstj1,2962,604,13,0
eboue1,2962,608,14,0
lybrqsu1,2962,610,15,0
norvege1,2962,611,16,0
frevi01,2962,614,17,0
portuga1,2962,617,18,0
douro1,2962,618,19,0
tage1,2962,619,20,0
torigne1,2962,620,21,0
hopisud1,2962,621,22,0
steelis1,2962,622,23,0
galicie2,2962,623,24,0
potepl2,2962,625,25,0
martich2,2962,628,26,0
hallerv2,2962,629,27,0
garenne2,2962,630,28,0
valdors2,2962,630,29,0
bretoni4,2962,631,30,0
hteabb2,2962,634,31,0
solidor2,2962,635,32,0
fossega2,2962,636,33,0
cxrouve2,2962,637,34,0
egvern2,2962,638,35,0
belaive2,2962,640,36,0
toucver2,2962,641,37,0
cxmalter,2962,642,38,1
cxmalter,2918,1038,1,0
belaive1,2918,1040,2,0
egvern1,2918,1041,3,0
cxrouve1,2918,1042,4,0
fossega1,2918,1043,5,0
solidor1,2918,1045,6,0
hteabb1,2918,1046,7,0
bretoni3,2918,1049,8,0
valdors1,2918,1050,9,0
garenne1,2918,1050,10,0
hallerv1,2918,1051,11,0
martich1,2918,1052,12,0
poteri4,2918,1056,13,0
galicie1,2918,1057,14,0
steelis2,2918,1058,15,0
hopisud2,2918,1059,16,0
torigne2,2918,1060,17,0
tage2,2918,1061,18,0
douro2,2918,1062,19,0
portuga2,2918,1063,20,0
frevi04,2918,1065,21,0
norvege2,2918,1067,22,0
lybrqsu2,2918,1069,23,0
eboue2,2918,1070,24,0
vallstj2,2918,1073,25,0
janaich2,2918,1075,26,0
cxpotie2,2918,1078,27,0
doublee3,2918,1082,28,0
lavoisi2,2918,1083,29,0
chnigue2,2918,1084,30,0
bobinai2,2918,1085,31,0
pasteur2,2918,1086,32,0
dugues2,2918,1087,33,0
epalet2,2918,1088,34,0
noebru2,2918,1090,35,0
herveri2,2918,1091,36,0
cenbru2,2918,1092,37,1
cxmalter,1856,778,1,0
belaive1,1856,780,2,0
egvern1,1856,781,3,0
cxrouve1,1856,782,4,0
fossega1,1856,783,5,0
solidor1,1856,785,6,0
hteabb1,1856,786,7,0
bretoni3,1856,789,8,0
valdors1,1856,790,9,0
garenne1,1856,790,10,0
hallerv1,1856,791,11,0
martich1,1856,792,12,0
poteri4,1856,796,13,0
galicie1,1856,797,14,0
steelis2,1856,798,15,0
hopisud2,1856,799,16,0
torigne2,1856,800,17,0
tage2,1856,801,18,0
douro2,1856,802,19,0
portuga2,1856,803,20,0
frevi04,1856,805,21,0
norvege2,1856,807,22,0
lybrqsu2,1856,809,23,0
eboue2,1856,810,24,0
vallstj2,1856,813,25,0
janaich2,1856,815,26,0
cxpotie2,1856,817,27,0
doublee3,1856,821,28,0
lavoisi2,1856,822,29,0
chnigue2,1856,823,30,0
bobinai2,1856,824,31,0
pasteur2,1856,825,32,0
dugues2,1856,826,33,0
epalet2,1856,827,34,0
noebru2,1856,829,35,0
herveri2,1856,830,36,0
cenbru2,1856,831,37,1
cenbru2,1878,517,1,0
herveri1,1878,518,2,0
noebru1,1878,520,3,0
epalet1,1878,521,4,0
dugues1,1878,522,5,0
pasteur1,1878,523,6,0
bobinai1,1878,524,7,0
chnigue1,1878,525,8,0
lavoisi1,1878,525,9,0
doublee4,1878,527,10,0
cxpotie1,1878,530,11,0
janaich1,1878,533,12,0
vallstj1,1878,534,13,0
eboue1,1878,538,14,0
lybrqsu1,1878,540,15,0
norvege1,1878,541,16,0
frevi01,1878,545,17,0
portuga1,1878,547,18,0
douro1,1878,548,19,0
tage1,1878,549,20,0
torigne1,1878,551,21,0
hopisud1,1878,552,22,0
steelis1,1878,552,23,0
galicie2,1878,553,24,0
potepl2,1878,555,25,0
martich2,1878,558,26,0
hallerv2,1878,559,27,0
garenne2,1878,560,28,0
valdors2,1878,560,29,0
bretoni4,1878,561,30,0
hteabb2,1878,563,31,0
solidor2,1878,564,32,0
fossega2,1878,565,33,0
cxrouve2,1878,566,34,0
egvern2,1878,567,35,0
belaive2,1878,569,36,0
toucver2,1878,570,37,0
cxmalter,1878,571,38,1
cxmalter,4624,798,1,0
belaive1,4624,800,2,0
egvern1,4624,801,3,0
cxrouve1,4624,802,4,0
fossega1,4624,803,5,0
solidor1,4624,805,6,0
hteabb1,4624,806,7,0
bretoni3,4624,809,8,0
valdors1,4624,810,9,0
garenne1,4624,810,10,0
hallerv1,4624,811,11,0
martich1,4624,812,12,0
poteri4,4624,816,13,0
galicie1,4624,817,14,0
steelis2,4624,818,15,0
hopisud2,4624,819,16,0
torigne2,4624,820,17,0
tage2,4624,821,18,0
douro2,4624,822,19,0
portuga2,4624,823,20,0
frevi04,4624,825,21,0
norvege2,4624,827,22,0
lybrqsu2,4624,829,23,0
eboue2,4624,830,24,0
vallstj2,4624,833,25,0
janaich2,4624,835,26,0
cxpotie2,4624,837,27,0
doublee3,4624,841,28,0
lavoisi2,4624,842,29,0
chnigue2,4624,843,30,0
bobinai2,4624,844,31,0
pasteur2,4624,845,32,0
dugues2,4624,846,33,0
epalet2,4624,847,34,0
noebru2,4624,849,35,0
herveri2,4624,850,36,0
cenbru2,4624,851,37,1
cxmalter,422,708,1,0
belaive1,422,710,2,0
egvern1,422,711,3,0
cxrouve1,422,712,4,0
fossega1,422,713,5,0
solidor1,422,715,6,0
hteabb1,422,716,7,0
bretoni3,422,719,8,0
valdors1,422,720,9,0
garenne1,422,720,10,0
hallerv1,422,721,11,0
martich1,422,722,12,0
poteri4,422,726,13,0
galicie1,422,727,14,0
steelis2,422,728,15,0
hopisud2,422,729,16,0
torigne2,422,730,17,0
tage2,422,731,18,0
douro2,422,732,19,0
portuga2,422,733,20,0
frevi04,422,735,21,0
norvege2,422,737,22,0
lybrqsu2,422,739,23,0
eboue2,422,740,24,0
vallstj2,422,743,25,0
janaich2,422,745,26,0
cxpotie2,422,747,27,0
doublee3,422,751,28,0
lavoisi2,422,752,29,0
chnigue2,422,753,30,0
bobinai2,422,754,31,0
pasteur2,422,755,32,0
dugues2,422,756,33,0
epalet2,422,757,34,0
noebru2,422,759,35,0
herveri2,422,760,36,0
cenbru2,422,761,37,1
cxmalter,1752,888,1,0
belaive1,1752,890,2,0
egvern1,1752,891,3,0
cxrouve1,1752,892,4,0
fossega1,1752,893,5,0
solidor1,1752,895,6,0
hteabb1,1752,896,7,0
bretoni3,1752,899,8,0
valdors1,1752,900,9,0
garenne1,1752,900,10,0
hallerv1,1752,901,11,0
martich1,1752,902,12,0
poteri4,1752,906,13,0
galicie1,1752,907,14,0
steelis2,1752,908,15,0
hopisud2,1752,909,16,0
torigne2,1752,910,17,0
tage2,1752,911,18,0
douro2,1752,912,19,0
portuga2,1752,913,20,0
frevi04,1752,915,21,0
norvege2,1752,917,22,0
lybrqsu2,1752,919,23,0
eboue2,1752,920,24,0
vallstj2,1752,923,25,0
janaich2,1752,925,26,0
cxpotie2,1752,927,27,0
doublee3,1752,931,28,0
lavoisi2,1752,932,29,0
chnigue2,1752,933,30,0
bobinai2,1752,934,31,0
pasteur2,1752,935,32,0
dugues2,1752,936,33,0
epalet2,1752,937,34,0
noebru2,1752,939,35,0
herveri2,1752,940,36,0
cenbru2,1752,941,37,1
cxmalter,1739,1018,1,0
belaive1,1739,1020,2,0
egvern1,1739,1021,3,0
cxrouve1,1739,1022,4,0
fossega1,1739,1023,5,0
solidor1,1739,1025,6,0
hteabb1,1739,1026,7,0
bretoni3,1739,1029,8,0
valdors1,1739,1030,9,0
garenne1,1739,1030,10,0
hallerv1,1739,1031,11,0
martich1,1739,1032,12,0
poteri4,1739,1036,13,0
galicie1,1739,1037,14,0
steelis2,1739,1038,15,0
hopisud2,1739,1039,16,0
torigne2,1739,1040,17,0
tage2,1739,1041,18,0
douro2,1739,1042,19,0
portuga2,1739,1043,20,0
frevi04,1739,1045,21,0
norvege2,1739,1047,22,0
lybrqsu2,1739,1049,23,0
eboue2,1739,1050,24,0
vallstj2,1739,1053,25,0
janaich2,1739,1055,26,0
cxpotie2,1739,1057,27,0
doublee3,1739,1061,28,0
lavoisi2,1739,1062,29,0
chnigue2,1739,1063,30,0
bobinai2,1739,1064,31,0
pasteur2,1739,1065,32,0
dugues2,1739,1066,33,0
epalet2,1739,1067,34,0
noebru2,1739,1069,35,0
herveri2,1739,1070,36,0
cenbru2,1739,1071,37,1
cxmalter,24,978,1,0
belaive1,24,980,2,0
egvern1,24,981,3,0
cxrouve1,24,982,4,0
fossega1,24,983,5,0
solidor1,24,985,6,0
hteabb1,24,986,7,0
bretoni3,24,989,8,0
valdors1,24,990,9,0
garenne1,24,990,10,0
hallerv1,24,991,11,0
martich1,24,992,12,0
poteri4,24,996,13,0
galicie1,24,997,14,0
steelis2,24,998,15,0
hopisud2,24,999,16,0
torigne2,24,1000,17,0
tage2,24,1001,18,0
douro2,24,1002,19,0
portuga2,24,1003,20,0
frevi04,24,1005,21,0
norvege2,24,1007,22,0
lybrqsu2,24,1009,23,0
eboue2,24,1010,24,0
vallstj2,24,1013,25,0
janaich2,24,1015,26,0
cxpotie2,24,1017,27,0
doublee3,24,1021,28,0
lavoisi2,24,1022,29,0
chnigue2,24,1023,30,0
bobinai2,24,1024,31,0
pasteur2,24,1025,32,0
dugues2,24,1026,33,0
epalet2,24,1027,34,0
noebru2,24,1029,35,0
herveri2,24,1030,36,0
cenbru2,24,1031,37,1
cxmalter,84,818,1,0
belaive1,84,820,2,0
egvern1,84,821,3,0
cxrouve1,84,822,4,0
fossega1,84,823,5,0
solidor1,84,825,6,0
hteabb1,84,826,7,0
bretoni3,84,829,8,0
valdors1,84,830,9,0
garenne1,84,830,10,0
hallerv1,84,831,11,0
martich1,84,832,12,0
poteri4,84,836,13,0
galicie1,84,837,14,0
steelis2,84,838,15,0
hopisud2,84,839,16,0
torigne2,84,840,17,0
tage2,84,841,18,0
douro2,84,842,19,0
portuga2,84,843,20,0
frevi04,84,845,21,0
norvege2,84,847,22,0
lybrqsu2,84,849,23,0
eboue2,84,850,24,0
vallstj2,84,853,25,0
janaich2,84,855,26,0
cxpotie2,84,857,27,0
doublee3,84,861,28,0
lavoisi2,84,862,29,0
chnigue2,84,863,30,0
bobinai2,84,864,31,0
pasteur2,84,865,32,0
dugues2,84,866,33,0
epalet2,84,867,34,0
noebru2,84,869,35,0
herveri2,84,870,36,0
cenbru2,84,871,37,1
cenbru2,477,557,1,0
herveri1,477,558,2,0
noebru1,477,560,3,0
epalet1,477,561,4,0
dugues1,477,562,5,0
pasteur1,477,563,6,0
bobinai1,477,564,7,0
chnigue1,477,565,8,0
lavoisi1,477,565,9,0
doublee4,477,567,10,0
cxpotie1,477,570,11,0
janaich1,477,573,12,0
vallstj1,477,574,13,0
eboue1,477,578,14,0
lybrqsu1,477,580,15,0
norvege1,477,581,16,0
frevi01,477,585,17,0
portuga1,477,587,18,0
douro1,477,588,19,0
tage1,477,589,20,0
torigne1,477,591,21,0
hopisud1,477,592,22,0
steelis1,477,592,23,0
galicie2,477,593,24,0
potepl2,477,595,25,0
martich2,477,598,26,0
hallerv2,477,599,27,0
garenne2,477,600,28,0
valdors2,477,600,29,0
bretoni4,477,601,30,0
hteabb2,477,603,31,0
solidor2,477,604,32,0
fossega2,477,605,33,0
cxrouve2,477,606,34,0
egvern2,477,607,35,0
belaive2,477,609,36,0
toucver2,477,610,37,0
cxmalter,477,611,38,1
cenbru2,2792,677,1,0
herveri1,2792,678,2,0
noebru1,2792,680,3,0
epalet1,2792,681,4,0
dugues1,2792,682,5,0
pasteur1,2792,683,6,0
bobinai1,2792,684,7,0
chnigue1,2792,685,8,0
lavoisi1,2792,685,9,0
doublee4,2792,687,10,0
cxpotie1,2792,690,11,0
janaich1,2792,693,12,0
vallstj1,2792,694,13,0
eboue1,2792,698,14,0
lybrqsu1,2792,700,15,0
norvege1,2792,701,16,0
frevi01,2792,705,17,0
portuga1,2792,707,18,0
douro1,2792,708,19,0
tage1,2792,709,20,0
torigne1,2792,711,21,0
hopisud1,2792,712,22,0
steelis1,2792,712,23,0
galicie2,2792,713,24,0
potepl2,2792,715,25,0
martich2,2792,718,26,0
hallerv2,2792,719,27,0
garenne2,2792,720,28,0
valdors2,2792,720,29,0
bretoni4,2792,721,30,0
hteabb2,2792,723,31,0
solidor2,2792,724,32,0
fossega2,2792,725,33,0
cxrouve2,2792,726,34,0
egvern2,2792,727,35,0
belaive2,2792,729,36,0
toucver2,2792,730,37,0
cxmalter,2792,731,38,1
cenbru2,303,1197,1,0
herveri1,303,1198,2,0
noebru1,303,1200,3,0
epalet1,303,1201,4,0
dugues1,303,1202,5,0
pasteur1,303,1203,6,0
bobinai1,303,1204,7,0
chnigue1,303,1205,8,0
lavoisi1,303,1205,9,0
doublee4,303,1207,10,0
cxpotie1,303,1210,11,0
janaich1,303,1213,12,0
vallstj1,303,1214,13,0
eboue1,303,1218,14,0
lybrqsu1,303,1220,15,0
norvege1,303,1221,16,0
frevi01,303,1225,17,0
portuga1,303,1227,18,0
douro1,303,1228,19,0
tage1,303,1229,20,0
torigne1,303,1231,21,0
hopisud1,303,1232,22,0
steelis1,303,1232,23,0
galicie2,303,1233,24,0
potepl2,303,1235,25,0
martich2,303,1238,26,0
hallerv2,303,1239,27,0
garenne2,303,1240,28,0
valdors2,303,1240,29,0
bretoni4,303,1241,30,0
hteabb2,303,1243,31,0
solidor2,303,1244,32,0
fossega2,303,1245,33,0
cxrouve2,303,1246,34,0
egvern2,303,1247,35,0
belaive2,303,1249,36,0
toucver2,303,1250,37,0
cxmalter,303,1251,38,0
vaugon2,303,1252,39,0
valosta2,303,1255,40,0
stagare2,303,1256,41,0
plegsta1,303,1257,42,0
laugar2,303,1261,43,0
cheher2,303,1265,44,0
maconu2,303,1265,45,0
kildare2,303,1265,46,0
huberd2,303,1266,47,0
garecn,303,1267,48,1
cenbru2,308,767,1,0
herveri1,308,768,2,0
noebru1,308,770,3,0
epalet1,308,771,4,0
dugues1,308,772,5,0
pasteur1,308,773,6,0
bobinai1,308,774,7,0
chnigue1,308,775,8,0
lavoisi1,308,775,9,0
doublee4,308,777,10,0
cxpotie1,308,780,11,0
janaich1,308,783,12,0
vallstj1,308,784,13,0
eboue1,308,788,14,0
lybrqsu1,308,790,15,0
norvege1,308,791,16,0
frevi01,308,794,17,0
portuga1,308,797,18,0
douro1,308,798,19,0
tage1,308,799,20,0
torigne1,308,800,21,0
hopisud1,308,801,22,0
steelis1,308,802,23,0
galicie2,308,803,24,0
potepl2,308,805,25,0
martich2,308,808,26,0
hallerv2,308,809,27,0
garenne2,308,810,28,0
valdors2,308,810,29,0
bretoni4,308,811,30,0
hteabb2,308,814,31,0
solidor2,308,815,32,0
fossega2,308,816,33,0
cxrouve2,308,817,34,0
egvern2,308,818,35,0
belaive2,308,820,36,0
toucver2,308,821,37,0
cxmalter,308,822,38,1
cenbru2,4903,877,1,0
herveri1,4903,878,2,0
noebru1,4903,880,3,0
epalet1,4903,881,4,0
dugues1,4903,882,5,0
pasteur1,4903,883,6,0
bobinai1,4903,884,7,0
chnigue1,4903,885,8,0
lavoisi1,4903,885,9,0
doublee4,4903,887,10,0
cxpotie1,4903,890,11,0
janaich1,4903,893,12,0
vallstj1,4903,895,13,0
eboue1,4903,899,14,0
lybrqsu1,4903,901,15,0
norvege1,4903,902,16,0
frevi01,4903,906,17,0
portuga1,4903,908,18,0
douro1,4903,909,19,0
tage1,4903,910,20,0
torigne1,4903,912,21,0
hopisud1,4903,913,22,0
steelis1,4903,913,23,0
galicie2,4903,914,24,0
potepl2,4903,916,25,0
martich2,4903,919,26,0
hallerv2,4903,920,27,0
garenne2,4903,921,28,0
valdors2,4903,921,29,0
bretoni4,4903,922,30,0
hteabb2,4903,924,31,0
solidor2,4903,925,32,0
fossega2,4903,926,33,0
cxrouve2,4903,927,34,0
egvern2,4903,928,35,0
belaive2,4903,930,36,0
toucver2,4903,931,37,0
cxmalter,4903,932,38,1
cxmalter,1582,588,1,0
belaive1,1582,590,2,0
egvern1,1582,591,3,0
cxrouve1,1582,592,4,0
fossega1,1582,593,5,0
solidor1,1582,595,6,0
hteabb1,1582,596,7,0
bretoni3,1582,599,8,0
valdors1,1582,600,9,0
garenne1,1582,600,10,0
hallerv1,1582,601,11,0
martich1,1582,602,12,0
poteri4,1582,606,13,0
galicie1,1582,607,14,0
steelis2,1582,608,15,0
hopisud2,1582,609,16,0
torigne2,1582,610,17,0
tage2,1582,611,18,0
douro2,1582,612,19,0
portuga2,1582,613,20,0
frevi04,1582,615,21,0
norvege2,1582,617,22,0
lybrqsu2,1582,619,23,0
eboue2,1582,620,24,0
vallstj2,1582,623,25,0
janaich2,1582,625,26,0
cxpotie2,1582,627,27,0
doublee3,1582,631,28,0
lavoisi2,1582,632,29,0
chnigue2,1582,633,30,0
bobinai2,1582,634,31,0
pasteur2,1582,635,32,0
dugues2,1582,636,33,0
epalet2,1582,637,34,0
noebru2,1582,639,35,0
herveri2,1582,640,36,0
cenbru2,1582,641,37,1
cxmalter,4886,1178,1,0
belaive1,4886,1180,2,0
egvern1,4886,1181,3,0
cxrouve1,4886,1182,4,0
fossega1,4886,1183,5,0
solidor1,4886,1185,6,0
hteabb1,4886,1186,7,0
bretoni3,4886,1189,8,0
valdors1,4886,1190,9,0
garenne1,4886,1190,10,0
hallerv1,4886,1191,11,0
martich1,4886,1192,12,0
poteri4,4886,1196,13,0
galicie1,4886,1197,14,0
steelis2,4886,1198,15,0
hopisud2,4886,1199,16,0
torigne2,4886,1200,17,0
tage2,4886,1201,18,0
douro2,4886,1202,19,0
portuga2,4886,1203,20,0
frevi04,4886,1205,21,0
norvege2,4886,1207,22,0
lybrqsu2,4886,1209,23,0
eboue2,4886,1210,24,0
vallstj2,4886,1213,25,0
janaich2,4886,1215,26,0
cxpotie2,4886,1217,27,0
doublee3,4886,1221,28,0
lavoisi2,4886,1222,29,0
chnigue2,4886,1223,30,0
bobinai2,4886,1224,31,0
pasteur2,4886,1225,32,0
dugues2,4886,1226,33,0
epalet2,4886,1227,34,0
noebru2,4886,1229,35,0
herveri2,4886,1230,36,0
cenbru2,4886,1231,37,1
cenbru2,1591,597,1,0
herveri1,1591,598,2,0
noebru1,1591,600,3,0
epalet1,1591,601,4,0
dugues1,1591,602,5,0
pasteur1,1591,603,6,0
bobinai1,1591,604,7,0
chnigue1,1591,605,8,0
lavoisi1,1591,605,9,0
doublee4,1591,607,10,0
cxpotie1,1591,610,11,0
janaich1,1591,613,12,0
vallstj1,1591,614,13,0
eboue1,1591,618,14,0
lybrqsu1,1591,620,15,0
norvege1,1591,621,16,0
frevi01,1591,625,17,0
portuga1,1591,627,18,0
douro1,1591,628,19,0
tage1,1591,629,20,0
torigne1,1591,631,21,0
hopisud1,1591,632,22,0
steelis1,1591,632,23,0
galicie2,1591,633,24,0
potepl2,1591,635,25,0
martich2,1591,638,26,0
hallerv2,1591,639,27,0
garenne2,1591,640,28,0
valdors2,1591,640,29,0
bretoni4,1591,641,30,0
hteabb2,1591,643,31,0
solidor2,1591,644,32,0
fossega2,1591,645,33,0
cxrouve2,1591,646,34,0
egvern2,1591,647,35,0
belaive2,1591,649,36,0
toucver2,1591,650,37,0
cxmalter,1591,651,38,1
cxmalter,4893,1138,1,0
belaive1,4893,1140,2,0
egvern1,4893,1141,3,0
cxrouve1,4893,1142,4,0
fossega1,4893,1143,5,0
solidor1,4893,1145,6,0
hteabb1,4893,1146,7,0
bretoni3,4893,1149,8,0
valdors1,4893,1150,9,0
garenne1,4893,1150,10,0
hallerv1,4893,1151,11,0
martich1,4893,1152,12,0
poteri4,4893,1156,13,0
galicie1,4893,1157,14,0
steelis2,4893,1158,15,0
hopisud2,4893,1159,16,0
torigne2,4893,1160,17,0
tage2,4893,1161,18,0
douro2,4893,1162,19,0
portuga2,4893,1163,20,0
frevi04,4893,1165,21,0
norvege2,4893,1167,22,0
lybrqsu2,4893,1169,23,0
eboue2,4893,1170,24,0
vallstj2,4893,1173,25,0
janaich2,4893,1175,26,0
cxpotie2,4893,1177,27,0
doublee3,4893,1181,28,0
lavoisi2,4893,1182,29,0
chnigue2,4893,1183,30,0
bobinai2,4893,1184,31,0
pasteur2,4893,1185,32,0
dugues2,4893,1186,33,0
epalet2,4893,1187,34,0
noebru2,4893,1189,35,0
herveri2,4893,1190,36,0
cenbru2,4893,1191,37,1
cenbru2,389,717,1,0
herveri1,389,718,2,0
noebru1,389,720,3,0
epalet1,389,721,4,0
dugues1,389,722,5,0
pasteur1,389,723,6,0
bobinai1,389,724,7,0
chnigue1,389,725,8,0
lavoisi1,389,725,9,0
doublee4,389,727,10,0
cxpotie1,389,730,11,0
janaich1,389,733,12,0
vallstj1,389,734,13,0
eboue1,389,738,14,0
lybrqsu1,389,740,15,0
norvege1,389,741,16,0
frevi01,389,745,17,0
portuga1,389,747,18,0
douro1,389,748,19,0
tage1,389,749,20,0
torigne1,389,751,21,0
hopisud1,389,752,22,0
steelis1,389,752,23,0
galicie2,389,753,24,0
potepl2,389,755,25,0
martich2,389,758,26,0
hallerv2,389,759,27,0
garenne2,389,760,28,0
valdors2,389,760,29,0
bretoni4,389,761,30,0
hteabb2,389,763,31,0
solidor2,389,764,32,0
fossega2,389,765,33,0
cxrouve2,389,766,34,0
egvern2,389,767,35,0
belaive2,389,769,36,0
toucver2,389,770,37,0
cxmalter,389,771,38,1
cxmalter,207,738,1,0
belaive1,207,740,2,0
egvern1,207,741,3,0
cxrouve1,207,742,4,0
fossega1,207,743,5,0
solidor1,207,745,6,0
hteabb1,207,746,7,0
bretoni3,207,749,8,0
valdors1,207,750,9,0
garenne1,207,750,10,0
hallerv1,207,751,11,0
martich1,207,752,12,0
poteri4,207,756,13,0
galicie1,207,757,14,0
steelis2,207,758,15,0
hopisud2,207,759,16,0
torigne2,207,760,17,0
tage2,207,761,18,0
douro2,207,762,19,0
portuga2,207,763,20,0
frevi04,207,765,21,0
norvege2,207,767,22,0
lybrqsu2,207,769,23,0
eboue2,207,770,24,0
vallstj2,207,773,25,0
janaich2,207,775,26,0
cxpotie2,207,777,27,0
doublee3,207,781,28,0
lavoisi2,207,782,29,0
chnigue2,207,783,30,0
bobinai2,207,784,31,0
pasteur2,207,785,32,0
dugues2,207,786,33,0
epalet2,207,787,34,0
noebru2,207,789,35,0
herveri2,207,790,36,0
cenbru2,207,791,37,1
cenbru2,4834,1157,1,0
herveri1,4834,1158,2,0
noebru1,4834,1160,3,0
epalet1,4834,1161,4,0
dugues1,4834,1162,5,0
pasteur1,4834,1163,6,0
bobinai1,4834,1164,7,0
chnigue1,4834,1165,8,0
lavoisi1,4834,1165,9,0
doublee4,4834,1167,10,0
cxpotie1,4834,1170,11,0
janaich1,4834,1173,12,0
vallstj1,4834,1174,13,0
eboue1,4834,1178,14,0
lybrqsu1,4834,1180,15,0
norvege1,4834,1181,16,0
frevi01,4834,1184,17,0
portuga1,4834,1187,18,0
douro1,4834,1188,19,0
tage1,4834,1189,20,0
torigne1,4834,1190,21,0
hopisud1,4834,1191,22,0
steelis1,4834,1192,23,0
galicie2,4834,1193,24,0
potepl2,4834,1195,25,0
martich2,4834,1197,26,0
hallerv2,4834,1198,27,0
garenne2,4834,1199,28,0
valdors2,4834,1199,29,0
bretoni4,4834,1200,30,0
hteabb2,4834,1203,31,0
solidor2,4834,1205,32,0
fossega2,4834,1206,33,0
cxrouve2,4834,1207,34,0
egvern2,4834,1208,35,0
belaive2,4834,1210,36,0
toucver2,4834,1211,37,0
cxmalter,4834,1212,38,0
vaugon2,4834,1213,39,0
valosta2,4834,1216,40,0
stagare2,4834,1217,41,0
plegsta1,4834,1219,42,0
laugar2,4834,1223,43,0
cheher2,4834,1226,44,0
maconu2,4834,1226,45,0
kildare2,4834,1226,46,0
huberd2,4834,1227,47,0
garecn,4834,1228,48,1
cxmalter,1517,648,1,0
belaive1,1517,650,2,0
egvern1,1517,651,3,0
cxrouve1,1517,652,4,0
fossega1,1517,653,5,0
solidor1,1517,655,6,0
hteabb1,1517,656,7,0
bretoni3,1517,659,8,0
valdors1,1517,660,9,0
garenne1,1517,660,10,0
hallerv1,1517,661,11,0
martich1,1517,662,12,0
poteri4,1517,666,13,0
galicie1,1517,667,14,0
steelis2,1517,668,15,0
hopisud2,1517,669,16,0
torigne2,1517,670,17,0
tage2,1517,671,18,0
douro2,1517,672,19,0
portuga2,1517,673,20,0
frevi04,1517,675,21,0
norvege2,1517,677,22,0
lybrqsu2,1517,679,23,0
eboue2,1517,680,24,0
vallstj2,1517,683,25,0
janaich2,1517,685,26,0
cxpotie2,1517,687,27,0
doublee3,1517,691,28,0
lavoisi2,1517,692,29,0
chnigue2,1517,693,30,0
bobinai2,1517,694,31,0
pasteur2,1517,695,32,0
dugues2,1517,696,33,0
epalet2,1517,697,34,0
noebru2,1517,699,35,0
herveri2,1517,700,36,0
cenbru2,1517,701,37,1
cenbru2,1469,757,1,0
herveri1,1469,758,2,0
noebru1,1469,760,3,0
epalet1,1469,761,4,0
dugues1,1469,762,5,0
pasteur1,1469,763,6,0
bobinai1,1469,764,7,0
chnigue1,1469,765,8,0
lavoisi1,1469,765,9,0
doublee4,1469,767,10,0
cxpotie1,1469,770,11,0
janaich1,1469,773,12,0
vallstj1,1469,774,13,0
eboue1,1469,778,14,0
lybrqsu1,1469,780,15,0
norvege1,1469,781,16,0
frevi01,1469,785,17,0
portuga1,1469,787,18,0
douro1,1469,788,19,0
tage1,1469,789,20,0
torigne1,1469,791,21,0
hopisud1,1469,792,22,0
steelis1,1469,792,23,0
galicie2,1469,793,24,0
potepl2,1469,795,25,0
martich2,1469,798,26,0
hallerv2,1469,799,27,0
garenne2,1469,800,28,0
valdors2,1469,800,29,0
bretoni4,1469,801,30,0
hteabb2,1469,803,31,0
solidor2,1469,804,32,0
fossega2,1469,805,33,0
cxrouve2,1469,806,34,0
egvern2,1469,807,35,0
belaive2,1469,809,36,0
toucver2,1469,810,37,0
cxmalter,1469,811,38,1
cxmalter,290,1158,1,0
belaive1,290,1160,2,0
egvern1,290,1161,3,0
cxrouve1,290,1162,4,0
fossega1,290,1163,5,0
solidor1,290,1165,6,0
hteabb1,290,1166,7,0
bretoni3,290,1169,8,0
valdors1,290,1170,9,0
garenne1,290,1170,10,0
hallerv1,290,1171,11,0
martich1,290,1172,12,0
poteri4,290,1176,13,0
galicie1,290,1177,14,0
steelis2,290,1178,15,0
hopisud2,290,1179,16,0
torigne2,290,1180,17,0
tage2,290,1181,18,0
douro2,290,1182,19,0
portuga2,290,1183,20,0
frevi04,290,1185,21,0
norvege2,290,1187,22,0
lybrqsu2,290,1189,23,0
eboue2,290,1190,24,0
vallstj2,290,1193,25,0
janaich2,290,1195,26,0
cxpotie2,290,1197,27,0
doublee3,290,1201,28,0
lavoisi2,290,1202,29,0
chnigue2,290,1203,30,0
bobinai2,290,1204,31,0
pasteur2,290,1205,32,0
dugues2,290,1206,33,0
epalet2,290,1207,34,0
noebru2,290,1209,35,0
herveri2,290,1210,36,0
cenbru2,290,1211,37,1
cxmalter,241,948,1,0
belaive1,241,950,2,0
egvern1,241,951,3,0
cxrouve1,241,952,4,0
fossega1,241,953,5,0
solidor1,241,955,6,0
hteabb1,241,956,7,0
bretoni3,241,959,8,0
valdors1,241,960,9,0
garenne1,241,960,10,0
hallerv1,241,961,11,0
martich1,241,962,12,0
poteri4,241,966,13,0
galicie1,241,967,14,0
steelis2,241,968,15,0
hopisud2,241,969,16,0
torigne2,241,970,17,0
tage2,241,971,18,0
douro2,241,972,19,0
portuga2,241,973,20,0
frevi04,241,975,21,0
norvege2,241,977,22,0
lybrqsu2,241,979,23,0
eboue2,241,980,24,0
vallstj2,241,983,25,0
janaich2,241,985,26,0
cxpotie2,241,988,27,0
doublee3,241,992,28,0
lavoisi2,241,993,29,0
chnigue2,241,994,30,0
bobinai2,241,995,31,0
pasteur2,241,996,32,0
dugues2,241,997,33,0
epalet2,241,998,34,0
noebru2,241,1000,35,0
herveri2,241,1001,36,0
cenbru2,241,1002,37,1
cenbru2,247,997,1,0
herveri1,247,998,2,0
noebru1,247,1000,3,0
epalet1,247,1001,4,0
dugues1,247,1002,5,0
pasteur1,247,1003,6,0
bobinai1,247,1004,7,0
chnigue1,247,1005,8,0
lavoisi1,247,1005,9,0
doublee4,247,1007,10,0
cxpotie1,247,1010,11,0
janaich1,247,1013,12,0
vallstj1,247,1015,13,0
eboue1,247,1019,14,0
lybrqsu1,247,1021,15,0
norvege1,247,1022,16,0
frevi01,247,1026,17,0
portuga1,247,1028,18,0
douro1,247,1029,19,0
tage1,247,1030,20,0
torigne1,247,1032,21,0
hopisud1,247,1033,22,0
steelis1,247,1033,23,0
galicie2,247,1034,24,0
potepl2,247,1036,25,0
martich2,247,1039,26,0
hallerv2,247,1040,27,0
garenne2,247,1041,28,0
valdors2,247,1041,29,0
bretoni4,247,1042,30,0
hteabb2,247,1044,31,0
solidor2,247,1045,32,0
fossega2,247,1046,33,0
cxrouve2,247,1047,34,0
egvern2,247,1048,35,0
belaive2,247,1050,36,0
toucver2,247,1051,37,0
cxmalter,247,1052,38,1
cenbru2,251,1075,1,0
herveri1,251,1076,2,0
noebru1,251,1078,3,0
epalet1,251,1079,4,0
dugues1,251,1080,5,0
pasteur1,251,1081,6,0
bobinai1,251,1082,7,0
chnigue1,251,1083,8,0
lavoisi1,251,1083,9,0
doublee4,251,1085,10,0
cxpotie1,251,1088,11,0
janaich1,251,1091,12,0
vallstj1,251,1092,13,0
eboue1,251,1096,14,0
lybrqsu1,251,1098,15,0
norvege1,251,1099,16,0
frevi01,251,1102,17,0
portuga1,251,1105,18,0
douro1,251,1106,19,0
tage1,251,1107,20,0
torigne1,251,1109,21,0
hopisud1,251,1110,22,0
steelis1,251,1111,23,0
galicie2,251,1112,24,0
potepl2,251,1114,25,0
martich2,251,1117,26,0
hallerv2,251,1118,27,0
garenne2,251,1119,28,0
valdors2,251,1119,29,0
bretoni4,251,1120,30,0
hteabb2,251,1123,31,0
solidor2,251,1125,32,0
fossega2,251,1126,33,0
cxrouve2,251,1127,34,0
egvern2,251,1129,35,0
belaive2,251,1131,36,0
toucver2,251,1132,37,0
cxmalter,251,1133,38,1
cenbru2,1417,677,1,0
herveri1,1417,678,2,0
noebru1,1417,680,3,0
epalet1,1417,681,4,0
dugues1,1417,682,5,0
pasteur1,1417,683,6,0
bobinai1,1417,684,7,0
chnigue1,1417,685,8,0
lavoisi1,1417,685,9,0
doublee4,1417,687,10,0
cxpotie1,1417,690,11,0
janaich1,1417,693,12,0
vallstj1,1417,694,13,0
eboue1,1417,698,14,0
lybrqsu1,1417,700,15,0
norvege1,1417,701,16,0
frevi01,1417,704,17,0
portuga1,1417,707,18,0
douro1,1417,708,19,0
tage1,1417,709,20,0
torigne1,1417,710,21,0
hopisud1,1417,711,22,0
steelis1,1417,712,23,0
galicie2,1417,713,24,0
potepl2,1417,715,25,0
martich2,1417,718,26,0
hallerv2,1417,719,27,0
garenne2,1417,720,28,0
valdors2,1417,720,29,0
bretoni4,1417,721,30,0
hteabb2,1417,724,31,0
solidor2,1417,725,32,0
fossega2,1417,726,33,0
cxrouve2,1417,727,34,0
egvern2,1417,728,35,0
belaive2,1417,730,36,0
toucver2,1417,731,37,0
cxmalter,1417,732,38,1
cxmalter,1446,487,1,0
belaive1,1446,489,2,0
egvern1,1446,490,3,0
cxrouve1,1446,492,4,0
fossega1,1446,493,5,0
solidor1,1446,495,6,0
hteabb1,1446,496,7,0
bretoni3,1446,499,8,0
valdors1,1446,500,9,0
garenne1,1446,500,10,0
hallerv1,1446,501,11,0
martich1,1446,502,12,0
poteri4,1446,506,13,0
galicie1,1446,507,14,0
steelis2,1446,508,15,0
hopisud2,1446,509,16,0
torigne2,1446,510,17,0
tage2,1446,511,18,0
douro2,1446,512,19,0
portuga2,1446,513,20,0
frevi04,1446,515,21,0
norvege2,1446,517,22,0
lybrqsu2,1446,519,23,0
eboue2,1446,520,24,0
vallstj2,1446,524,25,0
janaich2,1446,526,26,0
cxpotie2,1446,529,27,0
doublee3,1446,533,28,0
lavoisi2,1446,534,29,0
chnigue2,1446,535,30,0
bobinai2,1446,536,31,0
pasteur2,1446,537,32,0
dugues2,1446,538,33,0
epalet2,1446,539,34,0
noebru2,1446,541,35,0
herveri2,1446,542,36,0
cenbru2,1446,543,37,1
cenbru2,981,1157,1,0
herveri1,981,1158,2,0
noebru1,981,1160,3,0
epalet1,981,1161,4,0
dugues1,981,1162,5,0
pasteur1,981,1163,6,0
bobinai1,981,1164,7,0
chnigue1,981,1165,8,0
lavoisi1,981,1165,9,0
doublee4,981,1167,10,0
cxpotie1,981,1170,11,0
janaich1,981,1173,12,0
vallstj1,981,1174,13,0
eboue1,981,1178,14,0
lybrqsu1,981,1180,15,0
norvege1,981,1181,16,0
frevi01,981,1185,17,0
portuga1,981,1187,18,0
douro1,981,1188,19,0
tage1,981,1189,20,0
torigne1,981,1191,21,0
hopisud1,981,1192,22,0
steelis1,981,1192,23,0
galicie2,981,1193,24,0
potepl2,981,1195,25,0
martich2,981,1198,26,0
hallerv2,981,1199,27,0
garenne2,981,1200,28,0
valdors2,981,1200,29,0
bretoni4,981,1201,30,0
hteabb2,981,1203,31,0
solidor2,981,1204,32,0
fossega2,981,1205,33,0
cxrouve2,981,1206,34,0
egvern2,981,1207,35,0
belaive2,981,1209,36,0
toucver2,981,1210,37,0
cxmalter,981,1211,38,1
cngare1,973,1200,1,0
huberd1,973,1201,2,0
kildare1,973,1202,3,0
maconu1,973,1203,4,0
cheher1,973,1203,5,0
laugar1,973,1207,6,0
plegsta1,973,1211,7,0
stagare1,973,1212,8,0
valosta1,973,1213,9,0
vaugon1,973,1216,10,0
cxmalter,973,1217,11,0
belaive1,973,1219,12,0
egvern1,973,1220,13,0
cxrouve1,973,1221,14,0
fossega1,973,1222,15,0
solidor1,973,1224,16,0
hteabb1,973,1225,17,0
bretoni3,973,1228,18,0
valdors1,973,1229,19,0
garenne1,973,1229,20,0
hallerv1,973,1230,21,0
martich1,973,1231,22,0
poteri4,973,1235,23,0
galicie1,973,1236,24,0
steelis2,973,1237,25,0
hopisud2,973,1238,26,0
torigne2,973,1239,27,0
tage2,973,1241,28,0
douro2,973,1242,29,0
portuga2,973,1243,30,0
frevi04,973,1245,31,0
norvege2,973,1247,32,0
lybrqsu2,973,1249,33,0
eboue2,973,1250,34,0
vallstj2,973,1253,35,0
janaich2,973,1254,36,0
cxpotie2,973,1256,37,0
doublee3,973,1260,38,0
lavoisi2,973,1261,39,0
chnigue2,973,1262,40,0
bobinai2,973,1263,41,0
pasteur2,973,1264,42,0
dugues2,973,1265,43,0
epalet2,973,1266,44,0
noebru2,973,1268,45,0
herveri2,973,1269,46,0
cenbru2,973,1270,47,1
cngare1,974,1200,1,0
huberd1,974,1201,2,0
kildare1,974,1202,3,0
maconu1,974,1203,4,0
cheher1,974,1203,5,0
laugar1,974,1207,6,0
plegsta1,974,1211,7,0
stagare1,974,1212,8,0
valosta1,974,1213,9,0
vaugon1,974,1216,10,0
cxmalter,974,1218,11,0
belaive1,974,1220,12,0
egvern1,974,1221,13,0
cxrouve1,974,1222,14,0
fossega1,974,1223,15,0
solidor1,974,1225,16,0
hteabb1,974,1226,17,0
bretoni3,974,1229,18,0
valdors1,974,1230,19,0
garenne1,974,1230,20,0
hallerv1,974,1231,21,0
martich1,974,1232,22,0
poteri4,974,1236,23,0
galicie1,974,1237,24,0
steelis2,974,1238,25,0
hopisud2,974,1239,26,0
torigne2,974,1240,27,0
tage2,974,1241,28,0
douro2,974,1242,29,0
portuga2,974,1243,30,0
frevi04,974,1245,31,0
norvege2,974,1247,32,0
lybrqsu2,974,1249,33,0
eboue2,974,1250,34,0
vallstj2,974,1253,35,0
janaich2,974,1255,36,0
cxpotie2,974,1257,37,0
doublee3,974,1261,38,0
lavoisi2,974,1262,39,0
chnigue2,974,1263,40,0
bobinai2,974,1264,41,0
pasteur2,974,1265,42,0
dugues2,974,1266,43,0
epalet2,974,1267,44,0
noebru2,974,1269,45,0
herveri2,974,1270,46,0
cenbru2,974,1271,47,1
cenbru2,1402,497,1,0
herveri1,1402,498,2,0
noebru1,1402,500,3,0
epalet1,1402,501,4,0
dugues1,1402,502,5,0
pasteur1,1402,503,6,0
bobinai1,1402,504,7,0
chnigue1,1402,505,8,0
lavoisi1,1402,505,9,0
doublee4,1402,507,10,0
cxpotie1,1402,510,11,0
janaich1,1402,513,12,0
vallstj1,1402,515,13,0
eboue1,1402,519,14,0
lybrqsu1,1402,521,15,0
norvege1,1402,522,16,0
frevi01,1402,525,17,0
portuga1,1402,528,18,0
douro1,1402,529,19,0
tage1,1402,530,20,0
torigne1,1402,531,21,0
hopisud1,1402,532,22,0
steelis1,1402,533,23,0
galicie2,1402,534,24,0
potepl2,1402,536,25,0
martich2,1402,540,26,0
hallerv2,1402,541,27,0
garenne2,1402,542,28,0
valdors2,1402,542,29,0
bretoni4,1402,543,30,0
hteabb2,1402,546,31,0
solidor2,1402,547,32,0
fossega2,1402,548,33,0
cxrouve2,1402,549,34,0
egvern2,1402,550,35,0
belaive2,1402,552,36,0
toucver2,1402,553,37,0
cxmalter,1402,554,38,1
cxmalter,996,938,1,0
belaive1,996,940,2,0
egvern1,996,941,3,0
cxrouve1,996,942,4,0
fossega1,996,943,5,0
solidor1,996,945,6,0
hteabb1,996,946,7,0
bretoni3,996,949,8,0
valdors1,996,950,9,0
garenne1,996,950,10,0
hallerv1,996,951,11,0
martich1,996,952,12,0
poteri4,996,956,13,0
galicie1,996,957,14,0
steelis2,996,958,15,0
hopisud2,996,959,16,0
torigne2,996,960,17,0
tage2,996,961,18,0
douro2,996,962,19,0
portuga2,996,963,20,0
frevi04,996,965,21,0
norvege2,996,967,22,0
lybrqsu2,996,969,23,0
eboue2,996,970,24,0
vallstj2,996,973,25,0
janaich2,996,975,26,0
cxpotie2,996,977,27,0
doublee3,996,981,28,0
lavoisi2,996,982,29,0
chnigue2,996,983,30,0
bobinai2,996,984,31,0
pasteur2,996,985,32,0
dugues2,996,986,33,0
epalet2,996,987,34,0
noebru2,996,989,35,0
herveri2,996,990,36,0
cenbru2,996,991,37,1
cenbru2,2504,617,1,0
herveri1,2504,618,2,0
noebru1,2504,620,3,0
epalet1,2504,621,4,0
dugues1,2504,622,5,0
pasteur1,2504,623,6,0
bobinai1,2504,624,7,0
chnigue1,2504,625,8,0
lavoisi1,2504,625,9,0
doublee4,2504,627,10,0
cxpotie1,2504,630,11,0
janaich1,2504,633,12,0
vallstj1,2504,634,13,0
eboue1,2504,638,14,0
lybrqsu1,2504,640,15,0
norvege1,2504,641,16,0
frevi01,2504,644,17,0
portuga1,2504,647,18,0
douro1,2504,648,19,0
tage1,2504,649,20,0
torigne1,2504,650,21,0
hopisud1,2504,651,22,0
steelis1,2504,652,23,0
galicie2,2504,653,24,0
potepl2,2504,655,25,0
martich2,2504,658,26,0
hallerv2,2504,659,27,0
garenne2,2504,660,28,0
valdors2,2504,660,29,0
bretoni4,2504,661,30,0
hteabb2,2504,664,31,0
solidor2,2504,665,32,0
fossega2,2504,666,33,0
cxrouve2,2504,667,34,0
egvern2,2504,668,35,0
belaive2,2504,670,36,0
toucver2,2504,671,37,0
cxmalter,2504,672,38,1
cenbru2,2453,1107,1,0
herveri1,2453,1108,2,0
noebru1,2453,1110,3,0
epalet1,2453,1111,4,0
dugues1,2453,1112,5,0
pasteur1,2453,1113,6,0
bobinai1,2453,1114,7,0
chnigue1,2453,1115,8,0
lavoisi1,2453,1115,9,0
doublee4,2453,1117,10,0
cxpotie1,2453,1120,11,0
janaich1,2453,1123,12,0
vallstj1,2453,1124,13,0
eboue1,2453,1128,14,0
lybrqsu1,2453,1130,15,0
norvege1,2453,1131,16,0
frevi01,2453,1134,17,0
portuga1,2453,1137,18,0
douro1,2453,1138,19,0
tage1,2453,1139,20,0
torigne1,2453,1140,21,0
hopisud1,2453,1141,22,0
steelis1,2453,1142,23,0
galicie2,2453,1143,24,0
potepl2,2453,1145,25,0
martich2,2453,1147,26,0
hallerv2,2453,1148,27,0
garenne2,2453,1149,28,0
valdors2,2453,1149,29,0
bretoni4,2453,1150,30,0
hteabb2,2453,1153,31,0
solidor2,2453,1155,32,0
fossega2,2453,1156,33,0
cxrouve2,2453,1157,34,0
egvern2,2453,1158,35,0
belaive2,2453,1160,36,0
toucver2,2453,1161,37,0
cxmalter,2453,1162,38,1
cxmalter,1365,457,1,0
belaive1,1365,459,2,0
egvern1,1365,460,3,0
cxrouve1,1365,462,4,0
fossega1,1365,463,5,0
solidor1,1365,465,6,0
hteabb1,1365,466,7,0
bretoni3,1365,469,8,0
valdors1,1365,470,9,0
garenne1,1365,470,10,0
hallerv1,1365,471,11,0
martich1,1365,472,12,0
poteri4,1365,476,13,0
galicie1,1365,477,14,0
steelis2,1365,478,15,0
hopisud2,1365,479,16,0
torigne2,1365,480,17,0
tage2,1365,481,18,0
douro2,1365,482,19,0
portuga2,1365,483,20,0
frevi04,1365,485,21,0
norvege2,1365,487,22,0
lybrqsu2,1365,489,23,0
eboue2,1365,490,24,0
vallstj2,1365,494,25,0
janaich2,1365,496,26,0
cxpotie2,1365,499,27,0
doublee3,1365,503,28,0
lavoisi2,1365,504,29,0
chnigue2,1365,505,30,0
bobinai2,1365,506,31,0
pasteur2,1365,507,32,0
dugues2,1365,508,33,0
epalet2,1365,509,34,0
noebru2,1365,511,35,0
herveri2,1365,512,36,0
cenbru2,1365,513,37,1
cxmalter,1329,517,1,0
belaive1,1329,519,2,0
egvern1,1329,520,3,0
cxrouve1,1329,522,4,0
fossega1,1329,523,5,0
solidor1,1329,525,6,0
hteabb1,1329,526,7,0
bretoni3,1329,529,8,0
valdors1,1329,530,9,0
garenne1,1329,530,10,0
hallerv1,1329,531,11,0
martich1,1329,532,12,0
poteri4,1329,536,13,0
galicie1,1329,537,14,0
steelis2,1329,538,15,0
hopisud2,1329,539,16,0
torigne2,1329,540,17,0
tage2,1329,541,18,0
douro2,1329,542,19,0
portuga2,1329,543,20,0
frevi04,1329,545,21,0
norvege2,1329,547,22,0
lybrqsu2,1329,549,23,0
eboue2,1329,550,24,0
vallstj2,1329,553,25,0
janaich2,1329,555,26,0
cxpotie2,1329,557,27,0
doublee3,1329,561,28,0
lavoisi2,1329,562,29,0
chnigue2,1329,563,30,0
bobinai2,1329,564,31,0
pasteur2,1329,565,32,0
dugues2,1329,566,33,0
epalet2,1329,567,34,0
noebru2,1329,569,35,0
herveri2,1329,570,36,0
cenbru2,1329,571,37,1
cenbru2,813,437,1,0
herveri1,813,438,2,0
noebru1,813,440,3,0
epalet1,813,441,4,0
dugues1,813,442,5,0
pasteur1,813,443,6,0
bobinai1,813,444,7,0
chnigue1,813,445,8,0
lavoisi1,813,445,9,0
doublee4,813,447,10,0
cxpotie1,813,450,11,0
janaich1,813,453,12,0
vallstj1,813,455,13,0
eboue1,813,459,14,0
lybrqsu1,813,461,15,0
norvege1,813,462,16,0
frevi01,813,465,17,0
portuga1,813,468,18,0
douro1,813,469,19,0
tage1,813,470,20,0
torigne1,813,471,21,0
hopisud1,813,472,22,0
steelis1,813,473,23,0
galicie2,813,474,24,0
potepl2,813,476,25,0
martich2,813,479,26,0
hallerv2,813,480,27,0
garenne2,813,481,28,0
valdors2,813,481,29,0
bretoni4,813,482,30,0
hteabb2,813,485,31,0
solidor2,813,486,32,0
fossega2,813,487,33,0
cxrouve2,813,488,34,0
egvern2,813,489,35,0
belaive2,813,491,36,0
toucver2,813,492,37,0
cxmalter,813,493,38,1
cenbru2,1304,917,1,0
herveri1,1304,918,2,0
noebru1,1304,920,3,0
epalet1,1304,921,4,0
dugues1,1304,922,5,0
pasteur1,1304,923,6,0
bobinai1,1304,924,7,0
chnigue1,1304,925,8,0
lavoisi1,1304,925,9,0
doublee4,1304,927,10,0
cxpotie1,1304,930,11,0
janaich1,1304,933,12,0
vallstj1,1304,934,13,0
eboue1,1304,938,14,0
lybrqsu1,1304,940,15,0
norvege1,1304,941,16,0
frevi01,1304,944,17,0
portuga1,1304,947,18,0
douro1,1304,948,19,0
tage1,1304,949,20,0
torigne1,1304,950,21,0
hopisud1,1304,951,22,0
steelis1,1304,952,23,0
galicie2,1304,953,24,0
potepl2,1304,955,25,0
martich2,1304,958,26,0
hallerv2,1304,959,27,0
garenne2,1304,960,28,0
valdors2,1304,960,29,0
bretoni4,1304,961,30,0
hteabb2,1304,964,31,0
solidor2,1304,965,32,0
fossega2,1304,966,33,0
cxrouve2,1304,967,34,0
egvern2,1304,968,35,0
belaive2,1304,970,36,0
toucver2,1304,971,37,0
cxmalter,1304,972,38,1
cxmalter,835,858,1,0
belaive1,835,860,2,0
egvern1,835,861,3,0
cxrouve1,835,862,4,0
fossega1,835,863,5,0
solidor1,835,865,6,0
hteabb1,835,866,7,0
bretoni3,835,869,8,0
valdors1,835,870,9,0
garenne1,835,870,10,0
hallerv1,835,871,11,0
martich1,835,872,12,0
poteri4,835,876,13,0
galicie1,835,877,14,0
steelis2,835,878,15,0
hopisud2,835,879,16,0
torigne2,835,880,17,0
tage2,835,881,18,0
douro2,835,882,19,0
portuga2,835,883,20,0
frevi04,835,885,21,0
norvege2,835,887,22,0
lybrqsu2,835,889,23,0
eboue2,835,890,24,0
vallstj2,835,893,25,0
janaich2,835,895,26,0
cxpotie2,835,897,27,0
doublee3,835,901,28,0
lavoisi2,835,902,29,0
chnigue2,835,903,30,0
bobinai2,835,904,31,0
pasteur2,835,905,32,0
dugues2,835,906,33,0
epalet2,835,907,34,0
noebru2,835,909,35,0
herveri2,835,910,36,0
cenbru2,835,911,37,1
cenbru2,878,408,1,0
herveri1,878,409,2,0
noebru1,878,411,3,0
epalet1,878,412,4,0
dugues1,878,413,5,0
pasteur1,878,414,6,0
bobinai1,878,415,7,0
chnigue1,878,416,8,0
lavoisi1,878,416,9,0
doublee4,878,418,10,0
cxpotie1,878,421,11,0
janaich1,878,424,12,0
vallstj1,878,425,13,0
eboue1,878,429,14,0
lybrqsu1,878,431,15,0
norvege1,878,432,16,0
frevi01,878,435,17,0
portuga1,878,438,18,0
douro1,878,439,19,0
tage1,878,440,20,0
torigne1,878,441,21,0
hopisud1,878,442,22,0
steelis1,878,443,23,0
galicie2,878,444,24,0
potepl2,878,446,25,0
martich2,878,449,26,0
hallerv2,878,450,27,0
garenne2,878,451,28,0
valdors2,878,451,29,0
bretoni4,878,452,30,0
hteabb2,878,455,31,0
solidor2,878,456,32,0
fossega2,878,457,33,0
cxrouve2,878,458,34,0
egvern2,878,459,35,0
belaive2,878,461,36,0
toucver2,878,462,37,0
cxmalter,878,463,38,1
cenbru2,2329,955,1,0
herveri1,2329,956,2,0
noebru1,2329,958,3,0
epalet1,2329,959,4,0
dugues1,2329,960,5,0
pasteur1,2329,961,6,0
bobinai1,2329,962,7,0
chnigue1,2329,963,8,0
lavoisi1,2329,963,9,0
doublee4,2329,965,10,0
cxpotie1,2329,968,11,0
janaich1,2329,971,12,0
vallstj1,2329,972,13,0
eboue1,2329,976,14,0
lybrqsu1,2329,978,15,0
norvege1,2329,979,16,0
frevi01,2329,982,17,0
portuga1,2329,985,18,0
douro1,2329,986,19,0
tage1,2329,987,20,0
torigne1,2329,988,21,0
hopisud1,2329,989,22,0
steelis1,2329,990,23,0
galicie2,2329,991,24,0
potepl2,2329,993,25,0
martich2,2329,996,26,0
hallerv2,2329,997,27,0
garenne2,2329,998,28,0
valdors2,2329,998,29,0
bretoni4,2329,999,30,0
hteabb2,2329,1002,31,0
solidor2,2329,1003,32,0
fossega2,2329,1004,33,0
cxrouve2,2329,1005,34,0
egvern2,2329,1006,35,0
belaive2,2329,1008,36,0
toucver2,2329,1009,37,0
cxmalter,2329,1010,38,1
cenbru2,2312,375,1,0
herveri1,2312,376,2,0
noebru1,2312,378,3,0
epalet1,2312,379,4,0
dugues1,2312,380,5,0
pasteur1,2312,381,6,0
bobinai1,2312,382,7,0
chnigue1,2312,383,8,0
lavoisi1,2312,383,9,0
doublee4,2312,385,10,0
cxpotie1,2312,388,11,0
janaich1,2312,391,12,0
vallstj1,2312,392,13,0
eboue1,2312,396,14,0
lybrqsu1,2312,398,15,0
norvege1,2312,399,16,0
frevi01,2312,402,17,0
portuga1,2312,405,18,0
douro1,2312,406,19,0
tage1,2312,407,20,0
torigne1,2312,408,21,0
hopisud1,2312,409,22,0
steelis1,2312,410,23,0
galicie2,2312,411,24,0
potepl2,2312,413,25,0
martich2,2312,415,26,0
hallerv2,2312,416,27,0
garenne2,2312,417,28,0
valdors2,2312,417,29,0
bretoni4,2312,418,30,0
hteabb2,2312,421,31,0
solidor2,2312,422,32,0
fossega2,2312,423,33,0
cxrouve2,2312,424,34,0
egvern2,2312,425,35,0
belaive2,2312,427,36,0
toucver2,2312,428,37,0
cxmalter,2312,429,38,1
potepl2,1254,1255,1,0
martich2,1254,1258,2,0
hallerv2,1254,1259,3,0
garenne2,1254,1260,4,0
valdors2,1254,1260,5,0
bretoni4,1254,1261,6,0
hteabb2,1254,1263,7,0
solidor2,1254,1264,8,0
fossega2,1254,1265,9,0
cxrouve2,1254,1266,10,0
egvern2,1254,1267,11,0
belaive2,1254,1269,12,0
toucver2,1254,1270,13,0
cxmalter,1254,1271,14,0
vaugon2,1254,1272,15,0
valosta2,1254,1275,16,0
stagare2,1254,1276,17,0
plegsta1,1254,1277,18,0
laugar2,1254,1281,19,0
cheher2,1254,1285,20,0
maconu2,1254,1285,21,0
kildare2,1254,1285,22,0
huberd2,1254,1286,23,0
garecn,1254,1287,24,1
cenbru2,1217,527,1,0
herveri1,1217,528,2,0
noebru1,1217,530,3,0
epalet1,1217,531,4,0
dugues1,1217,532,5,0
pasteur1,1217,533,6,0
bobinai1,1217,534,7,0
chnigue1,1217,535,8,0
lavoisi1,1217,535,9,0
doublee4,1217,537,10,0
cxpotie1,1217,540,11,0
janaich1,1217,543,12,0
vallstj1,1217,544,13,0
eboue1,1217,548,14,0
lybrqsu1,1217,550,15,0
norvege1,1217,551,16,0
frevi01,1217,554,17,0
portuga1,1217,557,18,0
douro1,1217,558,19,0
tage1,1217,559,20,0
torigne1,1217,560,21,0
hopisud1,1217,561,22,0
steelis1,1217,562,23,0
galicie2,1217,563,24,0
potepl2,1217,565,25,0
martich2,1217,568,26,0
hallerv2,1217,569,27,0
garenne2,1217,570,28,0
valdors2,1217,570,29,0
bretoni4,1217,571,30,0
hteabb2,1217,574,31,0
solidor2,1217,575,32,0
fossega2,1217,576,33,0
cxrouve2,1217,577,34,0
egvern2,1217,578,35,0
belaive2,1217,580,36,0
toucver2,1217,581,37,0
cxmalter,1217,582,38,1
cenbru2,745,437,1,0
herveri1,745,438,2,0
noebru1,745,440,3,0
epalet1,745,441,4,0
dugues1,745,442,5,0
pasteur1,745,443,6,0
bobinai1,745,444,7,0
chnigue1,745,445,8,0
lavoisi1,745,445,9,0
doublee4,745,447,10,0
cxpotie1,745,450,11,0
janaich1,745,453,12,0
vallstj1,745,454,13,0
eboue1,745,458,14,0
lybrqsu1,745,460,15,0
norvege1,745,461,16,0
frevi01,745,465,17,0
portuga1,745,467,18,0
douro1,745,468,19,0
tage1,745,469,20,0
torigne1,745,471,21,0
hopisud1,745,472,22,0
steelis1,745,472,23,0
galicie2,745,473,24,0
potepl2,745,475,25,0
martich2,745,478,26,0
hallerv2,745,479,27,0
garenne2,745,480,28,0
valdors2,745,480,29,0
bretoni4,745,481,30,0
hteabb2,745,483,31,0
solidor2,745,484,32,0
fossega2,745,485,33,0
cxrouve2,745,486,34,0
egvern2,745,487,35,0
belaive2,745,489,36,0
toucver2,745,490,37,0
cxmalter,745,491,38,1
cxmalter,740,1188,1,0
belaive1,740,1190,2,0
egvern1,740,1191,3,0
cxrouve1,740,1192,4,0
fossega1,740,1193,5,0
solidor1,740,1195,6,0
hteabb1,740,1196,7,0
bretoni3,740,1199,8,0
valdors1,740,1200,9,0
garenne1,740,1200,10,0
hallerv1,740,1201,11,0
martich1,740,1202,12,0
poteri4,740,1206,13,0
galicie1,740,1207,14,0
steelis2,740,1208,15,0
hopisud2,740,1209,16,0
torigne2,740,1210,17,0
tage2,740,1211,18,0
douro2,740,1212,19,0
portuga2,740,1213,20,0
frevi04,740,1215,21,0
norvege2,740,1217,22,0
lybrqsu2,740,1219,23,0
eboue2,740,1220,24,0
vallstj2,740,1223,25,0
janaich2,740,1225,26,0
cxpotie2,740,1227,27,0
doublee3,740,1231,28,0
lavoisi2,740,1232,29,0
chnigue2,740,1233,30,0
bobinai2,740,1234,31,0
pasteur2,740,1235,32,0
dugues2,740,1236,33,0
epalet2,740,1237,34,0
noebru2,740,1239,35,0
herveri2,740,1240,36,0
cenbru2,740,1241,37,1
cenbru2,2740,1217,1,0
herveri1,2740,1218,2,0
noebru1,2740,1220,3,0
epalet1,2740,1221,4,0
dugues1,2740,1222,5,0
pasteur1,2740,1223,6,0
bobinai1,2740,1224,7,0
chnigue1,2740,1225,8,0
lavoisi1,2740,1225,9,0
doublee4,2740,1227,10,0
cxpotie1,2740,1230,11,0
janaich1,2740,1233,12,0
vallstj1,2740,1234,13,0
eboue1,2740,1238,14,0
lybrqsu1,2740,1240,15,0
norvege1,2740,1241,16,0
frevi01,2740,1244,17,0
portuga1,2740,1247,18,0
douro1,2740,1248,19,0
tage1,2740,1249,20,0
torigne1,2740,1250,21,0
hopisud1,2740,1251,22,0
steelis1,2740,1252,23,0
galicie2,2740,1253,24,0
potepl2,2740,1255,25,0
martich2,2740,1257,26,0
hallerv2,2740,1258,27,0
garenne2,2740,1259,28,0
valdors2,2740,1259,29,0
bretoni4,2740,1260,30,0
hteabb2,2740,1263,31,0
solidor2,2740,1265,32,0
fossega2,2740,1266,33,0
cxrouve2,2740,1267,34,0
egvern2,2740,1268,35,0
belaive2,2740,1270,36,0
toucver2,2740,1271,37,0
cxmalter,2740,1272,38,0
vaugon2,2740,1273,39,0
valosta2,2740,1276,40,0
stagare2,2740,1277,41,0
plegsta1,2740,1279,42,0
laugar2,2740,1283,43,0
cheher2,2740,1286,44,0
maconu2,2740,1286,45,0
kildare2,2740,1286,46,0
huberd2,2740,1287,47,0
garecn,2740,1288,48,1
cenbru2,750,1137,1,0
herveri1,750,1138,2,0
noebru1,750,1140,3,0
epalet1,750,1141,4,0
dugues1,750,1142,5,0
pasteur1,750,1143,6,0
bobinai1,750,1144,7,0
chnigue1,750,1145,8,0
lavoisi1,750,1145,9,0
doublee4,750,1147,10,0
cxpotie1,750,1150,11,0
janaich1,750,1153,12,0
vallstj1,750,1154,13,0
eboue1,750,1158,14,0
lybrqsu1,750,1160,15,0
norvege1,750,1161,16,0
frevi01,750,1164,17,0
portuga1,750,1167,18,0
douro1,750,1168,19,0
tage1,750,1169,20,0
torigne1,750,1170,21,0
hopisud1,750,1171,22,0
steelis1,750,1172,23,0
galicie2,750,1173,24,0
potepl2,750,1175,25,0
martich2,750,1177,26,0
hallerv2,750,1178,27,0
garenne2,750,1179,28,0
valdors2,750,1179,29,0
bretoni4,750,1180,30,0
hteabb2,750,1183,31,0
solidor2,750,1185,32,0
fossega2,750,1186,33,0
cxrouve2,750,1187,34,0
egvern2,750,1188,35,0
belaive2,750,1190,36,0
toucver2,750,1191,37,0
cxmalter,750,1192,38,1
cxmalter,4483,1058,1,0
belaive1,4483,1060,2,0
egvern1,4483,1061,3,0
cxrouve1,4483,1062,4,0
fossega1,4483,1063,5,0
solidor1,4483,1065,6,0
hteabb1,4483,1066,7,0
bretoni3,4483,1069,8,0
valdors1,4483,1070,9,0
garenne1,4483,1070,10,0
hallerv1,4483,1071,11,0
martich1,4483,1072,12,0
poteri4,4483,1076,13,0
galicie1,4483,1077,14,0
steelis2,4483,1078,15,0
hopisud2,4483,1079,16,0
torigne2,4483,1080,17,0
tage2,4483,1081,18,0
douro2,4483,1082,19,0
portuga2,4483,1083,20,0
frevi04,4483,1085,21,0
norvege2,4483,1087,22,0
lybrqsu2,4483,1089,23,0
eboue2,4483,1090,24,0
vallstj2,4483,1093,25,0
janaich2,4483,1095,26,0
cxpotie2,4483,1097,27,0
doublee3,4483,1101,28,0
lavoisi2,4483,1102,29,0
chnigue2,4483,1103,30,0
bobinai2,4483,1104,31,0
pasteur2,4483,1105,32,0
dugues2,4483,1106,33,0
epalet2,4483,1107,34,0
noebru2,4483,1109,35,0
herveri2,4483,1110,36,0
cenbru2,4483,1111,37,1
cenbru2,4419,647,1,0
herveri1,4419,648,2,0
noebru1,4419,650,3,0
epalet1,4419,651,4,0
dugues1,4419,652,5,0
pasteur1,4419,653,6,0
bobinai1,4419,654,7,0
chnigue1,4419,655,8,0
lavoisi1,4419,655,9,0
doublee4,4419,657,10,0
cxpotie1,4419,660,11,0
janaich1,4419,663,12,0
vallstj1,4419,664,13,0
eboue1,4419,668,14,0
lybrqsu1,4419,670,15,0
norvege1,4419,671,16,0
frevi01,4419,674,17,0
portuga1,4419,677,18,0
douro1,4419,678,19,0
tage1,4419,679,20,0
torigne1,4419,680,21,0
hopisud1,4419,681,22,0
steelis1,4419,682,23,0
galicie2,4419,683,24,0
potepl2,4419,685,25,0
martich2,4419,688,26,0
hallerv2,4419,689,27,0
garenne2,4419,690,28,0
valdors2,4419,690,29,0
bretoni4,4419,691,30,0
hteabb2,4419,694,31,0
solidor2,4419,695,32,0
fossega2,4419,696,33,0
cxrouve2,4419,697,34,0
egvern2,4419,698,35,0
belaive2,4419,700,36,0
toucver2,4419,701,37,0
cxmalter,4419,702,38,1
cenbru2,4425,1187,1,0
herveri1,4425,1188,2,0
noebru1,4425,1190,3,0
epalet1,4425,1191,4,0
dugues1,4425,1192,5,0
pasteur1,4425,1193,6,0
bobinai1,4425,1194,7,0
chnigue1,4425,1195,8,0
lavoisi1,4425,1195,9,0
doublee4,4425,1197,10,0
cxpotie1,4425,1200,11,0
janaich1,4425,1203,12,0
vallstj1,4425,1204,13,0
eboue1,4425,1208,14,0
lybrqsu1,4425,1210,15,0
norvege1,4425,1211,16,0
frevi01,4425,1214,17,0
portuga1,4425,1217,18,0
douro1,4425,1218,19,0
tage1,4425,1219,20,0
torigne1,4425,1220,21,0
hopisud1,4425,1221,22,0
steelis1,4425,1222,23,0
galicie2,4425,1223,24,0
potepl2,4425,1225,25,0
martich2,4425,1227,26,0
hallerv2,4425,1228,27,0
garenne2,4425,1229,28,0
valdors2,4425,1229,29,0
bretoni4,4425,1230,30,0
hteabb2,4425,1233,31,0
solidor2,4425,1235,32,0
fossega2,4425,1236,33,0
cxrouve2,4425,1237,34,0
egvern2,4425,1238,35,0
belaive2,4425,1240,36,0
toucver2,4425,1241,37,0
cxmalter,4425,1242,38,0
vaugon2,4425,1243,39,0
valosta2,4425,1246,40,0
stagare2,4425,1247,41,0
plegsta1,4425,1249,42,0
laugar2,4425,1253,43,0
cheher2,4425,1256,44,0
maconu2,4425,1256,45,0
kildare2,4425,1256,46,0
huberd2,4425,1257,47,0
garecn,4425,1258,48,1
cxmalter,4434,698,1,0
belaive1,4434,700,2,0
egvern1,4434,701,3,0
cxrouve1,4434,702,4,0
fossega1,4434,703,5,0
solidor1,4434,705,6,0
hteabb1,4434,706,7,0
bretoni3,4434,709,8,0
valdors1,4434,710,9,0
garenne1,4434,710,10,0
hallerv1,4434,711,11,0
martich1,4434,712,12,0
poteri4,4434,716,13,0
galicie1,4434,717,14,0
steelis2,4434,718,15,0
hopisud2,4434,719,16,0
torigne2,4434,720,17,0
tage2,4434,721,18,0
douro2,4434,722,19,0
portuga2,4434,723,20,0
frevi04,4434,725,21,0
norvege2,4434,727,22,0
lybrqsu2,4434,729,23,0
eboue2,4434,730,24,0
vallstj2,4434,733,25,0
janaich2,4434,735,26,0
cxpotie2,4434,737,27,0
doublee3,4434,741,28,0
lavoisi2,4434,742,29,0
chnigue2,4434,743,30,0
bobinai2,4434,744,31,0
pasteur2,4434,745,32,0
dugues2,4434,746,33,0
epalet2,4434,747,34,0
noebru2,4434,749,35,0
herveri2,4434,750,36,0
cenbru2,4434,751,37,1
cenbru2,4437,1245,1,0
herveri1,4437,1246,2,0
noebru1,4437,1248,3,0
epalet1,4437,1249,4,0
dugues1,4437,1250,5,0
pasteur1,4437,1251,6,0
bobinai1,4437,1252,7,0
chnigue1,4437,1253,8,0
lavoisi1,4437,1253,9,0
doublee4,4437,1255,10,0
cxpotie1,4437,1258,11,0
janaich1,4437,1260,12,0
vallstj1,4437,1262,13,0
eboue1,4437,1265,14,0
lybrqsu1,4437,1267,15,0
norvege1,4437,1268,16,0
frevi01,4437,1271,17,1
cxmalter,1167,418,1,0
belaive1,1167,420,2,0
egvern1,1167,421,3,0
cxrouve1,1167,422,4,0
fossega1,1167,423,5,0
solidor1,1167,425,6,0
hteabb1,1167,426,7,0
bretoni3,1167,429,8,0
valdors1,1167,430,9,0
garenne1,1167,430,10,0
hallerv1,1167,431,11,0
martich1,1167,432,12,0
poteri4,1167,436,13,0
galicie1,1167,437,14,0
steelis2,1167,438,15,0
hopisud2,1167,439,16,0
torigne2,1167,440,17,0
tage2,1167,441,18,0
douro2,1167,442,19,0
portuga2,1167,443,20,0
frevi04,1167,445,21,0
norvege2,1167,447,22,0
lybrqsu2,1167,449,23,0
eboue2,1167,450,24,0
vallstj2,1167,453,25,0
janaich2,1167,455,26,0
cxpotie2,1167,457,27,0
doublee3,1167,461,28,0
lavoisi2,1167,462,29,0
chnigue2,1167,463,30,0
bobinai2,1167,464,31,0
pasteur2,1167,465,32,0
dugues2,1167,466,33,0
epalet2,1167,467,34,0
noebru2,1167,469,35,0
herveri2,1167,470,36,0
cenbru2,1167,471,37,1
cenbru2,1175,887,1,0
herveri1,1175,888,2,0
noebru1,1175,890,3,0
epalet1,1175,891,4,0
dugues1,1175,892,5,0
pasteur1,1175,893,6,0
bobinai1,1175,894,7,0
chnigue1,1175,895,8,0
lavoisi1,1175,895,9,0
doublee4,1175,897,10,0
cxpotie1,1175,900,11,0
janaich1,1175,903,12,0
vallstj1,1175,904,13,0
eboue1,1175,908,14,0
lybrqsu1,1175,910,15,0
norvege1,1175,911,16,0
frevi01,1175,914,17,0
portuga1,1175,917,18,0
douro1,1175,918,19,0
tage1,1175,919,20,0
torigne1,1175,920,21,0
hopisud1,1175,921,22,0
steelis1,1175,922,23,0
galicie2,1175,923,24,0
potepl2,1175,925,25,0
martich2,1175,928,26,0
hallerv2,1175,929,27,0
garenne2,1175,930,28,0
valdors2,1175,930,29,0
bretoni4,1175,931,30,0
hteabb2,1175,934,31,0
solidor2,1175,935,32,0
fossega2,1175,936,33,0
cxrouve2,1175,937,34,0
egvern2,1175,938,35,0
belaive2,1175,940,36,0
toucver2,1175,941,37,0
cxmalter,1175,942,38,1
cenbru2,612,1077,1,0
herveri1,612,1078,2,0
noebru1,612,1080,3,0
epalet1,612,1081,4,0
dugues1,612,1082,5,0
pasteur1,612,1083,6,0
bobinai1,612,1084,7,0
chnigue1,612,1085,8,0
lavoisi1,612,1085,9,0
doublee4,612,1087,10,0
cxpotie1,612,1090,11,0
janaich1,612,1093,12,0
vallstj1,612,1095,13,0
eboue1,612,1099,14,0
lybrqsu1,612,1101,15,0
norvege1,612,1102,16,0
frevi01,612,1106,17,0
portuga1,612,1108,18,0
douro1,612,1109,19,0
tage1,612,1110,20,0
torigne1,612,1112,21,0
hopisud1,612,1113,22,0
steelis1,612,1113,23,0
galicie2,612,1114,24,0
potepl2,612,1116,25,0
martich2,612,1119,26,0
hallerv2,612,1120,27,0
garenne2,612,1121,28,0
valdors2,612,1121,29,0
bretoni4,612,1122,30,0
hteabb2,612,1124,31,0
solidor2,612,1125,32,0
fossega2,612,1126,33,0
cxrouve2,612,1127,34,0
egvern2,612,1128,35,0
belaive2,612,1130,36,0
toucver2,612,1131,37,0
cxmalter,612,1132,38,1
cenbru2,611,1045,1,0
herveri1,611,1046,2,0
noebru1,611,1048,3,0
epalet1,611,1049,4,0
dugues1,611,1050,5,0
pasteur1,611,1051,6,0
bobinai1,611,1052,7,0
chnigue1,611,1053,8,0
lavoisi1,611,1053,9,0
doublee4,611,1055,10,0
cxpotie1,611,1058,11,0
janaich1,611,1061,12,0
vallstj1,611,1062,13,0
eboue1,611,1066,14,0
lybrqsu1,611,1068,15,0
norvege1,611,1069,16,0
frevi01,611,1072,17,0
portuga1,611,1075,18,0
douro1,611,1076,19,0
tage1,611,1077,20,0
torigne1,611,1079,21,0
hopisud1,611,1080,22,0
steelis1,611,1081,23,0
galicie2,611,1082,24,0
potepl2,611,1084,25,0
martich2,611,1087,26,0
hallerv2,611,1088,27,0
garenne2,611,1089,28,0
valdors2,611,1089,29,0
bretoni4,611,1090,30,0
hteabb2,611,1093,31,0
solidor2,611,1095,32,0
fossega2,611,1096,33,0
cxrouve2,611,1097,34,0
egvern2,611,1099,35,0
belaive2,611,1101,36,0
toucver2,611,1102,37,0
cxmalter,611,1103,38,1
cxmalter,2656,658,1,0
belaive1,2656,660,2,0
egvern1,2656,661,3,0
cxrouve1,2656,662,4,0
fossega1,2656,663,5,0
solidor1,2656,665,6,0
hteabb1,2656,666,7,0
bretoni3,2656,669,8,0
valdors1,2656,670,9,0
garenne1,2656,670,10,0
hallerv1,2656,671,11,0
martich1,2656,672,12,0
poteri4,2656,676,13,0
galicie1,2656,677,14,0
steelis2,2656,678,15,0
hopisud2,2656,679,16,0
torigne2,2656,680,17,0
tage2,2656,681,18,0
douro2,2656,682,19,0
portuga2,2656,683,20,0
frevi04,2656,685,21,0
norvege2,2656,687,22,0
lybrqsu2,2656,689,23,0
eboue2,2656,690,24,0
vallstj2,2656,693,25,0
janaich2,2656,695,26,0
cxpotie2,2656,697,27,0
doublee3,2656,701,28,0
lavoisi2,2656,702,29,0
chnigue2,2656,703,30,0
bobinai2,2656,704,31,0
pasteur2,2656,705,32,0
dugues2,2656,706,33,0
epalet2,2656,707,34,0
noebru2,2656,709,35,0
herveri2,2656,710,36,0
cenbru2,2656,711,37,1
cxmalter,4350,432,1,0
belaive1,4350,434,2,0
egvern1,4350,435,3,0
cxrouve1,4350,436,4,0
fossega1,4350,437,5,0
solidor1,4350,439,6,0
hteabb1,4350,440,7,0
bretoni3,4350,443,8,0
valdors1,4350,444,9,0
garenne1,4350,444,10,0
hallerv1,4350,445,11,0
martich1,4350,446,12,0
poteri4,4350,450,13,0
galicie1,4350,451,14,0
steelis2,4350,452,15,0
hopisud2,4350,453,16,0
torigne2,4350,454,17,0
tage2,4350,455,18,0
douro2,4350,456,19,0
portuga2,4350,457,20,0
frevi04,4350,459,21,0
norvege2,4350,461,22,0
lybrqsu2,4350,463,23,0
eboue2,4350,464,24,0
vallstj2,4350,468,25,0
janaich2,4350,470,26,0
cxpotie2,4350,473,27,0
doublee3,4350,477,28,0
lavoisi2,4350,478,29,0
chnigue2,4350,479,30,0
bobinai2,4350,480,31,0
pasteur2,4350,481,32,0
dugues2,4350,482,33,0
epalet2,4350,483,34,0
noebru2,4350,485,35,0
herveri2,4350,486,36,0
cenbru2,4350,487,37,1
cenbru2,4353,857,1,0
herveri1,4353,858,2,0
noebru1,4353,860,3,0
epalet1,4353,861,4,0
dugues1,4353,862,5,0
pasteur1,4353,863,6,0
bobinai1,4353,864,7,0
chnigue1,4353,865,8,0
lavoisi1,4353,865,9,0
doublee4,4353,867,10,0
cxpotie1,4353,870,11,0
janaich1,4353,873,12,0
vallstj1,4353,874,13,0
eboue1,4353,878,14,0
lybrqsu1,4353,880,15,0
norvege1,4353,881,16,0
frevi01,4353,884,17,0
portuga1,4353,887,18,0
douro1,4353,888,19,0
tage1,4353,889,20,0
torigne1,4353,890,21,0
hopisud1,4353,891,22,0
steelis1,4353,892,23,0
galicie2,4353,893,24,0
potepl2,4353,895,25,0
martich2,4353,898,26,0
hallerv2,4353,899,27,0
garenne2,4353,900,28,0
valdors2,4353,900,29,0
bretoni4,4353,901,30,0
hteabb2,4353,904,31,0
solidor2,4353,905,32,0
fossega2,4353,906,33,0
cxrouve2,4353,907,34,0
egvern2,4353,908,35,0
belaive2,4353,910,36,0
toucver2,4353,911,37,0
cxmalter,4353,912,38,1
cenbru2,1049,402,1,0
herveri1,1049,403,2,0
noebru1,1049,405,3,0
epalet1,1049,406,4,0
dugues1,1049,407,5,0
pasteur1,1049,408,6,0
bobinai1,1049,409,7,0
chnigue1,1049,410,8,0
lavoisi1,1049,410,9,0
doublee4,1049,412,10,0
cxpotie1,1049,415,11,0
janaich1,1049,418,12,0
vallstj1,1049,419,13,0
eboue1,1049,423,14,0
lybrqsu1,1049,425,15,0
norvege1,1049,426,16,0
frevi01,1049,429,17,0
portuga1,1049,431,18,0
douro1,1049,432,19,0
tage1,1049,433,20,0
torigne1,1049,435,21,0
hopisud1,1049,436,22,0
steelis1,1049,436,23,0
galicie2,1049,437,24,0
potepl2,1049,439,25,0
martich2,1049,442,26,0
hallerv2,1049,443,27,0
garenne2,1049,444,28,0
valdors2,1049,444,29,0
bretoni4,1049,445,30,0
hteabb2,1049,447,31,0
solidor2,1049,448,32,0
fossega2,1049,449,33,0
cxrouve2,1049,450,34,0
egvern2,1049,451,35,0
belaive2,1049,453,36,0
toucver2,1049,454,37,0
cxmalter,1049,455,38,1
cxmalter,2143,538,1,0
belaive1,2143,540,2,0
egvern1,2143,541,3,0
cxrouve1,2143,542,4,0
fossega1,2143,543,5,0
solidor1,2143,545,6,0
hteabb1,2143,546,7,0
bretoni3,2143,549,8,0
valdors1,2143,550,9,0
garenne1,2143,550,10,0
hallerv1,2143,551,11,0
martich1,2143,552,12,0
poteri4,2143,556,13,0
galicie1,2143,557,14,0
steelis2,2143,558,15,0
hopisud2,2143,559,16,0
torigne2,2143,560,17,0
tage2,2143,561,18,0
douro2,2143,562,19,0
portuga2,2143,563,20,0
frevi04,2143,565,21,0
norvege2,2143,567,22,0
lybrqsu2,2143,569,23,0
eboue2,2143,570,24,0
vallstj2,2143,573,25,0
janaich2,2143,575,26,0
cxpotie2,2143,577,27,0
doublee3,2143,581,28,0
lavoisi2,2143,582,29,0
chnigue2,2143,583,30,0
bobinai2,2143,584,31,0
pasteur2,2143,585,32,0
dugues2,2143,586,33,0
epalet2,2143,587,34,0
noebru2,2143,589,35,0
herveri2,2143,590,36,0
cenbru2,2143,591,37,1
cxmalter,3273,898,1,0
belaive1,3273,900,2,0
egvern1,3273,901,3,0
cxrouve1,3273,902,4,0
fossega1,3273,903,5,0
solidor1,3273,905,6,0
hteabb1,3273,906,7,0
bretoni3,3273,909,8,0
valdors1,3273,910,9,0
garenne1,3273,910,10,0
hallerv1,3273,911,11,0
martich1,3273,912,12,0
poteri4,3273,916,13,0
galicie1,3273,917,14,0
steelis2,3273,918,15,0
hopisud2,3273,919,16,0
torigne2,3273,920,17,0
tage2,3273,921,18,0
douro2,3273,922,19,0
portuga2,3273,923,20,0
frevi04,3273,925,21,0
norvege2,3273,927,22,0
lybrqsu2,3273,929,23,0
eboue2,3273,930,24,0
vallstj2,3273,933,25,0
janaich2,3273,935,26,0
cxpotie2,3273,937,27,0
doublee3,3273,941,28,0
lavoisi2,3273,942,29,0
chnigue2,3273,943,30,0
bobinai2,3273,944,31,0
pasteur2,3273,945,32,0
dugues2,3273,946,33,0
epalet2,3273,947,34,0
noebru2,3273,949,35,0
herveri2,3273,950,36,0
cenbru2,3273,951,37,1
cenbru2,2139,637,1,0
herveri1,2139,638,2,0
noebru1,2139,640,3,0
epalet1,2139,641,4,0
dugues1,2139,642,5,0
pasteur1,2139,643,6,0
bobinai1,2139,644,7,0
chnigue1,2139,645,8,0
lavoisi1,2139,645,9,0
doublee4,2139,647,10,0
cxpotie1,2139,650,11,0
janaich1,2139,653,12,0
vallstj1,2139,654,13,0
eboue1,2139,658,14,0
lybrqsu1,2139,660,15,0
norvege1,2139,661,16,0
frevi01,2139,665,17,0
portuga1,2139,667,18,0
douro1,2139,668,19,0
tage1,2139,669,20,0
torigne1,2139,671,21,0
hopisud1,2139,672,22,0
steelis1,2139,672,23,0
galicie2,2139,673,24,0
potepl2,2139,675,25,0
martich2,2139,678,26,0
hallerv2,2139,679,27,0
garenne2,2139,680,28,0
valdors2,2139,680,29,0
bretoni4,2139,681,30,0
hteabb2,2139,683,31,0
solidor2,2139,684,32,0
fossega2,2139,685,33,0
cxrouve2,2139,686,34,0
egvern2,2139,687,35,0
belaive2,2139,689,36,0
toucver2,2139,690,37,0
cxmalter,2139,691,38,1
cenbru2,2178,827,1,0
herveri1,2178,828,2,0
noebru1,2178,830,3,0
epalet1,2178,831,4,0
dugues1,2178,832,5,0
pasteur1,2178,833,6,0
bobinai1,2178,834,7,0
chnigue1,2178,835,8,0
lavoisi1,2178,835,9,0
doublee4,2178,837,10,0
cxpotie1,2178,840,11,0
janaich1,2178,843,12,0
vallstj1,2178,844,13,0
eboue1,2178,848,14,0
lybrqsu1,2178,850,15,0
norvege1,2178,851,16,0
frevi01,2178,854,17,0
portuga1,2178,857,18,0
douro1,2178,858,19,0
tage1,2178,859,20,0
torigne1,2178,860,21,0
hopisud1,2178,861,22,0
steelis1,2178,862,23,0
galicie2,2178,863,24,0
potepl2,2178,865,25,0
martich2,2178,868,26,0
hallerv2,2178,869,27,0
garenne2,2178,870,28,0
valdors2,2178,870,29,0
bretoni4,2178,871,30,0
hteabb2,2178,874,31,0
solidor2,2178,875,32,0
fossega2,2178,876,33,0
cxrouve2,2178,877,34,0
egvern2,2178,878,35,0
belaive2,2178,880,36,0
toucver2,2178,881,37,0
cxmalter,2178,882,38,1
cxmalter,2253,678,1,0
belaive1,2253,680,2,0
egvern1,2253,681,3,0
cxrouve1,2253,682,4,0
fossega1,2253,683,5,0
solidor1,2253,685,6,0
hteabb1,2253,686,7,0
bretoni3,2253,689,8,0
valdors1,2253,690,9,0
garenne1,2253,690,10,0
hallerv1,2253,691,11,0
martich1,2253,692,12,0
poteri4,2253,696,13,0
galicie1,2253,697,14,0
steelis2,2253,698,15,0
hopisud2,2253,699,16,0
torigne2,2253,700,17,0
tage2,2253,701,18,0
douro2,2253,702,19,0
portuga2,2253,703,20,0
frevi04,2253,705,21,0
norvege2,2253,707,22,0
lybrqsu2,2253,709,23,0
eboue2,2253,710,24,0
vallstj2,2253,713,25,0
janaich2,2253,715,26,0
cxpotie2,2253,717,27,0
doublee3,2253,721,28,0
lavoisi2,2253,722,29,0
chnigue2,2253,723,30,0
bobinai2,2253,724,31,0
pasteur2,2253,725,32,0
dugues2,2253,726,33,0
epalet2,2253,727,34,0
noebru2,2253,729,35,0
herveri2,2253,730,36,0
cenbru2,2253,731,37,1
cenbru2,2257,1037,1,0
herveri1,2257,1038,2,0
noebru1,2257,1040,3,0
epalet1,2257,1041,4,0
dugues1,2257,1042,5,0
pasteur1,2257,1043,6,0
bobinai1,2257,1044,7,0
chnigue1,2257,1045,8,0
lavoisi1,2257,1045,9,0
doublee4,2257,1047,10,0
cxpotie1,2257,1050,11,0
janaich1,2257,1053,12,0
vallstj1,2257,1055,13,0
eboue1,2257,1059,14,0
lybrqsu1,2257,1061,15,0
norvege1,2257,1062,16,0
frevi01,2257,1066,17,0
portuga1,2257,1068,18,0
douro1,2257,1069,19,0
tage1,2257,1070,20,0
torigne1,2257,1072,21,0
hopisud1,2257,1073,22,0
steelis1,2257,1073,23,0
galicie2,2257,1074,24,0
potepl2,2257,1076,25,0
martich2,2257,1079,26,0
hallerv2,2257,1080,27,0
garenne2,2257,1081,28,0
valdors2,2257,1081,29,0
bretoni4,2257,1082,30,0
hteabb2,2257,1084,31,0
solidor2,2257,1085,32,0
fossega2,2257,1086,33,0
cxrouve2,2257,1087,34,0
egvern2,2257,1088,35,0
belaive2,2257,1090,36,0
toucver2,2257,1091,37,0
cxmalter,2257,1092,38,1
cxmalter,3388,402,1,0
belaive1,3388,404,2,0
egvern1,3388,405,3,0
cxrouve1,3388,406,4,0
fossega1,3388,407,5,0
solidor1,3388,409,6,0
hteabb1,3388,410,7,0
bretoni3,3388,413,8,0
valdors1,3388,414,9,0
garenne1,3388,414,10,0
hallerv1,3388,415,11,0
martich1,3388,416,12,0
poteri4,3388,420,13,0
galicie1,3388,421,14,0
steelis2,3388,422,15,0
hopisud2,3388,423,16,0
torigne2,3388,424,17,0
tage2,3388,425,18,0
douro2,3388,426,19,0
portuga2,3388,427,20,0
frevi04,3388,429,21,0
norvege2,3388,431,22,0
lybrqsu2,3388,433,23,0
eboue2,3388,434,24,0
vallstj2,3388,437,25,0
janaich2,3388,439,26,0
cxpotie2,3388,441,27,0
doublee3,3388,445,28,0
lavoisi2,3388,446,29,0
chnigue2,3388,447,30,0
bobinai2,3388,448,31,0
pasteur2,3388,449,32,0
dugues2,3388,450,33,0
epalet2,3388,451,34,0
noebru2,3388,453,35,0
herveri2,3388,454,36,0
cenbru2,3388,455,37,1
cxmalter,2229,768,1,0
belaive1,2229,770,2,0
egvern1,2229,771,3,0
cxrouve1,2229,772,4,0
fossega1,2229,773,5,0
solidor1,2229,775,6,0
hteabb1,2229,776,7,0
bretoni3,2229,779,8,0
valdors1,2229,780,9,0
garenne1,2229,780,10,0
hallerv1,2229,781,11,0
martich1,2229,782,12,0
poteri4,2229,786,13,0
galicie1,2229,787,14,0
steelis2,2229,788,15,0
hopisud2,2229,789,16,0
torigne2,2229,790,17,0
tage2,2229,791,18,0
douro2,2229,792,19,0
portuga2,2229,793,20,0
frevi04,2229,795,21,0
norvege2,2229,797,22,0
lybrqsu2,2229,799,23,0
eboue2,2229,800,24,0
vallstj2,2229,803,25,0
janaich2,2229,805,26,0
cxpotie2,2229,807,27,0
doublee3,2229,811,28,0
lavoisi2,2229,812,29,0
chnigue2,2229,813,30,0
bobinai2,2229,814,31,0
pasteur2,2229,815,32,0
dugues2,2229,816,33,0
epalet2,2229,817,34,0
noebru2,2229,819,35,0
herveri2,2229,820,36,0
cenbru2,2229,821,37,1
cxmalter,3341,375,1,0
belaive1,3341,377,2,0
egvern1,3341,378,3,0
cxrouve1,3341,379,4,0
fossega1,3341,380,5,0
solidor1,3341,382,6,0
hteabb1,3341,383,7,0
bretoni3,3341,386,8,0
valdors1,3341,387,9,0
garenne1,3341,387,10,0
hallerv1,3341,388,11,0
martich1,3341,389,12,0
poteri4,3341,393,13,0
galicie1,3341,394,14,0
steelis2,3341,395,15,0
hopisud2,3341,396,16,0
torigne2,3341,397,17,0
tage2,3341,398,18,0
douro2,3341,399,19,0
portuga2,3341,400,20,0
frevi04,3341,402,21,0
norvege2,3341,404,22,0
lybrqsu2,3341,406,23,0
eboue2,3341,407,24,0
vallstj2,3341,410,25,0
janaich2,3341,412,26,0
cxpotie2,3341,414,27,0
doublee3,3341,418,28,0
lavoisi2,3341,419,29,0
chnigue2,3341,420,30,0
bobinai2,3341,421,31,0
pasteur2,3341,422,32,0
dugues2,3341,423,33,0
epalet2,3341,424,34,0
noebru2,3341,426,35,0
herveri2,3341,427,36,0
cenbru2,3341,428,37,1
cxmalter,2274,458,1,0
belaive1,2274,460,2,0
egvern1,2274,461,3,0
cxrouve1,2274,462,4,0
fossega1,2274,463,5,0
solidor1,2274,465,6,0
hteabb1,2274,466,7,0
bretoni3,2274,469,8,0
valdors1,2274,470,9,0
garenne1,2274,470,10,0
hallerv1,2274,471,11,0
martich1,2274,472,12,0
poteri4,2274,476,13,0
galicie1,2274,477,14,0
steelis2,2274,478,15,0
hopisud2,2274,479,16,0
torigne2,2274,480,17,0
tage2,2274,481,18,0
douro2,2274,482,19,0
portuga2,2274,483,20,0
frevi04,2274,485,21,0
norvege2,2274,487,22,0
lybrqsu2,2274,489,23,0
eboue2,2274,490,24,0
vallstj2,2274,493,25,0
janaich2,2274,495,26,0
cxpotie2,2274,497,27,0
doublee3,2274,501,28,0
lavoisi2,2274,502,29,0
chnigue2,2274,503,30,0
bobinai2,2274,504,31,0
pasteur2,2274,505,32,0
dugues2,2274,506,33,0
epalet2,2274,507,34,0
noebru2,2274,509,35,0
herveri2,2274,510,36,0
cenbru2,2274,511,37,1
cenbru2,3329,477,1,0
herveri1,3329,478,2,0
noebru1,3329,480,3,0
epalet1,3329,481,4,0
dugues1,3329,482,5,0
pasteur1,3329,483,6,0
bobinai1,3329,484,7,0
chnigue1,3329,485,8,0
lavoisi1,3329,485,9,0
doublee4,3329,487,10,0
cxpotie1,3329,490,11,0
janaich1,3329,493,12,0
vallstj1,3329,494,13,0
eboue1,3329,498,14,0
lybrqsu1,3329,500,15,0
norvege1,3329,501,16,0
frevi01,3329,505,17,0
portuga1,3329,507,18,0
douro1,3329,508,19,0
tage1,3329,509,20,0
torigne1,3329,511,21,0
hopisud1,3329,512,22,0
steelis1,3329,512,23,0
galicie2,3329,513,24,0
potepl2,3329,515,25,0
martich2,3329,518,26,0
hallerv2,3329,519,27,0
garenne2,3329,520,28,0
valdors2,3329,520,29,0
bretoni4,3329,521,30,0
hteabb2,3329,523,31,0
solidor2,3329,524,32,0
fossega2,3329,525,33,0
cxrouve2,3329,526,34,0
egvern2,3329,527,35,0
belaive2,3329,529,36,0
toucver2,3329,530,37,0
cxmalter,3329,531,38,1
cxmalter,3300,828,1,0
belaive1,3300,830,2,0
egvern1,3300,831,3,0
cxrouve1,3300,832,4,0
fossega1,3300,833,5,0
solidor1,3300,835,6,0
hteabb1,3300,836,7,0
bretoni3,3300,839,8,0
valdors1,3300,840,9,0
garenne1,3300,840,10,0
hallerv1,3300,841,11,0
martich1,3300,842,12,0
poteri4,3300,846,13,0
galicie1,3300,847,14,0
steelis2,3300,848,15,0
hopisud2,3300,849,16,0
torigne2,3300,850,17,0
tage2,3300,851,18,0
douro2,3300,852,19,0
portuga2,3300,853,20,0
frevi04,3300,855,21,0
norvege2,3300,857,22,0
lybrqsu2,3300,859,23,0
eboue2,3300,860,24,0
vallstj2,3300,863,25,0
janaich2,3300,865,26,0
cxpotie2,3300,867,27,0
doublee3,3300,871,28,0
lavoisi2,3300,872,29,0
chnigue2,3300,873,30,0
bobinai2,3300,874,31,0
pasteur2,3300,875,32,0
dugues2,3300,876,33,0
epalet2,3300,877,34,0
noebru2,3300,879,35,0
herveri2,3300,880,36,0
cenbru2,3300,881,37,1
cenbru2,3497,917,1,0
herveri1,3497,918,2,0
noebru1,3497,920,3,0
epalet1,3497,921,4,0
dugues1,3497,922,5,0
pasteur1,3497,923,6,0
bobinai1,3497,924,7,0
chnigue1,3497,925,8,0
lavoisi1,3497,925,9,0
doublee4,3497,927,10,0
cxpotie1,3497,930,11,0
janaich1,3497,933,12,0
vallstj1,3497,935,13,0
eboue1,3497,939,14,0
lybrqsu1,3497,941,15,0
norvege1,3497,942,16,0
frevi01,3497,946,17,0
portuga1,3497,948,18,0
douro1,3497,949,19,0
tage1,3497,950,20,0
torigne1,3497,952,21,0
hopisud1,3497,953,22,0
steelis1,3497,953,23,0
galicie2,3497,954,24,0
potepl2,3497,956,25,0
martich2,3497,959,26,0
hallerv2,3497,960,27,0
garenne2,3497,961,28,0
valdors2,3497,961,29,0
bretoni4,3497,962,30,0
hteabb2,3497,964,31,0
solidor2,3497,965,32,0
fossega2,3497,966,33,0
cxrouve2,3497,967,34,0
egvern2,3497,968,35,0
belaive2,3497,970,36,0
toucver2,3497,971,37,0
cxmalter,3497,972,38,1
cenbru2,5108,1275,1,0
herveri1,5108,1276,2,0
noebru1,5108,1278,3,0
epalet1,5108,1279,4,0
dugues1,5108,1280,5,0
pasteur1,5108,1281,6,0
bobinai1,5108,1282,7,0
chnigue1,5108,1283,8,0
lavoisi1,5108,1283,9,0
doublee4,5108,1285,10,0
cxpotie1,5108,1288,11,0
janaich1,5108,1290,12,0
vallstj1,5108,1292,13,0
eboue1,5108,1295,14,0
lybrqsu1,5108,1297,15,0
norvege1,5108,1298,16,0
frevi01,5108,1301,17,1
cxmalter,4091,578,1,0
belaive1,4091,580,2,0
egvern1,4091,581,3,0
cxrouve1,4091,582,4,0
fossega1,4091,583,5,0
solidor1,4091,585,6,0
hteabb1,4091,586,7,0
bretoni3,4091,589,8,0
valdors1,4091,590,9,0
garenne1,4091,590,10,0
hallerv1,4091,591,11,0
martich1,4091,592,12,0
poteri4,4091,596,13,0
galicie1,4091,597,14,0
steelis2,4091,598,15,0
hopisud2,4091,599,16,0
torigne2,4091,600,17,0
tage2,4091,601,18,0
douro2,4091,602,19,0
portuga2,4091,603,20,0
frevi04,4091,605,21,0
norvege2,4091,607,22,0
lybrqsu2,4091,609,23,0
eboue2,4091,610,24,0
vallstj2,4091,613,25,0
janaich2,4091,615,26,0
cxpotie2,4091,617,27,0
doublee3,4091,621,28,0
lavoisi2,4091,622,29,0
chnigue2,4091,623,30,0
bobinai2,4091,624,31,0
pasteur2,4091,625,32,0
dugues2,4091,626,33,0
epalet2,4091,627,34,0
noebru2,4091,629,35,0
herveri2,4091,630,36,0
cenbru2,4091,631,37,1
cxmalter,5168,618,1,0
belaive1,5168,620,2,0
egvern1,5168,621,3,0
cxrouve1,5168,622,4,0
fossega1,5168,623,5,0
solidor1,5168,625,6,0
hteabb1,5168,626,7,0
bretoni3,5168,629,8,0
valdors1,5168,630,9,0
garenne1,5168,630,10,0
hallerv1,5168,631,11,0
martich1,5168,632,12,0
poteri4,5168,636,13,0
galicie1,5168,637,14,0
steelis2,5168,638,15,0
hopisud2,5168,639,16,0
torigne2,5168,640,17,0
tage2,5168,641,18,0
douro2,5168,642,19,0
portuga2,5168,643,20,0
frevi04,5168,645,21,0
norvege2,5168,647,22,0
lybrqsu2,5168,649,23,0
eboue2,5168,650,24,0
vallstj2,5168,653,25,0
janaich2,5168,655,26,0
cxpotie2,5168,657,27,0
doublee3,5168,661,28,0
lavoisi2,5168,662,29,0
chnigue2,5168,663,30,0
bobinai2,5168,664,31,0
pasteur2,5168,665,32,0
dugues2,5168,666,33,0
epalet2,5168,667,34,0
noebru2,5168,669,35,0
herveri2,5168,670,36,0
cenbru2,5168,671,37,1
cenbru2,5164,797,1,0
herveri1,5164,798,2,0
noebru1,5164,800,3,0
epalet1,5164,801,4,0
dugues1,5164,802,5,0
pasteur1,5164,803,6,0
bobinai1,5164,804,7,0
chnigue1,5164,805,8,0
lavoisi1,5164,805,9,0
doublee4,5164,807,10,0
cxpotie1,5164,810,11,0
janaich1,5164,813,12,0
vallstj1,5164,815,13,0
eboue1,5164,819,14,0
lybrqsu1,5164,821,15,0
norvege1,5164,822,16,0
frevi01,5164,826,17,0
portuga1,5164,828,18,0
douro1,5164,829,19,0
tage1,5164,830,20,0
torigne1,5164,832,21,0
hopisud1,5164,833,22,0
steelis1,5164,833,23,0
galicie2,5164,834,24,0
potepl2,5164,836,25,0
martich2,5164,839,26,0
hallerv2,5164,840,27,0
garenne2,5164,841,28,0
valdors2,5164,841,29,0
bretoni4,5164,842,30,0
hteabb2,5164,844,31,0
solidor2,5164,845,32,0
fossega2,5164,846,33,0
cxrouve2,5164,847,34,0
egvern2,5164,848,35,0
belaive2,5164,850,36,0
toucver2,5164,851,37,0
cxmalter,5164,852,38,1
cenbru2,5144,1117,1,0
herveri1,5144,1118,2,0
noebru1,5144,1120,3,0
epalet1,5144,1121,4,0
dugues1,5144,1122,5,0
pasteur1,5144,1123,6,0
bobinai1,5144,1124,7,0
chnigue1,5144,1125,8,0
lavoisi1,5144,1125,9,0
doublee4,5144,1127,10,0
cxpotie1,5144,1130,11,0
janaich1,5144,1133,12,0
vallstj1,5144,1134,13,0
eboue1,5144,1138,14,0
lybrqsu1,5144,1140,15,0
norvege1,5144,1141,16,0
frevi01,5144,1145,17,0
portuga1,5144,1147,18,0
douro1,5144,1148,19,0
tage1,5144,1149,20,0
torigne1,5144,1151,21,0
hopisud1,5144,1152,22,0
steelis1,5144,1152,23,0
galicie2,5144,1153,24,0
potepl2,5144,1155,25,0
martich2,5144,1158,26,0
hallerv2,5144,1159,27,0
garenne2,5144,1160,28,0
valdors2,5144,1160,29,0
bretoni4,5144,1161,30,0
hteabb2,5144,1163,31,0
solidor2,5144,1164,32,0
fossega2,5144,1165,33,0
cxrouve2,5144,1166,34,0
egvern2,5144,1167,35,0
belaive2,5144,1169,36,0
toucver2,5144,1170,37,0
cxmalter,5144,1171,38,1
cxmalter,3584,1098,1,0
belaive1,3584,1100,2,0
egvern1,3584,1101,3,0
cxrouve1,3584,1102,4,0
fossega1,3584,1103,5,0
solidor1,3584,1105,6,0
hteabb1,3584,1106,7,0
bretoni3,3584,1109,8,0
valdors1,3584,1110,9,0
garenne1,3584,1110,10,0
hallerv1,3584,1111,11,0
martich1,3584,1112,12,0
poteri4,3584,1116,13,0
galicie1,3584,1117,14,0
steelis2,3584,1118,15,0
hopisud2,3584,1119,16,0
torigne2,3584,1120,17,0
tage2,3584,1121,18,0
douro2,3584,1122,19,0
portuga2,3584,1123,20,0
frevi04,3584,1125,21,0
norvege2,3584,1127,22,0
lybrqsu2,3584,1129,23,0
eboue2,3584,1130,24,0
vallstj2,3584,1133,25,0
janaich2,3584,1135,26,0
cxpotie2,3584,1138,27,0
doublee3,3584,1142,28,0
lavoisi2,3584,1143,29,0
chnigue2,3584,1144,30,0
bobinai2,3584,1145,31,0
pasteur2,3584,1146,32,0
dugues2,3584,1147,33,0
epalet2,3584,1148,34,0
noebru2,3584,1150,35,0
herveri2,3584,1151,36,0
cenbru2,3584,1152,37,1
cenbru2,2052,957,1,0
herveri1,2052,958,2,0
noebru1,2052,960,3,0
epalet1,2052,961,4,0
dugues1,2052,962,5,0
pasteur1,2052,963,6,0
bobinai1,2052,964,7,0
chnigue1,2052,965,8,0
lavoisi1,2052,965,9,0
doublee4,2052,967,10,0
cxpotie1,2052,970,11,0
janaich1,2052,973,12,0
vallstj1,2052,975,13,0
eboue1,2052,979,14,0
lybrqsu1,2052,981,15,0
norvege1,2052,982,16,0
frevi01,2052,986,17,0
portuga1,2052,988,18,0
douro1,2052,989,19,0
tage1,2052,990,20,0
torigne1,2052,992,21,0
hopisud1,2052,993,22,0
steelis1,2052,993,23,0
galicie2,2052,994,24,0
potepl2,2052,996,25,0
martich2,2052,999,26,0
hallerv2,2052,1000,27,0
garenne2,2052,1001,28,0
valdors2,2052,1001,29,0
bretoni4,2052,1002,30,0
hteabb2,2052,1004,31,0
solidor2,2052,1005,32,0
fossega2,2052,1006,33,0
cxrouve2,2052,1007,34,0
egvern2,2052,1008,35,0
belaive2,2052,1010,36,0
toucver2,2052,1011,37,0
cxmalter,2052,1012,38,1
cxmalter,2067,978,1,0
belaive1,2067,980,2,0
egvern1,2067,981,3,0
cxrouve1,2067,982,4,0
fossega1,2067,983,5,0
solidor1,2067,985,6,0
hteabb1,2067,986,7,0
bretoni3,2067,989,8,0
valdors1,2067,990,9,0
garenne1,2067,990,10,0
hallerv1,2067,991,11,0
martich1,2067,992,12,0
poteri4,2067,996,13,0
galicie1,2067,997,14,0
steelis2,2067,998,15,0
hopisud2,2067,999,16,0
torigne2,2067,1000,17,0
tage2,2067,1001,18,0
douro2,2067,1002,19,0
portuga2,2067,1003,20,0
frevi04,2067,1005,21,0
norvege2,2067,1007,22,0
lybrqsu2,2067,1009,23,0
eboue2,2067,1010,24,0
vallstj2,2067,1013,25,0
janaich2,2067,1015,26,0
cxpotie2,2067,1018,27,0
doublee3,2067,1022,28,0
lavoisi2,2067,1023,29,0
chnigue2,2067,1024,30,0
bobinai2,2067,1025,31,0
pasteur2,2067,1026,32,0
dugues2,2067,1027,33,0
epalet2,2067,1028,34,0
noebru2,2067,1030,35,0
herveri2,2067,1031,36,0
cenbru2,2067,1032,37,1
cenbru2,2027,985,1,0
herveri1,2027,986,2,0
noebru1,2027,988,3,0
epalet1,2027,989,4,0
dugues1,2027,990,5,0
pasteur1,2027,991,6,0
bobinai1,2027,992,7,0
chnigue1,2027,993,8,0
lavoisi1,2027,993,9,0
doublee4,2027,995,10,0
cxpotie1,2027,998,11,0
janaich1,2027,1001,12,0
vallstj1,2027,1002,13,0
eboue1,2027,1006,14,0
lybrqsu1,2027,1008,15,0
norvege1,2027,1009,16,0
frevi01,2027,1012,17,0
portuga1,2027,1015,18,0
douro1,2027,1016,19,0
tage1,2027,1017,20,0
torigne1,2027,1019,21,0
hopisud1,2027,1020,22,0
steelis1,2027,1021,23,0
galicie2,2027,1022,24,0
potepl2,2027,1024,25,0
martich2,2027,1028,26,0
hallerv2,2027,1029,27,0
garenne2,2027,1030,28,0
valdors2,2027,1030,29,0
bretoni4,2027,1031,30,0
hteabb2,2027,1034,31,0
solidor2,2027,1036,32,0
fossega2,2027,1037,33,0
cxrouve2,2027,1038,34,0
egvern2,2027,1040,35,0
belaive2,2027,1042,36,0
toucver2,2027,1043,37,0
cxmalter,2027,1044,38,1
cenbru2,2043,797,1,0
herveri1,2043,798,2,0
noebru1,2043,800,3,0
epalet1,2043,801,4,0
dugues1,2043,802,5,0
pasteur1,2043,803,6,0
bobinai1,2043,804,7,0
chnigue1,2043,805,8,0
lavoisi1,2043,805,9,0
doublee4,2043,807,10,0
cxpotie1,2043,810,11,0
janaich1,2043,813,12,0
vallstj1,2043,814,13,0
eboue1,2043,818,14,0
lybrqsu1,2043,820,15,0
norvege1,2043,821,16,0
frevi01,2043,824,17,0
portuga1,2043,827,18,0
douro1,2043,828,19,0
tage1,2043,829,20,0
torigne1,2043,830,21,0
hopisud1,2043,831,22,0
steelis1,2043,832,23,0
galicie2,2043,833,24,0
potepl2,2043,835,25,0
martich2,2043,838,26,0
hallerv2,2043,839,27,0
garenne2,2043,840,28,0
valdors2,2043,840,29,0
bretoni4,2043,841,30,0
hteabb2,2043,844,31,0
solidor2,2043,845,32,0
fossega2,2043,846,33,0
cxrouve2,2043,847,34,0
egvern2,2043,848,35,0
belaive2,2043,850,36,0
toucver2,2043,851,37,0
cxmalter,2043,852,38,1
cxmalter,172,498,1,0
belaive1,172,500,2,0
egvern1,172,501,3,0
cxrouve1,172,502,4,0
fossega1,172,503,5,0
solidor1,172,505,6,0
hteabb1,172,506,7,0
bretoni3,172,509,8,0
valdors1,172,510,9,0
garenne1,172,510,10,0
hallerv1,172,511,11,0
martich1,172,512,12,0
poteri4,172,516,13,0
galicie1,172,517,14,0
steelis2,172,518,15,0
hopisud2,172,519,16,0
torigne2,172,520,17,0
tage2,172,521,18,0
douro2,172,522,19,0
portuga2,172,523,20,0
frevi04,172,525,21,0
norvege2,172,527,22,0
lybrqsu2,172,529,23,0
eboue2,172,530,24,0
vallstj2,172,533,25,0
janaich2,172,535,26,0
cxpotie2,172,537,27,0
doublee3,172,541,28,0
lavoisi2,172,542,29,0
chnigue2,172,543,30,0
bobinai2,172,544,31,0
pasteur2,172,545,32,0
dugues2,172,546,33,0
epalet2,172,547,34,0
noebru2,172,549,35,0
herveri2,172,550,36,0
cenbru2,172,551,37,1
cxmalter,3779,918,1,0
belaive1,3779,920,2,0
egvern1,3779,921,3,0
cxrouve1,3779,922,4,0
fossega1,3779,923,5,0
solidor1,3779,925,6,0
hteabb1,3779,926,7,0
bretoni3,3779,929,8,0
valdors1,3779,930,9,0
garenne1,3779,930,10,0
hallerv1,3779,931,11,0
martich1,3779,932,12,0
poteri4,3779,936,13,0
galicie1,3779,937,14,0
steelis2,3779,938,15,0
hopisud2,3779,939,16,0
torigne2,3779,940,17,0
tage2,3779,941,18,0
douro2,3779,942,19,0
portuga2,3779,943,20,0
frevi04,3779,945,21,0
norvege2,3779,947,22,0
lybrqsu2,3779,949,23,0
eboue2,3779,950,24,0
vallstj2,3779,953,25,0
janaich2,3779,955,26,0
cxpotie2,3779,957,27,0
doublee3,3779,961,28,0
lavoisi2,3779,962,29,0
chnigue2,3779,963,30,0
bobinai2,3779,964,31,0
pasteur2,3779,965,32,0
dugues2,3779,966,33,0
epalet2,3779,967,34,0
noebru2,3779,969,35,0
herveri2,3779,970,36,0
cenbru2,3779,971,37,1
cenbru2,4999,1015,1,0
herveri1,4999,1016,2,0
noebru1,4999,1018,3,0
epalet1,4999,1019,4,0
dugues1,4999,1020,5,0
pasteur1,4999,1021,6,0
bobinai1,4999,1022,7,0
chnigue1,4999,1023,8,0
lavoisi1,4999,1023,9,0
doublee4,4999,1025,10,0
cxpotie1,4999,1028,11,0
janaich1,4999,1031,12,0
vallstj1,4999,1032,13,0
eboue1,4999,1036,14,0
lybrqsu1,4999,1038,15,0
norvege1,4999,1039,16,0
frevi01,4999,1042,17,0
portuga1,4999,1045,18,0
douro1,4999,1046,19,0
tage1,4999,1047,20,0
torigne1,4999,1049,21,0
hopisud1,4999,1050,22,0
steelis1,4999,1051,23,0
galicie2,4999,1052,24,0
potepl2,4999,1054,25,0
martich2,4999,1058,26,0
hallerv2,4999,1059,27,0
garenne2,4999,1060,28,0
valdors2,4999,1060,29,0
bretoni4,4999,1061,30,0
hteabb2,4999,1064,31,0
solidor2,4999,1066,32,0
fossega2,4999,1067,33,0
cxrouve2,4999,1068,34,0
egvern2,4999,1070,35,0
belaive2,4999,1072,36,0
toucver2,4999,1073,37,0
cxmalter,4999,1074,38,1
cenbru2,3893,467,1,0
herveri1,3893,468,2,0
noebru1,3893,470,3,0
epalet1,3893,471,4,0
dugues1,3893,472,5,0
pasteur1,3893,473,6,0
bobinai1,3893,474,7,0
chnigue1,3893,475,8,0
lavoisi1,3893,475,9,0
doublee4,3893,477,10,0
cxpotie1,3893,480,11,0
janaich1,3893,483,12,0
vallstj1,3893,485,13,0
eboue1,3893,489,14,0
lybrqsu1,3893,491,15,0
norvege1,3893,492,16,0
frevi01,3893,495,17,0
portuga1,3893,498,18,0
douro1,3893,499,19,0
tage1,3893,500,20,0
torigne1,3893,501,21,0
hopisud1,3893,502,22,0
steelis1,3893,503,23,0
galicie2,3893,504,24,0
potepl2,3893,506,25,0
martich2,3893,510,26,0
hallerv2,3893,511,27,0
garenne2,3893,512,28,0
valdors2,3893,512,29,0
bretoni4,3893,513,30,0
hteabb2,3893,516,31,0
solidor2,3893,517,32,0
fossega2,3893,518,33,0
cxrouve2,3893,519,34,0
egvern2,3893,520,35,0
belaive2,3893,522,36,0
toucver2,3893,523,37,0
cxmalter,3893,524,38,1
cxmalter,3051,1068,1,0
belaive1,3051,1070,2,0
egvern1,3051,1071,3,0
cxrouve1,3051,1072,4,0
fossega1,3051,1073,5,0
solidor1,3051,1075,6,0
hteabb1,3051,1076,7,0
bretoni3,3051,1079,8,0
valdors1,3051,1080,9,0
garenne1,3051,1080,10,0
hallerv1,3051,1081,11,0
martich1,3051,1082,12,0
poteri4,3051,1086,13,0
galicie1,3051,1087,14,0
steelis2,3051,1088,15,0
hopisud2,3051,1089,16,0
torigne2,3051,1090,17,0
tage2,3051,1091,18,0
douro2,3051,1092,19,0
portuga2,3051,1093,20,0
frevi04,3051,1095,21,0
norvege2,3051,1097,22,0
lybrqsu2,3051,1099,23,0
eboue2,3051,1100,24,0
vallstj2,3051,1103,25,0
janaich2,3051,1105,26,0
cxpotie2,3051,1108,27,0
doublee3,3051,1112,28,0
lavoisi2,3051,1113,29,0
chnigue2,3051,1114,30,0
bobinai2,3051,1115,31,0
pasteur2,3051,1116,32,0
dugues2,3051,1117,33,0
epalet2,3051,1118,34,0
noebru2,3051,1120,35,0
herveri2,3051,1121,36,0
cenbru2,3051,1122,37,1
cxmalter,3068,553,1,0
belaive1,3068,555,2,0
egvern1,3068,556,3,0
cxrouve1,3068,557,4,0
fossega1,3068,558,5,0
solidor1,3068,560,6,0
hteabb1,3068,561,7,0
bretoni3,3068,564,8,0
valdors1,3068,565,9,0
garenne1,3068,565,10,0
hallerv1,3068,566,11,0
martich1,3068,567,12,0
poteri4,3068,571,13,0
galicie1,3068,572,14,0
steelis2,3068,573,15,0
hopisud2,3068,574,16,0
torigne2,3068,575,17,0
tage2,3068,576,18,0
douro2,3068,577,19,0
portuga2,3068,578,20,0
frevi04,3068,580,21,0
norvege2,3068,582,22,0
lybrqsu2,3068,584,23,0
eboue2,3068,585,24,0
vallstj2,3068,588,25,0
janaich2,3068,590,26,0
cxpotie2,3068,592,27,0
doublee3,3068,596,28,0
lavoisi2,3068,597,29,0
chnigue2,3068,598,30,0
bobinai2,3068,599,31,0
pasteur2,3068,600,32,0
dugues2,3068,601,33,0
epalet2,3068,602,34,0
noebru2,3068,604,35,0
herveri2,3068,605,36,0
cenbru2,3068,606,37,1
cenbru2,3922,737,1,0
herveri1,3922,738,2,0
noebru1,3922,740,3,0
epalet1,3922,741,4,0
dugues1,3922,742,5,0
pasteur1,3922,743,6,0
bobinai1,3922,744,7,0
chnigue1,3922,745,8,0
lavoisi1,3922,745,9,0
doublee4,3922,747,10,0
cxpotie1,3922,750,11,0
janaich1,3922,753,12,0
vallstj1,3922,754,13,0
eboue1,3922,758,14,0
lybrqsu1,3922,760,15,0
norvege1,3922,761,16,0
frevi01,3922,764,17,0
portuga1,3922,767,18,0
douro1,3922,768,19,0
tage1,3922,769,20,0
torigne1,3922,770,21,0
hopisud1,3922,771,22,0
steelis1,3922,772,23,0
galicie2,3922,773,24,0
potepl2,3922,775,25,0
martich2,3922,778,26,0
hallerv2,3922,779,27,0
garenne2,3922,780,28,0
valdors2,3922,780,29,0
bretoni4,3922,781,30,0
hteabb2,3922,784,31,0
solidor2,3922,785,32,0
fossega2,3922,786,33,0
cxrouve2,3922,787,34,0
egvern2,3922,788,35,0
belaive2,3922,790,36,0
toucver2,3922,791,37,0
cxmalter,3922,792,38,1
cenbru2,3970,707,1,0
herveri1,3970,708,2,0
noebru1,3970,710,3,0
epalet1,3970,711,4,0
dugues1,3970,712,5,0
pasteur1,3970,713,6,0
bobinai1,3970,714,7,0
chnigue1,3970,715,8,0
lavoisi1,3970,715,9,0
doublee4,3970,717,10,0
cxpotie1,3970,720,11,0
janaich1,3970,723,12,0
vallstj1,3970,724,13,0
eboue1,3970,728,14,0
lybrqsu1,3970,730,15,0
norvege1,3970,731,16,0
frevi01,3970,734,17,0
portuga1,3970,737,18,0
douro1,3970,738,19,0
tage1,3970,739,20,0
torigne1,3970,740,21,0
hopisud1,3970,741,22,0
steelis1,3970,742,23,0
galicie2,3970,743,24,0
potepl2,3970,745,25,0
martich2,3970,748,26,0
hallerv2,3970,749,27,0
garenne2,3970,750,28,0
valdors2,3970,750,29,0
bretoni4,3970,751,30,0
hteabb2,3970,754,31,0
solidor2,3970,755,32,0
fossega2,3970,756,33,0
cxrouve2,3970,757,34,0
egvern2,3970,758,35,0
belaive2,3970,760,36,0
toucver2,3970,761,37,0
cxmalter,3970,762,38,1
cxmalter,3191,1233,1,0
belaive1,3191,1235,2,0
egvern1,3191,1236,3,0
cxrouve1,3191,1237,4,0
fossega1,3191,1238,5,0
solidor1,3191,1240,6,0
hteabb1,3191,1241,7,0
bretoni3,3191,1244,8,0
valdors1,3191,1245,9,0
garenne1,3191,1245,10,0
hallerv1,3191,1246,11,0
martich1,3191,1247,12,0
potepl2,3191,1251,13,1
cxmalter,1921,1128,1,0
belaive1,1921,1130,2,0
egvern1,1921,1131,3,0
cxrouve1,1921,1132,4,0
fossega1,1921,1133,5,0
solidor1,1921,1135,6,0
hteabb1,1921,1136,7,0
bretoni3,1921,1139,8,0
valdors1,1921,1140,9,0
garenne1,1921,1140,10,0
hallerv1,1921,1141,11,0
martich1,1921,1142,12,0
poteri4,1921,1146,13,0
galicie1,1921,1147,14,0
steelis2,1921,1148,15,0
hopisud2,1921,1149,16,0
torigne2,1921,1150,17,0
tage2,1921,1151,18,0
douro2,1921,1152,19,0
portuga2,1921,1153,20,0
frevi04,1921,1155,21,0
norvege2,1921,1157,22,0
lybrqsu2,1921,1159,23,0
eboue2,1921,1160,24,0
vallstj2,1921,1163,25,0
janaich2,1921,1165,26,0
cxpotie2,1921,1168,27,0
doublee3,1921,1172,28,0
lavoisi2,1921,1173,29,0
chnigue2,1921,1174,30,0
bobinai2,1921,1175,31,0
pasteur2,1921,1176,32,0
dugues2,1921,1177,33,0
epalet2,1921,1178,34,0
noebru2,1921,1180,35,0
herveri2,1921,1181,36,0
cenbru2,1921,1182,37,1
