arret_id,trajet_id,heure_depart,stop_sequence,terminus
1456,29950,1090,1,0
4357,29950,1103,2,0
3216,29950,1105,3,0
3217,29950,1107,4,0
3218,29950,1108,5,0
3219,29950,1109,6,0
3220,29950,1110,7,0
3221,29950,1112,8,0
3806,29950,1117,9,0
3807,29950,1118,10,0
3808,29950,1119,11,0
3809,29950,1120,12,0
3801,29950,1122,13,1
1456,29952,1090,1,0
4357,29952,1103,2,0
3216,29952,1105,3,0
3217,29952,1107,4,0
3218,29952,1108,5,0
3219,29952,1109,6,0
3220,29952,1110,7,0
3221,29952,1112,8,0
3806,29952,1117,9,0
3807,29952,1118,10,0
3808,29952,1119,11,0
3809,29952,1120,12,0
3801,29952,1122,13,1
1456,29951,1090,1,0
4357,29951,1103,2,0
3216,29951,1105,3,0
3217,29951,1107,4,0
3218,29951,1108,5,0
3219,29951,1109,6,0
3220,29951,1110,7,0
3221,29951,1112,8,0
3806,29951,1117,9,0
3807,29951,1118,10,0
3808,29951,1119,11,0
3809,29951,1120,12,0
3801,29951,1122,13,1
1456,29953,1030,1,0
4357,29953,1043,2,0
3216,29953,1045,3,0
3217,29953,1047,4,0
3218,29953,1048,5,0
3219,29953,1049,6,0
3220,29953,1050,7,0
3221,29953,1052,8,0
3806,29953,1057,9,0
3807,29953,1058,10,0
3808,29953,1059,11,0
3809,29953,1060,12,0
3801,29953,1062,13,1
1456,29954,1030,1,0
4357,29954,1043,2,0
3216,29954,1045,3,0
3217,29954,1047,4,0
3218,29954,1048,5,0
3219,29954,1049,6,0
3220,29954,1050,7,0
3221,29954,1052,8,0
3806,29954,1057,9,0
3807,29954,1058,10,0
3808,29954,1059,11,0
3809,29954,1060,12,0
3801,29954,1062,13,1
1456,29955,1030,1,0
4357,29955,1043,2,0
3216,29955,1045,3,0
3217,29955,1047,4,0
3218,29955,1048,5,0
3219,29955,1049,6,0
3220,29955,1050,7,0
3221,29955,1052,8,0
3806,29955,1057,9,0
3807,29955,1058,10,0
3808,29955,1059,11,0
3809,29955,1060,12,0
3801,29955,1062,13,1
3810,29941,437,1,0
3812,29941,438,2,0
3201,29941,442,3,0
3202,29941,443,4,0
3203,29941,444,5,0
3204,29941,445,6,0
3208,29941,448,7,0
3209,29941,450,8,0
3210,29941,452,9,0
3211,29941,454,10,0
3212,29941,455,11,0
3213,29941,460,12,0
4356,29941,461,13,0
1450,29941,485,14,1
3810,29940,437,1,0
3812,29940,438,2,0
3201,29940,442,3,0
3202,29940,443,4,0
3203,29940,444,5,0
3204,29940,445,6,0
3208,29940,448,7,0
3209,29940,450,8,0
3210,29940,452,9,0
3211,29940,454,10,0
3212,29940,455,11,0
3213,29940,460,12,0
4356,29940,461,13,0
1450,29940,485,14,1
1456,29948,1060,1,0
4357,29948,1073,2,0
3216,29948,1075,3,0
3217,29948,1077,4,0
3218,29948,1078,5,0
3219,29948,1079,6,0
3220,29948,1080,7,0
3221,29948,1082,8,0
3806,29948,1087,9,0
3807,29948,1088,10,0
3808,29948,1089,11,0
3809,29948,1090,12,0
3801,29948,1092,13,1
1456,29949,1000,1,0
4357,29949,1013,2,0
3216,29949,1015,3,0
3217,29949,1017,4,0
3218,29949,1018,5,0
3219,29949,1019,6,0
3220,29949,1020,7,0
3221,29949,1022,8,0
3806,29949,1027,9,0
3807,29949,1028,10,0
3808,29949,1029,11,0
3809,29949,1030,12,0
3801,29949,1032,13,1
1456,29946,745,1,0
4357,29946,760,2,0
3216,29946,762,3,0
3217,29946,764,4,0
3218,29946,766,5,0
3219,29946,767,6,0
3220,29946,768,7,0
3221,29946,771,8,0
3806,29946,775,9,0
3807,29946,776,10,0
3808,29946,777,11,0
3809,29946,778,12,0
3801,29946,782,13,0
3810,29946,790,14,0
3812,29946,791,15,0
3201,29946,795,16,0
3202,29946,796,17,0
3203,29946,797,18,0
3204,29946,798,19,1
1456,29947,685,1,0
4357,29947,700,2,0
3216,29947,702,3,0
3217,29947,704,4,0
3218,29947,706,5,0
3219,29947,707,6,0
3220,29947,708,7,0
3221,29947,711,8,0
3806,29947,715,9,0
3807,29947,716,10,0
3808,29947,717,11,0
3809,29947,718,12,0
3801,29947,722,13,1
3810,29944,437,1,0
3812,29944,438,2,0
3201,29944,442,3,0
3202,29944,443,4,0
3203,29944,444,5,0
3204,29944,445,6,0
3208,29944,448,7,0
3209,29944,450,8,0
3210,29944,452,9,0
3211,29944,454,10,0
3212,29944,455,11,0
3213,29944,460,12,0
4356,29944,461,13,0
1450,29944,485,14,1
1456,29945,1088,1,0
4357,29945,1101,2,0
3216,29945,1103,3,0
3217,29945,1105,4,0
3218,29945,1106,5,0
3219,29945,1107,6,0
3220,29945,1108,7,1
3810,29942,437,1,0
3812,29942,438,2,0
3201,29942,442,3,0
3202,29942,443,4,0
3203,29942,444,5,0
3204,29942,445,6,0
3208,29942,448,7,0
3209,29942,450,8,0
3210,29942,452,9,0
3211,29942,454,10,0
3212,29942,455,11,0
3213,29942,460,12,0
4356,29942,461,13,0
1450,29942,485,14,1
3810,29943,437,1,0
3812,29943,438,2,0
3201,29943,442,3,0
3202,29943,443,4,0
3203,29943,444,5,0
3204,29943,445,6,0
3208,29943,448,7,0
3209,29943,450,8,0
3210,29943,452,9,0
3211,29943,454,10,0
3212,29943,455,11,0
3213,29943,460,12,0
4356,29943,461,13,0
1450,29943,485,14,1
