arret_id,trajet_id,heure_depart,stop_sequence,terminus
3162,31223,1030,1,0
3761,31223,1044,2,0
3771,31223,1046,3,0
3762,31223,1047,4,0
3763,31223,1049,5,1
3162,31222,1030,1,0
3761,31222,1044,2,0
3771,31222,1046,3,0
3762,31222,1047,4,0
3763,31222,1049,5,1
3162,31225,1030,1,0
3761,31225,1044,2,0
3771,31225,1046,3,0
3762,31225,1047,4,0
3763,31225,1049,5,1
3162,31224,1030,1,0
3761,31224,1044,2,0
3771,31224,1046,3,0
3762,31224,1047,4,0
3763,31224,1049,5,1
3162,31221,1030,1,0
3761,31221,1044,2,0
3771,31221,1046,3,0
3762,31221,1047,4,0
3763,31221,1049,5,1
3162,31220,1030,1,0
3761,31220,1044,2,0
3771,31220,1046,3,0
3762,31220,1047,4,0
3763,31220,1049,5,1
3162,31227,760,1,0
3761,31227,774,2,0
3771,31227,776,3,0
3762,31227,777,4,0
3763,31227,779,5,1
3162,31226,1030,1,0
3761,31226,1044,2,0
3771,31226,1046,3,0
3762,31226,1047,4,0
3763,31226,1049,5,1
3162,31228,760,1,0
3761,31228,774,2,0
3771,31228,776,3,0
3762,31228,777,4,0
3763,31228,779,5,1
3756,31212,483,1,0
3757,31212,485,2,0
3770,31212,487,3,0
3758,31212,488,4,0
3162,31212,500,5,1
3756,31211,483,1,0
3757,31211,485,2,0
3770,31211,487,3,0
3758,31211,488,4,0
3162,31211,500,5,1
3756,31214,483,1,0
3757,31214,485,2,0
3770,31214,487,3,0
3758,31214,488,4,0
3162,31214,500,5,1
3756,31213,483,1,0
3757,31213,485,2,0
3770,31213,487,3,0
3758,31213,488,4,0
3162,31213,500,5,1
3756,31210,483,1,0
3757,31210,485,2,0
3770,31210,487,3,0
3758,31210,488,4,0
3162,31210,500,5,1
3162,31219,1030,1,0
3761,31219,1044,2,0
3771,31219,1046,3,0
3762,31219,1047,4,0
3763,31219,1049,5,1
3162,31216,965,1,0
3761,31216,979,2,0
3771,31216,981,3,0
3762,31216,982,4,0
3763,31216,984,5,0
3764,31216,985,6,0
3765,31216,986,7,0
3710,31216,994,8,0
3711,31216,996,9,0
3712,31216,997,10,0
3714,31216,999,11,0
3724,31216,1000,12,0
3723,31216,1001,13,0
3732,31216,1003,14,1
3162,31215,965,1,0
3761,31215,979,2,0
3771,31215,981,3,0
3762,31215,982,4,0
3763,31215,984,5,0
3764,31215,985,6,0
3765,31215,986,7,0
3710,31215,994,8,0
3711,31215,996,9,0
3712,31215,997,10,0
3714,31215,999,11,0
3724,31215,1000,12,0
3723,31215,1001,13,0
3732,31215,1003,14,1
3162,31218,965,1,0
3761,31218,979,2,0
3771,31218,981,3,0
3762,31218,982,4,0
3763,31218,984,5,0
3764,31218,985,6,0
3765,31218,986,7,0
3710,31218,994,8,0
3711,31218,996,9,0
3712,31218,997,10,0
3714,31218,999,11,0
3724,31218,1000,12,0
3723,31218,1001,13,0
3732,31218,1003,14,1
3162,31217,965,1,0
3761,31217,979,2,0
3771,31217,981,3,0
3762,31217,982,4,0
3763,31217,984,5,0
3764,31217,985,6,0
3765,31217,986,7,0
3710,31217,994,8,0
3711,31217,996,9,0
3712,31217,997,10,0
3714,31217,999,11,0
3724,31217,1000,12,0
3723,31217,1001,13,0
3732,31217,1003,14,1
3732,31209,520,1,0
3717,31209,523,2,0
3715,31209,524,3,0
3705,31209,526,4,0
3707,31209,527,5,0
3708,31209,529,6,0
3709,31209,531,7,0
3754,31209,539,8,0
3755,31209,540,9,0
3756,31209,541,10,0
3757,31209,542,11,0
3770,31209,543,12,0
3758,31209,544,13,0
3162,31209,555,14,1
3732,31208,520,1,0
3717,31208,523,2,0
3715,31208,524,3,0
3705,31208,526,4,0
3707,31208,527,5,0
3708,31208,529,6,0
3709,31208,531,7,0
3754,31208,539,8,0
3755,31208,540,9,0
3756,31208,541,10,0
3757,31208,542,11,0
3770,31208,543,12,0
3758,31208,544,13,0
3162,31208,555,14,1
3732,31205,520,1,0
3717,31205,523,2,0
3715,31205,524,3,0
3705,31205,526,4,0
3707,31205,527,5,0
3708,31205,529,6,0
3709,31205,531,7,0
3754,31205,539,8,0
3755,31205,540,9,0
3756,31205,541,10,0
3757,31205,542,11,0
3770,31205,543,12,0
3758,31205,544,13,0
3162,31205,555,14,1
3732,31207,520,1,0
3717,31207,523,2,0
3715,31207,524,3,0
3705,31207,526,4,0
3707,31207,527,5,0
3708,31207,529,6,0
3709,31207,531,7,0
3754,31207,539,8,0
3755,31207,540,9,0
3756,31207,541,10,0
3757,31207,542,11,0
3770,31207,543,12,0
3758,31207,544,13,0
3162,31207,555,14,1
3732,31206,520,1,0
3717,31206,523,2,0
3715,31206,524,3,0
3705,31206,526,4,0
3707,31206,527,5,0
3708,31206,529,6,0
3709,31206,531,7,0
3754,31206,539,8,0
3755,31206,540,9,0
3756,31206,541,10,0
3757,31206,542,11,0
3770,31206,543,12,0
3758,31206,544,13,0
3162,31206,555,14,1
