arret_id,trajet_id,heure_depart,stop_sequence,terminus
4101,8618,1225,1,0
4102,8618,1226,2,0
4103,8618,1227,3,0
4104,8618,1228,4,0
4105,8618,1228,5,0
3816,8618,1232,6,0
4551,8618,1236,7,0
4555,8618,1237,8,0
4554,8618,1238,9,0
2627,8618,1241,10,0
2635,8618,1242,11,0
2602,8618,1243,12,0
2603,8618,1244,13,0
1511,8618,1252,14,1
4101,8617,1225,1,0
4102,8617,1226,2,0
4103,8617,1227,3,0
4104,8617,1228,4,0
4105,8617,1228,5,0
3816,8617,1232,6,0
4551,8617,1236,7,0
4555,8617,1237,8,0
4554,8617,1238,9,0
2627,8617,1241,10,0
2635,8617,1242,11,0
2602,8617,1243,12,0
2603,8617,1244,13,0
1511,8617,1252,14,1
1511,8619,1225,1,0
2619,8619,1232,2,0
2620,8619,1233,3,0
2621,8619,1233,4,0
2640,8619,1234,5,0
2628,8619,1235,6,0
4553,8619,1238,7,0
4552,8619,1239,8,0
4551,8619,1241,9,0
3817,8619,1245,10,0
4108,8619,1248,11,0
4109,8619,1248,12,0
4110,8619,1249,13,0
4111,8619,1251,14,0
4112,8619,1252,15,1
4101,8614,1050,1,0
4102,8614,1051,2,0
4103,8614,1052,3,0
4104,8614,1053,4,0
4105,8614,1053,5,0
3816,8614,1057,6,0
4551,8614,1061,7,0
4555,8614,1062,8,0
4554,8614,1063,9,0
2627,8614,1066,10,0
2635,8614,1067,11,0
2602,8614,1068,12,0
2603,8614,1069,13,0
2622,8614,1073,14,0
1511,8614,1080,15,1
4101,8613,1050,1,0
4102,8613,1051,2,0
4103,8613,1052,3,0
4104,8613,1053,4,0
4105,8613,1053,5,0
3816,8613,1057,6,0
4551,8613,1061,7,0
4555,8613,1062,8,0
4554,8613,1063,9,0
2627,8613,1066,10,0
2635,8613,1067,11,0
2602,8613,1068,12,0
2603,8613,1069,13,0
2622,8613,1073,14,0
1511,8613,1080,15,1
4101,8616,1225,1,0
4102,8616,1226,2,0
4103,8616,1227,3,0
4104,8616,1228,4,0
4105,8616,1228,5,0
3816,8616,1232,6,0
4551,8616,1236,7,0
4555,8616,1237,8,0
4554,8616,1238,9,0
2627,8616,1241,10,0
2635,8616,1242,11,0
2602,8616,1243,12,0
2603,8616,1244,13,0
1511,8616,1252,14,1
4101,8615,1225,1,0
4102,8615,1226,2,0
4103,8615,1227,3,0
4104,8615,1228,4,0
4105,8615,1228,5,0
3816,8615,1232,6,0
4551,8615,1236,7,0
4555,8615,1237,8,0
4554,8615,1238,9,0
2627,8615,1241,10,0
2635,8615,1242,11,0
2602,8615,1243,12,0
2603,8615,1244,13,0
1511,8615,1252,14,1
1511,8620,1225,1,0
2619,8620,1232,2,0
2620,8620,1233,3,0
2621,8620,1233,4,0
2640,8620,1234,5,0
2628,8620,1235,6,0
4553,8620,1238,7,0
4552,8620,1239,8,0
4551,8620,1241,9,0
3817,8620,1245,10,0
4108,8620,1248,11,0
4109,8620,1248,12,0
4110,8620,1249,13,0
4111,8620,1251,14,0
4112,8620,1252,15,1
1511,8621,1225,1,0
2619,8621,1232,2,0
2620,8621,1233,3,0
2621,8621,1233,4,0
2640,8621,1234,5,0
2628,8621,1235,6,0
4553,8621,1238,7,0
4552,8621,1239,8,0
4551,8621,1241,9,0
3817,8621,1245,10,0
4108,8621,1248,11,0
4109,8621,1248,12,0
4110,8621,1249,13,0
4111,8621,1251,14,0
4112,8621,1252,15,1
1511,8622,1225,1,0
2619,8622,1232,2,0
2620,8622,1233,3,0
2621,8622,1233,4,0
2640,8622,1234,5,0
2628,8622,1235,6,0
4553,8622,1238,7,0
4552,8622,1239,8,0
4551,8622,1241,9,0
3817,8622,1245,10,0
4108,8622,1248,11,0
4109,8622,1248,12,0
4110,8622,1249,13,0
4111,8622,1251,14,0
4112,8622,1252,15,1
1511,8609,1255,1,0
2619,8609,1262,2,0
2620,8609,1263,3,0
2621,8609,1263,4,0
2640,8609,1264,5,0
2628,8609,1265,6,0
4553,8609,1268,7,0
4552,8609,1269,8,0
4551,8609,1271,9,0
3817,8609,1275,10,0
4108,8609,1278,11,0
4109,8609,1278,12,0
4110,8609,1279,13,0
4111,8609,1281,14,0
4112,8609,1282,15,1
1511,8608,1255,1,0
2619,8608,1262,2,0
2620,8608,1263,3,0
2621,8608,1263,4,0
2640,8608,1264,5,0
2628,8608,1265,6,0
4553,8608,1268,7,0
4552,8608,1269,8,0
4551,8608,1271,9,0
3817,8608,1275,10,0
4108,8608,1278,11,0
4109,8608,1278,12,0
4110,8608,1279,13,0
4111,8608,1281,14,0
4112,8608,1282,15,1
1511,8607,1255,1,0
2619,8607,1262,2,0
2620,8607,1263,3,0
2621,8607,1263,4,0
2640,8607,1264,5,0
2628,8607,1265,6,0
4553,8607,1268,7,0
4552,8607,1269,8,0
4551,8607,1271,9,0
3817,8607,1275,10,0
4108,8607,1278,11,0
4109,8607,1278,12,0
4110,8607,1279,13,0
4111,8607,1281,14,0
4112,8607,1282,15,1
1511,8606,1015,1,0
2619,8606,1022,2,0
2620,8606,1023,3,0
2621,8606,1023,4,0
2640,8606,1024,5,0
2628,8606,1025,6,0
4553,8606,1028,7,0
4552,8606,1029,8,0
4551,8606,1032,9,0
3817,8606,1036,10,0
4108,8606,1039,11,0
4109,8606,1039,12,0
4110,8606,1040,13,0
4111,8606,1042,14,0
4112,8606,1043,15,1
1511,8605,1015,1,0
2619,8605,1022,2,0
2620,8605,1023,3,0
2621,8605,1023,4,0
2640,8605,1024,5,0
2628,8605,1025,6,0
4553,8605,1028,7,0
4552,8605,1029,8,0
4551,8605,1032,9,0
3817,8605,1036,10,0
4108,8605,1039,11,0
4109,8605,1039,12,0
4110,8605,1040,13,0
4111,8605,1042,14,0
4112,8605,1043,15,1
1511,8604,1015,1,0
2619,8604,1022,2,0
2620,8604,1023,3,0
2621,8604,1023,4,0
2640,8604,1024,5,0
2628,8604,1025,6,0
4553,8604,1028,7,0
4552,8604,1029,8,0
4551,8604,1032,9,0
3817,8604,1036,10,0
4108,8604,1039,11,0
4109,8604,1039,12,0
4110,8604,1040,13,0
4111,8604,1042,14,0
4112,8604,1043,15,1
1511,8603,1015,1,0
2619,8603,1022,2,0
2620,8603,1023,3,0
2621,8603,1023,4,0
2640,8603,1024,5,0
2628,8603,1025,6,0
4553,8603,1028,7,0
4552,8603,1029,8,0
4551,8603,1032,9,0
3817,8603,1036,10,0
4108,8603,1039,11,0
4109,8603,1039,12,0
4110,8603,1040,13,0
4111,8603,1042,14,0
4112,8603,1043,15,1
4101,8611,1050,1,0
4102,8611,1051,2,0
4103,8611,1052,3,0
4104,8611,1053,4,0
4105,8611,1053,5,0
3816,8611,1057,6,0
4551,8611,1061,7,0
4555,8611,1062,8,0
4554,8611,1063,9,0
2627,8611,1066,10,0
2635,8611,1067,11,0
2602,8611,1068,12,0
2603,8611,1069,13,0
2622,8611,1073,14,0
1511,8611,1080,15,1
4101,8612,1050,1,0
4102,8612,1051,2,0
4103,8612,1052,3,0
4104,8612,1053,4,0
4105,8612,1053,5,0
3816,8612,1057,6,0
4551,8612,1061,7,0
4555,8612,1062,8,0
4554,8612,1063,9,0
2627,8612,1066,10,0
2635,8612,1067,11,0
2602,8612,1068,12,0
2603,8612,1069,13,0
2622,8612,1073,14,0
1511,8612,1080,15,1
1511,8610,1255,1,0
2619,8610,1262,2,0
2620,8610,1263,3,0
2621,8610,1263,4,0
2640,8610,1264,5,0
2628,8610,1265,6,0
4553,8610,1268,7,0
4552,8610,1269,8,0
4551,8610,1271,9,0
3817,8610,1275,10,0
4108,8610,1278,11,0
4109,8610,1278,12,0
4110,8610,1279,13,0
4111,8610,1281,14,0
4112,8610,1282,15,1
4101,7535,1190,1,0
4102,7535,1191,2,0
4103,7535,1192,3,0
4104,7535,1193,4,0
4105,7535,1193,5,0
3816,7535,1197,6,0
4551,7535,1201,7,0
4555,7535,1202,8,0
4554,7535,1203,9,0
2627,7535,1206,10,0
2635,7535,1207,11,0
2602,7535,1208,12,0
2603,7535,1209,13,0
1511,7535,1216,14,1
1511,7517,390,1,0
2619,7517,397,2,0
2620,7517,398,3,0
2621,7517,398,4,0
2640,7517,399,5,0
2628,7517,400,6,0
4553,7517,403,7,0
4552,7517,404,8,0
4551,7517,405,9,0
3817,7517,409,10,0
4108,7517,413,11,0
4109,7517,413,12,0
4110,7517,414,13,0
4111,7517,415,14,0
4112,7517,416,15,1
1511,7518,750,1,0
2619,7518,757,2,0
2620,7518,758,3,0
2621,7518,758,4,0
2640,7518,759,5,0
2628,7518,760,6,0
4553,7518,763,7,0
4552,7518,764,8,0
4551,7518,765,9,0
3817,7518,769,10,0
4108,7518,773,11,0
4109,7518,773,12,0
4110,7518,774,13,0
4111,7518,775,14,0
4112,7518,776,15,1
1511,7519,815,1,0
2619,7519,822,2,0
2620,7519,823,3,0
2621,7519,823,4,0
2640,7519,824,5,0
2628,7519,825,6,0
4553,7519,828,7,0
4552,7519,829,8,0
4551,7519,830,9,0
3817,7519,834,10,0
4108,7519,838,11,0
4109,7519,838,12,0
4110,7519,839,13,0
4111,7519,840,14,0
4112,7519,841,15,1
4101,7513,495,1,0
4102,7513,496,2,0
4103,7513,497,3,0
4104,7513,498,4,0
4105,7513,498,5,0
3816,7513,502,6,0
4551,7513,506,7,0
4555,7513,507,8,0
4554,7513,508,9,0
2627,7513,511,10,0
2635,7513,512,11,0
2602,7513,513,12,0
2603,7513,514,13,0
1511,7513,521,14,1
4101,7514,570,1,0
4102,7514,571,2,0
4103,7514,572,3,0
4104,7514,573,4,0
4105,7514,573,5,0
3816,7514,577,6,0
4551,7514,581,7,0
4555,7514,582,8,0
4554,7514,583,9,0
2627,7514,586,10,0
2635,7514,587,11,0
2602,7514,588,12,0
2603,7514,589,13,0
1511,7514,596,14,1
1511,7515,460,1,0
2619,7515,467,2,0
2620,7515,468,3,0
2621,7515,468,4,0
2640,7515,469,5,0
2628,7515,470,6,0
4553,7515,473,7,0
4552,7515,474,8,0
4551,7515,475,9,0
3817,7515,479,10,0
4108,7515,483,11,0
4109,7515,483,12,0
4110,7515,484,13,0
4111,7515,485,14,0
4112,7515,486,15,1
1511,7516,530,1,0
2619,7516,537,2,0
2620,7516,538,3,0
2621,7516,538,4,0
2640,7516,539,5,0
2628,7516,540,6,0
4553,7516,543,7,0
4552,7516,544,8,0
4551,7516,545,9,0
3817,7516,549,10,0
4108,7516,553,11,0
4109,7516,553,12,0
4110,7516,554,13,0
4111,7516,555,14,0
4112,7516,556,15,1
1511,7521,945,1,0
2619,7521,952,2,0
2620,7521,953,3,0
2621,7521,953,4,0
2640,7521,954,5,0
2628,7521,955,6,0
4553,7521,958,7,0
4552,7521,959,8,0
4551,7521,960,9,0
3817,7521,964,10,0
4108,7521,968,11,0
4109,7521,968,12,0
4110,7521,969,13,0
4111,7521,970,14,0
4112,7521,971,15,1
1511,7520,880,1,0
2619,7520,887,2,0
2620,7520,888,3,0
2621,7520,888,4,0
2640,7520,889,5,0
2628,7520,890,6,0
4553,7520,893,7,0
4552,7520,894,8,0
4551,7520,895,9,0
3817,7520,899,10,0
4108,7520,903,11,0
4109,7520,903,12,0
4110,7520,904,13,0
4111,7520,905,14,0
4112,7520,906,15,1
4101,7523,785,1,0
4102,7523,786,2,0
4103,7523,787,3,0
4104,7523,788,4,0
4105,7523,788,5,0
3816,7523,792,6,0
4551,7523,796,7,0
4555,7523,797,8,0
4554,7523,798,9,0
2627,7523,801,10,0
2635,7523,802,11,0
2602,7523,803,12,0
2603,7523,804,13,0
1511,7523,811,14,1
1511,7522,1015,1,0
2619,7522,1022,2,0
2620,7522,1023,3,0
2621,7522,1023,4,0
2640,7522,1024,5,0
2628,7522,1025,6,0
4553,7522,1028,7,0
4552,7522,1029,8,0
4551,7522,1030,9,0
3817,7522,1034,10,0
4108,7522,1038,11,0
4109,7522,1038,12,0
4110,7522,1039,13,0
4111,7522,1040,14,0
4112,7522,1041,15,1
1511,7528,1155,1,0
2619,7528,1162,2,0
2620,7528,1163,3,0
2621,7528,1163,4,0
2640,7528,1164,5,0
2628,7528,1165,6,0
4553,7528,1168,7,0
4552,7528,1169,8,0
4551,7528,1170,9,0
3817,7528,1174,10,0
4108,7528,1178,11,0
4109,7528,1178,12,0
4110,7528,1179,13,0
4111,7528,1180,14,0
4112,7528,1181,15,1
1511,7529,615,1,0
2619,7529,622,2,0
2620,7529,623,3,0
2621,7529,623,4,0
2640,7529,624,5,0
2628,7529,625,6,0
4553,7529,628,7,0
4552,7529,629,8,0
4551,7529,630,9,0
3817,7529,634,10,0
4108,7529,638,11,0
4109,7529,638,12,0
4110,7529,639,13,0
4111,7529,640,14,0
4112,7529,641,15,1
4101,7526,985,1,0
4102,7526,986,2,0
4103,7526,987,3,0
4104,7526,988,4,0
4105,7526,988,5,0
3816,7526,992,6,0
4551,7526,996,7,0
4555,7526,997,8,0
4554,7526,998,9,0
2627,7526,1001,10,0
2635,7526,1002,11,0
2602,7526,1003,12,0
2603,7526,1004,13,0
1511,7526,1011,14,1
4101,7527,1050,1,0
4102,7527,1051,2,0
4103,7527,1052,3,0
4104,7527,1053,4,0
4105,7527,1053,5,0
3816,7527,1057,6,0
4551,7527,1061,7,0
4555,7527,1062,8,0
4554,7527,1063,9,0
2627,7527,1066,10,0
2635,7527,1067,11,0
2602,7527,1068,12,0
2603,7527,1069,13,0
1511,7527,1076,14,1
4101,7524,850,1,0
4102,7524,851,2,0
4103,7524,852,3,0
4104,7524,853,4,0
4105,7524,853,5,0
3816,7524,857,6,0
4551,7524,861,7,0
4555,7524,862,8,0
4554,7524,863,9,0
2627,7524,866,10,0
2635,7524,867,11,0
2602,7524,868,12,0
2603,7524,869,13,0
1511,7524,876,14,1
4101,7525,915,1,0
4102,7525,916,2,0
4103,7525,917,3,0
4104,7525,918,4,0
4105,7525,918,5,0
3816,7525,922,6,0
4551,7525,926,7,0
4555,7525,927,8,0
4554,7525,928,9,0
2627,7525,931,10,0
2635,7525,932,11,0
2602,7525,933,12,0
2603,7525,934,13,0
1511,7525,941,14,1
1511,7534,1085,1,0
2619,7534,1092,2,0
2620,7534,1093,3,0
2621,7534,1093,4,0
2640,7534,1094,5,0
2628,7534,1095,6,0
4553,7534,1098,7,0
4552,7534,1099,8,0
4551,7534,1100,9,0
3817,7534,1104,10,0
4108,7534,1108,11,0
4109,7534,1108,12,0
4110,7534,1109,13,0
4111,7534,1110,14,0
4112,7534,1111,15,1
4101,7533,1120,1,0
4102,7533,1121,2,0
4103,7533,1122,3,0
4104,7533,1123,4,0
4105,7533,1123,5,0
3816,7533,1127,6,0
4551,7533,1131,7,0
4555,7533,1132,8,0
4554,7533,1133,9,0
2627,7533,1136,10,0
2635,7533,1137,11,0
2602,7533,1138,12,0
2603,7533,1139,13,0
1511,7533,1146,14,1
4101,7532,715,1,0
4102,7532,716,2,0
4103,7532,717,3,0
4104,7532,718,4,0
4105,7532,718,5,0
3816,7532,722,6,0
4551,7532,726,7,0
4555,7532,727,8,0
4554,7532,728,9,0
2627,7532,731,10,0
2635,7532,732,11,0
2602,7532,733,12,0
2603,7532,734,13,0
1511,7532,741,14,1
4101,7531,650,1,0
4102,7531,651,2,0
4103,7531,652,3,0
4104,7531,653,4,0
4105,7531,653,5,0
3816,7531,657,6,0
4551,7531,661,7,0
4555,7531,662,8,0
4554,7531,663,9,0
2627,7531,666,10,0
2635,7531,667,11,0
2602,7531,668,12,0
2603,7531,669,13,0
1511,7531,676,14,1
1511,7530,685,1,0
2619,7530,692,2,0
2620,7530,693,3,0
2621,7530,693,4,0
2640,7530,694,5,0
2628,7530,695,6,0
4553,7530,698,7,0
4552,7530,699,8,0
4551,7530,700,9,0
3817,7530,704,10,0
4108,7530,708,11,0
4109,7530,708,12,0
4110,7530,709,13,0
4111,7530,710,14,0
4112,7530,711,15,1
1511,7500,685,1,0
2619,7500,692,2,0
2620,7500,693,3,0
2621,7500,693,4,0
2640,7500,694,5,0
2628,7500,695,6,0
4553,7500,698,7,0
4552,7500,699,8,0
4551,7500,701,9,0
3817,7500,705,10,0
4108,7500,708,11,0
4109,7500,708,12,0
4110,7500,709,13,0
4111,7500,711,14,0
4112,7500,712,15,1
1511,7501,685,1,0
2619,7501,692,2,0
2620,7501,693,3,0
2621,7501,693,4,0
2640,7501,694,5,0
2628,7501,695,6,0
4553,7501,698,7,0
4552,7501,699,8,0
4551,7501,701,9,0
3817,7501,705,10,0
4108,7501,708,11,0
4109,7501,708,12,0
4110,7501,709,13,0
4111,7501,711,14,0
4112,7501,712,15,1
1511,7505,615,1,0
2619,7505,622,2,0
2620,7505,623,3,0
2621,7505,623,4,0
2640,7505,624,5,0
2628,7505,625,6,0
4553,7505,628,7,0
4552,7505,629,8,0
4551,7505,631,9,0
3817,7505,635,10,0
4108,7505,638,11,0
4109,7505,638,12,0
4110,7505,639,13,0
4111,7505,641,14,0
4112,7505,642,15,1
1511,7504,615,1,0
2619,7504,622,2,0
2620,7504,623,3,0
2621,7504,623,4,0
2640,7504,624,5,0
2628,7504,625,6,0
4553,7504,628,7,0
4552,7504,629,8,0
4551,7504,631,9,0
3817,7504,635,10,0
4108,7504,638,11,0
4109,7504,638,12,0
4110,7504,639,13,0
4111,7504,641,14,0
4112,7504,642,15,1
1511,7503,685,1,0
2619,7503,692,2,0
2620,7503,693,3,0
2621,7503,693,4,0
2640,7503,694,5,0
2628,7503,695,6,0
4553,7503,698,7,0
4552,7503,699,8,0
4551,7503,701,9,0
3817,7503,705,10,0
4108,7503,708,11,0
4109,7503,708,12,0
4110,7503,709,13,0
4111,7503,711,14,0
4112,7503,712,15,1
1511,7502,685,1,0
2619,7502,692,2,0
2620,7502,693,3,0
2621,7502,693,4,0
2640,7502,694,5,0
2628,7502,695,6,0
4553,7502,698,7,0
4552,7502,699,8,0
4551,7502,701,9,0
3817,7502,705,10,0
4108,7502,708,11,0
4109,7502,708,12,0
4110,7502,709,13,0
4111,7502,711,14,0
4112,7502,712,15,1
4101,7509,1085,1,0
4102,7509,1086,2,0
4103,7509,1087,3,0
4104,7509,1088,4,0
4105,7509,1088,5,0
3816,7509,1092,6,0
4551,7509,1096,7,0
4555,7509,1097,8,0
4554,7509,1098,9,0
2627,7509,1101,10,0
2635,7509,1102,11,0
2602,7509,1103,12,0
2603,7509,1104,13,0
2622,7509,1108,14,0
1511,7509,1115,15,1
4101,7508,1085,1,0
4102,7508,1086,2,0
4103,7508,1087,3,0
4104,7508,1088,4,0
4105,7508,1088,5,0
3816,7508,1092,6,0
4551,7508,1096,7,0
4555,7508,1097,8,0
4554,7508,1098,9,0
2627,7508,1101,10,0
2635,7508,1102,11,0
2602,7508,1103,12,0
2603,7508,1104,13,0
2622,7508,1108,14,0
1511,7508,1115,15,1
1511,7507,615,1,0
2619,7507,622,2,0
2620,7507,623,3,0
2621,7507,623,4,0
2640,7507,624,5,0
2628,7507,625,6,0
4553,7507,628,7,0
4552,7507,629,8,0
4551,7507,631,9,0
3817,7507,635,10,0
4108,7507,638,11,0
4109,7507,638,12,0
4110,7507,639,13,0
4111,7507,641,14,0
4112,7507,642,15,1
1511,7506,615,1,0
2619,7506,622,2,0
2620,7506,623,3,0
2621,7506,623,4,0
2640,7506,624,5,0
2628,7506,625,6,0
4553,7506,628,7,0
4552,7506,629,8,0
4551,7506,631,9,0
3817,7506,635,10,0
4108,7506,638,11,0
4109,7506,638,12,0
4110,7506,639,13,0
4111,7506,641,14,0
4112,7506,642,15,1
4101,7511,1085,1,0
4102,7511,1086,2,0
4103,7511,1087,3,0
4104,7511,1088,4,0
4105,7511,1088,5,0
3816,7511,1092,6,0
4551,7511,1096,7,0
4555,7511,1097,8,0
4554,7511,1098,9,0
2627,7511,1101,10,0
2635,7511,1102,11,0
2602,7511,1103,12,0
2603,7511,1104,13,0
2622,7511,1108,14,0
1511,7511,1115,15,1
4101,7512,425,1,0
4102,7512,426,2,0
4103,7512,427,3,0
4104,7512,428,4,0
4105,7512,428,5,0
3816,7512,432,6,0
4551,7512,436,7,0
4555,7512,437,8,0
4554,7512,438,9,0
2627,7512,441,10,0
2635,7512,442,11,0
2602,7512,443,12,0
2603,7512,444,13,0
1511,7512,451,14,1
4101,7510,1085,1,0
4102,7510,1086,2,0
4103,7510,1087,3,0
4104,7510,1088,4,0
4105,7510,1088,5,0
3816,7510,1092,6,0
4551,7510,1096,7,0
4555,7510,1097,8,0
4554,7510,1098,9,0
2627,7510,1101,10,0
2635,7510,1102,11,0
2602,7510,1103,12,0
2603,7510,1104,13,0
2622,7510,1108,14,0
1511,7510,1115,15,1
4101,7495,950,1,0
4102,7495,951,2,0
4103,7495,952,3,0
4104,7495,953,4,0
4105,7495,953,5,0
3816,7495,957,6,0
4551,7495,961,7,0
4555,7495,962,8,0
4554,7495,963,9,0
2627,7495,966,10,0
2635,7495,967,11,0
2602,7495,968,12,0
2603,7495,969,13,0
2622,7495,973,14,0
1511,7495,980,15,1
4101,7494,950,1,0
4102,7494,951,2,0
4103,7494,952,3,0
4104,7494,953,4,0
4105,7494,953,5,0
3816,7494,957,6,0
4551,7494,961,7,0
4555,7494,962,8,0
4554,7494,963,9,0
2627,7494,966,10,0
2635,7494,967,11,0
2602,7494,968,12,0
2603,7494,969,13,0
2622,7494,973,14,0
1511,7494,980,15,1
4101,7497,650,1,0
4102,7497,651,2,0
4103,7497,652,3,0
4104,7497,653,4,0
4105,7497,653,5,0
3816,7497,657,6,0
4551,7497,661,7,0
4555,7497,662,8,0
4554,7497,663,9,0
2627,7497,666,10,0
2635,7497,667,11,0
2602,7497,668,12,0
2603,7497,669,13,0
1511,7497,677,14,1
4101,7496,650,1,0
4102,7496,651,2,0
4103,7496,652,3,0
4104,7496,653,4,0
4105,7496,653,5,0
3816,7496,657,6,0
4551,7496,661,7,0
4555,7496,662,8,0
4554,7496,663,9,0
2627,7496,666,10,0
2635,7496,667,11,0
2602,7496,668,12,0
2603,7496,669,13,0
1511,7496,677,14,1
4101,7499,650,1,0
4102,7499,651,2,0
4103,7499,652,3,0
4104,7499,653,4,0
4105,7499,653,5,0
3816,7499,657,6,0
4551,7499,661,7,0
4555,7499,662,8,0
4554,7499,663,9,0
2627,7499,666,10,0
2635,7499,667,11,0
2602,7499,668,12,0
2603,7499,669,13,0
1511,7499,677,14,1
4101,7498,650,1,0
4102,7498,651,2,0
4103,7498,652,3,0
4104,7498,653,4,0
4105,7498,653,5,0
3816,7498,657,6,0
4551,7498,661,7,0
4555,7498,662,8,0
4554,7498,663,9,0
2627,7498,666,10,0
2635,7498,667,11,0
2602,7498,668,12,0
2603,7498,669,13,0
1511,7498,677,14,1
4101,7491,885,1,0
4102,7491,886,2,0
4103,7491,887,3,0
4104,7491,888,4,0
4105,7491,888,5,0
3816,7491,892,6,0
4551,7491,896,7,0
4555,7491,897,8,0
4554,7491,898,9,0
2627,7491,901,10,0
2635,7491,902,11,0
2602,7491,903,12,0
2603,7491,904,13,0
1511,7491,912,14,1
4101,7490,885,1,0
4102,7490,886,2,0
4103,7490,887,3,0
4104,7490,888,4,0
4105,7490,888,5,0
3816,7490,892,6,0
4551,7490,896,7,0
4555,7490,897,8,0
4554,7490,898,9,0
2627,7490,901,10,0
2635,7490,902,11,0
2602,7490,903,12,0
2603,7490,904,13,0
1511,7490,912,14,1
4101,7493,950,1,0
4102,7493,951,2,0
4103,7493,952,3,0
4104,7493,953,4,0
4105,7493,953,5,0
3816,7493,957,6,0
4551,7493,961,7,0
4555,7493,962,8,0
4554,7493,963,9,0
2627,7493,966,10,0
2635,7493,967,11,0
2602,7493,968,12,0
2603,7493,969,13,0
2622,7493,973,14,0
1511,7493,980,15,1
4101,7492,950,1,0
4102,7492,951,2,0
4103,7492,952,3,0
4104,7492,953,4,0
4105,7492,953,5,0
3816,7492,957,6,0
4551,7492,961,7,0
4555,7492,962,8,0
4554,7492,963,9,0
2627,7492,966,10,0
2635,7492,967,11,0
2602,7492,968,12,0
2603,7492,969,13,0
2622,7492,973,14,0
1511,7492,980,15,1
4101,7486,820,1,0
4102,7486,821,2,0
4103,7486,822,3,0
4104,7486,823,4,0
4105,7486,823,5,0
3816,7486,827,6,0
4551,7486,831,7,0
4555,7486,832,8,0
4554,7486,833,9,0
2627,7486,836,10,0
2635,7486,837,11,0
2602,7486,838,12,0
2603,7486,839,13,0
1511,7486,847,14,1
4101,7485,820,1,0
4102,7485,821,2,0
4103,7485,822,3,0
4104,7485,823,4,0
4105,7485,823,5,0
3816,7485,827,6,0
4551,7485,831,7,0
4555,7485,832,8,0
4554,7485,833,9,0
2627,7485,836,10,0
2635,7485,837,11,0
2602,7485,838,12,0
2603,7485,839,13,0
1511,7485,847,14,1
4101,7484,820,1,0
4102,7484,821,2,0
4103,7484,822,3,0
4104,7484,823,4,0
4105,7484,823,5,0
3816,7484,827,6,0
4551,7484,831,7,0
4555,7484,832,8,0
4554,7484,833,9,0
2627,7484,836,10,0
2635,7484,837,11,0
2602,7484,838,12,0
2603,7484,839,13,0
1511,7484,847,14,1
4101,7483,790,1,0
4102,7483,791,2,0
4103,7483,792,3,0
4104,7483,793,4,0
4105,7483,793,5,0
3816,7483,797,6,0
4551,7483,801,7,0
4555,7483,802,8,0
4554,7483,803,9,0
2627,7483,806,10,0
2635,7483,807,11,0
2602,7483,808,12,0
2603,7483,809,13,0
1511,7483,817,14,1
4101,7489,885,1,0
4102,7489,886,2,0
4103,7489,887,3,0
4104,7489,888,4,0
4105,7489,888,5,0
3816,7489,892,6,0
4551,7489,896,7,0
4555,7489,897,8,0
4554,7489,898,9,0
2627,7489,901,10,0
2635,7489,902,11,0
2602,7489,903,12,0
2603,7489,904,13,0
1511,7489,912,14,1
4101,7488,885,1,0
4102,7488,886,2,0
4103,7488,887,3,0
4104,7488,888,4,0
4105,7488,888,5,0
3816,7488,892,6,0
4551,7488,896,7,0
4555,7488,897,8,0
4554,7488,898,9,0
2627,7488,901,10,0
2635,7488,902,11,0
2602,7488,903,12,0
2603,7488,904,13,0
1511,7488,912,14,1
4101,7487,820,1,0
4102,7487,821,2,0
4103,7487,822,3,0
4104,7487,823,4,0
4105,7487,823,5,0
3816,7487,827,6,0
4551,7487,831,7,0
4555,7487,832,8,0
4554,7487,833,9,0
2627,7487,836,10,0
2635,7487,837,11,0
2602,7487,838,12,0
2603,7487,839,13,0
1511,7487,847,14,1
4101,7482,790,1,0
4102,7482,791,2,0
4103,7482,792,3,0
4104,7482,793,4,0
4105,7482,793,5,0
3816,7482,797,6,0
4551,7482,801,7,0
4555,7482,802,8,0
4554,7482,803,9,0
2627,7482,806,10,0
2635,7482,807,11,0
2602,7482,808,12,0
2603,7482,809,13,0
1511,7482,817,14,1
4101,7481,790,1,0
4102,7481,791,2,0
4103,7481,792,3,0
4104,7481,793,4,0
4105,7481,793,5,0
3816,7481,797,6,0
4551,7481,801,7,0
4555,7481,802,8,0
4554,7481,803,9,0
2627,7481,806,10,0
2635,7481,807,11,0
2602,7481,808,12,0
2603,7481,809,13,0
1511,7481,817,14,1
4101,7480,790,1,0
4102,7480,791,2,0
4103,7480,792,3,0
4104,7480,793,4,0
4105,7480,793,5,0
3816,7480,797,6,0
4551,7480,801,7,0
4555,7480,802,8,0
4554,7480,803,9,0
2627,7480,806,10,0
2635,7480,807,11,0
2602,7480,808,12,0
2603,7480,809,13,0
1511,7480,817,14,1
1511,7450,1120,1,0
2619,7450,1128,2,0
2620,7450,1129,3,0
2621,7450,1129,4,0
2640,7450,1130,5,0
2628,7450,1131,6,0
4553,7450,1134,7,0
4552,7450,1135,8,0
4551,7450,1138,9,0
3817,7450,1142,10,0
4108,7450,1145,11,0
4109,7450,1145,12,0
4110,7450,1146,13,0
4111,7450,1148,14,0
4112,7450,1149,15,1
1511,7451,1120,1,0
2619,7451,1128,2,0
2620,7451,1129,3,0
2621,7451,1129,4,0
2640,7451,1130,5,0
2628,7451,1131,6,0
4553,7451,1134,7,0
4552,7451,1135,8,0
4551,7451,1138,9,0
3817,7451,1142,10,0
4108,7451,1145,11,0
4109,7451,1145,12,0
4110,7451,1146,13,0
4111,7451,1148,14,0
4112,7451,1149,15,1
1511,7452,1190,1,0
2619,7452,1197,2,0
2620,7452,1198,3,0
2621,7452,1198,4,0
2640,7452,1199,5,0
2628,7452,1200,6,0
4553,7452,1203,7,0
4552,7452,1204,8,0
4551,7452,1206,9,0
3817,7452,1210,10,0
4108,7452,1213,11,0
4109,7452,1213,12,0
4110,7452,1214,13,0
4111,7452,1216,14,0
4112,7452,1217,15,1
1511,7453,1190,1,0
2619,7453,1197,2,0
2620,7453,1198,3,0
2621,7453,1198,4,0
2640,7453,1199,5,0
2628,7453,1200,6,0
4553,7453,1203,7,0
4552,7453,1204,8,0
4551,7453,1206,9,0
3817,7453,1210,10,0
4108,7453,1213,11,0
4109,7453,1213,12,0
4110,7453,1214,13,0
4111,7453,1216,14,0
4112,7453,1217,15,1
1511,7454,1190,1,0
2619,7454,1197,2,0
2620,7454,1198,3,0
2621,7454,1198,4,0
2640,7454,1199,5,0
2628,7454,1200,6,0
4553,7454,1203,7,0
4552,7454,1204,8,0
4551,7454,1206,9,0
3817,7454,1210,10,0
4108,7454,1213,11,0
4109,7454,1213,12,0
4110,7454,1214,13,0
4111,7454,1216,14,0
4112,7454,1217,15,1
1511,7455,1190,1,0
2619,7455,1197,2,0
2620,7455,1198,3,0
2621,7455,1198,4,0
2640,7455,1199,5,0
2628,7455,1200,6,0
4553,7455,1203,7,0
4552,7455,1204,8,0
4551,7455,1206,9,0
3817,7455,1210,10,0
4108,7455,1213,11,0
4109,7455,1213,12,0
4110,7455,1214,13,0
4111,7455,1216,14,0
4112,7455,1217,15,1
4101,7456,430,1,0
4102,7456,431,2,0
4103,7456,432,3,0
4104,7456,433,4,0
4105,7456,433,5,0
3816,7456,437,6,0
4551,7456,441,7,0
4555,7456,442,8,0
4554,7456,443,9,0
2627,7456,446,10,0
2635,7456,447,11,0
2602,7456,448,12,0
2603,7456,449,13,0
1511,7456,458,14,1
4101,7457,430,1,0
4102,7457,431,2,0
4103,7457,432,3,0
4104,7457,433,4,0
4105,7457,433,5,0
3816,7457,437,6,0
4551,7457,441,7,0
4555,7457,442,8,0
4554,7457,443,9,0
2627,7457,446,10,0
2635,7457,447,11,0
2602,7457,448,12,0
2603,7457,449,13,0
1511,7457,458,14,1
1511,7448,1120,1,0
2619,7448,1128,2,0
2620,7448,1129,3,0
2621,7448,1129,4,0
2640,7448,1130,5,0
2628,7448,1131,6,0
4553,7448,1134,7,0
4552,7448,1135,8,0
4551,7448,1138,9,0
3817,7448,1142,10,0
4108,7448,1145,11,0
4109,7448,1145,12,0
4110,7448,1146,13,0
4111,7448,1148,14,0
4112,7448,1149,15,1
1511,7447,1155,1,0
2619,7447,1162,2,0
2620,7447,1163,3,0
2621,7447,1163,4,0
2640,7447,1164,5,0
2628,7447,1165,6,0
4553,7447,1168,7,0
4552,7447,1169,8,0
4551,7447,1171,9,0
3817,7447,1175,10,0
4108,7447,1178,11,0
4109,7447,1178,12,0
4110,7447,1179,13,0
4111,7447,1181,14,0
4112,7447,1182,15,1
1511,7449,1120,1,0
2619,7449,1128,2,0
2620,7449,1129,3,0
2621,7449,1129,4,0
2640,7449,1130,5,0
2628,7449,1131,6,0
4553,7449,1134,7,0
4552,7449,1135,8,0
4551,7449,1138,9,0
3817,7449,1142,10,0
4108,7449,1145,11,0
4109,7449,1145,12,0
4110,7449,1146,13,0
4111,7449,1148,14,0
4112,7449,1149,15,1
1511,7441,1085,1,0
2619,7441,1093,2,0
2620,7441,1094,3,0
2621,7441,1094,4,0
2640,7441,1095,5,0
2628,7441,1096,6,0
4553,7441,1099,7,0
4552,7441,1100,8,0
4551,7441,1103,9,0
3817,7441,1107,10,0
4108,7441,1110,11,0
4109,7441,1110,12,0
4110,7441,1111,13,0
4111,7441,1113,14,0
4112,7441,1114,15,1
1511,7442,1085,1,0
2619,7442,1093,2,0
2620,7442,1094,3,0
2621,7442,1094,4,0
2640,7442,1095,5,0
2628,7442,1096,6,0
4553,7442,1099,7,0
4552,7442,1100,8,0
4551,7442,1103,9,0
3817,7442,1107,10,0
4108,7442,1110,11,0
4109,7442,1110,12,0
4110,7442,1111,13,0
4111,7442,1113,14,0
4112,7442,1114,15,1
1511,7440,1085,1,0
2619,7440,1093,2,0
2620,7440,1094,3,0
2621,7440,1094,4,0
2640,7440,1095,5,0
2628,7440,1096,6,0
4553,7440,1099,7,0
4552,7440,1100,8,0
4551,7440,1103,9,0
3817,7440,1107,10,0
4108,7440,1110,11,0
4109,7440,1110,12,0
4110,7440,1111,13,0
4111,7440,1113,14,0
4112,7440,1114,15,1
1511,7445,1155,1,0
2619,7445,1162,2,0
2620,7445,1163,3,0
2621,7445,1163,4,0
2640,7445,1164,5,0
2628,7445,1165,6,0
4553,7445,1168,7,0
4552,7445,1169,8,0
4551,7445,1171,9,0
3817,7445,1175,10,0
4108,7445,1178,11,0
4109,7445,1178,12,0
4110,7445,1179,13,0
4111,7445,1181,14,0
4112,7445,1182,15,1
1511,7446,1155,1,0
2619,7446,1162,2,0
2620,7446,1163,3,0
2621,7446,1163,4,0
2640,7446,1164,5,0
2628,7446,1165,6,0
4553,7446,1168,7,0
4552,7446,1169,8,0
4551,7446,1171,9,0
3817,7446,1175,10,0
4108,7446,1178,11,0
4109,7446,1178,12,0
4110,7446,1179,13,0
4111,7446,1181,14,0
4112,7446,1182,15,1
1511,7443,1085,1,0
2619,7443,1093,2,0
2620,7443,1094,3,0
2621,7443,1094,4,0
2640,7443,1095,5,0
2628,7443,1096,6,0
4553,7443,1099,7,0
4552,7443,1100,8,0
4551,7443,1103,9,0
3817,7443,1107,10,0
4108,7443,1110,11,0
4109,7443,1110,12,0
4110,7443,1111,13,0
4111,7443,1113,14,0
4112,7443,1114,15,1
1511,7444,1155,1,0
2619,7444,1162,2,0
2620,7444,1163,3,0
2621,7444,1163,4,0
2640,7444,1164,5,0
2628,7444,1165,6,0
4553,7444,1168,7,0
4552,7444,1169,8,0
4551,7444,1171,9,0
3817,7444,1175,10,0
4108,7444,1178,11,0
4109,7444,1178,12,0
4110,7444,1179,13,0
4111,7444,1181,14,0
4112,7444,1182,15,1
1511,7439,1050,1,0
2619,7439,1058,2,0
2620,7439,1059,3,0
2621,7439,1059,4,0
2640,7439,1060,5,0
2628,7439,1061,6,0
4553,7439,1064,7,0
4552,7439,1065,8,0
4551,7439,1068,9,0
3817,7439,1072,10,0
4108,7439,1075,11,0
4109,7439,1075,12,0
4110,7439,1076,13,0
4111,7439,1078,14,0
4112,7439,1079,15,1
1511,7438,1050,1,0
2619,7438,1058,2,0
2620,7438,1059,3,0
2621,7438,1059,4,0
2640,7438,1060,5,0
2628,7438,1061,6,0
4553,7438,1064,7,0
4552,7438,1065,8,0
4551,7438,1068,9,0
3817,7438,1072,10,0
4108,7438,1075,11,0
4109,7438,1075,12,0
4110,7438,1076,13,0
4111,7438,1078,14,0
4112,7438,1079,15,1
1511,7437,1050,1,0
2619,7437,1058,2,0
2620,7437,1059,3,0
2621,7437,1059,4,0
2640,7437,1060,5,0
2628,7437,1061,6,0
4553,7437,1064,7,0
4552,7437,1065,8,0
4551,7437,1068,9,0
3817,7437,1072,10,0
4108,7437,1075,11,0
4109,7437,1075,12,0
4110,7437,1076,13,0
4111,7437,1078,14,0
4112,7437,1079,15,1
1511,7436,1050,1,0
2619,7436,1058,2,0
2620,7436,1059,3,0
2621,7436,1059,4,0
2640,7436,1060,5,0
2628,7436,1061,6,0
4553,7436,1064,7,0
4552,7436,1065,8,0
4551,7436,1068,9,0
3817,7436,1072,10,0
4108,7436,1075,11,0
4109,7436,1075,12,0
4110,7436,1076,13,0
4111,7436,1078,14,0
4112,7436,1079,15,1
4101,7470,502,1,0
4102,7470,503,2,0
4103,7470,504,3,0
4104,7470,505,4,0
4105,7470,505,5,0
3816,7470,509,6,0
4551,7470,513,7,0
4555,7470,514,8,0
4554,7470,515,9,0
2627,7470,518,10,0
2635,7470,519,11,0
2602,7470,520,12,0
2603,7470,521,13,0
1511,7470,530,14,1
4101,7471,502,1,0
4102,7471,503,2,0
4103,7471,504,3,0
4104,7471,505,4,0
4105,7471,505,5,0
3816,7471,509,6,0
4551,7471,513,7,0
4555,7471,514,8,0
4554,7471,515,9,0
2627,7471,518,10,0
2635,7471,519,11,0
2602,7471,520,12,0
2603,7471,521,13,0
1511,7471,530,14,1
4101,7476,570,1,0
4102,7476,571,2,0
4103,7476,572,3,0
4104,7476,573,4,0
4105,7476,573,5,0
3816,7476,577,6,0
4551,7476,581,7,0
4555,7476,582,8,0
4554,7476,583,9,0
2627,7476,586,10,0
2635,7476,587,11,0
2602,7476,588,12,0
2603,7476,589,13,0
1511,7476,597,14,1
4101,7477,570,1,0
4102,7477,571,2,0
4103,7477,572,3,0
4104,7477,573,4,0
4105,7477,573,5,0
3816,7477,577,6,0
4551,7477,581,7,0
4555,7477,582,8,0
4554,7477,583,9,0
2627,7477,586,10,0
2635,7477,587,11,0
2602,7477,588,12,0
2603,7477,589,13,0
1511,7477,597,14,1
4101,7478,570,1,0
4102,7478,571,2,0
4103,7478,572,3,0
4104,7478,573,4,0
4105,7478,573,5,0
3816,7478,577,6,0
4551,7478,581,7,0
4555,7478,582,8,0
4554,7478,583,9,0
2627,7478,586,10,0
2635,7478,587,11,0
2602,7478,588,12,0
2603,7478,589,13,0
1511,7478,597,14,1
4101,7479,570,1,0
4102,7479,571,2,0
4103,7479,572,3,0
4104,7479,573,4,0
4105,7479,573,5,0
3816,7479,577,6,0
4551,7479,581,7,0
4555,7479,582,8,0
4554,7479,583,9,0
2627,7479,586,10,0
2635,7479,587,11,0
2602,7479,588,12,0
2603,7479,589,13,0
1511,7479,597,14,1
4101,7472,530,1,0
4102,7472,531,2,0
4103,7472,532,3,0
4104,7472,533,4,0
4105,7472,533,5,0
3816,7472,537,6,0
4551,7472,541,7,0
4555,7472,542,8,0
4554,7472,543,9,0
2627,7472,546,10,0
2635,7472,547,11,0
2602,7472,548,12,0
2603,7472,549,13,0
1511,7472,557,14,1
4101,7473,530,1,0
4102,7473,531,2,0
4103,7473,532,3,0
4104,7473,533,4,0
4105,7473,533,5,0
3816,7473,537,6,0
4551,7473,541,7,0
4555,7473,542,8,0
4554,7473,543,9,0
2627,7473,546,10,0
2635,7473,547,11,0
2602,7473,548,12,0
2603,7473,549,13,0
1511,7473,557,14,1
4101,7474,530,1,0
4102,7474,531,2,0
4103,7474,532,3,0
4104,7474,533,4,0
4105,7474,533,5,0
3816,7474,537,6,0
4551,7474,541,7,0
4555,7474,542,8,0
4554,7474,543,9,0
2627,7474,546,10,0
2635,7474,547,11,0
2602,7474,548,12,0
2603,7474,549,13,0
1511,7474,557,14,1
4101,7475,530,1,0
4102,7475,531,2,0
4103,7475,532,3,0
4104,7475,533,4,0
4105,7475,533,5,0
3816,7475,537,6,0
4551,7475,541,7,0
4555,7475,542,8,0
4554,7475,543,9,0
2627,7475,546,10,0
2635,7475,547,11,0
2602,7475,548,12,0
2603,7475,549,13,0
1511,7475,557,14,1
4101,7469,502,1,0
4102,7469,503,2,0
4103,7469,504,3,0
4104,7469,505,4,0
4105,7469,505,5,0
3816,7469,509,6,0
4551,7469,513,7,0
4555,7469,514,8,0
4554,7469,515,9,0
2627,7469,518,10,0
2635,7469,519,11,0
2602,7469,520,12,0
2603,7469,521,13,0
1511,7469,530,14,1
4101,7460,442,1,0
4102,7460,443,2,0
4103,7460,444,3,0
4104,7460,445,4,0
4105,7460,445,5,0
3816,7460,449,6,0
4551,7460,453,7,0
4555,7460,454,8,0
4554,7460,455,9,0
2627,7460,458,10,0
2635,7460,459,11,0
2602,7460,460,12,0
2603,7460,461,13,0
1511,7460,470,14,1
4101,7467,475,1,0
4102,7467,476,2,0
4103,7467,477,3,0
4104,7467,478,4,0
4105,7467,478,5,0
3816,7467,482,6,0
4551,7467,486,7,0
4555,7467,487,8,0
4554,7467,488,9,0
2627,7467,491,10,0
2635,7467,492,11,0
2602,7467,493,12,0
2603,7467,494,13,0
1511,7467,503,14,1
4101,7468,502,1,0
4102,7468,503,2,0
4103,7468,504,3,0
4104,7468,505,4,0
4105,7468,505,5,0
3816,7468,509,6,0
4551,7468,513,7,0
4555,7468,514,8,0
4554,7468,515,9,0
2627,7468,518,10,0
2635,7468,519,11,0
2602,7468,520,12,0
2603,7468,521,13,0
1511,7468,530,14,1
4101,7465,475,1,0
4102,7465,476,2,0
4103,7465,477,3,0
4104,7465,478,4,0
4105,7465,478,5,0
3816,7465,482,6,0
4551,7465,486,7,0
4555,7465,487,8,0
4554,7465,488,9,0
2627,7465,491,10,0
2635,7465,492,11,0
2602,7465,493,12,0
2603,7465,494,13,0
1511,7465,503,14,1
4101,7466,475,1,0
4102,7466,476,2,0
4103,7466,477,3,0
4104,7466,478,4,0
4105,7466,478,5,0
3816,7466,482,6,0
4551,7466,486,7,0
4555,7466,487,8,0
4554,7466,488,9,0
2627,7466,491,10,0
2635,7466,492,11,0
2602,7466,493,12,0
2603,7466,494,13,0
1511,7466,503,14,1
4101,7463,442,1,0
4102,7463,443,2,0
4103,7463,444,3,0
4104,7463,445,4,0
4105,7463,445,5,0
3816,7463,449,6,0
4551,7463,453,7,0
4555,7463,454,8,0
4554,7463,455,9,0
2627,7463,458,10,0
2635,7463,459,11,0
2602,7463,460,12,0
2603,7463,461,13,0
1511,7463,470,14,1
4101,7464,475,1,0
4102,7464,476,2,0
4103,7464,477,3,0
4104,7464,478,4,0
4105,7464,478,5,0
3816,7464,482,6,0
4551,7464,486,7,0
4555,7464,487,8,0
4554,7464,488,9,0
2627,7464,491,10,0
2635,7464,492,11,0
2602,7464,493,12,0
2603,7464,494,13,0
1511,7464,503,14,1
4101,7461,442,1,0
4102,7461,443,2,0
4103,7461,444,3,0
4104,7461,445,4,0
4105,7461,445,5,0
3816,7461,449,6,0
4551,7461,453,7,0
4555,7461,454,8,0
4554,7461,455,9,0
2627,7461,458,10,0
2635,7461,459,11,0
2602,7461,460,12,0
2603,7461,461,13,0
1511,7461,470,14,1
4101,7462,442,1,0
4102,7462,443,2,0
4103,7462,444,3,0
4104,7462,445,4,0
4105,7462,445,5,0
3816,7462,449,6,0
4551,7462,453,7,0
4555,7462,454,8,0
4554,7462,455,9,0
2627,7462,458,10,0
2635,7462,459,11,0
2602,7462,460,12,0
2603,7462,461,13,0
1511,7462,470,14,1
4101,7459,430,1,0
4102,7459,431,2,0
4103,7459,432,3,0
4104,7459,433,4,0
4105,7459,433,5,0
3816,7459,437,6,0
4551,7459,441,7,0
4555,7459,442,8,0
4554,7459,443,9,0
2627,7459,446,10,0
2635,7459,447,11,0
2602,7459,448,12,0
2603,7459,449,13,0
1511,7459,458,14,1
4101,7458,430,1,0
4102,7458,431,2,0
4103,7458,432,3,0
4104,7458,433,4,0
4105,7458,433,5,0
3816,7458,437,6,0
4551,7458,441,7,0
4555,7458,442,8,0
4554,7458,443,9,0
2627,7458,446,10,0
2635,7458,447,11,0
2602,7458,448,12,0
2603,7458,449,13,0
1511,7458,458,14,1
4101,7400,715,1,0
4102,7400,716,2,0
4103,7400,717,3,0
4104,7400,718,4,0
4105,7400,718,5,0
3816,7400,722,6,0
4551,7400,726,7,0
4555,7400,727,8,0
4554,7400,728,9,0
2627,7400,731,10,0
2635,7400,732,11,0
2602,7400,733,12,0
2603,7400,734,13,0
1511,7400,742,14,1
4101,7402,715,1,0
4102,7402,716,2,0
4103,7402,717,3,0
4104,7402,718,4,0
4105,7402,718,5,0
3816,7402,722,6,0
4551,7402,726,7,0
4555,7402,727,8,0
4554,7402,728,9,0
2627,7402,731,10,0
2635,7402,732,11,0
2602,7402,733,12,0
2603,7402,734,13,0
1511,7402,742,14,1
4101,7401,715,1,0
4102,7401,716,2,0
4103,7401,717,3,0
4104,7401,718,4,0
4105,7401,718,5,0
3816,7401,722,6,0
4551,7401,726,7,0
4555,7401,727,8,0
4554,7401,728,9,0
2627,7401,731,10,0
2635,7401,732,11,0
2602,7401,733,12,0
2603,7401,734,13,0
1511,7401,742,14,1
1511,7409,515,1,0
2641,7409,522,2,0
2619,7409,526,3,0
2620,7409,527,4,0
2621,7409,527,5,0
2640,7409,528,6,0
2628,7409,529,7,0
4553,7409,532,8,0
4552,7409,533,9,0
4551,7409,535,10,0
3817,7409,539,11,0
4108,7409,542,12,0
4109,7409,542,13,0
4110,7409,543,14,0
4111,7409,545,15,0
4112,7409,546,16,1
4101,7407,1185,1,0
4102,7407,1186,2,0
4103,7407,1187,3,0
4104,7407,1188,4,0
4105,7407,1188,5,0
3816,7407,1192,6,0
4551,7407,1196,7,0
4555,7407,1197,8,0
4554,7407,1198,9,0
2627,7407,1201,10,0
2635,7407,1202,11,0
2602,7407,1203,12,0
2603,7407,1204,13,0
1511,7407,1212,14,1
1511,7408,515,1,0
2641,7408,522,2,0
2619,7408,526,3,0
2620,7408,527,4,0
2621,7408,527,5,0
2640,7408,528,6,0
2628,7408,529,7,0
4553,7408,532,8,0
4552,7408,533,9,0
4551,7408,535,10,0
3817,7408,539,11,0
4108,7408,542,12,0
4109,7408,542,13,0
4110,7408,543,14,0
4111,7408,545,15,0
4112,7408,546,16,1
4101,7405,1185,1,0
4102,7405,1186,2,0
4103,7405,1187,3,0
4104,7405,1188,4,0
4105,7405,1188,5,0
3816,7405,1192,6,0
4551,7405,1196,7,0
4555,7405,1197,8,0
4554,7405,1198,9,0
2627,7405,1201,10,0
2635,7405,1202,11,0
2602,7405,1203,12,0
2603,7405,1204,13,0
1511,7405,1212,14,1
4101,7406,1185,1,0
4102,7406,1186,2,0
4103,7406,1187,3,0
4104,7406,1188,4,0
4105,7406,1188,5,0
3816,7406,1192,6,0
4551,7406,1196,7,0
4555,7406,1197,8,0
4554,7406,1198,9,0
2627,7406,1201,10,0
2635,7406,1202,11,0
2602,7406,1203,12,0
2603,7406,1204,13,0
1511,7406,1212,14,1
4101,7403,715,1,0
4102,7403,716,2,0
4103,7403,717,3,0
4104,7403,718,4,0
4105,7403,718,5,0
3816,7403,722,6,0
4551,7403,726,7,0
4555,7403,727,8,0
4554,7403,728,9,0
2627,7403,731,10,0
2635,7403,732,11,0
2602,7403,733,12,0
2603,7403,734,13,0
1511,7403,742,14,1
4101,7404,1185,1,0
4102,7404,1186,2,0
4103,7404,1187,3,0
4104,7404,1188,4,0
4105,7404,1188,5,0
3816,7404,1192,6,0
4551,7404,1196,7,0
4555,7404,1197,8,0
4554,7404,1198,9,0
2627,7404,1201,10,0
2635,7404,1202,11,0
2602,7404,1203,12,0
2603,7404,1204,13,0
1511,7404,1212,14,1
1511,7413,750,1,0
2641,7413,757,2,0
2619,7413,761,3,0
2620,7413,762,4,0
2621,7413,762,5,0
2640,7413,763,6,0
2628,7413,764,7,0
4553,7413,767,8,0
4552,7413,768,9,0
4551,7413,770,10,0
3817,7413,774,11,0
4108,7413,777,12,0
4109,7413,777,13,0
4110,7413,778,14,0
4111,7413,780,15,0
4112,7413,781,16,1
1511,7412,750,1,0
2641,7412,757,2,0
2619,7412,761,3,0
2620,7412,762,4,0
2621,7412,762,5,0
2640,7412,763,6,0
2628,7412,764,7,0
4553,7412,767,8,0
4552,7412,768,9,0
4551,7412,770,10,0
3817,7412,774,11,0
4108,7412,777,12,0
4109,7412,777,13,0
4110,7412,778,14,0
4111,7412,780,15,0
4112,7412,781,16,1
1511,7411,515,1,0
2641,7411,522,2,0
2619,7411,526,3,0
2620,7411,527,4,0
2621,7411,527,5,0
2640,7411,528,6,0
2628,7411,529,7,0
4553,7411,532,8,0
4552,7411,533,9,0
4551,7411,535,10,0
3817,7411,539,11,0
4108,7411,542,12,0
4109,7411,542,13,0
4110,7411,543,14,0
4111,7411,545,15,0
4112,7411,546,16,1
1511,7410,515,1,0
2641,7410,522,2,0
2619,7410,526,3,0
2620,7410,527,4,0
2621,7410,527,5,0
2640,7410,528,6,0
2628,7410,529,7,0
4553,7410,532,8,0
4552,7410,533,9,0
4551,7410,535,10,0
3817,7410,539,11,0
4108,7410,542,12,0
4109,7410,542,13,0
4110,7410,543,14,0
4111,7410,545,15,0
4112,7410,546,16,1
1511,7414,750,1,0
2641,7414,757,2,0
2619,7414,761,3,0
2620,7414,762,4,0
2621,7414,762,5,0
2640,7414,763,6,0
2628,7414,764,7,0
4553,7414,767,8,0
4552,7414,768,9,0
4551,7414,770,10,0
3817,7414,774,11,0
4108,7414,777,12,0
4109,7414,777,13,0
4110,7414,778,14,0
4111,7414,780,15,0
4112,7414,781,16,1
1511,7415,750,1,0
2641,7415,757,2,0
2619,7415,761,3,0
2620,7415,762,4,0
2621,7415,762,5,0
2640,7415,763,6,0
2628,7415,764,7,0
4553,7415,767,8,0
4552,7415,768,9,0
4551,7415,770,10,0
3817,7415,774,11,0
4108,7415,777,12,0
4109,7415,777,13,0
4110,7415,778,14,0
4111,7415,780,15,0
4112,7415,781,16,1
1511,7416,785,1,0
2619,7416,792,2,0
2620,7416,793,3,0
2621,7416,793,4,0
2640,7416,794,5,0
2628,7416,795,6,0
4553,7416,798,7,0
4552,7416,799,8,0
4551,7416,801,9,0
3817,7416,805,10,0
4108,7416,808,11,0
4109,7416,808,12,0
4110,7416,809,13,0
4111,7416,811,14,0
4112,7416,812,15,1
1511,7417,785,1,0
2619,7417,792,2,0
2620,7417,793,3,0
2621,7417,793,4,0
2640,7417,794,5,0
2628,7417,795,6,0
4553,7417,798,7,0
4552,7417,799,8,0
4551,7417,801,9,0
3817,7417,805,10,0
4108,7417,808,11,0
4109,7417,808,12,0
4110,7417,809,13,0
4111,7417,811,14,0
4112,7417,812,15,1
1511,7418,785,1,0
2619,7418,792,2,0
2620,7418,793,3,0
2621,7418,793,4,0
2640,7418,794,5,0
2628,7418,795,6,0
4553,7418,798,7,0
4552,7418,799,8,0
4551,7418,801,9,0
3817,7418,805,10,0
4108,7418,808,11,0
4109,7418,808,12,0
4110,7418,809,13,0
4111,7418,811,14,0
4112,7418,812,15,1
1511,7419,785,1,0
2619,7419,792,2,0
2620,7419,793,3,0
2621,7419,793,4,0
2640,7419,794,5,0
2628,7419,795,6,0
4553,7419,798,7,0
4552,7419,799,8,0
4551,7419,801,9,0
3817,7419,805,10,0
4108,7419,808,11,0
4109,7419,808,12,0
4110,7419,809,13,0
4111,7419,811,14,0
4112,7419,812,15,1
1511,7420,855,1,0
2619,7420,862,2,0
2620,7420,863,3,0
2621,7420,863,4,0
2640,7420,864,5,0
2628,7420,865,6,0
4553,7420,868,7,0
4552,7420,869,8,0
4551,7420,871,9,0
3817,7420,875,10,0
4108,7420,878,11,0
4109,7420,878,12,0
4110,7420,879,13,0
4111,7420,881,14,0
4112,7420,882,15,1
1511,7422,855,1,0
2619,7422,862,2,0
2620,7422,863,3,0
2621,7422,863,4,0
2640,7422,864,5,0
2628,7422,865,6,0
4553,7422,868,7,0
4552,7422,869,8,0
4551,7422,871,9,0
3817,7422,875,10,0
4108,7422,878,11,0
4109,7422,878,12,0
4110,7422,879,13,0
4111,7422,881,14,0
4112,7422,882,15,1
1511,7421,855,1,0
2619,7421,862,2,0
2620,7421,863,3,0
2621,7421,863,4,0
2640,7421,864,5,0
2628,7421,865,6,0
4553,7421,868,7,0
4552,7421,869,8,0
4551,7421,871,9,0
3817,7421,875,10,0
4108,7421,878,11,0
4109,7421,878,12,0
4110,7421,879,13,0
4111,7421,881,14,0
4112,7421,882,15,1
1511,7424,920,1,0
2619,7424,927,2,0
2620,7424,928,3,0
2621,7424,928,4,0
2640,7424,929,5,0
2628,7424,930,6,0
4553,7424,933,7,0
4552,7424,934,8,0
4551,7424,936,9,0
3817,7424,940,10,0
4108,7424,943,11,0
4109,7424,943,12,0
4110,7424,944,13,0
4111,7424,946,14,0
4112,7424,947,15,1
1511,7423,855,1,0
2619,7423,862,2,0
2620,7423,863,3,0
2621,7423,863,4,0
2640,7423,864,5,0
2628,7423,865,6,0
4553,7423,868,7,0
4552,7423,869,8,0
4551,7423,871,9,0
3817,7423,875,10,0
4108,7423,878,11,0
4109,7423,878,12,0
4110,7423,879,13,0
4111,7423,881,14,0
4112,7423,882,15,1
1511,7427,920,1,0
2619,7427,927,2,0
2620,7427,928,3,0
2621,7427,928,4,0
2640,7427,929,5,0
2628,7427,930,6,0
4553,7427,933,7,0
4552,7427,934,8,0
4551,7427,936,9,0
3817,7427,940,10,0
4108,7427,943,11,0
4109,7427,943,12,0
4110,7427,944,13,0
4111,7427,946,14,0
4112,7427,947,15,1
1511,7428,950,1,0
2619,7428,957,2,0
2620,7428,958,3,0
2621,7428,958,4,0
2640,7428,959,5,0
2628,7428,960,6,0
4553,7428,963,7,0
4552,7428,964,8,0
4551,7428,966,9,0
3817,7428,970,10,0
4108,7428,973,11,0
4109,7428,973,12,0
4110,7428,974,13,0
4111,7428,976,14,0
4112,7428,977,15,1
1511,7425,920,1,0
2619,7425,927,2,0
2620,7425,928,3,0
2621,7425,928,4,0
2640,7425,929,5,0
2628,7425,930,6,0
4553,7425,933,7,0
4552,7425,934,8,0
4551,7425,936,9,0
3817,7425,940,10,0
4108,7425,943,11,0
4109,7425,943,12,0
4110,7425,944,13,0
4111,7425,946,14,0
4112,7425,947,15,1
1511,7426,920,1,0
2619,7426,927,2,0
2620,7426,928,3,0
2621,7426,928,4,0
2640,7426,929,5,0
2628,7426,930,6,0
4553,7426,933,7,0
4552,7426,934,8,0
4551,7426,936,9,0
3817,7426,940,10,0
4108,7426,943,11,0
4109,7426,943,12,0
4110,7426,944,13,0
4111,7426,946,14,0
4112,7426,947,15,1
1511,7429,950,1,0
2619,7429,957,2,0
2620,7429,958,3,0
2621,7429,958,4,0
2640,7429,959,5,0
2628,7429,960,6,0
4553,7429,963,7,0
4552,7429,964,8,0
4551,7429,966,9,0
3817,7429,970,10,0
4108,7429,973,11,0
4109,7429,973,12,0
4110,7429,974,13,0
4111,7429,976,14,0
4112,7429,977,15,1
1511,7431,950,1,0
2619,7431,957,2,0
2620,7431,958,3,0
2621,7431,958,4,0
2640,7431,959,5,0
2628,7431,960,6,0
4553,7431,963,7,0
4552,7431,964,8,0
4551,7431,966,9,0
3817,7431,970,10,0
4108,7431,973,11,0
4109,7431,973,12,0
4110,7431,974,13,0
4111,7431,976,14,0
4112,7431,977,15,1
1511,7430,950,1,0
2619,7430,957,2,0
2620,7430,958,3,0
2621,7430,958,4,0
2640,7430,959,5,0
2628,7430,960,6,0
4553,7430,963,7,0
4552,7430,964,8,0
4551,7430,966,9,0
3817,7430,970,10,0
4108,7430,973,11,0
4109,7430,973,12,0
4110,7430,974,13,0
4111,7430,976,14,0
4112,7430,977,15,1
1511,7435,985,1,0
2619,7435,992,2,0
2620,7435,993,3,0
2621,7435,993,4,0
2640,7435,994,5,0
2628,7435,995,6,0
4553,7435,998,7,0
4552,7435,999,8,0
4551,7435,1001,9,0
3817,7435,1005,10,0
4108,7435,1008,11,0
4109,7435,1008,12,0
4110,7435,1009,13,0
4111,7435,1011,14,0
4112,7435,1012,15,1
1511,7434,985,1,0
2619,7434,992,2,0
2620,7434,993,3,0
2621,7434,993,4,0
2640,7434,994,5,0
2628,7434,995,6,0
4553,7434,998,7,0
4552,7434,999,8,0
4551,7434,1001,9,0
3817,7434,1005,10,0
4108,7434,1008,11,0
4109,7434,1008,12,0
4110,7434,1009,13,0
4111,7434,1011,14,0
4112,7434,1012,15,1
1511,7433,985,1,0
2619,7433,992,2,0
2620,7433,993,3,0
2621,7433,993,4,0
2640,7433,994,5,0
2628,7433,995,6,0
4553,7433,998,7,0
4552,7433,999,8,0
4551,7433,1001,9,0
3817,7433,1005,10,0
4108,7433,1008,11,0
4109,7433,1008,12,0
4110,7433,1009,13,0
4111,7433,1011,14,0
4112,7433,1012,15,1
1511,7432,985,1,0
2619,7432,992,2,0
2620,7432,993,3,0
2621,7432,993,4,0
2640,7432,994,5,0
2628,7432,995,6,0
4553,7432,998,7,0
4552,7432,999,8,0
4551,7432,1001,9,0
3817,7432,1005,10,0
4108,7432,1008,11,0
4109,7432,1008,12,0
4110,7432,1009,13,0
4111,7432,1011,14,0
4112,7432,1012,15,1
4101,7356,380,1,0
4102,7356,381,2,0
4103,7356,382,3,0
4104,7356,383,4,0
4105,7356,383,5,0
3816,7356,387,6,0
4551,7356,391,7,0
4555,7356,392,8,0
4554,7356,393,9,0
2627,7356,396,10,0
2635,7356,397,11,0
2602,7356,398,12,0
2603,7356,399,13,0
1511,7356,407,14,1
4101,7357,380,1,0
4102,7357,381,2,0
4103,7357,382,3,0
4104,7357,383,4,0
4105,7357,383,5,0
3816,7357,387,6,0
4551,7357,391,7,0
4555,7357,392,8,0
4554,7357,393,9,0
2627,7357,396,10,0
2635,7357,397,11,0
2602,7357,398,12,0
2603,7357,399,13,0
1511,7357,407,14,1
4101,7358,380,1,0
4102,7358,381,2,0
4103,7358,382,3,0
4104,7358,383,4,0
4105,7358,383,5,0
3816,7358,387,6,0
4551,7358,391,7,0
4555,7358,392,8,0
4554,7358,393,9,0
2627,7358,396,10,0
2635,7358,397,11,0
2602,7358,398,12,0
2603,7358,399,13,0
1511,7358,407,14,1
1511,7392,465,1,0
2641,7392,472,2,0
2619,7392,476,3,0
2620,7392,477,4,0
2621,7392,477,5,0
2640,7392,478,6,0
2628,7392,479,7,0
4553,7392,482,8,0
4552,7392,483,9,0
4551,7392,485,10,0
3817,7392,489,11,0
4108,7392,492,12,0
4109,7392,492,13,0
4110,7392,493,14,0
4111,7392,495,15,0
4112,7392,496,16,1
1511,7391,435,1,0
2641,7391,442,2,0
2619,7391,446,3,0
2620,7391,447,4,0
2621,7391,447,5,0
2640,7391,448,6,0
2628,7391,449,7,0
4553,7391,452,8,0
4552,7391,453,9,0
4551,7391,455,10,0
3817,7391,459,11,0
4108,7391,462,12,0
4109,7391,462,13,0
4110,7391,463,14,0
4111,7391,465,15,0
4112,7391,466,16,1
1511,7394,465,1,0
2641,7394,472,2,0
2619,7394,476,3,0
2620,7394,477,4,0
2621,7394,477,5,0
2640,7394,478,6,0
2628,7394,479,7,0
4553,7394,482,8,0
4552,7394,483,9,0
4551,7394,485,10,0
3817,7394,489,11,0
4108,7394,492,12,0
4109,7394,492,13,0
4110,7394,493,14,0
4111,7394,495,15,0
4112,7394,496,16,1
1511,7393,465,1,0
2641,7393,472,2,0
2619,7393,476,3,0
2620,7393,477,4,0
2621,7393,477,5,0
2640,7393,478,6,0
2628,7393,479,7,0
4553,7393,482,8,0
4552,7393,483,9,0
4551,7393,485,10,0
3817,7393,489,11,0
4108,7393,492,12,0
4109,7393,492,13,0
4110,7393,493,14,0
4111,7393,495,15,0
4112,7393,496,16,1
1511,7390,435,1,0
2641,7390,442,2,0
2619,7390,446,3,0
2620,7390,447,4,0
2621,7390,447,5,0
2640,7390,448,6,0
2628,7390,449,7,0
4553,7390,452,8,0
4552,7390,453,9,0
4551,7390,455,10,0
3817,7390,459,11,0
4108,7390,462,12,0
4109,7390,462,13,0
4110,7390,463,14,0
4111,7390,465,15,0
4112,7390,466,16,1
1511,7399,490,1,0
2641,7399,497,2,0
2619,7399,501,3,0
2620,7399,502,4,0
2621,7399,502,5,0
2640,7399,503,6,0
2628,7399,504,7,0
4553,7399,507,8,0
4552,7399,508,9,0
4551,7399,510,10,0
3817,7399,514,11,0
4108,7399,517,12,0
4109,7399,517,13,0
4110,7399,518,14,0
4111,7399,520,15,0
4112,7399,521,16,1
1511,7396,490,1,0
2641,7396,497,2,0
2619,7396,501,3,0
2620,7396,502,4,0
2621,7396,502,5,0
2640,7396,503,6,0
2628,7396,504,7,0
4553,7396,507,8,0
4552,7396,508,9,0
4551,7396,510,10,0
3817,7396,514,11,0
4108,7396,517,12,0
4109,7396,517,13,0
4110,7396,518,14,0
4111,7396,520,15,0
4112,7396,521,16,1
1511,7395,465,1,0
2641,7395,472,2,0
2619,7395,476,3,0
2620,7395,477,4,0
2621,7395,477,5,0
2640,7395,478,6,0
2628,7395,479,7,0
4553,7395,482,8,0
4552,7395,483,9,0
4551,7395,485,10,0
3817,7395,489,11,0
4108,7395,492,12,0
4109,7395,492,13,0
4110,7395,493,14,0
4111,7395,495,15,0
4112,7395,496,16,1
1511,7398,490,1,0
2641,7398,497,2,0
2619,7398,501,3,0
2620,7398,502,4,0
2621,7398,502,5,0
2640,7398,503,6,0
2628,7398,504,7,0
4553,7398,507,8,0
4552,7398,508,9,0
4551,7398,510,10,0
3817,7398,514,11,0
4108,7398,517,12,0
4109,7398,517,13,0
4110,7398,518,14,0
4111,7398,520,15,0
4112,7398,521,16,1
1511,7397,490,1,0
2641,7397,497,2,0
2619,7397,501,3,0
2620,7397,502,4,0
2621,7397,502,5,0
2640,7397,503,6,0
2628,7397,504,7,0
4553,7397,507,8,0
4552,7397,508,9,0
4551,7397,510,10,0
3817,7397,514,11,0
4108,7397,517,12,0
4109,7397,517,13,0
4110,7397,518,14,0
4111,7397,520,15,0
4112,7397,521,16,1
1511,7383,375,1,0
2619,7383,382,2,0
2620,7383,383,3,0
2621,7383,383,4,0
2640,7383,384,5,0
2628,7383,385,6,0
4553,7383,388,7,0
4552,7383,389,8,0
4551,7383,391,9,0
3817,7383,395,10,0
4108,7383,398,11,0
4109,7383,398,12,0
4110,7383,399,13,0
4111,7383,401,14,0
4112,7383,402,15,1
1511,7382,375,1,0
2619,7382,382,2,0
2620,7382,383,3,0
2621,7382,383,4,0
2640,7382,384,5,0
2628,7382,385,6,0
4553,7382,388,7,0
4552,7382,389,8,0
4551,7382,391,9,0
3817,7382,395,10,0
4108,7382,398,11,0
4109,7382,398,12,0
4110,7382,399,13,0
4111,7382,401,14,0
4112,7382,402,15,1
1511,7381,375,1,0
2619,7381,382,2,0
2620,7381,383,3,0
2621,7381,383,4,0
2640,7381,384,5,0
2628,7381,385,6,0
4553,7381,388,7,0
4552,7381,389,8,0
4551,7381,391,9,0
3817,7381,395,10,0
4108,7381,398,11,0
4109,7381,398,12,0
4110,7381,399,13,0
4111,7381,401,14,0
4112,7381,402,15,1
1511,7380,375,1,0
2619,7380,382,2,0
2620,7380,383,3,0
2621,7380,383,4,0
2640,7380,384,5,0
2628,7380,385,6,0
4553,7380,388,7,0
4552,7380,389,8,0
4551,7380,391,9,0
3817,7380,395,10,0
4108,7380,398,11,0
4109,7380,398,12,0
4110,7380,399,13,0
4111,7380,401,14,0
4112,7380,402,15,1
1511,7389,435,1,0
2641,7389,442,2,0
2619,7389,446,3,0
2620,7389,447,4,0
2621,7389,447,5,0
2640,7389,448,6,0
2628,7389,449,7,0
4553,7389,452,8,0
4552,7389,453,9,0
4551,7389,455,10,0
3817,7389,459,11,0
4108,7389,462,12,0
4109,7389,462,13,0
4110,7389,463,14,0
4111,7389,465,15,0
4112,7389,466,16,1
1511,7388,435,1,0
2641,7388,442,2,0
2619,7388,446,3,0
2620,7388,447,4,0
2621,7388,447,5,0
2640,7388,448,6,0
2628,7388,449,7,0
4553,7388,452,8,0
4552,7388,453,9,0
4551,7388,455,10,0
3817,7388,459,11,0
4108,7388,462,12,0
4109,7388,462,13,0
4110,7388,463,14,0
4111,7388,465,15,0
4112,7388,466,16,1
1511,7387,410,1,0
2619,7387,417,2,0
2620,7387,418,3,0
2621,7387,418,4,0
2640,7387,419,5,0
2628,7387,420,6,0
4553,7387,423,7,0
4552,7387,424,8,0
4551,7387,426,9,0
3817,7387,430,10,0
4108,7387,433,11,0
4109,7387,433,12,0
4110,7387,434,13,0
4111,7387,436,14,0
4112,7387,437,15,1
1511,7386,410,1,0
2619,7386,417,2,0
2620,7386,418,3,0
2621,7386,418,4,0
2640,7386,419,5,0
2628,7386,420,6,0
4553,7386,423,7,0
4552,7386,424,8,0
4551,7386,426,9,0
3817,7386,430,10,0
4108,7386,433,11,0
4109,7386,433,12,0
4110,7386,434,13,0
4111,7386,436,14,0
4112,7386,437,15,1
1511,7385,410,1,0
2619,7385,417,2,0
2620,7385,418,3,0
2621,7385,418,4,0
2640,7385,419,5,0
2628,7385,420,6,0
4553,7385,423,7,0
4552,7385,424,8,0
4551,7385,426,9,0
3817,7385,430,10,0
4108,7385,433,11,0
4109,7385,433,12,0
4110,7385,434,13,0
4111,7385,436,14,0
4112,7385,437,15,1
1511,7384,410,1,0
2619,7384,417,2,0
2620,7384,418,3,0
2621,7384,418,4,0
2640,7384,419,5,0
2628,7384,420,6,0
4553,7384,423,7,0
4552,7384,424,8,0
4551,7384,426,9,0
3817,7384,430,10,0
4108,7384,433,11,0
4109,7384,433,12,0
4110,7384,434,13,0
4111,7384,436,14,0
4112,7384,437,15,1
4101,7370,1015,1,0
4102,7370,1016,2,0
4103,7370,1017,3,0
4104,7370,1018,4,0
4105,7370,1018,5,0
3816,7370,1022,6,0
4551,7370,1026,7,0
4555,7370,1027,8,0
4554,7370,1028,9,0
2627,7370,1031,10,0
2635,7370,1032,11,0
2602,7370,1033,12,0
2603,7370,1034,13,0
2622,7370,1038,14,0
1511,7370,1045,15,1
4101,7372,1120,1,0
4102,7372,1121,2,0
4103,7372,1122,3,0
4104,7372,1123,4,0
4105,7372,1123,5,0
3816,7372,1127,6,0
4551,7372,1131,7,0
4555,7372,1132,8,0
4554,7372,1133,9,0
2627,7372,1136,10,0
2635,7372,1137,11,0
2602,7372,1138,12,0
2603,7372,1139,13,0
1511,7372,1147,14,1
4101,7371,1015,1,0
4102,7371,1016,2,0
4103,7371,1017,3,0
4104,7371,1018,4,0
4105,7371,1018,5,0
3816,7371,1022,6,0
4551,7371,1026,7,0
4555,7371,1027,8,0
4554,7371,1028,9,0
2627,7371,1031,10,0
2635,7371,1032,11,0
2602,7371,1033,12,0
2603,7371,1034,13,0
2622,7371,1038,14,0
1511,7371,1045,15,1
4101,7374,1120,1,0
4102,7374,1121,2,0
4103,7374,1122,3,0
4104,7374,1123,4,0
4105,7374,1123,5,0
3816,7374,1127,6,0
4551,7374,1131,7,0
4555,7374,1132,8,0
4554,7374,1133,9,0
2627,7374,1136,10,0
2635,7374,1137,11,0
2602,7374,1138,12,0
2603,7374,1139,13,0
1511,7374,1147,14,1
4101,7373,1120,1,0
4102,7373,1121,2,0
4103,7373,1122,3,0
4104,7373,1123,4,0
4105,7373,1123,5,0
3816,7373,1127,6,0
4551,7373,1131,7,0
4555,7373,1132,8,0
4554,7373,1133,9,0
2627,7373,1136,10,0
2635,7373,1137,11,0
2602,7373,1138,12,0
2603,7373,1139,13,0
1511,7373,1147,14,1
4101,7376,1155,1,0
4102,7376,1156,2,0
4103,7376,1157,3,0
4104,7376,1158,4,0
4105,7376,1158,5,0
3816,7376,1162,6,0
4551,7376,1166,7,0
4555,7376,1167,8,0
4554,7376,1168,9,0
2627,7376,1171,10,0
2635,7376,1172,11,0
2602,7376,1173,12,0
2603,7376,1174,13,0
1511,7376,1182,14,1
4101,7375,1120,1,0
4102,7375,1121,2,0
4103,7375,1122,3,0
4104,7375,1123,4,0
4105,7375,1123,5,0
3816,7375,1127,6,0
4551,7375,1131,7,0
4555,7375,1132,8,0
4554,7375,1133,9,0
2627,7375,1136,10,0
2635,7375,1137,11,0
2602,7375,1138,12,0
2603,7375,1139,13,0
1511,7375,1147,14,1
4101,7378,1155,1,0
4102,7378,1156,2,0
4103,7378,1157,3,0
4104,7378,1158,4,0
4105,7378,1158,5,0
3816,7378,1162,6,0
4551,7378,1166,7,0
4555,7378,1167,8,0
4554,7378,1168,9,0
2627,7378,1171,10,0
2635,7378,1172,11,0
2602,7378,1173,12,0
2603,7378,1174,13,0
1511,7378,1182,14,1
4101,7377,1155,1,0
4102,7377,1156,2,0
4103,7377,1157,3,0
4104,7377,1158,4,0
4105,7377,1158,5,0
3816,7377,1162,6,0
4551,7377,1166,7,0
4555,7377,1167,8,0
4554,7377,1168,9,0
2627,7377,1171,10,0
2635,7377,1172,11,0
2602,7377,1173,12,0
2603,7377,1174,13,0
1511,7377,1182,14,1
4101,7379,1155,1,0
4102,7379,1156,2,0
4103,7379,1157,3,0
4104,7379,1158,4,0
4105,7379,1158,5,0
3816,7379,1162,6,0
4551,7379,1166,7,0
4555,7379,1167,8,0
4554,7379,1168,9,0
2627,7379,1171,10,0
2635,7379,1172,11,0
2602,7379,1173,12,0
2603,7379,1174,13,0
1511,7379,1182,14,1
4101,7359,380,1,0
4102,7359,381,2,0
4103,7359,382,3,0
4104,7359,383,4,0
4105,7359,383,5,0
3816,7359,387,6,0
4551,7359,391,7,0
4555,7359,392,8,0
4554,7359,393,9,0
2627,7359,396,10,0
2635,7359,397,11,0
2602,7359,398,12,0
2603,7359,399,13,0
1511,7359,407,14,1
4101,7361,405,1,0
4102,7361,406,2,0
4103,7361,407,3,0
4104,7361,408,4,0
4105,7361,408,5,0
3816,7361,412,6,0
4551,7361,416,7,0
4555,7361,417,8,0
4554,7361,418,9,0
2627,7361,421,10,0
2635,7361,422,11,0
2602,7361,423,12,0
2603,7361,424,13,0
1511,7361,432,14,1
4101,7360,405,1,0
4102,7360,406,2,0
4103,7360,407,3,0
4104,7360,408,4,0
4105,7360,408,5,0
3816,7360,412,6,0
4551,7360,416,7,0
4555,7360,417,8,0
4554,7360,418,9,0
2627,7360,421,10,0
2635,7360,422,11,0
2602,7360,423,12,0
2603,7360,424,13,0
1511,7360,432,14,1
4101,7365,980,1,0
4102,7365,981,2,0
4103,7365,982,3,0
4104,7365,983,4,0
4105,7365,983,5,0
3816,7365,987,6,0
4551,7365,991,7,0
4555,7365,992,8,0
4554,7365,993,9,0
2627,7365,996,10,0
2635,7365,997,11,0
2602,7365,998,12,0
2603,7365,999,13,0
2622,7365,1003,14,0
1511,7365,1010,15,1
4101,7364,980,1,0
4102,7364,981,2,0
4103,7364,982,3,0
4104,7364,983,4,0
4105,7364,983,5,0
3816,7364,987,6,0
4551,7364,991,7,0
4555,7364,992,8,0
4554,7364,993,9,0
2627,7364,996,10,0
2635,7364,997,11,0
2602,7364,998,12,0
2603,7364,999,13,0
2622,7364,1003,14,0
1511,7364,1010,15,1
4101,7363,405,1,0
4102,7363,406,2,0
4103,7363,407,3,0
4104,7363,408,4,0
4105,7363,408,5,0
3816,7363,412,6,0
4551,7363,416,7,0
4555,7363,417,8,0
4554,7363,418,9,0
2627,7363,421,10,0
2635,7363,422,11,0
2602,7363,423,12,0
2603,7363,424,13,0
1511,7363,432,14,1
4101,7362,405,1,0
4102,7362,406,2,0
4103,7362,407,3,0
4104,7362,408,4,0
4105,7362,408,5,0
3816,7362,412,6,0
4551,7362,416,7,0
4555,7362,417,8,0
4554,7362,418,9,0
2627,7362,421,10,0
2635,7362,422,11,0
2602,7362,423,12,0
2603,7362,424,13,0
1511,7362,432,14,1
4101,7369,1015,1,0
4102,7369,1016,2,0
4103,7369,1017,3,0
4104,7369,1018,4,0
4105,7369,1018,5,0
3816,7369,1022,6,0
4551,7369,1026,7,0
4555,7369,1027,8,0
4554,7369,1028,9,0
2627,7369,1031,10,0
2635,7369,1032,11,0
2602,7369,1033,12,0
2603,7369,1034,13,0
2622,7369,1038,14,0
1511,7369,1045,15,1
4101,7368,1015,1,0
4102,7368,1016,2,0
4103,7368,1017,3,0
4104,7368,1018,4,0
4105,7368,1018,5,0
3816,7368,1022,6,0
4551,7368,1026,7,0
4555,7368,1027,8,0
4554,7368,1028,9,0
2627,7368,1031,10,0
2635,7368,1032,11,0
2602,7368,1033,12,0
2603,7368,1034,13,0
2622,7368,1038,14,0
1511,7368,1045,15,1
4101,7367,980,1,0
4102,7367,981,2,0
4103,7367,982,3,0
4104,7367,983,4,0
4105,7367,983,5,0
3816,7367,987,6,0
4551,7367,991,7,0
4555,7367,992,8,0
4554,7367,993,9,0
2627,7367,996,10,0
2635,7367,997,11,0
2602,7367,998,12,0
2603,7367,999,13,0
2622,7367,1003,14,0
1511,7367,1010,15,1
4101,7366,980,1,0
4102,7366,981,2,0
4103,7366,982,3,0
4104,7366,983,4,0
4105,7366,983,5,0
3816,7366,987,6,0
4551,7366,991,7,0
4555,7366,992,8,0
4554,7366,993,9,0
2627,7366,996,10,0
2635,7366,997,11,0
2602,7366,998,12,0
2603,7366,999,13,0
2622,7366,1003,14,0
1511,7366,1010,15,1
