arret_id,trajet_id,heure_depart,stop_sequence,terminus
repbottc,13,1045,1,0
plelo2,13,1047,2,0
verbuis2,13,1068,3,0
capvert2,13,1069,4,0
rabine6,13,1071,5,0
htlauna2,13,1073,6,0
herveri2,13,1074,7,0
cenbruz,13,1076,8,1
cenbruz,3272,495,1,0
herveri1,3272,496,2,0
htlauna1,3272,498,3,0
rabine5,3272,499,4,0
capvert1,3272,501,5,0
verbuis1,3272,502,6,0
plelo1,3272,525,7,0
repx2,3272,528,8,1
repbottc,2299,1005,1,0
plelo2,2299,1007,2,0
verbuis2,2299,1027,3,0
capvert2,2299,1028,4,0
rabine6,2299,1030,5,0
htlauna2,2299,1032,6,0
herveri2,2299,1033,7,0
cenbruz,2299,1035,8,1
cenbruz,146,475,1,0
herveri1,146,476,2,0
htlauna1,146,478,3,0
rabine5,146,479,4,0
capvert1,146,481,5,0
verbuis1,146,482,6,0
plelo1,146,505,7,0
repx2,146,508,8,1
cenbruz,4969,455,1,0
herveri1,4969,456,2,0
htlauna1,4969,458,3,0
rabine5,4969,459,4,0
capvert1,4969,461,5,0
verbuis1,4969,462,6,0
plelo1,4969,485,7,0
repx2,4969,488,8,1
cenbruz,5872,437,1,0
herveri1,5872,438,2,0
htlauna1,5872,440,3,0
rabine5,5872,441,4,0
capvert1,5872,443,5,0
verbuis1,5872,444,6,0
plelo1,5872,463,7,0
repx2,5872,466,8,1
repbottc,2492,1105,1,0
plelo2,2492,1107,2,0
verbuis2,2492,1126,3,0
capvert2,2492,1127,4,0
rabine6,2492,1129,5,0
htlauna2,2492,1130,6,0
herveri2,2492,1132,7,0
cenbruz,2492,1133,8,1
repbottc,4119,1125,1,0
plelo2,4119,1127,2,0
verbuis2,4119,1145,3,0
capvert2,4119,1146,4,0
rabine6,4119,1148,5,0
htlauna2,4119,1149,6,0
herveri2,4119,1151,7,0
cenbruz,4119,1152,8,1
repbottc,5567,1145,1,0
plelo2,5567,1147,2,0
verbuis2,5567,1165,3,0
capvert2,5567,1166,4,0
rabine6,5567,1168,5,0
htlauna2,5567,1169,6,0
herveri2,5567,1171,7,0
cenbruz,5567,1172,8,1
cenbruz,1144,422,1,0
herveri1,1144,423,2,0
htlauna1,1144,425,3,0
rabine5,1144,426,4,0
capvert1,1144,428,5,0
verbuis1,1144,429,6,0
plelo1,1144,448,7,0
repx2,1144,451,8,1
repbottc,1011,1065,1,0
plelo2,1011,1067,2,0
verbuis2,1011,1088,3,0
capvert2,1011,1089,4,0
rabine6,1011,1091,5,0
htlauna2,1011,1093,6,0
herveri2,1011,1094,7,0
cenbruz,1011,1096,8,1
repbottc,4007,1025,1,0
plelo2,4007,1027,2,0
verbuis2,4007,1048,3,0
capvert2,4007,1049,4,0
rabine6,4007,1051,5,0
htlauna2,4007,1053,6,0
herveri2,4007,1054,7,0
cenbruz,4007,1056,8,1
repbottc,6360,1085,1,0
plelo2,6360,1087,2,0
verbuis2,6360,1107,3,0
capvert2,6360,1108,4,0
rabine6,6360,1110,5,0
htlauna2,6360,1112,6,0
herveri2,6360,1113,7,0
cenbruz,6360,1115,8,1
