arret_id,trajet_id,heure_depart,stop_sequence,terminus
drlaen2,3498,850,1,0
mabetto2,3498,851,2,0
tregor3,3498,852,3,0
mezie1,3498,853,4,0
broceli2,3498,854,5,0
renau1,3498,855,6,0
ptbran1,3498,856,7,0
lyjp1,3498,860,8,0
chdagu1,3498,861,9,0
forge1,3498,865,10,0
galgaul1,3498,866,11,0
clivinc1,3498,867,12,0
launay2,3498,870,13,0
gdquart,3498,871,14,0
idftill1,3498,874,15,0
villj1,3498,878,16,1
villj1,2016,1055,1,0
idftill2,2016,1058,2,0
grquart2,2016,1062,3,0
launay1,2016,1064,4,0
clivinc2,2016,1065,5,0
galgaul2,2016,1067,6,0
forge2,2016,1068,7,0
chdagu2,2016,1071,8,0
lyjp2,2016,1073,9,0
ptbran2,2016,1077,10,0
renau2,2016,1078,11,0
broceli1,2016,1079,12,0
mezie2,2016,1081,13,0
tregor4,2016,1082,14,0
mabetto1,2016,1083,15,0
drlaen2,2016,1084,16,1
villj1,3539,465,1,0
idftill2,3539,468,2,0
grquart2,3539,472,3,0
launay1,3539,474,4,0
clivinc2,3539,475,5,0
galgaul2,3539,476,6,0
forge2,3539,477,7,0
chdagu2,3539,480,8,0
lyjp2,3539,482,9,0
ptbran2,3539,486,10,0
renau2,3539,487,11,0
broceli1,3539,488,12,0
mezie2,3539,490,13,0
tregor4,3539,491,14,0
mabetto1,3539,492,15,0
drlaen2,3539,493,16,1
drlaen2,3591,440,1,0
mabetto2,3591,441,2,0
tregor3,3591,442,3,0
mezie1,3591,443,4,0
broceli2,3591,445,5,0
renau1,3591,446,6,0
ptbran1,3591,447,7,0
lyjp1,3591,451,8,0
chdagu1,3591,452,9,0
forge1,3591,456,10,0
galgaul1,3591,457,11,0
clivinc1,3591,458,12,0
launay2,3591,460,13,0
gdquart,3591,461,14,0
idftill1,3591,464,15,0
villj1,3591,468,16,1
drlaen2,3626,700,1,0
mabetto2,3626,701,2,0
tregor3,3626,702,3,0
mezie1,3626,703,4,0
broceli2,3626,704,5,0
renau1,3626,705,6,0
ptbran1,3626,706,7,0
lyjp1,3626,710,8,0
chdagu1,3626,711,9,0
forge1,3626,714,10,0
galgaul1,3626,715,11,0
clivinc1,3626,716,12,0
launay2,3626,718,13,0
gdquart,3626,719,14,0
idftill1,3626,722,15,0
villj1,3626,726,16,1
villj1,3922,1105,1,0
idftill2,3922,1108,2,0
grquart2,3922,1112,3,0
launay1,3922,1114,4,0
clivinc2,3922,1115,5,0
galgaul2,3922,1116,6,0
forge2,3922,1117,7,0
chdagu2,3922,1120,8,0
lyjp2,3922,1121,9,0
ptbran2,3922,1125,10,0
renau2,3922,1126,11,0
broceli1,3922,1127,12,0
mezie2,3922,1129,13,0
tregor4,3922,1130,14,0
mabetto1,3922,1131,15,0
drlaen2,3922,1132,16,1
villj1,3914,1030,1,0
idftill2,3914,1033,2,0
grquart2,3914,1037,3,0
launay1,3914,1039,4,0
clivinc2,3914,1040,5,0
galgaul2,3914,1042,6,0
forge2,3914,1043,7,0
chdagu2,3914,1046,8,0
lyjp2,3914,1048,9,0
ptbran2,3914,1052,10,0
renau2,3914,1053,11,0
broceli1,3914,1054,12,0
mezie2,3914,1056,13,0
tregor4,3914,1057,14,0
mabetto1,3914,1058,15,0
drlaen2,3914,1059,16,1
villj1,3910,955,1,0
idftill2,3910,958,2,0
grquart2,3910,962,3,0
launay1,3910,964,4,0
clivinc2,3910,965,5,0
galgaul2,3910,967,6,0
forge2,3910,968,7,0
chdagu2,3910,971,8,0
lyjp2,3910,973,9,0
ptbran2,3910,977,10,0
renau2,3910,978,11,0
broceli1,3910,979,12,0
mezie2,3910,981,13,0
tregor4,3910,982,14,0
mabetto1,3910,983,15,0
drlaen2,3910,984,16,1
villj1,3152,525,1,0
idftill2,3152,528,2,0
grquart2,3152,532,3,0
launay1,3152,534,4,0
clivinc2,3152,535,5,0
galgaul2,3152,536,6,0
forge2,3152,537,7,0
chdagu2,3152,540,8,0
lyjp2,3152,542,9,0
ptbran2,3152,546,10,0
renau2,3152,547,11,0
broceli1,3152,548,12,0
mezie2,3152,550,13,0
tregor4,3152,551,14,0
mabetto1,3152,552,15,0
drlaen2,3152,553,16,1
villj1,6803,990,1,0
idftill2,6803,993,2,0
grquart2,6803,997,3,0
launay1,6803,999,4,0
clivinc2,6803,1000,5,0
galgaul2,6803,1001,6,0
forge2,6803,1002,7,0
chdagu2,6803,1005,8,0
lyjp2,6803,1007,9,0
ptbran2,6803,1011,10,0
renau2,6803,1012,11,0
broceli1,6803,1013,12,0
mezie2,6803,1015,13,0
tregor4,6803,1016,14,0
mabetto1,6803,1017,15,0
drlaen2,6803,1018,16,1
drlaen2,1889,630,1,0
mabetto2,1889,631,2,0
tregor3,1889,632,3,0
mezie1,1889,633,4,0
broceli2,1889,634,5,0
renau1,1889,635,6,0
ptbran1,1889,636,7,0
lyjp1,1889,640,8,0
chdagu1,1889,641,9,0
forge1,1889,645,10,0
galgaul1,1889,646,11,0
clivinc1,1889,647,12,0
launay2,1889,649,13,0
gdquart,1889,650,14,0
idftill1,1889,653,15,0
villj1,1889,657,16,1
drlaen2,2923,990,1,0
mabetto2,2923,991,2,0
tregor3,2923,992,3,0
mezie1,2923,993,4,0
broceli2,2923,994,5,0
renau1,2923,995,6,0
ptbran1,2923,996,7,0
lyjp1,2923,1000,8,0
chdagu1,2923,1001,9,0
forge1,2923,1005,10,0
galgaul1,2923,1006,11,0
clivinc1,2923,1007,12,0
launay2,2923,1009,13,0
gdquart,2923,1010,14,0
idftill1,2923,1013,15,0
villj1,2923,1017,16,1
villj1,4619,1105,1,0
idftill2,4619,1108,2,0
grquart2,4619,1112,3,0
launay1,4619,1114,4,0
clivinc2,4619,1115,5,0
galgaul2,4619,1116,6,0
forge2,4619,1117,7,0
chdagu2,4619,1120,8,0
lyjp2,4619,1122,9,0
ptbran2,4619,1126,10,0
renau2,4619,1127,11,0
broceli1,4619,1128,12,0
mezie2,4619,1130,13,0
tregor4,4619,1131,14,0
mabetto1,4619,1132,15,0
drlaen2,4619,1133,16,1
villj1,4684,885,1,0
idftill2,4684,888,2,0
grquart2,4684,892,3,0
launay1,4684,894,4,0
clivinc2,4684,895,5,0
galgaul2,4684,897,6,0
forge2,4684,898,7,0
chdagu2,4684,901,8,0
lyjp2,4684,903,9,0
ptbran2,4684,907,10,0
renau2,4684,908,11,0
broceli1,4684,909,12,0
mezie2,4684,911,13,0
tregor4,4684,912,14,0
mabetto1,4684,913,15,0
drlaen2,4684,914,16,1
drlaen2,1716,1125,1,0
mabetto2,1716,1126,2,0
tregor3,1716,1127,3,0
mezie1,1716,1128,4,0
broceli2,1716,1129,5,0
renau1,1716,1130,6,0
ptbran1,1716,1131,7,0
lyjp1,1716,1135,8,0
chdagu1,1716,1136,9,0
forge1,1716,1140,10,0
galgaul1,1716,1141,11,0
clivinc1,1716,1142,12,0
launay2,1716,1144,13,0
gdquart,1716,1145,14,0
idftill1,1716,1148,15,0
villj1,1716,1152,16,1
drlaen2,428,560,1,0
mabetto2,428,561,2,0
tregor3,428,562,3,0
mezie1,428,563,4,0
broceli2,428,564,5,0
renau1,428,565,6,0
ptbran1,428,566,7,0
lyjp1,428,570,8,0
chdagu1,428,571,9,0
forge1,428,575,10,0
galgaul1,428,576,11,0
clivinc1,428,577,12,0
launay2,428,579,13,0
gdquart,428,580,14,0
idftill1,428,583,15,0
villj1,428,587,16,1
drlaen2,4599,1070,1,0
mabetto2,4599,1071,2,0
tregor3,4599,1072,3,0
mezie1,4599,1073,4,0
broceli2,4599,1074,5,0
renau1,4599,1075,6,0
ptbran1,4599,1076,7,0
lyjp1,4599,1080,8,0
chdagu1,4599,1081,9,0
forge1,4599,1085,10,0
galgaul1,4599,1086,11,0
clivinc1,4599,1087,12,0
launay2,4599,1090,13,0
gdquart,4599,1091,14,0
idftill1,4599,1094,15,0
villj1,4599,1098,16,1
lyjp2,2788,740,1,0
ptbran2,2788,744,2,0
renau2,2788,745,3,0
broceli1,2788,746,4,0
mezie2,2788,748,5,0
tregor4,2788,749,6,0
mabetto1,2788,750,7,0
drlaen2,2788,751,8,1
villj1,1680,885,1,0
idftill2,1680,888,2,0
grquart2,1680,892,3,0
launay1,1680,894,4,0
clivinc2,1680,895,5,0
galgaul2,1680,896,6,0
forge2,1680,897,7,0
chdagu2,1680,900,8,0
lyjp2,1680,901,9,0
ptbran2,1680,905,10,0
renau2,1680,906,11,0
broceli1,1680,907,12,0
mezie2,1680,909,13,0
tregor4,1680,910,14,0
mabetto1,1680,911,15,0
drlaen2,1680,912,16,1
lyjp1,4889,740,1,0
chdagu1,4889,741,2,0
forge1,4889,745,3,0
galgaul1,4889,746,4,0
clivinc1,4889,747,5,0
launay2,4889,749,6,0
gdquart,4889,750,7,0
idftill1,4889,753,8,0
villj1,4889,757,9,1
drlaen2,6944,420,1,0
mabetto2,6944,421,2,0
tregor3,6944,422,3,0
mezie1,6944,423,4,0
broceli2,6944,425,5,0
renau1,6944,426,6,0
ptbran1,6944,427,7,0
lyjp1,6944,431,8,0
chdagu1,6944,432,9,0
forge1,6944,436,10,0
galgaul1,6944,437,11,0
clivinc1,6944,438,12,0
launay2,6944,440,13,0
gdquart,6944,441,14,0
idftill1,6944,444,15,0
villj1,6944,448,16,1
villj1,1478,955,1,0
idftill2,1478,958,2,0
grquart2,1478,962,3,0
launay1,1478,964,4,0
clivinc2,1478,965,5,0
galgaul2,1478,966,6,0
forge2,1478,967,7,0
chdagu2,1478,970,8,0
lyjp2,1478,972,9,0
ptbran2,1478,976,10,0
renau2,1478,977,11,0
broceli1,1478,978,12,0
mezie2,1478,980,13,0
tregor4,1478,981,14,0
mabetto1,1478,982,15,0
drlaen2,1478,983,16,1
drlaen2,1461,470,1,0
mabetto2,1461,471,2,0
tregor3,1461,472,3,0
mezie1,1461,473,4,0
broceli2,1461,475,5,0
renau1,1461,476,6,0
ptbran1,1461,477,7,0
lyjp1,1461,481,8,0
chdagu1,1461,482,9,0
forge1,1461,486,10,0
galgaul1,1461,487,11,0
clivinc1,1461,488,12,0
launay2,1461,490,13,0
gdquart,1461,491,14,0
idftill1,1461,494,15,0
villj1,1461,498,16,1
drlaen2,1379,1045,1,0
mabetto2,1379,1046,2,0
tregor3,1379,1047,3,0
mezie1,1379,1048,4,0
broceli2,1379,1049,5,0
renau1,1379,1050,6,0
ptbran1,1379,1051,7,0
lyjp1,1379,1055,8,0
chdagu1,1379,1056,9,0
forge1,1379,1060,10,0
galgaul1,1379,1061,11,0
clivinc1,1379,1062,12,0
launay2,1379,1065,13,0
gdquart,1379,1066,14,0
idftill1,1379,1069,15,0
villj1,1379,1073,16,1
drlaen2,1339,560,1,0
mabetto2,1339,561,2,0
tregor3,1339,562,3,0
mezie1,1339,563,4,0
broceli2,1339,564,5,0
renau1,1339,565,6,0
ptbran1,1339,566,7,0
lyjp1,1339,570,8,0
chdagu1,1339,571,9,0
forge1,1339,574,10,0
galgaul1,1339,575,11,0
clivinc1,1339,576,12,0
launay2,1339,578,13,0
gdquart,1339,579,14,0
idftill1,1339,582,15,0
villj1,1339,586,16,1
villj1,819,1135,1,0
idftill2,819,1138,2,0
grquart2,819,1142,3,0
launay1,819,1144,4,0
clivinc2,819,1145,5,0
galgaul2,819,1146,6,0
forge2,819,1147,7,0
chdagu2,819,1150,8,0
lyjp2,819,1151,9,0
ptbran2,819,1155,10,0
renau2,819,1156,11,0
broceli1,819,1157,12,0
mezie2,819,1159,13,0
tregor4,819,1160,14,0
mabetto1,819,1161,15,0
drlaen2,819,1162,16,1
drlaen2,862,920,1,0
mabetto2,862,921,2,0
tregor3,862,922,3,0
mezie1,862,923,4,0
broceli2,862,924,5,0
renau1,862,925,6,0
ptbran1,862,926,7,0
lyjp1,862,930,8,0
chdagu1,862,931,9,0
forge1,862,935,10,0
galgaul1,862,936,11,0
clivinc1,862,937,12,0
launay2,862,940,13,0
gdquart,862,941,14,0
idftill1,862,944,15,0
villj1,862,948,16,1
drlaen2,897,780,1,0
mabetto2,897,781,2,0
tregor3,897,782,3,0
mezie1,897,783,4,0
broceli2,897,784,5,0
renau1,897,785,6,0
ptbran1,897,786,7,0
lyjp1,897,790,8,0
chdagu1,897,791,9,0
forge1,897,795,10,0
galgaul1,897,796,11,0
clivinc1,897,797,12,0
launay2,897,799,13,0
gdquart,897,800,14,0
idftill1,897,803,15,0
villj1,897,807,16,1
villj1,2418,490,1,0
idftill2,2418,493,2,0
grquart2,2418,497,3,0
launay1,2418,499,4,0
clivinc2,2418,500,5,0
galgaul2,2418,501,6,0
forge2,2418,502,7,0
chdagu2,2418,505,8,0
lyjp2,2418,507,9,0
ptbran2,2418,511,10,0
renau2,2418,512,11,0
broceli1,2418,513,12,0
mezie2,2418,515,13,0
tregor4,2418,516,14,0
mabetto1,2418,517,15,0
drlaen2,2418,518,16,1
drlaen2,2355,780,1,0
mabetto2,2355,781,2,0
tregor3,2355,782,3,0
mezie1,2355,783,4,0
broceli2,2355,784,5,0
renau1,2355,785,6,0
ptbran1,2355,786,7,0
lyjp1,2355,790,8,0
chdagu1,2355,791,9,0
forge1,2355,794,10,0
galgaul1,2355,795,11,0
clivinc1,2355,796,12,0
launay2,2355,798,13,0
gdquart,2355,799,14,0
idftill1,2355,802,15,0
villj1,2355,806,16,1
drlaen2,2698,500,1,0
mabetto2,2698,501,2,0
tregor3,2698,502,3,0
mezie1,2698,503,4,0
broceli2,2698,505,5,0
renau1,2698,506,6,0
ptbran1,2698,507,7,0
lyjp1,2698,511,8,0
chdagu1,2698,512,9,0
forge1,2698,516,10,0
galgaul1,2698,517,11,0
clivinc1,2698,518,12,0
launay2,2698,520,13,0
gdquart,2698,521,14,0
idftill1,2698,524,15,0
villj1,2698,528,16,1
villj1,1124,1165,1,0
idftill2,1124,1168,2,0
grquart2,1124,1172,3,0
launay1,1124,1174,4,0
clivinc2,1124,1175,5,0
galgaul2,1124,1176,6,0
forge2,1124,1177,7,0
chdagu2,1124,1180,8,0
lyjp2,1124,1181,9,0
ptbran2,1124,1185,10,0
renau2,1124,1186,11,0
broceli1,1124,1187,12,0
mezie2,1124,1189,13,0
tregor4,1124,1190,14,0
mabetto1,1124,1191,15,0
drlaen2,1124,1192,16,1
villj1,1158,815,1,0
idftill2,1158,818,2,0
grquart2,1158,822,3,0
launay1,1158,824,4,0
clivinc2,1158,825,5,0
galgaul2,1158,826,6,0
forge2,1158,827,7,0
chdagu2,1158,830,8,0
lyjp2,1158,831,9,0
ptbran2,1158,835,10,0
renau2,1158,836,11,0
broceli1,1158,837,12,0
mezie2,1158,839,13,0
tregor4,1158,840,14,0
mabetto1,1158,841,15,0
drlaen2,1158,842,16,1
drlaen2,664,700,1,0
mabetto2,664,701,2,0
tregor3,664,702,3,0
mezie1,664,703,4,0
broceli2,664,704,5,0
renau1,664,705,6,0
ptbran1,664,706,7,0
lyjp1,664,710,8,0
chdagu1,664,711,9,0
forge1,664,715,10,0
galgaul1,664,716,11,0
clivinc1,664,717,12,0
launay2,664,719,13,0
gdquart,664,720,14,0
idftill1,664,723,15,0
villj1,664,727,16,1
drlaen2,1075,990,1,0
mabetto2,1075,991,2,0
tregor3,1075,992,3,0
mezie1,1075,993,4,0
broceli2,1075,994,5,0
renau1,1075,995,6,0
ptbran1,1075,996,7,0
lyjp1,1075,1000,8,0
chdagu1,1075,1001,9,0
forge1,1075,1005,10,0
galgaul1,1075,1006,11,0
clivinc1,1075,1007,12,0
launay2,1075,1010,13,0
gdquart,1075,1011,14,0
idftill1,1075,1014,15,0
villj1,1075,1018,16,1
drlaen2,4375,920,1,0
mabetto2,4375,921,2,0
tregor3,4375,922,3,0
mezie1,4375,923,4,0
broceli2,4375,924,5,0
renau1,4375,925,6,0
ptbran1,4375,926,7,0
lyjp1,4375,930,8,0
chdagu1,4375,931,9,0
forge1,4375,935,10,0
galgaul1,4375,936,11,0
clivinc1,4375,937,12,0
launay2,4375,939,13,0
gdquart,4375,940,14,0
idftill1,4375,943,15,0
villj1,4375,947,16,1
villj1,1064,735,1,0
idftill2,1064,738,2,0
grquart2,1064,742,3,0
launay1,1064,744,4,0
clivinc2,1064,745,5,0
galgaul2,1064,746,6,0
forge2,1064,747,7,0
chdagu2,1064,750,8,0
lyjp2,1064,751,9,0
ptbran2,1064,755,10,0
renau2,1064,756,11,0
broceli1,1064,757,12,0
mezie2,1064,759,13,0
tregor4,1064,760,14,0
mabetto1,1064,761,15,0
drlaen2,1064,762,16,1
drlaen2,2585,1095,1,0
mabetto2,2585,1096,2,0
tregor3,2585,1097,3,0
mezie1,2585,1098,4,0
broceli2,2585,1099,5,0
renau1,2585,1100,6,0
ptbran1,2585,1101,7,0
lyjp1,2585,1105,8,0
chdagu1,2585,1106,9,0
forge1,2585,1110,10,0
galgaul1,2585,1111,11,0
clivinc1,2585,1112,12,0
launay2,2585,1114,13,0
gdquart,2585,1115,14,0
idftill1,2585,1118,15,0
villj1,2585,1122,16,1
drlaen2,2548,850,1,0
mabetto2,2548,851,2,0
tregor3,2548,852,3,0
mezie1,2548,853,4,0
broceli2,2548,854,5,0
renau1,2548,855,6,0
ptbran1,2548,856,7,0
lyjp1,2548,860,8,0
chdagu1,2548,861,9,0
forge1,2548,865,10,0
galgaul1,2548,866,11,0
clivinc1,2548,867,12,0
launay2,2548,869,13,0
gdquart,2548,870,14,0
idftill1,2548,873,15,0
villj1,2548,877,16,1
villj1,5427,665,1,0
idftill2,5427,668,2,0
grquart2,5427,672,3,0
launay1,5427,674,4,0
clivinc2,5427,675,5,0
galgaul2,5427,676,6,0
forge2,5427,677,7,0
chdagu2,5427,680,8,0
lyjp2,5427,681,9,0
ptbran2,5427,685,10,0
renau2,5427,686,11,0
broceli1,5427,687,12,0
mezie2,5427,689,13,0
tregor4,5427,690,14,0
mabetto1,5427,691,15,0
drlaen2,5427,692,16,1
drlaen2,5486,630,1,0
mabetto2,5486,631,2,0
tregor3,5486,632,3,0
mezie1,5486,633,4,0
broceli2,5486,634,5,0
renau1,5486,635,6,0
ptbran1,5486,636,7,0
lyjp1,5486,640,8,0
chdagu1,5486,641,9,0
forge1,5486,644,10,0
galgaul1,5486,645,11,0
clivinc1,5486,646,12,0
launay2,5486,648,13,0
gdquart,5486,649,14,0
idftill1,5486,652,15,0
villj1,5486,656,16,1
drlaen2,5323,530,1,0
mabetto2,5323,531,2,0
tregor3,5323,532,3,0
mezie1,5323,533,4,0
broceli2,5323,535,5,0
renau1,5323,536,6,0
ptbran1,5323,537,7,0
lyjp1,5323,541,8,0
chdagu1,5323,542,9,0
forge1,5323,546,10,0
galgaul1,5323,547,11,0
clivinc1,5323,548,12,0
launay2,5323,550,13,0
gdquart,5323,551,14,0
idftill1,5323,554,15,0
villj1,5323,558,16,1
villj1,6274,1090,1,0
idftill2,6274,1093,2,0
grquart2,6274,1097,3,0
launay1,6274,1099,4,0
clivinc2,6274,1100,5,0
galgaul2,6274,1101,6,0
forge2,6274,1102,7,0
chdagu2,6274,1105,8,0
lyjp2,6274,1107,9,0
ptbran2,6274,1111,10,0
renau2,6274,1112,11,0
broceli1,6274,1113,12,0
mezie2,6274,1115,13,0
tregor4,6274,1116,14,0
mabetto1,6274,1117,15,0
drlaen2,6274,1118,16,1
villj1,4048,590,1,0
idftill2,4048,593,2,0
grquart2,4048,597,3,0
launay1,4048,599,4,0
clivinc2,4048,600,5,0
galgaul2,4048,601,6,0
forge2,4048,602,7,0
chdagu2,4048,605,8,0
lyjp2,4048,606,9,0
ptbran2,4048,610,10,0
renau2,4048,611,11,0
broceli1,4048,612,12,0
mezie2,4048,614,13,0
tregor4,4048,615,14,0
mabetto1,4048,616,15,0
drlaen2,4048,617,16,1
