arret_id,trajet_id,heure_depart,stop_sequence,terminus
frevi02,1821,990,1,0
triangl2,1821,994,2,0
hilbint2,1821,997,3,0
beaunoy2,1821,999,4,0
maillan2,1821,1000,5,0
cxfleu2,1821,1001,6,0
ptesaud2,1821,1003,7,0
polynoy2,1821,1004,8,0
cennoch2,1821,1005,9,0
duannno2,1821,1007,10,0
molene2,1821,1008,11,0
pontno2,1821,1009,12,0
coteaux2,1821,1010,13,0
brayno2,1821,1011,14,0
leuzier2,1821,1012,15,0
chmulon2,1821,1013,16,0
feval1,1821,1015,17,0
gilois2,1821,1016,18,0
stem2,1821,1017,19,1
stem1,2954,650,1,0
gilois1,2954,650,2,0
feval2,2954,651,3,0
chmulon1,2954,653,4,0
leuzier1,2954,654,5,0
brayno1,2954,655,6,0
coteaux1,2954,656,7,0
pontno1,2954,657,8,0
molene1,2954,658,9,0
duanno1,2954,659,10,0
cennoch1,2954,661,11,0
polynoy1,2954,662,12,0
ptesaud1,2954,663,13,0
cxfleu1,2954,665,14,0
maillan1,2954,666,15,0
beaunoy1,2954,667,16,0
hilbint1,2954,669,17,0
triangl1,2954,671,18,0
frevi02,2954,674,19,1
stem1,2943,1000,1,0
gilois1,2943,1001,2,0
feval2,2943,1001,3,0
chmulon1,2943,1004,4,0
leuzier1,2943,1005,5,0
brayno1,2943,1006,6,0
coteaux1,2943,1007,7,0
pontno1,2943,1008,8,0
molene1,2943,1010,9,0
duanno1,2943,1011,10,0
cennoch1,2943,1013,11,0
polynoy1,2943,1014,12,0
ptesaud1,2943,1015,13,0
cxfleu1,2943,1017,14,0
maillan1,2943,1018,15,0
beaunoy1,2943,1019,16,0
hilbint1,2943,1021,17,0
triangl1,2943,1023,18,0
frevi02,2943,1026,19,1
stem1,1838,560,1,0
gilois1,1838,560,2,0
feval2,1838,561,3,0
chmulon1,1838,563,4,0
leuzier1,1838,564,5,0
brayno1,1838,565,6,0
coteaux1,1838,566,7,0
pontno1,1838,567,8,0
molene1,1838,568,9,0
duanno1,1838,569,10,0
cennoch1,1838,571,11,0
polynoy1,1838,572,12,0
ptesaud1,1838,573,13,0
cxfleu1,1838,575,14,0
maillan1,1838,576,15,0
beaunoy1,1838,577,16,0
hilbint1,1838,579,17,0
triangl1,1838,581,18,0
frevi02,1838,584,19,1
frevi02,561,1130,1,0
triangl2,561,1134,2,0
hilbint2,561,1136,3,0
beaunoy2,561,1138,4,0
maillan2,561,1138,5,0
cxfleu2,561,1140,6,0
ptesaud2,561,1141,7,0
polynoy2,561,1142,8,0
cennoch2,561,1143,9,0
duannno2,561,1145,10,0
molene2,561,1146,11,0
pontno2,561,1147,12,0
coteaux2,561,1148,13,0
brayno2,561,1149,14,0
leuzier2,561,1150,15,0
chmulon2,561,1151,16,0
feval1,561,1153,17,0
gilois2,561,1153,18,0
stem2,561,1154,19,1
frevi02,4708,530,1,0
triangl2,4708,534,2,0
hilbint2,4708,536,3,0
beaunoy2,4708,538,4,0
maillan2,4708,538,5,0
cxfleu2,4708,540,6,0
ptesaud2,4708,541,7,0
polynoy2,4708,542,8,0
cennoch2,4708,543,9,0
duannno2,4708,545,10,0
molene2,4708,546,11,0
pontno2,4708,547,12,0
coteaux2,4708,548,13,0
brayno2,4708,549,14,0
leuzier2,4708,550,15,0
chmulon2,4708,551,16,0
feval1,4708,553,17,0
gilois2,4708,553,18,0
stem2,4708,554,19,1
stem1,1884,1040,1,0
gilois1,1884,1041,2,0
feval2,1884,1041,3,0
chmulon1,1884,1044,4,0
leuzier1,1884,1045,5,0
brayno1,1884,1046,6,0
coteaux1,1884,1047,7,0
pontno1,1884,1048,8,0
molene1,1884,1050,9,0
duanno1,1884,1051,10,0
cennoch1,1884,1053,11,0
polynoy1,1884,1054,12,0
ptesaud1,1884,1055,13,0
cxfleu1,1884,1057,14,0
maillan1,1884,1058,15,0
beaunoy1,1884,1059,16,0
hilbint1,1884,1061,17,0
triangl1,1884,1063,18,0
frevi02,1884,1066,19,1
stem1,4613,860,1,0
gilois1,4613,860,2,0
feval2,4613,861,3,0
chmulon1,4613,863,4,0
leuzier1,4613,864,5,0
brayno1,4613,865,6,0
coteaux1,4613,866,7,0
pontno1,4613,867,8,0
molene1,4613,868,9,0
duanno1,4613,869,10,0
cennoch1,4613,871,11,0
polynoy1,4613,872,12,0
ptesaud1,4613,873,13,0
cxfleu1,4613,875,14,0
maillan1,4613,876,15,0
beaunoy1,4613,877,16,0
hilbint1,4613,879,17,0
triangl1,4613,881,18,0
frevi02,4613,884,19,1
frevi02,1722,1010,1,0
triangl2,1722,1014,2,0
hilbint2,1722,1017,3,0
beaunoy2,1722,1019,4,0
maillan2,1722,1020,5,0
cxfleu2,1722,1021,6,0
ptesaud2,1722,1023,7,0
polynoy2,1722,1024,8,0
cennoch2,1722,1025,9,0
duannno2,1722,1027,10,0
molene2,1722,1028,11,0
pontno2,1722,1029,12,0
coteaux2,1722,1030,13,0
brayno2,1722,1031,14,0
leuzier2,1722,1032,15,0
chmulon2,1722,1033,16,0
feval1,1722,1035,17,0
gilois2,1722,1036,18,0
stem2,1722,1037,19,1
frevi02,2840,1050,1,0
triangl2,2840,1054,2,0
hilbint2,2840,1057,3,0
beaunoy2,2840,1059,4,0
maillan2,2840,1060,5,0
cxfleu2,2840,1061,6,0
ptesaud2,2840,1063,7,0
polynoy2,2840,1064,8,0
cennoch2,2840,1065,9,0
duannno2,2840,1067,10,0
molene2,2840,1068,11,0
pontno2,2840,1069,12,0
coteaux2,2840,1070,13,0
brayno2,2840,1071,14,0
leuzier2,2840,1072,15,0
chmulon2,2840,1073,16,0
feval1,2840,1075,17,0
gilois2,2840,1076,18,0
stem2,2840,1077,19,1
stem1,417,800,1,0
gilois1,417,800,2,0
feval2,417,801,3,0
chmulon1,417,803,4,0
leuzier1,417,804,5,0
brayno1,417,805,6,0
coteaux1,417,806,7,0
pontno1,417,807,8,0
molene1,417,808,9,0
duanno1,417,809,10,0
cennoch1,417,811,11,0
polynoy1,417,812,12,0
ptesaud1,417,813,13,0
cxfleu1,417,815,14,0
maillan1,417,816,15,0
beaunoy1,417,817,16,0
hilbint1,417,819,17,0
triangl1,417,821,18,0
frevi02,417,824,19,1
stem1,2837,1130,1,0
gilois1,2837,1130,2,0
feval2,2837,1131,3,0
chmulon1,2837,1133,4,0
leuzier1,2837,1134,5,0
brayno1,2837,1135,6,0
coteaux1,2837,1136,7,0
pontno1,2837,1137,8,0
molene1,2837,1138,9,0
duanno1,2837,1139,10,0
cennoch1,2837,1141,11,0
polynoy1,2837,1142,12,0
ptesaud1,2837,1143,13,0
cxfleu1,2837,1145,14,0
maillan1,2837,1146,15,0
beaunoy1,2837,1147,16,0
hilbint1,2837,1149,17,0
triangl1,2837,1151,18,0
frevi02,2837,1154,19,1
frevi02,436,1190,1,0
triangl2,436,1194,2,0
hilbint2,436,1196,3,0
beaunoy2,436,1197,4,0
maillan2,436,1198,5,0
cxfleu2,436,1199,6,0
ptesaud2,436,1200,7,0
polynoy2,436,1201,8,0
cennoch2,436,1202,9,0
duannno2,436,1204,10,0
molene2,436,1205,11,0
pontno2,436,1206,12,0
coteaux2,436,1207,13,0
brayno2,436,1208,14,0
leuzier2,436,1209,15,0
chmulon2,436,1210,16,0
feval1,436,1212,17,0
gilois2,436,1212,18,0
stem2,436,1213,19,1
frevi02,1794,480,1,0
triangl2,1794,484,2,0
hilbint2,1794,487,3,0
beaunoy2,1794,489,4,0
maillan2,1794,489,5,0
cxfleu2,1794,491,6,0
ptesaud2,1794,492,7,0
polynoy2,1794,493,8,0
cennoch2,1794,494,9,0
duannno2,1794,496,10,0
molene2,1794,497,11,0
pontno2,1794,498,12,0
coteaux2,1794,499,13,0
brayno2,1794,500,14,0
leuzier2,1794,501,15,0
chmulon2,1794,502,16,0
feval1,1794,504,17,0
gilois2,1794,504,18,0
stem2,1794,505,19,1
stem1,13,1010,1,0
gilois1,13,1010,2,0
feval2,13,1011,3,0
chmulon1,13,1013,4,0
leuzier1,13,1014,5,0
brayno1,13,1015,6,0
coteaux1,13,1016,7,0
pontno1,13,1017,8,0
molene1,13,1018,9,0
duanno1,13,1019,10,0
cennoch1,13,1021,11,0
polynoy1,13,1022,12,0
ptesaud1,13,1023,13,0
cxfleu1,13,1025,14,0
maillan1,13,1026,15,0
beaunoy1,13,1027,16,0
hilbint1,13,1029,17,0
triangl1,13,1031,18,0
frevi02,13,1034,19,1
frevi02,4568,1090,1,0
triangl2,4568,1094,2,0
hilbint2,4568,1097,3,0
beaunoy2,4568,1099,4,0
maillan2,4568,1100,5,0
cxfleu2,4568,1101,6,0
ptesaud2,4568,1103,7,0
polynoy2,4568,1104,8,0
cennoch2,4568,1105,9,0
duannno2,4568,1107,10,0
molene2,4568,1108,11,0
pontno2,4568,1109,12,0
coteaux2,4568,1110,13,0
brayno2,4568,1111,14,0
leuzier2,4568,1112,15,0
chmulon2,4568,1113,16,0
feval1,4568,1115,17,0
gilois2,4568,1115,18,0
stem2,4568,1116,19,1
stem1,4927,500,1,0
gilois1,4927,500,2,0
feval2,4927,501,3,0
chmulon1,4927,503,4,0
leuzier1,4927,504,5,0
brayno1,4927,505,6,0
coteaux1,4927,506,7,0
pontno1,4927,507,8,0
molene1,4927,508,9,0
duanno1,4927,509,10,0
cennoch1,4927,511,11,0
polynoy1,4927,512,12,0
ptesaud1,4927,513,13,0
cxfleu1,4927,515,14,0
maillan1,4927,516,15,0
beaunoy1,4927,517,16,0
hilbint1,4927,519,17,0
triangl1,4927,521,18,0
frevi02,4927,524,19,1
frevi02,4945,1040,1,0
triangl2,4945,1044,2,0
hilbint2,4945,1046,3,0
beaunoy2,4945,1048,4,0
maillan2,4945,1048,5,0
cxfleu2,4945,1050,6,0
ptesaud2,4945,1051,7,0
polynoy2,4945,1052,8,0
cennoch2,4945,1053,9,0
duannno2,4945,1055,10,0
molene2,4945,1056,11,0
pontno2,4945,1057,12,0
coteaux2,4945,1058,13,0
brayno2,4945,1059,14,0
leuzier2,4945,1060,15,0
chmulon2,4945,1061,16,0
feval1,4945,1063,17,0
gilois2,4945,1063,18,0
stem2,4945,1064,19,1
stem1,1671,1190,1,0
gilois1,1671,1190,2,0
feval2,1671,1191,3,0
chmulon1,1671,1193,4,0
leuzier1,1671,1194,5,0
brayno1,1671,1195,6,0
coteaux1,1671,1196,7,0
pontno1,1671,1197,8,0
molene1,1671,1199,9,0
duanno1,1671,1200,10,0
cennoch1,1671,1202,11,0
polynoy1,1671,1203,12,0
ptesaud1,1671,1204,13,0
cxfleu1,1671,1206,14,0
maillan1,1671,1207,15,0
beaunoy1,1671,1207,16,0
hilbint1,1671,1209,17,0
triangl1,1671,1211,18,0
frevi02,1671,1214,19,1
frevi02,1595,650,1,0
triangl2,1595,654,2,0
hilbint2,1595,656,3,0
beaunoy2,1595,658,4,0
maillan2,1595,658,5,0
cxfleu2,1595,660,6,0
ptesaud2,1595,661,7,0
polynoy2,1595,662,8,0
cennoch2,1595,663,9,0
duannno2,1595,665,10,0
molene2,1595,666,11,0
pontno2,1595,667,12,0
coteaux2,1595,668,13,0
brayno2,1595,669,14,0
leuzier2,1595,670,15,0
chmulon2,1595,671,16,0
feval1,1595,673,17,0
gilois2,1595,673,18,0
stem2,1595,674,19,1
stem1,390,980,1,0
gilois1,390,981,2,0
feval2,390,981,3,0
chmulon1,390,984,4,0
leuzier1,390,985,5,0
brayno1,390,986,6,0
coteaux1,390,987,7,0
pontno1,390,988,8,0
molene1,390,990,9,0
duanno1,390,991,10,0
cennoch1,390,993,11,0
polynoy1,390,994,12,0
ptesaud1,390,995,13,0
cxfleu1,390,997,14,0
maillan1,390,998,15,0
beaunoy1,390,999,16,0
hilbint1,390,1001,17,0
triangl1,390,1003,18,0
frevi02,390,1006,19,1
frevi02,1561,1250,1,0
triangl2,1561,1254,2,0
hilbint2,1561,1256,3,0
beaunoy2,1561,1258,4,0
maillan2,1561,1258,5,0
cxfleu2,1561,1260,6,0
ptesaud2,1561,1261,7,0
polynoy2,1561,1262,8,0
cennoch2,1561,1263,9,0
duannno2,1561,1265,10,0
molene2,1561,1266,11,0
pontno2,1561,1267,12,0
coteaux2,1561,1268,13,0
brayno2,1561,1269,14,0
leuzier2,1561,1270,15,0
chmulon2,1561,1271,16,0
feval1,1561,1273,17,0
gilois2,1561,1273,18,0
stem2,1561,1274,19,1
frevi02,288,860,1,0
triangl2,288,864,2,0
hilbint2,288,866,3,0
beaunoy2,288,868,4,0
maillan2,288,868,5,0
cxfleu2,288,870,6,0
ptesaud2,288,871,7,0
polynoy2,288,872,8,0
cennoch2,288,873,9,0
duannno2,288,875,10,0
molene2,288,876,11,0
pontno2,288,877,12,0
coteaux2,288,878,13,0
brayno2,288,879,14,0
leuzier2,288,880,15,0
chmulon2,288,881,16,0
feval1,288,883,17,0
gilois2,288,883,18,0
stem2,288,884,19,1
stem1,295,770,1,0
gilois1,295,770,2,0
feval2,295,771,3,0
chmulon1,295,773,4,0
leuzier1,295,774,5,0
brayno1,295,775,6,0
coteaux1,295,776,7,0
pontno1,295,777,8,0
molene1,295,778,9,0
duanno1,295,779,10,0
cennoch1,295,781,11,0
polynoy1,295,782,12,0
ptesaud1,295,783,13,0
cxfleu1,295,785,14,0
maillan1,295,786,15,0
beaunoy1,295,787,16,0
hilbint1,295,789,17,0
triangl1,295,791,18,0
frevi02,295,794,19,1
frevi02,948,1100,1,0
triangl2,948,1104,2,0
hilbint2,948,1106,3,0
beaunoy2,948,1108,4,0
maillan2,948,1108,5,0
cxfleu2,948,1110,6,0
ptesaud2,948,1111,7,0
polynoy2,948,1112,8,0
cennoch2,948,1113,9,0
duannno2,948,1115,10,0
molene2,948,1116,11,0
pontno2,948,1117,12,0
coteaux2,948,1118,13,0
brayno2,948,1119,14,0
leuzier2,948,1120,15,0
chmulon2,948,1121,16,0
feval1,948,1123,17,0
gilois2,948,1123,18,0
stem2,948,1124,19,1
stem1,954,1120,1,0
gilois1,954,1120,2,0
feval2,954,1121,3,0
chmulon1,954,1123,4,0
leuzier1,954,1124,5,0
brayno1,954,1125,6,0
coteaux1,954,1126,7,0
pontno1,954,1127,8,0
molene1,954,1129,9,0
duanno1,954,1130,10,0
cennoch1,954,1132,11,0
polynoy1,954,1133,12,0
ptesaud1,954,1134,13,0
cxfleu1,954,1136,14,0
maillan1,954,1137,15,0
beaunoy1,954,1138,16,0
hilbint1,954,1140,17,0
triangl1,954,1142,18,0
frevi02,954,1145,19,1
stem1,951,1100,1,0
gilois1,951,1100,2,0
feval2,951,1101,3,0
chmulon1,951,1103,4,0
leuzier1,951,1104,5,0
brayno1,951,1105,6,0
coteaux1,951,1106,7,0
pontno1,951,1107,8,0
molene1,951,1108,9,0
duanno1,951,1109,10,0
cennoch1,951,1111,11,0
polynoy1,951,1112,12,0
ptesaud1,951,1113,13,0
cxfleu1,951,1115,14,0
maillan1,951,1116,15,0
beaunoy1,951,1117,16,0
hilbint1,951,1119,17,0
triangl1,951,1121,18,0
frevi02,951,1124,19,1
frevi02,2424,1030,1,0
triangl2,2424,1034,2,0
hilbint2,2424,1037,3,0
beaunoy2,2424,1039,4,0
maillan2,2424,1040,5,0
cxfleu2,2424,1041,6,0
ptesaud2,2424,1043,7,0
polynoy2,2424,1044,8,0
cennoch2,2424,1045,9,0
duannno2,2424,1047,10,0
molene2,2424,1048,11,0
pontno2,2424,1049,12,0
coteaux2,2424,1050,13,0
brayno2,2424,1051,14,0
leuzier2,2424,1052,15,0
chmulon2,2424,1053,16,0
feval1,2424,1055,17,0
gilois2,2424,1056,18,0
stem2,2424,1057,19,1
frevi02,2455,1220,1,0
triangl2,2455,1224,2,0
hilbint2,2455,1226,3,0
beaunoy2,2455,1227,4,0
maillan2,2455,1228,5,0
cxfleu2,2455,1229,6,0
ptesaud2,2455,1230,7,0
polynoy2,2455,1231,8,0
cennoch2,2455,1232,9,0
duannno2,2455,1234,10,0
molene2,2455,1235,11,0
pontno2,2455,1236,12,0
coteaux2,2455,1237,13,0
brayno2,2455,1238,14,0
leuzier2,2455,1239,15,0
chmulon2,2455,1240,16,0
feval1,2455,1242,17,0
gilois2,2455,1242,18,0
stem2,2455,1243,19,1
stem1,2447,530,1,0
gilois1,2447,531,2,0
feval2,2447,531,3,0
chmulon1,2447,534,4,0
leuzier1,2447,535,5,0
brayno1,2447,536,6,0
coteaux1,2447,537,7,0
pontno1,2447,538,8,0
molene1,2447,539,9,0
duanno1,2447,540,10,0
cennoch1,2447,542,11,0
polynoy1,2447,543,12,0
ptesaud1,2447,544,13,0
cxfleu1,2447,546,14,0
maillan1,2447,547,15,0
beaunoy1,2447,548,16,0
hilbint1,2447,550,17,0
triangl1,2447,552,18,0
frevi02,2447,555,19,1
frevi02,2481,560,1,0
triangl2,2481,564,2,0
hilbint2,2481,566,3,0
beaunoy2,2481,568,4,0
maillan2,2481,568,5,0
cxfleu2,2481,570,6,0
ptesaud2,2481,571,7,0
polynoy2,2481,572,8,0
cennoch2,2481,573,9,0
duannno2,2481,575,10,0
molene2,2481,576,11,0
pontno2,2481,577,12,0
coteaux2,2481,578,13,0
brayno2,2481,579,14,0
leuzier2,2481,580,15,0
chmulon2,2481,581,16,0
feval1,2481,583,17,0
gilois2,2481,583,18,0
stem2,2481,584,19,1
frevi02,1386,710,1,0
triangl2,1386,714,2,0
hilbint2,1386,716,3,0
beaunoy2,1386,718,4,0
maillan2,1386,718,5,0
cxfleu2,1386,720,6,0
ptesaud2,1386,721,7,0
polynoy2,1386,722,8,0
cennoch2,1386,723,9,0
duannno2,1386,725,10,0
molene2,1386,726,11,0
pontno2,1386,727,12,0
coteaux2,1386,728,13,0
brayno2,1386,729,14,0
leuzier2,1386,730,15,0
chmulon2,1386,731,16,0
feval1,1386,733,17,0
gilois2,1386,733,18,0
stem2,1386,734,19,1
stem1,874,1020,1,0
gilois1,874,1021,2,0
feval2,874,1021,3,0
chmulon1,874,1024,4,0
leuzier1,874,1025,5,0
brayno1,874,1026,6,0
coteaux1,874,1027,7,0
pontno1,874,1028,8,0
molene1,874,1030,9,0
duanno1,874,1031,10,0
cennoch1,874,1033,11,0
polynoy1,874,1034,12,0
ptesaud1,874,1035,13,0
cxfleu1,874,1037,14,0
maillan1,874,1038,15,0
beaunoy1,874,1039,16,0
hilbint1,874,1041,17,0
triangl1,874,1043,18,0
frevi02,874,1046,19,1
frevi02,4169,590,1,0
triangl2,4169,594,2,0
hilbint2,4169,596,3,0
beaunoy2,4169,598,4,0
maillan2,4169,598,5,0
cxfleu2,4169,600,6,0
ptesaud2,4169,601,7,0
polynoy2,4169,602,8,0
cennoch2,4169,603,9,0
duannno2,4169,605,10,0
molene2,4169,606,11,0
pontno2,4169,607,12,0
coteaux2,4169,608,13,0
brayno2,4169,609,14,0
leuzier2,4169,610,15,0
chmulon2,4169,611,16,0
feval1,4169,613,17,0
gilois2,4169,613,18,0
stem2,4169,614,19,1
stem1,894,590,1,0
gilois1,894,590,2,0
feval2,894,591,3,0
chmulon1,894,593,4,0
leuzier1,894,594,5,0
brayno1,894,595,6,0
coteaux1,894,596,7,0
pontno1,894,597,8,0
molene1,894,598,9,0
duanno1,894,599,10,0
cennoch1,894,601,11,0
polynoy1,894,602,12,0
ptesaud1,894,603,13,0
cxfleu1,894,605,14,0
maillan1,894,606,15,0
beaunoy1,894,607,16,0
hilbint1,894,609,17,0
triangl1,894,611,18,0
frevi02,894,614,19,1
stem1,2409,490,1,0
gilois1,2409,491,2,0
feval2,2409,491,3,0
chmulon1,2409,494,4,0
leuzier1,2409,495,5,0
brayno1,2409,496,6,0
coteaux1,2409,497,7,0
pontno1,2409,498,8,0
molene1,2409,500,9,0
duanno1,2409,501,10,0
cennoch1,2409,503,11,0
polynoy1,2409,504,12,0
ptesaud1,2409,505,13,0
cxfleu1,2409,507,14,0
maillan1,2409,508,15,0
beaunoy1,2409,509,16,0
hilbint1,2409,511,17,0
triangl1,2409,514,18,0
frevi02,2409,517,19,1
stem1,4105,830,1,0
gilois1,4105,830,2,0
feval2,4105,831,3,0
chmulon1,4105,833,4,0
leuzier1,4105,834,5,0
brayno1,4105,835,6,0
coteaux1,4105,836,7,0
pontno1,4105,837,8,0
molene1,4105,838,9,0
duanno1,4105,839,10,0
cennoch1,4105,841,11,0
polynoy1,4105,842,12,0
ptesaud1,4105,843,13,0
cxfleu1,4105,845,14,0
maillan1,4105,846,15,0
beaunoy1,4105,847,16,0
hilbint1,4105,849,17,0
triangl1,4105,851,18,0
frevi02,4105,854,19,1
stem1,1238,412,1,0
gilois1,1238,412,2,0
feval2,1238,413,3,0
chmulon1,1238,415,4,0
leuzier1,1238,416,5,0
brayno1,1238,417,6,0
coteaux1,1238,418,7,0
pontno1,1238,419,8,0
molene1,1238,420,9,0
duanno1,1238,421,10,0
cennoch1,1238,423,11,0
polynoy1,1238,424,12,0
ptesaud1,1238,425,13,0
cxfleu1,1238,427,14,0
maillan1,1238,428,15,0
beaunoy1,1238,428,16,0
hilbint1,1238,430,17,0
triangl1,1238,433,18,0
frevi02,1238,436,19,1
stem1,733,1190,1,0
gilois1,733,1190,2,0
feval2,733,1191,3,0
chmulon1,733,1193,4,0
leuzier1,733,1194,5,0
brayno1,733,1195,6,0
coteaux1,733,1196,7,0
pontno1,733,1197,8,0
molene1,733,1198,9,0
duanno1,733,1199,10,0
cennoch1,733,1201,11,0
polynoy1,733,1202,12,0
ptesaud1,733,1203,13,0
cxfleu1,733,1205,14,0
maillan1,733,1206,15,0
beaunoy1,733,1206,16,0
hilbint1,733,1208,17,0
triangl1,733,1210,18,0
frevi02,733,1213,19,1
stem1,702,710,1,0
gilois1,702,710,2,0
feval2,702,711,3,0
chmulon1,702,713,4,0
leuzier1,702,714,5,0
brayno1,702,715,6,0
coteaux1,702,716,7,0
pontno1,702,717,8,0
molene1,702,718,9,0
duanno1,702,719,10,0
cennoch1,702,721,11,0
polynoy1,702,722,12,0
ptesaud1,702,723,13,0
cxfleu1,702,725,14,0
maillan1,702,726,15,0
beaunoy1,702,727,16,0
hilbint1,702,729,17,0
triangl1,702,731,18,0
frevi02,702,734,19,1
stem1,1209,375,1,0
gilois1,1209,375,2,0
feval2,1209,376,3,0
chmulon1,1209,378,4,0
leuzier1,1209,379,5,0
brayno1,1209,380,6,0
coteaux1,1209,381,7,0
pontno1,1209,382,8,0
molene1,1209,383,9,0
duanno1,1209,384,10,0
cennoch1,1209,386,11,0
polynoy1,1209,387,12,0
ptesaud1,1209,388,13,0
cxfleu1,1209,390,14,0
maillan1,1209,391,15,0
beaunoy1,1209,391,16,0
hilbint1,1209,393,17,0
triangl1,1209,395,18,0
frevi02,1209,398,19,1
frevi02,2752,620,1,0
triangl2,2752,624,2,0
hilbint2,2752,626,3,0
beaunoy2,2752,628,4,0
maillan2,2752,628,5,0
cxfleu2,2752,630,6,0
ptesaud2,2752,631,7,0
polynoy2,2752,632,8,0
cennoch2,2752,633,9,0
duannno2,2752,635,10,0
molene2,2752,636,11,0
pontno2,2752,637,12,0
coteaux2,2752,638,13,0
brayno2,2752,639,14,0
leuzier2,2752,640,15,0
chmulon2,2752,641,16,0
feval1,2752,643,17,0
gilois2,2752,643,18,0
stem2,2752,644,19,1
stem1,2771,890,1,0
gilois1,2771,890,2,0
feval2,2771,891,3,0
chmulon1,2771,893,4,0
leuzier1,2771,894,5,0
brayno1,2771,895,6,0
coteaux1,2771,896,7,0
pontno1,2771,897,8,0
molene1,2771,898,9,0
duanno1,2771,899,10,0
cennoch1,2771,901,11,0
polynoy1,2771,902,12,0
ptesaud1,2771,903,13,0
cxfleu1,2771,905,14,0
maillan1,2771,906,15,0
beaunoy1,2771,907,16,0
hilbint1,2771,909,17,0
triangl1,2771,911,18,0
frevi02,2771,914,19,1
stem1,793,470,1,0
gilois1,793,471,2,0
feval2,793,471,3,0
chmulon1,793,474,4,0
leuzier1,793,475,5,0
brayno1,793,476,6,0
coteaux1,793,477,7,0
pontno1,793,478,8,0
molene1,793,480,9,0
duanno1,793,481,10,0
cennoch1,793,483,11,0
polynoy1,793,484,12,0
ptesaud1,793,485,13,0
cxfleu1,793,487,14,0
maillan1,793,488,15,0
beaunoy1,793,489,16,0
hilbint1,793,491,17,0
triangl1,793,494,18,0
frevi02,793,497,19,1
frevi02,1118,830,1,0
triangl2,1118,834,2,0
hilbint2,1118,836,3,0
beaunoy2,1118,838,4,0
maillan2,1118,838,5,0
cxfleu2,1118,840,6,0
ptesaud2,1118,841,7,0
polynoy2,1118,842,8,0
cennoch2,1118,843,9,0
duannno2,1118,845,10,0
molene2,1118,846,11,0
pontno2,1118,847,12,0
coteaux2,1118,848,13,0
brayno2,1118,849,14,0
leuzier2,1118,850,15,0
chmulon2,1118,851,16,0
feval1,1118,853,17,0
gilois2,1118,853,18,0
stem2,1118,854,19,1
stem1,1121,920,1,0
gilois1,1121,920,2,0
feval2,1121,921,3,0
chmulon1,1121,923,4,0
leuzier1,1121,924,5,0
brayno1,1121,925,6,0
coteaux1,1121,926,7,0
pontno1,1121,927,8,0
molene1,1121,928,9,0
duanno1,1121,929,10,0
cennoch1,1121,931,11,0
polynoy1,1121,932,12,0
ptesaud1,1121,933,13,0
cxfleu1,1121,935,14,0
maillan1,1121,936,15,0
beaunoy1,1121,937,16,0
hilbint1,1121,939,17,0
triangl1,1121,941,18,0
frevi02,1121,944,19,1
frevi02,1134,1070,1,0
triangl2,1134,1074,2,0
hilbint2,1134,1076,3,0
beaunoy2,1134,1078,4,0
maillan2,1134,1078,5,0
cxfleu2,1134,1080,6,0
ptesaud2,1134,1081,7,0
polynoy2,1134,1082,8,0
cennoch2,1134,1083,9,0
duannno2,1134,1085,10,0
molene2,1134,1086,11,0
pontno2,1134,1087,12,0
coteaux2,1134,1088,13,0
brayno2,1134,1089,14,0
leuzier2,1134,1090,15,0
chmulon2,1134,1091,16,0
feval1,1134,1093,17,0
gilois2,1134,1093,18,0
stem2,1134,1094,19,1
frevi02,628,770,1,0
triangl2,628,774,2,0
hilbint2,628,776,3,0
beaunoy2,628,778,4,0
maillan2,628,778,5,0
cxfleu2,628,780,6,0
ptesaud2,628,781,7,0
polynoy2,628,782,8,0
cennoch2,628,783,9,0
duannno2,628,785,10,0
molene2,628,786,11,0
pontno2,628,787,12,0
coteaux2,628,788,13,0
brayno2,628,789,14,0
leuzier2,628,790,15,0
chmulon2,628,791,16,0
feval1,628,793,17,0
gilois2,628,793,18,0
stem2,628,794,19,1
stem1,2637,440,1,0
gilois1,2637,440,2,0
feval2,2637,441,3,0
chmulon1,2637,443,4,0
leuzier1,2637,444,5,0
brayno1,2637,445,6,0
coteaux1,2637,446,7,0
pontno1,2637,447,8,0
molene1,2637,448,9,0
duanno1,2637,449,10,0
cennoch1,2637,451,11,0
polynoy1,2637,452,12,0
ptesaud1,2637,453,13,0
cxfleu1,2637,455,14,0
maillan1,2637,456,15,0
beaunoy1,2637,456,16,0
hilbint1,2637,458,17,0
triangl1,2637,460,18,0
frevi02,2637,463,19,1
frevi02,2639,980,1,0
triangl2,2639,984,2,0
hilbint2,2639,986,3,0
beaunoy2,2639,988,4,0
maillan2,2639,988,5,0
cxfleu2,2639,990,6,0
ptesaud2,2639,991,7,0
polynoy2,2639,992,8,0
cennoch2,2639,993,9,0
duannno2,2639,995,10,0
molene2,2639,996,11,0
pontno2,2639,997,12,0
coteaux2,2639,998,13,0
brayno2,2639,999,14,0
leuzier2,2639,1000,15,0
chmulon2,2639,1001,16,0
feval1,2639,1003,17,0
gilois2,2639,1003,18,0
stem2,2639,1004,19,1
stem1,2605,980,1,0
gilois1,2605,980,2,0
feval2,2605,981,3,0
chmulon1,2605,983,4,0
leuzier1,2605,984,5,0
brayno1,2605,985,6,0
coteaux1,2605,986,7,0
pontno1,2605,987,8,0
molene1,2605,988,9,0
duanno1,2605,989,10,0
cennoch1,2605,991,11,0
polynoy1,2605,992,12,0
ptesaud1,2605,993,13,0
cxfleu1,2605,995,14,0
maillan1,2605,996,15,0
beaunoy1,2605,997,16,0
hilbint1,2605,999,17,0
triangl1,2605,1001,18,0
frevi02,2605,1004,19,1
frevi02,1092,460,1,0
triangl2,1092,464,2,0
hilbint2,1092,467,3,0
beaunoy2,1092,469,4,0
maillan2,1092,469,5,0
cxfleu2,1092,471,6,0
ptesaud2,1092,472,7,0
polynoy2,1092,473,8,0
cennoch2,1092,474,9,0
duannno2,1092,476,10,0
molene2,1092,477,11,0
pontno2,1092,478,12,0
coteaux2,1092,479,13,0
brayno2,1092,480,14,0
leuzier2,1092,481,15,0
chmulon2,1092,482,16,0
feval1,1092,484,17,0
gilois2,1092,484,18,0
stem2,1092,485,19,1
stem1,2574,1160,1,0
gilois1,2574,1160,2,0
feval2,2574,1161,3,0
chmulon1,2574,1163,4,0
leuzier1,2574,1164,5,0
brayno1,2574,1165,6,0
coteaux1,2574,1166,7,0
pontno1,2574,1167,8,0
molene1,2574,1169,9,0
duanno1,2574,1170,10,0
cennoch1,2574,1172,11,0
polynoy1,2574,1173,12,0
ptesaud1,2574,1174,13,0
cxfleu1,2574,1176,14,0
maillan1,2574,1177,15,0
beaunoy1,2574,1177,16,0
hilbint1,2574,1179,17,0
triangl1,2574,1181,18,0
frevi02,2574,1184,19,1
stem1,2555,1140,1,0
gilois1,2555,1140,2,0
feval2,2555,1141,3,0
chmulon1,2555,1143,4,0
leuzier1,2555,1144,5,0
brayno1,2555,1145,6,0
coteaux1,2555,1146,7,0
pontno1,2555,1147,8,0
molene1,2555,1149,9,0
duanno1,2555,1150,10,0
cennoch1,2555,1152,11,0
polynoy1,2555,1153,12,0
ptesaud1,2555,1154,13,0
cxfleu1,2555,1156,14,0
maillan1,2555,1157,15,0
beaunoy1,2555,1158,16,0
hilbint1,2555,1160,17,0
triangl1,2555,1162,18,0
frevi02,2555,1165,19,1
stem1,4309,950,1,0
gilois1,4309,950,2,0
feval2,4309,951,3,0
chmulon1,4309,953,4,0
leuzier1,4309,954,5,0
brayno1,4309,955,6,0
coteaux1,4309,956,7,0
pontno1,4309,957,8,0
molene1,4309,958,9,0
duanno1,4309,959,10,0
cennoch1,4309,961,11,0
polynoy1,4309,962,12,0
ptesaud1,4309,963,13,0
cxfleu1,4309,965,14,0
maillan1,4309,966,15,0
beaunoy1,4309,967,16,0
hilbint1,4309,969,17,0
triangl1,4309,971,18,0
frevi02,4309,974,19,1
frevi02,4322,470,1,0
triangl2,4322,474,2,0
hilbint2,4322,476,3,0
beaunoy2,4322,477,4,0
maillan2,4322,478,5,0
cxfleu2,4322,479,6,0
ptesaud2,4322,480,7,0
polynoy2,4322,481,8,0
cennoch2,4322,482,9,0
duannno2,4322,484,10,0
molene2,4322,485,11,0
pontno2,4322,486,12,0
coteaux2,4322,487,13,0
brayno2,4322,488,14,0
leuzier2,4322,489,15,0
chmulon2,4322,490,16,0
feval1,4322,492,17,0
gilois2,4322,492,18,0
stem2,4322,493,19,1
stem1,1053,740,1,0
gilois1,1053,740,2,0
feval2,1053,741,3,0
chmulon1,1053,743,4,0
leuzier1,1053,744,5,0
brayno1,1053,745,6,0
coteaux1,1053,746,7,0
pontno1,1053,747,8,0
molene1,1053,748,9,0
duanno1,1053,749,10,0
cennoch1,1053,751,11,0
polynoy1,1053,752,12,0
ptesaud1,1053,753,13,0
cxfleu1,1053,755,14,0
maillan1,1053,756,15,0
beaunoy1,1053,757,16,0
hilbint1,1053,759,17,0
triangl1,1053,761,18,0
frevi02,1053,764,19,1
frevi02,3241,920,1,0
triangl2,3241,924,2,0
hilbint2,3241,926,3,0
beaunoy2,3241,928,4,0
maillan2,3241,928,5,0
cxfleu2,3241,930,6,0
ptesaud2,3241,931,7,0
polynoy2,3241,932,8,0
cennoch2,3241,933,9,0
duannno2,3241,935,10,0
molene2,3241,936,11,0
pontno2,3241,937,12,0
coteaux2,3241,938,13,0
brayno2,3241,939,14,0
leuzier2,3241,940,15,0
chmulon2,3241,941,16,0
feval1,3241,943,17,0
gilois2,3241,943,18,0
stem2,3241,944,19,1
frevi02,2122,1070,1,0
triangl2,2122,1074,2,0
hilbint2,2122,1077,3,0
beaunoy2,2122,1079,4,0
maillan2,2122,1080,5,0
cxfleu2,2122,1081,6,0
ptesaud2,2122,1083,7,0
polynoy2,2122,1084,8,0
cennoch2,2122,1085,9,0
duannno2,2122,1087,10,0
molene2,2122,1088,11,0
pontno2,2122,1089,12,0
coteaux2,2122,1090,13,0
brayno2,2122,1091,14,0
leuzier2,2122,1092,15,0
chmulon2,2122,1093,16,0
feval1,2122,1095,17,0
gilois2,2122,1096,18,0
stem2,2122,1097,19,1
frevi02,3222,680,1,0
triangl2,3222,684,2,0
hilbint2,3222,686,3,0
beaunoy2,3222,688,4,0
maillan2,3222,688,5,0
cxfleu2,3222,690,6,0
ptesaud2,3222,691,7,0
polynoy2,3222,692,8,0
cennoch2,3222,693,9,0
duannno2,3222,695,10,0
molene2,3222,696,11,0
pontno2,3222,697,12,0
coteaux2,3222,698,13,0
brayno2,3222,699,14,0
leuzier2,3222,700,15,0
chmulon2,3222,701,16,0
feval1,3222,703,17,0
gilois2,3222,703,18,0
stem2,3222,704,19,1
frevi02,2199,1110,1,0
triangl2,2199,1114,2,0
hilbint2,2199,1116,3,0
beaunoy2,2199,1118,4,0
maillan2,2199,1118,5,0
cxfleu2,2199,1120,6,0
ptesaud2,2199,1121,7,0
polynoy2,2199,1122,8,0
cennoch2,2199,1123,9,0
duannno2,2199,1125,10,0
molene2,2199,1126,11,0
pontno2,2199,1127,12,0
coteaux2,2199,1128,13,0
brayno2,2199,1129,14,0
leuzier2,2199,1130,15,0
chmulon2,2199,1131,16,0
feval1,2199,1133,17,0
gilois2,2199,1133,18,0
stem2,2199,1134,19,1
frevi02,3358,740,1,0
triangl2,3358,744,2,0
hilbint2,3358,746,3,0
beaunoy2,3358,748,4,0
maillan2,3358,748,5,0
cxfleu2,3358,750,6,0
ptesaud2,3358,751,7,0
polynoy2,3358,752,8,0
cennoch2,3358,753,9,0
duannno2,3358,755,10,0
molene2,3358,756,11,0
pontno2,3358,757,12,0
coteaux2,3358,758,13,0
brayno2,3358,759,14,0
leuzier2,3358,760,15,0
chmulon2,3358,761,16,0
feval1,3358,763,17,0
gilois2,3358,763,18,0
stem2,3358,764,19,1
frevi02,2239,500,1,0
triangl2,2239,504,2,0
hilbint2,2239,507,3,0
beaunoy2,2239,509,4,0
maillan2,2239,509,5,0
cxfleu2,2239,511,6,0
ptesaud2,2239,512,7,0
polynoy2,2239,513,8,0
cennoch2,2239,514,9,0
duannno2,2239,516,10,0
molene2,2239,517,11,0
pontno2,2239,518,12,0
coteaux2,2239,519,13,0
brayno2,2239,520,14,0
leuzier2,2239,521,15,0
chmulon2,2239,522,16,0
feval1,2239,524,17,0
gilois2,2239,524,18,0
stem2,2239,525,19,1
frevi02,2273,950,1,0
triangl2,2273,954,2,0
hilbint2,2273,956,3,0
beaunoy2,2273,958,4,0
maillan2,2273,958,5,0
cxfleu2,2273,960,6,0
ptesaud2,2273,961,7,0
polynoy2,2273,962,8,0
cennoch2,2273,963,9,0
duannno2,2273,965,10,0
molene2,2273,966,11,0
pontno2,2273,967,12,0
coteaux2,2273,968,13,0
brayno2,2273,969,14,0
leuzier2,2273,970,15,0
chmulon2,2273,971,16,0
feval1,2273,973,17,0
gilois2,2273,974,18,0
stem2,2273,975,19,1
stem1,3491,1070,1,0
gilois1,3491,1070,2,0
feval2,3491,1071,3,0
chmulon1,3491,1073,4,0
leuzier1,3491,1074,5,0
brayno1,3491,1075,6,0
coteaux1,3491,1076,7,0
pontno1,3491,1077,8,0
molene1,3491,1078,9,0
duanno1,3491,1079,10,0
cennoch1,3491,1081,11,0
polynoy1,3491,1082,12,0
ptesaud1,3491,1083,13,0
cxfleu1,3491,1085,14,0
maillan1,3491,1086,15,0
beaunoy1,3491,1087,16,0
hilbint1,3491,1089,17,0
triangl1,3491,1091,18,0
frevi02,3491,1094,19,1
stem1,5120,620,1,0
gilois1,5120,620,2,0
feval2,5120,621,3,0
chmulon1,5120,623,4,0
leuzier1,5120,624,5,0
brayno1,5120,625,6,0
coteaux1,5120,626,7,0
pontno1,5120,627,8,0
molene1,5120,628,9,0
duanno1,5120,629,10,0
cennoch1,5120,631,11,0
polynoy1,5120,632,12,0
ptesaud1,5120,633,13,0
cxfleu1,5120,635,14,0
maillan1,5120,636,15,0
beaunoy1,5120,637,16,0
hilbint1,5120,639,17,0
triangl1,5120,641,18,0
frevi02,5120,644,19,1
frevi02,5106,400,1,0
triangl2,5106,404,2,0
hilbint2,5106,406,3,0
beaunoy2,5106,408,4,0
maillan2,5106,408,5,0
cxfleu2,5106,410,6,0
ptesaud2,5106,411,7,0
polynoy2,5106,412,8,0
cennoch2,5106,413,9,0
duannno2,5106,415,10,0
molene2,5106,416,11,0
pontno2,5106,417,12,0
coteaux2,5106,418,13,0
brayno2,5106,419,14,0
leuzier2,5106,420,15,0
chmulon2,5106,421,16,0
feval1,5106,423,17,0
gilois2,5106,423,18,0
stem2,5106,424,19,1
frevi02,4021,1190,1,0
triangl2,4021,1194,2,0
hilbint2,4021,1196,3,0
beaunoy2,4021,1198,4,0
maillan2,4021,1198,5,0
cxfleu2,4021,1200,6,0
ptesaud2,4021,1201,7,0
polynoy2,4021,1202,8,0
cennoch2,4021,1203,9,0
duannno2,4021,1205,10,0
molene2,4021,1206,11,0
pontno2,4021,1207,12,0
coteaux2,4021,1208,13,0
brayno2,4021,1209,14,0
leuzier2,4021,1210,15,0
chmulon2,4021,1211,16,0
feval1,4021,1213,17,0
gilois2,4021,1213,18,0
stem2,4021,1214,19,1
frevi02,4083,1170,1,0
triangl2,4083,1174,2,0
hilbint2,4083,1176,3,0
beaunoy2,4083,1178,4,0
maillan2,4083,1178,5,0
cxfleu2,4083,1180,6,0
ptesaud2,4083,1181,7,0
polynoy2,4083,1182,8,0
cennoch2,4083,1183,9,0
duannno2,4083,1185,10,0
molene2,4083,1186,11,0
pontno2,4083,1187,12,0
coteaux2,4083,1188,13,0
brayno2,4083,1189,14,0
leuzier2,4083,1190,15,0
chmulon2,4083,1191,16,0
feval1,4083,1193,17,0
gilois2,4083,1193,18,0
stem2,4083,1194,19,1
frevi02,3581,1160,1,0
triangl2,3581,1164,2,0
hilbint2,3581,1166,3,0
beaunoy2,3581,1168,4,0
maillan2,3581,1168,5,0
cxfleu2,3581,1170,6,0
ptesaud2,3581,1171,7,0
polynoy2,3581,1172,8,0
cennoch2,3581,1173,9,0
duannno2,3581,1175,10,0
molene2,3581,1176,11,0
pontno2,3581,1177,12,0
coteaux2,3581,1178,13,0
brayno2,3581,1179,14,0
leuzier2,3581,1180,15,0
chmulon2,3581,1181,16,0
feval1,3581,1183,17,0
gilois2,3581,1183,18,0
stem2,3581,1184,19,1
frevi02,2045,1010,1,0
triangl2,2045,1014,2,0
hilbint2,2045,1016,3,0
beaunoy2,2045,1018,4,0
maillan2,2045,1018,5,0
cxfleu2,2045,1020,6,0
ptesaud2,2045,1021,7,0
polynoy2,2045,1022,8,0
cennoch2,2045,1023,9,0
duannno2,2045,1025,10,0
molene2,2045,1026,11,0
pontno2,2045,1027,12,0
coteaux2,2045,1028,13,0
brayno2,2045,1029,14,0
leuzier2,2045,1030,15,0
chmulon2,2045,1031,16,0
feval1,2045,1033,17,0
gilois2,2045,1033,18,0
stem2,2045,1034,19,1
stem1,5019,510,1,0
gilois1,5019,511,2,0
feval2,5019,511,3,0
chmulon1,5019,514,4,0
leuzier1,5019,515,5,0
brayno1,5019,516,6,0
coteaux1,5019,517,7,0
pontno1,5019,518,8,0
molene1,5019,520,9,0
duanno1,5019,521,10,0
cennoch1,5019,523,11,0
polynoy1,5019,524,12,0
ptesaud1,5019,525,13,0
cxfleu1,5019,527,14,0
maillan1,5019,528,15,0
beaunoy1,5019,529,16,0
hilbint1,5019,531,17,0
triangl1,5019,533,18,0
frevi02,5019,536,19,1
stem1,5031,1220,1,0
gilois1,5031,1220,2,0
feval2,5031,1221,3,0
chmulon1,5031,1223,4,0
leuzier1,5031,1224,5,0
brayno1,5031,1225,6,0
coteaux1,5031,1226,7,0
pontno1,5031,1227,8,0
molene1,5031,1228,9,0
duanno1,5031,1229,10,0
cennoch1,5031,1231,11,0
polynoy1,5031,1232,12,0
ptesaud1,5031,1233,13,0
cxfleu1,5031,1235,14,0
maillan1,5031,1236,15,0
beaunoy1,5031,1236,16,0
hilbint1,5031,1238,17,0
triangl1,5031,1240,18,0
frevi02,5031,1243,19,1
stem1,5072,1060,1,0
gilois1,5072,1061,2,0
feval2,5072,1061,3,0
chmulon1,5072,1064,4,0
leuzier1,5072,1065,5,0
brayno1,5072,1066,6,0
coteaux1,5072,1067,7,0
pontno1,5072,1068,8,0
molene1,5072,1070,9,0
duanno1,5072,1071,10,0
cennoch1,5072,1073,11,0
polynoy1,5072,1074,12,0
ptesaud1,5072,1075,13,0
cxfleu1,5072,1077,14,0
maillan1,5072,1078,15,0
beaunoy1,5072,1079,16,0
hilbint1,5072,1081,17,0
triangl1,5072,1083,18,0
frevi02,5072,1086,19,1
frevi02,3638,1150,1,0
triangl2,3638,1154,2,0
hilbint2,3638,1156,3,0
beaunoy2,3638,1158,4,0
maillan2,3638,1158,5,0
cxfleu2,3638,1160,6,0
ptesaud2,3638,1161,7,0
polynoy2,3638,1162,8,0
cennoch2,3638,1163,9,0
duannno2,3638,1165,10,0
molene2,3638,1166,11,0
pontno2,3638,1167,12,0
coteaux2,3638,1168,13,0
brayno2,3638,1169,14,0
leuzier2,3638,1170,15,0
chmulon2,3638,1171,16,0
feval1,3638,1173,17,0
gilois2,3638,1173,18,0
stem2,3638,1174,19,1
frevi02,3733,970,1,0
triangl2,3733,974,2,0
hilbint2,3733,977,3,0
beaunoy2,3733,979,4,0
maillan2,3733,980,5,0
cxfleu2,3733,981,6,0
ptesaud2,3733,983,7,0
polynoy2,3733,984,8,0
cennoch2,3733,985,9,0
duannno2,3733,987,10,0
molene2,3733,988,11,0
pontno2,3733,989,12,0
coteaux2,3733,990,13,0
brayno2,3733,991,14,0
leuzier2,3733,992,15,0
chmulon2,3733,993,16,0
feval1,3733,995,17,0
gilois2,3733,996,18,0
stem2,3733,997,19,1
frevi02,3709,950,1,0
triangl2,3709,954,2,0
hilbint2,3709,956,3,0
beaunoy2,3709,958,4,0
maillan2,3709,958,5,0
cxfleu2,3709,960,6,0
ptesaud2,3709,961,7,0
polynoy2,3709,962,8,0
cennoch2,3709,963,9,0
duannno2,3709,965,10,0
molene2,3709,966,11,0
pontno2,3709,967,12,0
coteaux2,3709,968,13,0
brayno2,3709,969,14,0
leuzier2,3709,970,15,0
chmulon2,3709,971,16,0
feval1,3709,973,17,0
gilois2,3709,973,18,0
stem2,3709,974,19,1
stem1,129,450,1,0
gilois1,129,451,2,0
feval2,129,451,3,0
chmulon1,129,454,4,0
leuzier1,129,455,5,0
brayno1,129,456,6,0
coteaux1,129,457,7,0
pontno1,129,458,8,0
molene1,129,460,9,0
duanno1,129,461,10,0
cennoch1,129,463,11,0
polynoy1,129,464,12,0
ptesaud1,129,465,13,0
cxfleu1,129,467,14,0
maillan1,129,468,15,0
beaunoy1,129,469,16,0
hilbint1,129,471,17,0
triangl1,129,474,18,0
frevi02,129,477,19,1
stem1,3788,1250,1,0
gilois1,3788,1250,2,0
feval2,3788,1251,3,0
chmulon1,3788,1253,4,0
leuzier1,3788,1254,5,0
brayno1,3788,1255,6,0
coteaux1,3788,1256,7,0
pontno1,3788,1257,8,0
molene1,3788,1258,9,0
duanno1,3788,1259,10,0
cennoch1,3788,1261,11,0
polynoy1,3788,1262,12,0
ptesaud1,3788,1263,13,0
cxfleu1,3788,1265,14,0
maillan1,3788,1266,15,0
beaunoy1,3788,1266,16,0
hilbint1,3788,1268,17,0
triangl1,3788,1270,18,0
frevi02,3788,1273,19,1
stem1,3785,680,1,0
gilois1,3785,680,2,0
feval2,3785,681,3,0
chmulon1,3785,683,4,0
leuzier1,3785,684,5,0
brayno1,3785,685,6,0
coteaux1,3785,686,7,0
pontno1,3785,687,8,0
molene1,3785,688,9,0
duanno1,3785,689,10,0
cennoch1,3785,691,11,0
polynoy1,3785,692,12,0
ptesaud1,3785,693,13,0
cxfleu1,3785,695,14,0
maillan1,3785,696,15,0
beaunoy1,3785,697,16,0
hilbint1,3785,699,17,0
triangl1,3785,701,18,0
frevi02,3785,704,19,1
stem1,3003,1040,1,0
gilois1,3003,1040,2,0
feval2,3003,1041,3,0
chmulon1,3003,1043,4,0
leuzier1,3003,1044,5,0
brayno1,3003,1045,6,0
coteaux1,3003,1046,7,0
pontno1,3003,1047,8,0
molene1,3003,1048,9,0
duanno1,3003,1049,10,0
cennoch1,3003,1051,11,0
polynoy1,3003,1052,12,0
ptesaud1,3003,1053,13,0
cxfleu1,3003,1055,14,0
maillan1,3003,1056,15,0
beaunoy1,3003,1057,16,0
hilbint1,3003,1059,17,0
triangl1,3003,1061,18,0
frevi02,3003,1064,19,1
frevi02,3008,440,1,0
triangl2,3008,444,2,0
hilbint2,3008,446,3,0
beaunoy2,3008,448,4,0
maillan2,3008,448,5,0
cxfleu2,3008,450,6,0
ptesaud2,3008,451,7,0
polynoy2,3008,452,8,0
cennoch2,3008,453,9,0
duannno2,3008,455,10,0
molene2,3008,456,11,0
pontno2,3008,457,12,0
coteaux2,3008,458,13,0
brayno2,3008,459,14,0
leuzier2,3008,460,15,0
chmulon2,3008,461,16,0
feval1,3008,463,17,0
gilois2,3008,463,18,0
stem2,3008,464,19,1
frevi02,3053,1250,1,0
triangl2,3053,1254,2,0
hilbint2,3053,1256,3,0
beaunoy2,3053,1257,4,0
maillan2,3053,1258,5,0
cxfleu2,3053,1259,6,0
ptesaud2,3053,1260,7,0
polynoy2,3053,1261,8,0
cennoch2,3053,1262,9,0
duannno2,3053,1264,10,0
molene2,3053,1265,11,0
pontno2,3053,1266,12,0
coteaux2,3053,1267,13,0
brayno2,3053,1268,14,0
leuzier2,3053,1269,15,0
chmulon2,3053,1270,16,0
feval1,3053,1272,17,0
gilois2,3053,1272,18,0
stem2,3053,1273,19,1
stem1,3093,1080,1,0
gilois1,3093,1081,2,0
feval2,3093,1081,3,0
chmulon1,3093,1084,4,0
leuzier1,3093,1085,5,0
brayno1,3093,1086,6,0
coteaux1,3093,1087,7,0
pontno1,3093,1088,8,0
molene1,3093,1090,9,0
duanno1,3093,1091,10,0
cennoch1,3093,1093,11,0
polynoy1,3093,1094,12,0
ptesaud1,3093,1095,13,0
cxfleu1,3093,1097,14,0
maillan1,3093,1098,15,0
beaunoy1,3093,1099,16,0
hilbint1,3093,1101,17,0
triangl1,3093,1103,18,0
frevi02,3093,1106,19,1
frevi02,3939,1220,1,0
triangl2,3939,1224,2,0
hilbint2,3939,1226,3,0
beaunoy2,3939,1228,4,0
maillan2,3939,1228,5,0
cxfleu2,3939,1230,6,0
ptesaud2,3939,1231,7,0
polynoy2,3939,1232,8,0
cennoch2,3939,1233,9,0
duannno2,3939,1235,10,0
molene2,3939,1236,11,0
pontno2,3939,1237,12,0
coteaux2,3939,1238,13,0
brayno2,3939,1239,14,0
leuzier2,3939,1240,15,0
chmulon2,3939,1241,16,0
feval1,3939,1243,17,0
gilois2,3939,1243,18,0
stem2,3939,1244,19,1
stem1,3975,1160,1,0
gilois1,3975,1160,2,0
feval2,3975,1161,3,0
chmulon1,3975,1163,4,0
leuzier1,3975,1164,5,0
brayno1,3975,1165,6,0
coteaux1,3975,1166,7,0
pontno1,3975,1167,8,0
molene1,3975,1168,9,0
duanno1,3975,1169,10,0
cennoch1,3975,1171,11,0
polynoy1,3975,1172,12,0
ptesaud1,3975,1173,13,0
cxfleu1,3975,1175,14,0
maillan1,3975,1176,15,0
beaunoy1,3975,1176,16,0
hilbint1,3975,1178,17,0
triangl1,3975,1180,18,0
frevi02,3975,1183,19,1
stem1,3136,430,1,0
gilois1,3136,431,2,0
feval2,3136,431,3,0
chmulon1,3136,434,4,0
leuzier1,3136,435,5,0
brayno1,3136,436,6,0
coteaux1,3136,437,7,0
pontno1,3136,438,8,0
molene1,3136,440,9,0
duanno1,3136,441,10,0
cennoch1,3136,443,11,0
polynoy1,3136,444,12,0
ptesaud1,3136,445,13,0
cxfleu1,3136,447,14,0
maillan1,3136,448,15,0
beaunoy1,3136,448,16,0
hilbint1,3136,450,17,0
triangl1,3136,453,18,0
frevi02,3136,456,19,1
frevi02,3138,800,1,0
triangl2,3138,804,2,0
hilbint2,3138,806,3,0
beaunoy2,3138,808,4,0
maillan2,3138,808,5,0
cxfleu2,3138,810,6,0
ptesaud2,3138,811,7,0
polynoy2,3138,812,8,0
cennoch2,3138,813,9,0
duannno2,3138,815,10,0
molene2,3138,816,11,0
pontno2,3138,817,12,0
coteaux2,3138,818,13,0
brayno2,3138,819,14,0
leuzier2,3138,820,15,0
chmulon2,3138,821,16,0
feval1,3138,823,17,0
gilois2,3138,823,18,0
stem2,3138,824,19,1
stem1,1913,1100,1,0
gilois1,1913,1101,2,0
feval2,1913,1101,3,0
chmulon1,1913,1104,4,0
leuzier1,1913,1105,5,0
brayno1,1913,1106,6,0
coteaux1,1913,1107,7,0
pontno1,1913,1108,8,0
molene1,1913,1110,9,0
duanno1,1913,1111,10,0
cennoch1,1913,1113,11,0
polynoy1,1913,1114,12,0
ptesaud1,1913,1115,13,0
cxfleu1,1913,1117,14,0
maillan1,1913,1118,15,0
beaunoy1,1913,1119,16,0
hilbint1,1913,1121,17,0
triangl1,1913,1123,18,0
frevi02,1913,1126,19,1
frevi02,1958,890,1,0
triangl2,1958,894,2,0
hilbint2,1958,896,3,0
beaunoy2,1958,898,4,0
maillan2,1958,898,5,0
cxfleu2,1958,900,6,0
ptesaud2,1958,901,7,0
polynoy2,1958,902,8,0
cennoch2,1958,903,9,0
duannno2,1958,905,10,0
molene2,1958,906,11,0
pontno2,1958,907,12,0
coteaux2,1958,908,13,0
brayno2,1958,909,14,0
leuzier2,1958,910,15,0
chmulon2,1958,911,16,0
feval1,1958,913,17,0
gilois2,1958,913,18,0
stem2,1958,914,19,1
