arret_id,trajet_id,heure_depart,stop_sequence,terminus
4201,30182,527,1,0
4202,30182,529,2,0
4210,30182,530,3,0
4204,30182,532,4,0
4205,30182,534,5,0
4206,30182,536,6,0
1608,30182,550,7,1
4201,30151,468,1,0
4202,30151,469,2,0
4210,30151,470,3,0
4204,30151,471,4,0
4205,30151,472,5,0
4206,30151,473,6,0
1608,30151,490,7,1
4201,30691,527,1,0
4202,30691,529,2,0
4210,30691,530,3,0
4204,30691,532,4,0
4205,30691,534,5,0
4206,30691,536,6,0
1608,30691,550,7,1
1608,30605,970,1,0
4207,30605,988,2,0
4208,30605,989,3,0
4209,30605,990,4,0
4203,30605,992,5,0
4211,30605,993,6,0
4201,30605,994,7,1
4201,30661,468,1,0
4202,30661,469,2,0
4210,30661,470,3,0
4204,30661,471,4,0
4205,30661,472,5,0
4206,30661,473,6,0
1608,30661,490,7,1
1608,30631,1035,1,0
4207,30631,1054,2,0
4208,30631,1056,3,0
4209,30631,1058,4,0
4203,30631,1060,5,0
4211,30631,1061,6,0
4201,30631,1062,7,1
1608,30722,760,1,0
4207,30722,778,2,0
4208,30722,779,3,0
4209,30722,781,4,0
4203,30722,783,5,0
4211,30722,784,6,0
4201,30722,785,7,1
1608,30749,970,1,0
4207,30749,988,2,0
4208,30749,989,3,0
4209,30749,990,4,0
4203,30749,992,5,0
4211,30749,993,6,0
4201,30749,994,7,1
1608,30780,1035,1,0
4207,30780,1054,2,0
4208,30780,1056,3,0
4209,30780,1058,4,0
4203,30780,1060,5,0
4211,30780,1061,6,0
4201,30780,1062,7,1
1608,30214,760,1,0
4207,30214,778,2,0
4208,30214,779,3,0
4209,30214,781,4,0
4203,30214,783,5,0
4211,30214,784,6,0
4201,30214,785,7,1
1608,30242,970,1,0
4207,30242,988,2,0
4208,30242,989,3,0
4209,30242,990,4,0
4203,30242,992,5,0
4211,30242,993,6,0
4201,30242,994,7,1
1608,30275,1035,1,0
4207,30275,1054,2,0
4208,30275,1056,3,0
4209,30275,1058,4,0
4203,30275,1060,5,0
4211,30275,1061,6,0
4201,30275,1062,7,1
4201,30556,527,1,0
4202,30556,529,2,0
4210,30556,530,3,0
4204,30556,532,4,0
4205,30556,534,5,0
4206,30556,536,6,0
1608,30556,550,7,1
1608,30581,760,1,0
4207,30581,778,2,0
4208,30581,779,3,0
4209,30581,781,4,0
4203,30581,783,5,0
4211,30581,784,6,0
4201,30581,785,7,1
4201,30526,468,1,0
4202,30526,469,2,0
4210,30526,470,3,0
4204,30526,471,4,0
4205,30526,472,5,0
4206,30526,473,6,0
1608,30526,490,7,1
