arret_id,trajet_id,heure_depart,stop_sequence,terminus
2922,23628,482,1,0
2923,23628,483,2,0
2924,23628,484,3,0
2927,23628,485,4,0
2930,23628,486,5,0
2367,23628,495,6,0
2366,23628,500,7,1
2922,23629,482,1,0
2923,23629,483,2,0
2924,23629,484,3,0
2927,23629,485,4,0
2930,23629,486,5,0
2367,23629,495,6,0
2366,23629,500,7,1
2366,23636,1030,1,0
2367,23636,1035,2,0
2928,23636,1043,3,0
2911,23636,1044,4,0
2912,23636,1045,5,0
2913,23636,1046,6,0
2914,23636,1047,7,1
2366,23637,760,1,0
2367,23637,765,2,0
2928,23637,773,3,0
2911,23637,774,4,0
2912,23637,775,5,0
2913,23637,776,6,0
2914,23637,777,7,1
2922,23630,482,1,0
2923,23630,483,2,0
2924,23630,484,3,0
2927,23630,485,4,0
2930,23630,486,5,0
2367,23630,495,6,0
2366,23630,500,7,1
2922,23631,482,1,0
2923,23631,483,2,0
2924,23631,484,3,0
2927,23631,485,4,0
2930,23631,486,5,0
2367,23631,495,6,0
2366,23631,500,7,1
2922,23632,482,1,0
2923,23632,483,2,0
2924,23632,484,3,0
2927,23632,485,4,0
2930,23632,486,5,0
2367,23632,495,6,0
2366,23632,500,7,1
2366,23633,1030,1,0
2367,23633,1035,2,0
2928,23633,1043,3,0
2911,23633,1044,4,0
2912,23633,1045,5,0
2913,23633,1046,6,0
2914,23633,1047,7,1
2366,23634,1030,1,0
2367,23634,1035,2,0
2928,23634,1043,3,0
2911,23634,1044,4,0
2912,23634,1045,5,0
2913,23634,1046,6,0
2914,23634,1047,7,1
2366,23635,1030,1,0
2367,23635,1035,2,0
2928,23635,1043,3,0
2911,23635,1044,4,0
2912,23635,1045,5,0
2913,23635,1046,6,0
2914,23635,1047,7,1
