arret_id,trajet_id,heure_depart,stop_sequence,terminus
2201,11397,1070,1,0
2267,11397,1072,2,0
2248,11397,1074,3,0
2249,11397,1076,4,0
2253,11397,1077,5,0
2252,11397,1079,6,0
2225,11397,1080,7,0
2271,11397,1083,8,0
1647,11397,1089,9,1
2201,11396,1070,1,0
2267,11396,1072,2,0
2248,11396,1074,3,0
2249,11396,1076,4,0
2253,11396,1077,5,0
2252,11396,1079,6,0
2225,11396,1080,7,0
2271,11396,1083,8,0
1647,11396,1089,9,1
2201,11399,1110,1,0
2267,11399,1112,2,0
2248,11399,1114,3,0
2249,11399,1116,4,0
2253,11399,1117,5,0
2252,11399,1119,6,0
2225,11399,1120,7,0
2271,11399,1123,8,0
1647,11399,1128,9,1
2201,11398,1110,1,0
2267,11398,1112,2,0
2248,11398,1114,3,0
2249,11398,1116,4,0
2253,11398,1117,5,0
2252,11398,1119,6,0
2225,11398,1120,7,0
2271,11398,1123,8,0
1647,11398,1128,9,1
2201,11390,1070,1,0
2267,11390,1072,2,0
2248,11390,1074,3,0
2249,11390,1076,4,0
2253,11390,1077,5,0
2252,11390,1079,6,0
2225,11390,1080,7,0
2271,11390,1083,8,0
1647,11390,1089,9,1
2201,11391,1070,1,0
2267,11391,1072,2,0
2248,11391,1074,3,0
2249,11391,1076,4,0
2253,11391,1077,5,0
2252,11391,1079,6,0
2225,11391,1080,7,0
2271,11391,1083,8,0
1647,11391,1089,9,1
2201,11392,1070,1,0
2267,11392,1072,2,0
2248,11392,1074,3,0
2249,11392,1076,4,0
2253,11392,1077,5,0
2252,11392,1079,6,0
2225,11392,1080,7,0
2271,11392,1083,8,0
1647,11392,1089,9,1
2201,11393,1070,1,0
2267,11393,1072,2,0
2248,11393,1074,3,0
2249,11393,1076,4,0
2253,11393,1077,5,0
2252,11393,1079,6,0
2225,11393,1080,7,0
2271,11393,1083,8,0
1647,11393,1089,9,1
2201,11394,1070,1,0
2267,11394,1072,2,0
2248,11394,1074,3,0
2249,11394,1076,4,0
2253,11394,1077,5,0
2252,11394,1079,6,0
2225,11394,1080,7,0
2271,11394,1083,8,0
1647,11394,1089,9,1
2201,11395,1070,1,0
2267,11395,1072,2,0
2248,11395,1074,3,0
2249,11395,1076,4,0
2253,11395,1077,5,0
2252,11395,1079,6,0
2225,11395,1080,7,0
2271,11395,1083,8,0
1647,11395,1089,9,1
2201,11388,1030,1,0
2267,11388,1032,2,0
2248,11388,1034,3,0
2249,11388,1036,4,0
2253,11388,1038,5,0
2252,11388,1040,6,0
2225,11388,1041,7,0
2271,11388,1045,8,0
1647,11388,1050,9,1
2201,11387,1030,1,0
2267,11387,1032,2,0
2248,11387,1034,3,0
2249,11387,1036,4,0
2253,11387,1038,5,0
2252,11387,1040,6,0
2225,11387,1041,7,0
2271,11387,1045,8,0
1647,11387,1050,9,1
2201,11386,1030,1,0
2267,11386,1032,2,0
2248,11386,1034,3,0
2249,11386,1036,4,0
2253,11386,1038,5,0
2252,11386,1040,6,0
2225,11386,1041,7,0
2271,11386,1045,8,0
1647,11386,1050,9,1
2201,11385,1030,1,0
2267,11385,1032,2,0
2248,11385,1034,3,0
2249,11385,1036,4,0
2253,11385,1038,5,0
2252,11385,1040,6,0
2225,11385,1041,7,0
2271,11385,1045,8,0
1647,11385,1050,9,1
2201,11389,1030,1,0
2267,11389,1032,2,0
2248,11389,1034,3,0
2249,11389,1036,4,0
2253,11389,1038,5,0
2252,11389,1040,6,0
2225,11389,1041,7,0
2271,11389,1045,8,0
1647,11389,1050,9,1
2201,11380,990,1,0
2267,11380,992,2,0
2248,11380,994,3,0
2249,11380,996,4,0
2253,11380,997,5,0
2252,11380,999,6,0
2225,11380,1000,7,0
2271,11380,1004,8,0
1647,11380,1009,9,1
2201,11383,1030,1,0
2267,11383,1032,2,0
2248,11383,1034,3,0
2249,11383,1036,4,0
2253,11383,1038,5,0
2252,11383,1040,6,0
2225,11383,1041,7,0
2271,11383,1045,8,0
1647,11383,1050,9,1
2201,11384,1030,1,0
2267,11384,1032,2,0
2248,11384,1034,3,0
2249,11384,1036,4,0
2253,11384,1038,5,0
2252,11384,1040,6,0
2225,11384,1041,7,0
2271,11384,1045,8,0
1647,11384,1050,9,1
2201,11381,990,1,0
2267,11381,992,2,0
2248,11381,994,3,0
2249,11381,996,4,0
2253,11381,997,5,0
2252,11381,999,6,0
2225,11381,1000,7,0
2271,11381,1004,8,0
1647,11381,1009,9,1
2201,11382,1030,1,0
2267,11382,1032,2,0
2248,11382,1034,3,0
2249,11382,1036,4,0
2253,11382,1038,5,0
2252,11382,1040,6,0
2225,11382,1041,7,0
2271,11382,1045,8,0
1647,11382,1050,9,1
2201,11379,990,1,0
2267,11379,992,2,0
2248,11379,994,3,0
2249,11379,996,4,0
2253,11379,997,5,0
2252,11379,999,6,0
2225,11379,1000,7,0
2271,11379,1004,8,0
1647,11379,1009,9,1
2201,11378,990,1,0
2267,11378,992,2,0
2248,11378,994,3,0
2249,11378,996,4,0
2253,11378,997,5,0
2252,11378,999,6,0
2225,11378,1000,7,0
2271,11378,1004,8,0
1647,11378,1009,9,1
2201,11375,990,1,0
2267,11375,992,2,0
2248,11375,994,3,0
2249,11375,996,4,0
2253,11375,997,5,0
2252,11375,999,6,0
2225,11375,1000,7,0
2271,11375,1004,8,0
1647,11375,1009,9,1
2201,11374,990,1,0
2267,11374,992,2,0
2248,11374,994,3,0
2249,11374,996,4,0
2253,11374,997,5,0
2252,11374,999,6,0
2225,11374,1000,7,0
2271,11374,1004,8,0
1647,11374,1009,9,1
2201,11377,990,1,0
2267,11377,992,2,0
2248,11377,994,3,0
2249,11377,996,4,0
2253,11377,997,5,0
2252,11377,999,6,0
2225,11377,1000,7,0
2271,11377,1004,8,0
1647,11377,1009,9,1
2201,11376,990,1,0
2267,11376,992,2,0
2248,11376,994,3,0
2249,11376,996,4,0
2253,11376,997,5,0
2252,11376,999,6,0
2225,11376,1000,7,0
2271,11376,1004,8,0
1647,11376,1009,9,1
1647,11370,515,1,0
2217,11370,520,2,0
2231,11370,523,3,0
2251,11370,524,4,0
2250,11370,526,5,0
2254,11370,527,6,0
2255,11370,529,7,0
2268,11370,531,8,0
2201,11370,533,9,1
1647,11371,515,1,0
2217,11371,520,2,0
2231,11371,523,3,0
2251,11371,524,4,0
2250,11371,526,5,0
2254,11371,527,6,0
2255,11371,529,7,0
2268,11371,531,8,0
2201,11371,533,9,1
1647,11372,515,1,0
2217,11372,520,2,0
2231,11372,523,3,0
2251,11372,524,4,0
2250,11372,526,5,0
2254,11372,527,6,0
2255,11372,529,7,0
2268,11372,531,8,0
2201,11372,533,9,1
1647,11373,515,1,0
2217,11373,520,2,0
2231,11373,523,3,0
2251,11373,524,4,0
2250,11373,526,5,0
2254,11373,527,6,0
2255,11373,529,7,0
2268,11373,531,8,0
2201,11373,533,9,1
1647,11369,515,1,0
2217,11369,520,2,0
2231,11369,523,3,0
2251,11369,524,4,0
2250,11369,526,5,0
2254,11369,527,6,0
2255,11369,529,7,0
2268,11369,531,8,0
2201,11369,533,9,1
1647,11368,515,1,0
2217,11368,520,2,0
2231,11368,523,3,0
2251,11368,524,4,0
2250,11368,526,5,0
2254,11368,527,6,0
2255,11368,529,7,0
2268,11368,531,8,0
2201,11368,533,9,1
1647,11367,515,1,0
2217,11367,520,2,0
2231,11367,523,3,0
2251,11367,524,4,0
2250,11367,526,5,0
2254,11367,527,6,0
2255,11367,529,7,0
2268,11367,531,8,0
2201,11367,533,9,1
1647,11366,515,1,0
2217,11366,520,2,0
2231,11366,523,3,0
2251,11366,524,4,0
2250,11366,526,5,0
2254,11366,527,6,0
2255,11366,529,7,0
2268,11366,531,8,0
2201,11366,533,9,1
1647,11365,490,1,0
2217,11365,495,2,0
2231,11365,498,3,0
2251,11365,499,4,0
2250,11365,501,5,0
2254,11365,502,6,0
2255,11365,504,7,0
2268,11365,506,8,0
2201,11365,508,9,1
1647,11364,490,1,0
2217,11364,495,2,0
2231,11364,498,3,0
2251,11364,499,4,0
2250,11364,501,5,0
2254,11364,502,6,0
2255,11364,504,7,0
2268,11364,506,8,0
2201,11364,508,9,1
1647,11363,490,1,0
2217,11363,495,2,0
2231,11363,498,3,0
2251,11363,499,4,0
2250,11363,501,5,0
2254,11363,502,6,0
2255,11363,504,7,0
2268,11363,506,8,0
2201,11363,508,9,1
1647,11361,490,1,0
2217,11361,495,2,0
2231,11361,498,3,0
2251,11361,499,4,0
2250,11361,501,5,0
2254,11361,502,6,0
2255,11361,504,7,0
2268,11361,506,8,0
2201,11361,508,9,1
1647,11362,490,1,0
2217,11362,495,2,0
2231,11362,498,3,0
2251,11362,499,4,0
2250,11362,501,5,0
2254,11362,502,6,0
2255,11362,504,7,0
2268,11362,506,8,0
2201,11362,508,9,1
1647,11360,490,1,0
2217,11360,495,2,0
2231,11360,498,3,0
2251,11360,499,4,0
2250,11360,501,5,0
2254,11360,502,6,0
2255,11360,504,7,0
2268,11360,506,8,0
2201,11360,508,9,1
2201,11461,470,1,0
1647,11461,482,2,1
2201,11460,470,1,0
1647,11460,482,2,1
2201,11462,470,1,0
1647,11462,482,2,1
2201,11440,437,1,0
1647,11440,449,2,1
2201,11441,437,1,0
1647,11441,449,2,1
2201,11442,437,1,0
1647,11442,449,2,1
2201,11443,437,1,0
1647,11443,449,2,1
2201,11444,437,1,0
1647,11444,449,2,1
2201,11445,437,1,0
1647,11445,449,2,1
2201,11446,437,1,0
1647,11446,449,2,1
2201,11447,512,1,0
1647,11447,525,2,1
2201,11448,512,1,0
1647,11448,525,2,1
2201,11449,512,1,0
1647,11449,525,2,1
2201,11450,512,1,0
1647,11450,525,2,1
2201,11453,512,1,0
1647,11453,525,2,1
2201,11454,512,1,0
1647,11454,525,2,1
2201,11451,512,1,0
1647,11451,525,2,1
2201,11452,512,1,0
1647,11452,525,2,1
2201,11457,470,1,0
1647,11457,482,2,1
2201,11458,470,1,0
1647,11458,482,2,1
2201,11455,470,1,0
1647,11455,482,2,1
2201,11456,470,1,0
1647,11456,482,2,1
2201,11459,470,1,0
1647,11459,482,2,1
1647,11427,1052,1,0
2201,11427,1065,2,1
1647,11426,1052,1,0
2201,11426,1065,2,1
1647,11429,1052,1,0
2201,11429,1065,2,1
1647,11428,1052,1,0
2201,11428,1065,2,1
1647,11423,1052,1,0
2201,11423,1065,2,1
1647,11422,1010,1,0
2201,11422,1023,2,1
1647,11425,1052,1,0
2201,11425,1065,2,1
1647,11424,1052,1,0
2201,11424,1065,2,1
1647,11421,1010,1,0
2201,11421,1023,2,1
1647,11420,1010,1,0
2201,11420,1023,2,1
2201,11439,437,1,0
1647,11439,449,2,1
1647,11438,1090,1,0
2201,11438,1103,2,1
1647,11437,1090,1,0
2201,11437,1103,2,1
1647,11436,1090,1,0
2201,11436,1103,2,1
1647,11435,1090,1,0
2201,11435,1103,2,1
1647,11434,1090,1,0
2201,11434,1103,2,1
1647,11433,1090,1,0
2201,11433,1103,2,1
1647,11432,1090,1,0
2201,11432,1103,2,1
1647,11431,1090,1,0
2201,11431,1103,2,1
1647,11430,1052,1,0
2201,11430,1065,2,1
2201,11405,1110,1,0
2267,11405,1112,2,0
2248,11405,1114,3,0
2249,11405,1116,4,0
2253,11405,1117,5,0
2252,11405,1119,6,0
2225,11405,1120,7,0
2271,11405,1123,8,0
1647,11405,1128,9,1
2201,11404,1110,1,0
2267,11404,1112,2,0
2248,11404,1114,3,0
2249,11404,1116,4,0
2253,11404,1117,5,0
2252,11404,1119,6,0
2225,11404,1120,7,0
2271,11404,1123,8,0
1647,11404,1128,9,1
1647,11407,420,1,0
2217,11407,424,2,0
2231,11407,427,3,0
2251,11407,428,4,0
2250,11407,429,5,0
2254,11407,431,6,0
2255,11407,432,7,0
2268,11407,434,8,0
2201,11407,436,9,1
1647,11406,420,1,0
2217,11406,424,2,0
2231,11406,427,3,0
2251,11406,428,4,0
2250,11406,429,5,0
2254,11406,431,6,0
2255,11406,432,7,0
2268,11406,434,8,0
2201,11406,436,9,1
1647,11409,420,1,0
2217,11409,424,2,0
2231,11409,427,3,0
2251,11409,428,4,0
2250,11409,429,5,0
2254,11409,431,6,0
2255,11409,432,7,0
2268,11409,434,8,0
2201,11409,436,9,1
1647,11408,420,1,0
2217,11408,424,2,0
2231,11408,427,3,0
2251,11408,428,4,0
2250,11408,429,5,0
2254,11408,431,6,0
2255,11408,432,7,0
2268,11408,434,8,0
2201,11408,436,9,1
2201,11401,1110,1,0
2267,11401,1112,2,0
2248,11401,1114,3,0
2249,11401,1116,4,0
2253,11401,1117,5,0
2252,11401,1119,6,0
2225,11401,1120,7,0
2271,11401,1123,8,0
1647,11401,1128,9,1
2201,11400,1110,1,0
2267,11400,1112,2,0
2248,11400,1114,3,0
2249,11400,1116,4,0
2253,11400,1117,5,0
2252,11400,1119,6,0
2225,11400,1120,7,0
2271,11400,1123,8,0
1647,11400,1128,9,1
2201,11403,1110,1,0
2267,11403,1112,2,0
2248,11403,1114,3,0
2249,11403,1116,4,0
2253,11403,1117,5,0
2252,11403,1119,6,0
2225,11403,1120,7,0
2271,11403,1123,8,0
1647,11403,1128,9,1
2201,11402,1110,1,0
2267,11402,1112,2,0
2248,11402,1114,3,0
2249,11402,1116,4,0
2253,11402,1117,5,0
2252,11402,1119,6,0
2225,11402,1120,7,0
2271,11402,1123,8,0
1647,11402,1128,9,1
1647,11418,1010,1,0
2201,11418,1023,2,1
1647,11417,1010,1,0
2201,11417,1023,2,1
1647,11416,1010,1,0
2201,11416,1023,2,1
1647,11415,1010,1,0
2201,11415,1023,2,1
1647,11419,1010,1,0
2201,11419,1023,2,1
1647,11410,420,1,0
2217,11410,424,2,0
2231,11410,427,3,0
2251,11410,428,4,0
2250,11410,429,5,0
2254,11410,431,6,0
2255,11410,432,7,0
2268,11410,434,8,0
2201,11410,436,9,1
2201,11414,970,1,0
2267,11414,972,2,0
2248,11414,974,3,0
2249,11414,976,4,0
2253,11414,977,5,0
2252,11414,979,6,0
2225,11414,980,7,0
2271,11414,984,8,0
1647,11414,989,9,1
1647,11413,420,1,0
2217,11413,424,2,0
2231,11413,427,3,0
2251,11413,428,4,0
2250,11413,429,5,0
2254,11413,431,6,0
2255,11413,432,7,0
2268,11413,434,8,0
2201,11413,436,9,1
1647,11412,420,1,0
2217,11412,424,2,0
2231,11412,427,3,0
2251,11412,428,4,0
2250,11412,429,5,0
2254,11412,431,6,0
2255,11412,432,7,0
2268,11412,434,8,0
2201,11412,436,9,1
1647,11411,420,1,0
2217,11411,424,2,0
2231,11411,427,3,0
2251,11411,428,4,0
2250,11411,429,5,0
2254,11411,431,6,0
2255,11411,432,7,0
2268,11411,434,8,0
2201,11411,436,9,1
1647,11351,450,1,0
2217,11351,455,2,0
2231,11351,458,3,0
2251,11351,459,4,0
2250,11351,461,5,0
2254,11351,462,6,0
2255,11351,464,7,0
2268,11351,466,8,0
2201,11351,468,9,1
1647,11350,450,1,0
2217,11350,455,2,0
2231,11350,458,3,0
2251,11350,459,4,0
2250,11350,461,5,0
2254,11350,462,6,0
2255,11350,464,7,0
2268,11350,466,8,0
2201,11350,468,9,1
1647,11358,490,1,0
2217,11358,495,2,0
2231,11358,498,3,0
2251,11358,499,4,0
2250,11358,501,5,0
2254,11358,502,6,0
2255,11358,504,7,0
2268,11358,506,8,0
2201,11358,508,9,1
1647,11359,490,1,0
2217,11359,495,2,0
2231,11359,498,3,0
2251,11359,499,4,0
2250,11359,501,5,0
2254,11359,502,6,0
2255,11359,504,7,0
2268,11359,506,8,0
2201,11359,508,9,1
1647,11356,450,1,0
2217,11356,455,2,0
2231,11356,458,3,0
2251,11356,459,4,0
2250,11356,461,5,0
2254,11356,462,6,0
2255,11356,464,7,0
2268,11356,466,8,0
2201,11356,468,9,1
1647,11357,450,1,0
2217,11357,455,2,0
2231,11357,458,3,0
2251,11357,459,4,0
2250,11357,461,5,0
2254,11357,462,6,0
2255,11357,464,7,0
2268,11357,466,8,0
2201,11357,468,9,1
1647,11354,450,1,0
2217,11354,455,2,0
2231,11354,458,3,0
2251,11354,459,4,0
2250,11354,461,5,0
2254,11354,462,6,0
2255,11354,464,7,0
2268,11354,466,8,0
2201,11354,468,9,1
1647,11355,450,1,0
2217,11355,455,2,0
2231,11355,458,3,0
2251,11355,459,4,0
2250,11355,461,5,0
2254,11355,462,6,0
2255,11355,464,7,0
2268,11355,466,8,0
2201,11355,468,9,1
1647,11352,450,1,0
2217,11352,455,2,0
2231,11352,458,3,0
2251,11352,459,4,0
2250,11352,461,5,0
2254,11352,462,6,0
2255,11352,464,7,0
2268,11352,466,8,0
2201,11352,468,9,1
1647,11353,450,1,0
2217,11353,455,2,0
2231,11353,458,3,0
2251,11353,459,4,0
2250,11353,461,5,0
2254,11353,462,6,0
2255,11353,464,7,0
2268,11353,466,8,0
2201,11353,468,9,1
