arret_id,trajet_id,heure_depart,stop_sequence,terminus
1548,3206,865,1,0
1391,3206,871,2,0
1545,3206,872,3,0
1396,3206,872,4,0
1383,3206,873,5,0
1382,3206,874,6,0
1399,3206,875,7,0
1400,3206,876,8,0
1401,3206,877,9,0
1021,3206,878,10,0
1022,3206,879,11,0
1023,3206,881,12,0
1242,3206,882,13,1
1548,3420,925,1,0
1391,3420,931,2,0
1545,3420,932,3,0
1396,3420,932,4,0
1383,3420,933,5,0
1382,3420,934,6,0
1399,3420,936,7,0
1400,3420,937,8,0
1401,3420,938,9,0
1021,3420,939,10,0
1022,3420,940,11,0
1023,3420,942,12,0
1242,3420,943,13,1
1501,3682,1145,1,0
1017,3682,1146,2,0
1018,3682,1147,3,0
1402,3682,1148,4,0
1379,3682,1149,5,0
1380,3682,1150,6,0
1381,3682,1151,7,0
1398,3682,1152,8,0
1397,3682,1153,9,0
1384,3682,1155,10,0
1546,3682,1157,11,0
1389,3682,1159,12,0
1547,3682,1164,13,1
1501,3717,780,1,0
1017,3717,781,2,0
1018,3717,782,3,0
1402,3717,783,4,0
1379,3717,784,5,0
1380,3717,785,6,0
1381,3717,786,7,0
1398,3717,787,8,0
1397,3717,788,9,0
1384,3717,789,10,0
1546,3717,791,11,0
1389,3717,793,12,0
1547,3717,798,13,1
1548,3706,1110,1,0
1391,3706,1116,2,0
1545,3706,1117,3,0
1396,3706,1117,4,0
1383,3706,1118,5,0
1382,3706,1119,6,0
1399,3706,1120,7,0
1400,3706,1121,8,0
1401,3706,1122,9,0
1021,3706,1123,10,0
1022,3706,1124,11,0
1023,3706,1126,12,0
1242,3706,1127,13,1
1501,1770,1085,1,0
1017,1770,1086,2,0
1018,1770,1088,3,0
1402,1770,1089,4,0
1379,1770,1090,5,0
1380,1770,1091,6,0
1381,1770,1092,7,0
1398,1770,1093,8,0
1397,1770,1094,9,0
1384,1770,1096,10,0
1546,1770,1098,11,0
1389,1770,1100,12,0
1547,1770,1105,13,1
1501,4519,840,1,0
1017,4519,841,2,0
1018,4519,842,3,0
1402,4519,843,4,0
1379,4519,844,5,0
1380,4519,845,6,0
1381,4519,846,7,0
1398,4519,847,8,0
1397,4519,848,9,0
1384,4519,849,10,0
1546,4519,851,11,0
1389,4519,853,12,0
1547,4519,858,13,1
1548,5939,1050,1,0
1391,5939,1056,2,0
1545,5939,1057,3,0
1396,5939,1057,4,0
1383,5939,1058,5,0
1382,5939,1059,6,0
1399,5939,1061,7,0
1400,5939,1062,8,0
1401,5939,1063,9,0
1021,5939,1064,10,0
1022,5939,1065,11,0
1023,5939,1067,12,0
1242,5939,1068,13,1
1548,2422,985,1,0
1391,2422,991,2,0
1545,2422,992,3,0
1396,2422,992,4,0
1383,2422,993,5,0
1382,2422,994,6,0
1399,2422,996,7,0
1400,2422,997,8,0
1401,2422,998,9,0
1021,2422,999,10,0
1022,2422,1000,11,0
1023,2422,1002,12,0
1242,2422,1003,13,1
1501,1300,960,1,0
1017,1300,961,2,0
1018,1300,963,3,0
1402,1300,964,4,0
1379,1300,965,5,0
1380,1300,966,6,0
1381,1300,967,7,0
1398,1300,968,8,0
1397,1300,969,9,0
1384,1300,970,10,0
1546,1300,972,11,0
1389,1300,974,12,0
1547,1300,979,13,1
1548,836,1170,1,0
1391,836,1176,2,0
1545,836,1177,3,0
1396,836,1177,4,0
1383,836,1178,5,0
1382,836,1179,6,0
1399,836,1180,7,0
1400,836,1181,8,0
1401,836,1181,9,0
1021,836,1182,10,0
1022,836,1183,11,0
1023,836,1185,12,0
1242,836,1186,13,1
1548,4121,1050,1,0
1391,4121,1056,2,0
1545,4121,1057,3,0
1396,4121,1057,4,0
1383,4121,1058,5,0
1382,4121,1059,6,0
1399,4121,1061,7,0
1400,4121,1062,8,0
1401,4121,1063,9,0
1021,4121,1064,10,0
1022,4121,1066,11,0
1023,4121,1067,12,0
1242,4121,1069,13,1
1501,4427,1025,1,0
1017,4427,1026,2,0
1018,4427,1028,3,0
1402,4427,1029,4,0
1379,4427,1030,5,0
1380,4427,1031,6,0
1381,4427,1032,7,0
1398,4427,1033,8,0
1397,4427,1034,9,0
1384,4427,1036,10,0
1546,4427,1038,11,0
1389,4427,1040,12,0
1547,4427,1045,13,1
1501,5410,900,1,0
1017,5410,901,2,0
1018,5410,903,3,0
1402,5410,904,4,0
1379,5410,905,5,0
1380,5410,906,6,0
1381,5410,907,7,0
1398,5410,908,8,0
1397,5410,909,9,0
1384,5410,910,10,0
1546,5410,912,11,0
1389,5410,914,12,0
1547,5410,919,13,1
1548,6531,805,1,0
1391,6531,811,2,0
1545,6531,812,3,0
1396,6531,812,4,0
1383,6531,813,5,0
1382,6531,814,6,0
1399,6531,815,7,0
1400,6531,816,8,0
1401,6531,817,9,0
1021,6531,818,10,0
1022,6531,819,11,0
1023,6531,821,12,0
1242,6531,822,13,1
