arret_id,trajet_id,heure_depart,stop_sequence,terminus
2091,29021,1070,1,0
4001,29021,1086,2,1
2091,29020,760,1,0
4001,29020,777,2,1
4019,29009,470,1,0
4002,29009,472,2,0
4003,29009,473,3,0
4004,29009,474,4,0
4018,29009,475,5,0
4006,29009,476,6,0
4007,29009,477,7,0
3317,29009,480,8,0
2051,29009,497,9,1
4019,29008,470,1,0
4002,29008,472,2,0
4003,29008,473,3,0
4004,29008,474,4,0
4018,29008,475,5,0
4006,29008,476,6,0
4007,29008,477,7,0
3317,29008,480,8,0
2051,29008,497,9,1
4019,29007,470,1,0
4002,29007,472,2,0
4003,29007,473,3,0
4004,29007,474,4,0
4018,29007,475,5,0
4006,29007,476,6,0
4007,29007,477,7,0
3317,29007,480,8,0
2051,29007,497,9,1
4001,29002,478,1,0
2051,29002,500,2,1
4001,29001,478,1,0
2051,29001,500,2,1
4019,29006,470,1,0
4002,29006,472,2,0
4003,29006,473,3,0
4004,29006,474,4,0
4018,29006,475,5,0
4006,29006,476,6,0
4007,29006,477,7,0
3317,29006,480,8,0
2051,29006,497,9,1
4001,29005,478,1,0
2051,29005,500,2,1
4001,29004,478,1,0
2051,29004,500,2,1
4001,29003,478,1,0
2051,29003,500,2,1
2091,29019,1020,1,0
3318,29019,1027,2,0
4008,29019,1028,3,0
4009,29019,1029,4,0
4010,29019,1031,5,0
4011,29019,1032,6,0
4012,29019,1033,7,0
4013,29019,1034,8,0
4020,29019,1035,9,0
4001,29019,1037,10,1
2091,29018,1020,1,0
3318,29018,1027,2,0
4008,29018,1028,3,0
4009,29018,1029,4,0
4010,29018,1031,5,0
4011,29018,1032,6,0
4012,29018,1033,7,0
4013,29018,1034,8,0
4020,29018,1035,9,0
4001,29018,1037,10,1
2091,29013,1070,1,0
3318,29013,1077,2,0
4008,29013,1078,3,0
4009,29013,1079,4,0
4010,29013,1081,5,0
4011,29013,1082,6,0
4012,29013,1083,7,0
4013,29013,1084,8,0
4020,29013,1085,9,0
4001,29013,1087,10,1
2091,29012,1070,1,0
3318,29012,1077,2,0
4008,29012,1078,3,0
4009,29012,1079,4,0
4010,29012,1081,5,0
4011,29012,1082,6,0
4012,29012,1083,7,0
4013,29012,1084,8,0
4020,29012,1085,9,0
4001,29012,1087,10,1
2091,29011,760,1,0
3318,29011,767,2,0
4008,29011,768,3,0
4009,29011,769,4,0
4010,29011,772,5,0
4011,29011,773,6,0
4012,29011,774,7,0
4013,29011,775,8,0
4020,29011,776,9,0
4001,29011,778,10,1
4019,29010,470,1,0
4002,29010,472,2,0
4003,29010,473,3,0
4004,29010,474,4,0
4018,29010,475,5,0
4006,29010,476,6,0
4007,29010,477,7,0
3317,29010,480,8,0
2051,29010,497,9,1
2091,29017,1020,1,0
3318,29017,1027,2,0
4008,29017,1028,3,0
4009,29017,1029,4,0
4010,29017,1031,5,0
4011,29017,1032,6,0
4012,29017,1033,7,0
4013,29017,1034,8,0
4020,29017,1035,9,0
4001,29017,1037,10,1
2091,29016,1020,1,0
3318,29016,1027,2,0
4008,29016,1028,3,0
4009,29016,1029,4,0
4010,29016,1031,5,0
4011,29016,1032,6,0
4012,29016,1033,7,0
4013,29016,1034,8,0
4020,29016,1035,9,0
4001,29016,1037,10,1
2091,29015,1070,1,0
3318,29015,1077,2,0
4008,29015,1078,3,0
4009,29015,1079,4,0
4010,29015,1081,5,0
4011,29015,1082,6,0
4012,29015,1083,7,0
4013,29015,1084,8,0
4020,29015,1085,9,0
4001,29015,1087,10,1
2091,29014,1070,1,0
3318,29014,1077,2,0
4008,29014,1078,3,0
4009,29014,1079,4,0
4010,29014,1081,5,0
4011,29014,1082,6,0
4012,29014,1083,7,0
4013,29014,1084,8,0
4020,29014,1085,9,0
4001,29014,1087,10,1
