arret_id,trajet_id,heure_depart,stop_sequence,terminus
1077,5849,474,1,0
1066,5849,475,2,0
1067,5849,476,3,0
1068,5849,477,4,0
1069,5849,478,5,0
1070,5849,479,6,0
1251,5849,481,7,0
3014,5849,482,8,0
2035,5849,483,9,0
2033,5849,484,10,0
2061,5849,485,11,0
2062,5849,487,12,0
2063,5849,489,13,0
2064,5849,491,14,0
2065,5849,493,15,0
2040,5849,494,16,0
2067,5849,496,17,0
2068,5849,497,18,0
2052,5849,500,19,1
2052,1186,755,1,0
2054,1186,757,2,0
2055,1186,758,3,0
2051,1186,760,4,0
2057,1186,761,5,0
2058,1186,762,6,0
2059,1186,764,7,0
2060,1186,765,8,0
2032,1186,767,9,0
2036,1186,768,10,0
2034,1186,769,11,0
3015,1186,770,12,0
1205,1186,771,13,0
1072,1186,774,14,0
1073,1186,775,15,0
1074,1186,776,16,0
1075,1186,777,17,0
1076,1186,778,18,0
1065,1186,779,19,1
1077,5325,529,1,0
1066,5325,530,2,0
1067,5325,531,3,0
1068,5325,532,4,0
1069,5325,533,5,0
1070,5325,534,6,0
1251,5325,537,7,0
3014,5325,538,8,0
2035,5325,539,9,0
2033,5325,540,10,0
2061,5325,541,11,0
2062,5325,543,12,0
2063,5325,544,13,0
2064,5325,546,14,0
2065,5325,548,15,0
2040,5325,549,16,0
2067,5325,551,17,0
2068,5325,552,18,0
2052,5325,555,19,1
2052,5174,1060,1,0
2054,5174,1062,2,0
2055,5174,1063,3,0
2051,5174,1065,4,0
2057,5174,1066,5,0
2058,5174,1067,6,0
2059,5174,1069,7,0
2060,5174,1070,8,0
2032,5174,1072,9,0
2036,5174,1073,10,0
2034,5174,1074,11,0
3015,5174,1075,12,0
1205,5174,1076,13,0
1072,5174,1079,14,0
1073,5174,1080,15,0
1074,5174,1081,16,0
1075,5174,1082,17,0
1076,5174,1083,18,0
1065,5174,1084,19,1
