arret_id,trajet_id,heure_depart,stop_sequence,terminus
3951,7,649,1,0
3952,7,650,2,0
3953,7,651,3,0
3960,7,652,4,0
3955,7,653,5,0
4604,7,657,6,0
4605,7,658,7,0
4606,7,659,8,0
4607,7,660,9,0
4609,7,662,10,0
2433,7,663,11,0
2432,7,665,12,0
2431,7,666,13,0
2406,7,667,14,1
2417,19,675,1,0
2435,19,675,2,0
2434,19,676,3,0
2450,19,678,4,0
4610,19,680,5,0
4608,19,681,6,0
4601,19,682,7,0
4602,19,683,8,0
4603,19,684,9,0
3959,19,689,10,0
3954,19,690,11,0
3961,19,691,12,0
3962,19,692,13,0
3951,19,693,14,1
3951,3213,1083,1,0
3952,3213,1084,2,0
3953,3213,1085,3,0
3960,3213,1086,4,0
3955,3213,1087,5,0
4604,3213,1091,6,0
4605,3213,1092,7,0
4606,3213,1093,8,0
4607,3213,1094,9,0
4609,3213,1096,10,0
2433,3213,1098,11,0
2432,3213,1100,12,0
2431,3213,1100,13,0
2406,3213,1101,14,1
2417,2208,494,1,0
2435,2208,494,2,0
2434,2208,495,3,0
2450,2208,497,4,0
4610,2208,499,5,0
4608,2208,501,6,0
4601,2208,502,7,0
4602,2208,503,8,0
4603,2208,504,9,0
3959,2208,509,10,0
3954,2208,510,11,0
3961,2208,510,12,0
3962,2208,511,13,0
3951,2208,512,14,1
3951,3410,1169,1,0
3952,3410,1170,2,0
3953,3410,1171,3,0
3960,3410,1172,4,0
3955,3410,1173,5,0
4604,3410,1177,6,0
4605,3410,1178,7,0
4606,3410,1179,8,0
4607,3410,1180,9,0
4609,3410,1182,10,0
2433,3410,1183,11,0
2432,3410,1185,12,0
2431,3410,1186,13,0
2406,3410,1187,14,1
3951,3431,513,1,0
3952,3431,514,2,0
3953,3431,515,3,0
3960,3431,516,4,0
3955,3431,517,5,0
4604,3431,521,6,0
4605,3431,522,7,0
4606,3431,523,8,0
4607,3431,524,9,0
4609,3431,526,10,0
2433,3431,528,11,0
2432,3431,530,12,0
2431,3431,530,13,0
2406,3431,531,14,1
2417,3446,614,1,0
2435,3446,614,2,0
2434,3446,615,3,0
2450,3446,617,4,0
4610,3446,619,5,0
4608,3446,621,6,0
4601,3446,622,7,0
4602,3446,623,8,0
4603,3446,624,9,0
3959,3446,629,10,0
3954,3446,630,11,0
3961,3446,630,12,0
3962,3446,631,13,0
3951,3446,632,14,1
2417,2035,737,1,0
2435,2035,737,2,0
2434,2035,738,3,0
2450,2035,740,4,0
4610,2035,742,5,0
4608,2035,744,6,0
4601,2035,745,7,0
4602,2035,746,8,0
4603,2035,747,9,0
3959,2035,752,10,0
3954,2035,753,11,0
3961,2035,754,12,0
3962,2035,755,13,0
3951,2035,756,14,1
2417,3677,935,1,0
2435,3677,935,2,0
2434,3677,936,3,0
2450,3677,938,4,0
4610,3677,940,5,0
4608,3677,942,6,0
4601,3677,943,7,0
4602,3677,944,8,0
4603,3677,945,9,0
3959,3677,950,10,0
3954,3677,951,11,0
3961,3677,951,12,0
3962,3677,952,13,0
3951,3677,953,14,1
3951,3666,883,1,0
3952,3666,884,2,0
3953,3666,885,3,0
3960,3666,886,4,0
3955,3666,887,5,0
4604,3666,891,6,0
4605,3666,892,7,0
4606,3666,893,8,0
4607,3666,894,9,0
4609,3666,896,10,0
2433,3666,898,11,0
2432,3666,900,12,0
2431,3666,901,13,0
2406,3666,902,14,1
2417,3748,875,1,0
2435,3748,875,2,0
2434,3748,876,3,0
2450,3748,878,4,0
4610,3748,880,5,0
4608,3748,882,6,0
4601,3748,883,7,0
4602,3748,884,8,0
4603,3748,885,9,0
3959,3748,890,10,0
3954,3748,891,11,0
3961,3748,891,12,0
3962,3748,892,13,0
3951,3748,893,14,1
3951,151,823,1,0
3952,151,824,2,0
3953,151,825,3,0
3960,151,826,4,0
3955,151,827,5,0
4604,151,831,6,0
4605,151,832,7,0
4606,151,833,8,0
4607,151,834,9,0
4609,151,836,10,0
2433,151,838,11,0
2432,151,840,12,0
2431,151,841,13,0
2406,151,842,14,1
2417,149,853,1,0
2435,149,853,2,0
2434,149,855,3,0
2450,149,857,4,0
4610,149,859,5,0
4608,149,860,6,0
4601,149,861,7,0
4602,149,862,8,0
4603,149,863,9,0
3959,149,867,10,0
3954,149,868,11,0
3961,149,869,12,0
3962,149,870,13,0
3951,149,871,14,1
2417,3027,1055,1,0
2435,3027,1055,2,0
2434,3027,1056,3,0
2450,3027,1058,4,0
4610,3027,1060,5,0
4608,3027,1062,6,0
4601,3027,1063,7,0
4602,3027,1064,8,0
4603,3027,1065,9,0
3959,3027,1070,10,0
3954,3027,1071,11,0
3961,3027,1071,12,0
3962,3027,1072,13,0
3951,3027,1073,14,1
2417,3965,550,1,0
2435,3965,550,2,0
2434,3965,551,3,0
2450,3965,553,4,0
4610,3965,555,5,0
4608,3965,556,6,0
4601,3965,557,7,0
4602,3965,558,8,0
4603,3965,559,9,0
3959,3965,564,10,0
3954,3965,565,11,0
3961,3965,566,12,0
3962,3965,567,13,0
3951,3965,568,14,1
3951,3984,693,1,0
3952,3984,694,2,0
3953,3984,695,3,0
3960,3984,696,4,0
3955,3984,697,5,0
4604,3984,701,6,0
4605,3984,702,7,0
4606,3984,703,8,0
4607,3984,704,9,0
4609,3984,706,10,0
2433,3984,708,11,0
2432,3984,710,12,0
2431,3984,711,13,0
2406,3984,712,14,1
3951,3134,938,1,0
3952,3134,939,2,0
3953,3134,940,3,0
3960,3134,941,4,0
3955,3134,942,5,0
4604,3134,946,6,0
4605,3134,947,7,0
4606,3134,948,8,0
4607,3134,949,9,0
4609,3134,951,10,0
2433,3134,953,11,0
2432,3134,955,12,0
2431,3134,956,13,0
2406,3134,957,14,1
2417,3167,615,1,0
2435,3167,615,2,0
2434,3167,616,3,0
2450,3167,618,4,0
4610,3167,620,5,0
4608,3167,621,6,0
4601,3167,622,7,0
4602,3167,623,8,0
4603,3167,624,9,0
3959,3167,629,10,0
3954,3167,630,11,0
3961,3167,631,12,0
3962,3167,632,13,0
3951,3167,633,14,1
2417,6877,1240,1,0
2435,6877,1240,2,0
2434,6877,1241,3,0
2450,6877,1243,4,0
4610,6877,1245,5,0
4608,6877,1247,6,0
4601,6877,1248,7,0
4602,6877,1249,8,0
4603,6877,1250,9,0
3959,6877,1255,10,0
3954,6877,1256,11,0
3961,6877,1257,12,0
3962,6877,1258,13,0
3951,6877,1259,14,1
3951,6887,633,1,0
3952,6887,634,2,0
3953,6887,635,3,0
3960,6887,636,4,0
3955,6887,637,5,0
4604,6887,641,6,0
4605,6887,642,7,0
4606,6887,643,8,0
4607,6887,644,9,0
4609,6887,646,10,0
2433,6887,648,11,0
2432,6887,650,12,0
2431,6887,651,13,0
2406,6887,652,14,1
2417,598,554,1,0
2435,598,554,2,0
2434,598,555,3,0
2450,598,557,4,0
4610,598,559,5,0
4608,598,561,6,0
4601,598,562,7,0
4602,598,563,8,0
4603,598,564,9,0
3959,598,569,10,0
3954,598,570,11,0
3961,598,570,12,0
3962,598,571,13,0
3951,598,572,14,1
2417,444,995,1,0
2435,444,995,2,0
2434,444,996,3,0
2450,444,998,4,0
4610,444,1000,5,0
4608,444,1002,6,0
4601,444,1003,7,0
4602,444,1004,8,0
4603,444,1005,9,0
3959,444,1010,10,0
3954,444,1011,11,0
3961,444,1011,12,0
3962,444,1012,13,0
3951,444,1013,14,1
2417,2867,723,1,0
2435,2867,723,2,0
2434,2867,725,3,0
2450,2867,727,4,0
4610,2867,729,5,0
4608,2867,730,6,0
4601,2867,731,7,0
4602,2867,732,8,0
4603,2867,733,9,0
3959,2867,737,10,0
3954,2867,738,11,0
3961,2867,739,12,0
3962,2867,740,13,0
3951,2867,741,14,1
2417,1769,674,1,0
2435,1769,674,2,0
2434,1769,675,3,0
2450,1769,677,4,0
4610,1769,679,5,0
4608,1769,681,6,0
4601,1769,682,7,0
4602,1769,683,8,0
4603,1769,684,9,0
3959,1769,689,10,0
3954,1769,690,11,0
3961,1769,690,12,0
3962,1769,691,13,0
3951,1769,692,14,1
3951,1585,843,1,0
3952,1585,844,2,0
3953,1585,845,3,0
3960,1585,846,4,0
3955,1585,847,5,0
4604,1585,851,6,0
4605,1585,852,7,0
4606,1585,853,8,0
4607,1585,854,9,0
4609,1585,856,10,0
2433,1585,858,11,0
2432,1585,860,12,0
2431,1585,860,13,0
2406,1585,861,14,1
3951,4824,1039,1,0
3952,4824,1040,2,0
3953,4824,1041,3,0
3960,4824,1042,4,0
3955,4824,1043,5,0
4604,4824,1047,6,0
4605,4824,1048,7,0
4606,4824,1049,8,0
4607,4824,1050,9,0
4609,4824,1052,10,0
2433,4824,1053,11,0
2432,4824,1055,12,0
2431,4824,1056,13,0
2406,4824,1057,14,1
2417,284,983,1,0
2435,284,983,2,0
2434,284,985,3,0
2450,284,987,4,0
4610,284,989,5,0
4608,284,990,6,0
4601,284,991,7,0
4602,284,992,8,0
4603,284,993,9,0
3959,284,997,10,0
3954,284,998,11,0
3961,284,999,12,0
3962,284,1000,13,0
3951,284,1001,14,1
3951,983,573,1,0
3952,983,574,2,0
3953,983,575,3,0
3960,983,576,4,0
3955,983,577,5,0
4604,983,581,6,0
4605,983,582,7,0
4606,983,583,8,0
4607,983,584,9,0
4609,983,586,10,0
2433,983,588,11,0
2432,983,590,12,0
2431,983,591,13,0
2406,983,592,14,1
2417,2534,797,1,0
2435,2534,797,2,0
2434,2534,798,3,0
2450,2534,800,4,0
4610,2534,802,5,0
4608,2534,804,6,0
4601,2534,805,7,0
4602,2534,806,8,0
4603,2534,807,9,0
3959,2534,812,10,0
3954,2534,813,11,0
3961,2534,814,12,0
3962,2534,815,13,0
3951,2534,816,14,1
3951,5704,763,1,0
3952,5704,764,2,0
3953,5704,765,3,0
3960,5704,766,4,0
3955,5704,767,5,0
4604,5704,771,6,0
4605,5704,772,7,0
4606,5704,773,8,0
4607,5704,774,9,0
4609,5704,776,10,0
2433,5704,778,11,0
2432,5704,780,12,0
2431,5704,781,13,0
2406,5704,782,14,1
3951,1343,693,1,0
3952,1343,694,2,0
3953,1343,695,3,0
3960,1343,696,4,0
3955,1343,697,5,0
4604,1343,701,6,0
4605,1343,702,7,0
4606,1343,703,8,0
4607,1343,704,9,0
4609,1343,706,10,0
2433,1343,708,11,0
2432,1343,710,12,0
2431,1343,710,13,0
2406,1343,711,14,1
3951,1374,1023,1,0
3952,1374,1024,2,0
3953,1374,1025,3,0
3960,1374,1026,4,0
3955,1374,1027,5,0
4604,1374,1031,6,0
4605,1374,1032,7,0
4606,1374,1033,8,0
4607,1374,1034,9,0
4609,1374,1036,10,0
2433,1374,1038,11,0
2432,1374,1040,12,0
2431,1374,1040,13,0
2406,1374,1041,14,1
2417,1320,1175,1,0
2435,1320,1175,2,0
2434,1320,1176,3,0
2450,1320,1178,4,0
4610,1320,1180,5,0
4608,1320,1182,6,0
4601,1320,1183,7,0
4602,1320,1184,8,0
4603,1320,1185,9,0
3959,1320,1190,10,0
3954,1320,1191,11,0
3961,1320,1191,12,0
3962,1320,1192,13,0
3951,1320,1193,14,1
3951,5627,903,1,0
3952,5627,904,2,0
3953,5627,905,3,0
3960,5627,906,4,0
3955,5627,907,5,0
4604,5627,911,6,0
4605,5627,912,7,0
4606,5627,913,8,0
4607,5627,914,9,0
4609,5627,916,10,0
2433,5627,918,11,0
2432,5627,920,12,0
2431,5627,920,13,0
2406,5627,921,14,1
2417,4102,915,1,0
2435,4102,915,2,0
2434,4102,916,3,0
2450,4102,918,4,0
4610,4102,920,5,0
4608,4102,922,6,0
4601,4102,923,7,0
4602,4102,924,8,0
4603,4102,925,9,0
3959,4102,930,10,0
3954,4102,931,11,0
3961,4102,932,12,0
3962,4102,933,13,0
3951,4102,934,14,1
2417,782,1240,1,0
2435,782,1240,2,0
2434,782,1241,3,0
2450,782,1243,4,0
4610,782,1245,5,0
4608,782,1247,6,0
4601,782,1248,7,0
4602,782,1249,8,0
4603,782,1250,9,0
3959,782,1255,10,0
3954,782,1256,11,0
3961,782,1256,12,0
3962,782,1257,13,0
3951,782,1258,14,1
3951,2691,573,1,0
3952,2691,574,2,0
3953,2691,575,3,0
3960,2691,576,4,0
3955,2691,577,5,0
4604,2691,581,6,0
4605,2691,582,7,0
4606,2691,583,8,0
4607,2691,584,9,0
4609,2691,586,10,0
2433,2691,588,11,0
2432,2691,590,12,0
2431,2691,590,13,0
2406,2691,591,14,1
3951,4417,453,1,0
3952,4417,454,2,0
3953,4417,455,3,0
3960,4417,456,4,0
3955,4417,457,5,0
4604,4417,461,6,0
4605,4417,462,7,0
4606,4417,463,8,0
4607,4417,464,9,0
4609,4417,466,10,0
2433,4417,468,11,0
2432,4417,470,12,0
2431,4417,470,13,0
2406,4417,471,14,1
3951,1158,1198,1,0
3952,1158,1199,2,0
3953,1158,1200,3,0
3960,1158,1201,4,0
3955,1158,1202,5,0
4604,1158,1206,6,0
4605,1158,1207,7,0
4606,1158,1208,8,0
4607,1158,1209,9,0
4609,1158,1211,10,0
2433,1158,1213,11,0
2432,1158,1215,12,0
2431,1158,1215,13,0
2406,1158,1216,14,1
2417,2623,1243,1,0
2435,2623,1243,2,0
2434,2623,1245,3,0
2450,2623,1247,4,0
4610,2623,1249,5,0
4608,2623,1250,6,0
4601,2623,1251,7,0
4602,2623,1252,8,0
4603,2623,1253,9,0
3959,2623,1257,10,0
3954,2623,1258,11,0
3961,2623,1259,12,0
3962,2623,1260,13,0
3951,2623,1261,14,1
3951,1088,909,1,0
3952,1088,910,2,0
3953,1088,911,3,0
3960,1088,912,4,0
3955,1088,913,5,0
4604,1088,917,6,0
4605,1088,918,7,0
4606,1088,919,8,0
4607,1088,920,9,0
4609,1088,922,10,0
2433,1088,923,11,0
2432,1088,925,12,0
2431,1088,926,13,0
2406,1088,927,14,1
3951,2586,1143,1,0
3952,2586,1144,2,0
3953,2586,1145,3,0
3960,2586,1146,4,0
3955,2586,1147,5,0
4604,2586,1151,6,0
4605,2586,1152,7,0
4606,2586,1153,8,0
4607,2586,1154,9,0
4609,2586,1156,10,0
2433,2586,1158,11,0
2432,2586,1160,12,0
2431,2586,1160,13,0
2406,2586,1161,14,1
2417,5442,825,1,0
2435,5442,825,2,0
2434,5442,826,3,0
2450,5442,828,4,0
4610,5442,830,5,0
4608,5442,832,6,0
4601,5442,833,7,0
4602,5442,834,8,0
4603,5442,835,9,0
3959,5442,840,10,0
3954,5442,841,11,0
3961,5442,841,12,0
3962,5442,842,13,0
3951,5442,843,14,1
2417,5426,855,1,0
2435,5426,855,2,0
2434,5426,856,3,0
2450,5426,858,4,0
4610,5426,860,5,0
4608,5426,862,6,0
4601,5426,863,7,0
4602,5426,864,8,0
4603,5426,865,9,0
3959,5426,870,10,0
3954,5426,871,11,0
3961,5426,872,12,0
3962,5426,873,13,0
3951,5426,874,14,1
2417,5486,1113,1,0
2435,5486,1113,2,0
2434,5486,1115,3,0
2450,5486,1117,4,0
4610,5486,1119,5,0
4608,5486,1120,6,0
4601,5486,1121,7,0
4602,5486,1122,8,0
4603,5486,1123,9,0
3959,5486,1127,10,0
3954,5486,1128,11,0
3961,5486,1129,12,0
3962,5486,1130,13,0
3951,5486,1131,14,1
3951,5214,963,1,0
3952,5214,964,2,0
3953,5214,965,3,0
3960,5214,966,4,0
3955,5214,967,5,0
4604,5214,971,6,0
4605,5214,972,7,0
4606,5214,973,8,0
4607,5214,974,9,0
4609,5214,976,10,0
2433,5214,978,11,0
2432,5214,980,12,0
2431,5214,980,13,0
2406,5214,981,14,1
3951,5111,783,1,0
3952,5111,784,2,0
3953,5111,785,3,0
3960,5111,786,4,0
3955,5111,787,5,0
4604,5111,791,6,0
4605,5111,792,7,0
4606,5111,793,8,0
4607,5111,794,9,0
4609,5111,796,10,0
2433,5111,798,11,0
2432,5111,800,12,0
2431,5111,800,13,0
2406,5111,801,14,1
3951,6205,1194,1,0
3952,6205,1195,2,0
3953,6205,1196,3,0
3960,6205,1197,4,0
3955,6205,1198,5,0
4604,6205,1202,6,0
4605,6205,1203,7,0
4606,6205,1204,8,0
4607,6205,1205,9,0
4609,6205,1207,10,0
2433,6205,1209,11,0
2432,6205,1211,12,0
2431,6205,1212,13,0
2406,6205,1213,14,1
2417,6218,1115,1,0
2435,6218,1115,2,0
2434,6218,1116,3,0
2450,6218,1118,4,0
4610,6218,1120,5,0
4608,6218,1122,6,0
4601,6218,1123,7,0
4602,6218,1124,8,0
4603,6218,1125,9,0
3959,6218,1130,10,0
3954,6218,1131,11,0
3961,6218,1131,12,0
3962,6218,1132,13,0
3951,6218,1133,14,1
3951,6224,633,1,0
3952,6224,634,2,0
3953,6224,635,3,0
3960,6224,636,4,0
3955,6224,637,5,0
4604,6224,641,6,0
4605,6224,642,7,0
4606,6224,643,8,0
4607,6224,644,9,0
4609,6224,646,10,0
2433,6224,648,11,0
2432,6224,650,12,0
2431,6224,650,13,0
2406,6224,651,14,1
2417,5192,765,1,0
2435,5192,765,2,0
2434,5192,766,3,0
2450,5192,768,4,0
4610,5192,770,5,0
4608,5192,772,6,0
4601,5192,773,7,0
4602,5192,774,8,0
4603,5192,775,9,0
3959,5192,780,10,0
3954,5192,781,11,0
3961,5192,781,12,0
3962,5192,782,13,0
3951,5192,783,14,1
3951,6484,779,1,0
3952,6484,780,2,0
3953,6484,781,3,0
3960,6484,782,4,0
3955,6484,783,5,0
4604,6484,787,6,0
4605,6484,788,7,0
4606,6484,789,8,0
4607,6484,790,9,0
4609,6484,792,10,0
2433,6484,793,11,0
2432,6484,795,12,0
2431,6484,796,13,0
2406,6484,797,14,1
2417,6348,1215,1,0
2435,6348,1215,2,0
2434,6348,1216,3,0
2450,6348,1218,4,0
4610,6348,1220,5,0
4608,6348,1222,6,0
4601,6348,1223,7,0
4602,6348,1224,8,0
4603,6348,1225,9,0
3959,6348,1230,10,0
3954,6348,1231,11,0
3961,6348,1232,12,0
3962,6348,1233,13,0
3951,6348,1234,14,1
