arret_id,trajet_id,heure_depart,stop_sequence,terminus
1501,7159,447,1,0
1018,7159,449,2,0
2315,7159,465,3,0
2316,7159,466,4,0
2317,7159,467,5,0
2309,7159,468,6,1
2319,2113,1050,1,0
2311,2113,1052,2,0
2312,2113,1053,3,0
2313,2113,1055,4,0
1022,2113,1076,5,0
1615,2113,1079,6,1
1501,2130,470,1,0
1018,2130,472,2,0
2315,2130,490,3,0
2316,2130,491,4,0
2317,2130,492,5,0
2309,2130,494,6,1
1501,1557,532,1,0
1018,1557,534,2,0
2315,1557,552,3,0
2316,1557,553,4,0
2317,1557,554,5,0
2309,1557,555,6,1
2319,1932,935,1,0
2311,1932,937,2,0
2312,1932,938,3,0
2313,1932,939,4,0
1022,1932,955,5,0
1615,1932,958,6,1
2319,8466,990,1,0
2311,8466,992,2,0
2312,8466,993,3,0
2313,8466,994,4,0
1022,8466,1010,5,0
1615,8466,1013,6,1
2319,495,1070,1,0
2311,495,1072,2,0
2312,495,1073,3,0
2313,495,1074,4,0
1022,495,1095,5,0
1615,495,1098,6,1
2319,4870,1010,1,0
2311,4870,1012,2,0
2312,4870,1013,3,0
2313,4870,1014,4,0
1022,4870,1030,5,0
1615,4870,1033,6,1
1501,4839,490,1,0
1018,4839,493,2,0
2315,4839,511,3,0
2316,4839,512,4,0
2317,4839,513,5,0
2309,4839,515,6,1
1501,4270,430,1,0
1018,4270,432,2,0
2315,4270,448,3,0
2316,4270,449,4,0
2317,4270,450,5,0
2309,4270,451,6,1
2319,8665,1090,1,0
2311,8665,1092,2,0
2312,8665,1093,3,0
2313,8665,1094,4,0
1022,8665,1112,5,0
1615,8665,1115,6,1
1501,729,510,1,0
1018,729,513,2,0
2315,729,531,3,0
2316,729,532,4,0
2317,729,533,5,0
2309,729,534,6,1
2319,2639,970,1,0
2311,2639,972,2,0
2312,2639,973,3,0
2313,2639,974,4,0
1022,2639,990,5,0
1615,2639,993,6,1
2319,6544,1030,1,0
2311,6544,1032,2,0
2312,6544,1033,3,0
2313,6544,1035,4,0
1022,6544,1056,5,0
1615,6544,1059,6,1
