arret_id,trajet_id,heure_depart,stop_sequence,terminus
4376,23515,468,1,0
4368,23515,469,2,0
4364,23515,471,3,0
4375,23515,473,4,0
4378,23515,477,5,0
4365,23515,479,6,0
4381,23515,483,7,0
3246,23515,488,8,1
3246,23516,1030,1,0
4381,23516,1035,2,0
4366,23516,1039,3,0
4372,23516,1041,4,0
4374,23516,1046,5,0
4367,23516,1047,6,0
4369,23516,1049,7,0
4377,23516,1050,8,1
3246,23517,760,1,0
4381,23517,765,2,0
4366,23517,769,3,0
4372,23517,771,4,0
4374,23517,776,5,0
4367,23517,777,6,0
4369,23517,779,7,0
4377,23517,780,8,1
