arret_id,trajet_id,heure_depart,stop_sequence,terminus
2840,24682,1050,1,0
2808,24682,1056,2,1
2840,24681,1050,1,0
2808,24681,1056,2,1
2840,24680,1050,1,0
2808,24680,1056,2,1
2836,24677,504,1,0
2840,24677,510,2,1
2840,24678,950,1,0
2808,24678,954,2,0
1090,24678,973,3,0
1477,24678,978,4,1
2840,24679,1050,1,0
2808,24679,1056,2,1
1056,24673,511,1,0
1551,24673,515,2,0
2836,24673,534,3,0
2840,24673,540,4,1
2836,24674,504,1,0
2840,24674,510,2,1
2836,24675,504,1,0
2840,24675,510,2,1
2836,24676,504,1,0
2840,24676,510,2,1
