arret_id,trajet_id,heure_depart,stop_sequence,terminus
bloisce,2951,1165,1,0
gddomai1,2951,1166,2,0
belepin1,2951,1166,3,0
metairi1,2951,1167,4,0
bellece1,2951,1168,5,0
fontene1,2951,1169,6,0
boulais1,2951,1169,7,0
macceui1,2951,1170,8,0
muguet1,2951,1171,9,0
vilaine1,2951,1171,10,0
plsevig1,2951,1172,11,0
hublais1,2951,1173,12,0
taillis1,2951,1174,13,0
belair1,2951,1176,14,0
tourneb1,2951,1177,15,0
plbaud1,2951,1179,16,0
ptstras1,2951,1181,17,0
robidou1,2951,1182,18,0
ptchadu1,2951,1183,19,0
bert1,2951,1184,20,0
ptpastm1,2951,1185,21,0
repjof3,2951,1186,22,1
repjof3,1810,1070,1,0
ptpastm2,1810,1071,2,0
bert2,1810,1072,3,0
ptchadu2,1810,1073,4,0
robidou2,1810,1074,5,0
ptstras2,1810,1074,6,0
plbaud2,1810,1076,7,0
tourneb2,1810,1077,8,0
belair2,1810,1079,9,0
taillis2,1810,1080,10,0
hublais2,1810,1081,11,0
plsevig2,1810,1082,12,0
vilaine2,1810,1083,13,0
muguet2,1810,1084,14,0
macceui2,1810,1085,15,0
boulais2,1810,1085,16,0
fontene2,1810,1086,17,0
bellece2,1810,1087,18,0
metairi2,1810,1088,19,0
belepin2,1810,1089,20,0
gddomai2,1810,1090,21,0
bloisce,1810,1091,22,1
repjof3,1819,810,1,0
ptpastm2,1819,811,2,0
bert2,1819,812,3,0
ptchadu2,1819,813,4,0
robidou2,1819,814,5,0
ptstras2,1819,814,6,0
plbaud2,1819,816,7,0
tourneb2,1819,818,8,0
belair2,1819,820,9,0
taillis2,1819,821,10,0
hublais2,1819,822,11,0
plsevig2,1819,823,12,0
vilaine2,1819,824,13,0
muguet2,1819,825,14,0
macceui2,1819,826,15,0
boulais2,1819,826,16,0
fontene2,1819,827,17,0
bellece2,1819,828,18,0
metairi2,1819,829,19,0
belepin2,1819,831,20,0
gddomai2,1819,832,21,0
bloisce,1819,833,22,1
bloisce,2974,470,1,0
gddomai1,2974,471,2,0
belepin1,2974,472,3,0
metairi1,2974,473,4,0
bellece1,2974,474,5,0
fontene1,2974,475,6,0
boulais1,2974,475,7,0
macceui1,2974,476,8,0
muguet1,2974,477,9,0
vilaine1,2974,477,10,0
plsevig1,2974,478,11,0
hublais1,2974,479,12,0
taillis1,2974,480,13,0
belair1,2974,481,14,0
tourneb1,2974,482,15,0
plbaud1,2974,484,16,0
ptstras1,2974,486,17,0
robidou1,2974,487,18,0
ptchadu1,2974,488,19,0
bert1,2974,489,20,0
ptpastm1,2974,490,21,0
repjof3,2974,491,22,1
repjof3,1844,1195,1,0
ptpastm2,1844,1196,2,0
bert2,1844,1197,3,0
ptchadu2,1844,1198,4,0
robidou2,1844,1199,5,0
ptstras2,1844,1199,6,0
plbaud2,1844,1201,7,0
tourneb2,1844,1202,8,0
belair2,1844,1204,9,0
taillis2,1844,1205,10,0
hublais2,1844,1206,11,0
plsevig2,1844,1207,12,0
vilaine2,1844,1208,13,0
muguet2,1844,1208,14,0
macceui2,1844,1209,15,0
boulais2,1844,1210,16,0
fontene2,1844,1210,17,0
bellece2,1844,1211,18,0
metairi2,1844,1212,19,0
belepin2,1844,1214,20,0
gddomai2,1844,1215,21,0
bloisce,1844,1216,22,1
repjof3,2971,590,1,0
ptpastm2,2971,591,2,0
bert2,2971,592,3,0
ptchadu2,2971,593,4,0
robidou2,2971,594,5,0
ptstras2,2971,594,6,0
plbaud2,2971,596,7,0
tourneb2,2971,597,8,0
belair2,2971,599,9,0
taillis2,2971,600,10,0
hublais2,2971,601,11,0
plsevig2,2971,602,12,0
vilaine2,2971,603,13,0
muguet2,2971,603,14,0
macceui2,2971,604,15,0
boulais2,2971,605,16,0
fontene2,2971,605,17,0
bellece2,2971,606,18,0
metairi2,2971,607,19,0
belepin2,2971,608,20,0
gddomai2,2971,609,21,0
bloisce,2971,610,22,1
repjof3,1833,510,1,0
ptpastm2,1833,511,2,0
bert2,1833,512,3,0
ptchadu2,1833,513,4,0
robidou2,1833,514,5,0
ptstras2,1833,515,6,0
plbaud2,1833,517,7,0
tourneb2,1833,519,8,0
belair2,1833,521,9,0
taillis2,1833,522,10,0
hublais2,1833,523,11,0
plsevig2,1833,524,12,0
vilaine2,1833,525,13,0
muguet2,1833,526,14,0
macceui2,1833,527,15,0
boulais2,1833,527,16,0
fontene2,1833,528,17,0
bellece2,1833,529,18,0
metairi2,1833,530,19,0
belepin2,1833,532,20,0
gddomai2,1833,533,21,0
bloisce,1833,534,22,1
bloisce,1834,680,1,0
gddomai1,1834,681,2,0
belepin1,1834,682,3,0
metairi1,1834,683,4,0
bellece1,1834,684,5,0
fontene1,1834,685,6,0
boulais1,1834,685,7,0
macceui1,1834,686,8,0
muguet1,1834,687,9,0
vilaine1,1834,687,10,0
plsevig1,1834,688,11,0
hublais1,1834,689,12,0
taillis1,1834,690,13,0
belair1,1834,692,14,0
tourneb1,1834,693,15,0
plbaud1,1834,695,16,0
ptstras1,1834,697,17,0
robidou1,1834,698,18,0
ptchadu1,1834,699,19,0
bert1,1834,700,20,0
ptpastm1,1834,701,21,0
repjof3,1834,702,22,1
bloisce,2994,450,1,0
gddomai1,2994,451,2,0
belepin1,2994,452,3,0
metairi1,2994,453,4,0
bellece1,2994,454,5,0
fontene1,2994,455,6,0
boulais1,2994,455,7,0
macceui1,2994,456,8,0
muguet1,2994,457,9,0
vilaine1,2994,457,10,0
plsevig1,2994,458,11,0
hublais1,2994,459,12,0
taillis1,2994,460,13,0
belair1,2994,462,14,0
tourneb1,2994,463,15,0
plbaud1,2994,465,16,0
ptstras1,2994,467,17,0
robidou1,2994,468,18,0
ptchadu1,2994,469,19,0
bert1,2994,470,20,0
ptpastm1,2994,471,21,0
repjof3,2994,472,22,1
bloisce,2984,1060,1,0
gddomai1,2984,1061,2,0
belepin1,2984,1062,3,0
metairi1,2984,1063,4,0
bellece1,2984,1064,5,0
fontene1,2984,1065,6,0
boulais1,2984,1066,7,0
macceui1,2984,1066,8,0
muguet1,2984,1067,9,0
vilaine1,2984,1068,10,0
plsevig1,2984,1069,11,0
hublais1,2984,1070,12,0
taillis1,2984,1071,13,0
belair1,2984,1073,14,0
tourneb1,2984,1074,15,0
plbaud1,2984,1077,16,0
ptstras1,2984,1079,17,0
robidou1,2984,1080,18,0
ptchadu1,2984,1081,19,0
bert1,2984,1082,20,0
ptpastm1,2984,1083,21,0
repjof3,2984,1084,22,1
bloisce,2988,1040,1,0
gddomai1,2988,1041,2,0
belepin1,2988,1041,3,0
metairi1,2988,1042,4,0
bellece1,2988,1043,5,0
fontene1,2988,1044,6,0
boulais1,2988,1044,7,0
macceui1,2988,1045,8,0
muguet1,2988,1046,9,0
vilaine1,2988,1046,10,0
plsevig1,2988,1047,11,0
hublais1,2988,1048,12,0
taillis1,2988,1049,13,0
belair1,2988,1051,14,0
tourneb1,2988,1052,15,0
plbaud1,2988,1054,16,0
ptstras1,2988,1056,17,0
robidou1,2988,1057,18,0
ptchadu1,2988,1058,19,0
bert1,2988,1059,20,0
ptpastm1,2988,1060,21,0
repjof3,2988,1061,22,1
repjof3,2919,1050,1,0
ptpastm2,2919,1051,2,0
bert2,2919,1052,3,0
ptchadu2,2919,1053,4,0
robidou2,2919,1054,5,0
ptstras2,2919,1054,6,0
plbaud2,2919,1056,7,0
tourneb2,2919,1058,8,0
belair2,2919,1060,9,0
taillis2,2919,1061,10,0
hublais2,2919,1062,11,0
plsevig2,2919,1063,12,0
vilaine2,2919,1064,13,0
muguet2,2919,1065,14,0
macceui2,2919,1066,15,0
boulais2,2919,1066,16,0
fontene2,2919,1067,17,0
bellece2,2919,1068,18,0
metairi2,2919,1069,19,0
belepin2,2919,1070,20,0
gddomai2,2919,1071,21,0
bloisce,2919,1072,22,1
bloisce,1864,435,1,0
gddomai1,1864,436,2,0
belepin1,1864,437,3,0
metairi1,1864,438,4,0
bellece1,1864,439,5,0
fontene1,1864,440,6,0
boulais1,1864,440,7,0
macceui1,1864,441,8,0
muguet1,1864,442,9,0
vilaine1,1864,442,10,0
plsevig1,1864,443,11,0
hublais1,1864,444,12,0
taillis1,1864,445,13,0
belair1,1864,447,14,0
tourneb1,1864,448,15,0
plbaud1,1864,450,16,0
ptstras1,1864,452,17,0
robidou1,1864,453,18,0
ptchadu1,1864,454,19,0
bert1,1864,455,20,0
ptpastm1,1864,456,21,0
repjof3,1864,457,22,1
bloisce,1852,360,1,0
gddomai1,1852,361,2,0
belepin1,1852,361,3,0
metairi1,1852,362,4,0
bellece1,1852,363,5,0
fontene1,1852,364,6,0
boulais1,1852,364,7,0
macceui1,1852,365,8,0
muguet1,1852,366,9,0
vilaine1,1852,366,10,0
plsevig1,1852,367,11,0
hublais1,1852,368,12,0
taillis1,1852,369,13,0
belair1,1852,370,14,0
tourneb1,1852,371,15,0
plbaud1,1852,373,16,0
ptstras1,1852,375,17,0
robidou1,1852,376,18,0
ptchadu1,1852,377,19,0
bert1,1852,378,20,0
ptpastm1,1852,379,21,0
repjof3,1852,380,22,1
bloisce,4703,710,1,0
gddomai1,4703,711,2,0
belepin1,4703,712,3,0
metairi1,4703,713,4,0
bellece1,4703,714,5,0
fontene1,4703,715,6,0
boulais1,4703,715,7,0
macceui1,4703,716,8,0
muguet1,4703,717,9,0
vilaine1,4703,717,10,0
plsevig1,4703,718,11,0
hublais1,4703,719,12,0
taillis1,4703,720,13,0
belair1,4703,722,14,0
tourneb1,4703,723,15,0
plbaud1,4703,725,16,0
ptstras1,4703,727,17,0
robidou1,4703,728,18,0
ptchadu1,4703,729,19,0
bert1,4703,730,20,0
ptpastm1,4703,731,21,0
repjof3,4703,732,22,1
repjof3,4715,830,1,0
ptpastm2,4715,831,2,0
bert2,4715,832,3,0
ptchadu2,4715,833,4,0
robidou2,4715,834,5,0
ptstras2,4715,834,6,0
plbaud2,4715,836,7,0
tourneb2,4715,838,8,0
belair2,4715,840,9,0
taillis2,4715,841,10,0
hublais2,4715,842,11,0
plsevig2,4715,843,12,0
vilaine2,4715,844,13,0
muguet2,4715,845,14,0
macceui2,4715,846,15,0
boulais2,4715,846,16,0
fontene2,4715,847,17,0
bellece2,4715,848,18,0
metairi2,4715,849,19,0
belepin2,4715,851,20,0
gddomai2,4715,852,21,0
bloisce,4715,853,22,1
bloisce,1880,1275,1,0
gddomai1,1880,1276,2,0
belepin1,1880,1276,3,0
metairi1,1880,1277,4,0
bellece1,1880,1278,5,0
fontene1,1880,1279,6,0
boulais1,1880,1279,7,0
macceui1,1880,1280,8,0
muguet1,1880,1281,9,0
vilaine1,1880,1281,10,0
plsevig1,1880,1282,11,0
hublais1,1880,1283,12,0
taillis1,1880,1284,13,0
belair1,1880,1285,14,0
tourneb1,1880,1286,15,0
plbaud1,1880,1288,16,0
ptstras1,1880,1290,17,0
robidou1,1880,1291,18,0
ptchadu1,1880,1292,19,0
bert1,1880,1293,20,0
ptpastm1,1880,1294,21,0
repjof3,1880,1295,22,1
bloisce,4641,980,1,0
gddomai1,4641,981,2,0
belepin1,4641,982,3,0
metairi1,4641,983,4,0
bellece1,4641,984,5,0
fontene1,4641,985,6,0
boulais1,4641,985,7,0
macceui1,4641,986,8,0
muguet1,4641,987,9,0
vilaine1,4641,987,10,0
plsevig1,4641,988,11,0
hublais1,4641,989,12,0
taillis1,4641,990,13,0
belair1,4641,992,14,0
tourneb1,4641,993,15,0
plbaud1,4641,995,16,0
ptstras1,4641,997,17,0
robidou1,4641,998,18,0
ptchadu1,4641,999,19,0
bert1,4641,1000,20,0
ptpastm1,4641,1001,21,0
repjof3,4641,1002,22,1
repjof3,4625,890,1,0
ptpastm2,4625,891,2,0
bert2,4625,892,3,0
ptchadu2,4625,893,4,0
robidou2,4625,894,5,0
ptstras2,4625,894,6,0
plbaud2,4625,896,7,0
tourneb2,4625,898,8,0
belair2,4625,900,9,0
taillis2,4625,901,10,0
hublais2,4625,902,11,0
plsevig2,4625,903,12,0
vilaine2,4625,904,13,0
muguet2,4625,905,14,0
macceui2,4625,906,15,0
boulais2,4625,906,16,0
fontene2,4625,907,17,0
bellece2,4625,908,18,0
metairi2,4625,909,19,0
belepin2,4625,911,20,0
gddomai2,4625,912,21,0
bloisce,4625,913,22,1
bloisce,4643,680,1,0
gddomai1,4643,681,2,0
belepin1,4643,681,3,0
metairi1,4643,682,4,0
bellece1,4643,683,5,0
fontene1,4643,684,6,0
boulais1,4643,684,7,0
macceui1,4643,685,8,0
muguet1,4643,686,9,0
vilaine1,4643,686,10,0
plsevig1,4643,687,11,0
hublais1,4643,688,12,0
taillis1,4643,689,13,0
belair1,4643,691,14,0
tourneb1,4643,692,15,0
plbaud1,4643,694,16,0
ptstras1,4643,696,17,0
robidou1,4643,697,18,0
ptchadu1,4643,698,19,0
bert1,4643,699,20,0
ptpastm1,4643,700,21,0
repjof3,4643,701,22,1
repjof3,4693,1250,1,0
ptpastm2,4693,1251,2,0
bert2,4693,1252,3,0
ptchadu2,4693,1253,4,0
robidou2,4693,1254,5,0
ptstras2,4693,1254,6,0
plbaud2,4693,1256,7,0
tourneb2,4693,1257,8,0
belair2,4693,1259,9,0
taillis2,4693,1260,10,0
hublais2,4693,1261,11,0
plsevig2,4693,1262,12,0
vilaine2,4693,1263,13,0
muguet2,4693,1263,14,0
macceui2,4693,1264,15,0
boulais2,4693,1264,16,0
fontene2,4693,1265,17,0
bellece2,4693,1265,18,0
metairi2,4693,1266,19,0
belepin2,4693,1268,20,0
gddomai2,4693,1269,21,0
bloisce,4693,1270,22,1
bloisce,1720,1120,1,0
gddomai1,1720,1121,2,0
belepin1,1720,1122,3,0
metairi1,1720,1123,4,0
bellece1,1720,1124,5,0
fontene1,1720,1125,6,0
boulais1,1720,1125,7,0
macceui1,1720,1126,8,0
muguet1,1720,1127,9,0
vilaine1,1720,1127,10,0
plsevig1,1720,1128,11,0
hublais1,1720,1129,12,0
taillis1,1720,1130,13,0
belair1,1720,1132,14,0
tourneb1,1720,1133,15,0
plbaud1,1720,1135,16,0
ptstras1,1720,1137,17,0
robidou1,1720,1138,18,0
ptchadu1,1720,1139,19,0
bert1,1720,1140,20,0
ptpastm1,1720,1141,21,0
repjof3,1720,1142,22,1
bloisce,409,1330,1,0
gddomai1,409,1331,2,0
belepin1,409,1331,3,0
metairi1,409,1332,4,0
bellece1,409,1333,5,0
fontene1,409,1334,6,0
boulais1,409,1334,7,0
macceui1,409,1335,8,0
muguet1,409,1336,9,0
vilaine1,409,1336,10,0
plsevig1,409,1337,11,0
hublais1,409,1338,12,0
taillis1,409,1339,13,0
belair1,409,1340,14,0
tourneb1,409,1341,15,0
plbaud1,409,1343,16,0
ptstras1,409,1345,17,0
robidou1,409,1346,18,0
ptchadu1,409,1347,19,0
bert1,409,1348,20,0
ptpastm1,409,1349,21,0
repjof3,409,1350,22,1
bloisce,2849,1220,1,0
gddomai1,2849,1221,2,0
belepin1,2849,1221,3,0
metairi1,2849,1222,4,0
bellece1,2849,1223,5,0
fontene1,2849,1224,6,0
boulais1,2849,1224,7,0
macceui1,2849,1225,8,0
muguet1,2849,1226,9,0
vilaine1,2849,1226,10,0
plsevig1,2849,1227,11,0
hublais1,2849,1228,12,0
taillis1,2849,1229,13,0
belair1,2849,1230,14,0
tourneb1,2849,1231,15,0
plbaud1,2849,1233,16,0
ptstras1,2849,1235,17,0
robidou1,2849,1236,18,0
ptchadu1,2849,1237,19,0
bert1,2849,1238,20,0
ptpastm1,2849,1239,21,0
repjof3,2849,1240,22,1
repjof3,404,710,1,0
ptpastm2,404,711,2,0
bert2,404,712,3,0
ptchadu2,404,713,4,0
robidou2,404,714,5,0
ptstras2,404,714,6,0
plbaud2,404,716,7,0
tourneb2,404,717,8,0
belair2,404,718,9,0
taillis2,404,719,10,0
hublais2,404,720,11,0
plsevig2,404,721,12,0
vilaine2,404,722,13,0
muguet2,404,723,14,0
macceui2,404,724,15,0
boulais2,404,724,16,0
fontene2,404,725,17,0
bellece2,404,726,18,0
metairi2,404,727,19,0
belepin2,404,728,20,0
gddomai2,404,729,21,0
bloisce,404,730,22,1
repjof3,1711,770,1,0
ptpastm2,1711,771,2,0
bert2,1711,772,3,0
ptchadu2,1711,773,4,0
robidou2,1711,774,5,0
ptstras2,1711,774,6,0
plbaud2,1711,776,7,0
tourneb2,1711,777,8,0
belair2,1711,778,9,0
taillis2,1711,779,10,0
hublais2,1711,780,11,0
plsevig2,1711,781,12,0
vilaine2,1711,782,13,0
muguet2,1711,783,14,0
macceui2,1711,784,15,0
boulais2,1711,784,16,0
fontene2,1711,785,17,0
bellece2,1711,786,18,0
metairi2,1711,787,19,0
belepin2,1711,788,20,0
gddomai2,1711,789,21,0
bloisce,1711,790,22,1
repjof3,402,385,1,0
ptpastm2,402,386,2,0
bert2,402,387,3,0
ptchadu2,402,388,4,0
robidou2,402,389,5,0
ptstras2,402,389,6,0
plbaud2,402,391,7,0
tourneb2,402,392,8,0
belair2,402,393,9,0
taillis2,402,394,10,0
hublais2,402,395,11,0
plsevig2,402,396,12,0
vilaine2,402,397,13,0
muguet2,402,397,14,0
macceui2,402,398,15,0
boulais2,402,399,16,0
fontene2,402,399,17,0
bellece2,402,400,18,0
metairi2,402,401,19,0
belepin2,402,402,20,0
gddomai2,402,403,21,0
bloisce,402,404,22,1
bloisce,1700,500,1,0
gddomai1,1700,501,2,0
belepin1,1700,502,3,0
metairi1,1700,503,4,0
bellece1,1700,504,5,0
fontene1,1700,505,6,0
boulais1,1700,505,7,0
macceui1,1700,506,8,0
muguet1,1700,507,9,0
vilaine1,1700,507,10,0
plsevig1,1700,508,11,0
hublais1,1700,509,12,0
taillis1,1700,510,13,0
belair1,1700,512,14,0
tourneb1,1700,513,15,0
plbaud1,1700,515,16,0
ptstras1,1700,517,17,0
robidou1,1700,518,18,0
ptchadu1,1700,519,19,0
bert1,1700,520,20,0
ptpastm1,1700,521,21,0
repjof3,1700,522,22,1
bloisce,2877,1120,1,0
gddomai1,2877,1121,2,0
belepin1,2877,1121,3,0
metairi1,2877,1122,4,0
bellece1,2877,1123,5,0
fontene1,2877,1124,6,0
boulais1,2877,1124,7,0
macceui1,2877,1125,8,0
muguet1,2877,1126,9,0
vilaine1,2877,1126,10,0
plsevig1,2877,1127,11,0
hublais1,2877,1128,12,0
taillis1,2877,1129,13,0
belair1,2877,1131,14,0
tourneb1,2877,1132,15,0
plbaud1,2877,1134,16,0
ptstras1,2877,1136,17,0
robidou1,2877,1137,18,0
ptchadu1,2877,1138,19,0
bert1,2877,1139,20,0
ptpastm1,2877,1140,21,0
repjof3,2877,1141,22,1
repjof3,455,830,1,0
ptpastm2,455,831,2,0
bert2,455,832,3,0
ptchadu2,455,833,4,0
robidou2,455,834,5,0
ptstras2,455,834,6,0
plbaud2,455,836,7,0
tourneb2,455,837,8,0
belair2,455,838,9,0
taillis2,455,839,10,0
hublais2,455,840,11,0
plsevig2,455,841,12,0
vilaine2,455,842,13,0
muguet2,455,843,14,0
macceui2,455,844,15,0
boulais2,455,844,16,0
fontene2,455,845,17,0
bellece2,455,846,18,0
metairi2,455,847,19,0
belepin2,455,848,20,0
gddomai2,455,849,21,0
bloisce,455,850,22,1
repjof3,1775,830,1,0
ptpastm2,1775,831,2,0
bert2,1775,832,3,0
ptchadu2,1775,833,4,0
robidou2,1775,834,5,0
ptstras2,1775,834,6,0
plbaud2,1775,836,7,0
tourneb2,1775,838,8,0
belair2,1775,840,9,0
taillis2,1775,841,10,0
hublais2,1775,842,11,0
plsevig2,1775,843,12,0
vilaine2,1775,844,13,0
muguet2,1775,845,14,0
macceui2,1775,846,15,0
boulais2,1775,846,16,0
fontene2,1775,847,17,0
bellece2,1775,848,18,0
metairi2,1775,849,19,0
belepin2,1775,850,20,0
gddomai2,1775,851,21,0
bloisce,1775,852,22,1
bloisce,1765,1030,1,0
gddomai1,1765,1031,2,0
belepin1,1765,1032,3,0
metairi1,1765,1033,4,0
bellece1,1765,1034,5,0
fontene1,1765,1035,6,0
boulais1,1765,1036,7,0
macceui1,1765,1036,8,0
muguet1,1765,1037,9,0
vilaine1,1765,1038,10,0
plsevig1,1765,1039,11,0
hublais1,1765,1040,12,0
taillis1,1765,1041,13,0
belair1,1765,1043,14,0
tourneb1,1765,1044,15,0
plbaud1,1765,1047,16,0
ptstras1,1765,1049,17,0
robidou1,1765,1050,18,0
ptchadu1,1765,1051,19,0
bert1,1765,1052,20,0
ptpastm1,1765,1053,21,0
repjof3,1765,1054,22,1
repjof3,2808,870,1,0
ptpastm2,2808,871,2,0
bert2,2808,872,3,0
ptchadu2,2808,873,4,0
robidou2,2808,874,5,0
ptstras2,2808,874,6,0
plbaud2,2808,876,7,0
tourneb2,2808,878,8,0
belair2,2808,880,9,0
taillis2,2808,881,10,0
hublais2,2808,882,11,0
plsevig2,2808,883,12,0
vilaine2,2808,884,13,0
muguet2,2808,885,14,0
macceui2,2808,886,15,0
boulais2,2808,886,16,0
fontene2,2808,887,17,0
bellece2,2808,888,18,0
metairi2,2808,889,19,0
belepin2,2808,890,20,0
gddomai2,2808,891,21,0
bloisce,2808,892,22,1
repjof3,38,1305,1,0
ptpastm2,38,1306,2,0
bert2,38,1307,3,0
ptchadu2,38,1308,4,0
robidou2,38,1309,5,0
ptstras2,38,1309,6,0
plbaud2,38,1311,7,0
tourneb2,38,1312,8,0
belair2,38,1313,9,0
taillis2,38,1314,10,0
hublais2,38,1315,11,0
plsevig2,38,1316,12,0
vilaine2,38,1317,13,0
muguet2,38,1317,14,0
macceui2,38,1318,15,0
boulais2,38,1319,16,0
fontene2,38,1319,17,0
bellece2,38,1320,18,0
metairi2,38,1321,19,0
belepin2,38,1322,20,0
gddomai2,38,1323,21,0
bloisce,38,1324,22,1
repjof3,4514,590,1,0
ptpastm2,4514,591,2,0
bert2,4514,592,3,0
ptchadu2,4514,593,4,0
robidou2,4514,594,5,0
ptstras2,4514,594,6,0
plbaud2,4514,596,7,0
tourneb2,4514,597,8,0
belair2,4514,598,9,0
taillis2,4514,599,10,0
hublais2,4514,600,11,0
plsevig2,4514,601,12,0
vilaine2,4514,602,13,0
muguet2,4514,603,14,0
macceui2,4514,604,15,0
boulais2,4514,604,16,0
fontene2,4514,605,17,0
bellece2,4514,606,18,0
metairi2,4514,607,19,0
belepin2,4514,608,20,0
gddomai2,4514,609,21,0
bloisce,4514,610,22,1
repjof3,4540,1305,1,0
ptpastm2,4540,1306,2,0
bert2,4540,1307,3,0
ptchadu2,4540,1308,4,0
robidou2,4540,1309,5,0
ptstras2,4540,1309,6,0
plbaud2,4540,1311,7,0
tourneb2,4540,1312,8,0
belair2,4540,1313,9,0
taillis2,4540,1314,10,0
hublais2,4540,1315,11,0
plsevig2,4540,1316,12,0
vilaine2,4540,1317,13,0
muguet2,4540,1317,14,0
macceui2,4540,1318,15,0
boulais2,4540,1318,16,0
fontene2,4540,1319,17,0
bellece2,4540,1319,18,0
metairi2,4540,1320,19,0
belepin2,4540,1322,20,0
gddomai2,4540,1323,21,0
bloisce,4540,1324,22,1
bloisce,4539,560,1,0
gddomai1,4539,561,2,0
belepin1,4539,562,3,0
metairi1,4539,563,4,0
bellece1,4539,564,5,0
fontene1,4539,565,6,0
boulais1,4539,565,7,0
macceui1,4539,566,8,0
muguet1,4539,567,9,0
vilaine1,4539,567,10,0
plsevig1,4539,568,11,0
hublais1,4539,569,12,0
taillis1,4539,570,13,0
belair1,4539,572,14,0
tourneb1,4539,573,15,0
plbaud1,4539,575,16,0
ptstras1,4539,577,17,0
robidou1,4539,578,18,0
ptchadu1,4539,579,19,0
bert1,4539,580,20,0
ptpastm1,4539,581,21,0
repjof3,4539,582,22,1
bloisce,4536,880,1,0
gddomai1,4536,881,2,0
belepin1,4536,882,3,0
metairi1,4536,883,4,0
bellece1,4536,884,5,0
fontene1,4536,885,6,0
boulais1,4536,886,7,0
macceui1,4536,886,8,0
muguet1,4536,887,9,0
vilaine1,4536,888,10,0
plsevig1,4536,889,11,0
hublais1,4536,890,12,0
taillis1,4536,891,13,0
belair1,4536,893,14,0
tourneb1,4536,894,15,0
plbaud1,4536,897,16,0
ptstras1,4536,899,17,0
robidou1,4536,900,18,0
ptchadu1,4536,901,19,0
bert1,4536,902,20,0
ptpastm1,4536,903,21,0
repjof3,4536,904,22,1
repjof3,47,1360,1,0
ptpastm2,47,1361,2,0
bert2,47,1362,3,0
ptchadu2,47,1363,4,0
robidou2,47,1364,5,0
ptstras2,47,1364,6,0
plbaud2,47,1366,7,0
tourneb2,47,1367,8,0
belair2,47,1368,9,0
taillis2,47,1369,10,0
hublais2,47,1370,11,0
plsevig2,47,1371,12,0
vilaine2,47,1372,13,0
muguet2,47,1372,14,0
macceui2,47,1373,15,0
boulais2,47,1374,16,0
fontene2,47,1374,17,0
bellece2,47,1375,18,0
metairi2,47,1376,19,0
belepin2,47,1377,20,0
gddomai2,47,1378,21,0
bloisce,47,1379,22,1
bloisce,4531,440,1,0
gddomai1,4531,441,2,0
belepin1,4531,442,3,0
metairi1,4531,443,4,0
bellece1,4531,444,5,0
fontene1,4531,445,6,0
boulais1,4531,445,7,0
macceui1,4531,446,8,0
muguet1,4531,447,9,0
vilaine1,4531,447,10,0
plsevig1,4531,448,11,0
hublais1,4531,449,12,0
taillis1,4531,450,13,0
belair1,4531,451,14,0
tourneb1,4531,452,15,0
plbaud1,4531,454,16,0
ptstras1,4531,456,17,0
robidou1,4531,457,18,0
ptchadu1,4531,458,19,0
bert1,4531,459,20,0
ptpastm1,4531,460,21,0
repjof3,4531,461,22,1
bloisce,2790,860,1,0
gddomai1,2790,861,2,0
belepin1,2790,862,3,0
metairi1,2790,863,4,0
bellece1,2790,864,5,0
fontene1,2790,865,6,0
boulais1,2790,866,7,0
macceui1,2790,866,8,0
muguet1,2790,867,9,0
vilaine1,2790,868,10,0
plsevig1,2790,869,11,0
hublais1,2790,870,12,0
taillis1,2790,871,13,0
belair1,2790,873,14,0
tourneb1,2790,874,15,0
plbaud1,2790,877,16,0
ptstras1,2790,879,17,0
robidou1,2790,880,18,0
ptchadu1,2790,881,19,0
bert1,2790,882,20,0
ptpastm1,2790,883,21,0
repjof3,2790,884,22,1
repjof3,2793,890,1,0
ptpastm2,2793,891,2,0
bert2,2793,892,3,0
ptchadu2,2793,893,4,0
robidou2,2793,894,5,0
ptstras2,2793,894,6,0
plbaud2,2793,896,7,0
tourneb2,2793,897,8,0
belair2,2793,899,9,0
taillis2,2793,900,10,0
hublais2,2793,901,11,0
plsevig2,2793,902,12,0
vilaine2,2793,903,13,0
muguet2,2793,904,14,0
macceui2,2793,905,15,0
boulais2,2793,905,16,0
fontene2,2793,906,17,0
bellece2,2793,907,18,0
metairi2,2793,908,19,0
belepin2,2793,909,20,0
gddomai2,2793,910,21,0
bloisce,2793,911,22,1
repjof3,490,1000,1,0
ptpastm2,490,1001,2,0
bert2,490,1002,3,0
ptchadu2,490,1003,4,0
robidou2,490,1004,5,0
ptstras2,490,1005,6,0
plbaud2,490,1007,7,0
tourneb2,490,1009,8,0
belair2,490,1011,9,0
taillis2,490,1012,10,0
hublais2,490,1013,11,0
plsevig2,490,1014,12,0
vilaine2,490,1015,13,0
muguet2,490,1016,14,0
macceui2,490,1017,15,0
boulais2,490,1017,16,0
fontene2,490,1018,17,0
bellece2,490,1019,18,0
metairi2,490,1020,19,0
belepin2,490,1022,20,0
gddomai2,490,1023,21,0
bloisce,490,1024,22,1
repjof3,88,870,1,0
ptpastm2,88,871,2,0
bert2,88,872,3,0
ptchadu2,88,873,4,0
robidou2,88,874,5,0
ptstras2,88,874,6,0
plbaud2,88,876,7,0
tourneb2,88,878,8,0
belair2,88,880,9,0
taillis2,88,881,10,0
hublais2,88,882,11,0
plsevig2,88,883,12,0
vilaine2,88,884,13,0
muguet2,88,885,14,0
macceui2,88,886,15,0
boulais2,88,886,16,0
fontene2,88,887,17,0
bellece2,88,888,18,0
metairi2,88,889,19,0
belepin2,88,891,20,0
gddomai2,88,892,21,0
bloisce,88,893,22,1
bloisce,1603,620,1,0
gddomai1,1603,621,2,0
belepin1,1603,621,3,0
metairi1,1603,622,4,0
bellece1,1603,623,5,0
fontene1,1603,624,6,0
boulais1,1603,624,7,0
macceui1,1603,625,8,0
muguet1,1603,626,9,0
vilaine1,1603,626,10,0
plsevig1,1603,627,11,0
hublais1,1603,628,12,0
taillis1,1603,629,13,0
belair1,1603,631,14,0
tourneb1,1603,632,15,0
plbaud1,1603,634,16,0
ptstras1,1603,636,17,0
robidou1,1603,637,18,0
ptchadu1,1603,638,19,0
bert1,1603,639,20,0
ptpastm1,1603,640,21,0
repjof3,1603,641,22,1
bloisce,1655,480,1,0
gddomai1,1655,481,2,0
belepin1,1655,482,3,0
metairi1,1655,483,4,0
bellece1,1655,484,5,0
fontene1,1655,485,6,0
boulais1,1655,485,7,0
macceui1,1655,486,8,0
muguet1,1655,487,9,0
vilaine1,1655,487,10,0
plsevig1,1655,488,11,0
hublais1,1655,489,12,0
taillis1,1655,490,13,0
belair1,1655,492,14,0
tourneb1,1655,493,15,0
plbaud1,1655,496,16,0
ptstras1,1655,499,17,0
robidou1,1655,500,18,0
ptchadu1,1655,501,19,0
bert1,1655,502,20,0
ptpastm1,1655,503,21,0
repjof3,1655,504,22,1
repjof3,1692,560,1,0
ptpastm2,1692,561,2,0
bert2,1692,562,3,0
ptchadu2,1692,563,4,0
robidou2,1692,564,5,0
ptstras2,1692,564,6,0
plbaud2,1692,566,7,0
tourneb2,1692,567,8,0
belair2,1692,569,9,0
taillis2,1692,570,10,0
hublais2,1692,571,11,0
plsevig2,1692,572,12,0
vilaine2,1692,573,13,0
muguet2,1692,573,14,0
macceui2,1692,574,15,0
boulais2,1692,575,16,0
fontene2,1692,575,17,0
bellece2,1692,576,18,0
metairi2,1692,577,19,0
belepin2,1692,578,20,0
gddomai2,1692,579,21,0
bloisce,1692,580,22,1
bloisce,1689,940,1,0
gddomai1,1689,941,2,0
belepin1,1689,942,3,0
metairi1,1689,943,4,0
bellece1,1689,944,5,0
fontene1,1689,945,6,0
boulais1,1689,946,7,0
macceui1,1689,946,8,0
muguet1,1689,947,9,0
vilaine1,1689,948,10,0
plsevig1,1689,949,11,0
hublais1,1689,950,12,0
taillis1,1689,951,13,0
belair1,1689,953,14,0
tourneb1,1689,954,15,0
plbaud1,1689,956,16,0
ptstras1,1689,958,17,0
robidou1,1689,959,18,0
ptchadu1,1689,960,19,0
bert1,1689,961,20,0
ptpastm1,1689,962,21,0
repjof3,1689,963,22,1
bloisce,1678,510,1,0
gddomai1,1678,511,2,0
belepin1,1678,512,3,0
metairi1,1678,513,4,0
bellece1,1678,514,5,0
fontene1,1678,515,6,0
boulais1,1678,515,7,0
macceui1,1678,516,8,0
muguet1,1678,517,9,0
vilaine1,1678,517,10,0
plsevig1,1678,518,11,0
hublais1,1678,519,12,0
taillis1,1678,520,13,0
belair1,1678,522,14,0
tourneb1,1678,523,15,0
plbaud1,1678,526,16,0
ptstras1,1678,529,17,0
robidou1,1678,530,18,0
ptchadu1,1678,531,19,0
bert1,1678,532,20,0
ptpastm1,1678,533,21,0
repjof3,1678,534,22,1
bloisce,1577,620,1,0
gddomai1,1577,621,2,0
belepin1,1577,622,3,0
metairi1,1577,623,4,0
bellece1,1577,624,5,0
fontene1,1577,625,6,0
boulais1,1577,625,7,0
macceui1,1577,626,8,0
muguet1,1577,627,9,0
vilaine1,1577,627,10,0
plsevig1,1577,628,11,0
hublais1,1577,629,12,0
taillis1,1577,630,13,0
belair1,1577,632,14,0
tourneb1,1577,633,15,0
plbaud1,1577,635,16,0
ptstras1,1577,638,17,0
robidou1,1577,639,18,0
ptchadu1,1577,640,19,0
bert1,1577,641,20,0
ptpastm1,1577,642,21,0
repjof3,1577,643,22,1
repjof3,1579,1415,1,0
ptpastm2,1579,1416,2,0
bert2,1579,1417,3,0
ptchadu2,1579,1418,4,0
robidou2,1579,1419,5,0
ptstras2,1579,1419,6,0
plbaud2,1579,1421,7,0
tourneb2,1579,1422,8,0
belair2,1579,1423,9,0
taillis2,1579,1424,10,0
hublais2,1579,1425,11,0
plsevig2,1579,1426,12,0
vilaine2,1579,1427,13,0
muguet2,1579,1427,14,0
macceui2,1579,1428,15,0
boulais2,1579,1429,16,0
fontene2,1579,1429,17,0
bellece2,1579,1430,18,0
metairi2,1579,1431,19,0
belepin2,1579,1432,20,0
gddomai2,1579,1433,21,0
bloisce,1579,1434,22,1
bloisce,1574,465,1,0
gddomai1,1574,466,2,0
belepin1,1574,467,3,0
metairi1,1574,468,4,0
bellece1,1574,469,5,0
fontene1,1574,470,6,0
boulais1,1574,470,7,0
macceui1,1574,471,8,0
muguet1,1574,472,9,0
vilaine1,1574,472,10,0
plsevig1,1574,473,11,0
hublais1,1574,474,12,0
taillis1,1574,475,13,0
belair1,1574,477,14,0
tourneb1,1574,478,15,0
plbaud1,1574,480,16,0
ptstras1,1574,482,17,0
robidou1,1574,483,18,0
ptchadu1,1574,484,19,0
bert1,1574,485,20,0
ptpastm1,1574,486,21,0
repjof3,1574,487,22,1
repjof3,1583,1415,1,0
ptpastm2,1583,1416,2,0
bert2,1583,1417,3,0
ptchadu2,1583,1418,4,0
robidou2,1583,1419,5,0
ptstras2,1583,1419,6,0
plbaud2,1583,1421,7,0
tourneb2,1583,1422,8,0
belair2,1583,1424,9,0
taillis2,1583,1425,10,0
hublais2,1583,1426,11,0
plsevig2,1583,1427,12,0
vilaine2,1583,1428,13,0
muguet2,1583,1428,14,0
macceui2,1583,1429,15,0
boulais2,1583,1430,16,0
fontene2,1583,1430,17,0
bellece2,1583,1431,18,0
metairi2,1583,1432,19,0
belepin2,1583,1433,20,0
gddomai2,1583,1434,21,0
bloisce,1583,1435,22,1
repjof3,4874,1070,1,0
ptpastm2,4874,1071,2,0
bert2,4874,1072,3,0
ptchadu2,4874,1073,4,0
robidou2,4874,1074,5,0
ptstras2,4874,1074,6,0
plbaud2,4874,1076,7,0
tourneb2,4874,1078,8,0
belair2,4874,1080,9,0
taillis2,4874,1081,10,0
hublais2,4874,1082,11,0
plsevig2,4874,1083,12,0
vilaine2,4874,1084,13,0
muguet2,4874,1085,14,0
macceui2,4874,1086,15,0
boulais2,4874,1086,16,0
fontene2,4874,1087,17,0
bellece2,4874,1088,18,0
metairi2,4874,1089,19,0
belepin2,4874,1090,20,0
gddomai2,4874,1091,21,0
bloisce,4874,1092,22,1
repjof3,1529,550,1,0
ptpastm2,1529,551,2,0
bert2,1529,552,3,0
ptchadu2,1529,553,4,0
robidou2,1529,554,5,0
ptstras2,1529,555,6,0
plbaud2,1529,557,7,0
tourneb2,1529,559,8,0
belair2,1529,561,9,0
taillis2,1529,562,10,0
hublais2,1529,563,11,0
plsevig2,1529,564,12,0
vilaine2,1529,565,13,0
muguet2,1529,566,14,0
macceui2,1529,567,15,0
boulais2,1529,567,16,0
fontene2,1529,568,17,0
bellece2,1529,569,18,0
metairi2,1529,570,19,0
belepin2,1529,572,20,0
gddomai2,1529,573,21,0
bloisce,1529,574,22,1
repjof3,1506,385,1,0
ptpastm2,1506,386,2,0
bert2,1506,387,3,0
ptchadu2,1506,388,4,0
robidou2,1506,389,5,0
ptstras2,1506,389,6,0
plbaud2,1506,391,7,0
tourneb2,1506,393,8,0
belair2,1506,394,9,0
taillis2,1506,395,10,0
hublais2,1506,396,11,0
plsevig2,1506,397,12,0
vilaine2,1506,398,13,0
muguet2,1506,398,14,0
macceui2,1506,399,15,0
boulais2,1506,400,16,0
fontene2,1506,400,17,0
bellece2,1506,401,18,0
metairi2,1506,402,19,0
belepin2,1506,403,20,0
gddomai2,1506,404,21,0
bloisce,1506,405,22,1
bloisce,1566,600,1,0
gddomai1,1566,601,2,0
belepin1,1566,602,3,0
metairi1,1566,603,4,0
bellece1,1566,604,5,0
fontene1,1566,605,6,0
boulais1,1566,605,7,0
macceui1,1566,606,8,0
muguet1,1566,607,9,0
vilaine1,1566,607,10,0
plsevig1,1566,608,11,0
hublais1,1566,609,12,0
taillis1,1566,610,13,0
belair1,1566,612,14,0
tourneb1,1566,613,15,0
plbaud1,1566,615,16,0
ptstras1,1566,618,17,0
robidou1,1566,619,18,0
ptchadu1,1566,620,19,0
bert1,1566,621,20,0
ptpastm1,1566,622,21,0
repjof3,1566,623,22,1
bloisce,4787,1150,1,0
gddomai1,4787,1151,2,0
belepin1,4787,1151,3,0
metairi1,4787,1152,4,0
bellece1,4787,1153,5,0
fontene1,4787,1154,6,0
boulais1,4787,1154,7,0
macceui1,4787,1155,8,0
muguet1,4787,1156,9,0
vilaine1,4787,1156,10,0
plsevig1,4787,1157,11,0
hublais1,4787,1158,12,0
taillis1,4787,1159,13,0
belair1,4787,1161,14,0
tourneb1,4787,1162,15,0
plbaud1,4787,1164,16,0
ptstras1,4787,1166,17,0
robidou1,4787,1167,18,0
ptchadu1,4787,1168,19,0
bert1,4787,1169,20,0
ptpastm1,4787,1170,21,0
repjof3,4787,1171,22,1
repjof3,1468,1175,1,0
ptpastm2,1468,1176,2,0
bert2,1468,1177,3,0
ptchadu2,1468,1178,4,0
robidou2,1468,1179,5,0
ptstras2,1468,1179,6,0
plbaud2,1468,1181,7,0
tourneb2,1468,1183,8,0
belair2,1468,1185,9,0
taillis2,1468,1186,10,0
hublais2,1468,1187,11,0
plsevig2,1468,1188,12,0
vilaine2,1468,1189,13,0
muguet2,1468,1189,14,0
macceui2,1468,1190,15,0
boulais2,1468,1191,16,0
fontene2,1468,1191,17,0
bellece2,1468,1192,18,0
metairi2,1468,1193,19,0
belepin2,1468,1195,20,0
gddomai2,1468,1196,21,0
bloisce,1468,1197,22,1
repjof3,1470,1250,1,0
ptpastm2,1470,1251,2,0
bert2,1470,1252,3,0
ptchadu2,1470,1253,4,0
robidou2,1470,1254,5,0
ptstras2,1470,1254,6,0
plbaud2,1470,1256,7,0
tourneb2,1470,1257,8,0
belair2,1470,1259,9,0
taillis2,1470,1260,10,0
hublais2,1470,1261,11,0
plsevig2,1470,1262,12,0
vilaine2,1470,1263,13,0
muguet2,1470,1264,14,0
macceui2,1470,1265,15,0
boulais2,1470,1265,16,0
fontene2,1470,1266,17,0
bellece2,1470,1267,18,0
metairi2,1470,1268,19,0
belepin2,1470,1269,20,0
gddomai2,1470,1270,21,0
bloisce,1470,1271,22,1
repjof3,1414,1170,1,0
ptpastm2,1414,1171,2,0
bert2,1414,1172,3,0
ptchadu2,1414,1173,4,0
robidou2,1414,1174,5,0
ptstras2,1414,1174,6,0
plbaud2,1414,1176,7,0
tourneb2,1414,1178,8,0
belair2,1414,1180,9,0
taillis2,1414,1181,10,0
hublais2,1414,1182,11,0
plsevig2,1414,1183,12,0
vilaine2,1414,1184,13,0
muguet2,1414,1185,14,0
macceui2,1414,1186,15,0
boulais2,1414,1186,16,0
fontene2,1414,1187,17,0
bellece2,1414,1188,18,0
metairi2,1414,1189,19,0
belepin2,1414,1190,20,0
gddomai2,1414,1191,21,0
bloisce,1414,1192,22,1
bloisce,935,1080,1,0
gddomai1,935,1081,2,0
belepin1,935,1082,3,0
metairi1,935,1083,4,0
bellece1,935,1084,5,0
fontene1,935,1085,6,0
boulais1,935,1085,7,0
macceui1,935,1086,8,0
muguet1,935,1087,9,0
vilaine1,935,1087,10,0
plsevig1,935,1088,11,0
hublais1,935,1089,12,0
taillis1,935,1090,13,0
belair1,935,1092,14,0
tourneb1,935,1093,15,0
plbaud1,935,1095,16,0
ptstras1,935,1097,17,0
robidou1,935,1098,18,0
ptchadu1,935,1099,19,0
bert1,935,1100,20,0
ptpastm1,935,1101,21,0
repjof3,935,1102,22,1
bloisce,925,720,1,0
gddomai1,925,721,2,0
belepin1,925,722,3,0
metairi1,925,723,4,0
bellece1,925,724,5,0
fontene1,925,725,6,0
boulais1,925,725,7,0
macceui1,925,726,8,0
muguet1,925,727,9,0
vilaine1,925,727,10,0
plsevig1,925,728,11,0
hublais1,925,729,12,0
taillis1,925,730,13,0
belair1,925,732,14,0
tourneb1,925,733,15,0
plbaud1,925,735,16,0
ptstras1,925,737,17,0
robidou1,925,738,18,0
ptchadu1,925,739,19,0
bert1,925,740,20,0
ptpastm1,925,741,21,0
repjof3,925,742,22,1
repjof3,970,710,1,0
ptpastm2,970,711,2,0
bert2,970,712,3,0
ptchadu2,970,713,4,0
robidou2,970,714,5,0
ptstras2,970,714,6,0
plbaud2,970,716,7,0
tourneb2,970,718,8,0
belair2,970,720,9,0
taillis2,970,721,10,0
hublais2,970,722,11,0
plsevig2,970,723,12,0
vilaine2,970,724,13,0
muguet2,970,725,14,0
macceui2,970,726,15,0
boulais2,970,726,16,0
fontene2,970,727,17,0
bellece2,970,728,18,0
metairi2,970,729,19,0
belepin2,970,731,20,0
gddomai2,970,732,21,0
bloisce,970,733,22,1
bloisce,1406,800,1,0
gddomai1,1406,801,2,0
belepin1,1406,802,3,0
metairi1,1406,803,4,0
bellece1,1406,804,5,0
fontene1,1406,805,6,0
boulais1,1406,806,7,0
macceui1,1406,806,8,0
muguet1,1406,807,9,0
vilaine1,1406,808,10,0
plsevig1,1406,809,11,0
hublais1,1406,810,12,0
taillis1,1406,811,13,0
belair1,1406,813,14,0
tourneb1,1406,814,15,0
plbaud1,1406,817,16,0
ptstras1,1406,819,17,0
robidou1,1406,820,18,0
ptchadu1,1406,821,19,0
bert1,1406,822,20,0
ptpastm1,1406,823,21,0
repjof3,1406,824,22,1
repjof3,2509,950,1,0
ptpastm2,2509,951,2,0
bert2,2509,952,3,0
ptchadu2,2509,953,4,0
robidou2,2509,954,5,0
ptstras2,2509,954,6,0
plbaud2,2509,956,7,0
tourneb2,2509,958,8,0
belair2,2509,960,9,0
taillis2,2509,961,10,0
hublais2,2509,962,11,0
plsevig2,2509,963,12,0
vilaine2,2509,964,13,0
muguet2,2509,965,14,0
macceui2,2509,966,15,0
boulais2,2509,966,16,0
fontene2,2509,967,17,0
bellece2,2509,968,18,0
metairi2,2509,969,19,0
belepin2,2509,971,20,0
gddomai2,2509,972,21,0
bloisce,2509,973,22,1
bloisce,2533,840,1,0
gddomai1,2533,841,2,0
belepin1,2533,842,3,0
metairi1,2533,843,4,0
bellece1,2533,844,5,0
fontene1,2533,845,6,0
boulais1,2533,846,7,0
macceui1,2533,846,8,0
muguet1,2533,847,9,0
vilaine1,2533,848,10,0
plsevig1,2533,849,11,0
hublais1,2533,850,12,0
taillis1,2533,851,13,0
belair1,2533,853,14,0
tourneb1,2533,854,15,0
plbaud1,2533,857,16,0
ptstras1,2533,859,17,0
robidou1,2533,860,18,0
ptchadu1,2533,861,19,0
bert1,2533,862,20,0
ptpastm1,2533,863,21,0
repjof3,2533,864,22,1
bloisce,2436,920,1,0
gddomai1,2436,921,2,0
belepin1,2436,921,3,0
metairi1,2436,922,4,0
bellece1,2436,923,5,0
fontene1,2436,924,6,0
boulais1,2436,924,7,0
macceui1,2436,925,8,0
muguet1,2436,926,9,0
vilaine1,2436,926,10,0
plsevig1,2436,927,11,0
hublais1,2436,928,12,0
taillis1,2436,929,13,0
belair1,2436,931,14,0
tourneb1,2436,932,15,0
plbaud1,2436,934,16,0
ptstras1,2436,936,17,0
robidou1,2436,937,18,0
ptchadu1,2436,938,19,0
bert1,2436,939,20,0
ptpastm1,2436,940,21,0
repjof3,2436,941,22,1
bloisce,4225,1040,1,0
gddomai1,4225,1041,2,0
belepin1,4225,1042,3,0
metairi1,4225,1043,4,0
bellece1,4225,1044,5,0
fontene1,4225,1045,6,0
boulais1,4225,1045,7,0
macceui1,4225,1046,8,0
muguet1,4225,1047,9,0
vilaine1,4225,1047,10,0
plsevig1,4225,1048,11,0
hublais1,4225,1049,12,0
taillis1,4225,1050,13,0
belair1,4225,1052,14,0
tourneb1,4225,1053,15,0
plbaud1,4225,1055,16,0
ptstras1,4225,1057,17,0
robidou1,4225,1058,18,0
ptchadu1,4225,1059,19,0
bert1,4225,1060,20,0
ptpastm1,4225,1061,21,0
repjof3,4225,1062,22,1
bloisce,4235,800,1,0
gddomai1,4235,801,2,0
belepin1,4235,801,3,0
metairi1,4235,802,4,0
bellece1,4235,803,5,0
fontene1,4235,804,6,0
boulais1,4235,804,7,0
macceui1,4235,805,8,0
muguet1,4235,806,9,0
vilaine1,4235,806,10,0
plsevig1,4235,807,11,0
hublais1,4235,808,12,0
taillis1,4235,809,13,0
belair1,4235,811,14,0
tourneb1,4235,812,15,0
plbaud1,4235,814,16,0
ptstras1,4235,816,17,0
robidou1,4235,817,18,0
ptchadu1,4235,818,19,0
bert1,4235,819,20,0
ptpastm1,4235,820,21,0
repjof3,4235,821,22,1
bloisce,2484,590,1,0
gddomai1,2484,591,2,0
belepin1,2484,592,3,0
metairi1,2484,593,4,0
bellece1,2484,594,5,0
fontene1,2484,595,6,0
boulais1,2484,595,7,0
macceui1,2484,596,8,0
muguet1,2484,597,9,0
vilaine1,2484,597,10,0
plsevig1,2484,598,11,0
hublais1,2484,599,12,0
taillis1,2484,600,13,0
belair1,2484,602,14,0
tourneb1,2484,603,15,0
plbaud1,2484,605,16,0
ptstras1,2484,607,17,0
robidou1,2484,608,18,0
ptchadu1,2484,609,19,0
bert1,2484,610,20,0
ptpastm1,2484,611,21,0
repjof3,2484,612,22,1
bloisce,4256,1160,1,0
gddomai1,4256,1161,2,0
belepin1,4256,1161,3,0
metairi1,4256,1162,4,0
bellece1,4256,1163,5,0
fontene1,4256,1164,6,0
boulais1,4256,1164,7,0
macceui1,4256,1165,8,0
muguet1,4256,1166,9,0
vilaine1,4256,1166,10,0
plsevig1,4256,1167,11,0
hublais1,4256,1168,12,0
taillis1,4256,1169,13,0
belair1,4256,1170,14,0
tourneb1,4256,1171,15,0
plbaud1,4256,1173,16,0
ptstras1,4256,1175,17,0
robidou1,4256,1176,18,0
ptchadu1,4256,1177,19,0
bert1,4256,1178,20,0
ptpastm1,4256,1179,21,0
repjof3,4256,1180,22,1
repjof3,2465,495,1,0
ptpastm2,2465,496,2,0
bert2,2465,497,3,0
ptchadu2,2465,498,4,0
robidou2,2465,499,5,0
ptstras2,2465,499,6,0
plbaud2,2465,501,7,0
tourneb2,2465,503,8,0
belair2,2465,505,9,0
taillis2,2465,506,10,0
hublais2,2465,507,11,0
plsevig2,2465,508,12,0
vilaine2,2465,509,13,0
muguet2,2465,510,14,0
macceui2,2465,511,15,0
boulais2,2465,511,16,0
fontene2,2465,512,17,0
bellece2,2465,513,18,0
metairi2,2465,514,19,0
belepin2,2465,516,20,0
gddomai2,2465,517,21,0
bloisce,2465,518,22,1
repjof3,1391,1110,1,0
ptpastm2,1391,1111,2,0
bert2,1391,1112,3,0
ptchadu2,1391,1113,4,0
robidou2,1391,1114,5,0
ptstras2,1391,1114,6,0
plbaud2,1391,1116,7,0
tourneb2,1391,1118,8,0
belair2,1391,1120,9,0
taillis2,1391,1121,10,0
hublais2,1391,1122,11,0
plsevig2,1391,1123,12,0
vilaine2,1391,1124,13,0
muguet2,1391,1125,14,0
macceui2,1391,1126,15,0
boulais2,1391,1126,16,0
fontene2,1391,1127,17,0
bellece2,1391,1128,18,0
metairi2,1391,1129,19,0
belepin2,1391,1130,20,0
gddomai2,1391,1131,21,0
bloisce,1391,1132,22,1
repjof3,1392,910,1,0
ptpastm2,1392,911,2,0
bert2,1392,912,3,0
ptchadu2,1392,913,4,0
robidou2,1392,914,5,0
ptstras2,1392,914,6,0
plbaud2,1392,916,7,0
tourneb2,1392,918,8,0
belair2,1392,920,9,0
taillis2,1392,921,10,0
hublais2,1392,922,11,0
plsevig2,1392,923,12,0
vilaine2,1392,924,13,0
muguet2,1392,925,14,0
macceui2,1392,926,15,0
boulais2,1392,926,16,0
fontene2,1392,927,17,0
bellece2,1392,928,18,0
metairi2,1392,929,19,0
belepin2,1392,930,20,0
gddomai2,1392,931,21,0
bloisce,1392,932,22,1
bloisce,1387,780,1,0
gddomai1,1387,781,2,0
belepin1,1387,782,3,0
metairi1,1387,783,4,0
bellece1,1387,784,5,0
fontene1,1387,785,6,0
boulais1,1387,785,7,0
macceui1,1387,786,8,0
muguet1,1387,787,9,0
vilaine1,1387,787,10,0
plsevig1,1387,788,11,0
hublais1,1387,789,12,0
taillis1,1387,790,13,0
belair1,1387,792,14,0
tourneb1,1387,793,15,0
plbaud1,1387,795,16,0
ptstras1,1387,797,17,0
robidou1,1387,798,18,0
ptchadu1,1387,799,19,0
bert1,1387,800,20,0
ptpastm1,1387,801,21,0
repjof3,1387,802,22,1
repjof3,1374,750,1,0
ptpastm2,1374,751,2,0
bert2,1374,752,3,0
ptchadu2,1374,753,4,0
robidou2,1374,754,5,0
ptstras2,1374,754,6,0
plbaud2,1374,756,7,0
tourneb2,1374,758,8,0
belair2,1374,760,9,0
taillis2,1374,761,10,0
hublais2,1374,762,11,0
plsevig2,1374,763,12,0
vilaine2,1374,764,13,0
muguet2,1374,765,14,0
macceui2,1374,766,15,0
boulais2,1374,766,16,0
fontene2,1374,767,17,0
bellece2,1374,768,18,0
metairi2,1374,769,19,0
belepin2,1374,771,20,0
gddomai2,1374,772,21,0
bloisce,1374,773,22,1
repjof3,805,1015,1,0
ptpastm2,805,1016,2,0
bert2,805,1017,3,0
ptchadu2,805,1018,4,0
robidou2,805,1019,5,0
ptstras2,805,1020,6,0
plbaud2,805,1022,7,0
tourneb2,805,1024,8,0
belair2,805,1026,9,0
taillis2,805,1027,10,0
hublais2,805,1028,11,0
plsevig2,805,1029,12,0
vilaine2,805,1030,13,0
muguet2,805,1031,14,0
macceui2,805,1032,15,0
boulais2,805,1032,16,0
fontene2,805,1033,17,0
bellece2,805,1034,18,0
metairi2,805,1035,19,0
belepin2,805,1037,20,0
gddomai2,805,1038,21,0
bloisce,805,1039,22,1
bloisce,1313,770,1,0
gddomai1,1313,771,2,0
belepin1,1313,772,3,0
metairi1,1313,773,4,0
bellece1,1313,774,5,0
fontene1,1313,775,6,0
boulais1,1313,775,7,0
macceui1,1313,776,8,0
muguet1,1313,777,9,0
vilaine1,1313,777,10,0
plsevig1,1313,778,11,0
hublais1,1313,779,12,0
taillis1,1313,780,13,0
belair1,1313,782,14,0
tourneb1,1313,783,15,0
plbaud1,1313,785,16,0
ptstras1,1313,787,17,0
robidou1,1313,788,18,0
ptchadu1,1313,789,19,0
bert1,1313,790,20,0
ptpastm1,1313,791,21,0
repjof3,1313,792,22,1
repjof3,823,1090,1,0
ptpastm2,823,1091,2,0
bert2,823,1092,3,0
ptchadu2,823,1093,4,0
robidou2,823,1094,5,0
ptstras2,823,1095,6,0
plbaud2,823,1097,7,0
tourneb2,823,1099,8,0
belair2,823,1101,9,0
taillis2,823,1102,10,0
hublais2,823,1103,11,0
plsevig2,823,1104,12,0
vilaine2,823,1105,13,0
muguet2,823,1106,14,0
macceui2,823,1107,15,0
boulais2,823,1107,16,0
fontene2,823,1108,17,0
bellece2,823,1109,18,0
metairi2,823,1110,19,0
belepin2,823,1112,20,0
gddomai2,823,1113,21,0
bloisce,823,1114,22,1
bloisce,885,360,1,0
gddomai1,885,361,2,0
belepin1,885,362,3,0
metairi1,885,363,4,0
bellece1,885,364,5,0
fontene1,885,365,6,0
boulais1,885,365,7,0
macceui1,885,366,8,0
muguet1,885,367,9,0
vilaine1,885,367,10,0
plsevig1,885,368,11,0
hublais1,885,369,12,0
taillis1,885,370,13,0
belair1,885,371,14,0
tourneb1,885,372,15,0
plbaud1,885,374,16,0
ptstras1,885,376,17,0
robidou1,885,377,18,0
ptchadu1,885,377,19,0
bert1,885,378,20,0
ptpastm1,885,379,21,0
repjof3,885,380,22,1
repjof3,4182,1010,1,0
ptpastm2,4182,1011,2,0
bert2,4182,1012,3,0
ptchadu2,4182,1013,4,0
robidou2,4182,1014,5,0
ptstras2,4182,1014,6,0
plbaud2,4182,1016,7,0
tourneb2,4182,1018,8,0
belair2,4182,1020,9,0
taillis2,4182,1021,10,0
hublais2,4182,1022,11,0
plsevig2,4182,1023,12,0
vilaine2,4182,1024,13,0
muguet2,4182,1025,14,0
macceui2,4182,1026,15,0
boulais2,4182,1026,16,0
fontene2,4182,1027,17,0
bellece2,4182,1028,18,0
metairi2,4182,1029,19,0
belepin2,4182,1030,20,0
gddomai2,4182,1031,21,0
bloisce,4182,1032,22,1
repjof3,2317,690,1,0
ptpastm2,2317,691,2,0
bert2,2317,692,3,0
ptchadu2,2317,693,4,0
robidou2,2317,694,5,0
ptstras2,2317,694,6,0
plbaud2,2317,696,7,0
tourneb2,2317,698,8,0
belair2,2317,700,9,0
taillis2,2317,701,10,0
hublais2,2317,702,11,0
plsevig2,2317,703,12,0
vilaine2,2317,704,13,0
muguet2,2317,705,14,0
macceui2,2317,706,15,0
boulais2,2317,706,16,0
fontene2,2317,707,17,0
bellece2,2317,708,18,0
metairi2,2317,709,19,0
belepin2,2317,711,20,0
gddomai2,2317,712,21,0
bloisce,2317,713,22,1
repjof3,2314,790,1,0
ptpastm2,2314,791,2,0
bert2,2314,792,3,0
ptchadu2,2314,793,4,0
robidou2,2314,794,5,0
ptstras2,2314,794,6,0
plbaud2,2314,796,7,0
tourneb2,2314,798,8,0
belair2,2314,800,9,0
taillis2,2314,801,10,0
hublais2,2314,802,11,0
plsevig2,2314,803,12,0
vilaine2,2314,804,13,0
muguet2,2314,805,14,0
macceui2,2314,806,15,0
boulais2,2314,806,16,0
fontene2,2314,807,17,0
bellece2,2314,808,18,0
metairi2,2314,809,19,0
belepin2,2314,811,20,0
gddomai2,2314,812,21,0
bloisce,2314,813,22,1
repjof3,2301,950,1,0
ptpastm2,2301,951,2,0
bert2,2301,952,3,0
ptchadu2,2301,953,4,0
robidou2,2301,954,5,0
ptstras2,2301,954,6,0
plbaud2,2301,956,7,0
tourneb2,2301,957,8,0
belair2,2301,959,9,0
taillis2,2301,960,10,0
hublais2,2301,961,11,0
plsevig2,2301,962,12,0
vilaine2,2301,963,13,0
muguet2,2301,964,14,0
macceui2,2301,965,15,0
boulais2,2301,965,16,0
fontene2,2301,966,17,0
bellece2,2301,967,18,0
metairi2,2301,968,19,0
belepin2,2301,969,20,0
gddomai2,2301,970,21,0
bloisce,2301,971,22,1
bloisce,2368,390,1,0
gddomai1,2368,391,2,0
belepin1,2368,392,3,0
metairi1,2368,393,4,0
bellece1,2368,394,5,0
fontene1,2368,395,6,0
boulais1,2368,395,7,0
macceui1,2368,396,8,0
muguet1,2368,397,9,0
vilaine1,2368,397,10,0
plsevig1,2368,398,11,0
hublais1,2368,399,12,0
taillis1,2368,400,13,0
belair1,2368,401,14,0
tourneb1,2368,402,15,0
plbaud1,2368,404,16,0
ptstras1,2368,406,17,0
robidou1,2368,407,18,0
ptchadu1,2368,407,19,0
bert1,2368,408,20,0
ptpastm1,2368,409,21,0
repjof3,2368,410,22,1
repjof3,4164,1215,1,0
ptpastm2,4164,1216,2,0
bert2,4164,1217,3,0
ptchadu2,4164,1218,4,0
robidou2,4164,1219,5,0
ptstras2,4164,1219,6,0
plbaud2,4164,1221,7,0
tourneb2,4164,1222,8,0
belair2,4164,1224,9,0
taillis2,4164,1225,10,0
hublais2,4164,1226,11,0
plsevig2,4164,1227,12,0
vilaine2,4164,1228,13,0
muguet2,4164,1228,14,0
macceui2,4164,1229,15,0
boulais2,4164,1230,16,0
fontene2,4164,1230,17,0
bellece2,4164,1231,18,0
metairi2,4164,1232,19,0
belepin2,4164,1234,20,0
gddomai2,4164,1235,21,0
bloisce,4164,1236,22,1
repjof3,2356,1215,1,0
ptpastm2,2356,1216,2,0
bert2,2356,1217,3,0
ptchadu2,2356,1218,4,0
robidou2,2356,1219,5,0
ptstras2,2356,1219,6,0
plbaud2,2356,1221,7,0
tourneb2,2356,1222,8,0
belair2,2356,1224,9,0
taillis2,2356,1225,10,0
hublais2,2356,1226,11,0
plsevig2,2356,1227,12,0
vilaine2,2356,1228,13,0
muguet2,2356,1229,14,0
macceui2,2356,1230,15,0
boulais2,2356,1230,16,0
fontene2,2356,1231,17,0
bellece2,2356,1232,18,0
metairi2,2356,1233,19,0
belepin2,2356,1234,20,0
gddomai2,2356,1235,21,0
bloisce,2356,1236,22,1
repjof3,4126,650,1,0
ptpastm2,4126,651,2,0
bert2,4126,652,3,0
ptchadu2,4126,653,4,0
robidou2,4126,654,5,0
ptstras2,4126,654,6,0
plbaud2,4126,656,7,0
tourneb2,4126,657,8,0
belair2,4126,658,9,0
taillis2,4126,659,10,0
hublais2,4126,660,11,0
plsevig2,4126,661,12,0
vilaine2,4126,662,13,0
muguet2,4126,663,14,0
macceui2,4126,664,15,0
boulais2,4126,664,16,0
fontene2,4126,665,17,0
bellece2,4126,666,18,0
metairi2,4126,667,19,0
belepin2,4126,668,20,0
gddomai2,4126,669,21,0
bloisce,4126,670,22,1
repjof3,2346,910,1,0
ptpastm2,2346,911,2,0
bert2,2346,912,3,0
ptchadu2,2346,913,4,0
robidou2,2346,914,5,0
ptstras2,2346,914,6,0
plbaud2,2346,916,7,0
tourneb2,2346,918,8,0
belair2,2346,920,9,0
taillis2,2346,921,10,0
hublais2,2346,922,11,0
plsevig2,2346,923,12,0
vilaine2,2346,924,13,0
muguet2,2346,925,14,0
macceui2,2346,926,15,0
boulais2,2346,926,16,0
fontene2,2346,927,17,0
bellece2,2346,928,18,0
metairi2,2346,929,19,0
belepin2,2346,931,20,0
gddomai2,2346,932,21,0
bloisce,2346,933,22,1
bloisce,2351,1140,1,0
gddomai1,2351,1141,2,0
belepin1,2351,1141,3,0
metairi1,2351,1142,4,0
bellece1,2351,1143,5,0
fontene1,2351,1144,6,0
boulais1,2351,1144,7,0
macceui1,2351,1145,8,0
muguet1,2351,1146,9,0
vilaine1,2351,1146,10,0
plsevig1,2351,1147,11,0
hublais1,2351,1148,12,0
taillis1,2351,1149,13,0
belair1,2351,1151,14,0
tourneb1,2351,1152,15,0
plbaud1,2351,1154,16,0
ptstras1,2351,1156,17,0
robidou1,2351,1157,18,0
ptchadu1,2351,1158,19,0
bert1,2351,1159,20,0
ptpastm1,2351,1160,21,0
repjof3,2351,1161,22,1
bloisce,1297,900,1,0
gddomai1,1297,901,2,0
belepin1,1297,902,3,0
metairi1,1297,903,4,0
bellece1,1297,904,5,0
fontene1,1297,905,6,0
boulais1,1297,906,7,0
macceui1,1297,906,8,0
muguet1,1297,907,9,0
vilaine1,1297,908,10,0
plsevig1,1297,909,11,0
hublais1,1297,910,12,0
taillis1,1297,911,13,0
belair1,1297,913,14,0
tourneb1,1297,914,15,0
plbaud1,1297,916,16,0
ptstras1,1297,918,17,0
robidou1,1297,919,18,0
ptchadu1,1297,920,19,0
bert1,1297,921,20,0
ptpastm1,1297,922,21,0
repjof3,1297,923,22,1
bloisce,1286,1185,1,0
gddomai1,1286,1186,2,0
belepin1,1286,1186,3,0
metairi1,1286,1187,4,0
bellece1,1286,1188,5,0
fontene1,1286,1189,6,0
boulais1,1286,1189,7,0
macceui1,1286,1190,8,0
muguet1,1286,1191,9,0
vilaine1,1286,1191,10,0
plsevig1,1286,1192,11,0
hublais1,1286,1193,12,0
taillis1,1286,1194,13,0
belair1,1286,1196,14,0
tourneb1,1286,1197,15,0
plbaud1,1286,1199,16,0
ptstras1,1286,1201,17,0
robidou1,1286,1202,18,0
ptchadu1,1286,1203,19,0
bert1,1286,1204,20,0
ptpastm1,1286,1205,21,0
repjof3,1286,1206,22,1
repjof3,2394,1060,1,0
ptpastm2,2394,1061,2,0
bert2,2394,1062,3,0
ptchadu2,2394,1063,4,0
robidou2,2394,1064,5,0
ptstras2,2394,1065,6,0
plbaud2,2394,1067,7,0
tourneb2,2394,1069,8,0
belair2,2394,1071,9,0
taillis2,2394,1072,10,0
hublais2,2394,1073,11,0
plsevig2,2394,1074,12,0
vilaine2,2394,1075,13,0
muguet2,2394,1076,14,0
macceui2,2394,1077,15,0
boulais2,2394,1077,16,0
fontene2,2394,1078,17,0
bellece2,2394,1079,18,0
metairi2,2394,1080,19,0
belepin2,2394,1082,20,0
gddomai2,2394,1083,21,0
bloisce,2394,1084,22,1
repjof3,1257,1190,1,0
ptpastm2,1257,1191,2,0
bert2,1257,1192,3,0
ptchadu2,1257,1193,4,0
robidou2,1257,1194,5,0
ptstras2,1257,1194,6,0
plbaud2,1257,1196,7,0
tourneb2,1257,1198,8,0
belair2,1257,1200,9,0
taillis2,1257,1201,10,0
hublais2,1257,1202,11,0
plsevig2,1257,1203,12,0
vilaine2,1257,1204,13,0
muguet2,1257,1205,14,0
macceui2,1257,1206,15,0
boulais2,1257,1206,16,0
fontene2,1257,1207,17,0
bellece2,1257,1208,18,0
metairi2,1257,1209,19,0
belepin2,1257,1210,20,0
gddomai2,1257,1211,21,0
bloisce,1257,1212,22,1
bloisce,1225,840,1,0
gddomai1,1225,841,2,0
belepin1,1225,842,3,0
metairi1,1225,843,4,0
bellece1,1225,844,5,0
fontene1,1225,845,6,0
boulais1,1225,846,7,0
macceui1,1225,846,8,0
muguet1,1225,847,9,0
vilaine1,1225,848,10,0
plsevig1,1225,849,11,0
hublais1,1225,850,12,0
taillis1,1225,851,13,0
belair1,1225,853,14,0
tourneb1,1225,854,15,0
plbaud1,1225,856,16,0
ptstras1,1225,858,17,0
robidou1,1225,859,18,0
ptchadu1,1225,860,19,0
bert1,1225,861,20,0
ptpastm1,1225,862,21,0
repjof3,1225,863,22,1
repjof3,746,850,1,0
ptpastm2,746,851,2,0
bert2,746,852,3,0
ptchadu2,746,853,4,0
robidou2,746,854,5,0
ptstras2,746,854,6,0
plbaud2,746,856,7,0
tourneb2,746,858,8,0
belair2,746,860,9,0
taillis2,746,861,10,0
hublais2,746,862,11,0
plsevig2,746,863,12,0
vilaine2,746,864,13,0
muguet2,746,865,14,0
macceui2,746,866,15,0
boulais2,746,866,16,0
fontene2,746,867,17,0
bellece2,746,868,18,0
metairi2,746,869,19,0
belepin2,746,871,20,0
gddomai2,746,872,21,0
bloisce,746,873,22,1
repjof3,2763,570,1,0
ptpastm2,2763,571,2,0
bert2,2763,572,3,0
ptchadu2,2763,573,4,0
robidou2,2763,574,5,0
ptstras2,2763,574,6,0
plbaud2,2763,576,7,0
tourneb2,2763,578,8,0
belair2,2763,580,9,0
taillis2,2763,581,10,0
hublais2,2763,582,11,0
plsevig2,2763,583,12,0
vilaine2,2763,584,13,0
muguet2,2763,585,14,0
macceui2,2763,586,15,0
boulais2,2763,586,16,0
fontene2,2763,587,17,0
bellece2,2763,588,18,0
metairi2,2763,589,19,0
belepin2,2763,591,20,0
gddomai2,2763,592,21,0
bloisce,2763,593,22,1
repjof3,2713,1130,1,0
ptpastm2,2713,1131,2,0
bert2,2713,1132,3,0
ptchadu2,2713,1133,4,0
robidou2,2713,1134,5,0
ptstras2,2713,1134,6,0
plbaud2,2713,1136,7,0
tourneb2,2713,1138,8,0
belair2,2713,1140,9,0
taillis2,2713,1141,10,0
hublais2,2713,1142,11,0
plsevig2,2713,1143,12,0
vilaine2,2713,1144,13,0
muguet2,2713,1145,14,0
macceui2,2713,1146,15,0
boulais2,2713,1146,16,0
fontene2,2713,1147,17,0
bellece2,2713,1148,18,0
metairi2,2713,1149,19,0
belepin2,2713,1150,20,0
gddomai2,2713,1151,21,0
bloisce,2713,1152,22,1
bloisce,2721,1090,1,0
gddomai1,2721,1091,2,0
belepin1,2721,1092,3,0
metairi1,2721,1093,4,0
bellece1,2721,1094,5,0
fontene1,2721,1095,6,0
boulais1,2721,1095,7,0
macceui1,2721,1096,8,0
muguet1,2721,1097,9,0
vilaine1,2721,1097,10,0
plsevig1,2721,1098,11,0
hublais1,2721,1099,12,0
taillis1,2721,1100,13,0
belair1,2721,1102,14,0
tourneb1,2721,1103,15,0
plbaud1,2721,1105,16,0
ptstras1,2721,1107,17,0
robidou1,2721,1108,18,0
ptchadu1,2721,1109,19,0
bert1,2721,1110,20,0
ptpastm1,2721,1111,21,0
repjof3,2721,1112,22,1
repjof3,2678,1155,1,0
ptpastm2,2678,1156,2,0
bert2,2678,1157,3,0
ptchadu2,2678,1158,4,0
robidou2,2678,1159,5,0
ptstras2,2678,1160,6,0
plbaud2,2678,1162,7,0
tourneb2,2678,1164,8,0
belair2,2678,1166,9,0
taillis2,2678,1167,10,0
hublais2,2678,1168,11,0
plsevig2,2678,1169,12,0
vilaine2,2678,1170,13,0
muguet2,2678,1171,14,0
macceui2,2678,1172,15,0
boulais2,2678,1172,16,0
fontene2,2678,1173,17,0
bellece2,2678,1174,18,0
metairi2,2678,1175,19,0
belepin2,2678,1177,20,0
gddomai2,2678,1178,21,0
bloisce,2678,1179,22,1
bloisce,2674,1000,1,0
gddomai1,2674,1001,2,0
belepin1,2674,1002,3,0
metairi1,2674,1003,4,0
bellece1,2674,1004,5,0
fontene1,2674,1005,6,0
boulais1,2674,1005,7,0
macceui1,2674,1006,8,0
muguet1,2674,1007,9,0
vilaine1,2674,1007,10,0
plsevig1,2674,1008,11,0
hublais1,2674,1009,12,0
taillis1,2674,1010,13,0
belair1,2674,1012,14,0
tourneb1,2674,1013,15,0
plbaud1,2674,1015,16,0
ptstras1,2674,1017,17,0
robidou1,2674,1018,18,0
ptchadu1,2674,1019,19,0
bert1,2674,1020,20,0
ptpastm1,2674,1021,21,0
repjof3,2674,1022,22,1
repjof3,2667,630,1,0
ptpastm2,2667,631,2,0
bert2,2667,632,3,0
ptchadu2,2667,633,4,0
robidou2,2667,634,5,0
ptstras2,2667,634,6,0
plbaud2,2667,636,7,0
tourneb2,2667,638,8,0
belair2,2667,640,9,0
taillis2,2667,641,10,0
hublais2,2667,642,11,0
plsevig2,2667,643,12,0
vilaine2,2667,644,13,0
muguet2,2667,645,14,0
macceui2,2667,646,15,0
boulais2,2667,646,16,0
fontene2,2667,647,17,0
bellece2,2667,648,18,0
metairi2,2667,649,19,0
belepin2,2667,651,20,0
gddomai2,2667,652,21,0
bloisce,2667,653,22,1
repjof3,2664,990,1,0
ptpastm2,2664,991,2,0
bert2,2664,992,3,0
ptchadu2,2664,993,4,0
robidou2,2664,994,5,0
ptstras2,2664,994,6,0
plbaud2,2664,996,7,0
tourneb2,2664,998,8,0
belair2,2664,1000,9,0
taillis2,2664,1001,10,0
hublais2,2664,1002,11,0
plsevig2,2664,1003,12,0
vilaine2,2664,1004,13,0
muguet2,2664,1005,14,0
macceui2,2664,1006,15,0
boulais2,2664,1006,16,0
fontene2,2664,1007,17,0
bellece2,2664,1008,18,0
metairi2,2664,1009,19,0
belepin2,2664,1010,20,0
gddomai2,2664,1011,21,0
bloisce,2664,1012,22,1
bloisce,4480,1020,1,0
gddomai1,4480,1021,2,0
belepin1,4480,1022,3,0
metairi1,4480,1023,4,0
bellece1,4480,1024,5,0
fontene1,4480,1025,6,0
boulais1,4480,1025,7,0
macceui1,4480,1026,8,0
muguet1,4480,1027,9,0
vilaine1,4480,1027,10,0
plsevig1,4480,1028,11,0
hublais1,4480,1029,12,0
taillis1,4480,1030,13,0
belair1,4480,1032,14,0
tourneb1,4480,1033,15,0
plbaud1,4480,1035,16,0
ptstras1,4480,1037,17,0
robidou1,4480,1038,18,0
ptchadu1,4480,1039,19,0
bert1,4480,1040,20,0
ptpastm1,4480,1041,21,0
repjof3,4480,1042,22,1
repjof3,4479,420,1,0
ptpastm2,4479,421,2,0
bert2,4479,422,3,0
ptchadu2,4479,423,4,0
robidou2,4479,424,5,0
ptstras2,4479,424,6,0
plbaud2,4479,426,7,0
tourneb2,4479,428,8,0
belair2,4479,429,9,0
taillis2,4479,430,10,0
hublais2,4479,431,11,0
plsevig2,4479,432,12,0
vilaine2,4479,433,13,0
muguet2,4479,433,14,0
macceui2,4479,434,15,0
boulais2,4479,435,16,0
fontene2,4479,435,17,0
bellece2,4479,436,18,0
metairi2,4479,437,19,0
belepin2,4479,438,20,0
gddomai2,4479,439,21,0
bloisce,4479,440,22,1
bloisce,1100,410,1,0
gddomai1,1100,411,2,0
belepin1,1100,411,3,0
metairi1,1100,412,4,0
bellece1,1100,413,5,0
fontene1,1100,414,6,0
boulais1,1100,414,7,0
macceui1,1100,415,8,0
muguet1,1100,416,9,0
vilaine1,1100,416,10,0
plsevig1,1100,417,11,0
hublais1,1100,418,12,0
taillis1,1100,419,13,0
belair1,1100,420,14,0
tourneb1,1100,421,15,0
plbaud1,1100,423,16,0
ptstras1,1100,425,17,0
robidou1,1100,426,18,0
ptchadu1,1100,427,19,0
bert1,1100,428,20,0
ptpastm1,1100,429,21,0
repjof3,1100,430,22,1
repjof3,4431,465,1,0
ptpastm2,4431,466,2,0
bert2,4431,467,3,0
ptchadu2,4431,468,4,0
robidou2,4431,469,5,0
ptstras2,4431,469,6,0
plbaud2,4431,471,7,0
tourneb2,4431,473,8,0
belair2,4431,475,9,0
taillis2,4431,476,10,0
hublais2,4431,477,11,0
plsevig2,4431,478,12,0
vilaine2,4431,479,13,0
muguet2,4431,479,14,0
macceui2,4431,480,15,0
boulais2,4431,481,16,0
fontene2,4431,481,17,0
bellece2,4431,482,18,0
metairi2,4431,483,19,0
belepin2,4431,485,20,0
gddomai2,4431,486,21,0
bloisce,4431,487,22,1
bloisce,4432,960,1,0
gddomai1,4432,961,2,0
belepin1,4432,962,3,0
metairi1,4432,963,4,0
bellece1,4432,964,5,0
fontene1,4432,965,6,0
boulais1,4432,966,7,0
macceui1,4432,966,8,0
muguet1,4432,967,9,0
vilaine1,4432,968,10,0
plsevig1,4432,969,11,0
hublais1,4432,970,12,0
taillis1,4432,971,13,0
belair1,4432,973,14,0
tourneb1,4432,974,15,0
plbaud1,4432,976,16,0
ptstras1,4432,978,17,0
robidou1,4432,979,18,0
ptchadu1,4432,980,19,0
bert1,4432,981,20,0
ptpastm1,4432,982,21,0
repjof3,4432,983,22,1
bloisce,1116,560,1,0
gddomai1,1116,561,2,0
belepin1,1116,561,3,0
metairi1,1116,562,4,0
bellece1,1116,563,5,0
fontene1,1116,564,6,0
boulais1,1116,564,7,0
macceui1,1116,565,8,0
muguet1,1116,566,9,0
vilaine1,1116,566,10,0
plsevig1,1116,567,11,0
hublais1,1116,568,12,0
taillis1,1116,569,13,0
belair1,1116,571,14,0
tourneb1,1116,572,15,0
plbaud1,1116,574,16,0
ptstras1,1116,576,17,0
robidou1,1116,577,18,0
ptchadu1,1116,578,19,0
bert1,1116,579,20,0
ptpastm1,1116,580,21,0
repjof3,1116,581,22,1
bloisce,616,980,1,0
gddomai1,616,981,2,0
belepin1,616,982,3,0
metairi1,616,983,4,0
bellece1,616,984,5,0
fontene1,616,985,6,0
boulais1,616,986,7,0
macceui1,616,986,8,0
muguet1,616,987,9,0
vilaine1,616,988,10,0
plsevig1,616,989,11,0
hublais1,616,990,12,0
taillis1,616,991,13,0
belair1,616,993,14,0
tourneb1,616,994,15,0
plbaud1,616,997,16,0
ptstras1,616,999,17,0
robidou1,616,1000,18,0
ptchadu1,616,1001,19,0
bert1,616,1002,20,0
ptpastm1,616,1003,21,0
repjof3,616,1004,22,1
bloisce,2647,495,1,0
gddomai1,2647,496,2,0
belepin1,2647,497,3,0
metairi1,2647,498,4,0
bellece1,2647,499,5,0
fontene1,2647,500,6,0
boulais1,2647,500,7,0
macceui1,2647,501,8,0
muguet1,2647,502,9,0
vilaine1,2647,502,10,0
plsevig1,2647,503,11,0
hublais1,2647,504,12,0
taillis1,2647,505,13,0
belair1,2647,507,14,0
tourneb1,2647,508,15,0
plbaud1,2647,511,16,0
ptstras1,2647,514,17,0
robidou1,2647,515,18,0
ptchadu1,2647,516,19,0
bert1,2647,517,20,0
ptpastm1,2647,518,21,0
repjof3,2647,519,22,1
bloisce,2646,320,1,0
gddomai1,2646,321,2,0
belepin1,2646,322,3,0
metairi1,2646,323,4,0
bellece1,2646,324,5,0
fontene1,2646,325,6,0
boulais1,2646,325,7,0
macceui1,2646,326,8,0
muguet1,2646,327,9,0
vilaine1,2646,327,10,0
plsevig1,2646,328,11,0
hublais1,2646,329,12,0
taillis1,2646,330,13,0
belair1,2646,331,14,0
tourneb1,2646,332,15,0
plbaud1,2646,334,16,0
ptstras1,2646,336,17,0
robidou1,2646,337,18,0
ptchadu1,2646,337,19,0
bert1,2646,338,20,0
ptpastm1,2646,339,21,0
repjof3,2646,340,22,1
repjof3,698,680,1,0
ptpastm2,698,681,2,0
bert2,698,682,3,0
ptchadu2,698,683,4,0
robidou2,698,684,5,0
ptstras2,698,684,6,0
plbaud2,698,686,7,0
tourneb2,698,687,8,0
belair2,698,689,9,0
taillis2,698,690,10,0
hublais2,698,691,11,0
plsevig2,698,692,12,0
vilaine2,698,693,13,0
muguet2,698,693,14,0
macceui2,698,694,15,0
boulais2,698,695,16,0
fontene2,698,695,17,0
bellece2,698,696,18,0
metairi2,698,697,19,0
belepin2,698,698,20,0
gddomai2,698,699,21,0
bloisce,698,700,22,1
bloisce,2600,960,1,0
gddomai1,2600,961,2,0
belepin1,2600,962,3,0
metairi1,2600,963,4,0
bellece1,2600,964,5,0
fontene1,2600,965,6,0
boulais1,2600,966,7,0
macceui1,2600,966,8,0
muguet1,2600,967,9,0
vilaine1,2600,968,10,0
plsevig1,2600,969,11,0
hublais1,2600,970,12,0
taillis1,2600,971,13,0
belair1,2600,973,14,0
tourneb1,2600,974,15,0
plbaud1,2600,977,16,0
ptstras1,2600,979,17,0
robidou1,2600,980,18,0
ptchadu1,2600,981,19,0
bert1,2600,982,20,0
ptpastm1,2600,983,21,0
repjof3,2600,984,22,1
repjof3,633,730,1,0
ptpastm2,633,731,2,0
bert2,633,732,3,0
ptchadu2,633,733,4,0
robidou2,633,734,5,0
ptstras2,633,734,6,0
plbaud2,633,736,7,0
tourneb2,633,738,8,0
belair2,633,740,9,0
taillis2,633,741,10,0
hublais2,633,742,11,0
plsevig2,633,743,12,0
vilaine2,633,744,13,0
muguet2,633,745,14,0
macceui2,633,746,15,0
boulais2,633,746,16,0
fontene2,633,747,17,0
bellece2,633,748,18,0
metairi2,633,749,19,0
belepin2,633,751,20,0
gddomai2,633,752,21,0
bloisce,633,753,22,1
repjof3,654,1130,1,0
ptpastm2,654,1131,2,0
bert2,654,1132,3,0
ptchadu2,654,1133,4,0
robidou2,654,1134,5,0
ptstras2,654,1134,6,0
plbaud2,654,1136,7,0
tourneb2,654,1137,8,0
belair2,654,1139,9,0
taillis2,654,1140,10,0
hublais2,654,1141,11,0
plsevig2,654,1142,12,0
vilaine2,654,1143,13,0
muguet2,654,1144,14,0
macceui2,654,1145,15,0
boulais2,654,1145,16,0
fontene2,654,1146,17,0
bellece2,654,1147,18,0
metairi2,654,1148,19,0
belepin2,654,1149,20,0
gddomai2,654,1150,21,0
bloisce,654,1151,22,1
bloisce,1083,525,1,0
gddomai1,1083,526,2,0
belepin1,1083,527,3,0
metairi1,1083,528,4,0
bellece1,1083,529,5,0
fontene1,1083,530,6,0
boulais1,1083,530,7,0
macceui1,1083,531,8,0
muguet1,1083,532,9,0
vilaine1,1083,532,10,0
plsevig1,1083,533,11,0
hublais1,1083,534,12,0
taillis1,1083,535,13,0
belair1,1083,537,14,0
tourneb1,1083,538,15,0
plbaud1,1083,541,16,0
ptstras1,1083,544,17,0
robidou1,1083,545,18,0
ptchadu1,1083,546,19,0
bert1,1083,547,20,0
ptpastm1,1083,548,21,0
repjof3,1083,549,22,1
bloisce,1078,660,1,0
gddomai1,1078,661,2,0
belepin1,1078,662,3,0
metairi1,1078,663,4,0
bellece1,1078,664,5,0
fontene1,1078,665,6,0
boulais1,1078,665,7,0
macceui1,1078,666,8,0
muguet1,1078,667,9,0
vilaine1,1078,667,10,0
plsevig1,1078,668,11,0
hublais1,1078,669,12,0
taillis1,1078,670,13,0
belair1,1078,672,14,0
tourneb1,1078,673,15,0
plbaud1,1078,675,16,0
ptstras1,1078,678,17,0
robidou1,1078,679,18,0
ptchadu1,1078,680,19,0
bert1,1078,681,20,0
ptpastm1,1078,682,21,0
repjof3,1078,683,22,1
bloisce,4372,1385,1,0
gddomai1,4372,1386,2,0
belepin1,4372,1386,3,0
metairi1,4372,1387,4,0
bellece1,4372,1388,5,0
fontene1,4372,1389,6,0
boulais1,4372,1389,7,0
macceui1,4372,1390,8,0
muguet1,4372,1391,9,0
vilaine1,4372,1391,10,0
plsevig1,4372,1392,11,0
hublais1,4372,1393,12,0
taillis1,4372,1394,13,0
belair1,4372,1395,14,0
tourneb1,4372,1396,15,0
plbaud1,4372,1398,16,0
ptstras1,4372,1400,17,0
robidou1,4372,1401,18,0
ptchadu1,4372,1402,19,0
bert1,4372,1403,20,0
ptpastm1,4372,1404,21,0
repjof3,4372,1405,22,1
bloisce,1072,560,1,0
gddomai1,1072,561,2,0
belepin1,1072,562,3,0
metairi1,1072,563,4,0
bellece1,1072,564,5,0
fontene1,1072,565,6,0
boulais1,1072,565,7,0
macceui1,1072,566,8,0
muguet1,1072,567,9,0
vilaine1,1072,567,10,0
plsevig1,1072,568,11,0
hublais1,1072,569,12,0
taillis1,1072,570,13,0
belair1,1072,572,14,0
tourneb1,1072,573,15,0
plbaud1,1072,575,16,0
ptstras1,1072,578,17,0
robidou1,1072,579,18,0
ptchadu1,1072,580,19,0
bert1,1072,581,20,0
ptpastm1,1072,582,21,0
repjof3,1072,583,22,1
bloisce,4381,1440,1,0
gddomai1,4381,1441,2,0
belepin1,4381,1441,3,0
metairi1,4381,1442,4,0
bellece1,4381,1443,5,0
fontene1,4381,1444,6,0
boulais1,4381,1444,7,0
macceui1,4381,1445,8,0
muguet1,4381,1446,9,0
vilaine1,4381,1446,10,0
plsevig1,4381,1447,11,0
hublais1,4381,1448,12,0
taillis1,4381,1449,13,0
belair1,4381,1450,14,0
tourneb1,4381,1451,15,0
plbaud1,4381,1453,16,0
ptstras1,4381,1455,17,0
robidou1,4381,1456,18,0
ptchadu1,4381,1457,19,0
bert1,4381,1458,20,0
ptpastm1,4381,1459,21,0
repjof3,4381,1460,22,1
repjof3,2578,710,1,0
ptpastm2,2578,711,2,0
bert2,2578,712,3,0
ptchadu2,2578,713,4,0
robidou2,2578,714,5,0
ptstras2,2578,714,6,0
plbaud2,2578,716,7,0
tourneb2,2578,717,8,0
belair2,2578,719,9,0
taillis2,2578,720,10,0
hublais2,2578,721,11,0
plsevig2,2578,722,12,0
vilaine2,2578,723,13,0
muguet2,2578,723,14,0
macceui2,2578,724,15,0
boulais2,2578,725,16,0
fontene2,2578,725,17,0
bellece2,2578,726,18,0
metairi2,2578,727,19,0
belepin2,2578,728,20,0
gddomai2,2578,729,21,0
bloisce,2578,730,22,1
bloisce,2558,540,1,0
gddomai1,2558,541,2,0
belepin1,2558,542,3,0
metairi1,2558,543,4,0
bellece1,2558,544,5,0
fontene1,2558,545,6,0
boulais1,2558,545,7,0
macceui1,2558,546,8,0
muguet1,2558,547,9,0
vilaine1,2558,547,10,0
plsevig1,2558,548,11,0
hublais1,2558,549,12,0
taillis1,2558,550,13,0
belair1,2558,552,14,0
tourneb1,2558,553,15,0
plbaud1,2558,555,16,0
ptstras1,2558,558,17,0
robidou1,2558,559,18,0
ptchadu1,2558,560,19,0
bert1,2558,561,20,0
ptpastm1,2558,562,21,0
repjof3,2558,563,22,1
repjof3,4325,800,1,0
ptpastm2,4325,801,2,0
bert2,4325,802,3,0
ptchadu2,4325,803,4,0
robidou2,4325,804,5,0
ptstras2,4325,804,6,0
plbaud2,4325,806,7,0
tourneb2,4325,808,8,0
belair2,4325,810,9,0
taillis2,4325,811,10,0
hublais2,4325,812,11,0
plsevig2,4325,813,12,0
vilaine2,4325,814,13,0
muguet2,4325,815,14,0
macceui2,4325,816,15,0
boulais2,4325,816,16,0
fontene2,4325,817,17,0
bellece2,4325,818,18,0
metairi2,4325,819,19,0
belepin2,4325,820,20,0
gddomai2,4325,821,21,0
bloisce,4325,822,22,1
repjof3,4324,530,1,0
ptpastm2,4324,531,2,0
bert2,4324,532,3,0
ptchadu2,4324,533,4,0
robidou2,4324,534,5,0
ptstras2,4324,535,6,0
plbaud2,4324,537,7,0
tourneb2,4324,539,8,0
belair2,4324,541,9,0
taillis2,4324,542,10,0
hublais2,4324,543,11,0
plsevig2,4324,544,12,0
vilaine2,4324,545,13,0
muguet2,4324,546,14,0
macceui2,4324,547,15,0
boulais2,4324,547,16,0
fontene2,4324,548,17,0
bellece2,4324,549,18,0
metairi2,4324,550,19,0
belepin2,4324,552,20,0
gddomai2,4324,553,21,0
bloisce,4324,554,22,1
bloisce,2553,1100,1,0
gddomai1,2553,1101,2,0
belepin1,2553,1102,3,0
metairi1,2553,1103,4,0
bellece1,2553,1104,5,0
fontene1,2553,1105,6,0
boulais1,2553,1105,7,0
macceui1,2553,1106,8,0
muguet1,2553,1107,9,0
vilaine1,2553,1107,10,0
plsevig1,2553,1108,11,0
hublais1,2553,1109,12,0
taillis1,2553,1110,13,0
belair1,2553,1112,14,0
tourneb1,2553,1113,15,0
plbaud1,2553,1115,16,0
ptstras1,2553,1117,17,0
robidou1,2553,1118,18,0
ptchadu1,2553,1119,19,0
bert1,2553,1120,20,0
ptpastm1,2553,1121,21,0
repjof3,2553,1122,22,1
bloisce,2550,1060,1,0
gddomai1,2550,1061,2,0
belepin1,2550,1062,3,0
metairi1,2550,1063,4,0
bellece1,2550,1064,5,0
fontene1,2550,1065,6,0
boulais1,2550,1065,7,0
macceui1,2550,1066,8,0
muguet1,2550,1067,9,0
vilaine1,2550,1067,10,0
plsevig1,2550,1068,11,0
hublais1,2550,1069,12,0
taillis1,2550,1070,13,0
belair1,2550,1072,14,0
tourneb1,2550,1073,15,0
plbaud1,2550,1075,16,0
ptstras1,2550,1077,17,0
robidou1,2550,1078,18,0
ptchadu1,2550,1079,19,0
bert1,2550,1080,20,0
ptpastm1,2550,1081,21,0
repjof3,2550,1082,22,1
bloisce,2549,940,1,0
gddomai1,2549,941,2,0
belepin1,2549,942,3,0
metairi1,2549,943,4,0
bellece1,2549,944,5,0
fontene1,2549,945,6,0
boulais1,2549,946,7,0
macceui1,2549,946,8,0
muguet1,2549,947,9,0
vilaine1,2549,948,10,0
plsevig1,2549,949,11,0
hublais1,2549,950,12,0
taillis1,2549,951,13,0
belair1,2549,953,14,0
tourneb1,2549,954,15,0
plbaud1,2549,957,16,0
ptstras1,2549,959,17,0
robidou1,2549,960,18,0
ptchadu1,2549,961,19,0
bert1,2549,962,20,0
ptpastm1,2549,963,21,0
repjof3,2549,964,22,1
repjof3,4336,470,1,0
ptpastm2,4336,471,2,0
bert2,4336,472,3,0
ptchadu2,4336,473,4,0
robidou2,4336,474,5,0
ptstras2,4336,474,6,0
plbaud2,4336,476,7,0
tourneb2,4336,477,8,0
belair2,4336,478,9,0
taillis2,4336,479,10,0
hublais2,4336,480,11,0
plsevig2,4336,481,12,0
vilaine2,4336,482,13,0
muguet2,4336,482,14,0
macceui2,4336,483,15,0
boulais2,4336,484,16,0
fontene2,4336,484,17,0
bellece2,4336,485,18,0
metairi2,4336,486,19,0
belepin2,4336,487,20,0
gddomai2,4336,488,21,0
bloisce,4336,489,22,1
repjof3,4311,1305,1,0
ptpastm2,4311,1306,2,0
bert2,4311,1307,3,0
ptchadu2,4311,1308,4,0
robidou2,4311,1309,5,0
ptstras2,4311,1309,6,0
plbaud2,4311,1311,7,0
tourneb2,4311,1312,8,0
belair2,4311,1314,9,0
taillis2,4311,1315,10,0
hublais2,4311,1316,11,0
plsevig2,4311,1317,12,0
vilaine2,4311,1318,13,0
muguet2,4311,1319,14,0
macceui2,4311,1320,15,0
boulais2,4311,1320,16,0
fontene2,4311,1321,17,0
bellece2,4311,1322,18,0
metairi2,4311,1323,19,0
belepin2,4311,1324,20,0
gddomai2,4311,1325,21,0
bloisce,4311,1326,22,1
bloisce,4315,820,1,0
gddomai1,4315,821,2,0
belepin1,4315,822,3,0
metairi1,4315,823,4,0
bellece1,4315,824,5,0
fontene1,4315,825,6,0
boulais1,4315,826,7,0
macceui1,4315,826,8,0
muguet1,4315,827,9,0
vilaine1,4315,828,10,0
plsevig1,4315,829,11,0
hublais1,4315,830,12,0
taillis1,4315,831,13,0
belair1,4315,833,14,0
tourneb1,4315,834,15,0
plbaud1,4315,837,16,0
ptstras1,4315,839,17,0
robidou1,4315,840,18,0
ptchadu1,4315,841,19,0
bert1,4315,842,20,0
ptpastm1,4315,843,21,0
repjof3,4315,844,22,1
bloisce,1041,1075,1,0
gddomai1,1041,1076,2,0
belepin1,1041,1077,3,0
metairi1,1041,1078,4,0
bellece1,1041,1079,5,0
fontene1,1041,1080,6,0
boulais1,1041,1081,7,0
macceui1,1041,1081,8,0
muguet1,1041,1082,9,0
vilaine1,1041,1083,10,0
plsevig1,1041,1084,11,0
hublais1,1041,1085,12,0
taillis1,1041,1086,13,0
belair1,1041,1088,14,0
tourneb1,1041,1089,15,0
plbaud1,1041,1091,16,0
ptstras1,1041,1093,17,0
robidou1,1041,1094,18,0
ptchadu1,1041,1095,19,0
bert1,1041,1096,20,0
ptpastm1,1041,1097,21,0
repjof3,1041,1098,22,1
bloisce,1022,1100,1,0
gddomai1,1022,1101,2,0
belepin1,1022,1101,3,0
metairi1,1022,1102,4,0
bellece1,1022,1103,5,0
fontene1,1022,1104,6,0
boulais1,1022,1104,7,0
macceui1,1022,1105,8,0
muguet1,1022,1106,9,0
vilaine1,1022,1106,10,0
plsevig1,1022,1107,11,0
hublais1,1022,1108,12,0
taillis1,1022,1109,13,0
belair1,1022,1111,14,0
tourneb1,1022,1112,15,0
plbaud1,1022,1114,16,0
ptstras1,1022,1116,17,0
robidou1,1022,1117,18,0
ptchadu1,1022,1118,19,0
bert1,1022,1119,20,0
ptpastm1,1022,1120,21,0
repjof3,1022,1121,22,1
repjof3,3279,1150,1,0
ptpastm2,3279,1151,2,0
bert2,3279,1152,3,0
ptchadu2,3279,1153,4,0
robidou2,3279,1154,5,0
ptstras2,3279,1154,6,0
plbaud2,3279,1156,7,0
tourneb2,3279,1158,8,0
belair2,3279,1160,9,0
taillis2,3279,1161,10,0
hublais2,3279,1162,11,0
plsevig2,3279,1163,12,0
vilaine2,3279,1164,13,0
muguet2,3279,1165,14,0
macceui2,3279,1166,15,0
boulais2,3279,1166,16,0
fontene2,3279,1167,17,0
bellece2,3279,1168,18,0
metairi2,3279,1169,19,0
belepin2,3279,1170,20,0
gddomai2,3279,1171,21,0
bloisce,3279,1172,22,1
bloisce,2142,1105,1,0
gddomai1,2142,1106,2,0
belepin1,2142,1107,3,0
metairi1,2142,1108,4,0
bellece1,2142,1109,5,0
fontene1,2142,1110,6,0
boulais1,2142,1110,7,0
macceui1,2142,1111,8,0
muguet1,2142,1112,9,0
vilaine1,2142,1112,10,0
plsevig1,2142,1113,11,0
hublais1,2142,1114,12,0
taillis1,2142,1115,13,0
belair1,2142,1117,14,0
tourneb1,2142,1118,15,0
plbaud1,2142,1120,16,0
ptstras1,2142,1122,17,0
robidou1,2142,1123,18,0
ptchadu1,2142,1124,19,0
bert1,2142,1125,20,0
ptpastm1,2142,1126,21,0
repjof3,2142,1127,22,1
repjof3,3268,1415,1,0
ptpastm2,3268,1416,2,0
bert2,3268,1417,3,0
ptchadu2,3268,1418,4,0
robidou2,3268,1419,5,0
ptstras2,3268,1419,6,0
plbaud2,3268,1421,7,0
tourneb2,3268,1422,8,0
belair2,3268,1423,9,0
taillis2,3268,1424,10,0
hublais2,3268,1425,11,0
plsevig2,3268,1426,12,0
vilaine2,3268,1427,13,0
muguet2,3268,1427,14,0
macceui2,3268,1428,15,0
boulais2,3268,1428,16,0
fontene2,3268,1429,17,0
bellece2,3268,1429,18,0
metairi2,3268,1430,19,0
belepin2,3268,1432,20,0
gddomai2,3268,1433,21,0
bloisce,3268,1434,22,1
repjof3,2148,1250,1,0
ptpastm2,2148,1251,2,0
bert2,2148,1252,3,0
ptchadu2,2148,1253,4,0
robidou2,2148,1254,5,0
ptstras2,2148,1254,6,0
plbaud2,2148,1256,7,0
tourneb2,2148,1257,8,0
belair2,2148,1258,9,0
taillis2,2148,1259,10,0
hublais2,2148,1260,11,0
plsevig2,2148,1261,12,0
vilaine2,2148,1262,13,0
muguet2,2148,1262,14,0
macceui2,2148,1263,15,0
boulais2,2148,1264,16,0
fontene2,2148,1264,17,0
bellece2,2148,1265,18,0
metairi2,2148,1266,19,0
belepin2,2148,1267,20,0
gddomai2,2148,1268,21,0
bloisce,2148,1269,22,1
repjof3,2149,930,1,0
ptpastm2,2149,931,2,0
bert2,2149,932,3,0
ptchadu2,2149,933,4,0
robidou2,2149,934,5,0
ptstras2,2149,934,6,0
plbaud2,2149,936,7,0
tourneb2,2149,938,8,0
belair2,2149,940,9,0
taillis2,2149,941,10,0
hublais2,2149,942,11,0
plsevig2,2149,943,12,0
vilaine2,2149,944,13,0
muguet2,2149,945,14,0
macceui2,2149,946,15,0
boulais2,2149,946,16,0
fontene2,2149,947,17,0
bellece2,2149,948,18,0
metairi2,2149,949,19,0
belepin2,2149,950,20,0
gddomai2,2149,951,21,0
bloisce,2149,952,22,1
bloisce,3206,760,1,0
gddomai1,3206,761,2,0
belepin1,3206,762,3,0
metairi1,3206,763,4,0
bellece1,3206,764,5,0
fontene1,3206,765,6,0
boulais1,3206,765,7,0
macceui1,3206,766,8,0
muguet1,3206,767,9,0
vilaine1,3206,767,10,0
plsevig1,3206,768,11,0
hublais1,3206,769,12,0
taillis1,3206,770,13,0
belair1,3206,772,14,0
tourneb1,3206,773,15,0
plbaud1,3206,775,16,0
ptstras1,3206,777,17,0
robidou1,3206,778,18,0
ptchadu1,3206,779,19,0
bert1,3206,780,20,0
ptpastm1,3206,781,21,0
repjof3,3206,782,22,1
repjof3,2175,740,1,0
ptpastm2,2175,741,2,0
bert2,2175,742,3,0
ptchadu2,2175,743,4,0
robidou2,2175,744,5,0
ptstras2,2175,744,6,0
plbaud2,2175,746,7,0
tourneb2,2175,747,8,0
belair2,2175,749,9,0
taillis2,2175,750,10,0
hublais2,2175,751,11,0
plsevig2,2175,752,12,0
vilaine2,2175,753,13,0
muguet2,2175,753,14,0
macceui2,2175,754,15,0
boulais2,2175,755,16,0
fontene2,2175,755,17,0
bellece2,2175,756,18,0
metairi2,2175,757,19,0
belepin2,2175,758,20,0
gddomai2,2175,759,21,0
bloisce,2175,760,22,1
bloisce,3229,980,1,0
gddomai1,3229,981,2,0
belepin1,3229,981,3,0
metairi1,3229,982,4,0
bellece1,3229,983,5,0
fontene1,3229,984,6,0
boulais1,3229,984,7,0
macceui1,3229,985,8,0
muguet1,3229,986,9,0
vilaine1,3229,986,10,0
plsevig1,3229,987,11,0
hublais1,3229,988,12,0
taillis1,3229,989,13,0
belair1,3229,991,14,0
tourneb1,3229,992,15,0
plbaud1,3229,994,16,0
ptstras1,3229,996,17,0
robidou1,3229,997,18,0
ptchadu1,3229,998,19,0
bert1,3229,999,20,0
ptpastm1,3229,1000,21,0
repjof3,3229,1001,22,1
repjof3,2207,345,1,0
ptpastm2,2207,346,2,0
bert2,2207,347,3,0
ptchadu2,2207,348,4,0
robidou2,2207,349,5,0
ptstras2,2207,349,6,0
plbaud2,2207,351,7,0
tourneb2,2207,353,8,0
belair2,2207,354,9,0
taillis2,2207,355,10,0
hublais2,2207,356,11,0
plsevig2,2207,357,12,0
vilaine2,2207,358,13,0
muguet2,2207,358,14,0
macceui2,2207,359,15,0
boulais2,2207,360,16,0
fontene2,2207,360,17,0
bellece2,2207,361,18,0
metairi2,2207,362,19,0
belepin2,2207,363,20,0
gddomai2,2207,364,21,0
bloisce,2207,365,22,1
bloisce,2206,640,1,0
gddomai1,2206,641,2,0
belepin1,2206,642,3,0
metairi1,2206,643,4,0
bellece1,2206,644,5,0
fontene1,2206,645,6,0
boulais1,2206,645,7,0
macceui1,2206,646,8,0
muguet1,2206,647,9,0
vilaine1,2206,647,10,0
plsevig1,2206,648,11,0
hublais1,2206,649,12,0
taillis1,2206,650,13,0
belair1,2206,652,14,0
tourneb1,2206,653,15,0
plbaud1,2206,655,16,0
ptstras1,2206,658,17,0
robidou1,2206,659,18,0
ptchadu1,2206,660,19,0
bert1,2206,661,20,0
ptpastm1,2206,662,21,0
repjof3,2206,663,22,1
repjof3,2245,1120,1,0
ptpastm2,2245,1121,2,0
bert2,2245,1122,3,0
ptchadu2,2245,1123,4,0
robidou2,2245,1124,5,0
ptstras2,2245,1125,6,0
plbaud2,2245,1127,7,0
tourneb2,2245,1129,8,0
belair2,2245,1131,9,0
taillis2,2245,1132,10,0
hublais2,2245,1133,11,0
plsevig2,2245,1134,12,0
vilaine2,2245,1135,13,0
muguet2,2245,1136,14,0
macceui2,2245,1137,15,0
boulais2,2245,1137,16,0
fontene2,2245,1138,17,0
bellece2,2245,1139,18,0
metairi2,2245,1140,19,0
belepin2,2245,1142,20,0
gddomai2,2245,1143,21,0
bloisce,2245,1144,22,1
repjof3,3397,530,1,0
ptpastm2,3397,531,2,0
bert2,3397,532,3,0
ptchadu2,3397,533,4,0
robidou2,3397,534,5,0
ptstras2,3397,534,6,0
plbaud2,3397,536,7,0
tourneb2,3397,537,8,0
belair2,3397,539,9,0
taillis2,3397,540,10,0
hublais2,3397,541,11,0
plsevig2,3397,542,12,0
vilaine2,3397,543,13,0
muguet2,3397,543,14,0
macceui2,3397,544,15,0
boulais2,3397,545,16,0
fontene2,3397,545,17,0
bellece2,3397,546,18,0
metairi2,3397,547,19,0
belepin2,3397,548,20,0
gddomai2,3397,549,21,0
bloisce,3397,550,22,1
repjof3,3370,850,1,0
ptpastm2,3370,851,2,0
bert2,3370,852,3,0
ptchadu2,3370,853,4,0
robidou2,3370,854,5,0
ptstras2,3370,854,6,0
plbaud2,3370,856,7,0
tourneb2,3370,858,8,0
belair2,3370,860,9,0
taillis2,3370,861,10,0
hublais2,3370,862,11,0
plsevig2,3370,863,12,0
vilaine2,3370,864,13,0
muguet2,3370,865,14,0
macceui2,3370,866,15,0
boulais2,3370,866,16,0
fontene2,3370,867,17,0
bellece2,3370,868,18,0
metairi2,3370,869,19,0
belepin2,3370,870,20,0
gddomai2,3370,871,21,0
bloisce,3370,872,22,1
bloisce,3351,1160,1,0
gddomai1,3351,1161,2,0
belepin1,3351,1161,3,0
metairi1,3351,1162,4,0
bellece1,3351,1163,5,0
fontene1,3351,1164,6,0
boulais1,3351,1164,7,0
macceui1,3351,1165,8,0
muguet1,3351,1166,9,0
vilaine1,3351,1166,10,0
plsevig1,3351,1167,11,0
hublais1,3351,1168,12,0
taillis1,3351,1169,13,0
belair1,3351,1171,14,0
tourneb1,3351,1172,15,0
plbaud1,3351,1174,16,0
ptstras1,3351,1176,17,0
robidou1,3351,1177,18,0
ptchadu1,3351,1178,19,0
bert1,3351,1179,20,0
ptpastm1,3351,1180,21,0
repjof3,3351,1181,22,1
repjof3,3353,1190,1,0
ptpastm2,3353,1191,2,0
bert2,3353,1192,3,0
ptchadu2,3353,1193,4,0
robidou2,3353,1194,5,0
ptstras2,3353,1194,6,0
plbaud2,3353,1196,7,0
tourneb2,3353,1197,8,0
belair2,3353,1199,9,0
taillis2,3353,1200,10,0
hublais2,3353,1201,11,0
plsevig2,3353,1202,12,0
vilaine2,3353,1203,13,0
muguet2,3353,1204,14,0
macceui2,3353,1205,15,0
boulais2,3353,1205,16,0
fontene2,3353,1206,17,0
bellece2,3353,1207,18,0
metairi2,3353,1208,19,0
belepin2,3353,1209,20,0
gddomai2,3353,1210,21,0
bloisce,3353,1211,22,1
bloisce,2279,860,1,0
gddomai1,2279,861,2,0
belepin1,2279,862,3,0
metairi1,2279,863,4,0
bellece1,2279,864,5,0
fontene1,2279,865,6,0
boulais1,2279,866,7,0
macceui1,2279,866,8,0
muguet1,2279,867,9,0
vilaine1,2279,868,10,0
plsevig1,2279,869,11,0
hublais1,2279,870,12,0
taillis1,2279,871,13,0
belair1,2279,873,14,0
tourneb1,2279,874,15,0
plbaud1,2279,876,16,0
ptstras1,2279,878,17,0
robidou1,2279,879,18,0
ptchadu1,2279,880,19,0
bert1,2279,881,20,0
ptpastm1,2279,882,21,0
repjof3,2279,883,22,1
bloisce,3476,620,1,0
gddomai1,3476,621,2,0
belepin1,3476,622,3,0
metairi1,3476,623,4,0
bellece1,3476,624,5,0
fontene1,3476,625,6,0
boulais1,3476,625,7,0
macceui1,3476,626,8,0
muguet1,3476,627,9,0
vilaine1,3476,627,10,0
plsevig1,3476,628,11,0
hublais1,3476,629,12,0
taillis1,3476,630,13,0
belair1,3476,632,14,0
tourneb1,3476,633,15,0
plbaud1,3476,635,16,0
ptstras1,3476,637,17,0
robidou1,3476,638,18,0
ptchadu1,3476,639,19,0
bert1,3476,640,20,0
ptpastm1,3476,641,21,0
repjof3,3476,642,22,1
repjof3,3492,620,1,0
ptpastm2,3492,621,2,0
bert2,3492,622,3,0
ptchadu2,3492,623,4,0
robidou2,3492,624,5,0
ptstras2,3492,624,6,0
plbaud2,3492,626,7,0
tourneb2,3492,627,8,0
belair2,3492,629,9,0
taillis2,3492,630,10,0
hublais2,3492,631,11,0
plsevig2,3492,632,12,0
vilaine2,3492,633,13,0
muguet2,3492,633,14,0
macceui2,3492,634,15,0
boulais2,3492,635,16,0
fontene2,3492,635,17,0
bellece2,3492,636,18,0
metairi2,3492,637,19,0
belepin2,3492,638,20,0
gddomai2,3492,639,21,0
bloisce,3492,640,22,1
repjof3,5107,1010,1,0
ptpastm2,5107,1011,2,0
bert2,5107,1012,3,0
ptchadu2,5107,1013,4,0
robidou2,5107,1014,5,0
ptstras2,5107,1014,6,0
plbaud2,5107,1016,7,0
tourneb2,5107,1017,8,0
belair2,5107,1019,9,0
taillis2,5107,1020,10,0
hublais2,5107,1021,11,0
plsevig2,5107,1022,12,0
vilaine2,5107,1023,13,0
muguet2,5107,1024,14,0
macceui2,5107,1025,15,0
boulais2,5107,1025,16,0
fontene2,5107,1026,17,0
bellece2,5107,1027,18,0
metairi2,5107,1028,19,0
belepin2,5107,1029,20,0
gddomai2,5107,1030,21,0
bloisce,5107,1031,22,1
bloisce,4043,920,1,0
gddomai1,4043,921,2,0
belepin1,4043,922,3,0
metairi1,4043,923,4,0
bellece1,4043,924,5,0
fontene1,4043,925,6,0
boulais1,4043,926,7,0
macceui1,4043,926,8,0
muguet1,4043,927,9,0
vilaine1,4043,928,10,0
plsevig1,4043,929,11,0
hublais1,4043,930,12,0
taillis1,4043,931,13,0
belair1,4043,933,14,0
tourneb1,4043,934,15,0
plbaud1,4043,936,16,0
ptstras1,4043,938,17,0
robidou1,4043,939,18,0
ptchadu1,4043,940,19,0
bert1,4043,941,20,0
ptpastm1,4043,942,21,0
repjof3,4043,943,22,1
repjof3,4027,770,1,0
ptpastm2,4027,771,2,0
bert2,4027,772,3,0
ptchadu2,4027,773,4,0
robidou2,4027,774,5,0
ptstras2,4027,774,6,0
plbaud2,4027,776,7,0
tourneb2,4027,777,8,0
belair2,4027,779,9,0
taillis2,4027,780,10,0
hublais2,4027,781,11,0
plsevig2,4027,782,12,0
vilaine2,4027,783,13,0
muguet2,4027,783,14,0
macceui2,4027,784,15,0
boulais2,4027,785,16,0
fontene2,4027,785,17,0
bellece2,4027,786,18,0
metairi2,4027,787,19,0
belepin2,4027,788,20,0
gddomai2,4027,789,21,0
bloisce,4027,790,22,1
repjof3,3419,1135,1,0
ptpastm2,3419,1136,2,0
bert2,3419,1137,3,0
ptchadu2,3419,1138,4,0
robidou2,3419,1139,5,0
ptstras2,3419,1140,6,0
plbaud2,3419,1142,7,0
tourneb2,3419,1144,8,0
belair2,3419,1146,9,0
taillis2,3419,1147,10,0
hublais2,3419,1148,11,0
plsevig2,3419,1149,12,0
vilaine2,3419,1150,13,0
muguet2,3419,1151,14,0
macceui2,3419,1152,15,0
boulais2,3419,1152,16,0
fontene2,3419,1153,17,0
bellece2,3419,1154,18,0
metairi2,3419,1155,19,0
belepin2,3419,1157,20,0
gddomai2,3419,1158,21,0
bloisce,3419,1159,22,1
bloisce,4013,1015,1,0
gddomai1,4013,1016,2,0
belepin1,4013,1017,3,0
metairi1,4013,1018,4,0
bellece1,4013,1019,5,0
fontene1,4013,1020,6,0
boulais1,4013,1021,7,0
macceui1,4013,1021,8,0
muguet1,4013,1022,9,0
vilaine1,4013,1023,10,0
plsevig1,4013,1024,11,0
hublais1,4013,1025,12,0
taillis1,4013,1026,13,0
belair1,4013,1028,14,0
tourneb1,4013,1029,15,0
plbaud1,4013,1032,16,0
ptstras1,4013,1034,17,0
robidou1,4013,1035,18,0
ptchadu1,4013,1036,19,0
bert1,4013,1037,20,0
ptpastm1,4013,1038,21,0
repjof3,4013,1039,22,1
bloisce,3431,880,1,0
gddomai1,3431,881,2,0
belepin1,3431,882,3,0
metairi1,3431,883,4,0
bellece1,3431,884,5,0
fontene1,3431,885,6,0
boulais1,3431,886,7,0
macceui1,3431,886,8,0
muguet1,3431,887,9,0
vilaine1,3431,888,10,0
plsevig1,3431,889,11,0
hublais1,3431,890,12,0
taillis1,3431,891,13,0
belair1,3431,893,14,0
tourneb1,3431,894,15,0
plbaud1,3431,896,16,0
ptstras1,3431,898,17,0
robidou1,3431,899,18,0
ptchadu1,3431,900,19,0
bert1,3431,901,20,0
ptpastm1,3431,902,21,0
repjof3,3431,903,22,1
bloisce,3460,900,1,0
gddomai1,3460,901,2,0
belepin1,3460,902,3,0
metairi1,3460,903,4,0
bellece1,3460,904,5,0
fontene1,3460,905,6,0
boulais1,3460,906,7,0
macceui1,3460,906,8,0
muguet1,3460,907,9,0
vilaine1,3460,908,10,0
plsevig1,3460,909,11,0
hublais1,3460,910,12,0
taillis1,3460,911,13,0
belair1,3460,913,14,0
tourneb1,3460,914,15,0
plbaud1,3460,917,16,0
ptstras1,3460,919,17,0
robidou1,3460,920,18,0
ptchadu1,3460,921,19,0
bert1,3460,922,20,0
ptpastm1,3460,923,21,0
repjof3,3460,924,22,1
bloisce,3469,680,1,0
gddomai1,3469,681,2,0
belepin1,3469,682,3,0
metairi1,3469,683,4,0
bellece1,3469,684,5,0
fontene1,3469,685,6,0
boulais1,3469,685,7,0
macceui1,3469,686,8,0
muguet1,3469,687,9,0
vilaine1,3469,687,10,0
plsevig1,3469,688,11,0
hublais1,3469,689,12,0
taillis1,3469,690,13,0
belair1,3469,692,14,0
tourneb1,3469,693,15,0
plbaud1,3469,695,16,0
ptstras1,3469,698,17,0
robidou1,3469,699,18,0
ptchadu1,3469,700,19,0
bert1,3469,701,20,0
ptpastm1,3469,702,21,0
repjof3,3469,703,22,1
repjof3,3467,930,1,0
ptpastm2,3467,931,2,0
bert2,3467,932,3,0
ptchadu2,3467,933,4,0
robidou2,3467,934,5,0
ptstras2,3467,934,6,0
plbaud2,3467,936,7,0
tourneb2,3467,938,8,0
belair2,3467,940,9,0
taillis2,3467,941,10,0
hublais2,3467,942,11,0
plsevig2,3467,943,12,0
vilaine2,3467,944,13,0
muguet2,3467,945,14,0
macceui2,3467,946,15,0
boulais2,3467,946,16,0
fontene2,3467,947,17,0
bellece2,3467,948,18,0
metairi2,3467,949,19,0
belepin2,3467,951,20,0
gddomai2,3467,952,21,0
bloisce,3467,953,22,1
repjof3,4073,1045,1,0
ptpastm2,4073,1046,2,0
bert2,4073,1047,3,0
ptchadu2,4073,1048,4,0
robidou2,4073,1049,5,0
ptstras2,4073,1050,6,0
plbaud2,4073,1052,7,0
tourneb2,4073,1054,8,0
belair2,4073,1056,9,0
taillis2,4073,1057,10,0
hublais2,4073,1058,11,0
plsevig2,4073,1059,12,0
vilaine2,4073,1060,13,0
muguet2,4073,1061,14,0
macceui2,4073,1062,15,0
boulais2,4073,1062,16,0
fontene2,4073,1063,17,0
bellece2,4073,1064,18,0
metairi2,4073,1065,19,0
belepin2,4073,1067,20,0
gddomai2,4073,1068,21,0
bloisce,4073,1069,22,1
bloisce,3507,820,1,0
gddomai1,3507,821,2,0
belepin1,3507,822,3,0
metairi1,3507,823,4,0
bellece1,3507,824,5,0
fontene1,3507,825,6,0
boulais1,3507,825,7,0
macceui1,3507,826,8,0
muguet1,3507,827,9,0
vilaine1,3507,827,10,0
plsevig1,3507,828,11,0
hublais1,3507,829,12,0
taillis1,3507,830,13,0
belair1,3507,832,14,0
tourneb1,3507,833,15,0
plbaud1,3507,835,16,0
ptstras1,3507,837,17,0
robidou1,3507,838,18,0
ptchadu1,3507,839,19,0
bert1,3507,840,20,0
ptpastm1,3507,841,21,0
repjof3,3507,842,22,1
repjof3,5142,1360,1,0
ptpastm2,5142,1361,2,0
bert2,5142,1362,3,0
ptchadu2,5142,1363,4,0
robidou2,5142,1364,5,0
ptstras2,5142,1364,6,0
plbaud2,5142,1366,7,0
tourneb2,5142,1367,8,0
belair2,5142,1369,9,0
taillis2,5142,1370,10,0
hublais2,5142,1371,11,0
plsevig2,5142,1372,12,0
vilaine2,5142,1373,13,0
muguet2,5142,1374,14,0
macceui2,5142,1375,15,0
boulais2,5142,1375,16,0
fontene2,5142,1376,17,0
bellece2,5142,1377,18,0
metairi2,5142,1378,19,0
belepin2,5142,1379,20,0
gddomai2,5142,1380,21,0
bloisce,5142,1381,22,1
repjof3,5143,650,1,0
ptpastm2,5143,651,2,0
bert2,5143,652,3,0
ptchadu2,5143,653,4,0
robidou2,5143,654,5,0
ptstras2,5143,654,6,0
plbaud2,5143,656,7,0
tourneb2,5143,658,8,0
belair2,5143,660,9,0
taillis2,5143,661,10,0
hublais2,5143,662,11,0
plsevig2,5143,663,12,0
vilaine2,5143,664,13,0
muguet2,5143,665,14,0
macceui2,5143,666,15,0
boulais2,5143,666,16,0
fontene2,5143,667,17,0
bellece2,5143,668,18,0
metairi2,5143,669,19,0
belepin2,5143,671,20,0
gddomai2,5143,672,21,0
bloisce,5143,673,22,1
repjof3,5148,985,1,0
ptpastm2,5148,986,2,0
bert2,5148,987,3,0
ptchadu2,5148,988,4,0
robidou2,5148,989,5,0
ptstras2,5148,990,6,0
plbaud2,5148,992,7,0
tourneb2,5148,994,8,0
belair2,5148,996,9,0
taillis2,5148,997,10,0
hublais2,5148,998,11,0
plsevig2,5148,999,12,0
vilaine2,5148,1000,13,0
muguet2,5148,1001,14,0
macceui2,5148,1002,15,0
boulais2,5148,1002,16,0
fontene2,5148,1003,17,0
bellece2,5148,1004,18,0
metairi2,5148,1005,19,0
belepin2,5148,1007,20,0
gddomai2,5148,1008,21,0
bloisce,5148,1009,22,1
repjof3,2019,770,1,0
ptpastm2,2019,771,2,0
bert2,2019,772,3,0
ptchadu2,2019,773,4,0
robidou2,2019,774,5,0
ptstras2,2019,774,6,0
plbaud2,2019,776,7,0
tourneb2,2019,778,8,0
belair2,2019,780,9,0
taillis2,2019,781,10,0
hublais2,2019,782,11,0
plsevig2,2019,783,12,0
vilaine2,2019,784,13,0
muguet2,2019,785,14,0
macceui2,2019,786,15,0
boulais2,2019,786,16,0
fontene2,2019,787,17,0
bellece2,2019,788,18,0
metairi2,2019,789,19,0
belepin2,2019,791,20,0
gddomai2,2019,792,21,0
bloisce,2019,793,22,1
bloisce,3542,1000,1,0
gddomai1,3542,1001,2,0
belepin1,3542,1002,3,0
metairi1,3542,1003,4,0
bellece1,3542,1004,5,0
fontene1,3542,1005,6,0
boulais1,3542,1006,7,0
macceui1,3542,1006,8,0
muguet1,3542,1007,9,0
vilaine1,3542,1008,10,0
plsevig1,3542,1009,11,0
hublais1,3542,1010,12,0
taillis1,3542,1011,13,0
belair1,3542,1013,14,0
tourneb1,3542,1014,15,0
plbaud1,3542,1017,16,0
ptstras1,3542,1019,17,0
robidou1,3542,1020,18,0
ptchadu1,3542,1021,19,0
bert1,3542,1022,20,0
ptpastm1,3542,1023,21,0
repjof3,3542,1024,22,1
bloisce,3517,740,1,0
gddomai1,3517,741,2,0
belepin1,3517,742,3,0
metairi1,3517,743,4,0
bellece1,3517,744,5,0
fontene1,3517,745,6,0
boulais1,3517,745,7,0
macceui1,3517,746,8,0
muguet1,3517,747,9,0
vilaine1,3517,747,10,0
plsevig1,3517,748,11,0
hublais1,3517,749,12,0
taillis1,3517,750,13,0
belair1,3517,752,14,0
tourneb1,3517,753,15,0
plbaud1,3517,755,16,0
ptstras1,3517,757,17,0
robidou1,3517,758,18,0
ptchadu1,3517,759,19,0
bert1,3517,760,20,0
ptpastm1,3517,761,21,0
repjof3,3517,762,22,1
bloisce,2046,1045,1,0
gddomai1,2046,1046,2,0
belepin1,2046,1047,3,0
metairi1,2046,1048,4,0
bellece1,2046,1049,5,0
fontene1,2046,1050,6,0
boulais1,2046,1051,7,0
macceui1,2046,1051,8,0
muguet1,2046,1052,9,0
vilaine1,2046,1053,10,0
plsevig1,2046,1054,11,0
hublais1,2046,1055,12,0
taillis1,2046,1056,13,0
belair1,2046,1058,14,0
tourneb1,2046,1059,15,0
plbaud1,2046,1062,16,0
ptstras1,2046,1064,17,0
robidou1,2046,1065,18,0
ptchadu1,2046,1066,19,0
bert1,2046,1067,20,0
ptpastm1,2046,1068,21,0
repjof3,2046,1069,22,1
repjof3,2060,1475,1,0
ptpastm2,2060,1476,2,0
bert2,2060,1477,3,0
ptchadu2,2060,1478,4,0
robidou2,2060,1479,5,0
ptstras2,2060,1479,6,0
plbaud2,2060,1481,7,0
tourneb2,2060,1482,8,0
belair2,2060,1483,9,0
taillis2,2060,1484,10,0
hublais2,2060,1485,11,0
plsevig2,2060,1486,12,0
vilaine2,2060,1487,13,0
muguet2,2060,1487,14,0
macceui2,2060,1488,15,0
boulais2,2060,1489,16,0
fontene2,2060,1489,17,0
bellece2,2060,1490,18,0
metairi2,2060,1491,19,0
belepin2,2060,1492,20,0
gddomai2,2060,1493,21,0
bloisce,2060,1494,22,1
repjof3,3587,670,1,0
ptpastm2,3587,671,2,0
bert2,3587,672,3,0
ptchadu2,3587,673,4,0
robidou2,3587,674,5,0
ptstras2,3587,674,6,0
plbaud2,3587,676,7,0
tourneb2,3587,678,8,0
belair2,3587,680,9,0
taillis2,3587,681,10,0
hublais2,3587,682,11,0
plsevig2,3587,683,12,0
vilaine2,3587,684,13,0
muguet2,3587,685,14,0
macceui2,3587,686,15,0
boulais2,3587,686,16,0
fontene2,3587,687,17,0
bellece2,3587,688,18,0
metairi2,3587,689,19,0
belepin2,3587,691,20,0
gddomai2,3587,692,21,0
bloisce,3587,693,22,1
repjof3,2029,1030,1,0
ptpastm2,2029,1031,2,0
bert2,2029,1032,3,0
ptchadu2,2029,1033,4,0
robidou2,2029,1034,5,0
ptstras2,2029,1035,6,0
plbaud2,2029,1037,7,0
tourneb2,2029,1039,8,0
belair2,2029,1041,9,0
taillis2,2029,1042,10,0
hublais2,2029,1043,11,0
plsevig2,2029,1044,12,0
vilaine2,2029,1045,13,0
muguet2,2029,1046,14,0
macceui2,2029,1047,15,0
boulais2,2029,1047,16,0
fontene2,2029,1048,17,0
bellece2,2029,1049,18,0
metairi2,2029,1050,19,0
belepin2,2029,1052,20,0
gddomai2,2029,1053,21,0
bloisce,2029,1054,22,1
bloisce,3572,860,1,0
gddomai1,3572,861,2,0
belepin1,3572,861,3,0
metairi1,3572,862,4,0
bellece1,3572,863,5,0
fontene1,3572,864,6,0
boulais1,3572,864,7,0
macceui1,3572,865,8,0
muguet1,3572,866,9,0
vilaine1,3572,866,10,0
plsevig1,3572,867,11,0
hublais1,3572,868,12,0
taillis1,3572,869,13,0
belair1,3572,871,14,0
tourneb1,3572,872,15,0
plbaud1,3572,874,16,0
ptstras1,3572,876,17,0
robidou1,3572,877,18,0
ptchadu1,3572,878,19,0
bert1,3572,879,20,0
ptpastm1,3572,880,21,0
repjof3,3572,881,22,1
repjof3,5043,650,1,0
ptpastm2,5043,651,2,0
bert2,5043,652,3,0
ptchadu2,5043,653,4,0
robidou2,5043,654,5,0
ptstras2,5043,654,6,0
plbaud2,5043,656,7,0
tourneb2,5043,657,8,0
belair2,5043,659,9,0
taillis2,5043,660,10,0
hublais2,5043,661,11,0
plsevig2,5043,662,12,0
vilaine2,5043,663,13,0
muguet2,5043,663,14,0
macceui2,5043,664,15,0
boulais2,5043,665,16,0
fontene2,5043,665,17,0
bellece2,5043,666,18,0
metairi2,5043,667,19,0
belepin2,5043,668,20,0
gddomai2,5043,669,21,0
bloisce,5043,670,22,1
repjof3,5053,970,1,0
ptpastm2,5053,971,2,0
bert2,5053,972,3,0
ptchadu2,5053,973,4,0
robidou2,5053,974,5,0
ptstras2,5053,974,6,0
plbaud2,5053,976,7,0
tourneb2,5053,978,8,0
belair2,5053,980,9,0
taillis2,5053,981,10,0
hublais2,5053,982,11,0
plsevig2,5053,983,12,0
vilaine2,5053,984,13,0
muguet2,5053,985,14,0
macceui2,5053,986,15,0
boulais2,5053,986,16,0
fontene2,5053,987,17,0
bellece2,5053,988,18,0
metairi2,5053,989,19,0
belepin2,5053,990,20,0
gddomai2,5053,991,21,0
bloisce,5053,992,22,1
bloisce,5062,530,1,0
gddomai1,5062,531,2,0
belepin1,5062,532,3,0
metairi1,5062,533,4,0
bellece1,5062,534,5,0
fontene1,5062,535,6,0
boulais1,5062,535,7,0
macceui1,5062,536,8,0
muguet1,5062,537,9,0
vilaine1,5062,537,10,0
plsevig1,5062,538,11,0
hublais1,5062,539,12,0
taillis1,5062,540,13,0
belair1,5062,542,14,0
tourneb1,5062,543,15,0
plbaud1,5062,545,16,0
ptstras1,5062,547,17,0
robidou1,5062,548,18,0
ptchadu1,5062,549,19,0
bert1,5062,550,20,0
ptpastm1,5062,551,21,0
repjof3,5062,552,22,1
repjof3,5084,500,1,0
ptpastm2,5084,501,2,0
bert2,5084,502,3,0
ptchadu2,5084,503,4,0
robidou2,5084,504,5,0
ptstras2,5084,504,6,0
plbaud2,5084,506,7,0
tourneb2,5084,507,8,0
belair2,5084,508,9,0
taillis2,5084,509,10,0
hublais2,5084,510,11,0
plsevig2,5084,511,12,0
vilaine2,5084,512,13,0
muguet2,5084,512,14,0
macceui2,5084,513,15,0
boulais2,5084,514,16,0
fontene2,5084,514,17,0
bellece2,5084,515,18,0
metairi2,5084,516,19,0
belepin2,5084,517,20,0
gddomai2,5084,518,21,0
bloisce,5084,519,22,1
bloisce,3674,800,1,0
gddomai1,3674,801,2,0
belepin1,3674,802,3,0
metairi1,3674,803,4,0
bellece1,3674,804,5,0
fontene1,3674,805,6,0
boulais1,3674,805,7,0
macceui1,3674,806,8,0
muguet1,3674,807,9,0
vilaine1,3674,807,10,0
plsevig1,3674,808,11,0
hublais1,3674,809,12,0
taillis1,3674,810,13,0
belair1,3674,812,14,0
tourneb1,3674,813,15,0
plbaud1,3674,815,16,0
ptstras1,3674,817,17,0
robidou1,3674,818,18,0
ptchadu1,3674,819,19,0
bert1,3674,820,20,0
ptpastm1,3674,821,21,0
repjof3,3674,822,22,1
bloisce,3651,1220,1,0
gddomai1,3651,1221,2,0
belepin1,3651,1221,3,0
metairi1,3651,1222,4,0
bellece1,3651,1223,5,0
fontene1,3651,1224,6,0
boulais1,3651,1224,7,0
macceui1,3651,1225,8,0
muguet1,3651,1226,9,0
vilaine1,3651,1226,10,0
plsevig1,3651,1227,11,0
hublais1,3651,1228,12,0
taillis1,3651,1229,13,0
belair1,3651,1231,14,0
tourneb1,3651,1232,15,0
plbaud1,3651,1234,16,0
ptstras1,3651,1236,17,0
robidou1,3651,1237,18,0
ptchadu1,3651,1238,19,0
bert1,3651,1239,20,0
ptpastm1,3651,1240,21,0
repjof3,3651,1241,22,1
repjof3,3662,1090,1,0
ptpastm2,3662,1091,2,0
bert2,3662,1092,3,0
ptchadu2,3662,1093,4,0
robidou2,3662,1094,5,0
ptstras2,3662,1094,6,0
plbaud2,3662,1096,7,0
tourneb2,3662,1098,8,0
belair2,3662,1100,9,0
taillis2,3662,1101,10,0
hublais2,3662,1102,11,0
plsevig2,3662,1103,12,0
vilaine2,3662,1104,13,0
muguet2,3662,1105,14,0
macceui2,3662,1106,15,0
boulais2,3662,1106,16,0
fontene2,3662,1107,17,0
bellece2,3662,1108,18,0
metairi2,3662,1109,19,0
belepin2,3662,1110,20,0
gddomai2,3662,1111,21,0
bloisce,3662,1112,22,1
bloisce,3719,740,1,0
gddomai1,3719,741,2,0
belepin1,3719,741,3,0
metairi1,3719,742,4,0
bellece1,3719,743,5,0
fontene1,3719,744,6,0
boulais1,3719,744,7,0
macceui1,3719,745,8,0
muguet1,3719,746,9,0
vilaine1,3719,746,10,0
plsevig1,3719,747,11,0
hublais1,3719,748,12,0
taillis1,3719,749,13,0
belair1,3719,751,14,0
tourneb1,3719,752,15,0
plbaud1,3719,754,16,0
ptstras1,3719,756,17,0
robidou1,3719,757,18,0
ptchadu1,3719,758,19,0
bert1,3719,759,20,0
ptpastm1,3719,760,21,0
repjof3,3719,761,22,1
repjof3,167,1475,1,0
ptpastm2,167,1476,2,0
bert2,167,1477,3,0
ptchadu2,167,1478,4,0
robidou2,167,1479,5,0
ptstras2,167,1479,6,0
plbaud2,167,1481,7,0
tourneb2,167,1482,8,0
belair2,167,1483,9,0
taillis2,167,1484,10,0
hublais2,167,1485,11,0
plsevig2,167,1486,12,0
vilaine2,167,1487,13,0
muguet2,167,1487,14,0
macceui2,167,1488,15,0
boulais2,167,1488,16,0
fontene2,167,1489,17,0
bellece2,167,1489,18,0
metairi2,167,1490,19,0
belepin2,167,1492,20,0
gddomai2,167,1493,21,0
bloisce,167,1494,22,1
repjof3,142,435,1,0
ptpastm2,142,436,2,0
bert2,142,437,3,0
ptchadu2,142,438,4,0
robidou2,142,439,5,0
ptstras2,142,439,6,0
plbaud2,142,441,7,0
tourneb2,142,442,8,0
belair2,142,443,9,0
taillis2,142,444,10,0
hublais2,142,445,11,0
plsevig2,142,446,12,0
vilaine2,142,447,13,0
muguet2,142,447,14,0
macceui2,142,448,15,0
boulais2,142,449,16,0
fontene2,142,449,17,0
bellece2,142,450,18,0
metairi2,142,451,19,0
belepin2,142,452,20,0
gddomai2,142,453,21,0
bloisce,142,454,22,1
bloisce,194,920,1,0
gddomai1,194,921,2,0
belepin1,194,922,3,0
metairi1,194,923,4,0
bellece1,194,924,5,0
fontene1,194,925,6,0
boulais1,194,926,7,0
macceui1,194,926,8,0
muguet1,194,927,9,0
vilaine1,194,928,10,0
plsevig1,194,929,11,0
hublais1,194,930,12,0
taillis1,194,931,13,0
belair1,194,933,14,0
tourneb1,194,934,15,0
plbaud1,194,937,16,0
ptstras1,194,939,17,0
robidou1,194,940,18,0
ptchadu1,194,941,19,0
bert1,194,942,20,0
ptpastm1,194,943,21,0
repjof3,194,944,22,1
repjof3,3794,480,1,0
ptpastm2,3794,481,2,0
bert2,3794,482,3,0
ptchadu2,3794,483,4,0
robidou2,3794,484,5,0
ptstras2,3794,484,6,0
plbaud2,3794,486,7,0
tourneb2,3794,488,8,0
belair2,3794,490,9,0
taillis2,3794,491,10,0
hublais2,3794,492,11,0
plsevig2,3794,493,12,0
vilaine2,3794,494,13,0
muguet2,3794,495,14,0
macceui2,3794,496,15,0
boulais2,3794,496,16,0
fontene2,3794,497,17,0
bellece2,3794,498,18,0
metairi2,3794,499,19,0
belepin2,3794,501,20,0
gddomai2,3794,502,21,0
bloisce,3794,503,22,1
repjof3,3864,890,1,0
ptpastm2,3864,891,2,0
bert2,3864,892,3,0
ptchadu2,3864,893,4,0
robidou2,3864,894,5,0
ptstras2,3864,894,6,0
plbaud2,3864,896,7,0
tourneb2,3864,898,8,0
belair2,3864,900,9,0
taillis2,3864,901,10,0
hublais2,3864,902,11,0
plsevig2,3864,903,12,0
vilaine2,3864,904,13,0
muguet2,3864,905,14,0
macceui2,3864,906,15,0
boulais2,3864,906,16,0
fontene2,3864,907,17,0
bellece2,3864,908,18,0
metairi2,3864,909,19,0
belepin2,3864,910,20,0
gddomai2,3864,911,21,0
bloisce,3864,912,22,1
repjof3,3866,950,1,0
ptpastm2,3866,951,2,0
bert2,3866,952,3,0
ptchadu2,3866,953,4,0
robidou2,3866,954,5,0
ptstras2,3866,954,6,0
plbaud2,3866,956,7,0
tourneb2,3866,958,8,0
belair2,3866,960,9,0
taillis2,3866,961,10,0
hublais2,3866,962,11,0
plsevig2,3866,963,12,0
vilaine2,3866,964,13,0
muguet2,3866,965,14,0
macceui2,3866,966,15,0
boulais2,3866,966,16,0
fontene2,3866,967,17,0
bellece2,3866,968,18,0
metairi2,3866,969,19,0
belepin2,3866,970,20,0
gddomai2,3866,971,21,0
bloisce,3866,972,22,1
repjof3,3808,1030,1,0
ptpastm2,3808,1031,2,0
bert2,3808,1032,3,0
ptchadu2,3808,1033,4,0
robidou2,3808,1034,5,0
ptstras2,3808,1034,6,0
plbaud2,3808,1036,7,0
tourneb2,3808,1038,8,0
belair2,3808,1040,9,0
taillis2,3808,1041,10,0
hublais2,3808,1042,11,0
plsevig2,3808,1043,12,0
vilaine2,3808,1044,13,0
muguet2,3808,1045,14,0
macceui2,3808,1046,15,0
boulais2,3808,1046,16,0
fontene2,3808,1047,17,0
bellece2,3808,1048,18,0
metairi2,3808,1049,19,0
belepin2,3808,1050,20,0
gddomai2,3808,1051,21,0
bloisce,3808,1052,22,1
repjof3,102,1475,1,0
ptpastm2,102,1476,2,0
bert2,102,1477,3,0
ptchadu2,102,1478,4,0
robidou2,102,1479,5,0
ptstras2,102,1479,6,0
plbaud2,102,1481,7,0
tourneb2,102,1482,8,0
belair2,102,1484,9,0
taillis2,102,1485,10,0
hublais2,102,1486,11,0
plsevig2,102,1487,12,0
vilaine2,102,1488,13,0
muguet2,102,1488,14,0
macceui2,102,1489,15,0
boulais2,102,1490,16,0
fontene2,102,1490,17,0
bellece2,102,1491,18,0
metairi2,102,1492,19,0
belepin2,102,1493,20,0
gddomai2,102,1494,21,0
bloisce,102,1495,22,1
bloisce,4979,700,1,0
gddomai1,4979,701,2,0
belepin1,4979,702,3,0
metairi1,4979,703,4,0
bellece1,4979,704,5,0
fontene1,4979,705,6,0
boulais1,4979,705,7,0
macceui1,4979,706,8,0
muguet1,4979,707,9,0
vilaine1,4979,707,10,0
plsevig1,4979,708,11,0
hublais1,4979,709,12,0
taillis1,4979,710,13,0
belair1,4979,712,14,0
tourneb1,4979,713,15,0
plbaud1,4979,715,16,0
ptstras1,4979,718,17,0
robidou1,4979,719,18,0
ptchadu1,4979,720,19,0
bert1,4979,721,20,0
ptpastm1,4979,722,21,0
repjof3,4979,723,22,1
repjof3,4989,450,1,0
ptpastm2,4989,451,2,0
bert2,4989,452,3,0
ptchadu2,4989,453,4,0
robidou2,4989,454,5,0
ptstras2,4989,454,6,0
plbaud2,4989,456,7,0
tourneb2,4989,458,8,0
belair2,4989,460,9,0
taillis2,4989,461,10,0
hublais2,4989,462,11,0
plsevig2,4989,463,12,0
vilaine2,4989,464,13,0
muguet2,4989,464,14,0
macceui2,4989,465,15,0
boulais2,4989,466,16,0
fontene2,4989,466,17,0
bellece2,4989,467,18,0
metairi2,4989,468,19,0
belepin2,4989,470,20,0
gddomai2,4989,471,21,0
bloisce,4989,472,22,1
repjof3,3027,610,1,0
ptpastm2,3027,611,2,0
bert2,3027,612,3,0
ptchadu2,3027,613,4,0
robidou2,3027,614,5,0
ptstras2,3027,614,6,0
plbaud2,3027,616,7,0
tourneb2,3027,618,8,0
belair2,3027,620,9,0
taillis2,3027,621,10,0
hublais2,3027,622,11,0
plsevig2,3027,623,12,0
vilaine2,3027,624,13,0
muguet2,3027,625,14,0
macceui2,3027,626,15,0
boulais2,3027,626,16,0
fontene2,3027,627,17,0
bellece2,3027,628,18,0
metairi2,3027,629,19,0
belepin2,3027,631,20,0
gddomai2,3027,632,21,0
bloisce,3027,633,22,1
repjof3,3926,1360,1,0
ptpastm2,3926,1361,2,0
bert2,3926,1362,3,0
ptchadu2,3926,1363,4,0
robidou2,3926,1364,5,0
ptstras2,3926,1364,6,0
plbaud2,3926,1366,7,0
tourneb2,3926,1367,8,0
belair2,3926,1368,9,0
taillis2,3926,1369,10,0
hublais2,3926,1370,11,0
plsevig2,3926,1371,12,0
vilaine2,3926,1372,13,0
muguet2,3926,1372,14,0
macceui2,3926,1373,15,0
boulais2,3926,1373,16,0
fontene2,3926,1374,17,0
bellece2,3926,1374,18,0
metairi2,3926,1375,19,0
belepin2,3926,1377,20,0
gddomai2,3926,1378,21,0
bloisce,3926,1379,22,1
repjof3,3940,970,1,0
ptpastm2,3940,971,2,0
bert2,3940,972,3,0
ptchadu2,3940,973,4,0
robidou2,3940,974,5,0
ptstras2,3940,974,6,0
plbaud2,3940,976,7,0
tourneb2,3940,978,8,0
belair2,3940,980,9,0
taillis2,3940,981,10,0
hublais2,3940,982,11,0
plsevig2,3940,983,12,0
vilaine2,3940,984,13,0
muguet2,3940,985,14,0
macceui2,3940,986,15,0
boulais2,3940,986,16,0
fontene2,3940,987,17,0
bellece2,3940,988,18,0
metairi2,3940,989,19,0
belepin2,3940,991,20,0
gddomai2,3940,992,21,0
bloisce,3940,993,22,1
bloisce,3906,1135,1,0
gddomai1,3906,1136,2,0
belepin1,3906,1137,3,0
metairi1,3906,1138,4,0
bellece1,3906,1139,5,0
fontene1,3906,1140,6,0
boulais1,3906,1140,7,0
macceui1,3906,1141,8,0
muguet1,3906,1142,9,0
vilaine1,3906,1142,10,0
plsevig1,3906,1143,11,0
hublais1,3906,1144,12,0
taillis1,3906,1145,13,0
belair1,3906,1147,14,0
tourneb1,3906,1148,15,0
plbaud1,3906,1150,16,0
ptstras1,3906,1152,17,0
robidou1,3906,1153,18,0
ptchadu1,3906,1154,19,0
bert1,3906,1155,20,0
ptpastm1,3906,1156,21,0
repjof3,3906,1157,22,1
repjof3,3156,1075,1,0
ptpastm2,3156,1076,2,0
bert2,3156,1077,3,0
ptchadu2,3156,1078,4,0
robidou2,3156,1079,5,0
ptstras2,3156,1080,6,0
plbaud2,3156,1082,7,0
tourneb2,3156,1084,8,0
belair2,3156,1086,9,0
taillis2,3156,1087,10,0
hublais2,3156,1088,11,0
plsevig2,3156,1089,12,0
vilaine2,3156,1090,13,0
muguet2,3156,1091,14,0
macceui2,3156,1092,15,0
boulais2,3156,1092,16,0
fontene2,3156,1093,17,0
bellece2,3156,1094,18,0
metairi2,3156,1095,19,0
belepin2,3156,1097,20,0
gddomai2,3156,1098,21,0
bloisce,3156,1099,22,1
repjof3,3137,1105,1,0
ptpastm2,3137,1106,2,0
bert2,3137,1107,3,0
ptchadu2,3137,1108,4,0
robidou2,3137,1109,5,0
ptstras2,3137,1110,6,0
plbaud2,3137,1112,7,0
tourneb2,3137,1114,8,0
belair2,3137,1116,9,0
taillis2,3137,1117,10,0
hublais2,3137,1118,11,0
plsevig2,3137,1119,12,0
vilaine2,3137,1120,13,0
muguet2,3137,1121,14,0
macceui2,3137,1122,15,0
boulais2,3137,1122,16,0
fontene2,3137,1123,17,0
bellece2,3137,1124,18,0
metairi2,3137,1125,19,0
belepin2,3137,1127,20,0
gddomai2,3137,1128,21,0
bloisce,3137,1129,22,1
bloisce,3117,580,1,0
gddomai1,3117,581,2,0
belepin1,3117,582,3,0
metairi1,3117,583,4,0
bellece1,3117,584,5,0
fontene1,3117,585,6,0
boulais1,3117,585,7,0
macceui1,3117,586,8,0
muguet1,3117,587,9,0
vilaine1,3117,587,10,0
plsevig1,3117,588,11,0
hublais1,3117,589,12,0
taillis1,3117,590,13,0
belair1,3117,592,14,0
tourneb1,3117,593,15,0
plbaud1,3117,595,16,0
ptstras1,3117,598,17,0
robidou1,3117,599,18,0
ptchadu1,3117,600,19,0
bert1,3117,601,20,0
ptpastm1,3117,602,21,0
repjof3,3117,603,22,1
bloisce,3192,420,1,0
gddomai1,3192,421,2,0
belepin1,3192,422,3,0
metairi1,3192,423,4,0
bellece1,3192,424,5,0
fontene1,3192,425,6,0
boulais1,3192,425,7,0
macceui1,3192,426,8,0
muguet1,3192,427,9,0
vilaine1,3192,427,10,0
plsevig1,3192,428,11,0
hublais1,3192,429,12,0
taillis1,3192,430,13,0
belair1,3192,431,14,0
tourneb1,3192,432,15,0
plbaud1,3192,434,16,0
ptstras1,3192,436,17,0
robidou1,3192,437,18,0
ptchadu1,3192,437,19,0
bert1,3192,438,20,0
ptpastm1,3192,439,21,0
repjof3,3192,440,22,1
repjof3,3185,590,1,0
ptpastm2,3185,591,2,0
bert2,3185,592,3,0
ptchadu2,3185,593,4,0
robidou2,3185,594,5,0
ptstras2,3185,594,6,0
plbaud2,3185,596,7,0
tourneb2,3185,598,8,0
belair2,3185,600,9,0
taillis2,3185,601,10,0
hublais2,3185,602,11,0
plsevig2,3185,603,12,0
vilaine2,3185,604,13,0
muguet2,3185,605,14,0
macceui2,3185,606,15,0
boulais2,3185,606,16,0
fontene2,3185,607,17,0
bellece2,3185,608,18,0
metairi2,3185,609,19,0
belepin2,3185,611,20,0
gddomai2,3185,612,21,0
bloisce,3185,613,22,1
bloisce,1978,650,1,0
gddomai1,1978,651,2,0
belepin1,1978,652,3,0
metairi1,1978,653,4,0
bellece1,1978,654,5,0
fontene1,1978,655,6,0
boulais1,1978,655,7,0
macceui1,1978,656,8,0
muguet1,1978,657,9,0
vilaine1,1978,657,10,0
plsevig1,1978,658,11,0
hublais1,1978,659,12,0
taillis1,1978,660,13,0
belair1,1978,662,14,0
tourneb1,1978,663,15,0
plbaud1,1978,665,16,0
ptstras1,1978,667,17,0
robidou1,1978,668,18,0
ptchadu1,1978,669,19,0
bert1,1978,670,20,0
ptpastm1,1978,671,21,0
repjof3,1978,672,22,1
