arret_id,trajet_id,heure_depart,stop_sequence,terminus
steannaa,27,405,1,0
dieu2,27,406,2,0
rectora2,27,407,3,0
ferry2,27,408,4,0
volney2,27,410,5,0
brno2,27,411,6,0
patton2,27,413,7,0
mtarrep4,27,414,8,0
stlaure2,27,415,9,0
mblanc2,27,417,10,0
valleeb2,27,419,11,0
ensabb2,27,421,12,0
housset2,27,422,13,0
maronn2,27,424,14,0
harenau2,27,425,15,0
drlaen2,27,426,16,0
mabetto2,27,426,17,0
tregor2,27,428,18,0
broceli2,27,429,19,0
omblais2,27,430,20,0
chdevan,27,431,21,1
chdevan,7006,420,1,0
omblais1,7006,421,2,0
broceli1,7006,421,3,0
tregor1,7006,423,4,0
mabetto1,7006,424,5,0
drlaen1,7006,425,6,0
harenau1,7006,426,7,0
maronn1,7006,427,8,0
housset1,7006,429,9,0
ensabb1,7006,430,10,0
valleeb1,7006,431,11,0
mblanc1,7006,433,12,0
stlaure1,7006,435,13,0
mtarrep3,7006,436,14,0
patton1,7006,438,15,0
brno1,7006,439,16,0
volney1,7006,440,17,0
ferry1,7006,442,18,0
rectora1,7006,443,19,0
dieu1,7006,444,20,0
steannaa,7006,446,21,1
steannaa,3250,1130,1,0
dieu2,3250,1131,2,0
rectora2,3250,1132,3,0
ferry2,3250,1133,4,0
volney2,3250,1135,5,0
brno2,3250,1136,6,0
patton2,3250,1138,7,0
mtarrep4,3250,1139,8,0
stlaure2,3250,1140,9,0
mblanc2,3250,1142,10,0
valleeb2,3250,1144,11,0
ensabb2,3250,1146,12,0
housset2,3250,1147,13,0
maronn2,3250,1149,14,0
harenau2,3250,1150,15,0
drlaen2,3250,1151,16,0
mabetto2,3250,1151,17,0
tregor2,3250,1153,18,0
broceli2,3250,1154,19,0
omblais2,3250,1155,20,0
chdevan,3250,1156,21,1
chdevan,3265,470,1,0
omblais1,3265,471,2,0
broceli1,3265,471,3,0
tregor1,3265,473,4,0
mabetto1,3265,474,5,0
drlaen1,3265,475,6,0
harenau1,3265,476,7,0
maronn1,3265,477,8,0
housset1,3265,478,9,0
ensabb1,3265,479,10,0
valleeb1,3265,480,11,0
mblanc1,3265,482,12,0
stlaure1,3265,484,13,0
mtarrep3,3265,485,14,0
patton1,3265,487,15,0
brno1,3265,488,16,0
volney1,3265,489,17,0
ferry1,3265,491,18,0
rectora1,3265,491,19,0
dieu1,3265,493,20,0
steannaa,3265,494,21,1
steannaa,3222,450,1,0
dieu2,3222,451,2,0
rectora2,3222,452,3,0
ferry2,3222,453,4,0
volney2,3222,455,5,0
brno2,3222,456,6,0
patton2,3222,458,7,0
mtarrep4,3222,459,8,0
stlaure2,3222,460,9,0
mblanc2,3222,462,10,0
valleeb2,3222,465,11,0
ensabb2,3222,467,12,0
housset2,3222,469,13,0
maronn2,3222,470,14,0
harenau2,3222,472,15,0
drlaen2,3222,473,16,0
mabetto2,3222,474,17,0
tregor2,3222,475,18,0
broceli2,3222,477,19,0
omblais2,3222,478,20,0
chdevan,3222,479,21,1
chdevan,2246,770,1,0
omblais1,2246,771,2,0
broceli1,2246,771,3,0
tregor1,2246,773,4,0
mabetto1,2246,774,5,0
drlaen1,2246,775,6,0
harenau1,2246,776,7,0
maronn1,2246,777,8,0
housset1,2246,778,9,0
ensabb1,2246,779,10,0
valleeb1,2246,780,11,0
mblanc1,2246,782,12,0
stlaure1,2246,784,13,0
mtarrep3,2246,785,14,0
patton1,2246,787,15,0
brno1,2246,788,16,0
volney1,2246,789,17,0
ferry1,2246,791,18,0
rectora1,2246,792,19,0
dieu1,2246,793,20,0
steannaa,2246,795,21,1
steannaa,2231,1070,1,0
dieu2,2231,1071,2,0
rectora2,2231,1072,3,0
ferry2,2231,1073,4,0
volney2,2231,1075,5,0
brno2,2231,1076,6,0
patton2,2231,1078,7,0
mtarrep4,2231,1079,8,0
stlaure2,2231,1080,9,0
mblanc2,2231,1082,10,0
valleeb2,2231,1084,11,0
ensabb2,2231,1086,12,0
housset2,2231,1087,13,0
maronn2,2231,1089,14,0
harenau2,2231,1090,15,0
drlaen2,2231,1091,16,0
mabetto2,2231,1091,17,0
tregor2,2231,1093,18,0
broceli2,2231,1094,19,0
omblais2,2231,1095,20,0
chdevan,2231,1096,21,1
chdevan,2270,1245,1,0
omblais1,2270,1246,2,0
broceli1,2270,1246,3,0
tregor1,2270,1248,4,0
mabetto1,2270,1249,5,0
drlaen1,2270,1250,6,0
harenau1,2270,1251,7,0
maronn1,2270,1252,8,0
housset1,2270,1253,9,0
ensabb1,2270,1254,10,0
valleeb1,2270,1255,11,0
mblanc1,2270,1257,12,0
stlaure1,2270,1259,13,0
mtarrep3,2270,1260,14,0
patton1,2270,1262,15,0
brno1,2270,1263,16,0
volney1,2270,1264,17,0
ferry1,2270,1266,18,0
rectora1,2270,1266,19,0
dieu1,2270,1268,20,0
steannaa,2270,1269,21,1
steannaa,3326,470,1,0
dieu2,3326,471,2,0
rectora2,3326,472,3,0
ferry2,3326,473,4,0
volney2,3326,475,5,0
brno2,3326,476,6,0
patton2,3326,478,7,0
mtarrep4,3326,479,8,0
stlaure2,3326,480,9,0
mblanc2,3326,482,10,0
valleeb2,3326,484,11,0
ensabb2,3326,486,12,0
housset2,3326,487,13,0
maronn2,3326,489,14,0
harenau2,3326,490,15,0
drlaen2,3326,491,16,0
mabetto2,3326,491,17,0
tregor2,3326,493,18,0
broceli2,3326,494,19,0
omblais2,3326,495,20,0
chdevan,3326,496,21,1
chdevan,3483,1100,1,0
omblais1,3483,1101,2,0
broceli1,3483,1101,3,0
tregor1,3483,1103,4,0
mabetto1,3483,1104,5,0
drlaen1,3483,1105,6,0
harenau1,3483,1106,7,0
maronn1,3483,1107,8,0
housset1,3483,1108,9,0
ensabb1,3483,1109,10,0
valleeb1,3483,1110,11,0
mblanc1,3483,1112,12,0
stlaure1,3483,1114,13,0
mtarrep3,3483,1115,14,0
patton1,3483,1117,15,0
brno1,3483,1118,16,0
volney1,3483,1119,17,0
ferry1,3483,1121,18,0
rectora1,3483,1122,19,0
dieu1,3483,1123,20,0
steannaa,3483,1125,21,1
chdevan,3453,530,1,0
omblais1,3453,531,2,0
broceli1,3453,531,3,0
tregor1,3453,533,4,0
mabetto1,3453,534,5,0
drlaen1,3453,535,6,0
harenau1,3453,536,7,0
maronn1,3453,537,8,0
housset1,3453,539,9,0
ensabb1,3453,540,10,0
valleeb1,3453,541,11,0
mblanc1,3453,543,12,0
stlaure1,3453,545,13,0
mtarrep3,3453,546,14,0
patton1,3453,548,15,0
brno1,3453,549,16,0
volney1,3453,550,17,0
ferry1,3453,552,18,0
rectora1,3453,553,19,0
dieu1,3453,554,20,0
steannaa,3453,556,21,1
steannaa,3446,500,1,0
dieu2,3446,501,2,0
rectora2,3446,502,3,0
ferry2,3446,503,4,0
volney2,3446,505,5,0
brno2,3446,506,6,0
patton2,3446,508,7,0
mtarrep4,3446,509,8,0
stlaure2,3446,510,9,0
mblanc2,3446,512,10,0
valleeb2,3446,514,11,0
ensabb2,3446,516,12,0
housset2,3446,517,13,0
maronn2,3446,519,14,0
harenau2,3446,520,15,0
drlaen2,3446,521,16,0
mabetto2,3446,521,17,0
tregor2,3446,523,18,0
broceli2,3446,524,19,0
omblais2,3446,525,20,0
chdevan,3446,526,21,1
repbottb,2023,830,1,0
steanne2,2023,834,2,0
dieu2,2023,835,3,0
rectora2,2023,836,4,0
ferry2,2023,837,5,0
volney2,2023,838,6,0
brno2,2023,839,7,0
patton2,2023,841,8,0
mtarrep4,2023,842,9,0
stlaure2,2023,843,10,0
mblanc2,2023,844,11,0
valleeb2,2023,846,12,0
ensabb2,2023,847,13,0
housset2,2023,848,14,0
maronn2,2023,850,15,0
harenau2,2023,851,16,0
drlaen2,2023,852,17,0
mabetto2,2023,852,18,0
tregor2,2023,854,19,0
broceli2,2023,855,20,0
omblais2,2023,856,21,0
chdevan,2023,857,22,1
chdevan,3538,820,1,0
omblais1,3538,821,2,0
broceli1,3538,821,3,0
tregor1,3538,823,4,0
mabetto1,3538,824,5,0
drlaen1,3538,825,6,0
harenau1,3538,826,7,0
maronn1,3538,827,8,0
housset1,3538,829,9,0
ensabb1,3538,830,10,0
valleeb1,3538,831,11,0
mblanc1,3538,833,12,0
stlaure1,3538,835,13,0
mtarrep3,3538,836,14,0
patton1,3538,838,15,0
brno1,3538,839,16,0
volney1,3538,840,17,0
ferry1,3538,842,18,0
rectora1,3538,843,19,0
dieu1,3538,844,20,0
steannaa,3538,846,21,1
chdevan,2087,1040,1,0
omblais1,2087,1041,2,0
broceli1,2087,1041,3,0
tregor1,2087,1043,4,0
mabetto1,2087,1044,5,0
drlaen1,2087,1045,6,0
harenau1,2087,1046,7,0
maronn1,2087,1047,8,0
housset1,2087,1049,9,0
ensabb1,2087,1050,10,0
valleeb1,2087,1051,11,0
mblanc1,2087,1053,12,0
stlaure1,2087,1055,13,0
mtarrep3,2087,1057,14,0
patton1,2087,1059,15,0
brno1,2087,1061,16,0
volney1,2087,1062,17,0
ferry1,2087,1064,18,0
rectora1,2087,1065,19,0
dieu1,2087,1066,20,0
steannaa,2087,1068,21,1
steannaa,2063,1245,1,0
dieu2,2063,1246,2,0
rectora2,2063,1247,3,0
ferry2,2063,1248,4,0
volney2,2063,1250,5,0
brno2,2063,1251,6,0
patton2,2063,1252,7,0
mtarrep4,2063,1253,8,0
stlaure2,2063,1254,9,0
mblanc2,2063,1256,10,0
valleeb2,2063,1258,11,0
ensabb2,2063,1260,12,0
housset2,2063,1261,13,0
maronn2,2063,1263,14,0
harenau2,2063,1264,15,0
drlaen2,2063,1265,16,0
mabetto2,2063,1265,17,0
tregor2,2063,1267,18,0
broceli2,2063,1268,19,0
omblais2,2063,1269,20,0
chdevan,2063,1270,21,1
steannaa,2061,500,1,0
dieu2,2061,501,2,0
rectora2,2061,502,3,0
ferry2,2061,503,4,0
volney2,2061,505,5,0
brno2,2061,506,6,0
patton2,2061,507,7,0
mtarrep4,2061,508,8,0
stlaure2,2061,509,9,0
mblanc2,2061,511,10,0
valleeb2,2061,513,11,0
ensabb2,2061,515,12,0
housset2,2061,516,13,0
maronn2,2061,518,14,0
harenau2,2061,519,15,0
drlaen2,2061,520,16,0
mabetto2,2061,520,17,0
tregor2,2061,522,18,0
broceli2,2061,523,19,0
omblais2,2061,524,20,0
chdevan,2061,525,21,1
chdevan,3564,880,1,0
omblais1,3564,881,2,0
broceli1,3564,881,3,0
tregor1,3564,883,4,0
mabetto1,3564,884,5,0
drlaen1,3564,885,6,0
harenau1,3564,886,7,0
maronn1,3564,887,8,0
housset1,3564,889,9,0
ensabb1,3564,890,10,0
valleeb1,3564,891,11,0
mblanc1,3564,893,12,0
stlaure1,3564,895,13,0
mtarrep3,3564,896,14,0
patton1,3564,898,15,0
brno1,3564,899,16,0
volney1,3564,900,17,0
ferry1,3564,902,18,0
rectora1,3564,903,19,0
dieu1,3564,904,20,0
steannaa,3564,906,21,1
chdevan,3656,440,1,0
omblais1,3656,441,2,0
broceli1,3656,442,3,0
tregor1,3656,444,4,0
mabetto1,3656,445,5,0
drlaen1,3656,446,6,0
harenau1,3656,447,7,0
maronn1,3656,448,8,0
housset1,3656,450,9,0
ensabb1,3656,451,10,0
valleeb1,3656,453,11,0
mblanc1,3656,455,12,0
stlaure1,3656,457,13,0
mtarrep3,3656,459,14,0
patton1,3656,461,15,0
brno1,3656,463,16,0
volney1,3656,464,17,0
ferry1,3656,466,18,0
brizeux1,3656,468,19,0
dieu1,3656,471,20,0
steannaa,3656,473,21,1
chdevan,187,1160,1,0
omblais1,187,1161,2,0
broceli1,187,1161,3,0
tregor1,187,1163,4,0
mabetto1,187,1164,5,0
drlaen1,187,1165,6,0
harenau1,187,1166,7,0
maronn1,187,1167,8,0
housset1,187,1168,9,0
ensabb1,187,1169,10,0
valleeb1,187,1170,11,0
mblanc1,187,1172,12,0
stlaure1,187,1174,13,0
mtarrep3,187,1175,14,0
patton1,187,1177,15,0
brno1,187,1178,16,0
volney1,187,1179,17,0
ferry1,187,1181,18,0
rectora1,187,1181,19,0
dieu1,187,1183,20,0
steannaa,187,1184,21,1
chdevan,3780,731,1,0
omblais1,3780,732,2,0
broceli1,3780,732,3,0
tregor1,3780,734,4,0
mabetto1,3780,735,5,0
drlaen1,3780,736,6,0
harenau1,3780,737,7,0
maronn1,3780,738,8,0
housset1,3780,740,9,0
ensabb1,3780,741,10,0
valleeb1,3780,742,11,0
mblanc1,3780,744,12,0
stlaure1,3780,745,13,0
mtarrep3,3780,746,14,0
patton1,3780,748,15,0
brno1,3780,749,16,0
volney1,3780,750,17,0
ferry1,3780,751,18,0
rectora1,3780,752,19,0
diee2,3780,753,20,0
gambett2,3780,755,21,0
repbottb,3780,758,22,1
chdevan,192,900,1,0
omblais1,192,901,2,0
broceli1,192,901,3,0
tregor1,192,903,4,0
mabetto1,192,904,5,0
drlaen1,192,905,6,0
harenau1,192,906,7,0
maronn1,192,907,8,0
housset1,192,908,9,0
ensabb1,192,909,10,0
valleeb1,192,910,11,0
mblanc1,192,912,12,0
stlaure1,192,914,13,0
mtarrep3,192,915,14,0
patton1,192,917,15,0
brno1,192,918,16,0
volney1,192,919,17,0
ferry1,192,921,18,0
rectora1,192,922,19,0
dieu1,192,923,20,0
steannaa,192,925,21,1
steannaa,3753,710,1,0
dieu2,3753,711,2,0
rectora2,3753,712,3,0
ferry2,3753,713,4,0
volney2,3753,715,5,0
brno2,3753,716,6,0
patton2,3753,718,7,0
mtarrep4,3753,719,8,0
stlaure2,3753,720,9,0
mblanc2,3753,722,10,0
valleeb2,3753,724,11,0
ensabb2,3753,726,12,0
housset2,3753,727,13,0
maronn2,3753,729,14,0
harenau2,3753,730,15,0
drlaen2,3753,731,16,0
mabetto2,3753,731,17,0
tregor2,3753,733,18,0
broceli2,3753,734,19,0
omblais2,3753,735,20,0
chdevan,3753,736,21,1
steannaa,104,1060,1,0
dieu2,104,1062,2,0
rectora2,104,1063,3,0
ferry2,104,1065,4,0
volney2,104,1067,5,0
brno2,104,1068,6,0
patton2,104,1071,7,0
mtarrep4,104,1073,8,0
stlaure2,104,1074,9,0
mblanc2,104,1076,10,0
valleeb2,104,1078,11,0
ensabb2,104,1080,12,0
housset2,104,1081,13,0
maronn2,104,1083,14,0
harenau2,104,1084,15,0
drlaen2,104,1085,16,0
mabetto2,104,1086,17,0
tregor2,104,1087,18,0
broceli2,104,1089,19,0
omblais2,104,1090,20,0
chdevan,104,1091,21,1
steannaa,4973,1215,1,0
dieu2,4973,1216,2,0
rectora2,4973,1217,3,0
ferry2,4973,1218,4,0
volney2,4973,1220,5,0
brno2,4973,1221,6,0
patton2,4973,1222,7,0
mtarrep4,4973,1223,8,0
stlaure2,4973,1224,9,0
mblanc2,4973,1226,10,0
valleeb2,4973,1228,11,0
ensabb2,4973,1230,12,0
housset2,4973,1231,13,0
maronn2,4973,1233,14,0
harenau2,4973,1234,15,0
drlaen2,4973,1235,16,0
mabetto2,4973,1235,17,0
tregor2,4973,1237,18,0
broceli2,4973,1238,19,0
omblais2,4973,1239,20,0
chdevan,4973,1240,21,1
steannaa,3886,810,1,0
dieu2,3886,811,2,0
rectora2,3886,812,3,0
ferry2,3886,813,4,0
volney2,3886,815,5,0
brno2,3886,816,6,0
patton2,3886,818,7,0
mtarrep4,3886,819,8,0
stlaure2,3886,820,9,0
mblanc2,3886,822,10,0
valleeb2,3886,824,11,0
ensabb2,3886,826,12,0
housset2,3886,827,13,0
maronn2,3886,829,14,0
harenau2,3886,830,15,0
drlaen2,3886,831,16,0
mabetto2,3886,831,17,0
tregor2,3886,833,18,0
broceli2,3886,834,19,0
omblais2,3886,835,20,0
chdevan,3886,836,21,1
steannaa,3891,470,1,0
dieu2,3891,471,2,0
rectora2,3891,472,3,0
ferry2,3891,473,4,0
volney2,3891,475,5,0
brno2,3891,476,6,0
patton2,3891,477,7,0
mtarrep4,3891,478,8,0
stlaure2,3891,479,9,0
mblanc2,3891,481,10,0
valleeb2,3891,483,11,0
ensabb2,3891,485,12,0
housset2,3891,486,13,0
maronn2,3891,488,14,0
harenau2,3891,489,15,0
drlaen2,3891,490,16,0
mabetto2,3891,490,17,0
tregor2,3891,492,18,0
broceli2,3891,493,19,0
omblais2,3891,494,20,0
chdevan,3891,495,21,1
steannaa,3093,1030,1,0
dieu2,3093,1031,2,0
rectora2,3093,1032,3,0
ferry2,3093,1033,4,0
volney2,3093,1035,5,0
brno2,3093,1036,6,0
patton2,3093,1038,7,0
mtarrep4,3093,1039,8,0
stlaure2,3093,1040,9,0
mblanc2,3093,1042,10,0
valleeb2,3093,1044,11,0
ensabb2,3093,1046,12,0
housset2,3093,1047,13,0
maronn2,3093,1049,14,0
harenau2,3093,1050,15,0
drlaen2,3093,1051,16,0
mabetto2,3093,1051,17,0
tregor2,3093,1053,18,0
broceli2,3093,1054,19,0
omblais2,3093,1055,20,0
chdevan,3093,1056,21,1
chdevan,3947,1070,1,0
omblais1,3947,1071,2,0
broceli1,3947,1071,3,0
tregor1,3947,1073,4,0
mabetto1,3947,1074,5,0
drlaen1,3947,1075,6,0
harenau1,3947,1076,7,0
maronn1,3947,1077,8,0
housset1,3947,1079,9,0
ensabb1,3947,1080,10,0
valleeb1,3947,1081,11,0
mblanc1,3947,1083,12,0
stlaure1,3947,1085,13,0
mtarrep3,3947,1087,14,0
patton1,3947,1089,15,0
brno1,3947,1091,16,0
volney1,3947,1092,17,0
ferry1,3947,1094,18,0
rectora1,3947,1095,19,0
dieu1,3947,1096,20,0
steannaa,3947,1098,21,1
steannaa,3992,1215,1,0
dieu2,3992,1216,2,0
rectora2,3992,1217,3,0
ferry2,3992,1218,4,0
volney2,3992,1220,5,0
brno2,3992,1221,6,0
patton2,3992,1223,7,0
mtarrep4,3992,1224,8,0
stlaure2,3992,1225,9,0
mblanc2,3992,1227,10,0
valleeb2,3992,1229,11,0
ensabb2,3992,1231,12,0
housset2,3992,1232,13,0
maronn2,3992,1234,14,0
harenau2,3992,1235,15,0
drlaen2,3992,1236,16,0
mabetto2,3992,1236,17,0
tregor2,3992,1238,18,0
broceli2,3992,1239,19,0
omblais2,3992,1240,20,0
chdevan,3992,1241,21,1
steannaa,3976,620,1,0
dieu2,3976,621,2,0
rectora2,3976,622,3,0
ferry2,3976,623,4,0
volney2,3976,625,5,0
brno2,3976,626,6,0
patton2,3976,627,7,0
mtarrep4,3976,628,8,0
stlaure2,3976,629,9,0
mblanc2,3976,631,10,0
valleeb2,3976,633,11,0
ensabb2,3976,635,12,0
housset2,3976,636,13,0
maronn2,3976,638,14,0
harenau2,3976,639,15,0
drlaen2,3976,640,16,0
mabetto2,3976,640,17,0
tregor2,3976,642,18,0
broceli2,3976,643,19,0
omblais2,3976,644,20,0
chdevan,3976,645,21,1
steannaa,3187,1150,1,0
dieu2,3187,1151,2,0
rectora2,3187,1152,3,0
ferry2,3187,1153,4,0
volney2,3187,1155,5,0
brno2,3187,1156,6,0
patton2,3187,1157,7,0
mtarrep4,3187,1158,8,0
stlaure2,3187,1159,9,0
mblanc2,3187,1161,10,0
valleeb2,3187,1163,11,0
ensabb2,3187,1165,12,0
housset2,3187,1166,13,0
maronn2,3187,1168,14,0
harenau2,3187,1169,15,0
drlaen2,3187,1170,16,0
mabetto2,3187,1170,17,0
tregor2,3187,1172,18,0
broceli2,3187,1173,19,0
omblais2,3187,1174,20,0
chdevan,3187,1175,21,1
chdevan,3157,860,1,0
omblais1,3157,861,2,0
broceli1,3157,861,3,0
tregor1,3157,863,4,0
mabetto1,3157,864,5,0
drlaen1,3157,865,6,0
harenau1,3157,866,7,0
maronn1,3157,867,8,0
housset1,3157,868,9,0
ensabb1,3157,869,10,0
valleeb1,3157,870,11,0
mblanc1,3157,872,12,0
stlaure1,3157,874,13,0
mtarrep3,3157,875,14,0
patton1,3157,877,15,0
brno1,3157,878,16,0
volney1,3157,879,17,0
ferry1,3157,881,18,0
rectora1,3157,882,19,0
dieu1,3157,883,20,0
steannaa,3157,885,21,1
chdevan,536,965,1,0
omblais1,536,966,2,0
broceli1,536,966,3,0
tregor1,536,968,4,0
mabetto1,536,969,5,0
drlaen1,536,970,6,0
harenau1,536,971,7,0
maronn1,536,972,8,0
housset1,536,974,9,0
ensabb1,536,975,10,0
valleeb1,536,976,11,0
mblanc1,536,978,12,0
stlaure1,536,980,13,0
mtarrep3,536,982,14,0
patton1,536,984,15,0
brno1,536,986,16,0
volney1,536,987,17,0
ferry1,536,989,18,0
rectora1,536,990,19,0
dieu1,536,991,20,0
steannaa,536,993,21,1
steannaa,2983,1010,1,0
dieu2,2983,1011,2,0
rectora2,2983,1012,3,0
ferry2,2983,1013,4,0
volney2,2983,1015,5,0
brno2,2983,1016,6,0
patton2,2983,1018,7,0
mtarrep4,2983,1019,8,0
stlaure2,2983,1020,9,0
mblanc2,2983,1022,10,0
valleeb2,2983,1024,11,0
ensabb2,2983,1026,12,0
housset2,2983,1027,13,0
maronn2,2983,1029,14,0
harenau2,2983,1030,15,0
drlaen2,2983,1031,16,0
mabetto2,2983,1031,17,0
tregor2,2983,1033,18,0
broceli2,2983,1034,19,0
omblais2,2983,1035,20,0
chdevan,2983,1036,21,1
chdevan,1800,620,1,0
omblais1,1800,621,2,0
broceli1,1800,621,3,0
tregor1,1800,623,4,0
mabetto1,1800,624,5,0
drlaen1,1800,625,6,0
harenau1,1800,626,7,0
maronn1,1800,627,8,0
housset1,1800,629,9,0
ensabb1,1800,630,10,0
valleeb1,1800,631,11,0
mblanc1,1800,633,12,0
stlaure1,1800,635,13,0
mtarrep3,1800,636,14,0
patton1,1800,638,15,0
brno1,1800,639,16,0
volney1,1800,640,17,0
ferry1,1800,642,18,0
rectora1,1800,643,19,0
dieu1,1800,644,20,0
steannaa,1800,646,21,1
chdevan,1897,1185,1,0
omblais1,1897,1186,2,0
broceli1,1897,1186,3,0
tregor1,1897,1188,4,0
mabetto1,1897,1189,5,0
drlaen1,1897,1190,6,0
harenau1,1897,1191,7,0
maronn1,1897,1192,8,0
housset1,1897,1193,9,0
ensabb1,1897,1194,10,0
valleeb1,1897,1195,11,0
mblanc1,1897,1197,12,0
stlaure1,1897,1199,13,0
mtarrep3,1897,1200,14,0
patton1,1897,1202,15,0
brno1,1897,1203,16,0
volney1,1897,1204,17,0
ferry1,1897,1206,18,0
rectora1,1897,1206,19,0
dieu1,1897,1208,20,0
steannaa,1897,1209,21,1
chdevan,6826,940,1,0
omblais1,6826,941,2,0
broceli1,6826,941,3,0
tregor1,6826,943,4,0
mabetto1,6826,944,5,0
drlaen1,6826,945,6,0
harenau1,6826,946,7,0
maronn1,6826,947,8,0
housset1,6826,948,9,0
ensabb1,6826,949,10,0
valleeb1,6826,950,11,0
mblanc1,6826,952,12,0
stlaure1,6826,954,13,0
mtarrep3,6826,955,14,0
patton1,6826,957,15,0
brno1,6826,958,16,0
volney1,6826,959,17,0
ferry1,6826,961,18,0
rectora1,6826,962,19,0
dieu1,6826,963,20,0
steannaa,6826,965,21,1
chdevan,6836,1000,1,0
omblais1,6836,1001,2,0
broceli1,6836,1001,3,0
tregor1,6836,1003,4,0
mabetto1,6836,1004,5,0
drlaen1,6836,1005,6,0
harenau1,6836,1006,7,0
maronn1,6836,1007,8,0
housset1,6836,1008,9,0
ensabb1,6836,1009,10,0
valleeb1,6836,1010,11,0
mblanc1,6836,1012,12,0
stlaure1,6836,1014,13,0
mtarrep3,6836,1015,14,0
patton1,6836,1017,15,0
brno1,6836,1018,16,0
volney1,6836,1019,17,0
ferry1,6836,1021,18,0
rectora1,6836,1022,19,0
dieu1,6836,1023,20,0
steannaa,6836,1025,21,1
repbottb,6844,1090,1,0
steanne2,6844,1094,2,0
dieu2,6844,1095,3,0
rectora2,6844,1096,4,0
ferry2,6844,1097,5,0
volney2,6844,1098,6,0
brno2,6844,1099,7,0
patton2,6844,1101,8,0
mtarrep4,6844,1102,9,0
stlaure2,6844,1103,10,0
mblanc2,6844,1104,11,0
valleeb2,6844,1106,12,0
ensabb2,6844,1107,13,0
housset2,6844,1108,14,0
maronn2,6844,1110,15,0
harenau2,6844,1111,16,0
drlaen2,6844,1112,17,0
mabetto2,6844,1112,18,0
tregor2,6844,1114,19,0
broceli2,6844,1115,20,0
omblais2,6844,1116,21,0
chdevan,6844,1117,22,1
chdevan,4617,740,1,0
omblais1,4617,741,2,0
broceli1,4617,741,3,0
tregor1,4617,743,4,0
mabetto1,4617,744,5,0
drlaen1,4617,745,6,0
harenau1,4617,746,7,0
maronn1,4617,747,8,0
housset1,4617,749,9,0
ensabb1,4617,750,10,0
valleeb1,4617,751,11,0
mblanc1,4617,753,12,0
stlaure1,4617,755,13,0
mtarrep3,4617,756,14,0
patton1,4617,758,15,0
brno1,4617,759,16,0
volney1,4617,760,17,0
ferry1,4617,762,18,0
rectora1,4617,763,19,0
dieu1,4617,764,20,0
steannaa,4617,766,21,1
chdevan,4647,590,1,0
omblais1,4647,591,2,0
broceli1,4647,591,3,0
tregor1,4647,593,4,0
mabetto1,4647,594,5,0
drlaen1,4647,595,6,0
harenau1,4647,596,7,0
maronn1,4647,597,8,0
housset1,4647,598,9,0
ensabb1,4647,599,10,0
valleeb1,4647,600,11,0
mblanc1,4647,602,12,0
stlaure1,4647,604,13,0
mtarrep3,4647,605,14,0
patton1,4647,607,15,0
brno1,4647,608,16,0
volney1,4647,609,17,0
ferry1,4647,611,18,0
rectora1,4647,612,19,0
dieu1,4647,613,20,0
steannaa,4647,615,21,1
steannaa,4644,910,1,0
dieu2,4644,911,2,0
rectora2,4644,912,3,0
ferry2,4644,913,4,0
volney2,4644,915,5,0
brno2,4644,916,6,0
patton2,4644,918,7,0
mtarrep4,4644,919,8,0
stlaure2,4644,920,9,0
mblanc2,4644,922,10,0
valleeb2,4644,924,11,0
ensabb2,4644,926,12,0
housset2,4644,927,13,0
maronn2,4644,929,14,0
harenau2,4644,930,15,0
drlaen2,4644,931,16,0
mabetto2,4644,931,17,0
tregor2,4644,933,18,0
broceli2,4644,934,19,0
omblais2,4644,935,20,0
chdevan,4644,936,21,1
chdevan,4684,1120,1,0
omblais1,4684,1121,2,0
broceli1,4684,1121,3,0
tregor1,4684,1123,4,0
mabetto1,4684,1124,5,0
drlaen1,4684,1125,6,0
harenau1,4684,1126,7,0
maronn1,4684,1127,8,0
housset1,4684,1128,9,0
ensabb1,4684,1129,10,0
valleeb1,4684,1130,11,0
mblanc1,4684,1132,12,0
stlaure1,4684,1134,13,0
mtarrep3,4684,1135,14,0
patton1,4684,1137,15,0
brno1,4684,1138,16,0
volney1,4684,1139,17,0
ferry1,4684,1141,18,0
rectora1,4684,1142,19,0
dieu1,4684,1143,20,0
steannaa,4684,1145,21,1
steannaa,4690,1075,1,0
dieu2,4690,1077,2,0
rectora2,4690,1078,3,0
ferry2,4690,1080,4,0
volney2,4690,1082,5,0
brno2,4690,1083,6,0
patton2,4690,1086,7,0
mtarrep4,4690,1088,8,0
stlaure2,4690,1089,9,0
mblanc2,4690,1091,10,0
valleeb2,4690,1093,11,0
ensabb2,4690,1095,12,0
housset2,4690,1096,13,0
maronn2,4690,1098,14,0
harenau2,4690,1099,15,0
drlaen2,4690,1100,16,0
mabetto2,4690,1101,17,0
tregor2,4690,1102,18,0
broceli2,4690,1104,19,0
omblais2,4690,1105,20,0
chdevan,4690,1106,21,1
steannaa,1723,870,1,0
dieu2,1723,871,2,0
rectora2,1723,872,3,0
ferry2,1723,873,4,0
volney2,1723,875,5,0
brno2,1723,876,6,0
patton2,1723,878,7,0
mtarrep4,1723,879,8,0
stlaure2,1723,880,9,0
mblanc2,1723,882,10,0
valleeb2,1723,884,11,0
ensabb2,1723,886,12,0
housset2,1723,887,13,0
maronn2,1723,889,14,0
harenau2,1723,890,15,0
drlaen2,1723,891,16,0
mabetto2,1723,891,17,0
tregor2,1723,893,18,0
broceli2,1723,894,19,0
omblais2,1723,895,20,0
chdevan,1723,896,21,1
steannaa,2843,1090,1,0
dieu2,2843,1092,2,0
rectora2,2843,1093,3,0
ferry2,2843,1095,4,0
volney2,2843,1097,5,0
brno2,2843,1098,6,0
patton2,2843,1101,7,0
mtarrep4,2843,1103,8,0
stlaure2,2843,1104,9,0
mblanc2,2843,1106,10,0
valleeb2,2843,1108,11,0
ensabb2,2843,1110,12,0
housset2,2843,1111,13,0
maronn2,2843,1113,14,0
harenau2,2843,1114,15,0
drlaen2,2843,1115,16,0
mabetto2,2843,1116,17,0
tregor2,2843,1117,18,0
broceli2,2843,1119,19,0
omblais2,2843,1120,20,0
chdevan,2843,1121,21,1
repbottc,6749,1475,1,0
steanne2,6749,1478,2,0
dieu2,6749,1479,3,0
rectora2,6749,1480,4,0
ferry2,6749,1481,5,0
volney2,6749,1483,6,0
brno2,6749,1484,7,0
patton2,6749,1485,8,0
mtarrep4,6749,1486,9,0
stlaure2,6749,1487,10,0
mblanc2,6749,1489,11,0
valleeb2,6749,1491,12,0
ensabb2,6749,1493,13,0
housset2,6749,1494,14,0
maronn2,6749,1496,15,0
harenau2,6749,1497,16,0
drlaen2,6749,1498,17,0
mabetto2,6749,1498,18,0
tregor2,6749,1499,19,0
broceli2,6749,1500,20,0
omblais2,6749,1501,21,0
chdevan,6749,1502,22,0
drlaene,6749,1505,23,0
mozart2,6749,1505,24,0
forgebe2,6749,1506,25,0
gentilh2,6749,1507,26,0
chopi2,6749,1509,27,0
chevahs2,6749,1511,28,0
macheva2,6749,1512,29,0
fonderi2,6749,1512,30,0
pommier2,6749,1513,31,0
troncha2,6749,1518,32,0
tespsps2,6749,1519,33,0
bgstsul2,6749,1519,34,0
chesnai2,6749,1520,35,0
cropy,6749,1521,36,1
chdevan,2883,1025,1,0
omblais1,2883,1026,2,0
broceli1,2883,1026,3,0
tregor1,2883,1028,4,0
mabetto1,2883,1029,5,0
drlaen1,2883,1030,6,0
harenau1,2883,1031,7,0
maronn1,2883,1032,8,0
housset1,2883,1034,9,0
ensabb1,2883,1035,10,0
valleeb1,2883,1036,11,0
mblanc1,2883,1038,12,0
stlaure1,2883,1040,13,0
mtarrep3,2883,1042,14,0
patton1,2883,1044,15,0
brno1,2883,1046,16,0
volney1,2883,1047,17,0
ferry1,2883,1049,18,0
rectora1,2883,1050,19,0
dieu1,2883,1051,20,0
steannaa,2883,1053,21,1
steannaa,458,1170,1,0
dieu2,458,1171,2,0
rectora2,458,1172,3,0
ferry2,458,1173,4,0
volney2,458,1175,5,0
brno2,458,1176,6,0
patton2,458,1178,7,0
mtarrep4,458,1179,8,0
stlaure2,458,1180,9,0
mblanc2,458,1182,10,0
valleeb2,458,1184,11,0
ensabb2,458,1186,12,0
housset2,458,1187,13,0
maronn2,458,1189,14,0
harenau2,458,1190,15,0
drlaen2,458,1191,16,0
mabetto2,458,1191,17,0
tregor2,458,1193,18,0
broceli2,458,1194,19,0
omblais2,458,1195,20,0
chdevan,458,1196,21,1
chdevan,1794,500,1,0
omblais1,1794,501,2,0
broceli1,1794,502,3,0
tregor1,1794,504,4,0
mabetto1,1794,505,5,0
drlaen1,1794,506,6,0
harenau1,1794,507,7,0
maronn1,1794,508,8,0
housset1,1794,510,9,0
ensabb1,1794,511,10,0
valleeb1,1794,513,11,0
mblanc1,1794,515,12,0
stlaure1,1794,517,13,0
mtarrep3,1794,519,14,0
patton1,1794,521,15,0
brno1,1794,523,16,0
volney1,1794,524,17,0
ferry1,1794,526,18,0
rectora1,1794,527,19,0
dieu1,1794,528,20,0
steannaa,1794,530,21,1
chdevan,1771,1060,1,0
omblais1,1771,1061,2,0
broceli1,1771,1061,3,0
tregor1,1771,1063,4,0
mabetto1,1771,1064,5,0
drlaen1,1771,1065,6,0
harenau1,1771,1066,7,0
maronn1,1771,1067,8,0
housset1,1771,1068,9,0
ensabb1,1771,1069,10,0
valleeb1,1771,1070,11,0
mblanc1,1771,1072,12,0
stlaure1,1771,1074,13,0
mtarrep3,1771,1075,14,0
patton1,1771,1077,15,0
brno1,1771,1078,16,0
volney1,1771,1079,17,0
ferry1,1771,1081,18,0
rectora1,1771,1082,19,0
dieu1,1771,1083,20,0
steannaa,1771,1085,21,1
chdevan,4519,780,1,0
omblais1,4519,781,2,0
broceli1,4519,781,3,0
tregor1,4519,783,4,0
mabetto1,4519,784,5,0
drlaen1,4519,785,6,0
harenau1,4519,786,7,0
maronn1,4519,787,8,0
housset1,4519,789,9,0
ensabb1,4519,790,10,0
valleeb1,4519,791,11,0
mblanc1,4519,793,12,0
stlaure1,4519,795,13,0
mtarrep3,4519,796,14,0
patton1,4519,798,15,0
brno1,4519,799,16,0
volney1,4519,800,17,0
ferry1,4519,802,18,0
rectora1,4519,803,19,0
dieu1,4519,804,20,0
steannaa,4519,806,21,1
chdevan,486,405,1,0
omblais1,486,406,2,0
broceli1,486,406,3,0
tregor1,486,408,4,0
mabetto1,486,409,5,0
drlaen1,486,410,6,0
harenau1,486,411,7,0
maronn1,486,412,8,0
housset1,486,413,9,0
ensabb1,486,414,10,0
valleeb1,486,415,11,0
mblanc1,486,417,12,0
stlaure1,486,419,13,0
mtarrep3,486,420,14,0
patton1,486,421,15,0
brno1,486,423,16,0
volney1,486,423,17,0
ferry1,486,425,18,0
rectora1,486,426,19,0
dieu1,486,427,20,0
steannaa,486,429,21,1
chdevan,483,1085,1,0
omblais1,483,1086,2,0
broceli1,483,1086,3,0
tregor1,483,1088,4,0
mabetto1,483,1089,5,0
drlaen1,483,1090,6,0
harenau1,483,1091,7,0
maronn1,483,1092,8,0
housset1,483,1094,9,0
ensabb1,483,1095,10,0
valleeb1,483,1096,11,0
mblanc1,483,1098,12,0
stlaure1,483,1100,13,0
mtarrep3,483,1101,14,0
patton1,483,1103,15,0
brno1,483,1104,16,0
volney1,483,1105,17,0
ferry1,483,1107,18,0
rectora1,483,1108,19,0
dieu1,483,1109,20,0
steannaa,483,1111,21,1
chdevan,344,560,1,0
omblais1,344,561,2,0
broceli1,344,561,3,0
tregor1,344,563,4,0
mabetto1,344,564,5,0
drlaen1,344,565,6,0
harenau1,344,566,7,0
maronn1,344,567,8,0
housset1,344,568,9,0
ensabb1,344,569,10,0
valleeb1,344,570,11,0
mblanc1,344,572,12,0
stlaure1,344,574,13,0
mtarrep3,344,575,14,0
patton1,344,577,15,0
brno1,344,578,16,0
volney1,344,579,17,0
ferry1,344,581,18,0
rectora1,344,582,19,0
dieu1,344,583,20,0
steannaa,344,585,21,1
steannaa,1606,650,1,0
dieu2,1606,651,2,0
rectora2,1606,652,3,0
ferry2,1606,653,4,0
volney2,1606,655,5,0
brno2,1606,656,6,0
patton2,1606,657,7,0
mtarrep4,1606,658,8,0
stlaure2,1606,659,9,0
mblanc2,1606,661,10,0
valleeb2,1606,663,11,0
ensabb2,1606,665,12,0
housset2,1606,666,13,0
maronn2,1606,668,14,0
harenau2,1606,669,15,0
drlaen2,1606,670,16,0
mabetto2,1606,670,17,0
tregor2,1606,672,18,0
broceli2,1606,673,19,0
omblais2,1606,674,20,0
chdevan,1606,675,21,1
steannaa,1613,1000,1,0
dieu2,1613,1001,2,0
rectora2,1613,1003,3,0
ferry2,1613,1004,4,0
volney2,1613,1006,5,0
brno2,1613,1007,6,0
patton2,1613,1009,7,0
mtarrep4,1613,1010,8,0
stlaure2,1613,1011,9,0
mblanc2,1613,1013,10,0
valleeb2,1613,1015,11,0
ensabb2,1613,1017,12,0
housset2,1613,1018,13,0
maronn2,1613,1020,14,0
harenau2,1613,1021,15,0
drlaen2,1613,1022,16,0
mabetto2,1613,1023,17,0
tregor2,1613,1024,18,0
broceli2,1613,1026,19,0
omblais2,1613,1027,20,0
chdevan,1613,1028,21,1
steannaa,1639,510,1,0
dieu2,1639,511,2,0
rectora2,1639,512,3,0
ferry2,1639,513,4,0
volney2,1639,515,5,0
brno2,1639,516,6,0
patton2,1639,518,7,0
mtarrep4,1639,519,8,0
stlaure2,1639,520,9,0
mblanc2,1639,522,10,0
valleeb2,1639,524,11,0
ensabb2,1639,526,12,0
housset2,1639,527,13,0
maronn2,1639,529,14,0
harenau2,1639,530,15,0
drlaene,1639,531,16,0
gentilh1,1639,532,17,0
forgebe1,1639,535,18,0
mozart1,1639,536,19,0
mabetto2,1639,537,20,0
tregor2,1639,539,21,0
broceli2,1639,541,22,0
omblais2,1639,542,23,0
chdevan,1639,543,24,1
steannaa,4902,750,1,0
dieu2,4902,751,2,0
rectora2,4902,752,3,0
ferry2,4902,753,4,0
volney2,4902,755,5,0
brno2,4902,756,6,0
patton2,4902,758,7,0
mtarrep4,4902,759,8,0
stlaure2,4902,760,9,0
mblanc2,4902,762,10,0
valleeb2,4902,764,11,0
ensabb2,4902,766,12,0
housset2,4902,767,13,0
maronn2,4902,769,14,0
harenau2,4902,770,15,0
drlaen2,4902,771,16,0
mabetto2,4902,771,17,0
tregor2,4902,773,18,0
broceli2,4902,774,19,0
omblais2,4902,775,20,0
chdevan,4902,776,21,1
chdevan,1578,435,1,0
omblais1,1578,436,2,0
broceli1,1578,436,3,0
tregor1,1578,438,4,0
mabetto1,1578,439,5,0
drlaen1,1578,440,6,0
harenau1,1578,441,7,0
maronn1,1578,442,8,0
housset1,1578,443,9,0
ensabb1,1578,444,10,0
valleeb1,1578,445,11,0
mblanc1,1578,447,12,0
stlaure1,1578,449,13,0
mtarrep3,1578,450,14,0
patton1,1578,452,15,0
brno1,1578,453,16,0
volney1,1578,454,17,0
ferry1,1578,456,18,0
rectora1,1578,456,19,0
dieu1,1578,458,20,0
steannaa,1578,459,21,1
steannaa,4898,1050,1,0
dieu2,4898,1051,2,0
rectora2,4898,1052,3,0
ferry2,4898,1053,4,0
volney2,4898,1055,5,0
brno2,4898,1056,6,0
patton2,4898,1058,7,0
mtarrep4,4898,1059,8,0
stlaure2,4898,1060,9,0
mblanc2,4898,1062,10,0
valleeb2,4898,1064,11,0
ensabb2,4898,1066,12,0
housset2,4898,1067,13,0
maronn2,4898,1069,14,0
harenau2,4898,1070,15,0
drlaen2,4898,1071,16,0
mabetto2,4898,1071,17,0
tregor2,4898,1073,18,0
broceli2,4898,1074,19,0
omblais2,4898,1075,20,0
chdevan,4898,1076,21,1
steannaa,1594,1245,1,0
dieu2,1594,1246,2,0
rectora2,1594,1247,3,0
ferry2,1594,1248,4,0
volney2,1594,1250,5,0
brno2,1594,1251,6,0
patton2,1594,1253,7,0
mtarrep4,1594,1254,8,0
stlaure2,1594,1255,9,0
mblanc2,1594,1257,10,0
valleeb2,1594,1259,11,0
ensabb2,1594,1261,12,0
housset2,1594,1262,13,0
maronn2,1594,1264,14,0
harenau2,1594,1265,15,0
drlaen2,1594,1266,16,0
mabetto2,1594,1266,17,0
tregor2,1594,1268,18,0
broceli2,1594,1269,19,0
omblais2,1594,1270,20,0
chdevan,1594,1271,21,1
chdevan,4865,500,1,0
omblais1,4865,501,2,0
broceli1,4865,501,3,0
tregor1,4865,503,4,0
mabetto1,4865,504,5,0
drlaen1,4865,505,6,0
harenau1,4865,506,7,0
maronn1,4865,507,8,0
housset1,4865,508,9,0
ensabb1,4865,509,10,0
valleeb1,4865,510,11,0
mblanc1,4865,512,12,0
stlaure1,4865,514,13,0
mtarrep3,4865,515,14,0
patton1,4865,517,15,0
brno1,4865,518,16,0
volney1,4865,519,17,0
ferry1,4865,521,18,0
rectora1,4865,521,19,0
dieu1,4865,523,20,0
steannaa,4865,524,21,1
steannaa,5905,740,1,0
dieu2,5905,741,2,0
rectora2,5905,742,3,0
ferry2,5905,743,4,0
volney2,5905,745,5,0
brno2,5905,746,6,0
patton2,5905,748,7,0
mtarrep4,5905,749,8,0
stlaure2,5905,750,9,0
mblanc2,5905,752,10,0
valleeb2,5905,754,11,0
ensabb2,5905,756,12,0
housset2,5905,757,13,0
maronn2,5905,759,14,0
harenau2,5905,760,15,0
drlaen2,5905,761,16,0
mabetto2,5905,761,17,0
tregor2,5905,763,18,0
broceli2,5905,764,19,0
omblais2,5905,765,20,0
chdevan,5905,766,21,1
chdevan,4835,1056,1,0
omblais1,4835,1057,2,0
broceli1,4835,1057,3,0
tregor1,4835,1059,4,0
mabetto1,4835,1060,5,0
drlaen1,4835,1061,6,0
harenau1,4835,1062,7,0
maronn1,4835,1063,8,0
housset1,4835,1065,9,0
ensabb1,4835,1066,10,0
valleeb1,4835,1067,11,0
mblanc1,4835,1069,12,0
stlaure1,4835,1070,13,0
mtarrep3,4835,1071,14,0
patton1,4835,1073,15,0
brno1,4835,1074,16,0
volney1,4835,1075,17,0
ferry1,4835,1076,18,0
rectora1,4835,1077,19,0
diee2,4835,1078,20,0
gambett2,4835,1080,21,0
repbottb,4835,1083,22,1
chdevan,1547,450,1,0
omblais1,1547,451,2,0
broceli1,1547,452,3,0
tregor1,1547,454,4,0
mabetto1,1547,455,5,0
drlaen1,1547,456,6,0
harenau1,1547,457,7,0
maronn1,1547,458,8,0
housset1,1547,460,9,0
ensabb1,1547,461,10,0
valleeb1,1547,463,11,0
mblanc1,1547,465,12,0
stlaure1,1547,467,13,0
mtarrep3,1547,469,14,0
patton1,1547,471,15,0
brno1,1547,473,16,0
volney1,1547,474,17,0
ferry1,1547,476,18,0
rectora1,1547,477,19,0
dieu1,1547,478,20,0
steannaa,1547,480,21,1
repbottc,1474,1475,1,0
steanne2,1474,1478,2,0
dieu2,1474,1479,3,0
rectora2,1474,1480,4,0
ferry2,1474,1481,5,0
volney2,1474,1483,6,0
brno2,1474,1484,7,0
patton2,1474,1485,8,0
mtarrep4,1474,1486,9,0
stlaure2,1474,1487,10,0
mblanc2,1474,1489,11,0
valleeb2,1474,1491,12,0
ensabb2,1474,1493,13,0
housset2,1474,1494,14,0
maronn2,1474,1496,15,0
harenau2,1474,1497,16,0
drlaen2,1474,1498,17,0
mabetto2,1474,1498,18,0
tregor2,1474,1499,19,0
broceli2,1474,1500,20,0
omblais2,1474,1501,21,0
chdevan,1474,1502,22,0
drlaene,1474,1505,23,0
mozart2,1474,1505,24,0
forgebe2,1474,1506,25,0
gentilh2,1474,1507,26,0
chopi2,1474,1509,27,0
chevahs2,1474,1511,28,0
macheva2,1474,1512,29,0
fonderi2,1474,1512,30,0
pommier2,1474,1513,31,0
troncha2,1474,1517,32,0
tespsps2,1474,1518,33,0
bgstsul2,1474,1518,34,0
chesnai2,1474,1519,35,0
cropy,1474,1520,36,1
chdevan,1453,480,1,0
omblais1,1453,481,2,0
broceli1,1453,482,3,0
tregor1,1453,484,4,0
mabetto1,1453,485,5,0
drlaen1,1453,486,6,0
harenau1,1453,487,7,0
maronn1,1453,488,8,0
housset1,1453,490,9,0
ensabb1,1453,491,10,0
valleeb1,1453,493,11,0
mblanc1,1453,495,12,0
stlaure1,1453,497,13,0
mtarrep3,1453,499,14,0
patton1,1453,501,15,0
brno1,1453,503,16,0
volney1,1453,504,17,0
ferry1,1453,506,18,0
rectora1,1453,507,19,0
dieu1,1453,508,20,0
steannaa,1453,510,21,1
chdevan,1460,995,1,0
omblais1,1460,996,2,0
broceli1,1460,996,3,0
tregor1,1460,998,4,0
mabetto1,1460,999,5,0
drlaen1,1460,1000,6,0
harenau1,1460,1001,7,0
maronn1,1460,1002,8,0
housset1,1460,1004,9,0
ensabb1,1460,1005,10,0
valleeb1,1460,1006,11,0
mblanc1,1460,1008,12,0
stlaure1,1460,1010,13,0
mtarrep3,1460,1012,14,0
patton1,1460,1014,15,0
brno1,1460,1016,16,0
volney1,1460,1017,17,0
ferry1,1460,1019,18,0
rectora1,1460,1020,19,0
dieu1,1460,1021,20,0
steannaa,1460,1023,21,1
steannaa,4754,530,1,0
dieu2,4754,531,2,0
rectora2,4754,532,3,0
ferry2,4754,533,4,0
volney2,4754,535,5,0
brno2,4754,536,6,0
patton2,4754,537,7,0
mtarrep4,4754,538,8,0
stlaure2,4754,539,9,0
mblanc2,4754,541,10,0
valleeb2,4754,543,11,0
ensabb2,4754,545,12,0
housset2,4754,546,13,0
maronn2,4754,548,14,0
harenau2,4754,549,15,0
drlaen2,4754,550,16,0
mabetto2,4754,550,17,0
tregor2,4754,552,18,0
broceli2,4754,553,19,0
omblais2,4754,554,20,0
chdevan,4754,555,21,1
steannaa,4758,730,1,0
dieu2,4758,731,2,0
rectora2,4758,732,3,0
ferry2,4758,733,4,0
volney2,4758,735,5,0
brno2,4758,736,6,0
patton2,4758,738,7,0
mtarrep4,4758,739,8,0
stlaure2,4758,740,9,0
mblanc2,4758,742,10,0
valleeb2,4758,744,11,0
ensabb2,4758,746,12,0
housset2,4758,747,13,0
maronn2,4758,749,14,0
harenau2,4758,750,15,0
drlaen2,4758,751,16,0
mabetto2,4758,751,17,0
tregor2,4758,753,18,0
broceli2,4758,754,19,0
omblais2,4758,755,20,0
chdevan,4758,756,21,1
chdevan,4732,760,1,0
omblais1,4732,761,2,0
broceli1,4732,761,3,0
tregor1,4732,763,4,0
mabetto1,4732,764,5,0
drlaen1,4732,765,6,0
harenau1,4732,766,7,0
maronn1,4732,767,8,0
housset1,4732,769,9,0
ensabb1,4732,770,10,0
valleeb1,4732,771,11,0
mblanc1,4732,773,12,0
stlaure1,4732,775,13,0
mtarrep3,4732,776,14,0
patton1,4732,778,15,0
brno1,4732,779,16,0
volney1,4732,780,17,0
ferry1,4732,782,18,0
rectora1,4732,783,19,0
dieu1,4732,784,20,0
steannaa,4732,786,21,1
repbottb,5838,1220,1,0
steanne2,5838,1224,2,0
dieu2,5838,1225,3,0
rectora2,5838,1226,4,0
ferry2,5838,1227,5,0
volney2,5838,1228,6,0
brno2,5838,1229,7,0
patton2,5838,1231,8,0
mtarrep4,5838,1232,9,0
stlaure2,5838,1233,10,0
mblanc2,5838,1234,11,0
valleeb2,5838,1236,12,0
ensabb2,5838,1237,13,0
housset2,5838,1238,14,0
maronn2,5838,1240,15,0
harenau2,5838,1241,16,0
drlaen2,5838,1242,17,0
mabetto2,5838,1242,18,0
tregor2,5838,1244,19,0
broceli2,5838,1245,20,0
omblais2,5838,1246,21,0
chdevan,5838,1247,22,1
steannaa,5818,590,1,0
dieu2,5818,591,2,0
rectora2,5818,592,3,0
ferry2,5818,593,4,0
volney2,5818,595,5,0
brno2,5818,596,6,0
patton2,5818,598,7,0
mtarrep4,5818,599,8,0
stlaure2,5818,600,9,0
mblanc2,5818,602,10,0
valleeb2,5818,604,11,0
ensabb2,5818,606,12,0
housset2,5818,607,13,0
maronn2,5818,609,14,0
harenau2,5818,610,15,0
drlaen2,5818,611,16,0
mabetto2,5818,611,17,0
tregor2,5818,613,18,0
broceli2,5818,614,19,0
omblais2,5818,615,20,0
chdevan,5818,616,21,1
steannaa,5873,560,1,0
dieu2,5873,561,2,0
rectora2,5873,562,3,0
ferry2,5873,563,4,0
volney2,5873,565,5,0
brno2,5873,566,6,0
patton2,5873,567,7,0
mtarrep4,5873,568,8,0
stlaure2,5873,569,9,0
mblanc2,5873,571,10,0
valleeb2,5873,573,11,0
ensabb2,5873,575,12,0
housset2,5873,576,13,0
maronn2,5873,578,14,0
harenau2,5873,579,15,0
drlaen2,5873,580,16,0
mabetto2,5873,580,17,0
tregor2,5873,582,18,0
broceli2,5873,583,19,0
omblais2,5873,584,20,0
chdevan,5873,585,21,1
chdevan,5863,1215,1,0
omblais1,5863,1216,2,0
broceli1,5863,1216,3,0
tregor1,5863,1218,4,0
mabetto1,5863,1219,5,0
drlaen1,5863,1220,6,0
harenau1,5863,1221,7,0
maronn1,5863,1222,8,0
housset1,5863,1223,9,0
ensabb1,5863,1224,10,0
valleeb1,5863,1225,11,0
mblanc1,5863,1227,12,0
stlaure1,5863,1229,13,0
mtarrep3,5863,1230,14,0
patton1,5863,1232,15,0
brno1,5863,1233,16,0
volney1,5863,1234,17,0
ferry1,5863,1236,18,0
rectora1,5863,1236,19,0
dieu1,5863,1238,20,0
steannaa,5863,1239,21,1
steannaa,257,830,1,0
dieu2,257,831,2,0
rectora2,257,832,3,0
ferry2,257,833,4,0
volney2,257,835,5,0
brno2,257,836,6,0
patton2,257,838,7,0
mtarrep4,257,839,8,0
stlaure2,257,840,9,0
mblanc2,257,842,10,0
valleeb2,257,844,11,0
ensabb2,257,846,12,0
housset2,257,847,13,0
maronn2,257,849,14,0
harenau2,257,850,15,0
drlaen2,257,851,16,0
mabetto2,257,851,17,0
tregor2,257,853,18,0
broceli2,257,854,19,0
omblais2,257,855,20,0
chdevan,257,856,21,1
chdevan,941,680,1,0
omblais1,941,681,2,0
broceli1,941,681,3,0
tregor1,941,683,4,0
mabetto1,941,684,5,0
drlaen1,941,685,6,0
harenau1,941,686,7,0
maronn1,941,687,8,0
housset1,941,689,9,0
ensabb1,941,690,10,0
valleeb1,941,691,11,0
mblanc1,941,693,12,0
stlaure1,941,695,13,0
mtarrep3,941,696,14,0
patton1,941,698,15,0
brno1,941,699,16,0
volney1,941,700,17,0
ferry1,941,702,18,0
rectora1,941,703,19,0
dieu1,941,704,20,0
steannaa,941,706,21,1
chdevan,1449,960,1,0
omblais1,1449,961,2,0
broceli1,1449,961,3,0
tregor1,1449,963,4,0
mabetto1,1449,964,5,0
drlaen1,1449,965,6,0
harenau1,1449,966,7,0
maronn1,1449,967,8,0
housset1,1449,968,9,0
ensabb1,1449,969,10,0
valleeb1,1449,970,11,0
mblanc1,1449,972,12,0
stlaure1,1449,974,13,0
mtarrep3,1449,975,14,0
patton1,1449,977,15,0
brno1,1449,978,16,0
volney1,1449,979,17,0
ferry1,1449,981,18,0
rectora1,1449,982,19,0
dieu1,1449,983,20,0
steannaa,1449,985,21,1
steannaa,989,1030,1,0
dieu2,989,1032,2,0
rectora2,989,1033,3,0
ferry2,989,1035,4,0
volney2,989,1037,5,0
brno2,989,1038,6,0
patton2,989,1041,7,0
mtarrep4,989,1043,8,0
stlaure2,989,1044,9,0
mblanc2,989,1046,10,0
valleeb2,989,1048,11,0
ensabb2,989,1050,12,0
housset2,989,1051,13,0
maronn2,989,1053,14,0
harenau2,989,1054,15,0
drlaen2,989,1055,16,0
mabetto2,989,1056,17,0
tregor2,989,1057,18,0
broceli2,989,1059,19,0
omblais2,989,1060,20,0
chdevan,989,1061,21,1
chdevan,2511,1140,1,0
omblais1,2511,1141,2,0
broceli1,2511,1141,3,0
tregor1,2511,1143,4,0
mabetto1,2511,1144,5,0
drlaen1,2511,1145,6,0
harenau1,2511,1146,7,0
maronn1,2511,1147,8,0
housset1,2511,1148,9,0
ensabb1,2511,1149,10,0
valleeb1,2511,1150,11,0
mblanc1,2511,1152,12,0
stlaure1,2511,1154,13,0
mtarrep3,2511,1155,14,0
patton1,2511,1157,15,0
brno1,2511,1158,16,0
volney1,2511,1159,17,0
ferry1,2511,1161,18,0
rectora1,2511,1161,19,0
dieu1,2511,1163,20,0
steannaa,2511,1164,21,1
steannaa,5737,1090,1,0
dieu2,5737,1091,2,0
rectora2,5737,1092,3,0
ferry2,5737,1093,4,0
volney2,5737,1095,5,0
brno2,5737,1096,6,0
patton2,5737,1098,7,0
mtarrep4,5737,1099,8,0
stlaure2,5737,1100,9,0
mblanc2,5737,1102,10,0
valleeb2,5737,1104,11,0
ensabb2,5737,1106,12,0
housset2,5737,1107,13,0
maronn2,5737,1109,14,0
harenau2,5737,1110,15,0
drlaen2,5737,1111,16,0
mabetto2,5737,1111,17,0
tregor2,5737,1113,18,0
broceli2,5737,1114,19,0
omblais2,5737,1115,20,0
chdevan,5737,1116,21,1
chdevan,4218,950,1,0
omblais1,4218,951,2,0
broceli1,4218,951,3,0
tregor1,4218,953,4,0
mabetto1,4218,954,5,0
mozart2,4218,954,6,0
forgebe2,4218,955,7,0
gentilh1,4218,957,8,0
drlaen1,4218,961,9,0
harenau1,4218,962,10,0
maronn1,4218,963,11,0
housset1,4218,965,12,0
ensabb1,4218,966,13,0
valleeb1,4218,967,14,0
mblanc1,4218,969,15,0
stlaure1,4218,971,16,0
mtarrep3,4218,973,17,0
patton1,4218,975,18,0
brno1,4218,977,19,0
volney1,4218,978,20,0
ferry1,4218,980,21,0
rectora1,4218,981,22,0
dieu1,4218,982,23,0
steannaa,4218,984,24,1
steannaa,2427,385,1,0
dieu2,2427,386,2,0
rectora2,2427,387,3,0
ferry2,2427,388,4,0
volney2,2427,390,5,0
brno2,2427,391,6,0
patton2,2427,393,7,0
mtarrep4,2427,394,8,0
stlaure2,2427,395,9,0
mblanc2,2427,397,10,0
valleeb2,2427,399,11,0
ensabb2,2427,401,12,0
housset2,2427,402,13,0
maronn2,2427,404,14,0
harenau2,2427,405,15,0
drlaen2,2427,406,16,0
mabetto2,2427,406,17,0
tregor2,2427,408,18,0
broceli2,2427,409,19,0
omblais2,2427,410,20,0
chdevan,2427,411,21,1
steannaa,2429,590,1,0
dieu2,2429,591,2,0
rectora2,2429,592,3,0
ferry2,2429,593,4,0
volney2,2429,595,5,0
brno2,2429,596,6,0
patton2,2429,597,7,0
mtarrep4,2429,598,8,0
stlaure2,2429,599,9,0
mblanc2,2429,601,10,0
valleeb2,2429,603,11,0
ensabb2,2429,605,12,0
housset2,2429,606,13,0
maronn2,2429,608,14,0
harenau2,2429,609,15,0
drlaen2,2429,610,16,0
mabetto2,2429,610,17,0
tregor2,2429,612,18,0
broceli2,2429,613,19,0
omblais2,2429,614,20,0
chdevan,2429,615,21,1
chdevan,5757,880,1,0
omblais1,5757,881,2,0
broceli1,5757,881,3,0
tregor1,5757,883,4,0
mabetto1,5757,884,5,0
drlaen1,5757,885,6,0
harenau1,5757,886,7,0
maronn1,5757,887,8,0
housset1,5757,888,9,0
ensabb1,5757,889,10,0
valleeb1,5757,890,11,0
mblanc1,5757,892,12,0
stlaure1,5757,894,13,0
mtarrep3,5757,895,14,0
patton1,5757,897,15,0
brno1,5757,898,16,0
volney1,5757,899,17,0
ferry1,5757,901,18,0
rectora1,5757,902,19,0
dieu1,5757,903,20,0
steannaa,5757,905,21,1
chdevan,2445,1055,1,0
omblais1,2445,1056,2,0
broceli1,2445,1056,3,0
tregor1,2445,1058,4,0
mabetto1,2445,1059,5,0
drlaen1,2445,1060,6,0
harenau1,2445,1061,7,0
maronn1,2445,1062,8,0
housset1,2445,1064,9,0
ensabb1,2445,1065,10,0
valleeb1,2445,1066,11,0
mblanc1,2445,1068,12,0
stlaure1,2445,1070,13,0
mtarrep3,2445,1072,14,0
patton1,2445,1074,15,0
brno1,2445,1076,16,0
volney1,2445,1077,17,0
ferry1,2445,1079,18,0
rectora1,2445,1080,19,0
dieu1,2445,1081,20,0
steannaa,2445,1083,21,1
steannaa,5768,800,1,0
dieu2,5768,801,2,0
rectora2,5768,802,3,0
ferry2,5768,803,4,0
volney2,5768,805,5,0
brno2,5768,806,6,0
patton2,5768,808,7,0
mtarrep4,5768,809,8,0
stlaure2,5768,810,9,0
mblanc2,5768,812,10,0
valleeb2,5768,814,11,0
ensabb2,5768,816,12,0
housset2,5768,817,13,0
maronn2,5768,819,14,0
harenau2,5768,820,15,0
drlaen2,5768,821,16,0
mabetto2,5768,821,17,0
tregor2,5768,823,18,0
broceli2,5768,824,19,0
omblais2,5768,825,20,0
chdevan,5768,826,21,1
chdevan,2474,920,1,0
omblais1,2474,921,2,0
broceli1,2474,921,3,0
tregor1,2474,923,4,0
mabetto1,2474,924,5,0
drlaen1,2474,925,6,0
harenau1,2474,926,7,0
maronn1,2474,927,8,0
housset1,2474,929,9,0
ensabb1,2474,930,10,0
valleeb1,2474,931,11,0
mblanc1,2474,933,12,0
stlaure1,2474,935,13,0
mtarrep3,2474,936,14,0
patton1,2474,938,15,0
brno1,2474,939,16,0
volney1,2474,940,17,0
ferry1,2474,942,18,0
rectora1,2474,943,19,0
dieu1,2474,944,20,0
steannaa,2474,946,21,1
repbottb,1396,765,1,0
steanne2,1396,769,2,0
dieu2,1396,770,3,0
rectora2,1396,771,4,0
ferry2,1396,772,5,0
volney2,1396,773,6,0
brno2,1396,774,7,0
patton2,1396,776,8,0
mtarrep4,1396,777,9,0
stlaure2,1396,778,10,0
mblanc2,1396,779,11,0
valleeb2,1396,781,12,0
ensabb2,1396,782,13,0
housset2,1396,783,14,0
maronn2,1396,785,15,0
harenau2,1396,786,16,0
drlaen2,1396,787,17,0
mabetto2,1396,787,18,0
tregor2,1396,789,19,0
broceli2,1396,790,20,0
omblais2,1396,791,21,0
chdevan,1396,792,22,1
chdevan,1342,1186,1,0
omblais1,1342,1187,2,0
broceli1,1342,1187,3,0
tregor1,1342,1189,4,0
mabetto1,1342,1190,5,0
drlaen1,1342,1191,6,0
harenau1,1342,1192,7,0
maronn1,1342,1193,8,0
housset1,1342,1195,9,0
ensabb1,1342,1196,10,0
valleeb1,1342,1197,11,0
mblanc1,1342,1199,12,0
stlaure1,1342,1200,13,0
mtarrep3,1342,1201,14,0
patton1,1342,1203,15,0
brno1,1342,1204,16,0
volney1,1342,1205,17,0
ferry1,1342,1206,18,0
rectora1,1342,1207,19,0
diee2,1342,1208,20,0
gambett2,1342,1210,21,0
repbottb,1342,1213,22,1
repbottb,1366,1155,1,0
steanne2,1366,1159,2,0
dieu2,1366,1160,3,0
rectora2,1366,1161,4,0
ferry2,1366,1162,5,0
volney2,1366,1163,6,0
brno2,1366,1164,7,0
patton2,1366,1166,8,0
mtarrep4,1366,1167,9,0
stlaure2,1366,1168,10,0
mblanc2,1366,1169,11,0
valleeb2,1366,1171,12,0
ensabb2,1366,1172,13,0
housset2,1366,1173,14,0
maronn2,1366,1175,15,0
harenau2,1366,1176,16,0
drlaen2,1366,1177,17,0
mabetto2,1366,1177,18,0
tregor2,1366,1179,19,0
broceli2,1366,1180,20,0
omblais2,1366,1181,21,0
chdevan,1366,1182,22,1
chdevan,801,740,1,0
omblais1,801,741,2,0
broceli1,801,741,3,0
tregor1,801,743,4,0
mabetto1,801,744,5,0
drlaen1,801,745,6,0
harenau1,801,746,7,0
maronn1,801,747,8,0
housset1,801,748,9,0
ensabb1,801,749,10,0
valleeb1,801,750,11,0
mblanc1,801,752,12,0
stlaure1,801,754,13,0
mtarrep3,801,755,14,0
patton1,801,757,15,0
brno1,801,758,16,0
volney1,801,759,17,0
ferry1,801,761,18,0
rectora1,801,762,19,0
dieu1,801,763,20,0
steannaa,801,765,21,1
repbottb,882,700,1,0
steanne2,882,704,2,0
dieu2,882,705,3,0
rectora2,882,706,4,0
ferry2,882,707,5,0
volney2,882,708,6,0
brno2,882,709,7,0
patton2,882,711,8,0
mtarrep4,882,712,9,0
stlaure2,882,713,10,0
mblanc2,882,714,11,0
valleeb2,882,716,12,0
ensabb2,882,717,13,0
housset2,882,718,14,0
maronn2,882,720,15,0
harenau2,882,721,16,0
drlaen2,882,722,17,0
mabetto2,882,722,18,0
tregor2,882,724,19,0
broceli2,882,725,20,0
omblais2,882,726,21,0
chdevan,882,727,22,1
steannaa,876,530,1,0
dieu2,876,531,2,0
rectora2,876,532,3,0
ferry2,876,533,4,0
volney2,876,535,5,0
brno2,876,536,6,0
patton2,876,538,7,0
mtarrep4,876,539,8,0
stlaure2,876,540,9,0
mblanc2,876,542,10,0
valleeb2,876,544,11,0
ensabb2,876,546,12,0
housset2,876,547,13,0
maronn2,876,549,14,0
harenau2,876,550,15,0
drlaen2,876,551,16,0
mabetto2,876,551,17,0
tregor2,876,553,18,0
broceli2,876,554,19,0
omblais2,876,555,20,0
chdevan,876,556,21,1
chdevan,2401,840,1,0
omblais1,2401,841,2,0
broceli1,2401,841,3,0
tregor1,2401,843,4,0
mabetto1,2401,844,5,0
drlaen1,2401,845,6,0
harenau1,2401,846,7,0
maronn1,2401,847,8,0
housset1,2401,848,9,0
ensabb1,2401,849,10,0
valleeb1,2401,850,11,0
mblanc1,2401,852,12,0
stlaure1,2401,854,13,0
mtarrep3,2401,855,14,0
patton1,2401,857,15,0
brno1,2401,858,16,0
volney1,2401,859,17,0
ferry1,2401,861,18,0
rectora1,2401,862,19,0
dieu1,2401,863,20,0
steannaa,2401,865,21,1
chdevan,5620,840,1,0
omblais1,5620,841,2,0
broceli1,5620,841,3,0
tregor1,5620,843,4,0
mabetto1,5620,844,5,0
drlaen1,5620,845,6,0
harenau1,5620,846,7,0
maronn1,5620,847,8,0
housset1,5620,849,9,0
ensabb1,5620,850,10,0
valleeb1,5620,851,11,0
mblanc1,5620,853,12,0
stlaure1,5620,855,13,0
mtarrep3,5620,856,14,0
patton1,5620,858,15,0
brno1,5620,859,16,0
volney1,5620,860,17,0
ferry1,5620,862,18,0
rectora1,5620,863,19,0
dieu1,5620,864,20,0
steannaa,5620,866,21,1
steannaa,2301,990,1,0
dieu2,2301,991,2,0
rectora2,2301,992,3,0
ferry2,2301,993,4,0
volney2,2301,995,5,0
brno2,2301,996,6,0
patton2,2301,998,7,0
mtarrep4,2301,999,8,0
stlaure2,2301,1000,9,0
mblanc2,2301,1002,10,0
valleeb2,2301,1004,11,0
ensabb2,2301,1006,12,0
housset2,2301,1007,13,0
maronn2,2301,1009,14,0
harenau2,2301,1010,15,0
drlaen2,2301,1011,16,0
mabetto2,2301,1011,17,0
tregor2,2301,1013,18,0
broceli2,2301,1014,19,0
omblais2,2301,1015,20,0
chdevan,2301,1016,21,1
steannaa,5605,435,1,0
dieu2,5605,436,2,0
rectora2,5605,437,3,0
ferry2,5605,438,4,0
volney2,5605,440,5,0
brno2,5605,441,6,0
patton2,5605,443,7,0
mtarrep4,5605,444,8,0
stlaure2,5605,445,9,0
mblanc2,5605,447,10,0
valleeb2,5605,449,11,0
ensabb2,5605,451,12,0
housset2,5605,452,13,0
maronn2,5605,454,14,0
harenau2,5605,455,15,0
drlaen2,5605,456,16,0
mabetto2,5605,456,17,0
tregor2,5605,458,18,0
broceli2,5605,459,19,0
omblais2,5605,460,20,0
chdevan,5605,461,21,1
chdevan,4130,590,1,0
omblais1,4130,591,2,0
broceli1,4130,591,3,0
tregor1,4130,593,4,0
mabetto1,4130,594,5,0
drlaen1,4130,595,6,0
harenau1,4130,596,7,0
maronn1,4130,597,8,0
housset1,4130,599,9,0
ensabb1,4130,600,10,0
valleeb1,4130,601,11,0
mblanc1,4130,603,12,0
stlaure1,4130,605,13,0
mtarrep3,4130,606,14,0
patton1,4130,608,15,0
brno1,4130,609,16,0
volney1,4130,610,17,0
ferry1,4130,612,18,0
rectora1,4130,613,19,0
dieu1,4130,614,20,0
steannaa,4130,616,21,1
chdevan,1292,530,1,0
omblais1,1292,531,2,0
broceli1,1292,531,3,0
tregor1,1292,533,4,0
mabetto1,1292,534,5,0
drlaen1,1292,535,6,0
harenau1,1292,536,7,0
maronn1,1292,537,8,0
housset1,1292,538,9,0
ensabb1,1292,539,10,0
valleeb1,1292,540,11,0
mblanc1,1292,542,12,0
stlaure1,1292,544,13,0
mtarrep3,1292,545,14,0
patton1,1292,547,15,0
brno1,1292,548,16,0
volney1,1292,549,17,0
ferry1,1292,551,18,0
rectora1,1292,552,19,0
dieu1,1292,553,20,0
steannaa,1292,555,21,1
chdevan,1282,920,1,0
omblais1,1282,921,2,0
broceli1,1282,921,3,0
tregor1,1282,923,4,0
mabetto1,1282,924,5,0
drlaen1,1282,925,6,0
harenau1,1282,926,7,0
maronn1,1282,927,8,0
housset1,1282,928,9,0
ensabb1,1282,929,10,0
valleeb1,1282,930,11,0
mblanc1,1282,932,12,0
stlaure1,1282,934,13,0
mtarrep3,1282,935,14,0
patton1,1282,937,15,0
brno1,1282,938,16,0
volney1,1282,939,17,0
ferry1,1282,941,18,0
rectora1,1282,942,19,0
dieu1,1282,943,20,0
steannaa,1282,945,21,1
steannaa,5696,970,1,0
dieu2,5696,971,2,0
rectora2,5696,972,3,0
ferry2,5696,973,4,0
volney2,5696,975,5,0
brno2,5696,976,6,0
patton2,5696,978,7,0
mtarrep4,5696,979,8,0
stlaure2,5696,980,9,0
mblanc2,5696,982,10,0
valleeb2,5696,984,11,0
ensabb2,5696,986,12,0
housset2,5696,987,13,0
maronn2,5696,989,14,0
harenau2,5696,990,15,0
drlaen2,5696,991,16,0
mabetto2,5696,991,17,0
tregor2,5696,993,18,0
broceli2,5696,994,19,0
omblais2,5696,995,20,0
chdevan,5696,996,21,1
steannaa,1228,985,1,0
dieu2,1228,986,2,0
rectora2,1228,988,3,0
ferry2,1228,989,4,0
volney2,1228,991,5,0
brno2,1228,992,6,0
patton2,1228,994,7,0
mtarrep4,1228,995,8,0
stlaure2,1228,996,9,0
mblanc2,1228,998,10,0
valleeb2,1228,1000,11,0
ensabb2,1228,1002,12,0
housset2,1228,1003,13,0
maronn2,1228,1005,14,0
harenau2,1228,1006,15,0
drlaen2,1228,1007,16,0
mabetto2,1228,1007,17,0
tregor2,1228,1009,18,0
broceli2,1228,1010,19,0
omblais2,1228,1011,20,0
chdevan,1228,1012,21,1
chdevan,1225,861,1,0
omblais1,1225,862,2,0
broceli1,1225,862,3,0
tregor1,1225,864,4,0
mabetto1,1225,865,5,0
drlaen1,1225,866,6,0
harenau1,1225,867,7,0
maronn1,1225,868,8,0
housset1,1225,870,9,0
ensabb1,1225,871,10,0
valleeb1,1225,872,11,0
mblanc1,1225,874,12,0
stlaure1,1225,875,13,0
mtarrep3,1225,876,14,0
patton1,1225,878,15,0
brno1,1225,879,16,0
volney1,1225,880,17,0
ferry1,1225,881,18,0
rectora1,1225,882,19,0
diee2,1225,883,20,0
gambett2,1225,885,21,0
repbottb,1225,888,22,1
chdevan,904,940,1,0
omblais1,904,941,2,0
broceli1,904,941,3,0
tregor1,904,943,4,0
mabetto1,904,944,5,0
drlaen1,904,945,6,0
harenau1,904,946,7,0
maronn1,904,947,8,0
housset1,904,949,9,0
ensabb1,904,950,10,0
valleeb1,904,951,11,0
mblanc1,904,953,12,0
stlaure1,904,955,13,0
mtarrep3,904,956,14,0
patton1,904,958,15,0
brno1,904,959,16,0
volney1,904,960,17,0
ferry1,904,962,18,0
rectora1,904,963,19,0
dieu1,904,964,20,0
steannaa,904,966,21,1
steannaa,906,770,1,0
dieu2,906,771,2,0
rectora2,906,772,3,0
ferry2,906,773,4,0
volney2,906,775,5,0
brno2,906,776,6,0
patton2,906,778,7,0
mtarrep4,906,779,8,0
stlaure2,906,780,9,0
mblanc2,906,782,10,0
valleeb2,906,784,11,0
ensabb2,906,786,12,0
housset2,906,787,13,0
maronn2,906,789,14,0
harenau2,906,790,15,0
drlaen2,906,791,16,0
mabetto2,906,791,17,0
tregor2,906,793,18,0
broceli2,906,794,19,0
omblais2,906,795,20,0
chdevan,906,796,21,1
chdevan,707,980,1,0
omblais1,707,981,2,0
broceli1,707,981,3,0
tregor1,707,983,4,0
mabetto1,707,984,5,0
drlaen1,707,985,6,0
harenau1,707,986,7,0
maronn1,707,987,8,0
housset1,707,989,9,0
ensabb1,707,990,10,0
valleeb1,707,991,11,0
mblanc1,707,993,12,0
stlaure1,707,995,13,0
mtarrep3,707,997,14,0
patton1,707,999,15,0
brno1,707,1001,16,0
volney1,707,1002,17,0
ferry1,707,1004,18,0
rectora1,707,1005,19,0
dieu1,707,1006,20,0
steannaa,707,1008,21,1
steannaa,2749,1135,1,0
dieu2,2749,1136,2,0
rectora2,2749,1138,3,0
ferry2,2749,1139,4,0
volney2,2749,1141,5,0
brno2,2749,1142,6,0
patton2,2749,1144,7,0
mtarrep4,2749,1145,8,0
stlaure2,2749,1146,9,0
mblanc2,2749,1148,10,0
valleeb2,2749,1150,11,0
ensabb2,2749,1152,12,0
housset2,2749,1153,13,0
maronn2,2749,1155,14,0
harenau2,2749,1156,15,0
drlaen2,2749,1157,16,0
mabetto2,2749,1157,17,0
tregor2,2749,1159,18,0
broceli2,2749,1160,19,0
omblais2,2749,1161,20,0
chdevan,2749,1162,21,1
steannaa,2760,950,1,0
dieu2,2760,951,2,0
rectora2,2760,952,3,0
ferry2,2760,953,4,0
volney2,2760,955,5,0
brno2,2760,956,6,0
patton2,2760,958,7,0
mtarrep4,2760,959,8,0
stlaure2,2760,960,9,0
mblanc2,2760,962,10,0
valleeb2,2760,964,11,0
ensabb2,2760,966,12,0
housset2,2760,967,13,0
maronn2,2760,969,14,0
harenau2,2760,970,15,0
drlaen2,2760,971,16,0
mabetto2,2760,971,17,0
tregor2,2760,973,18,0
broceli2,2760,974,19,0
omblais2,2760,975,20,0
chdevan,2760,976,21,1
chdevan,2761,1100,1,0
omblais1,2761,1101,2,0
broceli1,2761,1101,3,0
tregor1,2761,1103,4,0
mabetto1,2761,1104,5,0
drlaen1,2761,1105,6,0
harenau1,2761,1106,7,0
maronn1,2761,1107,8,0
housset1,2761,1109,9,0
ensabb1,2761,1110,10,0
valleeb1,2761,1111,11,0
mblanc1,2761,1113,12,0
stlaure1,2761,1115,13,0
mtarrep3,2761,1116,14,0
patton1,2761,1118,15,0
brno1,2761,1119,16,0
volney1,2761,1120,17,0
ferry1,2761,1122,18,0
rectora1,2761,1123,19,0
dieu1,2761,1124,20,0
steannaa,2761,1126,21,1
steannaa,796,1190,1,0
dieu2,796,1191,2,0
rectora2,796,1192,3,0
ferry2,796,1193,4,0
volney2,796,1195,5,0
brno2,796,1196,6,0
patton2,796,1198,7,0
mtarrep4,796,1199,8,0
stlaure2,796,1200,9,0
mblanc2,796,1202,10,0
valleeb2,796,1204,11,0
ensabb2,796,1206,12,0
housset2,796,1207,13,0
maronn2,796,1209,14,0
harenau2,796,1210,15,0
drlaen2,796,1211,16,0
mabetto2,796,1211,17,0
tregor2,796,1213,18,0
broceli2,796,1214,19,0
omblais2,796,1215,20,0
chdevan,796,1216,21,1
chdevan,2775,680,1,0
omblais1,2775,681,2,0
broceli1,2775,681,3,0
tregor1,2775,683,4,0
mabetto1,2775,684,5,0
drlaen1,2775,685,6,0
harenau1,2775,686,7,0
maronn1,2775,687,8,0
housset1,2775,688,9,0
ensabb1,2775,689,10,0
valleeb1,2775,690,11,0
mblanc1,2775,692,12,0
stlaure1,2775,694,13,0
mtarrep3,2775,695,14,0
patton1,2775,697,15,0
brno1,2775,698,16,0
volney1,2775,699,17,0
ferry1,2775,701,18,0
rectora1,2775,702,19,0
dieu1,2775,703,20,0
steannaa,2775,705,21,1
chdevan,793,796,1,0
omblais1,793,797,2,0
broceli1,793,797,3,0
tregor1,793,799,4,0
mabetto1,793,800,5,0
drlaen1,793,801,6,0
harenau1,793,802,7,0
maronn1,793,803,8,0
housset1,793,805,9,0
ensabb1,793,806,10,0
valleeb1,793,807,11,0
mblanc1,793,809,12,0
stlaure1,793,810,13,0
mtarrep3,793,811,14,0
patton1,793,813,15,0
brno1,793,814,16,0
volney1,793,815,17,0
ferry1,793,816,18,0
rectora1,793,817,19,0
diee2,793,818,20,0
gambett2,793,820,21,0
repbottb,793,823,22,1
chdevan,2726,1010,1,0
omblais1,2726,1011,2,0
broceli1,2726,1011,3,0
tregor1,2726,1013,4,0
mabetto1,2726,1014,5,0
drlaen1,2726,1015,6,0
harenau1,2726,1016,7,0
maronn1,2726,1017,8,0
housset1,2726,1019,9,0
ensabb1,2726,1020,10,0
valleeb1,2726,1021,11,0
mblanc1,2726,1023,12,0
stlaure1,2726,1025,13,0
mtarrep3,2726,1027,14,0
patton1,2726,1029,15,0
brno1,2726,1031,16,0
volney1,2726,1032,17,0
ferry1,2726,1034,18,0
rectora1,2726,1035,19,0
dieu1,2726,1036,20,0
steannaa,2726,1038,21,1
chdevan,2732,620,1,0
omblais1,2732,621,2,0
broceli1,2732,621,3,0
tregor1,2732,623,4,0
mabetto1,2732,624,5,0
drlaen1,2732,625,6,0
harenau1,2732,626,7,0
maronn1,2732,627,8,0
housset1,2732,628,9,0
ensabb1,2732,629,10,0
valleeb1,2732,630,11,0
mblanc1,2732,632,12,0
stlaure1,2732,634,13,0
mtarrep3,2732,635,14,0
patton1,2732,637,15,0
brno1,2732,638,16,0
volney1,2732,639,17,0
ferry1,2732,641,18,0
rectora1,2732,642,19,0
dieu1,2732,643,20,0
steannaa,2732,645,21,1
steannaa,1189,790,1,0
dieu2,1189,791,2,0
rectora2,1189,792,3,0
ferry2,1189,793,4,0
volney2,1189,795,5,0
brno2,1189,796,6,0
patton2,1189,798,7,0
mtarrep4,1189,799,8,0
stlaure2,1189,800,9,0
mblanc2,1189,802,10,0
valleeb2,1189,804,11,0
ensabb2,1189,806,12,0
housset2,1189,807,13,0
maronn2,1189,809,14,0
harenau2,1189,810,15,0
drlaen2,1189,811,16,0
mabetto2,1189,811,17,0
tregor2,1189,813,18,0
broceli2,1189,814,19,0
omblais2,1189,815,20,0
chdevan,1189,816,21,1
repbottb,5539,960,1,0
steanne2,5539,964,2,0
dieu2,5539,965,3,0
rectora2,5539,966,4,0
ferry2,5539,967,5,0
volney2,5539,968,6,0
brno2,5539,969,7,0
patton2,5539,971,8,0
mtarrep4,5539,972,9,0
stlaure2,5539,973,10,0
mblanc2,5539,974,11,0
valleeb2,5539,976,12,0
ensabb2,5539,977,13,0
housset2,5539,978,14,0
maronn2,5539,980,15,0
harenau2,5539,981,16,0
drlaen2,5539,982,17,0
mabetto2,5539,982,18,0
tregor2,5539,984,19,0
broceli2,5539,985,20,0
omblais2,5539,986,21,0
chdevan,5539,987,22,1
steannaa,4412,1105,1,0
dieu2,4412,1107,2,0
rectora2,4412,1108,3,0
ferry2,4412,1110,4,0
volney2,4412,1112,5,0
brno2,4412,1113,6,0
patton2,4412,1115,7,0
mtarrep4,4412,1116,8,0
stlaure2,4412,1117,9,0
mblanc2,4412,1119,10,0
valleeb2,4412,1121,11,0
ensabb2,4412,1123,12,0
housset2,4412,1124,13,0
maronn2,4412,1126,14,0
harenau2,4412,1127,15,0
drlaen2,4412,1128,16,0
mabetto2,4412,1129,17,0
tregor2,4412,1130,18,0
broceli2,4412,1132,19,0
omblais2,4412,1133,20,0
chdevan,4412,1134,21,1
steannaa,4440,970,1,0
dieu2,4440,971,2,0
rectora2,4440,973,3,0
ferry2,4440,974,4,0
volney2,4440,976,5,0
brno2,4440,977,6,0
patton2,4440,979,7,0
mtarrep4,4440,980,8,0
stlaure2,4440,981,9,0
mblanc2,4440,983,10,0
valleeb2,4440,985,11,0
ensabb2,4440,987,12,0
housset2,4440,988,13,0
maronn2,4440,990,14,0
harenau2,4440,991,15,0
drlaen2,4440,992,16,0
mabetto2,4440,992,17,0
tregor2,4440,994,18,0
broceli2,4440,995,19,0
omblais2,4440,996,20,0
chdevan,4440,997,21,1
chdevan,5578,1020,1,0
omblais1,5578,1021,2,0
broceli1,5578,1021,3,0
tregor1,5578,1023,4,0
mabetto1,5578,1024,5,0
drlaen1,5578,1025,6,0
harenau1,5578,1026,7,0
maronn1,5578,1027,8,0
housset1,5578,1028,9,0
ensabb1,5578,1029,10,0
valleeb1,5578,1030,11,0
mblanc1,5578,1032,12,0
stlaure1,5578,1034,13,0
mtarrep3,5578,1035,14,0
patton1,5578,1037,15,0
brno1,5578,1038,16,0
volney1,5578,1039,17,0
ferry1,5578,1041,18,0
rectora1,5578,1042,19,0
dieu1,5578,1043,20,0
steannaa,5578,1045,21,1
chdevan,5599,515,1,0
omblais1,5599,516,2,0
broceli1,5599,517,3,0
tregor1,5599,519,4,0
mabetto1,5599,520,5,0
drlaen1,5599,521,6,0
harenau1,5599,522,7,0
maronn1,5599,523,8,0
housset1,5599,525,9,0
ensabb1,5599,526,10,0
valleeb1,5599,528,11,0
mblanc1,5599,530,12,0
stlaure1,5599,532,13,0
mtarrep3,5599,534,14,0
patton1,5599,536,15,0
brno1,5599,538,16,0
volney1,5599,539,17,0
ferry1,5599,542,18,0
rectora1,5599,543,19,0
dieu1,5599,546,20,0
steannaa,5599,548,21,1
chdevan,628,860,1,0
omblais1,628,861,2,0
broceli1,628,861,3,0
tregor1,628,863,4,0
mabetto1,628,864,5,0
drlaen1,628,865,6,0
harenau1,628,866,7,0
maronn1,628,867,8,0
housset1,628,869,9,0
ensabb1,628,870,10,0
valleeb1,628,871,11,0
mblanc1,628,873,12,0
stlaure1,628,875,13,0
mtarrep3,628,876,14,0
patton1,628,878,15,0
brno1,628,879,16,0
volney1,628,880,17,0
ferry1,628,882,18,0
rectora1,628,883,19,0
dieu1,628,884,20,0
steannaa,628,886,21,1
chdevan,686,435,1,0
omblais1,686,436,2,0
broceli1,686,436,3,0
tregor1,686,438,4,0
mabetto1,686,439,5,0
drlaen1,686,440,6,0
harenau1,686,441,7,0
maronn1,686,442,8,0
housset1,686,444,9,0
ensabb1,686,445,10,0
valleeb1,686,447,11,0
mblanc1,686,449,12,0
stlaure1,686,451,13,0
mtarrep3,686,453,14,0
patton1,686,455,15,0
brno1,686,457,16,0
volney1,686,458,17,0
ferry1,686,460,18,0
rectora1,686,461,19,0
dieu1,686,462,20,0
steannaa,686,464,21,1
steannaa,682,1015,1,0
dieu2,682,1016,2,0
rectora2,682,1018,3,0
ferry2,682,1019,4,0
volney2,682,1021,5,0
brno2,682,1022,6,0
patton2,682,1025,7,0
mtarrep4,682,1027,8,0
stlaure2,682,1028,9,0
mblanc2,682,1030,10,0
valleeb2,682,1032,11,0
ensabb2,682,1034,12,0
housset2,682,1035,13,0
maronn2,682,1037,14,0
harenau2,682,1038,15,0
drlaen2,682,1039,16,0
mabetto2,682,1040,17,0
tregor2,682,1041,18,0
broceli2,682,1043,19,0
omblais2,682,1044,20,0
chdevan,682,1045,21,1
steannaa,647,1110,1,0
dieu2,647,1111,2,0
rectora2,647,1112,3,0
ferry2,647,1113,4,0
volney2,647,1115,5,0
brno2,647,1116,6,0
patton2,647,1118,7,0
mtarrep4,647,1119,8,0
stlaure2,647,1120,9,0
mblanc2,647,1122,10,0
valleeb2,647,1124,11,0
ensabb2,647,1126,12,0
housset2,647,1127,13,0
maronn2,647,1129,14,0
harenau2,647,1130,15,0
drlaen2,647,1131,16,0
mabetto2,647,1131,17,0
tregor2,647,1133,18,0
broceli2,647,1134,19,0
omblais2,647,1135,20,0
chdevan,647,1136,21,1
chdevan,1075,900,1,0
omblais1,1075,901,2,0
broceli1,1075,901,3,0
tregor1,1075,903,4,0
mabetto1,1075,904,5,0
drlaen1,1075,905,6,0
harenau1,1075,906,7,0
maronn1,1075,907,8,0
housset1,1075,909,9,0
ensabb1,1075,910,10,0
valleeb1,1075,911,11,0
mblanc1,1075,913,12,0
stlaure1,1075,915,13,0
mtarrep3,1075,916,14,0
patton1,1075,918,15,0
brno1,1075,919,16,0
volney1,1075,920,17,0
ferry1,1075,922,18,0
rectora1,1075,923,19,0
dieu1,1075,924,20,0
steannaa,1075,926,21,1
chdevan,4379,560,1,0
omblais1,4379,561,2,0
broceli1,4379,561,3,0
tregor1,4379,563,4,0
mabetto1,4379,564,5,0
drlaen1,4379,565,6,0
harenau1,4379,566,7,0
maronn1,4379,567,8,0
housset1,4379,569,9,0
ensabb1,4379,570,10,0
valleeb1,4379,571,11,0
mblanc1,4379,573,12,0
stlaure1,4379,575,13,0
mtarrep3,4379,576,14,0
patton1,4379,578,15,0
brno1,4379,579,16,0
volney1,4379,580,17,0
ferry1,4379,582,18,0
rectora1,4379,583,19,0
dieu1,4379,584,20,0
steannaa,4379,586,21,1
chdevan,2581,1040,1,0
omblais1,2581,1041,2,0
broceli1,2581,1041,3,0
tregor1,2581,1043,4,0
mabetto1,2581,1044,5,0
drlaen1,2581,1045,6,0
harenau1,2581,1046,7,0
maronn1,2581,1047,8,0
housset1,2581,1048,9,0
ensabb1,2581,1049,10,0
valleeb1,2581,1050,11,0
mblanc1,2581,1052,12,0
stlaure1,2581,1054,13,0
mtarrep3,2581,1055,14,0
patton1,2581,1057,15,0
brno1,2581,1058,16,0
volney1,2581,1059,17,0
ferry1,2581,1061,18,0
rectora1,2581,1062,19,0
dieu1,2581,1063,20,0
steannaa,2581,1065,21,1
steannaa,2579,620,1,0
dieu2,2579,621,2,0
rectora2,2579,622,3,0
ferry2,2579,623,4,0
volney2,2579,625,5,0
brno2,2579,626,6,0
patton2,2579,628,7,0
mtarrep4,2579,629,8,0
stlaure2,2579,630,9,0
mblanc2,2579,632,10,0
valleeb2,2579,634,11,0
ensabb2,2579,636,12,0
housset2,2579,637,13,0
maronn2,2579,639,14,0
harenau2,2579,640,15,0
drlaen2,2579,641,16,0
mabetto2,2579,641,17,0
tregor2,2579,643,18,0
broceli2,2579,644,19,0
omblais2,2579,645,20,0
chdevan,2579,646,21,1
chdevan,2573,666,1,0
omblais1,2573,667,2,0
broceli1,2573,667,3,0
tregor1,2573,669,4,0
mabetto1,2573,670,5,0
drlaen1,2573,671,6,0
harenau1,2573,672,7,0
maronn1,2573,673,8,0
housset1,2573,675,9,0
ensabb1,2573,676,10,0
valleeb1,2573,677,11,0
mblanc1,2573,679,12,0
stlaure1,2573,680,13,0
mtarrep3,2573,681,14,0
patton1,2573,683,15,0
brno1,2573,684,16,0
volney1,2573,685,17,0
ferry1,2573,686,18,0
rectora1,2573,687,19,0
diee2,2573,688,20,0
gambett2,2573,690,21,0
repbottb,2573,693,22,1
steannaa,4327,1190,1,0
dieu2,4327,1191,2,0
rectora2,4327,1192,3,0
ferry2,4327,1193,4,0
volney2,4327,1195,5,0
brno2,4327,1196,6,0
patton2,4327,1197,7,0
mtarrep4,4327,1198,8,0
stlaure2,4327,1199,9,0
mblanc2,4327,1201,10,0
valleeb2,4327,1203,11,0
ensabb2,4327,1205,12,0
housset2,4327,1206,13,0
maronn2,4327,1208,14,0
harenau2,4327,1209,15,0
drlaen2,4327,1210,16,0
mabetto2,4327,1210,17,0
tregor2,4327,1212,18,0
broceli2,4327,1213,19,0
omblais2,4327,1214,20,0
chdevan,4327,1215,21,1
chdevan,1004,545,1,0
omblais1,1004,546,2,0
broceli1,1004,546,3,0
tregor1,1004,548,4,0
mabetto1,1004,549,5,0
drlaen1,1004,550,6,0
harenau1,1004,551,7,0
maronn1,1004,552,8,0
housset1,1004,554,9,0
ensabb1,1004,555,10,0
valleeb1,1004,556,11,0
mblanc1,1004,558,12,0
stlaure1,1004,560,13,0
mtarrep3,1004,561,14,0
patton1,1004,563,15,0
brno1,1004,564,16,0
volney1,1004,565,17,0
ferry1,1004,567,18,0
rectora1,1004,568,19,0
dieu1,1004,569,20,0
steannaa,1004,571,21,1
chdevan,5412,710,1,0
omblais1,5412,711,2,0
broceli1,5412,711,3,0
tregor1,5412,713,4,0
mabetto1,5412,714,5,0
drlaen1,5412,715,6,0
harenau1,5412,716,7,0
maronn1,5412,717,8,0
housset1,5412,718,9,0
ensabb1,5412,719,10,0
valleeb1,5412,720,11,0
mblanc1,5412,722,12,0
stlaure1,5412,724,13,0
mtarrep3,5412,725,14,0
patton1,5412,727,15,0
brno1,5412,728,16,0
volney1,5412,729,17,0
ferry1,5412,731,18,0
rectora1,5412,732,19,0
dieu1,5412,733,20,0
steannaa,5412,735,21,1
chdevan,5492,980,1,0
omblais1,5492,981,2,0
broceli1,5492,981,3,0
tregor1,5492,983,4,0
mabetto1,5492,984,5,0
drlaen1,5492,985,6,0
harenau1,5492,986,7,0
maronn1,5492,987,8,0
housset1,5492,988,9,0
ensabb1,5492,989,10,0
valleeb1,5492,990,11,0
mblanc1,5492,992,12,0
stlaure1,5492,994,13,0
mtarrep3,5492,995,14,0
patton1,5492,997,15,0
brno1,5492,998,16,0
volney1,5492,999,17,0
ferry1,5492,1001,18,0
rectora1,5492,1002,19,0
dieu1,5492,1003,20,0
steannaa,5492,1005,21,1
chdevan,5370,495,1,0
omblais1,5370,496,2,0
broceli1,5370,497,3,0
tregor1,5370,499,4,0
mabetto1,5370,500,5,0
drlaen1,5370,501,6,0
harenau1,5370,502,7,0
maronn1,5370,503,8,0
housset1,5370,505,9,0
ensabb1,5370,506,10,0
valleeb1,5370,508,11,0
mblanc1,5370,510,12,0
stlaure1,5370,512,13,0
mtarrep3,5370,514,14,0
patton1,5370,516,15,0
brno1,5370,518,16,0
volney1,5370,519,17,0
ferry1,5370,521,18,0
brizeux1,5370,523,19,0
dieu1,5370,526,20,0
steannaa,5370,528,21,1
chdevan,5334,800,1,0
omblais1,5334,801,2,0
broceli1,5334,801,3,0
tregor1,5334,803,4,0
mabetto1,5334,804,5,0
drlaen1,5334,805,6,0
harenau1,5334,806,7,0
maronn1,5334,807,8,0
housset1,5334,809,9,0
ensabb1,5334,810,10,0
valleeb1,5334,811,11,0
mblanc1,5334,813,12,0
stlaure1,5334,815,13,0
mtarrep3,5334,816,14,0
patton1,5334,818,15,0
brno1,5334,819,16,0
volney1,5334,820,17,0
ferry1,5334,822,18,0
rectora1,5334,823,19,0
dieu1,5334,824,20,0
steannaa,5334,826,21,1
chdevan,5318,465,1,0
omblais1,5318,466,2,0
broceli1,5318,467,3,0
tregor1,5318,469,4,0
mabetto1,5318,470,5,0
drlaen1,5318,471,6,0
harenau1,5318,472,7,0
maronn1,5318,473,8,0
housset1,5318,475,9,0
ensabb1,5318,476,10,0
valleeb1,5318,478,11,0
mblanc1,5318,480,12,0
stlaure1,5318,482,13,0
mtarrep3,5318,484,14,0
patton1,5318,486,15,0
brno1,5318,488,16,0
volney1,5318,489,17,0
ferry1,5318,491,18,0
rectora1,5318,492,19,0
dieu1,5318,494,20,0
steannaa,5318,496,21,1
chdevan,6069,820,1,0
omblais1,6069,821,2,0
broceli1,6069,821,3,0
tregor1,6069,823,4,0
mabetto1,6069,824,5,0
drlaen1,6069,825,6,0
harenau1,6069,826,7,0
maronn1,6069,827,8,0
housset1,6069,828,9,0
ensabb1,6069,829,10,0
valleeb1,6069,830,11,0
mblanc1,6069,832,12,0
stlaure1,6069,834,13,0
mtarrep3,6069,835,14,0
patton1,6069,837,15,0
brno1,6069,838,16,0
volney1,6069,839,17,0
ferry1,6069,841,18,0
rectora1,6069,842,19,0
dieu1,6069,843,20,0
steannaa,6069,845,21,1
chdevan,6049,800,1,0
omblais1,6049,801,2,0
broceli1,6049,801,3,0
tregor1,6049,803,4,0
mabetto1,6049,804,5,0
drlaen1,6049,805,6,0
harenau1,6049,806,7,0
maronn1,6049,807,8,0
housset1,6049,808,9,0
ensabb1,6049,809,10,0
valleeb1,6049,810,11,0
mblanc1,6049,812,12,0
stlaure1,6049,814,13,0
mtarrep3,6049,815,14,0
patton1,6049,817,15,0
brno1,6049,818,16,0
volney1,6049,819,17,0
ferry1,6049,821,18,0
rectora1,6049,822,19,0
dieu1,6049,823,20,0
steannaa,6049,825,21,1
steannaa,5251,680,1,0
dieu2,5251,681,2,0
rectora2,5251,682,3,0
ferry2,5251,683,4,0
volney2,5251,685,5,0
brno2,5251,686,6,0
patton2,5251,688,7,0
mtarrep4,5251,689,8,0
stlaure2,5251,690,9,0
mblanc2,5251,692,10,0
valleeb2,5251,694,11,0
ensabb2,5251,696,12,0
housset2,5251,697,13,0
maronn2,5251,699,14,0
harenau2,5251,700,15,0
drlaen2,5251,701,16,0
mabetto2,5251,701,17,0
tregor2,5251,703,18,0
broceli2,5251,704,19,0
omblais2,5251,705,20,0
chdevan,5251,706,21,1
chdevan,4026,991,1,0
omblais1,4026,992,2,0
broceli1,4026,992,3,0
tregor1,4026,994,4,0
mabetto1,4026,995,5,0
drlaen1,4026,996,6,0
harenau1,4026,997,7,0
maronn1,4026,998,8,0
housset1,4026,1000,9,0
ensabb1,4026,1001,10,0
valleeb1,4026,1002,11,0
mblanc1,4026,1004,12,0
stlaure1,4026,1005,13,0
mtarrep3,4026,1006,14,0
patton1,4026,1008,15,0
brno1,4026,1009,16,0
volney1,4026,1010,17,0
ferry1,4026,1011,18,0
rectora1,4026,1012,19,0
diee2,4026,1013,20,0
gambett2,4026,1015,21,0
repbottb,4026,1018,22,1
steannaa,4014,1045,1,0
dieu2,4014,1047,2,0
rectora2,4014,1048,3,0
ferry2,4014,1050,4,0
volney2,4014,1052,5,0
brno2,4014,1053,6,0
patton2,4014,1056,7,0
mtarrep4,4014,1058,8,0
stlaure2,4014,1059,9,0
mblanc2,4014,1061,10,0
valleeb2,4014,1063,11,0
ensabb2,4014,1065,12,0
housset2,4014,1066,13,0
maronn2,4014,1068,14,0
harenau2,4014,1069,15,0
drlaen2,4014,1070,16,0
mabetto2,4014,1071,17,0
tregor2,4014,1072,18,0
broceli2,4014,1074,19,0
omblais2,4014,1075,20,0
chdevan,4014,1076,21,1
steannaa,6243,930,1,0
dieu2,6243,931,2,0
rectora2,6243,932,3,0
ferry2,6243,933,4,0
volney2,6243,935,5,0
brno2,6243,936,6,0
patton2,6243,938,7,0
mtarrep4,6243,939,8,0
stlaure2,6243,940,9,0
mblanc2,6243,942,10,0
valleeb2,6243,944,11,0
ensabb2,6243,946,12,0
housset2,6243,947,13,0
maronn2,6243,949,14,0
harenau2,6243,950,15,0
drlaen2,6243,951,16,0
mabetto2,6243,951,17,0
tregor2,6243,953,18,0
broceli2,6243,954,19,0
omblais2,6243,955,20,0
chdevan,6243,956,21,1
chdevan,6231,926,1,0
omblais1,6231,927,2,0
broceli1,6231,927,3,0
tregor1,6231,929,4,0
mabetto1,6231,930,5,0
drlaen1,6231,931,6,0
harenau1,6231,932,7,0
maronn1,6231,933,8,0
housset1,6231,935,9,0
ensabb1,6231,936,10,0
valleeb1,6231,937,11,0
mblanc1,6231,939,12,0
stlaure1,6231,940,13,0
mtarrep3,6231,941,14,0
patton1,6231,943,15,0
brno1,6231,944,16,0
volney1,6231,945,17,0
ferry1,6231,946,18,0
rectora1,6231,947,19,0
diee2,6231,948,20,0
gambett2,6231,950,21,0
repbottb,6231,953,22,1
steannaa,6227,1150,1,0
dieu2,6227,1151,2,0
rectora2,6227,1152,3,0
ferry2,6227,1153,4,0
volney2,6227,1155,5,0
brno2,6227,1156,6,0
patton2,6227,1158,7,0
mtarrep4,6227,1159,8,0
stlaure2,6227,1160,9,0
mblanc2,6227,1162,10,0
valleeb2,6227,1164,11,0
ensabb2,6227,1166,12,0
housset2,6227,1167,13,0
maronn2,6227,1169,14,0
harenau2,6227,1170,15,0
drlaen2,6227,1171,16,0
mabetto2,6227,1171,17,0
tregor2,6227,1173,18,0
broceli2,6227,1174,19,0
omblais2,6227,1175,20,0
chdevan,6227,1176,21,1
steannaa,6224,850,1,0
dieu2,6224,851,2,0
rectora2,6224,852,3,0
ferry2,6224,853,4,0
volney2,6224,855,5,0
brno2,6224,856,6,0
patton2,6224,858,7,0
mtarrep4,6224,859,8,0
stlaure2,6224,860,9,0
mblanc2,6224,862,10,0
valleeb2,6224,864,11,0
ensabb2,6224,866,12,0
housset2,6224,867,13,0
maronn2,6224,869,14,0
harenau2,6224,870,15,0
drlaen2,6224,871,16,0
mabetto2,6224,871,17,0
tregor2,6224,873,18,0
broceli2,6224,874,19,0
omblais2,6224,875,20,0
chdevan,6224,876,21,1
chdevan,5148,710,1,0
omblais1,5148,711,2,0
broceli1,5148,711,3,0
tregor1,5148,713,4,0
mabetto1,5148,714,5,0
drlaen1,5148,715,6,0
harenau1,5148,716,7,0
maronn1,5148,717,8,0
housset1,5148,719,9,0
ensabb1,5148,720,10,0
valleeb1,5148,721,11,0
mblanc1,5148,723,12,0
stlaure1,5148,725,13,0
mtarrep3,5148,726,14,0
patton1,5148,728,15,0
brno1,5148,729,16,0
volney1,5148,730,17,0
ferry1,5148,732,18,0
rectora1,5148,733,19,0
dieu1,5148,734,20,0
steannaa,5148,736,21,1
steannaa,6195,650,1,0
dieu2,6195,651,2,0
rectora2,6195,652,3,0
ferry2,6195,653,4,0
volney2,6195,655,5,0
brno2,6195,656,6,0
patton2,6195,658,7,0
mtarrep4,6195,659,8,0
stlaure2,6195,660,9,0
mblanc2,6195,662,10,0
valleeb2,6195,664,11,0
ensabb2,6195,666,12,0
housset2,6195,667,13,0
maronn2,6195,669,14,0
harenau2,6195,670,15,0
drlaen2,6195,671,16,0
mabetto2,6195,671,17,0
tregor2,6195,673,18,0
broceli2,6195,674,19,0
omblais2,6195,675,20,0
chdevan,6195,676,21,1
steannaa,6185,1170,1,0
dieu2,6185,1171,2,0
rectora2,6185,1172,3,0
ferry2,6185,1173,4,0
volney2,6185,1175,5,0
brno2,6185,1176,6,0
patton2,6185,1177,7,0
mtarrep4,6185,1178,8,0
stlaure2,6185,1179,9,0
mblanc2,6185,1181,10,0
valleeb2,6185,1183,11,0
ensabb2,6185,1185,12,0
housset2,6185,1186,13,0
maronn2,6185,1188,14,0
harenau2,6185,1189,15,0
drlaen2,6185,1190,16,0
mabetto2,6185,1190,17,0
tregor2,6185,1192,18,0
broceli2,6185,1193,19,0
omblais2,6185,1194,20,0
chdevan,6185,1195,21,1
chdevan,5057,650,1,0
omblais1,5057,651,2,0
broceli1,5057,651,3,0
tregor1,5057,653,4,0
mabetto1,5057,654,5,0
drlaen1,5057,655,6,0
harenau1,5057,656,7,0
maronn1,5057,657,8,0
housset1,5057,659,9,0
ensabb1,5057,660,10,0
valleeb1,5057,661,11,0
mblanc1,5057,663,12,0
stlaure1,5057,665,13,0
mtarrep3,5057,666,14,0
patton1,5057,668,15,0
brno1,5057,669,16,0
volney1,5057,670,17,0
ferry1,5057,672,18,0
rectora1,5057,673,19,0
dieu1,5057,674,20,0
steannaa,5057,676,21,1
repbottb,6444,1025,1,0
steanne2,6444,1029,2,0
dieu2,6444,1030,3,0
rectora2,6444,1031,4,0
ferry2,6444,1032,5,0
volney2,6444,1033,6,0
brno2,6444,1034,7,0
patton2,6444,1036,8,0
mtarrep4,6444,1037,9,0
stlaure2,6444,1038,10,0
mblanc2,6444,1039,11,0
valleeb2,6444,1041,12,0
ensabb2,6444,1042,13,0
housset2,6444,1043,14,0
maronn2,6444,1045,15,0
harenau2,6444,1046,16,0
drlaen2,6444,1047,17,0
mabetto2,6444,1047,18,0
tregor2,6444,1049,19,0
broceli2,6444,1050,20,0
omblais2,6444,1051,21,0
chdevan,6444,1052,22,1
chdevan,6443,375,1,0
omblais1,6443,376,2,0
broceli1,6443,376,3,0
tregor1,6443,378,4,0
mabetto1,6443,379,5,0
drlaen1,6443,380,6,0
harenau1,6443,381,7,0
maronn1,6443,382,8,0
housset1,6443,383,9,0
ensabb1,6443,384,10,0
valleeb1,6443,385,11,0
mblanc1,6443,387,12,0
stlaure1,6443,389,13,0
mtarrep3,6443,390,14,0
patton1,6443,391,15,0
brno1,6443,393,16,0
volney1,6443,393,17,0
ferry1,6443,395,18,0
rectora1,6443,395,19,0
dieu1,6443,397,20,0
steannaa,6443,398,21,1
repbottc,6377,1380,1,0
steanne2,6377,1383,2,0
dieu2,6377,1384,3,0
rectora2,6377,1385,4,0
ferry2,6377,1386,5,0
volney2,6377,1388,6,0
brno2,6377,1389,7,0
patton2,6377,1390,8,0
mtarrep4,6377,1391,9,0
stlaure2,6377,1392,10,0
mblanc2,6377,1394,11,0
valleeb2,6377,1396,12,0
ensabb2,6377,1398,13,0
housset2,6377,1399,14,0
maronn2,6377,1401,15,0
harenau2,6377,1402,16,0
drlaen2,6377,1403,17,0
mabetto2,6377,1403,18,0
tregor2,6377,1404,19,0
broceli2,6377,1405,20,0
omblais2,6377,1406,21,0
chdevan,6377,1407,22,0
drlaene,6377,1410,23,0
mozart2,6377,1410,24,0
forgebe2,6377,1411,25,0
gentilh2,6377,1412,26,0
chopi2,6377,1414,27,0
chevahs2,6377,1416,28,0
macheva2,6377,1417,29,0
fonderi2,6377,1417,30,0
pommier2,6377,1418,31,0
troncha2,6377,1423,32,0
tespsps2,6377,1424,33,0
bgstsul2,6377,1424,34,0
chesnai2,6377,1425,35,0
cropy,6377,1426,36,1
chdevan,6392,1080,1,0
omblais1,6392,1081,2,0
broceli1,6392,1081,3,0
tregor1,6392,1083,4,0
mabetto1,6392,1084,5,0
drlaen1,6392,1085,6,0
harenau1,6392,1086,7,0
maronn1,6392,1087,8,0
housset1,6392,1088,9,0
ensabb1,6392,1089,10,0
valleeb1,6392,1090,11,0
mblanc1,6392,1092,12,0
stlaure1,6392,1094,13,0
mtarrep3,6392,1095,14,0
patton1,6392,1097,15,0
brno1,6392,1098,16,0
volney1,6392,1099,17,0
ferry1,6392,1101,18,0
rectora1,6392,1102,19,0
dieu1,6392,1103,20,0
steannaa,6392,1105,21,1
repbottc,6608,1380,1,0
steanne2,6608,1383,2,0
dieu2,6608,1384,3,0
rectora2,6608,1385,4,0
ferry2,6608,1386,5,0
volney2,6608,1388,6,0
brno2,6608,1389,7,0
patton2,6608,1390,8,0
mtarrep4,6608,1391,9,0
stlaure2,6608,1392,10,0
mblanc2,6608,1394,11,0
valleeb2,6608,1396,12,0
ensabb2,6608,1398,13,0
housset2,6608,1399,14,0
maronn2,6608,1401,15,0
harenau2,6608,1402,16,0
drlaen2,6608,1403,17,0
mabetto2,6608,1403,18,0
tregor2,6608,1404,19,0
broceli2,6608,1405,20,0
omblais2,6608,1406,21,0
chdevan,6608,1407,22,0
drlaene,6608,1410,23,0
mozart2,6608,1410,24,0
forgebe2,6608,1411,25,0
gentilh2,6608,1412,26,0
chopi2,6608,1414,27,0
chevahs2,6608,1416,28,0
macheva2,6608,1417,29,0
fonderi2,6608,1417,30,0
pommier2,6608,1418,31,0
troncha2,6608,1422,32,0
tespsps2,6608,1423,33,0
bgstsul2,6608,1423,34,0
chesnai2,6608,1424,35,0
cropy,6608,1425,36,1
steannaa,6666,890,1,0
dieu2,6666,891,2,0
rectora2,6666,892,3,0
ferry2,6666,893,4,0
volney2,6666,895,5,0
brno2,6666,896,6,0
patton2,6666,898,7,0
mtarrep4,6666,899,8,0
stlaure2,6666,900,9,0
mblanc2,6666,902,10,0
valleeb2,6666,904,11,0
ensabb2,6666,906,12,0
housset2,6666,907,13,0
maronn2,6666,909,14,0
harenau2,6666,910,15,0
drlaen2,6666,911,16,0
mabetto2,6666,911,17,0
tregor2,6666,913,18,0
broceli2,6666,914,19,0
omblais2,6666,915,20,0
chdevan,6666,916,21,1
repbottb,1983,895,1,0
steanne2,1983,899,2,0
dieu2,1983,900,3,0
rectora2,1983,901,4,0
ferry2,1983,902,5,0
volney2,1983,903,6,0
brno2,1983,904,7,0
patton2,1983,906,8,0
mtarrep4,1983,907,9,0
stlaure2,1983,908,10,0
mblanc2,1983,909,11,0
valleeb2,1983,911,12,0
ensabb2,1983,912,13,0
housset2,1983,913,14,0
maronn2,1983,915,15,0
harenau2,1983,916,16,0
drlaen2,1983,917,17,0
mabetto2,1983,917,18,0
tregor2,1983,919,19,0
broceli2,1983,920,20,0
omblais2,1983,921,21,0
chdevan,1983,922,22,1
steannaa,1906,1120,1,0
dieu2,1906,1121,2,0
rectora2,1906,1123,3,0
ferry2,1906,1124,4,0
volney2,1906,1126,5,0
brno2,1906,1127,6,0
patton2,1906,1129,7,0
mtarrep4,1906,1130,8,0
stlaure2,1906,1131,9,0
mblanc2,1906,1133,10,0
valleeb2,1906,1135,11,0
ensabb2,1906,1137,12,0
housset2,1906,1138,13,0
maronn2,1906,1140,14,0
harenau2,1906,1141,15,0
drlaen2,1906,1142,16,0
mabetto2,1906,1142,17,0
tregor2,1906,1144,18,0
broceli2,1906,1145,19,0
omblais2,1906,1146,20,0
chdevan,1906,1147,21,1
steannaa,1928,485,1,0
dieu2,1928,486,2,0
rectora2,1928,487,3,0
ferry2,1928,488,4,0
volney2,1928,490,5,0
brno2,1928,491,6,0
patton2,1928,493,7,0
mtarrep4,1928,494,8,0
stlaure2,1928,495,9,0
mblanc2,1928,497,10,0
valleeb2,1928,499,11,0
ensabb2,1928,501,12,0
housset2,1928,502,13,0
maronn2,1928,504,14,0
harenau2,1928,505,15,0
drlaen2,1928,506,16,0
mabetto2,1928,506,17,0
tregor2,1928,508,18,0
broceli2,1928,509,19,0
omblais2,1928,510,20,0
chdevan,1928,511,21,1
chdevan,6521,1121,1,0
omblais1,6521,1122,2,0
broceli1,6521,1122,3,0
tregor1,6521,1124,4,0
mabetto1,6521,1125,5,0
drlaen1,6521,1126,6,0
harenau1,6521,1127,7,0
maronn1,6521,1128,8,0
housset1,6521,1130,9,0
ensabb1,6521,1131,10,0
valleeb1,6521,1132,11,0
mblanc1,6521,1134,12,0
stlaure1,6521,1135,13,0
mtarrep3,6521,1136,14,0
patton1,6521,1138,15,0
brno1,6521,1139,16,0
volney1,6521,1140,17,0
ferry1,6521,1141,18,0
rectora1,6521,1142,19,0
diee2,6521,1143,20,0
gambett2,6521,1145,21,0
repbottb,6521,1148,22,1
steannaa,6538,560,1,0
dieu2,6538,561,2,0
rectora2,6538,562,3,0
ferry2,6538,563,4,0
volney2,6538,565,5,0
brno2,6538,566,6,0
patton2,6538,568,7,0
mtarrep4,6538,569,8,0
stlaure2,6538,570,9,0
mblanc2,6538,572,10,0
valleeb2,6538,574,11,0
ensabb2,6538,576,12,0
housset2,6538,577,13,0
maronn2,6538,579,14,0
harenau2,6538,580,15,0
drlaen2,6538,581,16,0
mabetto2,6538,581,17,0
tregor2,6538,583,18,0
broceli2,6538,584,19,0
omblais2,6538,585,20,0
chdevan,6538,586,21,1
chdevan,6526,650,1,0
omblais1,6526,651,2,0
broceli1,6526,651,3,0
tregor1,6526,653,4,0
mabetto1,6526,654,5,0
drlaen1,6526,655,6,0
harenau1,6526,656,7,0
maronn1,6526,657,8,0
housset1,6526,658,9,0
ensabb1,6526,659,10,0
valleeb1,6526,660,11,0
mblanc1,6526,662,12,0
stlaure1,6526,664,13,0
mtarrep3,6526,665,14,0
patton1,6526,667,15,0
brno1,6526,668,16,0
volney1,6526,669,17,0
ferry1,6526,671,18,0
rectora1,6526,672,19,0
dieu1,6526,673,20,0
steannaa,6526,675,21,1
