arret_id,trajet_id,heure_depart,stop_sequence,terminus
3901,2,1215,1,0
3902,2,1216,2,0
3903,2,1217,3,0
3913,2,1218,4,0
3905,2,1219,5,0
3906,2,1220,6,0
3907,2,1220,7,0
3908,2,1221,8,0
2928,2,1223,9,0
2911,2,1224,10,0
2912,2,1225,11,0
2913,2,1226,12,0
2914,2,1227,13,0
2915,2,1229,14,0
2916,2,1229,15,0
2917,2,1230,16,0
2905,2,1231,17,0
2906,2,1233,18,0
2701,2,1235,19,0
2702,2,1236,20,0
1270,2,1239,21,0
1456,2,1241,22,0
1457,2,1243,23,0
1510,2,1246,24,1
3901,3275,1080,1,0
3902,3275,1081,2,0
3903,3275,1082,3,0
3913,3275,1083,4,0
3905,3275,1084,5,0
3906,3275,1085,6,0
3907,3275,1085,7,0
3908,3275,1086,8,0
2928,3275,1088,9,0
2911,3275,1089,10,0
2912,3275,1090,11,0
2913,3275,1091,12,0
2914,3275,1092,13,0
2915,3275,1094,14,0
2916,3275,1095,15,0
2917,3275,1096,16,0
2905,3275,1097,17,0
2906,3275,1099,18,0
2701,3275,1101,19,0
2702,3275,1103,20,0
1270,3275,1106,21,0
1456,3275,1108,22,0
1457,3275,1110,23,0
1510,3275,1113,24,1
1510,3208,945,1,0
1449,3208,947,2,0
1450,3208,949,3,0
1267,3208,950,4,0
2262,3208,953,5,0
2704,3208,954,6,0
2907,3208,957,7,0
2918,3208,958,8,0
2919,3208,959,9,0
2920,3208,960,10,0
2921,3208,961,11,0
2922,3208,963,12,0
2923,3208,964,13,0
2924,3208,965,14,0
2927,3208,966,15,0
2930,3208,967,16,0
3909,3208,969,17,0
3910,3208,970,18,0
3911,3208,971,19,0
3912,3208,972,20,0
3904,3208,972,21,0
3914,3208,973,22,0
3915,3208,974,23,0
3901,3208,975,24,1
1510,3218,980,1,0
1449,3218,982,2,0
1450,3218,984,3,0
1267,3218,985,4,0
2262,3218,988,5,0
2704,3218,989,6,0
2907,3218,992,7,0
2918,3218,993,8,0
2919,3218,995,9,0
2920,3218,996,10,0
2921,3218,997,11,0
2922,3218,999,12,0
2923,3218,1000,13,0
2924,3218,1001,14,0
2927,3218,1002,15,0
2930,3218,1003,16,0
3909,3218,1006,17,0
3910,3218,1007,18,0
3911,3218,1007,19,0
3912,3218,1009,20,0
3904,3218,1009,21,0
3914,3218,1010,22,0
3915,3218,1011,23,0
3901,3218,1012,24,1
1510,3215,1220,1,0
1449,3215,1222,2,0
1450,3215,1224,3,0
1267,3215,1225,4,0
2262,3215,1228,5,0
2704,3215,1229,6,0
2907,3215,1232,7,0
2918,3215,1233,8,0
2919,3215,1234,9,0
2920,3215,1235,10,0
2921,3215,1236,11,0
2922,3215,1237,12,0
2923,3215,1238,13,0
2924,3215,1239,14,0
2927,3215,1240,15,0
2930,3215,1241,16,0
3909,3215,1243,17,0
3910,3215,1244,18,0
3911,3215,1245,19,0
3912,3215,1246,20,0
3904,3215,1246,21,0
3914,3215,1247,22,0
3915,3215,1248,23,0
3901,3215,1249,24,1
1510,2193,490,1,0
1449,2193,492,2,0
1450,2193,494,3,0
1267,2193,495,4,0
2262,2193,498,5,0
2704,2193,499,6,0
2907,2193,502,7,0
2918,2193,503,8,0
2919,2193,504,9,0
2920,2193,505,10,0
2921,2193,506,11,0
2922,2193,507,12,0
2923,2193,508,13,0
2924,2193,509,14,0
2927,2193,510,15,0
2930,2193,511,16,0
3909,2193,513,17,0
3910,2193,514,18,0
3911,2193,515,19,0
3912,2193,516,20,0
3904,2193,516,21,0
3914,2193,517,22,0
3915,2193,518,23,0
3901,2193,519,24,1
1242,3385,1475,1,0
1510,3385,1482,2,0
1449,3385,1485,3,0
1450,3385,1486,4,0
1267,3385,1488,5,0
2262,3385,1491,6,0
2704,3385,1492,7,0
2907,3385,1495,8,0
2918,3385,1496,9,0
2919,3385,1497,10,0
2920,3385,1498,11,0
2921,3385,1499,12,0
2922,3385,1500,13,0
2923,3385,1501,14,0
2924,3385,1502,15,0
2927,3385,1503,16,0
2930,3385,1504,17,0
3909,3385,1506,18,0
3910,3385,1507,19,0
3911,3385,1508,20,0
3912,3385,1509,21,0
3904,3385,1509,22,0
3914,3385,1510,23,0
3915,3385,1511,24,0
3901,3385,1512,25,1
3901,3382,1000,1,0
3902,3382,1001,2,0
3903,3382,1002,3,0
3913,3382,1003,4,0
3905,3382,1004,5,0
3906,3382,1005,6,0
3907,3382,1005,7,0
3908,3382,1006,8,0
2928,3382,1009,9,0
2911,3382,1010,10,0
2912,3382,1011,11,0
2913,3382,1012,12,0
2914,3382,1013,13,0
2915,3382,1015,14,0
2916,3382,1016,15,0
2917,3382,1017,16,0
2905,3382,1018,17,0
2906,3382,1020,18,0
2701,3382,1022,19,0
2702,3382,1024,20,0
1270,3382,1027,21,0
1456,3382,1029,22,0
1457,3382,1030,23,0
1510,3382,1033,24,1
1510,3388,880,1,0
1449,3388,882,2,0
1450,3388,884,3,0
1267,3388,885,4,0
2262,3388,888,5,0
2704,3388,889,6,0
2907,3388,891,7,0
2918,3388,893,8,0
2919,3388,894,9,0
2920,3388,895,10,0
2921,3388,896,11,0
2922,3388,897,12,0
2923,3388,898,13,0
2924,3388,899,14,0
2927,3388,900,15,0
2930,3388,901,16,0
3909,3388,903,17,0
3910,3388,904,18,0
3911,3388,904,19,0
3912,3388,905,20,0
3904,3388,905,21,0
3914,3388,906,22,0
3915,3388,907,23,0
3901,3388,909,24,1
1510,3337,1085,1,0
1449,3337,1088,2,0
1450,3337,1089,3,0
1267,3337,1091,4,0
2262,3337,1094,5,0
2704,3337,1096,6,0
2907,3337,1099,7,0
2918,3337,1100,8,0
2919,3337,1102,9,0
2920,3337,1103,10,0
2921,3337,1104,11,0
2922,3337,1106,12,0
2923,3337,1107,13,0
2924,3337,1109,14,0
2927,3337,1110,15,0
2930,3337,1111,16,0
3909,3337,1113,17,0
3910,3337,1114,18,0
3911,3337,1115,19,0
3912,3337,1116,20,0
3904,3337,1116,21,0
3914,3337,1117,22,0
3915,3337,1118,23,0
3901,3337,1119,24,1
1510,2287,630,1,0
1449,2287,632,2,0
1450,2287,634,3,0
1267,2287,635,4,0
2262,2287,638,5,0
2704,2287,639,6,0
2907,2287,642,7,0
2918,2287,643,8,0
2919,2287,644,9,0
2920,2287,645,10,0
2921,2287,646,11,0
2922,2287,648,12,0
2923,2287,649,13,0
2924,2287,650,14,0
2927,2287,651,15,0
2930,2287,652,16,0
3909,2287,654,17,0
3910,2287,655,18,0
3911,2287,656,19,0
3912,2287,657,20,0
3904,2287,657,21,0
3914,2287,658,22,0
3915,2287,659,23,0
3901,2287,660,24,1
3901,3437,1048,1,0
3902,3437,1049,2,0
3903,3437,1050,3,0
3913,3437,1051,4,0
3905,3437,1052,5,0
3906,3437,1053,6,0
3907,3437,1053,7,0
3908,3437,1054,8,0
2928,3437,1057,9,0
2911,3437,1058,10,0
2912,3437,1059,11,0
2913,3437,1060,12,0
2914,3437,1061,13,0
2915,3437,1063,14,0
2916,3437,1064,15,0
2917,3437,1065,16,0
2905,3437,1066,17,0
2906,3437,1068,18,0
2701,3437,1070,19,0
2702,3437,1072,20,0
1270,3437,1075,21,0
1456,3437,1077,22,0
1457,3437,1078,23,0
1510,3437,1081,24,1
3901,3462,1123,1,0
3902,3462,1124,2,0
3903,3462,1125,3,0
3913,3462,1126,4,0
3905,3462,1127,5,0
3906,3462,1128,6,0
3907,3462,1128,7,0
3908,3462,1129,8,0
2928,3462,1131,9,0
2911,3462,1132,10,0
2912,3462,1133,11,0
2913,3462,1134,12,0
2914,3462,1135,13,0
2915,3462,1137,14,0
2916,3462,1137,15,0
2917,3462,1138,16,0
2905,3462,1139,17,0
2906,3462,1141,18,0
2701,3462,1143,19,0
2702,3462,1144,20,0
1270,3462,1147,21,0
1456,3462,1149,22,0
1457,3462,1150,23,0
1510,3462,1153,24,1
1242,3468,1475,1,0
1510,3468,1482,2,0
1449,3468,1484,3,0
1450,3468,1486,4,0
1267,3468,1487,5,0
2262,3468,1490,6,0
2704,3468,1491,7,0
2907,3468,1494,8,0
2918,3468,1495,9,0
2919,3468,1496,10,0
2920,3468,1497,11,0
2921,3468,1498,12,0
2922,3468,1500,13,0
2923,3468,1501,14,0
2924,3468,1502,15,0
2927,3468,1503,16,0
2930,3468,1504,17,0
3909,3468,1506,18,0
3910,3468,1507,19,0
3911,3468,1508,20,0
3912,3468,1509,21,0
3904,3468,1509,22,0
3914,3468,1510,23,0
3915,3468,1511,24,0
3901,3468,1512,25,1
3901,3519,955,1,0
3902,3519,956,2,0
3903,3519,957,3,0
3913,3519,958,4,0
3905,3519,959,5,0
3906,3519,960,6,0
3907,3519,960,7,0
3908,3519,961,8,0
2928,3519,963,9,0
2911,3519,964,10,0
2912,3519,965,11,0
2913,3519,966,12,0
2914,3519,967,13,0
2915,3519,969,14,0
2916,3519,970,15,0
2917,3519,971,16,0
2905,3519,972,17,0
2906,3519,974,18,0
2749,3519,976,19,0
2701,3519,977,20,0
2702,3519,979,21,0
1270,3519,984,22,0
1456,3519,986,23,0
1457,3519,988,24,0
1510,3519,991,25,1
3901,3582,1055,1,0
3902,3582,1056,2,0
3903,3582,1057,3,0
3913,3582,1058,4,0
3905,3582,1059,5,0
3906,3582,1060,6,0
3907,3582,1060,7,0
3908,3582,1061,8,0
2928,3582,1063,9,0
2911,3582,1064,10,0
2912,3582,1065,11,0
2913,3582,1066,12,0
2914,3582,1067,13,0
2915,3582,1069,14,0
2916,3582,1070,15,0
2917,3582,1071,16,0
2905,3582,1072,17,0
2906,3582,1074,18,0
2701,3582,1076,19,0
2702,3582,1078,20,0
1270,3582,1081,21,0
1456,3582,1083,22,0
1457,3582,1085,23,0
1510,3582,1088,24,1
3901,2044,425,1,0
3902,2044,426,2,0
3903,2044,427,3,0
3913,2044,428,4,0
3905,2044,429,5,0
3906,2044,430,6,0
3907,2044,430,7,0
3908,2044,431,8,0
2928,2044,434,9,0
2911,2044,435,10,0
2912,2044,436,11,0
2913,2044,437,12,0
2914,2044,438,13,0
2915,2044,440,14,0
2916,2044,440,15,0
2917,2044,441,16,0
2905,2044,442,17,0
2906,2044,444,18,0
2701,2044,446,19,0
2702,2044,448,20,0
1270,2044,451,21,0
1456,2044,453,22,0
1457,2044,454,23,0
1510,2044,457,24,1
1510,2037,1170,1,0
1449,2037,1173,2,0
1450,2037,1174,3,0
1267,2037,1176,4,0
2262,2037,1179,5,0
2704,2037,1180,6,0
2907,2037,1183,7,0
2918,2037,1184,8,0
2919,2037,1185,9,0
2920,2037,1186,10,0
2921,2037,1187,11,0
2922,2037,1188,12,0
2923,2037,1189,13,0
2924,2037,1190,14,0
2927,2037,1191,15,0
2930,2037,1192,16,0
3909,2037,1194,17,0
3910,2037,1195,18,0
3911,2037,1196,19,0
3912,2037,1197,20,0
3904,2037,1197,21,0
3914,2037,1198,22,0
3915,2037,1199,23,0
3901,2037,1200,24,1
1510,3613,810,1,0
1449,3613,812,2,0
1450,3613,814,3,0
1267,3613,815,4,0
2262,3613,818,5,0
2704,3613,819,6,0
2907,3613,821,7,0
2918,3613,823,8,0
2919,3613,824,9,0
2920,3613,825,10,0
2921,3613,826,11,0
2922,3613,827,12,0
2923,3613,828,13,0
2924,3613,829,14,0
2927,3613,830,15,0
2930,3613,831,16,0
3909,3613,833,17,0
3910,3613,834,18,0
3911,3613,834,19,0
3912,3613,835,20,0
3904,3613,835,21,0
3914,3613,836,22,0
3915,3613,837,23,0
3901,3613,839,24,1
2942,3608,965,1,0
2922,3608,967,2,0
2923,3608,968,3,0
2924,3608,970,4,0
2927,3608,971,5,0
2930,3608,972,6,0
3909,3608,974,7,0
3910,3608,975,8,0
3911,3608,976,9,0
3912,3608,977,10,0
3904,3608,977,11,0
3914,3608,978,12,0
3915,3608,979,13,0
3901,3608,980,14,1
3901,3680,905,1,0
3902,3680,906,2,0
3903,3680,907,3,0
3913,3680,908,4,0
3905,3680,909,5,0
3906,3680,910,6,0
3907,3680,910,7,0
3908,3680,911,8,0
2928,3680,913,9,0
2911,3680,914,10,0
2912,3680,915,11,0
2913,3680,916,12,0
2914,3680,917,13,0
2915,3680,919,14,0
2916,3680,920,15,0
2917,3680,921,16,0
2905,3680,922,17,0
2906,3680,924,18,0
2701,3680,926,19,0
2702,3680,927,20,0
1270,3680,930,21,0
1456,3680,932,22,0
1457,3680,933,23,0
1510,3680,936,24,1
1510,3689,550,1,0
1449,3689,552,2,0
1450,3689,554,3,0
1267,3689,555,4,0
2262,3689,558,5,0
2704,3689,559,6,0
2907,3689,562,7,0
2918,3689,563,8,0
2919,3689,564,9,0
2920,3689,565,10,0
2921,3689,566,11,0
2922,3689,568,12,0
2923,3689,569,13,0
2924,3689,570,14,0
2927,3689,571,15,0
2930,3689,572,16,0
3909,3689,574,17,0
3910,3689,575,18,0
3911,3689,576,19,0
3912,3689,577,20,0
3904,3689,577,21,0
3914,3689,578,22,0
3915,3689,579,23,0
3901,3689,580,24,1
1510,3706,525,1,0
1449,3706,527,2,0
1450,3706,529,3,0
1267,3706,530,4,0
2262,3706,533,5,0
2704,3706,534,6,0
2907,3706,537,7,0
2918,3706,538,8,0
2919,3706,539,9,0
2920,3706,540,10,0
2921,3706,541,11,0
2922,3706,542,12,0
2923,3706,543,13,0
2924,3706,544,14,0
2927,3706,545,15,0
2930,3706,546,16,0
3909,3706,548,17,0
3910,3706,549,18,0
3911,3706,550,19,0
3912,3706,551,20,0
3904,3706,551,21,0
3914,3706,552,22,0
3915,3706,553,23,0
3901,3706,554,24,1
1242,3783,1380,1,0
1510,3783,1387,2,0
1449,3783,1390,3,0
1450,3783,1391,4,0
1267,3783,1393,5,0
2262,3783,1396,6,0
2704,3783,1397,7,0
2907,3783,1400,8,0
2918,3783,1401,9,0
2919,3783,1402,10,0
2920,3783,1403,11,0
2921,3783,1404,12,0
2922,3783,1405,13,0
2923,3783,1406,14,0
2924,3783,1407,15,0
2927,3783,1408,16,0
2930,3783,1409,17,0
3909,3783,1411,18,0
3910,3783,1412,19,0
3911,3783,1413,20,0
3912,3783,1414,21,0
3904,3783,1414,22,0
3914,3783,1415,23,0
3915,3783,1416,24,0
3901,3783,1417,25,1
3901,3759,1140,1,0
3902,3759,1141,2,0
3903,3759,1142,3,0
3913,3759,1143,4,0
3905,3759,1144,5,0
3906,3759,1145,6,0
3907,3759,1145,7,0
3908,3759,1146,8,0
2928,3759,1148,9,0
2911,3759,1149,10,0
2912,3759,1150,11,0
2913,3759,1151,12,0
2914,3759,1152,13,0
2915,3759,1154,14,0
2916,3759,1154,15,0
2917,3759,1155,16,0
2905,3759,1156,17,0
2906,3759,1158,18,0
2701,3759,1160,19,0
2702,3759,1161,20,0
1270,3759,1164,21,0
1456,3759,1166,22,0
1457,3759,1167,23,0
1510,3759,1170,24,1
1510,3861,995,1,0
1449,3861,997,2,0
1450,3861,999,3,0
1267,3861,1000,4,0
2262,3861,1003,5,0
2704,3861,1004,6,0
2907,3861,1007,7,0
2918,3861,1008,8,0
2919,3861,1009,9,0
2920,3861,1010,10,0
2921,3861,1011,11,0
2922,3861,1013,12,0
2923,3861,1014,13,0
2924,3861,1015,14,0
2927,3861,1016,15,0
2930,3861,1017,16,0
3909,3861,1019,17,0
3910,3861,1020,18,0
3911,3861,1021,19,0
3912,3861,1022,20,0
3904,3861,1022,21,0
3914,3861,1023,22,0
3915,3861,1024,23,0
3901,3861,1025,24,1
3901,3820,1078,1,0
3902,3820,1079,2,0
3903,3820,1080,3,0
3913,3820,1081,4,0
3905,3820,1082,5,0
3906,3820,1083,6,0
3907,3820,1083,7,0
3908,3820,1084,8,0
2928,3820,1087,9,0
2911,3820,1088,10,0
2912,3820,1089,11,0
2913,3820,1090,12,0
2914,3820,1091,13,0
2915,3820,1093,14,0
2916,3820,1094,15,0
2917,3820,1095,16,0
2905,3820,1096,17,0
2906,3820,1098,18,0
2701,3820,1100,19,0
2702,3820,1102,20,0
1270,3820,1105,21,0
1456,3820,1107,22,0
1457,3820,1108,23,0
1510,3820,1111,24,1
1510,3801,795,1,0
1449,3801,797,2,0
1450,3801,799,3,0
1267,3801,800,4,0
2262,3801,803,5,0
2704,3801,805,6,0
2907,3801,808,7,0
2918,3801,809,8,0
2919,3801,810,9,0
2920,3801,811,10,0
2921,3801,812,11,0
2922,3801,814,12,0
2923,3801,815,13,0
2924,3801,816,14,0
2927,3801,817,15,0
2930,3801,818,16,0
3909,3801,820,17,0
3910,3801,821,18,0
3911,3801,822,19,0
3912,3801,823,20,0
3904,3801,823,21,0
3914,3801,824,22,0
3915,3801,825,23,0
3901,3801,826,24,1
1510,3006,1150,1,0
1449,3006,1152,2,0
1450,3006,1154,3,0
1267,3006,1155,4,0
2262,3006,1158,5,0
2704,3006,1159,6,0
2907,3006,1162,7,0
2918,3006,1163,8,0
2919,3006,1164,9,0
2920,3006,1165,10,0
2921,3006,1166,11,0
2922,3006,1167,12,0
2923,3006,1168,13,0
2924,3006,1169,14,0
2927,3006,1170,15,0
2930,3006,1171,16,0
3909,3006,1173,17,0
3910,3006,1174,18,0
3911,3006,1175,19,0
3912,3006,1176,20,0
3904,3006,1176,21,0
3914,3006,1177,22,0
3915,3006,1178,23,0
3901,3006,1179,24,1
3901,3028,1185,1,0
3902,3028,1186,2,0
3903,3028,1187,3,0
3913,3028,1188,4,0
3905,3028,1189,5,0
3906,3028,1190,6,0
3907,3028,1190,7,0
3908,3028,1191,8,0
2928,3028,1193,9,0
2911,3028,1194,10,0
2912,3028,1195,11,0
2913,3028,1196,12,0
2914,3028,1197,13,0
2915,3028,1199,14,0
2916,3028,1199,15,0
2917,3028,1200,16,0
2905,3028,1201,17,0
2906,3028,1203,18,0
2701,3028,1205,19,0
2702,3028,1206,20,0
1270,3028,1209,21,0
1456,3028,1211,22,0
1457,3028,1213,23,0
1510,3028,1216,24,1
3901,3054,1225,1,0
3902,3054,1226,2,0
3903,3054,1227,3,0
3913,3054,1228,4,0
3905,3054,1229,5,0
3906,3054,1230,6,0
3907,3054,1230,7,0
3908,3054,1231,8,0
2928,3054,1233,9,0
2911,3054,1234,10,0
2912,3054,1235,11,0
2913,3054,1236,12,0
2914,3054,1237,13,0
2915,3054,1239,14,0
2916,3054,1239,15,0
2917,3054,1240,16,0
2905,3054,1241,17,0
2906,3054,1243,18,0
2749,3054,1246,19,0
2701,3054,1247,20,0
2702,3054,1249,21,0
1270,3054,1252,22,0
1456,3054,1254,23,0
1457,3054,1256,24,0
1510,3054,1259,25,1
1456,3954,740,1,0
1457,3954,741,2,0
1510,3954,743,3,1
1510,3950,1040,1,0
1449,3950,1043,2,0
1450,3950,1044,3,0
1267,3950,1046,4,0
2262,3950,1049,5,0
2704,3950,1051,6,0
2907,3950,1054,7,0
2918,3950,1055,8,0
2919,3950,1057,9,0
2920,3950,1058,10,0
2921,3950,1059,11,0
2922,3950,1061,12,0
2923,3950,1062,13,0
2924,3950,1064,14,0
2927,3950,1065,15,0
2930,3950,1066,16,0
3909,3950,1069,17,0
3910,3950,1070,18,0
3911,3950,1070,19,0
3912,3950,1072,20,0
3904,3950,1072,21,0
3914,3950,1073,22,0
3915,3950,1074,23,0
3901,3950,1075,24,1
1510,3982,1045,1,0
1449,3982,1047,2,0
1450,3982,1049,3,0
1267,3982,1050,4,0
2262,3982,1053,5,0
2704,3982,1054,6,0
2907,3982,1057,7,0
2918,3982,1058,8,0
2919,3982,1059,9,0
2920,3982,1060,10,0
2921,3982,1061,11,0
2922,3982,1063,12,0
2923,3982,1064,13,0
2924,3982,1065,14,0
2927,3982,1066,15,0
2930,3982,1067,16,0
3909,3982,1069,17,0
3910,3982,1070,18,0
3911,3982,1071,19,0
3912,3982,1072,20,0
3904,3982,1072,21,0
3914,3982,1073,22,0
3915,3982,1074,23,0
3901,3982,1075,24,1
1510,3975,595,1,0
1449,3975,597,2,0
1450,3975,599,3,0
1267,3975,600,4,0
2262,3975,603,5,0
2704,3975,604,6,0
2907,3975,607,7,0
2918,3975,608,8,0
2919,3975,609,9,0
2920,3975,610,10,0
2921,3975,611,11,0
2922,3975,613,12,0
2923,3975,614,13,0
2924,3975,615,14,0
2927,3975,616,15,0
2930,3975,617,16,0
3909,3975,619,17,0
3910,3975,620,18,0
3911,3975,621,19,0
3912,3975,622,20,0
3904,3975,622,21,0
3914,3975,623,22,0
3915,3975,624,23,0
3901,3975,625,24,1
3901,3906,855,1,0
3902,3906,856,2,0
3903,3906,857,3,0
3913,3906,858,4,0
3905,3906,859,5,0
3906,3906,860,6,0
3907,3906,860,7,0
3908,3906,861,8,0
2928,3906,863,9,0
2911,3906,864,10,0
2912,3906,865,11,0
2913,3906,866,12,0
2914,3906,867,13,0
2915,3906,869,14,0
2916,3906,870,15,0
2917,3906,871,16,0
2905,3906,872,17,0
2906,3906,874,18,0
2701,3906,876,19,0
2702,3906,877,20,0
1270,3906,880,21,0
1456,3906,882,22,0
1457,3906,883,23,0
1510,3906,886,24,1
1510,3155,485,1,0
1449,3155,487,2,0
1450,3155,489,3,0
1267,3155,490,4,0
2262,3155,494,5,0
2704,3155,496,6,0
2907,3155,499,7,0
2918,3155,500,8,0
2919,3155,501,9,0
2920,3155,502,10,0
2921,3155,503,11,0
2922,3155,505,12,0
2923,3155,506,13,0
2924,3155,507,14,0
2927,3155,508,15,0
2930,3155,509,16,0
3909,3155,511,17,0
3910,3155,512,18,0
3911,3155,513,19,0
3912,3155,514,20,0
3904,3155,514,21,0
3914,3155,515,22,0
3915,3155,516,23,0
3901,3155,517,24,1
3901,3141,880,1,0
3902,3141,881,2,0
3903,3141,882,3,0
3913,3141,883,4,0
3905,3141,884,5,0
3906,3141,885,6,0
3907,3141,885,7,0
3908,3141,886,8,0
2928,3141,888,9,0
2911,3141,889,10,0
2912,3141,890,11,0
2913,3141,891,12,0
2914,3141,892,13,0
2915,3141,894,14,0
2916,3141,895,15,0
2917,3141,896,16,0
2905,3141,897,17,0
2906,3141,899,18,0
2701,3141,901,19,0
2702,3141,902,20,0
1270,3141,905,21,0
1456,3141,907,22,0
1457,3141,908,23,0
1510,3141,911,24,1
3901,3177,930,1,0
3902,3177,931,2,0
3903,3177,932,3,0
3913,3177,933,4,0
3905,3177,934,5,0
3906,3177,935,6,0
3907,3177,935,7,0
3908,3177,936,8,0
2928,3177,938,9,0
2911,3177,939,10,0
2912,3177,940,11,0
2913,3177,941,12,0
2914,3177,942,13,0
2915,3177,944,14,0
2916,3177,945,15,0
2917,3177,946,16,0
2905,3177,947,17,0
2906,3177,949,18,0
2701,3177,951,19,0
2702,3177,952,20,0
1270,3177,955,21,0
1456,3177,957,22,0
1457,3177,958,23,0
1510,3177,961,24,1
1510,2955,1025,1,0
1449,2955,1028,2,0
1450,2955,1029,3,0
1267,2955,1031,4,0
2262,2955,1034,5,0
2704,2955,1036,6,0
2907,2955,1039,7,0
2918,2955,1040,8,0
2919,2955,1042,9,0
2920,2955,1043,10,0
2921,2955,1044,11,0
2922,2955,1046,12,0
2923,2955,1047,13,0
2924,2955,1049,14,0
2927,2955,1050,15,0
2930,2955,1051,16,0
3909,2955,1054,17,0
3910,2955,1055,18,0
3911,2955,1055,19,0
3912,2955,1057,20,0
3904,2955,1057,21,0
3914,2955,1058,22,0
3915,2955,1059,23,0
3901,2955,1060,24,1
1510,2978,625,1,0
1449,2978,627,2,0
1450,2978,629,3,0
1267,2978,630,4,0
2262,2978,633,5,0
2704,2978,634,6,0
2907,2978,637,7,0
2918,2978,638,8,0
2919,2978,639,9,0
2920,2978,640,10,0
2921,2978,641,11,0
2922,2978,643,12,0
2923,2978,644,13,0
2924,2978,645,14,0
2927,2978,646,15,0
2930,2978,647,16,0
3909,2978,649,17,0
3910,2978,650,18,0
3911,2978,651,19,0
3912,2978,652,20,0
3904,2978,652,21,0
3914,2978,653,22,0
3915,2978,654,23,0
3901,2978,655,24,1
3901,516,585,1,0
3902,516,586,2,0
3903,516,587,3,0
3913,516,588,4,0
3905,516,589,5,0
3906,516,590,6,0
3907,516,590,7,0
3908,516,591,8,0
2928,516,593,9,0
2911,516,594,10,0
2912,516,595,11,0
2913,516,596,12,0
2914,516,597,13,0
2915,516,599,14,0
2916,516,600,15,0
2917,516,601,16,0
2905,516,602,17,0
2906,516,604,18,0
2701,516,606,19,0
2702,516,607,20,0
1270,516,610,21,0
1456,516,612,22,0
1457,516,613,23,0
1510,516,616,24,1
3901,515,490,1,0
3902,515,491,2,0
3903,515,492,3,0
3913,515,493,4,0
3905,515,494,5,0
3906,515,495,6,0
3907,515,495,7,0
3908,515,496,8,0
2928,515,498,9,0
2911,515,499,10,0
2912,515,500,11,0
2913,515,501,12,0
2914,515,502,13,0
2915,515,504,14,0
2916,515,504,15,0
2917,515,505,16,0
2905,515,506,17,0
2906,515,508,18,0
2701,515,510,19,0
2702,515,511,20,0
1270,515,514,21,0
1456,515,516,22,0
1457,515,518,23,0
1510,515,521,24,1
1510,1895,405,1,0
1449,1895,407,2,0
1450,1895,409,3,0
1267,1895,410,4,0
2262,1895,413,5,0
2704,1895,414,6,0
2907,1895,417,7,0
2918,1895,418,8,0
2919,1895,419,9,0
2920,1895,420,10,0
2921,1895,421,11,0
2922,1895,422,12,0
2923,1895,423,13,0
2924,1895,424,14,0
2927,1895,425,15,0
2930,1895,426,16,0
3909,1895,428,17,0
3910,1895,429,18,0
3911,1895,430,19,0
3912,1895,431,20,0
3904,1895,431,21,0
3914,1895,432,22,0
3915,1895,433,23,0
3901,1895,434,24,1
1510,6803,1095,1,0
1449,6803,1097,2,0
1450,6803,1099,3,0
1267,6803,1100,4,0
2262,6803,1103,5,0
2704,6803,1104,6,0
2907,6803,1107,7,0
2918,6803,1108,8,0
2919,6803,1109,9,0
2920,6803,1110,10,0
2921,6803,1111,11,0
2922,6803,1113,12,0
2923,6803,1114,13,0
2924,6803,1115,14,0
2927,6803,1116,15,0
2930,6803,1117,16,0
3909,6803,1119,17,0
3910,6803,1120,18,0
3911,6803,1121,19,0
3912,6803,1122,20,0
3904,6803,1122,21,0
3914,6803,1123,22,0
3915,6803,1124,23,0
3901,6803,1125,24,1
1510,6817,770,1,0
1449,6817,772,2,0
1450,6817,774,3,0
1267,6817,775,4,0
2262,6817,778,5,0
2704,6817,780,6,0
2907,6817,783,7,0
2918,6817,784,8,0
2919,6817,785,9,0
2920,6817,786,10,0
2921,6817,787,11,0
2922,6817,789,12,0
2923,6817,790,13,0
2924,6817,791,14,0
2927,6817,792,15,0
2930,6817,793,16,0
3909,6817,795,17,0
3910,6817,796,18,0
3911,6817,797,19,0
3912,6817,798,20,0
3904,6817,798,21,0
3914,6817,799,22,0
3915,6817,800,23,0
3901,6817,801,24,1
1510,1857,920,1,0
1449,1857,922,2,0
1450,1857,924,3,0
1267,1857,925,4,0
2262,1857,928,5,0
2704,1857,929,6,0
2907,1857,932,7,0
2918,1857,933,8,0
2919,1857,934,9,0
2920,1857,935,10,0
2921,1857,936,11,0
2922,1857,938,12,0
2923,1857,939,13,0
2924,1857,940,14,0
2927,1857,941,15,0
2930,1857,942,16,0
3909,1857,944,17,0
3910,1857,945,18,0
3911,1857,946,19,0
3912,1857,947,20,0
3904,1857,947,21,0
3914,1857,948,22,0
3915,1857,949,23,0
3901,1857,950,24,1
1510,1891,1170,1,0
1449,1891,1172,2,0
1450,1891,1174,3,0
1267,1891,1175,4,0
2262,1891,1178,5,0
2704,1891,1179,6,0
2907,1891,1182,7,0
2918,1891,1183,8,0
2919,1891,1184,9,0
2920,1891,1185,10,0
2921,1891,1186,11,0
2922,1891,1187,12,0
2923,1891,1188,13,0
2924,1891,1189,14,0
2927,1891,1190,15,0
2930,1891,1191,16,0
3909,1891,1193,17,0
3910,1891,1194,18,0
3911,1891,1195,19,0
3912,1891,1196,20,0
3904,1891,1196,21,0
3914,1891,1197,22,0
3915,1891,1198,23,0
3901,1891,1199,24,1
1510,6850,745,1,0
1449,6850,748,2,0
1450,6850,749,3,0
1267,6850,751,4,0
2262,6850,754,5,0
2704,6850,756,6,0
2907,6850,759,7,0
2918,6850,760,8,0
2919,6850,761,9,0
2920,6850,762,10,0
2921,6850,763,11,0
2922,6850,765,12,0
2923,6850,766,13,0
2924,6850,767,14,0
2927,6850,768,15,0
2930,6850,769,16,0
3909,6850,771,17,0
3910,6850,772,18,0
3911,6850,773,19,0
3912,6850,774,20,0
3904,6850,774,21,0
3914,6850,775,22,0
3915,6850,776,23,0
3901,6850,777,24,1
1510,6855,970,1,0
1449,6855,972,2,0
1450,6855,974,3,0
1267,6855,975,4,0
2262,6855,978,5,0
2704,6855,979,6,0
2907,6855,982,7,0
2918,6855,983,8,0
2919,6855,984,9,0
2920,6855,985,10,0
2921,6855,986,11,0
2922,6855,988,12,0
2923,6855,989,13,0
2924,6855,990,14,0
2927,6855,991,15,0
2930,6855,992,16,0
3909,6855,994,17,0
3910,6855,995,18,0
3911,6855,996,19,0
3912,6855,997,20,0
3904,6855,997,21,0
3914,6855,998,22,0
3915,6855,999,23,0
3901,6855,1000,24,1
1510,4643,1250,1,0
1449,4643,1253,2,0
1450,4643,1254,3,0
1267,4643,1256,4,0
2262,4643,1259,5,0
2704,4643,1260,6,0
2907,4643,1263,7,0
2918,4643,1264,8,0
2919,4643,1265,9,0
2920,4643,1266,10,0
2921,4643,1267,11,0
2922,4643,1268,12,0
2923,4643,1269,13,0
2924,4643,1270,14,0
2927,4643,1271,15,0
2930,4643,1272,16,0
3909,4643,1274,17,0
3910,4643,1275,18,0
3911,4643,1276,19,0
3912,4643,1277,20,0
3904,4643,1277,21,0
3914,4643,1278,22,0
3915,4643,1279,23,0
3901,4643,1280,24,1
3901,2891,625,1,0
3902,2891,626,2,0
3903,2891,627,3,0
3913,2891,628,4,0
3905,2891,629,5,0
3906,2891,630,6,0
3907,2891,630,7,0
3908,2891,631,8,0
2928,2891,633,9,0
2911,2891,634,10,0
2912,2891,635,11,0
2913,2891,636,12,0
2914,2891,637,13,0
2915,2891,639,14,0
2916,2891,640,15,0
2917,2891,641,16,0
2905,2891,642,17,0
2906,2891,644,18,0
2701,2891,646,19,0
2702,2891,647,20,0
1270,2891,650,21,0
1456,2891,652,22,0
1457,2891,653,23,0
1510,2891,656,24,1
3901,1780,1155,1,0
3902,1780,1156,2,0
3903,1780,1157,3,0
3913,1780,1158,4,0
3905,1780,1159,5,0
3906,1780,1160,6,0
3907,1780,1160,7,0
3908,1780,1161,8,0
2928,1780,1163,9,0
2911,1780,1164,10,0
2912,1780,1165,11,0
2913,1780,1166,12,0
2914,1780,1167,13,0
2915,1780,1169,14,0
2916,1780,1169,15,0
2917,1780,1170,16,0
2905,1780,1171,17,0
2906,1780,1173,18,0
2701,1780,1175,19,0
2702,1780,1176,20,0
1270,1780,1179,21,0
1456,1780,1181,22,0
1457,1780,1183,23,0
1510,1780,1186,24,1
1510,2810,700,1,0
1449,2810,702,2,0
1450,2810,704,3,0
1267,2810,705,4,0
2262,2810,708,5,0
2704,2810,709,6,0
2907,2810,712,7,0
2918,2810,713,8,0
2919,2810,714,9,0
2920,2810,715,10,0
2921,2810,716,11,0
2922,2810,718,12,0
2923,2810,719,13,0
2924,2810,720,14,0
2927,2810,721,15,0
2930,2810,722,16,0
3909,2810,724,17,0
3910,2810,725,18,0
3911,2810,726,19,0
3912,2810,727,20,0
3904,2810,727,21,0
3914,2810,728,22,0
3915,2810,729,23,0
3901,2810,730,24,1
3901,2818,1155,1,0
3902,2818,1156,2,0
3903,2818,1157,3,0
3913,2818,1158,4,0
3905,2818,1159,5,0
3906,2818,1160,6,0
3907,2818,1160,7,0
3908,2818,1161,8,0
2928,2818,1163,9,0
2911,2818,1164,10,0
2912,2818,1165,11,0
2913,2818,1166,12,0
2914,2818,1167,13,0
2915,2818,1169,14,0
2916,2818,1169,15,0
2917,2818,1170,16,0
2905,2818,1171,17,0
2906,2818,1173,18,0
2701,2818,1175,19,0
2702,2818,1176,20,0
1270,2818,1179,21,0
1456,2818,1181,22,0
1457,2818,1182,23,0
1510,2818,1185,24,1
3901,4520,595,1,0
3902,4520,596,2,0
3903,4520,597,3,0
3913,4520,598,4,0
3905,4520,599,5,0
3906,4520,600,6,0
3907,4520,600,7,0
3908,4520,601,8,0
2928,4520,603,9,0
2911,4520,604,10,0
2912,4520,605,11,0
2913,4520,606,12,0
2914,4520,607,13,0
2915,4520,609,14,0
2916,4520,610,15,0
2917,4520,611,16,0
2905,4520,612,17,0
2906,4520,614,18,0
2701,4520,616,19,0
2702,4520,617,20,0
1270,4520,620,21,0
1456,4520,622,22,0
1457,4520,624,23,0
1510,4520,627,24,1
1510,4564,770,1,0
1449,4564,772,2,0
1450,4564,774,3,0
1267,4564,775,4,0
2262,4564,778,5,0
2704,4564,779,6,0
2907,4564,782,7,0
2918,4564,783,8,0
2919,4564,784,9,0
2920,4564,785,10,0
2921,4564,786,11,0
2922,4564,788,12,0
2923,4564,789,13,0
2924,4564,790,14,0
2927,4564,791,15,0
2930,4564,792,16,0
3909,4564,794,17,0
3910,4564,795,18,0
3911,4564,796,19,0
3912,4564,797,20,0
3904,4564,797,21,0
3914,4564,798,22,0
3915,4564,799,23,0
3901,4564,800,24,1
3901,4578,805,1,0
3902,4578,806,2,0
3903,4578,807,3,0
3913,4578,808,4,0
3905,4578,809,5,0
3906,4578,810,6,0
3907,4578,810,7,0
3908,4578,811,8,0
2928,4578,813,9,0
2911,4578,814,10,0
2912,4578,815,11,0
2913,4578,816,12,0
2914,4578,817,13,0
2915,4578,819,14,0
2916,4578,820,15,0
2917,4578,821,16,0
2905,4578,822,17,0
2906,4578,824,18,0
2701,4578,826,19,0
2702,4578,827,20,0
1270,4578,830,21,0
1456,4578,832,22,0
1457,4578,833,23,0
1510,4578,836,24,1
3901,2791,660,1,0
3902,2791,661,2,0
3903,2791,662,3,0
3913,2791,663,4,0
3905,2791,664,5,0
3906,2791,665,6,0
3907,2791,665,7,0
3908,2791,666,8,0
2928,2791,668,9,0
2911,2791,669,10,0
2912,2791,670,11,0
2913,2791,671,12,0
2914,2791,672,13,0
2915,2791,674,14,0
2916,2791,675,15,0
2917,2791,676,16,0
2905,2791,677,17,0
2906,2791,679,18,0
2701,2791,681,19,0
2702,2791,682,20,0
1270,2791,685,21,0
1456,2791,687,22,0
1457,2791,688,23,0
1510,2791,691,24,1
1510,1671,1160,1,0
1449,1671,1162,2,0
1450,1671,1164,3,0
1267,1671,1165,4,0
2262,1671,1168,5,0
2704,1671,1169,6,0
2907,1671,1171,7,0
2918,1671,1173,8,0
2919,1671,1174,9,0
2920,1671,1175,10,0
2921,1671,1176,11,0
2922,1671,1177,12,0
2923,1671,1178,13,0
2924,1671,1179,14,0
2927,1671,1180,15,0
2930,1671,1181,16,0
3909,1671,1183,17,0
3910,1671,1184,18,0
3911,1671,1184,19,0
3912,1671,1185,20,0
3904,1671,1185,21,0
3914,1671,1186,22,0
3915,1671,1187,23,0
3901,1671,1189,24,1
1510,1661,500,1,0
1449,1661,502,2,0
1450,1661,504,3,0
1267,1661,505,4,0
2262,1661,509,5,0
2704,1661,511,6,0
2907,1661,514,7,0
2918,1661,515,8,0
2919,1661,516,9,0
2920,1661,517,10,0
2921,1661,518,11,0
2922,1661,520,12,0
2923,1661,521,13,0
2924,1661,522,14,0
2927,1661,523,15,0
2930,1661,524,16,0
3909,1661,526,17,0
3910,1661,527,18,0
3911,1661,528,19,0
3912,1661,529,20,0
3904,1661,529,21,0
3914,1661,530,22,0
3915,1661,531,23,0
3901,1661,532,24,1
2942,4912,1025,1,0
2922,4912,1027,2,0
2923,4912,1028,3,0
2924,4912,1030,4,0
2927,4912,1031,5,0
2930,4912,1032,6,0
3909,4912,1035,7,0
3910,4912,1036,8,0
3911,4912,1036,9,0
3912,4912,1038,10,0
3904,4912,1038,11,0
3914,4912,1039,12,0
3915,4912,1040,13,0
3901,4912,1041,14,1
3901,1584,640,1,0
3902,1584,642,2,0
3903,1584,643,3,0
3913,1584,643,4,0
3905,1584,644,5,0
3906,1584,645,6,0
3907,1584,645,7,0
3908,1584,646,8,0
2928,1584,648,9,0
2911,1584,649,10,0
2912,1584,649,11,0
2913,1584,650,12,0
2914,1584,651,13,0
2915,1584,652,14,0
2916,1584,653,15,0
2917,1584,653,16,0
2905,1584,654,17,0
2906,1584,655,18,0
2701,1584,657,19,0
2702,1584,658,20,0
1270,1584,661,21,0
1456,1584,663,22,0
1457,1584,664,23,0
1510,1584,667,24,1
3901,4877,735,1,0
3902,4877,736,2,0
3903,4877,737,3,0
3913,4877,738,4,0
3905,4877,739,5,0
3906,4877,740,6,0
3907,4877,740,7,0
3908,4877,741,8,0
2928,4877,743,9,0
2911,4877,744,10,0
2912,4877,745,11,0
2913,4877,746,12,0
2914,4877,747,13,0
2915,4877,749,14,0
2916,4877,750,15,0
2917,4877,751,16,0
2905,4877,752,17,0
2906,4877,754,18,0
2701,4877,756,19,0
2702,4877,757,20,0
1270,4877,760,21,0
1456,4877,762,22,0
1457,4877,764,23,0
1510,4877,767,24,1
3901,5946,985,1,0
3902,5946,987,2,0
3903,5946,988,3,0
3913,5946,988,4,0
3905,5946,989,5,0
3906,5946,990,6,0
3907,5946,990,7,0
3908,5946,991,8,0
2928,5946,993,9,0
2911,5946,994,10,0
2912,5946,994,11,0
2913,5946,995,12,0
2914,5946,996,13,0
2915,5946,997,14,0
2916,5946,998,15,0
2917,5946,998,16,0
2905,5946,999,17,0
2906,5946,1000,18,0
2701,5946,1002,19,0
2702,5946,1003,20,0
1270,5946,1006,21,0
1456,5946,1008,22,0
1457,5946,1009,23,0
1510,5946,1012,24,1
3901,5999,805,1,0
3902,5999,806,2,0
3903,5999,807,3,0
3913,5999,808,4,0
3905,5999,809,5,0
3906,5999,810,6,0
3907,5999,810,7,0
3908,5999,811,8,0
2928,5999,813,9,0
2911,5999,814,10,0
2912,5999,815,11,0
2913,5999,816,12,0
2914,5999,817,13,0
2915,5999,819,14,0
2916,5999,820,15,0
2917,5999,821,16,0
2905,5999,822,17,0
2906,5999,824,18,0
2701,5999,826,19,0
2702,5999,827,20,0
1270,5999,830,21,0
1456,5999,832,22,0
1457,5999,834,23,0
1510,5999,837,24,1
3901,203,1033,1,0
3902,203,1034,2,0
3903,203,1035,3,0
3913,203,1036,4,0
3905,203,1037,5,0
3906,203,1038,6,0
3907,203,1038,7,0
3908,203,1039,8,0
2928,203,1042,9,0
2911,203,1043,10,0
2912,203,1044,11,0
2913,203,1045,12,0
2914,203,1046,13,0
2915,203,1048,14,0
2916,203,1049,15,0
2917,203,1050,16,0
2905,203,1051,17,0
2906,203,1053,18,0
2701,203,1055,19,0
2702,203,1057,20,0
1270,203,1060,21,0
1456,203,1062,22,0
1457,203,1063,23,0
1510,203,1066,24,1
1510,206,820,1,0
1449,206,822,2,0
1450,206,824,3,0
1267,206,825,4,0
2262,206,828,5,0
2704,206,830,6,0
2907,206,833,7,0
2918,206,834,8,0
2919,206,835,9,0
2920,206,836,10,0
2921,206,837,11,0
2922,206,839,12,0
2923,206,840,13,0
2924,206,841,14,0
2927,206,842,15,0
2930,206,843,16,0
3909,206,845,17,0
3910,206,846,18,0
3911,206,847,19,0
3912,206,848,20,0
3904,206,848,21,0
3914,206,849,22,0
3915,206,850,23,0
3901,206,851,24,1
1510,1513,1150,1,0
1449,1513,1153,2,0
1450,1513,1154,3,0
1267,1513,1156,4,0
2262,1513,1159,5,0
2704,1513,1161,6,0
2907,1513,1164,7,0
2918,1513,1165,8,0
2919,1513,1166,9,0
2920,1513,1167,10,0
2921,1513,1168,11,0
2922,1513,1169,12,0
2923,1513,1170,13,0
2924,1513,1171,14,0
2927,1513,1172,15,0
2930,1513,1173,16,0
3909,1513,1175,17,0
3910,1513,1176,18,0
3911,1513,1177,19,0
3912,1513,1178,20,0
3904,1513,1178,21,0
3914,1513,1179,22,0
3915,1513,1180,23,0
3901,1513,1181,24,1
1510,1568,1250,1,0
1449,1568,1252,2,0
1450,1568,1254,3,0
1267,1568,1255,4,0
2262,1568,1258,5,0
2704,1568,1259,6,0
2907,1568,1262,7,0
2918,1568,1263,8,0
2919,1568,1264,9,0
2920,1568,1265,10,0
2921,1568,1266,11,0
2922,1568,1267,12,0
2923,1568,1268,13,0
2924,1568,1269,14,0
2927,1568,1270,15,0
2930,1568,1271,16,0
3909,1568,1273,17,0
3910,1568,1274,18,0
3911,1568,1275,19,0
3912,1568,1276,20,0
3904,1568,1276,21,0
3914,1568,1277,22,0
3915,1568,1278,23,0
3901,1568,1279,24,1
3901,1558,1108,1,0
3902,1558,1109,2,0
3903,1558,1110,3,0
3913,1558,1111,4,0
3905,1558,1112,5,0
3906,1558,1113,6,0
3907,1558,1113,7,0
3908,1558,1114,8,0
2928,1558,1116,9,0
2911,1558,1117,10,0
2912,1558,1118,11,0
2913,1558,1119,12,0
2914,1558,1120,13,0
2915,1558,1122,14,0
2916,1558,1122,15,0
2917,1558,1123,16,0
2905,1558,1124,17,0
2906,1558,1126,18,0
2701,1558,1128,19,0
2702,1558,1129,20,0
1270,1558,1132,21,0
1456,1558,1134,22,0
1457,1558,1135,23,0
1510,1558,1138,24,1
3901,1452,535,1,0
3902,1452,536,2,0
3903,1452,537,3,0
3913,1452,538,4,0
3905,1452,539,5,0
3906,1452,540,6,0
3907,1452,540,7,0
3908,1452,541,8,0
2928,1452,544,9,0
2911,1452,545,10,0
2912,1452,546,11,0
2913,1452,547,12,0
2914,1452,548,13,0
2915,1452,550,14,0
2916,1452,551,15,0
2917,1452,552,16,0
2905,1452,553,17,0
2906,1452,555,18,0
2701,1452,557,19,0
2702,1452,559,20,0
1270,1452,562,21,0
1456,1452,564,22,0
1457,1452,565,23,0
1510,1452,568,24,1
1510,296,590,1,0
1449,296,592,2,0
1450,296,594,3,0
1267,296,595,4,0
2262,296,598,5,0
2704,296,599,6,0
2907,296,602,7,0
2918,296,603,8,0
2919,296,604,9,0
2920,296,605,10,0
2921,296,606,11,0
2922,296,608,12,0
2923,296,609,13,0
2924,296,610,14,0
2927,296,611,15,0
2930,296,612,16,0
3909,296,614,17,0
3910,296,615,18,0
3911,296,616,19,0
3912,296,617,20,0
3904,296,617,21,0
3914,296,618,22,0
3915,296,619,23,0
3901,296,620,24,1
1510,244,520,1,0
1449,244,522,2,0
1450,244,524,3,0
1267,244,525,4,0
2262,244,529,5,0
2704,244,531,6,0
2907,244,534,7,0
2918,244,535,8,0
2919,244,536,9,0
2920,244,537,10,0
2921,244,538,11,0
2922,244,540,12,0
2923,244,541,13,0
2924,244,542,14,0
2927,244,543,15,0
2930,244,544,16,0
3909,244,546,17,0
3910,244,547,18,0
3911,244,548,19,0
3912,244,549,20,0
3904,244,549,21,0
3914,244,550,22,0
3915,244,551,23,0
3901,244,552,24,1
3901,236,490,1,0
3902,236,491,2,0
3903,236,492,3,0
3913,236,493,4,0
3905,236,494,5,0
3906,236,495,6,0
3907,236,495,7,0
3908,236,496,8,0
2928,236,499,9,0
2911,236,500,10,0
2912,236,501,11,0
2913,236,502,12,0
2914,236,503,13,0
2915,236,505,14,0
2916,236,506,15,0
2917,236,507,16,0
2905,236,508,17,0
2906,236,510,18,0
2701,236,513,19,0
2702,236,515,20,0
1270,236,519,21,0
1456,236,521,22,0
1457,236,522,23,0
1510,236,525,24,1
3901,941,520,1,0
3902,941,521,2,0
3903,941,522,3,0
3913,941,523,4,0
3905,941,524,5,0
3906,941,525,6,0
3907,941,525,7,0
3908,941,526,8,0
2928,941,529,9,0
2911,941,530,10,0
2912,941,531,11,0
2913,941,532,12,0
2914,941,533,13,0
2915,941,535,14,0
2916,941,536,15,0
2917,941,537,16,0
2905,941,538,17,0
2906,941,540,18,0
2701,941,542,19,0
2702,941,544,20,0
1270,941,547,21,0
1456,941,549,22,0
1457,941,550,23,0
1510,941,553,24,1
1510,4224,950,1,0
1449,4224,952,2,0
1450,4224,954,3,0
1267,4224,955,4,0
2262,4224,958,5,0
2704,4224,959,6,0
2907,4224,961,7,0
2918,4224,963,8,0
2919,4224,964,9,0
2920,4224,965,10,0
2921,4224,966,11,0
2922,4224,967,12,0
2923,4224,968,13,0
2924,4224,969,14,0
2927,4224,970,15,0
2930,4224,971,16,0
3909,4224,973,17,0
3910,4224,974,18,0
3911,4224,974,19,0
3912,4224,975,20,0
3904,4224,975,21,0
3914,4224,976,22,0
3915,4224,977,23,0
3901,4224,979,24,1
1510,4238,675,1,0
1449,4238,677,2,0
1450,4238,679,3,0
1267,4238,680,4,0
2262,4238,683,5,0
2704,4238,684,6,0
2907,4238,686,7,0
2918,4238,688,8,0
2919,4238,689,9,0
2920,4238,690,10,0
2921,4238,691,11,0
2922,4238,692,12,0
2923,4238,693,13,0
2924,4238,694,14,0
2927,4238,695,15,0
2930,4238,696,16,0
3909,4238,698,17,0
3910,4238,699,18,0
3911,4238,699,19,0
3912,4238,700,20,0
3904,4238,700,21,0
3914,4238,701,22,0
3915,4238,702,23,0
3901,4238,704,24,1
1510,4255,1070,1,0
1449,4255,1072,2,0
1450,4255,1074,3,0
1267,4255,1075,4,0
2262,4255,1078,5,0
2704,4255,1079,6,0
2907,4255,1082,7,0
2918,4255,1083,8,0
2919,4255,1084,9,0
2920,4255,1085,10,0
2921,4255,1086,11,0
2922,4255,1088,12,0
2923,4255,1089,13,0
2924,4255,1090,14,0
2927,4255,1091,15,0
2930,4255,1092,16,0
3909,4255,1094,17,0
3910,4255,1095,18,0
3911,4255,1096,19,0
3912,4255,1097,20,0
3904,4255,1097,21,0
3914,4255,1098,22,0
3915,4255,1099,23,0
3901,4255,1100,24,1
2942,4258,750,1,0
2922,4258,752,2,0
2923,4258,753,3,0
2924,4258,755,4,0
2927,4258,756,5,0
2930,4258,757,6,0
3909,4258,759,7,0
3910,4258,760,8,0
3911,4258,761,9,0
3912,4258,762,10,0
3904,4258,762,11,0
3914,4258,763,12,0
3915,4258,764,13,0
3901,4258,765,14,1
3901,4264,410,1,0
3902,4264,411,2,0
3903,4264,412,3,0
3913,4264,413,4,0
3905,4264,414,5,0
3906,4264,415,6,0
3907,4264,415,7,0
3908,4264,416,8,0
2928,4264,418,9,0
2911,4264,419,10,0
2912,4264,420,11,0
2913,4264,421,12,0
2914,4264,422,13,0
2915,4264,424,14,0
2916,4264,424,15,0
2917,4264,425,16,0
2905,4264,426,17,0
2906,4264,428,18,0
2701,4264,430,19,0
2702,4264,432,20,0
1270,4264,435,21,0
1456,4264,437,22,0
1457,4264,438,23,0
1510,4264,441,24,1
1510,4277,560,1,0
1449,4277,562,2,0
1450,4277,564,3,0
1267,4277,565,4,0
2262,4277,568,5,0
2704,4277,569,6,0
2907,4277,572,7,0
2918,4277,573,8,0
2919,4277,574,9,0
2920,4277,575,10,0
2921,4277,576,11,0
2922,4277,578,12,0
2923,4277,579,13,0
2924,4277,580,14,0
2927,4277,581,15,0
2930,4277,582,16,0
3909,4277,584,17,0
3910,4277,585,18,0
3911,4277,586,19,0
3912,4277,587,20,0
3904,4277,587,21,0
3914,4277,588,22,0
3915,4277,589,23,0
3901,4277,590,24,1
3901,4276,915,1,0
3902,4276,917,2,0
3903,4276,918,3,0
3913,4276,918,4,0
3905,4276,919,5,0
3906,4276,920,6,0
3907,4276,920,7,0
3908,4276,921,8,0
2928,4276,923,9,0
2911,4276,924,10,0
2912,4276,924,11,0
2913,4276,925,12,0
2914,4276,926,13,0
2915,4276,927,14,0
2916,4276,928,15,0
2917,4276,928,16,0
2905,4276,929,17,0
2906,4276,930,18,0
2701,4276,932,19,0
2702,4276,933,20,0
1270,4276,936,21,0
1456,4276,938,22,0
1457,4276,939,23,0
1510,4276,942,24,1
3901,1390,1215,1,0
3902,1390,1216,2,0
3903,1390,1217,3,0
3913,1390,1218,4,0
3905,1390,1219,5,0
3906,1390,1220,6,0
3907,1390,1220,7,0
3908,1390,1221,8,0
2928,1390,1223,9,0
2911,1390,1224,10,0
2912,1390,1225,11,0
2913,1390,1226,12,0
2914,1390,1227,13,0
2915,1390,1229,14,0
2916,1390,1229,15,0
2917,1390,1230,16,0
2905,1390,1231,17,0
2906,1390,1233,18,0
2701,1390,1235,19,0
2702,1390,1236,20,0
1270,1390,1239,21,0
1456,1390,1241,22,0
1457,1390,1242,23,0
1510,1390,1245,24,1
1510,1355,470,1,0
1449,1355,472,2,0
1450,1355,474,3,0
1267,1355,475,4,0
2262,1355,479,5,0
2704,1355,481,6,0
2907,1355,484,7,0
2918,1355,485,8,0
2919,1355,486,9,0
2920,1355,487,10,0
2921,1355,488,11,0
2922,1355,490,12,0
2923,1355,491,13,0
2924,1355,492,14,0
2927,1355,493,15,0
2930,1355,494,16,0
3909,1355,496,17,0
3910,1355,497,18,0
3911,1355,498,19,0
3912,1355,499,20,0
3904,1355,499,21,0
3914,1355,500,22,0
3915,1355,501,23,0
3901,1355,502,24,1
1510,1358,745,1,0
1449,1358,747,2,0
1450,1358,749,3,0
1267,1358,750,4,0
2262,1358,753,5,0
2704,1358,754,6,0
2907,1358,757,7,0
2918,1358,758,8,0
2919,1358,759,9,0
2920,1358,760,10,0
2921,1358,761,11,0
2922,1358,763,12,0
2923,1358,764,13,0
2924,1358,765,14,0
2927,1358,766,15,0
2930,1358,767,16,0
3909,1358,769,17,0
3910,1358,770,18,0
3911,1358,771,19,0
3912,1358,772,20,0
3904,1358,772,21,0
3914,1358,773,22,0
3915,1358,774,23,0
3901,1358,775,24,1
3901,1316,855,1,0
3902,1316,856,2,0
3903,1316,857,3,0
3913,1316,858,4,0
3905,1316,859,5,0
3906,1316,860,6,0
3907,1316,860,7,0
3908,1316,861,8,0
2928,1316,863,9,0
2911,1316,864,10,0
2912,1316,865,11,0
2913,1316,866,12,0
2914,1316,867,13,0
2915,1316,869,14,0
2916,1316,870,15,0
2917,1316,871,16,0
2905,1316,872,17,0
2906,1316,874,18,0
2701,1316,876,19,0
2702,1316,878,20,0
1270,1316,881,21,0
1456,1316,883,22,0
1457,1316,885,23,0
1510,1316,888,24,1
1510,846,995,1,0
1449,846,997,2,0
1450,846,999,3,0
1267,846,1000,4,0
2262,846,1003,5,0
2704,846,1004,6,0
2907,846,1007,7,0
2918,846,1008,8,0
2919,846,1010,9,0
2920,846,1011,10,0
2921,846,1012,11,0
2922,846,1014,12,0
2923,846,1015,13,0
2924,846,1017,14,0
2927,846,1018,15,0
2930,846,1019,16,0
3909,846,1022,17,0
3910,846,1023,18,0
3911,846,1023,19,0
3912,846,1025,20,0
3904,846,1025,21,0
3914,846,1026,22,0
3915,846,1027,23,0
3901,846,1028,24,1
3901,881,1030,1,0
3902,881,1031,2,0
3903,881,1032,3,0
3913,881,1033,4,0
3905,881,1034,5,0
3906,881,1035,6,0
3907,881,1035,7,0
3908,881,1036,8,0
2928,881,1038,9,0
2911,881,1039,10,0
2912,881,1040,11,0
2913,881,1041,12,0
2914,881,1042,13,0
2915,881,1044,14,0
2916,881,1045,15,0
2917,881,1046,16,0
2905,881,1047,17,0
2906,881,1049,18,0
2701,881,1051,19,0
2702,881,1053,20,0
1270,881,1056,21,0
1456,881,1058,22,0
1457,881,1060,23,0
1510,881,1063,24,1
1510,4195,745,1,0
1449,4195,747,2,0
1450,4195,749,3,0
1267,4195,750,4,0
2262,4195,753,5,0
2704,4195,754,6,0
2907,4195,756,7,0
2918,4195,758,8,0
2919,4195,759,9,0
2920,4195,760,10,0
2921,4195,761,11,0
2922,4195,762,12,0
2923,4195,763,13,0
2924,4195,764,14,0
2927,4195,765,15,0
2930,4195,766,16,0
3909,4195,768,17,0
3910,4195,769,18,0
3911,4195,769,19,0
3912,4195,770,20,0
3904,4195,770,21,0
3914,4195,771,22,0
3915,4195,772,23,0
3901,4195,774,24,1
1242,2409,1380,1,0
1510,2409,1387,2,0
1449,2409,1389,3,0
1450,2409,1391,4,0
1267,2409,1392,5,0
2262,2409,1395,6,0
2704,2409,1396,7,0
2907,2409,1399,8,0
2918,2409,1400,9,0
2919,2409,1401,10,0
2920,2409,1402,11,0
2921,2409,1403,12,0
2922,2409,1405,13,0
2923,2409,1406,14,0
2924,2409,1407,15,0
2927,2409,1408,16,0
2930,2409,1409,17,0
3909,2409,1411,18,0
3910,2409,1412,19,0
3911,2409,1413,20,0
3912,2409,1414,21,0
3904,2409,1414,22,0
3914,2409,1415,23,0
3915,2409,1416,24,0
3901,2409,1417,25,1
1510,4112,795,1,0
1449,4112,797,2,0
1450,4112,799,3,0
1267,4112,800,4,0
2262,4112,803,5,0
2704,4112,804,6,0
2907,4112,807,7,0
2918,4112,808,8,0
2919,4112,809,9,0
2920,4112,810,10,0
2921,4112,811,11,0
2922,4112,813,12,0
2923,4112,814,13,0
2924,4112,815,14,0
2927,4112,816,15,0
2930,4112,817,16,0
3909,4112,819,17,0
3910,4112,820,18,0
3911,4112,821,19,0
3912,4112,822,20,0
3904,4112,822,21,0
3914,4112,823,22,0
3915,4112,824,23,0
3901,4112,825,24,1
3901,4111,700,1,0
3902,4111,701,2,0
3903,4111,702,3,0
3913,4111,703,4,0
3905,4111,704,5,0
3906,4111,705,6,0
3907,4111,705,7,0
3908,4111,706,8,0
2928,4111,708,9,0
2911,4111,709,10,0
2912,4111,710,11,0
2913,4111,711,12,0
2914,4111,712,13,0
2915,4111,714,14,0
2916,4111,715,15,0
2917,4111,716,16,0
2905,4111,717,17,0
2906,4111,719,18,0
2701,4111,721,19,0
2702,4111,722,20,0
1270,4111,725,21,0
1456,4111,727,22,0
1457,4111,729,23,0
1510,4111,732,24,1
3901,2327,555,1,0
3902,2327,556,2,0
3903,2327,557,3,0
3913,2327,558,4,0
3905,2327,559,5,0
3906,2327,560,6,0
3907,2327,560,7,0
3908,2327,561,8,0
2928,2327,563,9,0
2911,2327,564,10,0
2912,2327,565,11,0
2913,2327,566,12,0
2914,2327,567,13,0
2915,2327,569,14,0
2916,2327,570,15,0
2917,2327,571,16,0
2905,2327,572,17,0
2906,2327,574,18,0
2701,2327,576,19,0
2702,2327,577,20,0
1270,2327,580,21,0
1456,2327,582,22,0
1457,2327,583,23,0
1510,2327,586,24,1
3901,2310,505,1,0
3902,2310,506,2,0
3903,2310,507,3,0
3913,2310,508,4,0
3905,2310,509,5,0
3906,2310,510,6,0
3907,2310,510,7,0
3908,2310,511,8,0
2928,2310,514,9,0
2911,2310,515,10,0
2912,2310,516,11,0
2913,2310,518,12,0
2914,2310,519,13,0
2915,2310,521,14,0
2916,2310,522,15,0
2917,2310,523,16,0
2905,2310,524,17,0
2906,2310,526,18,0
2701,2310,529,19,0
2702,2310,531,20,0
1270,2310,535,21,0
1456,2310,537,22,0
1457,2310,538,23,0
1510,2310,541,24,1
1510,2383,420,1,0
1449,2383,422,2,0
1450,2383,424,3,0
1267,2383,425,4,0
2262,2383,428,5,0
2704,2383,429,6,0
2907,2383,432,7,0
2918,2383,433,8,0
2919,2383,434,9,0
2920,2383,435,10,0
2921,2383,436,11,0
2922,2383,437,12,0
2923,2383,438,13,0
2924,2383,439,14,0
2927,2383,440,15,0
2930,2383,441,16,0
3909,2383,443,17,0
3910,2383,444,18,0
3911,2383,445,19,0
3912,2383,446,20,0
3904,2383,446,21,0
3914,2383,447,22,0
3915,2383,448,23,0
3901,2383,449,24,1
3901,4163,880,1,0
3902,4163,881,2,0
3903,4163,882,3,0
3913,4163,883,4,0
3905,4163,884,5,0
3906,4163,885,6,0
3907,4163,885,7,0
3908,4163,886,8,0
2928,4163,888,9,0
2911,4163,889,10,0
2912,4163,890,11,0
2913,4163,891,12,0
2914,4163,892,13,0
2915,4163,894,14,0
2916,4163,895,15,0
2917,4163,896,16,0
2905,4163,897,17,0
2906,4163,899,18,0
2701,4163,901,19,0
2702,4163,903,20,0
1270,4163,906,21,0
1456,4163,908,22,0
1457,4163,910,23,0
1510,4163,913,24,1
3901,4137,1130,1,0
3902,4137,1131,2,0
3903,4137,1132,3,0
3913,4137,1133,4,0
3905,4137,1134,5,0
3906,4137,1135,6,0
3907,4137,1135,7,0
3908,4137,1136,8,0
2928,4137,1138,9,0
2911,4137,1139,10,0
2912,4137,1140,11,0
2913,4137,1141,12,0
2914,4137,1142,13,0
2915,4137,1144,14,0
2916,4137,1144,15,0
2917,4137,1145,16,0
2905,4137,1146,17,0
2906,4137,1148,18,0
2701,4137,1150,19,0
2702,4137,1151,20,0
1270,4137,1154,21,0
1456,4137,1156,22,0
1457,4137,1158,23,0
1510,4137,1161,24,1
1510,1286,1055,1,0
1449,1286,1058,2,0
1450,1286,1059,3,0
1267,1286,1061,4,0
2262,1286,1064,5,0
2704,1286,1066,6,0
2907,1286,1069,7,0
2918,1286,1070,8,0
2919,1286,1072,9,0
2920,1286,1073,10,0
2921,1286,1074,11,0
2922,1286,1076,12,0
2923,1286,1077,13,0
2924,1286,1079,14,0
2927,1286,1080,15,0
2930,1286,1081,16,0
3909,1286,1084,17,0
3910,1286,1085,18,0
3911,1286,1085,19,0
3912,1286,1087,20,0
3904,1286,1087,21,0
3914,1286,1088,22,0
3915,1286,1089,23,0
3901,1286,1090,24,1
3901,1243,845,1,0
3902,1243,847,2,0
3903,1243,848,3,0
3913,1243,848,4,0
3905,1243,849,5,0
3906,1243,850,6,0
3907,1243,850,7,0
3908,1243,851,8,0
2928,1243,853,9,0
2911,1243,854,10,0
2912,1243,854,11,0
2913,1243,855,12,0
2914,1243,856,13,0
2915,1243,857,14,0
2916,1243,858,15,0
2917,1243,858,16,0
2905,1243,859,17,0
2906,1243,860,18,0
2701,1243,862,19,0
2702,1243,863,20,0
1270,1243,866,21,0
1456,1243,868,22,0
1457,1243,869,23,0
1510,1243,872,24,1
3901,5691,440,1,0
3902,5691,441,2,0
3903,5691,442,3,0
3913,5691,443,4,0
3905,5691,444,5,0
3906,5691,445,6,0
3907,5691,445,7,0
3908,5691,446,8,0
2928,5691,449,9,0
2911,5691,450,10,0
2912,5691,451,11,0
2913,5691,452,12,0
2914,5691,453,13,0
2915,5691,455,14,0
2916,5691,456,15,0
2917,5691,457,16,0
2905,5691,458,17,0
2906,5691,460,18,0
2701,5691,463,19,0
2702,5691,465,20,0
1270,5691,469,21,0
1456,5691,471,22,0
1457,5691,472,23,0
1510,5691,475,24,1
1510,5695,1225,1,0
1449,5695,1227,2,0
1450,5695,1229,3,0
1267,5695,1230,4,0
2262,5695,1233,5,0
2704,5695,1234,6,0
2907,5695,1236,7,0
2918,5695,1238,8,0
2919,5695,1239,9,0
2920,5695,1240,10,0
2921,5695,1241,11,0
2922,5695,1242,12,0
2923,5695,1243,13,0
2924,5695,1244,14,0
2927,5695,1245,15,0
2930,5695,1246,16,0
3909,5695,1248,17,0
3910,5695,1249,18,0
3911,5695,1249,19,0
3912,5695,1250,20,0
3904,5695,1250,21,0
3914,5695,1251,22,0
3915,5695,1252,23,0
3901,5695,1254,24,1
3901,2763,390,1,0
3902,2763,391,2,0
3903,2763,392,3,0
3913,2763,393,4,0
3905,2763,394,5,0
3906,2763,395,6,0
3907,2763,395,7,0
3908,2763,396,8,0
2928,2763,398,9,0
2911,2763,399,10,0
2912,2763,400,11,0
2913,2763,401,12,0
2914,2763,402,13,0
2915,2763,404,14,0
2916,2763,404,15,0
2917,2763,405,16,0
2905,2763,406,17,0
2906,2763,408,18,0
2701,2763,410,19,0
2702,2763,412,20,0
1270,2763,415,21,0
1456,2763,417,22,0
1457,2763,418,23,0
1510,2763,421,24,1
1510,2706,665,1,0
1449,2706,667,2,0
1450,2706,669,3,0
1267,2706,670,4,0
2262,2706,673,5,0
2704,2706,674,6,0
2907,2706,677,7,0
2918,2706,678,8,0
2919,2706,679,9,0
2920,2706,680,10,0
2921,2706,681,11,0
2922,2706,683,12,0
2923,2706,684,13,0
2924,2706,685,14,0
2927,2706,686,15,0
2930,2706,687,16,0
3909,2706,689,17,0
3910,2706,690,18,0
3911,2706,691,19,0
3912,2706,692,20,0
3904,2706,692,21,0
3914,2706,693,22,0
3915,2706,694,23,0
3901,2706,695,24,1
3901,2715,1105,1,0
3902,2715,1106,2,0
3903,2715,1107,3,0
3913,2715,1108,4,0
3905,2715,1109,5,0
3906,2715,1110,6,0
3907,2715,1110,7,0
3908,2715,1111,8,0
2928,2715,1113,9,0
2911,2715,1114,10,0
2912,2715,1115,11,0
2913,2715,1116,12,0
2914,2715,1117,13,0
2915,2715,1119,14,0
2916,2715,1119,15,0
2917,2715,1120,16,0
2905,2715,1121,17,0
2906,2715,1123,18,0
2701,2715,1125,19,0
2702,2715,1126,20,0
1270,2715,1129,21,0
1456,2715,1131,22,0
1457,2715,1133,23,0
1510,2715,1136,24,1
1510,4490,375,1,0
1449,4490,377,2,0
1450,4490,379,3,0
1267,4490,380,4,0
2262,4490,383,5,0
2704,4490,384,6,0
2907,4490,387,7,0
2918,4490,388,8,0
2919,4490,389,9,0
2920,4490,390,10,0
2921,4490,391,11,0
2922,4490,392,12,0
2923,4490,393,13,0
2924,4490,394,14,0
2927,4490,395,15,0
2930,4490,396,16,0
3909,4490,398,17,0
3910,4490,399,18,0
3911,4490,400,19,0
3912,4490,401,20,0
3904,4490,401,21,0
3914,4490,402,22,0
3915,4490,403,23,0
3901,4490,404,24,1
3901,1106,365,1,0
3902,1106,366,2,0
3903,1106,367,3,0
3913,1106,368,4,0
3905,1106,369,5,0
3906,1106,370,6,0
3907,1106,370,7,0
3908,1106,371,8,0
2928,1106,373,9,0
2911,1106,374,10,0
2912,1106,375,11,0
2913,1106,376,12,0
2914,1106,377,13,0
2915,1106,379,14,0
2916,1106,379,15,0
2917,1106,380,16,0
2905,1106,381,17,0
2906,1106,383,18,0
2701,1106,385,19,0
2702,1106,387,20,0
1270,1106,390,21,0
1456,1106,392,22,0
1457,1106,393,23,0
1510,1106,396,24,1
3901,5542,1015,1,0
3902,5542,1016,2,0
3903,5542,1017,3,0
3913,5542,1018,4,0
3905,5542,1019,5,0
3906,5542,1020,6,0
3907,5542,1020,7,0
3908,5542,1021,8,0
2928,5542,1024,9,0
2911,5542,1025,10,0
2912,5542,1026,11,0
2913,5542,1027,12,0
2914,5542,1028,13,0
2915,5542,1030,14,0
2916,5542,1031,15,0
2917,5542,1032,16,0
2905,5542,1033,17,0
2906,5542,1035,18,0
2749,5542,1037,19,0
2701,5542,1038,20,0
2702,5542,1040,21,0
1270,5542,1045,22,0
1456,5542,1047,23,0
1457,5542,1049,24,0
1510,5542,1052,25,1
1510,1132,1020,1,0
1449,1132,1022,2,0
1450,1132,1024,3,0
1267,1132,1025,4,0
2262,1132,1028,5,0
2704,1132,1029,6,0
2907,1132,1032,7,0
2918,1132,1033,8,0
2919,1132,1034,9,0
2920,1132,1035,10,0
2921,1132,1036,11,0
2922,1132,1038,12,0
2923,1132,1039,13,0
2924,1132,1040,14,0
2927,1132,1041,15,0
2930,1132,1042,16,0
3909,1132,1044,17,0
3910,1132,1045,18,0
3911,1132,1046,19,0
3912,1132,1047,20,0
3904,1132,1047,21,0
3914,1132,1048,22,0
3915,1132,1049,23,0
3901,1132,1050,24,1
1510,1139,870,1,0
1449,1139,872,2,0
1450,1139,874,3,0
1267,1139,875,4,0
2262,1139,878,5,0
2704,1139,879,6,0
2907,1139,882,7,0
2918,1139,883,8,0
2919,1139,884,9,0
2920,1139,885,10,0
2921,1139,886,11,0
2922,1139,888,12,0
2923,1139,889,13,0
2924,1139,890,14,0
2927,1139,891,15,0
2930,1139,892,16,0
3909,1139,894,17,0
3910,1139,895,18,0
3911,1139,896,19,0
3912,1139,897,20,0
3904,1139,897,21,0
3914,1139,898,22,0
3915,1139,899,23,0
3901,1139,900,24,1
3901,1136,1225,1,0
3902,1136,1226,2,0
3903,1136,1227,3,0
3913,1136,1228,4,0
3905,1136,1229,5,0
3906,1136,1230,6,0
3907,1136,1230,7,0
3908,1136,1231,8,0
2928,1136,1233,9,0
2911,1136,1234,10,0
2912,1136,1235,11,0
2913,1136,1236,12,0
2914,1136,1237,13,0
2915,1136,1239,14,0
2916,1136,1239,15,0
2917,1136,1240,16,0
2905,1136,1241,17,0
2906,1136,1243,18,0
2701,1136,1245,19,0
2702,1136,1246,20,0
1270,1136,1249,21,0
1456,1136,1251,22,0
1457,1136,1253,23,0
1510,1136,1256,24,1
3901,5596,735,1,0
3902,5596,736,2,0
3903,5596,737,3,0
3913,5596,738,4,0
3905,5596,739,5,0
3906,5596,740,6,0
3907,5596,740,7,0
3908,5596,741,8,0
2928,5596,743,9,0
2911,5596,744,10,0
2912,5596,745,11,0
2913,5596,746,12,0
2914,5596,747,13,0
2915,5596,749,14,0
2916,5596,750,15,0
2917,5596,751,16,0
2905,5596,752,17,0
2906,5596,754,18,0
2701,5596,756,19,0
2702,5596,757,20,0
1270,5596,760,21,0
1456,5596,762,22,0
1457,5596,763,23,0
1510,5596,766,24,1
3901,5592,1005,1,0
3902,5592,1006,2,0
3903,5592,1007,3,0
3913,5592,1008,4,0
3905,5592,1009,5,0
3906,5592,1010,6,0
3907,5592,1010,7,0
3908,5592,1011,8,0
2928,5592,1013,9,0
2911,5592,1014,10,0
2912,5592,1015,11,0
2913,5592,1016,12,0
2914,5592,1017,13,0
2915,5592,1019,14,0
2916,5592,1020,15,0
2917,5592,1021,16,0
2905,5592,1022,17,0
2906,5592,1024,18,0
2701,5592,1026,19,0
2702,5592,1028,20,0
1270,5592,1031,21,0
1456,5592,1033,22,0
1457,5592,1035,23,0
1510,5592,1038,24,1
1510,623,845,1,0
1449,623,847,2,0
1450,623,849,3,0
1267,623,850,4,0
2262,623,853,5,0
2704,623,854,6,0
2907,623,857,7,0
2918,623,858,8,0
2919,623,859,9,0
2920,623,860,10,0
2921,623,861,11,0
2922,623,863,12,0
2923,623,864,13,0
2924,623,865,14,0
2927,623,866,15,0
2930,623,867,16,0
3909,623,869,17,0
3910,623,870,18,0
3911,623,871,19,0
3912,623,872,20,0
3904,623,872,21,0
3914,623,873,22,0
3915,623,874,23,0
3901,623,875,24,1
3901,627,830,1,0
3902,627,831,2,0
3903,627,832,3,0
3913,627,833,4,0
3905,627,834,5,0
3906,627,835,6,0
3907,627,835,7,0
3908,627,836,8,0
2928,627,838,9,0
2911,627,839,10,0
2912,627,840,11,0
2913,627,841,12,0
2914,627,842,13,0
2915,627,844,14,0
2916,627,845,15,0
2917,627,846,16,0
2905,627,847,17,0
2906,627,849,18,0
2701,627,851,19,0
2702,627,853,20,0
1270,627,856,21,0
1456,627,858,22,0
1457,627,860,23,0
1510,627,863,24,1
3901,610,1063,1,0
3902,610,1064,2,0
3903,610,1065,3,0
3913,610,1066,4,0
3905,610,1067,5,0
3906,610,1068,6,0
3907,610,1068,7,0
3908,610,1069,8,0
2928,610,1072,9,0
2911,610,1073,10,0
2912,610,1074,11,0
2913,610,1075,12,0
2914,610,1076,13,0
2915,610,1078,14,0
2916,610,1079,15,0
2917,610,1080,16,0
2905,610,1081,17,0
2906,610,1083,18,0
2701,610,1085,19,0
2702,610,1087,20,0
1270,610,1090,21,0
1456,610,1092,22,0
1457,610,1093,23,0
1510,610,1096,24,1
3901,647,780,1,0
3902,647,782,2,0
3903,647,783,3,0
3913,647,783,4,0
3905,647,784,5,0
3906,647,785,6,0
3907,647,785,7,0
3908,647,786,8,0
2928,647,788,9,0
2911,647,789,10,0
2912,647,789,11,0
2913,647,790,12,0
2914,647,791,13,0
2915,647,792,14,0
2916,647,793,15,0
2917,647,793,16,0
2905,647,794,17,0
2906,647,795,18,0
2701,647,797,19,0
2702,647,798,20,0
1270,647,801,21,0
1456,647,803,22,0
1457,647,804,23,0
1510,647,807,24,1
1510,2584,430,1,0
1449,2584,432,2,0
1450,2584,434,3,0
1267,2584,435,4,0
2262,2584,438,5,0
2704,2584,439,6,0
2907,2584,442,7,0
2918,2584,443,8,0
2919,2584,444,9,0
2920,2584,445,10,0
2921,2584,446,11,0
2922,2584,447,12,0
2923,2584,448,13,0
2924,2584,449,14,0
2927,2584,450,15,0
2930,2584,451,16,0
3909,2584,453,17,0
3910,2584,454,18,0
3911,2584,455,19,0
3912,2584,456,20,0
3904,2584,456,21,0
3914,2584,457,22,0
3915,2584,458,23,0
3901,2584,459,24,1
3901,4331,1055,1,0
3902,4331,1057,2,0
3903,4331,1058,3,0
3913,4331,1058,4,0
3905,4331,1059,5,0
3906,4331,1060,6,0
3907,4331,1060,7,0
3908,4331,1061,8,0
2928,4331,1063,9,0
2911,4331,1064,10,0
2912,4331,1064,11,0
2913,4331,1065,12,0
2914,4331,1066,13,0
2915,4331,1067,14,0
2916,4331,1068,15,0
2917,4331,1068,16,0
2905,4331,1069,17,0
2906,4331,1070,18,0
2701,4331,1072,19,0
2702,4331,1073,20,0
1270,4331,1076,21,0
1456,4331,1078,22,0
1457,4331,1079,23,0
1510,4331,1082,24,1
3901,2558,470,1,0
3902,2558,471,2,0
3903,2558,472,3,0
3913,2558,473,4,0
3905,2558,474,5,0
3906,2558,475,6,0
3907,2558,475,7,0
3908,2558,476,8,0
2928,2558,479,9,0
2911,2558,480,10,0
2912,2558,481,11,0
2913,2558,482,12,0
2914,2558,483,13,0
2915,2558,485,14,0
2916,2558,486,15,0
2917,2558,487,16,0
2905,2558,488,17,0
2906,2558,490,18,0
2701,2558,493,19,0
2702,2558,495,20,0
1270,2558,499,21,0
1456,2558,501,22,0
1457,2558,502,23,0
1510,2558,505,24,1
1510,4300,1190,1,0
1449,4300,1192,2,0
1450,4300,1194,3,0
1267,4300,1195,4,0
2262,4300,1198,5,0
2704,4300,1199,6,0
2907,4300,1202,7,0
2918,4300,1203,8,0
2919,4300,1204,9,0
2920,4300,1205,10,0
2921,4300,1206,11,0
2922,4300,1207,12,0
2923,4300,1208,13,0
2924,4300,1209,14,0
2927,4300,1210,15,0
2930,4300,1211,16,0
3909,4300,1213,17,0
3910,4300,1214,18,0
3911,4300,1215,19,0
3912,4300,1216,20,0
3904,4300,1216,21,0
3914,4300,1217,22,0
3915,4300,1218,23,0
3901,4300,1219,24,1
3901,1047,457,1,0
3902,1047,458,2,0
3903,1047,459,3,0
3913,1047,460,4,0
3905,1047,461,5,0
3906,1047,462,6,0
3907,1047,462,7,0
3908,1047,463,8,0
2928,1047,466,9,0
2911,1047,467,10,0
2912,1047,468,11,0
2913,1047,469,12,0
2914,1047,470,13,0
2915,1047,472,14,0
2916,1047,473,15,0
2917,1047,474,16,0
2905,1047,475,17,0
2906,1047,477,18,0
2701,1047,480,19,0
2702,1047,482,20,0
1270,1047,486,21,0
1456,1047,488,22,0
1457,1047,489,23,0
1510,1047,492,24,1
3901,1034,420,1,0
3902,1034,421,2,0
3903,1034,422,3,0
3913,1034,423,4,0
3905,1034,424,5,0
3906,1034,425,6,0
3907,1034,425,7,0
3908,1034,426,8,0
2928,1034,428,9,0
2911,1034,429,10,0
2912,1034,430,11,0
2913,1034,431,12,0
2914,1034,432,13,0
2915,1034,434,14,0
2916,1034,434,15,0
2917,1034,435,16,0
2905,1034,436,17,0
2906,1034,438,18,0
2701,1034,440,19,0
2702,1034,441,20,0
1270,1034,444,21,0
1456,1034,446,22,0
1457,1034,448,23,0
1510,1034,451,24,1
3901,1028,905,1,0
3902,1028,906,2,0
3903,1028,907,3,0
3913,1028,908,4,0
3905,1028,909,5,0
3906,1028,910,6,0
3907,1028,910,7,0
3908,1028,911,8,0
2928,1028,913,9,0
2911,1028,914,10,0
2912,1028,915,11,0
2913,1028,916,12,0
2914,1028,917,13,0
2915,1028,919,14,0
2916,1028,920,15,0
2917,1028,921,16,0
2905,1028,922,17,0
2906,1028,924,18,0
2701,1028,926,19,0
2702,1028,928,20,0
1270,1028,931,21,0
1456,1028,933,22,0
1457,1028,935,23,0
1510,1028,938,24,1
3901,1023,1185,1,0
3902,1023,1186,2,0
3903,1023,1187,3,0
3913,1023,1188,4,0
3905,1023,1189,5,0
3906,1023,1190,6,0
3907,1023,1190,7,0
3908,1023,1191,8,0
2928,1023,1193,9,0
2911,1023,1194,10,0
2912,1023,1195,11,0
2913,1023,1196,12,0
2914,1023,1197,13,0
2915,1023,1199,14,0
2916,1023,1199,15,0
2917,1023,1200,16,0
2905,1023,1201,17,0
2906,1023,1203,18,0
2701,1023,1205,19,0
2702,1023,1206,20,0
1270,1023,1209,21,0
1456,1023,1211,22,0
1457,1023,1212,23,0
1510,1023,1215,24,1
3901,1032,710,1,0
3902,1032,712,2,0
3903,1032,713,3,0
3913,1032,713,4,0
3905,1032,714,5,0
3906,1032,715,6,0
3907,1032,715,7,0
3908,1032,716,8,0
2928,1032,718,9,0
2911,1032,719,10,0
2912,1032,719,11,0
2913,1032,720,12,0
2914,1032,721,13,0
2915,1032,722,14,0
2916,1032,723,15,0
2917,1032,723,16,0
2905,1032,724,17,0
2906,1032,725,18,0
2701,1032,727,19,0
2702,1032,728,20,0
1270,1032,731,21,0
1456,1032,733,22,0
1457,1032,734,23,0
1510,1032,737,24,1
3901,1013,700,1,0
3902,1013,701,2,0
3903,1013,702,3,0
3913,1013,703,4,0
3905,1013,704,5,0
3906,1013,705,6,0
3907,1013,705,7,0
3908,1013,706,8,0
2928,1013,708,9,0
2911,1013,709,10,0
2912,1013,710,11,0
2913,1013,711,12,0
2914,1013,712,13,0
2915,1013,714,14,0
2916,1013,715,15,0
2917,1013,716,16,0
2905,1013,717,17,0
2906,1013,719,18,0
2701,1013,721,19,0
2702,1013,722,20,0
1270,1013,725,21,0
1456,1013,727,22,0
1457,1013,728,23,0
1510,1013,731,24,1
3901,1021,1195,1,0
3902,1021,1197,2,0
3903,1021,1198,3,0
3913,1021,1198,4,0
3905,1021,1199,5,0
3906,1021,1200,6,0
3907,1021,1200,7,0
3908,1021,1201,8,0
2928,1021,1203,9,0
2911,1021,1204,10,0
2912,1021,1204,11,0
2913,1021,1205,12,0
2914,1021,1206,13,0
2915,1021,1207,14,0
2916,1021,1208,15,0
2917,1021,1208,16,0
2905,1021,1209,17,0
2906,1021,1210,18,0
2701,1021,1212,19,0
2702,1021,1213,20,0
1270,1021,1216,21,0
1456,1021,1218,22,0
1457,1021,1219,23,0
1510,1021,1222,24,1
1510,5372,1130,1,0
1449,5372,1133,2,0
1450,5372,1134,3,0
1267,5372,1136,4,0
2262,5372,1139,5,0
2704,5372,1141,6,0
2907,5372,1144,7,0
2918,5372,1145,8,0
2919,5372,1146,9,0
2920,5372,1147,10,0
2921,5372,1148,11,0
2922,5372,1149,12,0
2923,5372,1150,13,0
2924,5372,1151,14,0
2927,5372,1152,15,0
2930,5372,1153,16,0
3909,5372,1155,17,0
3910,5372,1156,18,0
3911,5372,1157,19,0
3912,5372,1158,20,0
3904,5372,1158,21,0
3914,5372,1159,22,0
3915,5372,1160,23,0
3901,5372,1161,24,1
1510,6085,1190,1,0
1449,6085,1193,2,0
1450,6085,1194,3,0
1267,6085,1196,4,0
2262,6085,1199,5,0
2704,6085,1200,6,0
2907,6085,1203,7,0
2918,6085,1204,8,0
2919,6085,1205,9,0
2920,6085,1206,10,0
2921,6085,1207,11,0
2922,6085,1208,12,0
2923,6085,1209,13,0
2924,6085,1210,14,0
2927,6085,1211,15,0
2930,6085,1212,16,0
3909,6085,1214,17,0
3910,6085,1215,18,0
3911,6085,1216,19,0
3912,6085,1217,20,0
3904,6085,1217,21,0
3914,6085,1218,22,0
3915,6085,1219,23,0
3901,6085,1220,24,1
1510,5346,965,1,0
1449,5346,967,2,0
1450,5346,969,3,0
1267,5346,970,4,0
2262,5346,973,5,0
2704,5346,974,6,0
2907,5346,977,7,0
2918,5346,978,8,0
2919,5346,979,9,0
2920,5346,980,10,0
2921,5346,981,11,0
2922,5346,983,12,0
2923,5346,984,13,0
2924,5346,985,14,0
2927,5346,986,15,0
2930,5346,987,16,0
3909,5346,989,17,0
3910,5346,990,18,0
3911,5346,991,19,0
3912,5346,992,20,0
3904,5346,992,21,0
3914,5346,993,22,0
3915,5346,994,23,0
3901,5346,995,24,1
3901,5300,455,1,0
3902,5300,456,2,0
3903,5300,457,3,0
3913,5300,458,4,0
3905,5300,459,5,0
3906,5300,460,6,0
3907,5300,460,7,0
3908,5300,461,8,0
2928,5300,463,9,0
2911,5300,464,10,0
2912,5300,465,11,0
2913,5300,466,12,0
2914,5300,467,13,0
2915,5300,469,14,0
2916,5300,469,15,0
2917,5300,470,16,0
2905,5300,471,17,0
2906,5300,473,18,0
2701,5300,475,19,0
2702,5300,476,20,0
1270,5300,479,21,0
1456,5300,481,22,0
1457,5300,483,23,0
1510,5300,486,24,1
1510,6004,455,1,0
1449,6004,457,2,0
1450,6004,459,3,0
1267,6004,460,4,0
2262,6004,463,5,0
2704,6004,464,6,0
2907,6004,467,7,0
2918,6004,468,8,0
2919,6004,469,9,0
2920,6004,470,10,0
2921,6004,471,11,0
2922,6004,472,12,0
2923,6004,473,13,0
2924,6004,474,14,0
2927,6004,475,15,0
2930,6004,476,16,0
3909,6004,478,17,0
3910,6004,479,18,0
3911,6004,480,19,0
3912,6004,481,20,0
3904,6004,481,21,0
3914,6004,482,22,0
3915,6004,483,23,0
3901,6004,484,24,1
3901,6065,560,1,0
3902,6065,561,2,0
3903,6065,562,3,0
3913,6065,563,4,0
3905,6065,564,5,0
3906,6065,565,6,0
3907,6065,565,7,0
3908,6065,566,8,0
2928,6065,568,9,0
2911,6065,569,10,0
2912,6065,570,11,0
2913,6065,571,12,0
2914,6065,572,13,0
2915,6065,574,14,0
2916,6065,575,15,0
2917,6065,576,16,0
2905,6065,577,17,0
2906,6065,579,18,0
2701,6065,581,19,0
2702,6065,582,20,0
1270,6065,585,21,0
1456,6065,587,22,0
1457,6065,589,23,0
1510,6065,592,24,1
3901,5242,955,1,0
3902,5242,956,2,0
3903,5242,957,3,0
3913,5242,958,4,0
3905,5242,959,5,0
3906,5242,960,6,0
3907,5242,960,7,0
3908,5242,961,8,0
2928,5242,963,9,0
2911,5242,964,10,0
2912,5242,965,11,0
2913,5242,966,12,0
2914,5242,967,13,0
2915,5242,969,14,0
2916,5242,970,15,0
2917,5242,971,16,0
2905,5242,972,17,0
2906,5242,974,18,0
2701,5242,976,19,0
2702,5242,978,20,0
1270,5242,981,21,0
1456,5242,983,22,0
1457,5242,985,23,0
1510,5242,988,24,1
1510,6216,1100,1,0
1449,6216,1103,2,0
1450,6216,1104,3,0
1267,6216,1106,4,0
2262,6216,1109,5,0
2704,6216,1111,6,0
2907,6216,1114,7,0
2918,6216,1115,8,0
2919,6216,1116,9,0
2920,6216,1117,10,0
2921,6216,1118,11,0
2922,6216,1120,12,0
2923,6216,1121,13,0
2924,6216,1123,14,0
2927,6216,1124,15,0
2930,6216,1125,16,0
3909,6216,1127,17,0
3910,6216,1128,18,0
3911,6216,1129,19,0
3912,6216,1130,20,0
3904,6216,1130,21,0
3914,6216,1131,22,0
3915,6216,1132,23,0
3901,6216,1133,24,1
1510,5149,820,1,0
1449,5149,822,2,0
1450,5149,824,3,0
1267,5149,825,4,0
2262,5149,828,5,0
2704,5149,829,6,0
2907,5149,832,7,0
2918,5149,833,8,0
2919,5149,834,9,0
2920,5149,835,10,0
2921,5149,836,11,0
2922,5149,838,12,0
2923,5149,839,13,0
2924,5149,840,14,0
2927,5149,841,15,0
2930,5149,842,16,0
3909,5149,844,17,0
3910,5149,845,18,0
3911,5149,846,19,0
3912,5149,847,20,0
3904,5149,847,21,0
3914,5149,848,22,0
3915,5149,849,23,0
3901,5149,850,24,1
1510,5196,1090,1,0
1449,5196,1092,2,0
1450,5196,1094,3,0
1267,5196,1095,4,0
2262,5196,1098,5,0
2704,5196,1099,6,0
2907,5196,1101,7,0
2918,5196,1103,8,0
2919,5196,1104,9,0
2920,5196,1105,10,0
2921,5196,1106,11,0
2922,5196,1107,12,0
2923,5196,1108,13,0
2924,5196,1109,14,0
2927,5196,1110,15,0
2930,5196,1111,16,0
3909,5196,1113,17,0
3910,5196,1114,18,0
3911,5196,1114,19,0
3912,5196,1115,20,0
3904,5196,1115,21,0
3914,5196,1116,22,0
3915,5196,1117,23,0
3901,5196,1119,24,1
3901,5015,525,1,0
3902,5015,526,2,0
3903,5015,527,3,0
3913,5015,528,4,0
3905,5015,529,5,0
3906,5015,530,6,0
3907,5015,530,7,0
3908,5015,531,8,0
2928,5015,533,9,0
2911,5015,534,10,0
2912,5015,535,11,0
2913,5015,536,12,0
2914,5015,537,13,0
2915,5015,539,14,0
2916,5015,539,15,0
2917,5015,540,16,0
2905,5015,541,17,0
2906,5015,543,18,0
2701,5015,545,19,0
2702,5015,546,20,0
1270,5015,549,21,0
1456,5015,551,22,0
1457,5015,553,23,0
1510,5015,556,24,1
1510,6161,1010,1,0
1449,6161,1012,2,0
1450,6161,1014,3,0
1267,6161,1015,4,0
2262,6161,1018,5,0
2704,6161,1020,6,0
2907,6161,1023,7,0
2918,6161,1024,8,0
2919,6161,1027,9,0
2920,6161,1028,10,0
2921,6161,1029,11,0
2922,6161,1031,12,0
2923,6161,1032,13,0
2924,6161,1034,14,0
2927,6161,1035,15,0
2930,6161,1036,16,0
3909,6161,1039,17,0
3910,6161,1040,18,0
3911,6161,1040,19,0
3912,6161,1042,20,0
3904,6161,1042,21,0
3914,6161,1043,22,0
3915,6161,1044,23,0
3901,6161,1045,24,1
1510,6151,1070,1,0
1449,6151,1073,2,0
1450,6151,1074,3,0
1267,6151,1076,4,0
2262,6151,1079,5,0
2704,6151,1081,6,0
2907,6151,1084,7,0
2918,6151,1085,8,0
2919,6151,1087,9,0
2920,6151,1088,10,0
2921,6151,1089,11,0
2922,6151,1091,12,0
2923,6151,1092,13,0
2924,6151,1094,14,0
2927,6151,1095,15,0
2930,6151,1096,16,0
3909,6151,1099,17,0
3910,6151,1100,18,0
3911,6151,1100,19,0
3912,6151,1102,20,0
3904,6151,1102,21,0
3914,6151,1103,22,0
3915,6151,1104,23,0
3901,6151,1105,24,1
3901,6159,930,1,0
3902,6159,931,2,0
3903,6159,932,3,0
3913,6159,933,4,0
3905,6159,934,5,0
3906,6159,935,6,0
3907,6159,935,7,0
3908,6159,936,8,0
2928,6159,938,9,0
2911,6159,939,10,0
2912,6159,940,11,0
2913,6159,941,12,0
2914,6159,942,13,0
2915,6159,944,14,0
2916,6159,945,15,0
2917,6159,946,16,0
2905,6159,947,17,0
2906,6159,949,18,0
2701,6159,951,19,0
2702,6159,953,20,0
1270,6159,956,21,0
1456,6159,958,22,0
1457,6159,960,23,0
1510,6159,963,24,1
3901,6180,665,1,0
3902,6180,666,2,0
3903,6180,667,3,0
3913,6180,668,4,0
3905,6180,669,5,0
3906,6180,670,6,0
3907,6180,670,7,0
3908,6180,671,8,0
2928,6180,673,9,0
2911,6180,674,10,0
2912,6180,675,11,0
2913,6180,676,12,0
2914,6180,677,13,0
2915,6180,679,14,0
2916,6180,680,15,0
2917,6180,681,16,0
2905,6180,682,17,0
2906,6180,684,18,0
2701,6180,686,19,0
2702,6180,687,20,0
1270,6180,690,21,0
1456,6180,692,22,0
1457,6180,694,23,0
1510,6180,697,24,1
1510,5023,1220,1,0
1449,5023,1223,2,0
1450,5023,1224,3,0
1267,5023,1226,4,0
2262,5023,1229,5,0
2704,5023,1230,6,0
2907,5023,1233,7,0
2918,5023,1234,8,0
2919,5023,1235,9,0
2920,5023,1236,10,0
2921,5023,1237,11,0
2922,5023,1238,12,0
2923,5023,1239,13,0
2924,5023,1240,14,0
2927,5023,1241,15,0
2930,5023,1242,16,0
3909,5023,1244,17,0
3910,5023,1245,18,0
3911,5023,1246,19,0
3912,5023,1247,20,0
3904,5023,1247,21,0
3914,5023,1248,22,0
3915,5023,1249,23,0
3901,5023,1250,24,1
3901,5091,630,1,0
3902,5091,631,2,0
3903,5091,632,3,0
3913,5091,633,4,0
3905,5091,634,5,0
3906,5091,635,6,0
3907,5091,635,7,0
3908,5091,636,8,0
2928,5091,638,9,0
2911,5091,639,10,0
2912,5091,640,11,0
2913,5091,641,12,0
2914,5091,642,13,0
2915,5091,644,14,0
2916,5091,645,15,0
2917,5091,646,16,0
2905,5091,647,17,0
2906,5091,649,18,0
2701,5091,651,19,0
2702,5091,652,20,0
1270,5091,655,21,0
1456,5091,657,22,0
1457,5091,659,23,0
1510,5091,662,24,1
3901,6423,1093,1,0
3902,6423,1094,2,0
3903,6423,1095,3,0
3913,6423,1096,4,0
3905,6423,1097,5,0
3906,6423,1098,6,0
3907,6423,1098,7,0
3908,6423,1099,8,0
2928,6423,1101,9,0
2911,6423,1102,10,0
2912,6423,1103,11,0
2913,6423,1104,12,0
2914,6423,1105,13,0
2915,6423,1107,14,0
2916,6423,1108,15,0
2917,6423,1109,16,0
2905,6423,1110,17,0
2906,6423,1112,18,0
2701,6423,1114,19,0
2702,6423,1115,20,0
1270,6423,1118,21,0
1456,6423,1120,22,0
1457,6423,1121,23,0
1510,6423,1124,24,1
3901,6454,455,1,0
3902,6454,456,2,0
3903,6454,457,3,0
3913,6454,458,4,0
3905,6454,459,5,0
3906,6454,460,6,0
3907,6454,460,7,0
3908,6454,461,8,0
2928,6454,464,9,0
2911,6454,465,10,0
2912,6454,466,11,0
2913,6454,468,12,0
2914,6454,469,13,0
2915,6454,471,14,1
3901,6367,1125,1,0
3902,6367,1127,2,0
3903,6367,1128,3,0
3913,6367,1128,4,0
3905,6367,1129,5,0
3906,6367,1130,6,0
3907,6367,1130,7,0
3908,6367,1131,8,0
2928,6367,1133,9,0
2911,6367,1134,10,0
2912,6367,1134,11,0
2913,6367,1135,12,0
2914,6367,1136,13,0
2915,6367,1137,14,0
2916,6367,1138,15,0
2917,6367,1138,16,0
2905,6367,1139,17,0
2906,6367,1140,18,0
2701,6367,1142,19,0
2702,6367,1143,20,0
1270,6367,1146,21,0
1456,6367,1148,22,0
1457,6367,1149,23,0
1510,6367,1152,24,1
1510,6381,1120,1,0
1449,6381,1122,2,0
1450,6381,1124,3,0
1267,6381,1125,4,0
2262,6381,1128,5,0
2704,6381,1129,6,0
2907,6381,1132,7,0
2918,6381,1133,8,0
2919,6381,1134,9,0
2920,6381,1135,10,0
2921,6381,1136,11,0
2922,6381,1138,12,0
2923,6381,1139,13,0
2924,6381,1140,14,0
2927,6381,1141,15,0
2930,6381,1142,16,0
3909,6381,1144,17,0
3910,6381,1145,18,0
3911,6381,1146,19,0
3912,6381,1147,20,0
3904,6381,1147,21,0
3914,6381,1148,22,0
3915,6381,1149,23,0
3901,6381,1150,24,1
1510,6318,1115,1,0
1449,6318,1118,2,0
1450,6318,1119,3,0
1267,6318,1121,4,0
2262,6318,1124,5,0
2704,6318,1126,6,0
2907,6318,1129,7,0
2918,6318,1130,8,0
2919,6318,1131,9,0
2920,6318,1132,10,0
2921,6318,1133,11,0
2922,6318,1135,12,0
2923,6318,1136,13,0
2924,6318,1138,14,0
2927,6318,1139,15,0
2930,6318,1140,16,0
3909,6318,1142,17,0
3910,6318,1143,18,0
3911,6318,1144,19,0
3912,6318,1145,20,0
3904,6318,1145,21,0
3914,6318,1146,22,0
3915,6318,1147,23,0
3901,6318,1148,24,1
1510,6340,895,1,0
1449,6340,897,2,0
1450,6340,899,3,0
1267,6340,900,4,0
2262,6340,903,5,0
2704,6340,904,6,0
2907,6340,907,7,0
2918,6340,908,8,0
2919,6340,909,9,0
2920,6340,910,10,0
2921,6340,911,11,0
2922,6340,913,12,0
2923,6340,914,13,0
2924,6340,915,14,0
2927,6340,916,15,0
2930,6340,917,16,0
3909,6340,919,17,0
3910,6340,920,18,0
3911,6340,921,19,0
3912,6340,922,20,0
3904,6340,922,21,0
3914,6340,923,22,0
3915,6340,924,23,0
3901,6340,925,24,1
3901,6346,980,1,0
3902,6346,981,2,0
3903,6346,982,3,0
3913,6346,983,4,0
3905,6346,984,5,0
3906,6346,985,6,0
3907,6346,985,7,0
3908,6346,986,8,0
2928,6346,988,9,0
2911,6346,989,10,0
2912,6346,990,11,0
2913,6346,991,12,0
2914,6346,992,13,0
2915,6346,994,14,0
2916,6346,995,15,0
2917,6346,996,16,0
2905,6346,997,17,0
2906,6346,999,18,0
2701,6346,1001,19,0
2702,6346,1003,20,0
1270,6346,1006,21,0
1456,6346,1008,22,0
1457,6346,1010,23,0
1510,6346,1013,24,1
3901,6690,780,1,0
3902,6690,781,2,0
3903,6690,782,3,0
3913,6690,783,4,0
3905,6690,784,5,0
3906,6690,785,6,0
3907,6690,785,7,0
3908,6690,786,8,0
2928,6690,788,9,0
2911,6690,789,10,0
2912,6690,790,11,0
2913,6690,791,12,0
2914,6690,792,13,0
2915,6690,794,14,0
2916,6690,795,15,0
2917,6690,796,16,0
2905,6690,797,17,0
2906,6690,799,18,0
2701,6690,801,19,0
2702,6690,802,20,0
1270,6690,805,21,0
1456,6690,807,22,0
1457,6690,808,23,0
1510,6690,811,24,1
1510,6673,450,1,0
1449,6673,452,2,0
1450,6673,454,3,0
1267,6673,455,4,0
2262,6673,459,5,0
2704,6673,462,6,0
2749,6673,463,7,0
2907,6673,467,8,0
2918,6673,468,9,0
2919,6673,469,10,0
2920,6673,470,11,0
2921,6673,471,12,0
2922,6673,473,13,0
2923,6673,474,14,0
2924,6673,475,15,0
2927,6673,476,16,0
2930,6673,477,17,0
3909,6673,479,18,0
3910,6673,480,19,0
3911,6673,481,20,0
3912,6673,482,21,0
3904,6673,482,22,0
3914,6673,483,23,0
3915,6673,484,24,0
3901,6673,485,25,1
1510,6652,1020,1,0
1449,6652,1022,2,0
1450,6652,1024,3,0
1267,6652,1025,4,0
2262,6652,1028,5,0
2704,6652,1029,6,0
2907,6652,1031,7,0
2918,6652,1033,8,0
2919,6652,1034,9,0
2920,6652,1035,10,0
2921,6652,1036,11,0
2922,6652,1037,12,0
2923,6652,1038,13,0
2924,6652,1039,14,0
2927,6652,1040,15,0
2930,6652,1041,16,0
3909,6652,1043,17,0
3910,6652,1044,18,0
3911,6652,1044,19,0
3912,6652,1045,20,0
3904,6652,1045,21,0
3914,6652,1046,22,0
3915,6652,1047,23,0
3901,6652,1049,24,1
3901,1993,830,1,0
3902,1993,831,2,0
3903,1993,832,3,0
3913,1993,833,4,0
3905,1993,834,5,0
3906,1993,835,6,0
3907,1993,835,7,0
3908,1993,836,8,0
2928,1993,838,9,0
2911,1993,839,10,0
2912,1993,840,11,0
2913,1993,841,12,0
2914,1993,842,13,0
2915,1993,844,14,0
2916,1993,845,15,0
2917,1993,846,16,0
2905,1993,847,17,0
2906,1993,849,18,0
2701,1993,851,19,0
2702,1993,852,20,0
1270,1993,855,21,0
1456,1993,857,22,0
1457,1993,858,23,0
1510,1993,861,24,1
3901,1999,980,1,0
3902,1999,981,2,0
3903,1999,982,3,0
3913,1999,983,4,0
3905,1999,984,5,0
3906,1999,985,6,0
3907,1999,985,7,0
3908,1999,986,8,0
2928,1999,988,9,0
2911,1999,989,10,0
2912,1999,990,11,0
2913,1999,991,12,0
2914,1999,992,13,0
2915,1999,994,14,0
2916,1999,995,15,0
2917,1999,996,16,0
2905,1999,997,17,0
2906,1999,999,18,0
2701,1999,1001,19,0
2702,1999,1003,20,0
1270,1999,1006,21,0
1456,1999,1008,22,0
1457,1999,1009,23,0
1510,1999,1012,24,1
3901,1940,780,1,0
3902,1940,781,2,0
3903,1940,782,3,0
3913,1940,783,4,0
3905,1940,784,5,0
3906,1940,785,6,0
3907,1940,785,7,0
3908,1940,786,8,0
2928,1940,788,9,0
2911,1940,789,10,0
2912,1940,790,11,0
2913,1940,791,12,0
2914,1940,792,13,0
2915,1940,794,14,0
2916,1940,795,15,0
2917,1940,796,16,0
2905,1940,797,17,0
2906,1940,799,18,0
2701,1940,801,19,0
2702,1940,802,20,0
1270,1940,805,21,0
1456,1940,807,22,0
1457,1940,809,23,0
1510,1940,812,24,1
