arret_id,trajet_id,heure_depart,stop_sequence,terminus
2942,38284,1020,1,0
2922,38284,1022,2,0
2923,38284,1023,3,0
2924,38284,1025,4,0
2927,38284,1026,5,0
2930,38284,1027,6,0
3909,38284,1030,7,0
3910,38284,1031,8,0
3911,38284,1031,9,0
3912,38284,1032,10,0
3904,38284,1033,11,0
3914,38284,1034,12,0
3915,38284,1035,13,0
3901,38284,1036,14,1
2942,38283,1020,1,0
2922,38283,1022,2,0
2923,38283,1023,3,0
2924,38283,1025,4,0
2927,38283,1026,5,0
2930,38283,1027,6,0
3909,38283,1030,7,0
3910,38283,1031,8,0
3911,38283,1031,9,0
3912,38283,1032,10,0
3904,38283,1033,11,0
3914,38283,1034,12,0
3915,38283,1035,13,0
3901,38283,1036,14,1
2942,38285,1020,1,0
2922,38285,1022,2,0
2923,38285,1023,3,0
2924,38285,1025,4,0
2927,38285,1026,5,0
2930,38285,1027,6,0
3909,38285,1030,7,0
3910,38285,1031,8,0
3911,38285,1031,9,0
3912,38285,1032,10,0
3904,38285,1033,11,0
3914,38285,1034,12,0
3915,38285,1035,13,0
3901,38285,1036,14,1
2942,38280,965,1,0
2922,38280,967,2,0
2923,38280,968,3,0
2924,38280,970,4,0
2927,38280,971,5,0
2930,38280,972,6,0
3909,38280,975,7,0
3910,38280,976,8,0
3911,38280,976,9,0
3912,38280,977,10,0
3904,38280,978,11,0
3914,38280,979,12,0
3915,38280,980,13,0
3901,38280,981,14,1
2942,38282,1020,1,0
2922,38282,1022,2,0
2923,38282,1023,3,0
2924,38282,1025,4,0
2927,38282,1026,5,0
2930,38282,1027,6,0
3909,38282,1030,7,0
3910,38282,1031,8,0
3911,38282,1031,9,0
3912,38282,1032,10,0
3904,38282,1033,11,0
3914,38282,1034,12,0
3915,38282,1035,13,0
3901,38282,1036,14,1
2942,38281,965,1,0
2922,38281,967,2,0
2923,38281,968,3,0
2924,38281,970,4,0
2927,38281,971,5,0
2930,38281,972,6,0
3909,38281,975,7,0
3910,38281,976,8,0
3911,38281,976,9,0
3912,38281,977,10,0
3904,38281,978,11,0
3914,38281,979,12,0
3915,38281,980,13,0
3901,38281,981,14,1
3903,38275,462,1,0
3913,38275,463,2,0
3905,38275,464,3,0
3906,38275,465,4,0
3907,38275,466,5,0
3908,38275,467,6,0
2928,38275,470,7,0
2911,38275,471,8,0
2912,38275,472,9,0
2913,38275,474,10,0
2914,38275,475,11,0
2942,38275,477,12,1
3903,38274,462,1,0
3913,38274,463,2,0
3905,38274,464,3,0
3906,38274,465,4,0
3907,38274,466,5,0
3908,38274,467,6,0
2928,38274,470,7,0
2911,38274,471,8,0
2912,38274,472,9,0
2913,38274,474,10,0
2914,38274,475,11,0
2942,38274,477,12,1
3903,38273,462,1,0
3913,38273,463,2,0
3905,38273,464,3,0
3906,38273,465,4,0
3907,38273,466,5,0
3908,38273,467,6,0
2928,38273,470,7,0
2911,38273,471,8,0
2912,38273,472,9,0
2913,38273,474,10,0
2914,38273,475,11,0
2942,38273,477,12,1
3903,38272,462,1,0
3913,38272,463,2,0
3905,38272,464,3,0
3906,38272,465,4,0
3907,38272,466,5,0
3908,38272,467,6,0
2928,38272,470,7,0
2911,38272,471,8,0
2912,38272,472,9,0
2913,38272,474,10,0
2914,38272,475,11,0
2942,38272,477,12,1
2942,38279,965,1,0
2922,38279,967,2,0
2923,38279,968,3,0
2924,38279,970,4,0
2927,38279,971,5,0
2930,38279,972,6,0
3909,38279,975,7,0
3910,38279,976,8,0
3911,38279,976,9,0
3912,38279,977,10,0
3904,38279,978,11,0
3914,38279,979,12,0
3915,38279,980,13,0
3901,38279,981,14,1
2942,38278,965,1,0
2922,38278,967,2,0
2923,38278,968,3,0
2924,38278,970,4,0
2927,38278,971,5,0
2930,38278,972,6,0
3909,38278,975,7,0
3910,38278,976,8,0
3911,38278,976,9,0
3912,38278,977,10,0
3904,38278,978,11,0
3914,38278,979,12,0
3915,38278,980,13,0
3901,38278,981,14,1
2942,38277,750,1,0
2922,38277,752,2,0
2923,38277,753,3,0
2924,38277,755,4,0
2927,38277,756,5,0
2930,38277,757,6,0
3909,38277,760,7,0
3910,38277,761,8,0
3911,38277,761,9,0
3912,38277,762,10,0
3904,38277,763,11,0
3914,38277,764,12,0
3915,38277,765,13,0
3901,38277,766,14,1
2942,38276,690,1,0
2922,38276,692,2,0
2923,38276,693,3,0
2924,38276,695,4,0
2927,38276,696,5,0
2930,38276,697,6,0
3909,38276,700,7,0
3910,38276,701,8,0
3911,38276,701,9,0
3912,38276,702,10,0
3904,38276,703,11,0
3914,38276,704,12,0
3915,38276,705,13,0
3901,38276,706,14,1
3903,38271,462,1,0
3913,38271,463,2,0
3905,38271,464,3,0
3906,38271,465,4,0
3907,38271,466,5,0
3908,38271,467,6,0
2928,38271,470,7,0
2911,38271,471,8,0
2912,38271,472,9,0
2913,38271,474,10,0
2914,38271,475,11,0
2942,38271,477,12,1
