arret_id,trajet_id,heure_depart,stop_sequence,terminus
stgillw1,91,400,1,0
censtg1,91,401,2,0
clomarg1,91,402,3,0
etgstg1,91,403,4,0
vigne1,91,404,5,0
fouaye1,91,406,6,0
chenam1,91,408,7,0
leon1,91,409,8,0
tchemil1,91,410,9,0
pinault1,91,411,10,0
nomi1,91,414,11,0
berry1,91,420,12,0
bourdon1,91,421,13,0
villj4,91,425,14,0
idftill2,91,429,15,0
robique2,91,432,16,0
vizeule2,91,435,17,0
metrie2,91,436,18,0
belepmo2,91,437,19,0
courtin2,91,438,20,0
mamont2,91,439,21,0
texier2,91,439,22,0
fougero2,91,440,23,0
siland2,91,441,24,0
senestr2,91,442,25,0
viennai2,91,443,26,0
machftz2,91,443,27,0
chataig2,91,444,28,0
bignoch2,91,444,29,0
bersand1,91,445,30,1
stgillw1,7001,838,1,0
censtg1,7001,839,2,0
clomarg1,7001,840,3,0
etgstg1,7001,841,4,0
vigne1,7001,842,5,0
fouaye1,7001,844,6,0
chenam1,7001,846,7,0
leon1,7001,847,8,0
tchemil1,7001,848,9,0
pinault1,7001,849,10,0
nomi1,7001,851,11,0
berry1,7001,857,12,0
bourdon1,7001,858,13,0
villj4,7001,862,14,0
idftill2,7001,866,15,0
robique2,7001,869,16,0
vizeule2,7001,872,17,0
metrie2,7001,873,18,0
belepmo2,7001,874,19,0
courtin2,7001,875,20,0
mamont2,7001,876,21,0
texier2,7001,877,22,0
fougero2,7001,878,23,0
siland2,7001,879,24,0
senestr2,7001,880,25,0
viennai2,7001,881,26,0
machftz2,7001,881,27,0
chataig2,7001,882,28,0
bignoch2,7001,883,29,0
bersand1,7001,884,30,1
stgillw1,7014,480,1,0
censtg1,7014,481,2,0
clomarg1,7014,482,3,0
etgstg1,7014,483,4,0
vigne1,7014,484,5,0
fouaye1,7014,487,6,0
chenam1,7014,489,7,0
leon1,7014,490,8,0
tchemil1,7014,491,9,0
pinault1,7014,493,10,0
nomi1,7014,496,11,0
berry1,7014,502,12,0
bourdon1,7014,503,13,0
villj4,7014,507,14,0
idftill2,7014,511,15,0
robique2,7014,514,16,0
vizeule2,7014,517,17,0
metrie2,7014,518,18,0
belepmo2,7014,519,19,0
courtin2,7014,520,20,0
mamont2,7014,521,21,0
texier2,7014,522,22,0
fougero2,7014,523,23,0
siland2,7014,524,24,0
senestr2,7014,525,25,0
viennai2,7014,526,26,0
machftz2,7014,526,27,0
chataig2,7014,527,28,0
bignoch2,7014,528,29,0
bersand1,7014,529,30,1
villj4,3251,915,1,0
idftill2,3251,919,2,0
robique2,3251,922,3,0
vizeule2,3251,925,4,0
metrie2,3251,926,5,0
belepmo2,3251,927,6,0
courtin2,3251,928,7,0
mamont2,3251,929,8,0
texier2,3251,930,9,0
fougero2,3251,931,10,0
siland2,3251,932,11,0
senestr2,3251,933,12,0
viennai2,3251,934,13,0
machftz2,3251,934,14,0
chataig2,3251,935,15,0
bignoch2,3251,936,16,0
bersand1,3251,937,17,1
stgillw1,2135,873,1,0
censtg1,2135,874,2,0
clomarg1,2135,875,3,0
etgstg1,2135,876,4,0
vigne1,2135,877,5,0
fouaye1,2135,879,6,0
chenam1,2135,881,7,0
leon1,2135,882,8,0
tchemil1,2135,883,9,0
pinault1,2135,884,10,0
nomi1,2135,886,11,0
berry1,2135,892,12,0
bourdon1,2135,893,13,0
villj4,2135,897,14,0
idftill2,2135,901,15,0
robique2,2135,904,16,0
vizeule2,2135,907,17,0
metrie2,2135,908,18,0
belepmo2,2135,909,19,0
courtin2,2135,910,20,0
mamont2,2135,911,21,0
texier2,2135,912,22,0
fougero2,2135,913,23,0
siland2,2135,914,24,0
senestr2,2135,915,25,0
viennai2,2135,916,26,0
machftz2,2135,916,27,0
chataig2,2135,917,28,0
bignoch2,2135,918,29,0
bersand1,2135,919,30,1
bersand1,3268,505,1,0
bignoch1,3268,506,2,0
chataig1,3268,507,3,0
machftz1,3268,508,4,0
viennai1,3268,509,5,0
senestr1,3268,509,6,0
silandi1,3268,510,7,0
fougero1,3268,512,8,0
texier1,3268,513,9,0
mamont1,3268,514,10,0
courtin1,3268,515,11,0
belepmo1,3268,516,12,0
ecopa1,3268,517,13,0
vizeule1,3268,518,14,0
robique1,3268,521,15,0
idftill1,3268,524,16,0
villj1,3268,528,17,0
bourdon2,3268,531,18,0
berry2,3268,532,19,0
nomi2,3268,538,20,0
pinault2,3268,540,21,0
tchemil2,3268,541,22,0
leon2,3268,541,23,0
chenam2,3268,542,24,0
fouaye2,3268,544,25,0
vigne2,3268,546,26,0
etgstg2,3268,547,27,0
clomarg2,3268,548,28,0
censtgi2,3268,549,29,0
stgillw1,3268,551,30,1
bersand1,2297,932,1,0
bignoch1,2297,933,2,0
chataig1,2297,934,3,0
machftz1,2297,935,4,0
viennai1,2297,936,5,0
senestr1,2297,936,6,0
silandi1,2297,937,7,0
fougero1,2297,939,8,0
texier1,2297,940,9,0
mamont1,2297,941,10,0
courtin1,2297,942,11,0
belepmo1,2297,943,12,0
ecopa1,2297,944,13,0
vizeule1,2297,945,14,0
robique1,2297,949,15,0
idftill1,2297,952,16,0
villj1,2297,957,17,0
bourdon2,2297,960,18,0
berry2,2297,961,19,0
nomi2,2297,967,20,0
pinault2,2297,969,21,0
tchemil2,2297,970,22,0
leon2,2297,970,23,0
chenam2,2297,971,24,0
fouaye2,2297,973,25,0
vigne2,2297,975,26,0
etgstg2,2297,976,27,0
clomarg2,2297,977,28,0
censtgi2,2297,978,29,0
stgillw1,2297,980,30,1
bersand1,3346,1072,1,0
bignoch1,3346,1073,2,0
chataig1,3346,1074,3,0
machftz1,3346,1075,4,0
viennai1,3346,1076,5,0
senestr1,3346,1076,6,0
silandi1,3346,1077,7,0
fougero1,3346,1079,8,0
texier1,3346,1080,9,0
mamont1,3346,1081,10,0
courtin1,3346,1082,11,0
belepmo1,3346,1083,12,0
ecopa1,3346,1084,13,0
vizeule1,3346,1085,14,0
robique1,3346,1089,15,0
idftill1,3346,1092,16,0
villj1,3346,1097,17,0
bourdon2,3346,1100,18,0
berry2,3346,1101,19,0
nomi2,3346,1109,20,0
pinault2,3346,1111,21,0
tchemil2,3346,1112,22,0
leon2,3346,1113,23,0
chenam2,3346,1114,24,0
fouaye2,3346,1116,25,0
vigne2,3346,1118,26,0
etgstg2,3346,1120,27,0
clomarg2,3346,1121,28,0
censtgi2,3346,1122,29,0
stgillw1,3346,1124,30,1
bersand1,3352,925,1,0
bignoch1,3352,926,2,0
chataig1,3352,927,3,0
machftz1,3352,928,4,0
viennai1,3352,929,5,0
senestr1,3352,929,6,0
silandi1,3352,930,7,0
fougero1,3352,932,8,0
texier1,3352,933,9,0
mamont1,3352,934,10,0
courtin1,3352,935,11,0
belepmo1,3352,936,12,0
ecopa1,3352,937,13,0
vizeule1,3352,938,14,0
robique1,3352,942,15,0
idftill1,3352,945,16,0
villj1,3352,949,17,0
bourdon2,3352,952,18,0
berry2,3352,953,19,0
nomi2,3352,959,20,0
pinault2,3352,961,21,0
tchemil2,3352,962,22,0
leon2,3352,962,23,0
chenam2,3352,963,24,0
fouaye2,3352,965,25,0
vigne2,3352,967,26,0
etgstg2,3352,968,27,0
clomarg2,3352,969,28,0
censtgi2,3352,970,29,0
stgillw1,3352,972,30,1
bersand1,3308,1112,1,0
bignoch1,3308,1113,2,0
chataig1,3308,1114,3,0
machftz1,3308,1115,4,0
viennai1,3308,1116,5,0
senestr1,3308,1116,6,0
silandi1,3308,1117,7,0
fougero1,3308,1119,8,0
texier1,3308,1120,9,0
mamont1,3308,1121,10,0
courtin1,3308,1122,11,0
belepmo1,3308,1123,12,0
ecopa1,3308,1124,13,0
vizeule1,3308,1125,14,0
robique1,3308,1129,15,0
idftill1,3308,1132,16,0
villj1,3308,1137,17,0
bourdon2,3308,1140,18,0
berry2,3308,1141,19,0
nomi2,3308,1147,20,0
pinault2,3308,1149,21,0
tchemil2,3308,1150,22,0
leon2,3308,1150,23,0
chenam2,3308,1151,24,0
fouaye2,3308,1153,25,0
vigne2,3308,1155,26,0
etgstg2,3308,1156,27,0
clomarg2,3308,1157,28,0
censtgi2,3308,1158,29,0
stgillw1,3308,1160,30,1
bersand1,3527,645,1,0
bignoch1,3527,646,2,0
chataig1,3527,647,3,0
machftz1,3527,648,4,0
viennai1,3527,649,5,0
senestr1,3527,649,6,0
silandi1,3527,650,7,0
fougero1,3527,652,8,0
texier1,3527,653,9,0
mamont1,3527,654,10,0
courtin1,3527,655,11,0
belepmo1,3527,656,12,0
ecopa1,3527,657,13,0
vizeule1,3527,658,14,0
robique1,3527,661,15,0
idftill1,3527,664,16,0
villj1,3527,668,17,0
bourdon2,3527,671,18,0
berry2,3527,672,19,0
nomi2,3527,678,20,0
pinault2,3527,680,21,0
tchemil2,3527,681,22,0
leon2,3527,681,23,0
chenam2,3527,682,24,0
fouaye2,3527,684,25,0
vigne2,3527,686,26,0
etgstg2,3527,687,27,0
clomarg2,3527,688,28,0
censtgi2,3527,689,29,0
stgillw1,3527,691,30,1
bersand1,2028,400,1,0
bignoch1,2028,401,2,0
chataig1,2028,402,3,0
machftz1,2028,403,4,0
viennai1,2028,404,5,0
senestr1,2028,404,6,0
silandi1,2028,405,7,0
fougero1,2028,407,8,0
texier1,2028,408,9,0
mamont1,2028,409,10,0
courtin1,2028,410,11,0
belepmo1,2028,411,12,0
ecopa1,2028,412,13,0
vizeule1,2028,413,14,0
robique1,2028,416,15,0
idftill1,2028,419,16,0
villj1,2028,423,17,0
bourdon2,2028,426,18,0
berry2,2028,427,19,0
nomi2,2028,433,20,0
pinault2,2028,435,21,0
tchemil2,2028,436,22,0
leon2,2028,436,23,0
chenam2,2028,437,24,0
fouaye2,2028,439,25,0
vigne2,2028,441,26,0
etgstg2,2028,442,27,0
clomarg2,2028,443,28,0
censtgi2,2028,444,29,0
stgillw1,2028,446,30,1
villj3,3623,740,1,0
idftill2,3623,743,2,0
robique2,3623,746,3,0
vizeule2,3623,748,4,0
metrie2,3623,750,5,0
belepmo2,3623,750,6,0
courtin2,3623,751,7,0
mamont2,3623,752,8,0
texier2,3623,753,9,0
fougero2,3623,754,10,0
siland2,3623,755,11,0
senestr2,3623,757,12,0
viennai2,3623,758,13,0
machftz2,3623,758,14,0
chataig2,3623,759,15,0
bignoch2,3623,759,16,0
bersand1,3623,760,17,0
broscha2,3623,761,18,0
flume2,3623,770,19,0
mageve2,3623,770,20,0
plbrea,3623,771,21,1
bersand1,3711,475,1,0
bignoch1,3711,476,2,0
chataig1,3711,477,3,0
machftz1,3711,479,4,0
viennai1,3711,480,5,0
senestr1,3711,480,6,0
silandi1,3711,481,7,0
fougero1,3711,483,8,0
texier1,3711,484,9,0
mamont1,3711,485,10,0
courtin1,3711,487,11,0
belepmo1,3711,488,12,0
ecopa1,3711,489,13,0
vizeule1,3711,490,14,0
robique1,3711,495,15,0
idftill1,3711,498,16,0
villj1,3711,502,17,0
bourdon2,3711,505,18,0
berry2,3711,506,19,0
nomi2,3711,512,20,0
pinault2,3711,514,21,0
tchemil2,3711,515,22,0
leon2,3711,515,23,0
chenam2,3711,516,24,0
fouaye2,3711,518,25,0
vigne2,3711,520,26,0
etgstg2,3711,521,27,0
clomarg2,3711,522,28,0
censtgi2,3711,523,29,0
stgillw1,3711,525,30,1
texier1,163,452,1,0
villj1,163,464,2,1
bersand1,182,890,1,0
bignoch1,182,891,2,0
chataig1,182,892,3,0
machftz1,182,893,4,0
viennai1,182,894,5,0
senestr1,182,894,6,0
silandi1,182,895,7,0
fougero1,182,897,8,0
texier1,182,898,9,0
mamont1,182,899,10,0
courtin1,182,900,11,0
belepmo1,182,901,12,0
ecopa1,182,902,13,0
vizeule1,182,903,14,0
robique1,182,907,15,0
idftill1,182,910,16,0
villj1,182,914,17,0
bourdon2,182,917,18,0
berry2,182,918,19,0
nomi2,182,924,20,0
pinault2,182,926,21,0
tchemil2,182,927,22,0
leon2,182,927,23,0
chenam2,182,928,24,0
fouaye2,182,930,25,0
vigne2,182,932,26,0
etgstg2,182,933,27,0
clomarg2,182,934,28,0
censtgi2,182,935,29,0
stgillw1,182,937,30,1
bersand1,148,540,1,0
bignoch1,148,541,2,0
chataig1,148,542,3,0
machftz1,148,543,4,0
viennai1,148,544,5,0
senestr1,148,544,6,0
silandi1,148,545,7,0
fougero1,148,547,8,0
texier1,148,548,9,0
mamont1,148,549,10,0
courtin1,148,550,11,0
belepmo1,148,551,12,0
ecopa1,148,552,13,0
vizeule1,148,553,14,0
robique1,148,556,15,0
idftill1,148,559,16,0
villj1,148,563,17,0
bourdon2,148,566,18,0
berry2,148,567,19,0
nomi2,148,573,20,0
pinault2,148,575,21,0
tchemil2,148,576,22,0
leon2,148,576,23,0
chenam2,148,577,24,0
fouaye2,148,579,25,0
vigne2,148,581,26,0
etgstg2,148,582,27,0
clomarg2,148,583,28,0
censtgi2,148,584,29,0
stgillw1,148,586,30,1
bersand1,3774,995,1,0
bignoch1,3774,996,2,0
chataig1,3774,997,3,0
machftz1,3774,998,4,0
viennai1,3774,999,5,0
senestr1,3774,999,6,0
silandi1,3774,1000,7,0
fougero1,3774,1002,8,0
texier1,3774,1003,9,0
mamont1,3774,1004,10,0
courtin1,3774,1005,11,0
belepmo1,3774,1006,12,0
ecopa1,3774,1007,13,0
vizeule1,3774,1008,14,0
robique1,3774,1012,15,0
idftill1,3774,1015,16,0
villj1,3774,1019,17,0
bourdon2,3774,1022,18,0
berry2,3774,1023,19,0
nomi2,3774,1029,20,0
pinault2,3774,1031,21,0
tchemil2,3774,1032,22,0
leon2,3774,1032,23,0
chenam2,3774,1033,24,0
fouaye2,3774,1035,25,0
vigne2,3774,1037,26,0
etgstg2,3774,1038,27,0
clomarg2,3774,1039,28,0
censtgi2,3774,1040,29,0
stgillw1,3774,1042,30,1
bersand1,4991,445,1,0
bignoch1,4991,446,2,0
chataig1,4991,447,3,0
machftz1,4991,449,4,0
viennai1,4991,450,5,0
senestr1,4991,450,6,0
silandi1,4991,451,7,0
fougero1,4991,453,8,0
texier1,4991,454,9,0
mamont1,4991,455,10,0
courtin1,4991,457,11,0
belepmo1,4991,458,12,0
ecopa1,4991,459,13,0
vizeule1,4991,460,14,0
robique1,4991,463,15,0
idftill1,4991,466,16,0
villj1,4991,470,17,1
stgillw1,3880,1050,1,0
censtg1,3880,1051,2,0
clomarg1,3880,1052,3,0
etgstg1,3880,1053,4,0
vigne1,3880,1054,5,0
fouaye1,3880,1056,6,0
chenam1,3880,1058,7,0
leon1,3880,1059,8,0
tchemil1,3880,1060,9,0
pinault1,3880,1061,10,0
nomi1,3880,1064,11,0
berry1,3880,1070,12,0
bourdon1,3880,1071,13,0
villj4,3880,1075,14,0
idftill2,3880,1079,15,0
robique2,3880,1083,16,0
vizeule2,3880,1087,17,0
metrie2,3880,1088,18,0
belepmo2,3880,1089,19,0
courtin2,3880,1090,20,0
mamont2,3880,1092,21,0
texier2,3880,1093,22,0
fougero2,3880,1094,23,0
siland2,3880,1095,24,0
senestr2,3880,1096,25,0
viennai2,3880,1097,26,0
machftz2,3880,1097,27,0
chataig2,3880,1099,28,0
bignoch2,3880,1100,29,0
bersand1,3880,1101,30,1
bersand1,3890,415,1,0
bignoch1,3890,416,2,0
chataig1,3890,417,3,0
machftz1,3890,418,4,0
viennai1,3890,419,5,0
senestr1,3890,419,6,0
silandi1,3890,420,7,0
fougero1,3890,422,8,0
texier1,3890,423,9,0
mamont1,3890,424,10,0
courtin1,3890,425,11,0
belepmo1,3890,426,12,0
ecopa1,3890,427,13,0
vizeule1,3890,428,14,0
robique1,3890,431,15,0
idftill1,3890,434,16,0
villj1,3890,438,17,0
bourdon2,3890,441,18,0
berry2,3890,442,19,0
nomi2,3890,448,20,0
pinault2,3890,450,21,0
tchemil2,3890,451,22,0
leon2,3890,451,23,0
chenam2,3890,452,24,0
fouaye2,3890,454,25,0
vigne2,3890,456,26,0
etgstg2,3890,457,27,0
clomarg2,3890,458,28,0
censtgi2,3890,459,29,0
stgillw1,3890,461,30,1
villj3,3023,1140,1,0
idftill2,3023,1143,2,0
robique2,3023,1146,3,0
vizeule2,3023,1148,4,0
metrie2,3023,1150,5,0
belepmo2,3023,1150,6,0
courtin2,3023,1151,7,0
mamont2,3023,1152,8,0
texier2,3023,1153,9,0
fougero2,3023,1154,10,0
siland2,3023,1155,11,0
senestr2,3023,1157,12,0
viennai2,3023,1158,13,0
machftz2,3023,1158,14,0
chataig2,3023,1159,15,0
bignoch2,3023,1159,16,0
bersand1,3023,1160,17,0
broscha2,3023,1161,18,0
flume2,3023,1170,19,0
mageve2,3023,1170,20,0
plbrea,3023,1171,21,1
stgillw1,3917,453,1,0
censtg1,3917,454,2,0
clomarg1,3917,455,3,0
etgstg1,3917,456,4,0
vigne1,3917,457,5,0
fouaye1,3917,459,6,0
chenam1,3917,461,7,0
leon1,3917,462,8,0
tchemil1,3917,463,9,0
pinault1,3917,464,10,0
nomi1,3917,466,11,0
berry1,3917,472,12,0
bourdon1,3917,473,13,0
villj4,3917,477,14,0
idftill2,3917,481,15,0
robique2,3917,484,16,0
vizeule2,3917,487,17,0
metrie2,3917,488,18,0
belepmo2,3917,489,19,0
courtin2,3917,490,20,0
mamont2,3917,491,21,0
texier2,3917,491,22,0
fougero2,3917,492,23,0
siland2,3917,493,24,0
senestr2,3917,494,25,0
viennai2,3917,495,26,0
machftz2,3917,495,27,0
chataig2,3917,496,28,0
bignoch2,3917,497,29,0
bersand1,3917,498,30,1
stgillw1,3948,1111,1,0
censtg1,3948,1112,2,0
clomarg1,3948,1113,3,0
etgstg1,3948,1114,4,0
vigne1,3948,1115,5,0
fouaye1,3948,1117,6,0
chenam1,3948,1119,7,0
leon1,3948,1120,8,0
tchemil1,3948,1121,9,0
pinault1,3948,1122,10,0
nomi1,3948,1124,11,0
berry1,3948,1130,12,0
bourdon1,3948,1131,13,0
villj4,3948,1135,14,0
idftill2,3948,1139,15,0
robique2,3948,1142,16,0
vizeule2,3948,1145,17,0
metrie2,3948,1146,18,0
belepmo2,3948,1147,19,0
courtin2,3948,1148,20,0
mamont2,3948,1149,21,0
texier2,3948,1150,22,0
fougero2,3948,1151,23,0
siland2,3948,1152,24,0
senestr2,3948,1153,25,0
viennai2,3948,1154,26,0
machftz2,3948,1154,27,0
chataig2,3948,1155,28,0
bignoch2,3948,1156,29,0
bersand1,3948,1157,30,1
bersand1,3967,1012,1,0
bignoch1,3967,1013,2,0
chataig1,3967,1014,3,0
machftz1,3967,1015,4,0
viennai1,3967,1016,5,0
senestr1,3967,1016,6,0
silandi1,3967,1017,7,0
fougero1,3967,1019,8,0
texier1,3967,1020,9,0
mamont1,3967,1021,10,0
courtin1,3967,1022,11,0
belepmo1,3967,1023,12,0
ecopa1,3967,1024,13,0
vizeule1,3967,1025,14,0
robique1,3967,1029,15,0
idftill1,3967,1032,16,0
villj1,3967,1037,17,0
bourdon2,3967,1040,18,0
berry2,3967,1041,19,0
nomi2,3967,1049,20,0
pinault2,3967,1051,21,0
tchemil2,3967,1052,22,0
leon2,3967,1053,23,0
chenam2,3967,1054,24,0
fouaye2,3967,1056,25,0
vigne2,3967,1058,26,0
etgstg2,3967,1060,27,0
clomarg2,3967,1061,28,0
censtgi2,3967,1062,29,0
stgillw1,3967,1064,30,1
villj1,3959,937,1,0
bourdon2,3959,940,2,0
berry2,3959,941,3,0
nomi2,3959,947,4,0
pinault2,3959,949,5,0
tchemil2,3959,950,6,0
leon2,3959,950,7,0
chenam2,3959,951,8,0
fouaye2,3959,953,9,0
vigne2,3959,955,10,0
etgstg2,3959,956,11,0
clomarg2,3959,957,12,0
censtgi2,3959,958,13,0
stgillw1,3959,960,14,1
villj3,3150,820,1,0
idftill2,3150,823,2,0
robique2,3150,826,3,0
vizeule2,3150,828,4,0
metrie2,3150,830,5,0
belepmo2,3150,830,6,0
courtin2,3150,831,7,0
mamont2,3150,832,8,0
texier2,3150,833,9,0
fougero2,3150,834,10,0
siland2,3150,835,11,0
senestr2,3150,837,12,0
viennai2,3150,838,13,0
machftz2,3150,838,14,0
chataig2,3150,839,15,0
bignoch2,3150,839,16,0
bersand1,3150,840,17,0
broscha2,3150,841,18,0
flume2,3150,850,19,0
mageve2,3150,850,20,0
plbrea,3150,851,21,1
plbrea,3114,700,1,0
mageve1,3114,701,2,0
flume1,3114,702,3,0
broscha1,3114,709,4,0
bersand1,3114,710,5,0
bignoch1,3114,711,6,0
chataig1,3114,711,7,0
machftz1,3114,712,8,0
viennai1,3114,712,9,0
senestr1,3114,713,10,0
silandi1,3114,714,11,0
fougero1,3114,715,12,0
texier1,3114,716,13,0
mamont1,3114,717,14,0
courtin1,3114,718,15,0
belepmo1,3114,719,16,0
ecopa1,3114,720,17,0
vizeule1,3114,720,18,0
robique1,3114,723,19,0
idftill1,3114,726,20,0
villj3,3114,730,21,1
bersand1,2953,680,1,0
bignoch1,2953,681,2,0
chataig1,2953,682,3,0
machftz1,2953,683,4,0
viennai1,2953,684,5,0
senestr1,2953,684,6,0
silandi1,2953,685,7,0
fougero1,2953,687,8,0
texier1,2953,688,9,0
mamont1,2953,689,10,0
courtin1,2953,690,11,0
belepmo1,2953,691,12,0
ecopa1,2953,692,13,0
vizeule1,2953,693,14,0
robique1,2953,696,15,0
idftill1,2953,699,16,0
villj1,2953,703,17,0
bourdon2,2953,706,18,0
berry2,2953,707,19,0
nomi2,2953,713,20,0
pinault2,2953,715,21,0
tchemil2,2953,716,22,0
leon2,2953,716,23,0
chenam2,2953,717,24,0
fouaye2,2953,719,25,0
vigne2,2953,721,26,0
etgstg2,2953,722,27,0
clomarg2,2953,723,28,0
censtgi2,2953,724,29,0
stgillw1,2953,726,30,1
villj3,6876,1220,1,0
idftill2,6876,1223,2,0
robique2,6876,1226,3,0
vizeule2,6876,1228,4,0
metrie2,6876,1230,5,0
belepmo2,6876,1230,6,0
courtin2,6876,1231,7,0
mamont2,6876,1232,8,0
texier2,6876,1233,9,0
fougero2,6876,1234,10,0
siland2,6876,1235,11,0
senestr2,6876,1237,12,0
viennai2,6876,1238,13,0
machftz2,6876,1238,14,0
chataig2,6876,1239,15,0
bignoch2,6876,1239,16,0
bersand1,6876,1240,17,0
broscha2,6876,1241,18,0
flume2,6876,1250,19,0
mageve2,6876,1250,20,0
plbrea,6876,1251,21,1
stgillw1,6875,558,1,0
censtg1,6875,559,2,0
clomarg1,6875,560,3,0
etgstg1,6875,561,4,0
vigne1,6875,562,5,0
fouaye1,6875,564,6,0
chenam1,6875,566,7,0
leon1,6875,567,8,0
tchemil1,6875,568,9,0
pinault1,6875,569,10,0
nomi1,6875,571,11,0
berry1,6875,577,12,0
bourdon1,6875,578,13,0
villj4,6875,582,14,0
idftill2,6875,586,15,0
robique2,6875,589,16,0
vizeule2,6875,592,17,0
metrie2,6875,593,18,0
belepmo2,6875,594,19,0
courtin2,6875,595,20,0
mamont2,6875,596,21,0
texier2,6875,597,22,0
fougero2,6875,598,23,0
siland2,6875,599,24,0
senestr2,6875,600,25,0
viennai2,6875,601,26,0
machftz2,6875,601,27,0
chataig2,6875,602,28,0
bignoch2,6875,603,29,0
bersand1,6875,604,30,1
stgillw1,1837,768,1,0
censtg1,1837,769,2,0
clomarg1,1837,770,3,0
etgstg1,1837,771,4,0
vigne1,1837,772,5,0
fouaye1,1837,774,6,0
chenam1,1837,776,7,0
leon1,1837,777,8,0
tchemil1,1837,778,9,0
pinault1,1837,779,10,0
nomi1,1837,781,11,0
berry1,1837,787,12,0
bourdon1,1837,788,13,0
villj4,1837,792,14,0
idftill2,1837,796,15,0
robique2,1837,799,16,0
vizeule2,1837,802,17,0
metrie2,1837,803,18,0
belepmo2,1837,804,19,0
courtin2,1837,805,20,0
mamont2,1837,806,21,0
texier2,1837,807,22,0
fougero2,1837,808,23,0
siland2,1837,809,24,0
senestr2,1837,810,25,0
viennai2,1837,811,26,0
machftz2,1837,811,27,0
chataig2,1837,812,28,0
bignoch2,1837,813,29,0
bersand1,1837,814,30,1
stgillw1,6802,990,1,0
censtg1,6802,991,2,0
clomarg1,6802,992,3,0
etgstg1,6802,993,4,0
vigne1,6802,994,5,0
fouaye1,6802,996,6,0
chenam1,6802,998,7,0
leon1,6802,999,8,0
tchemil1,6802,1000,9,0
pinault1,6802,1001,10,0
nomi1,6802,1004,11,0
berry1,6802,1010,12,0
bourdon1,6802,1011,13,0
villj4,6802,1015,14,0
idftill2,6802,1019,15,0
robique2,6802,1022,16,0
vizeule2,6802,1026,17,0
metrie2,6802,1027,18,0
belepmo2,6802,1028,19,0
courtin2,6802,1029,20,0
mamont2,6802,1031,21,0
texier2,6802,1032,22,0
fougero2,6802,1033,23,0
siland2,6802,1034,24,0
senestr2,6802,1035,25,0
viennai2,6802,1036,26,0
machftz2,6802,1036,27,0
chataig2,6802,1038,28,0
bignoch2,6802,1039,29,0
bersand1,6802,1040,30,1
bersand1,6808,972,1,0
bignoch1,6808,973,2,0
chataig1,6808,974,3,0
machftz1,6808,975,4,0
viennai1,6808,976,5,0
senestr1,6808,976,6,0
silandi1,6808,977,7,0
fougero1,6808,979,8,0
texier1,6808,980,9,0
mamont1,6808,981,10,0
courtin1,6808,982,11,0
belepmo1,6808,983,12,0
ecopa1,6808,984,13,0
vizeule1,6808,985,14,0
robique1,6808,989,15,0
idftill1,6808,992,16,0
villj1,6808,997,17,0
bourdon2,6808,1000,18,0
berry2,6808,1001,19,0
nomi2,6808,1009,20,0
pinault2,6808,1011,21,0
tchemil2,6808,1012,22,0
leon2,6808,1013,23,0
chenam2,6808,1014,24,0
fouaye2,6808,1016,25,0
vigne2,6808,1018,26,0
etgstg2,6808,1020,27,0
clomarg2,6808,1021,28,0
censtgi2,6808,1022,29,0
stgillw1,6808,1024,30,1
bersand1,6814,505,1,0
bignoch1,6814,506,2,0
chataig1,6814,507,3,0
machftz1,6814,509,4,0
viennai1,6814,510,5,0
senestr1,6814,510,6,0
silandi1,6814,511,7,0
fougero1,6814,513,8,0
texier1,6814,514,9,0
mamont1,6814,515,10,0
courtin1,6814,517,11,0
belepmo1,6814,518,12,0
ecopa1,6814,519,13,0
vizeule1,6814,520,14,0
robique1,6814,525,15,0
idftill1,6814,528,16,0
villj1,6814,532,17,0
bourdon2,6814,535,18,0
berry2,6814,536,19,0
nomi2,6814,542,20,0
pinault2,6814,544,21,0
tchemil2,6814,545,22,0
leon2,6814,545,23,0
chenam2,6814,546,24,0
fouaye2,6814,548,25,0
vigne2,6814,550,26,0
etgstg2,6814,551,27,0
clomarg2,6814,552,28,0
censtgi2,6814,553,29,0
stgillw1,6814,555,30,1
bersand1,2903,855,1,0
bignoch1,2903,856,2,0
chataig1,2903,857,3,0
machftz1,2903,858,4,0
viennai1,2903,859,5,0
senestr1,2903,859,6,0
silandi1,2903,860,7,0
fougero1,2903,862,8,0
texier1,2903,863,9,0
mamont1,2903,864,10,0
courtin1,2903,865,11,0
belepmo1,2903,866,12,0
ecopa1,2903,867,13,0
vizeule1,2903,868,14,0
robique1,2903,872,15,0
idftill1,2903,875,16,0
villj1,2903,879,17,0
bourdon2,2903,882,18,0
berry2,2903,883,19,0
nomi2,2903,889,20,0
pinault2,2903,891,21,0
tchemil2,2903,892,22,0
leon2,2903,892,23,0
chenam2,2903,893,24,0
fouaye2,2903,895,25,0
vigne2,2903,897,26,0
etgstg2,2903,898,27,0
clomarg2,2903,899,28,0
censtgi2,2903,900,29,0
stgillw1,2903,902,30,1
plbrea,4615,860,1,0
mageve1,4615,861,2,0
flume1,4615,862,3,0
broscha1,4615,869,4,0
bersand1,4615,870,5,0
bignoch1,4615,871,6,0
chataig1,4615,871,7,0
machftz1,4615,872,8,0
viennai1,4615,872,9,0
senestr1,4615,873,10,0
silandi1,4615,874,11,0
fougero1,4615,875,12,0
texier1,4615,876,13,0
mamont1,4615,877,14,0
courtin1,4615,878,15,0
belepmo1,4615,879,16,0
ecopa1,4615,880,17,0
vizeule1,4615,880,18,0
robique1,4615,883,19,0
idftill1,4615,886,20,0
villj3,4615,890,21,1
stgillw1,1727,450,1,0
censtg1,1727,451,2,0
clomarg1,1727,452,3,0
etgstg1,1727,453,4,0
vigne1,1727,454,5,0
fouaye1,1727,457,6,0
chenam1,1727,459,7,0
leon1,1727,460,8,0
tchemil1,1727,461,9,0
pinault1,1727,463,10,0
nomi1,1727,466,11,0
berry1,1727,472,12,0
bourdon1,1727,473,13,0
villj4,1727,477,14,0
idftill2,1727,481,15,0
robique2,1727,484,16,0
vizeule2,1727,487,17,0
metrie2,1727,488,18,0
belepmo2,1727,489,19,0
courtin2,1727,490,20,0
mamont2,1727,491,21,0
texier2,1727,492,22,0
fougero2,1727,493,23,0
siland2,1727,494,24,0
senestr2,1727,495,25,0
viennai2,1727,496,26,0
machftz2,1727,496,27,0
chataig2,1727,498,28,0
bignoch2,1727,499,29,0
bersand1,1727,500,30,1
bersand1,2842,400,1,0
bignoch1,2842,401,2,0
chataig1,2842,402,3,0
machftz1,2842,403,4,0
viennai1,2842,404,5,0
senestr1,2842,404,6,0
silandi1,2842,405,7,0
fougero1,2842,407,8,0
texier1,2842,408,9,0
mamont1,2842,409,10,0
courtin1,2842,410,11,0
belepmo1,2842,411,12,0
ecopa1,2842,412,13,0
vizeule1,2842,413,14,0
robique1,2842,416,15,0
idftill1,2842,419,16,0
villj1,2842,423,17,0
bourdon2,2842,426,18,0
berry2,2842,427,19,0
nomi2,2842,433,20,0
pinault2,2842,435,21,0
tchemil2,2842,436,22,0
leon2,2842,436,23,0
chenam2,2842,437,24,0
fouaye2,2842,439,25,0
vigne2,2842,441,26,0
etgstg2,2842,442,27,0
clomarg2,2842,443,28,0
censtgi2,2842,443,29,0
stgillw1,2842,445,30,1
stgillw1,6753,1131,1,0
censtg1,6753,1132,2,0
clomarg1,6753,1133,3,0
etgstg1,6753,1134,4,0
vigne1,6753,1135,5,0
fouaye1,6753,1137,6,0
chenam1,6753,1139,7,0
leon1,6753,1140,8,0
tchemil1,6753,1141,9,0
pinault1,6753,1142,10,0
nomi1,6753,1144,11,0
berry1,6753,1150,12,0
bourdon1,6753,1151,13,0
villj4,6753,1155,14,0
idftill2,6753,1159,15,0
robique2,6753,1162,16,0
vizeule2,6753,1165,17,0
metrie2,6753,1166,18,0
belepmo2,6753,1167,19,0
courtin2,6753,1168,20,0
mamont2,6753,1169,21,0
texier2,6753,1170,22,0
fougero2,6753,1171,23,0
siland2,6753,1172,24,0
senestr2,6753,1173,25,0
viennai2,6753,1174,26,0
machftz2,6753,1174,27,0
chataig2,6753,1175,28,0
bignoch2,6753,1176,29,0
bersand1,6753,1177,30,1
bersand1,1701,992,1,0
bignoch1,1701,993,2,0
chataig1,1701,994,3,0
machftz1,1701,995,4,0
viennai1,1701,996,5,0
senestr1,1701,996,6,0
silandi1,1701,997,7,0
fougero1,1701,999,8,0
texier1,1701,1000,9,0
mamont1,1701,1001,10,0
courtin1,1701,1002,11,0
belepmo1,1701,1003,12,0
ecopa1,1701,1004,13,0
vizeule1,1701,1005,14,0
robique1,1701,1009,15,0
idftill1,1701,1012,16,0
villj1,1701,1017,17,0
bourdon2,1701,1020,18,0
berry2,1701,1021,19,0
nomi2,1701,1029,20,0
pinault2,1701,1031,21,0
tchemil2,1701,1032,22,0
leon2,1701,1033,23,0
chenam2,1701,1034,24,0
fouaye2,1701,1036,25,0
vigne2,1701,1038,26,0
etgstg2,1701,1040,27,0
clomarg2,1701,1041,28,0
censtgi2,1701,1042,29,0
stgillw1,1701,1044,30,1
stgillw1,2833,1171,1,0
censtg1,2833,1172,2,0
clomarg1,2833,1173,3,0
etgstg1,2833,1174,4,0
vigne1,2833,1175,5,0
fouaye1,2833,1177,6,0
chenam1,2833,1179,7,0
leon1,2833,1180,8,0
tchemil1,2833,1181,9,0
pinault1,2833,1182,10,0
nomi1,2833,1184,11,0
berry1,2833,1190,12,0
bourdon1,2833,1191,13,0
villj4,2833,1195,14,0
idftill2,2833,1199,15,0
robique2,2833,1202,16,0
vizeule2,2833,1205,17,0
metrie2,2833,1206,18,0
belepmo2,2833,1207,19,0
courtin2,2833,1208,20,0
mamont2,2833,1209,21,0
texier2,2833,1209,22,0
fougero2,2833,1210,23,0
siland2,2833,1211,24,0
senestr2,2833,1212,25,0
viennai2,2833,1213,26,0
machftz2,2833,1213,27,0
chataig2,2833,1214,28,0
bignoch2,2833,1214,29,0
bersand1,2833,1215,30,1
stgillw1,435,465,1,0
censtg1,435,466,2,0
clomarg1,435,467,3,0
etgstg1,435,468,4,0
vigne1,435,469,5,0
fouaye1,435,472,6,0
chenam1,435,474,7,0
leon1,435,475,8,0
tchemil1,435,476,9,0
pinault1,435,478,10,0
nomi1,435,481,11,0
berry1,435,487,12,0
bourdon1,435,488,13,0
villj4,435,492,14,0
idftill2,435,496,15,0
robique2,435,499,16,0
vizeule2,435,502,17,0
metrie2,435,503,18,0
belepmo2,435,504,19,0
courtin2,435,505,20,0
mamont2,435,506,21,0
texier2,435,507,22,0
fougero2,435,508,23,0
siland2,435,509,24,0
senestr2,435,510,25,0
viennai2,435,511,26,0
machftz2,435,511,27,0
chataig2,435,513,28,0
bignoch2,435,514,29,0
bersand1,435,515,30,1
stgillw1,2893,593,1,0
censtg1,2893,594,2,0
clomarg1,2893,595,3,0
etgstg1,2893,596,4,0
vigne1,2893,597,5,0
fouaye1,2893,599,6,0
chenam1,2893,601,7,0
leon1,2893,602,8,0
tchemil1,2893,603,9,0
pinault1,2893,604,10,0
nomi1,2893,606,11,0
berry1,2893,612,12,0
bourdon1,2893,613,13,0
villj4,2893,617,14,0
idftill2,2893,621,15,0
robique2,2893,624,16,0
vizeule2,2893,627,17,0
metrie2,2893,628,18,0
belepmo2,2893,629,19,0
courtin2,2893,630,20,0
mamont2,2893,631,21,0
texier2,2893,632,22,0
fougero2,2893,633,23,0
siland2,2893,634,24,0
senestr2,2893,635,25,0
viennai2,2893,636,26,0
machftz2,2893,636,27,0
chataig2,2893,637,28,0
bignoch2,2893,638,29,0
bersand1,2893,639,30,1
bersand1,464,1092,1,0
bignoch1,464,1093,2,0
chataig1,464,1094,3,0
machftz1,464,1095,4,0
viennai1,464,1096,5,0
senestr1,464,1096,6,0
silandi1,464,1097,7,0
fougero1,464,1099,8,0
texier1,464,1100,9,0
mamont1,464,1101,10,0
courtin1,464,1102,11,0
belepmo1,464,1103,12,0
ecopa1,464,1104,13,0
vizeule1,464,1105,14,0
robique1,464,1109,15,0
idftill1,464,1112,16,0
villj1,464,1117,17,0
bourdon2,464,1120,18,0
berry2,464,1121,19,0
nomi2,464,1127,20,0
pinault2,464,1129,21,0
tchemil2,464,1130,22,0
leon2,464,1131,23,0
chenam2,464,1132,24,0
fouaye2,464,1134,25,0
vigne2,464,1136,26,0
etgstg2,464,1138,27,0
clomarg2,464,1139,28,0
censtgi2,464,1140,29,0
stgillw1,464,1142,30,1
stgillw1,6733,1201,1,0
censtg1,6733,1202,2,0
clomarg1,6733,1203,3,0
etgstg1,6733,1204,4,0
vigne1,6733,1205,5,0
fouaye1,6733,1207,6,0
chenam1,6733,1209,7,0
leon1,6733,1210,8,0
tchemil1,6733,1211,9,0
pinault1,6733,1212,10,0
nomi1,6733,1214,11,0
berry1,6733,1220,12,0
bourdon1,6733,1221,13,0
villj4,6733,1225,14,0
idftill2,6733,1229,15,0
robique2,6733,1232,16,0
vizeule2,6733,1235,17,0
metrie2,6733,1236,18,0
belepmo2,6733,1237,19,0
courtin2,6733,1238,20,0
mamont2,6733,1239,21,0
texier2,6733,1239,22,0
fougero2,6733,1240,23,0
siland2,6733,1241,24,0
senestr2,6733,1242,25,0
viennai2,6733,1243,26,0
machftz2,6733,1243,27,0
chataig2,6733,1244,28,0
bignoch2,6733,1244,29,0
bersand1,6733,1245,30,1
repea,6709,1475,1,0
villj3,6709,1483,2,0
idftill2,6709,1486,3,0
robique2,6709,1489,4,0
vizeule2,6709,1491,5,0
metrie2,6709,1493,6,0
belepmo2,6709,1493,7,0
courtin2,6709,1494,8,0
mamont2,6709,1495,9,0
texier2,6709,1495,10,0
fougero2,6709,1496,11,0
siland2,6709,1497,12,0
senestr2,6709,1498,13,0
viennai2,6709,1499,14,0
machftz2,6709,1499,15,0
chataig2,6709,1500,16,0
bignoch2,6709,1501,17,0
bersand1,6709,1502,18,0
broscha2,6709,1503,19,0
flume2,6709,1510,20,0
mageve2,6709,1510,21,0
plbrea,6709,1511,22,1
stgillw1,1733,1048,1,0
censtg1,1733,1049,2,0
clomarg1,1733,1050,3,0
etgstg1,1733,1051,4,0
vigne1,1733,1052,5,0
fouaye1,1733,1054,6,0
chenam1,1733,1056,7,0
leon1,1733,1057,8,0
tchemil1,1733,1058,9,0
pinault1,1733,1059,10,0
nomi1,1733,1061,11,0
berry1,1733,1067,12,0
bourdon1,1733,1068,13,0
villj4,1733,1072,14,0
idftill2,1733,1076,15,0
robique2,1733,1079,16,0
vizeule2,1733,1082,17,0
metrie2,1733,1083,18,0
belepmo2,1733,1084,19,0
courtin2,1733,1085,20,0
mamont2,1733,1086,21,0
texier2,1733,1087,22,0
fougero2,1733,1088,23,0
siland2,1733,1089,24,0
senestr2,1733,1090,25,0
viennai2,1733,1091,26,0
machftz2,1733,1091,27,0
chataig2,1733,1092,28,0
bignoch2,1733,1093,29,0
bersand1,1733,1094,30,1
stgillw1,1735,370,1,0
censtg1,1735,371,2,0
clomarg1,1735,372,3,0
etgstg1,1735,373,4,0
vigne1,1735,374,5,0
fouaye1,1735,376,6,0
chenam1,1735,378,7,0
leon1,1735,379,8,0
tchemil1,1735,380,9,0
pinault1,1735,381,10,0
nomi1,1735,384,11,0
berry1,1735,390,12,0
bourdon1,1735,391,13,0
villj4,1735,395,14,0
idftill2,1735,399,15,0
robique2,1735,402,16,0
vizeule2,1735,405,17,0
metrie2,1735,406,18,0
belepmo2,1735,407,19,0
courtin2,1735,408,20,0
mamont2,1735,409,21,0
texier2,1735,409,22,0
fougero2,1735,410,23,0
siland2,1735,411,24,0
senestr2,1735,412,25,0
viennai2,1735,413,26,0
machftz2,1735,413,27,0
chataig2,1735,414,28,0
bignoch2,1735,414,29,0
bersand1,1735,415,30,1
stgillw1,4504,1090,1,0
censtg1,4504,1091,2,0
clomarg1,4504,1092,3,0
etgstg1,4504,1093,4,0
vigne1,4504,1094,5,0
fouaye1,4504,1096,6,0
chenam1,4504,1098,7,0
leon1,4504,1099,8,0
tchemil1,4504,1100,9,0
pinault1,4504,1101,10,0
nomi1,4504,1104,11,0
berry1,4504,1110,12,0
bourdon1,4504,1111,13,0
villj4,4504,1115,14,0
idftill2,4504,1119,15,0
robique2,4504,1122,16,0
vizeule2,4504,1125,17,0
metrie2,4504,1126,18,0
belepmo2,4504,1127,19,0
courtin2,4504,1128,20,0
mamont2,4504,1129,21,0
texier2,4504,1130,22,0
fougero2,4504,1131,23,0
siland2,4504,1132,24,0
senestr2,4504,1133,25,0
viennai2,4504,1134,26,0
machftz2,4504,1134,27,0
chataig2,4504,1136,28,0
bignoch2,4504,1137,29,0
bersand1,4504,1138,30,1
stgillw1,474,951,1,0
censtg1,474,952,2,0
clomarg1,474,953,3,0
etgstg1,474,954,4,0
vigne1,474,955,5,0
fouaye1,474,957,6,0
chenam1,474,959,7,0
leon1,474,960,8,0
tchemil1,474,961,9,0
pinault1,474,962,10,0
nomi1,474,964,11,0
berry1,474,970,12,0
bourdon1,474,971,13,0
villj4,474,975,14,0
idftill2,474,979,15,0
robique2,474,982,16,0
vizeule2,474,985,17,0
metrie2,474,986,18,0
belepmo2,474,987,19,0
courtin2,474,988,20,0
mamont2,474,989,21,0
texier2,474,990,22,0
fougero2,474,991,23,0
siland2,474,992,24,0
senestr2,474,993,25,0
viennai2,474,994,26,0
machftz2,474,994,27,0
chataig2,474,996,28,0
bignoch2,474,997,29,0
bersand1,474,998,30,1
villj4,323,1195,1,0
idftill2,323,1199,2,0
robique2,323,1202,3,0
vizeule2,323,1205,4,0
metrie2,323,1206,5,0
belepmo2,323,1207,6,0
courtin2,323,1208,7,0
mamont2,323,1209,8,0
texier2,323,1210,9,0
fougero2,323,1211,10,0
siland2,323,1212,11,0
senestr2,323,1213,12,0
viennai2,323,1214,13,0
machftz2,323,1214,14,0
chataig2,323,1215,15,0
bignoch2,323,1216,16,0
bersand1,323,1217,17,1
stgillw1,1630,1226,1,0
censtg1,1630,1227,2,0
clomarg1,1630,1228,3,0
etgstg1,1630,1229,4,0
vigne1,1630,1230,5,0
fouaye1,1630,1232,6,0
chenam1,1630,1234,7,0
leon1,1630,1235,8,0
tchemil1,1630,1236,9,0
pinault1,1630,1237,10,0
nomi1,1630,1239,11,0
berry1,1630,1245,12,0
bourdon1,1630,1246,13,0
villj4,1630,1250,14,0
idftill2,1630,1254,15,0
robique2,1630,1257,16,0
vizeule2,1630,1260,17,0
metrie2,1630,1261,18,0
belepmo2,1630,1262,19,0
courtin2,1630,1263,20,0
mamont2,1630,1264,21,0
texier2,1630,1264,22,0
fougero2,1630,1265,23,0
siland2,1630,1266,24,0
senestr2,1630,1267,25,0
viennai2,1630,1268,26,0
machftz2,1630,1268,27,0
chataig2,1630,1269,28,0
bignoch2,1630,1269,29,0
bersand1,1630,1270,30,1
bersand1,1668,1065,1,0
bignoch1,1668,1066,2,0
chataig1,1668,1067,3,0
machftz1,1668,1068,4,0
viennai1,1668,1069,5,0
senestr1,1668,1069,6,0
silandi1,1668,1070,7,0
fougero1,1668,1072,8,0
texier1,1668,1073,9,0
mamont1,1668,1074,10,0
courtin1,1668,1075,11,0
belepmo1,1668,1076,12,0
ecopa1,1668,1077,13,0
vizeule1,1668,1078,14,0
robique1,1668,1082,15,0
idftill1,1668,1085,16,0
villj1,1668,1089,17,0
bourdon2,1668,1092,18,0
berry2,1668,1093,19,0
nomi2,1668,1099,20,0
pinault2,1668,1101,21,0
tchemil2,1668,1102,22,0
leon2,1668,1102,23,0
chenam2,1668,1103,24,0
fouaye2,1668,1105,25,0
vigne2,1668,1107,26,0
etgstg2,1668,1108,27,0
clomarg2,1668,1109,28,0
censtgi2,1668,1110,29,0
stgillw1,1668,1112,30,1
stgillw1,4908,1151,1,0
censtg1,4908,1152,2,0
clomarg1,4908,1153,3,0
etgstg1,4908,1154,4,0
vigne1,4908,1155,5,0
fouaye1,4908,1157,6,0
chenam1,4908,1159,7,0
leon1,4908,1160,8,0
tchemil1,4908,1161,9,0
pinault1,4908,1162,10,0
nomi1,4908,1164,11,0
berry1,4908,1170,12,0
bourdon1,4908,1171,13,0
villj4,4908,1175,14,0
idftill2,4908,1179,15,0
robique2,4908,1182,16,0
vizeule2,4908,1185,17,0
metrie2,4908,1186,18,0
belepmo2,4908,1187,19,0
courtin2,4908,1188,20,0
mamont2,4908,1189,21,0
texier2,4908,1190,22,0
fougero2,4908,1191,23,0
siland2,4908,1192,24,0
senestr2,4908,1193,25,0
viennai2,4908,1194,26,0
machftz2,4908,1194,27,0
chataig2,4908,1195,28,0
bignoch2,4908,1196,29,0
bersand1,4908,1197,30,1
stgillw1,4859,420,1,0
censtg1,4859,421,2,0
clomarg1,4859,422,3,0
etgstg1,4859,423,4,0
vigne1,4859,424,5,0
fouaye1,4859,426,6,0
chenam1,4859,428,7,0
leon1,4859,429,8,0
tchemil1,4859,430,9,0
pinault1,4859,431,10,0
nomi1,4859,433,11,0
berry1,4859,439,12,0
bourdon1,4859,440,13,0
villj4,4859,444,14,0
idftill2,4859,448,15,0
robique2,4859,451,16,0
vizeule2,4859,454,17,0
metrie2,4859,455,18,0
belepmo2,4859,456,19,0
courtin2,4859,457,20,0
mamont2,4859,458,21,0
texier2,4859,458,22,0
fougero2,4859,459,23,0
siland2,4859,460,24,0
senestr2,4859,461,25,0
viennai2,4859,462,26,0
machftz2,4859,462,27,0
chataig2,4859,463,28,0
bignoch2,4859,463,29,0
bersand1,4859,464,30,1
bersand1,398,952,1,0
bignoch1,398,953,2,0
chataig1,398,954,3,0
machftz1,398,955,4,0
viennai1,398,956,5,0
senestr1,398,956,6,0
silandi1,398,957,7,0
fougero1,398,959,8,0
texier1,398,960,9,0
mamont1,398,961,10,0
courtin1,398,962,11,0
belepmo1,398,963,12,0
ecopa1,398,964,13,0
vizeule1,398,965,14,0
robique1,398,969,15,0
idftill1,398,972,16,0
villj1,398,977,17,0
bourdon2,398,980,18,0
berry2,398,981,19,0
nomi2,398,987,20,0
pinault2,398,989,21,0
tchemil2,398,990,22,0
leon2,398,990,23,0
chenam2,398,991,24,0
fouaye2,398,993,25,0
vigne2,398,995,26,0
etgstg2,398,997,27,0
clomarg2,398,998,28,0
censtgi2,398,999,29,0
stgillw1,398,1001,30,1
stgillw1,1502,488,1,0
censtg1,1502,489,2,0
clomarg1,1502,490,3,0
etgstg1,1502,491,4,0
vigne1,1502,492,5,0
fouaye1,1502,494,6,0
chenam1,1502,496,7,0
leon1,1502,497,8,0
tchemil1,1502,498,9,0
pinault1,1502,499,10,0
nomi1,1502,501,11,0
berry1,1502,507,12,0
bourdon1,1502,508,13,0
villj4,1502,512,14,0
idftill2,1502,516,15,0
robique2,1502,519,16,0
vizeule2,1502,522,17,0
metrie2,1502,523,18,0
belepmo2,1502,524,19,0
courtin2,1502,525,20,0
mamont2,1502,526,21,0
texier2,1502,526,22,0
fougero2,1502,527,23,0
siland2,1502,528,24,0
senestr2,1502,529,25,0
viennai2,1502,530,26,0
machftz2,1502,530,27,0
chataig2,1502,531,28,0
bignoch2,1502,532,29,0
bersand1,1502,533,30,1
bersand1,4806,1150,1,0
bignoch1,4806,1151,2,0
chataig1,4806,1152,3,0
machftz1,4806,1153,4,0
viennai1,4806,1154,5,0
senestr1,4806,1154,6,0
silandi1,4806,1155,7,0
fougero1,4806,1157,8,0
texier1,4806,1158,9,0
mamont1,4806,1159,10,0
courtin1,4806,1160,11,0
belepmo1,4806,1161,12,0
ecopa1,4806,1162,13,0
vizeule1,4806,1163,14,0
robique1,4806,1166,15,0
idftill1,4806,1169,16,0
villj1,4806,1173,17,0
bourdon2,4806,1176,18,0
berry2,4806,1177,19,0
nomi2,4806,1183,20,0
pinault2,4806,1185,21,0
tchemil2,4806,1186,22,0
leon2,4806,1186,23,0
chenam2,4806,1187,24,0
fouaye2,4806,1189,25,0
vigne2,4806,1191,26,0
etgstg2,4806,1192,27,0
clomarg2,4806,1193,28,0
censtgi2,4806,1194,29,0
stgillw1,4806,1196,30,1
stgillw1,1557,435,1,0
censtg1,1557,436,2,0
clomarg1,1557,437,3,0
etgstg1,1557,438,4,0
vigne1,1557,439,5,0
fouaye1,1557,442,6,0
chenam1,1557,444,7,0
leon1,1557,445,8,0
tchemil1,1557,446,9,0
pinault1,1557,447,10,0
nomi1,1557,450,11,0
berry1,1557,456,12,0
bourdon1,1557,457,13,0
villj4,1557,461,14,0
idftill2,1557,465,15,0
robique2,1557,468,16,0
vizeule2,1557,471,17,0
metrie2,1557,472,18,0
belepmo2,1557,473,19,0
courtin2,1557,474,20,0
mamont2,1557,475,21,0
texier2,1557,476,22,0
fougero2,1557,477,23,0
siland2,1557,478,24,0
senestr2,1557,479,25,0
viennai2,1557,480,26,0
machftz2,1557,480,27,0
chataig2,1557,482,28,0
bignoch2,1557,483,29,0
bersand1,1557,484,30,1
stgillw1,1548,713,1,0
censtg1,1548,714,2,0
clomarg1,1548,715,3,0
etgstg1,1548,716,4,0
vigne1,1548,717,5,0
fouaye1,1548,719,6,0
chenam1,1548,721,7,0
leon1,1548,722,8,0
tchemil1,1548,723,9,0
pinault1,1548,724,10,0
nomi1,1548,726,11,0
berry1,1548,732,12,0
bourdon1,1548,733,13,0
villj4,1548,737,14,0
idftill2,1548,741,15,0
robique2,1548,744,16,0
vizeule2,1548,747,17,0
metrie2,1548,748,18,0
belepmo2,1548,749,19,0
courtin2,1548,750,20,0
mamont2,1548,751,21,0
texier2,1548,752,22,0
fougero2,1548,753,23,0
siland2,1548,754,24,0
senestr2,1548,755,25,0
viennai2,1548,756,26,0
machftz2,1548,756,27,0
chataig2,1548,757,28,0
bignoch2,1548,758,29,0
bersand1,1548,759,30,1
bersand1,4784,1170,1,0
bignoch1,4784,1171,2,0
chataig1,4784,1172,3,0
machftz1,4784,1173,4,0
viennai1,4784,1174,5,0
senestr1,4784,1174,6,0
silandi1,4784,1175,7,0
fougero1,4784,1177,8,0
texier1,4784,1178,9,0
mamont1,4784,1179,10,0
courtin1,4784,1180,11,0
belepmo1,4784,1181,12,0
ecopa1,4784,1182,13,0
vizeule1,4784,1183,14,0
robique1,4784,1186,15,0
idftill1,4784,1189,16,0
villj1,4784,1193,17,0
bourdon2,4784,1196,18,0
berry2,4784,1197,19,0
nomi2,4784,1203,20,0
pinault2,4784,1205,21,0
tchemil2,4784,1206,22,0
leon2,4784,1206,23,0
chenam2,4784,1207,24,0
fouaye2,4784,1209,25,0
vigne2,4784,1211,26,0
etgstg2,4784,1212,27,0
clomarg2,4784,1213,28,0
censtgi2,4784,1214,29,0
stgillw1,4784,1216,30,1
bersand1,1428,820,1,0
bignoch1,1428,821,2,0
chataig1,1428,822,3,0
machftz1,1428,823,4,0
viennai1,1428,824,5,0
senestr1,1428,824,6,0
silandi1,1428,825,7,0
fougero1,1428,827,8,0
texier1,1428,828,9,0
mamont1,1428,829,10,0
courtin1,1428,830,11,0
belepmo1,1428,831,12,0
ecopa1,1428,832,13,0
vizeule1,1428,833,14,0
robique1,1428,836,15,0
idftill1,1428,839,16,0
villj1,1428,843,17,0
bourdon2,1428,846,18,0
berry2,1428,847,19,0
nomi2,1428,853,20,0
pinault2,1428,855,21,0
tchemil2,1428,856,22,0
leon2,1428,856,23,0
chenam2,1428,857,24,0
fouaye2,1428,859,25,0
vigne2,1428,861,26,0
etgstg2,1428,862,27,0
clomarg2,1428,863,28,0
censtgi2,1428,864,29,0
stgillw1,1428,866,30,1
stgillw1,996,1070,1,0
censtg1,996,1071,2,0
clomarg1,996,1072,3,0
etgstg1,996,1073,4,0
vigne1,996,1074,5,0
fouaye1,996,1076,6,0
chenam1,996,1078,7,0
leon1,996,1079,8,0
tchemil1,996,1080,9,0
pinault1,996,1081,10,0
nomi1,996,1084,11,0
berry1,996,1090,12,0
bourdon1,996,1091,13,0
villj4,996,1095,14,0
idftill2,996,1099,15,0
robique2,996,1103,16,0
vizeule2,996,1107,17,0
metrie2,996,1108,18,0
belepmo2,996,1109,19,0
courtin2,996,1110,20,0
mamont2,996,1112,21,0
texier2,996,1113,22,0
fougero2,996,1114,23,0
siland2,996,1115,24,0
senestr2,996,1116,25,0
viennai2,996,1117,26,0
machftz2,996,1117,27,0
chataig2,996,1119,28,0
bignoch2,996,1120,29,0
bersand1,996,1121,30,1
stgillw1,2452,943,1,0
censtg1,2452,944,2,0
clomarg1,2452,945,3,0
etgstg1,2452,946,4,0
vigne1,2452,947,5,0
fouaye1,2452,949,6,0
chenam1,2452,951,7,0
leon1,2452,952,8,0
tchemil1,2452,953,9,0
pinault1,2452,954,10,0
nomi1,2452,956,11,0
berry1,2452,962,12,0
bourdon1,2452,963,13,0
villj4,2452,967,14,0
idftill2,2452,971,15,0
robique2,2452,974,16,0
vizeule2,2452,977,17,0
metrie2,2452,978,18,0
belepmo2,2452,979,19,0
courtin2,2452,980,20,0
mamont2,2452,981,21,0
texier2,2452,982,22,0
fougero2,2452,983,23,0
siland2,2452,984,24,0
senestr2,2452,985,25,0
viennai2,2452,986,26,0
machftz2,2452,986,27,0
chataig2,2452,987,28,0
bignoch2,2452,988,29,0
bersand1,2452,989,30,1
bersand1,1306,785,1,0
bignoch1,1306,786,2,0
chataig1,1306,787,3,0
machftz1,1306,788,4,0
viennai1,1306,789,5,0
senestr1,1306,789,6,0
silandi1,1306,790,7,0
fougero1,1306,792,8,0
texier1,1306,793,9,0
mamont1,1306,794,10,0
courtin1,1306,795,11,0
belepmo1,1306,796,12,0
ecopa1,1306,797,13,0
vizeule1,1306,798,14,0
robique1,1306,801,15,0
idftill1,1306,804,16,0
villj1,1306,808,17,0
bourdon2,1306,811,18,0
berry2,1306,812,19,0
nomi2,1306,818,20,0
pinault2,1306,820,21,0
tchemil2,1306,821,22,0
leon2,1306,821,23,0
chenam2,1306,822,24,0
fouaye2,1306,824,25,0
vigne2,1306,826,26,0
etgstg2,1306,827,27,0
clomarg2,1306,828,28,0
censtgi2,1306,829,29,0
stgillw1,1306,831,30,1
bersand1,838,960,1,0
bignoch1,838,961,2,0
chataig1,838,962,3,0
machftz1,838,963,4,0
viennai1,838,964,5,0
senestr1,838,964,6,0
silandi1,838,965,7,0
fougero1,838,967,8,0
texier1,838,968,9,0
mamont1,838,969,10,0
courtin1,838,970,11,0
belepmo1,838,971,12,0
ecopa1,838,972,13,0
vizeule1,838,973,14,0
robique1,838,977,15,0
idftill1,838,980,16,0
villj1,838,984,17,0
bourdon2,838,987,18,0
berry2,838,988,19,0
nomi2,838,994,20,0
pinault2,838,996,21,0
tchemil2,838,997,22,0
leon2,838,997,23,0
chenam2,838,998,24,0
fouaye2,838,1000,25,0
vigne2,838,1002,26,0
etgstg2,838,1003,27,0
clomarg2,838,1004,28,0
censtgi2,838,1005,29,0
stgillw1,838,1007,30,1
stgillw1,2410,733,1,0
censtg1,2410,734,2,0
clomarg1,2410,735,3,0
etgstg1,2410,736,4,0
vigne1,2410,737,5,0
fouaye1,2410,739,6,0
chenam1,2410,741,7,0
leon1,2410,742,8,0
tchemil1,2410,743,9,0
pinault1,2410,744,10,0
nomi1,2410,746,11,0
berry1,2410,752,12,0
bourdon1,2410,753,13,0
villj4,2410,757,14,0
idftill2,2410,761,15,0
robique2,2410,764,16,0
vizeule2,2410,767,17,0
metrie2,2410,768,18,0
belepmo2,2410,769,19,0
courtin2,2410,770,20,0
mamont2,2410,771,21,0
texier2,2410,772,22,0
fougero2,2410,773,23,0
siland2,2410,774,24,0
senestr2,2410,775,25,0
viennai2,2410,776,26,0
machftz2,2410,776,27,0
chataig2,2410,777,28,0
bignoch2,2410,778,29,0
bersand1,2410,779,30,1
stgillw1,2326,628,1,0
censtg1,2326,629,2,0
clomarg1,2326,630,3,0
etgstg1,2326,631,4,0
vigne1,2326,632,5,0
fouaye1,2326,634,6,0
chenam1,2326,636,7,0
leon1,2326,637,8,0
tchemil1,2326,638,9,0
pinault1,2326,639,10,0
nomi1,2326,641,11,0
berry1,2326,647,12,0
bourdon1,2326,648,13,0
villj4,2326,652,14,0
idftill2,2326,656,15,0
robique2,2326,659,16,0
vizeule2,2326,662,17,0
metrie2,2326,663,18,0
belepmo2,2326,664,19,0
courtin2,2326,665,20,0
mamont2,2326,666,21,0
texier2,2326,667,22,0
fougero2,2326,668,23,0
siland2,2326,669,24,0
senestr2,2326,670,25,0
viennai2,2326,671,26,0
machftz2,2326,671,27,0
chataig2,2326,672,28,0
bignoch2,2326,673,29,0
bersand1,2326,674,30,1
bersand1,4121,380,1,0
bignoch1,4121,381,2,0
chataig1,4121,382,3,0
machftz1,4121,383,4,0
viennai1,4121,384,5,0
senestr1,4121,384,6,0
silandi1,4121,385,7,0
fougero1,4121,387,8,0
texier1,4121,388,9,0
mamont1,4121,389,10,0
courtin1,4121,390,11,0
belepmo1,4121,391,12,0
ecopa1,4121,392,13,0
vizeule1,4121,393,14,0
robique1,4121,396,15,0
idftill1,4121,399,16,0
villj1,4121,403,17,0
bourdon2,4121,406,18,0
berry2,4121,407,19,0
nomi2,4121,413,20,0
pinault2,4121,415,21,0
tchemil2,4121,416,22,0
leon2,4121,416,23,0
chenam2,4121,417,24,0
fouaye2,4121,419,25,0
vigne2,4121,421,26,0
etgstg2,4121,422,27,0
clomarg2,4121,423,28,0
censtgi2,4121,424,29,0
stgillw1,4121,426,30,1
bersand1,5651,470,1,0
bignoch1,5651,471,2,0
chataig1,5651,472,3,0
machftz1,5651,473,4,0
viennai1,5651,474,5,0
senestr1,5651,474,6,0
silandi1,5651,475,7,0
fougero1,5651,477,8,0
texier1,5651,478,9,0
mamont1,5651,479,10,0
courtin1,5651,480,11,0
belepmo1,5651,481,12,0
ecopa1,5651,482,13,0
vizeule1,5651,483,14,0
robique1,5651,486,15,0
idftill1,5651,489,16,0
villj1,5651,493,17,0
bourdon2,5651,496,18,0
berry2,5651,497,19,0
nomi2,5651,503,20,0
pinault2,5651,505,21,0
tchemil2,5651,506,22,0
leon2,5651,506,23,0
chenam2,5651,507,24,0
fouaye2,5651,509,25,0
vigne2,5651,511,26,0
etgstg2,5651,512,27,0
clomarg2,5651,513,28,0
censtgi2,5651,514,29,0
stgillw1,5651,516,30,1
repea,5631,1380,1,0
villj3,5631,1388,2,0
idftill2,5631,1391,3,0
robique2,5631,1394,4,0
vizeule2,5631,1396,5,0
metrie2,5631,1398,6,0
belepmo2,5631,1398,7,0
courtin2,5631,1399,8,0
mamont2,5631,1400,9,0
texier2,5631,1400,10,0
fougero2,5631,1401,11,0
siland2,5631,1402,12,0
senestr2,5631,1403,13,0
viennai2,5631,1404,14,0
machftz2,5631,1404,15,0
chataig2,5631,1405,16,0
bignoch2,5631,1406,17,0
bersand1,5631,1407,18,0
broscha2,5631,1408,19,0
flume2,5631,1415,20,0
mageve2,5631,1415,21,0
plbrea,5631,1416,22,1
villj4,2378,955,1,0
idftill2,2378,959,2,0
robique2,2378,962,3,0
vizeule2,2378,965,4,0
metrie2,2378,966,5,0
belepmo2,2378,967,6,0
courtin2,2378,968,7,0
mamont2,2378,969,8,0
texier2,2378,970,9,0
fougero2,2378,971,10,0
siland2,2378,972,11,0
senestr2,2378,973,12,0
viennai2,2378,974,13,0
machftz2,2378,974,14,0
chataig2,2378,975,15,0
bignoch2,2378,976,16,0
bersand1,2378,977,17,1
bersand1,2393,1200,1,0
bignoch1,2393,1201,2,0
chataig1,2393,1202,3,0
machftz1,2393,1203,4,0
viennai1,2393,1204,5,0
senestr1,2393,1204,6,0
silandi1,2393,1205,7,0
fougero1,2393,1207,8,0
texier1,2393,1208,9,0
mamont1,2393,1209,10,0
courtin1,2393,1210,11,0
belepmo1,2393,1211,12,0
ecopa1,2393,1212,13,0
vizeule1,2393,1213,14,0
robique1,2393,1216,15,0
idftill1,2393,1219,16,0
villj1,2393,1223,17,0
bourdon2,2393,1226,18,0
berry2,2393,1227,19,0
nomi2,2393,1233,20,0
pinault2,2393,1235,21,0
tchemil2,2393,1236,22,0
leon2,2393,1236,23,0
chenam2,2393,1237,24,0
fouaye2,2393,1239,25,0
vigne2,2393,1241,26,0
etgstg2,2393,1242,27,0
clomarg2,2393,1243,28,0
censtgi2,2393,1244,29,0
stgillw1,2393,1246,30,1
stgillw1,5655,495,1,0
censtg1,5655,496,2,0
clomarg1,5655,497,3,0
etgstg1,5655,498,4,0
vigne1,5655,499,5,0
fouaye1,5655,501,6,0
chenam1,5655,503,7,0
leon1,5655,504,8,0
tchemil1,5655,505,9,0
pinault1,5655,507,10,0
nomi1,5655,510,11,0
berry1,5655,516,12,0
bourdon1,5655,517,13,0
villj4,5655,521,14,0
idftill2,5655,525,15,0
robique2,5655,528,16,0
vizeule2,5655,531,17,0
metrie2,5655,532,18,0
belepmo2,5655,533,19,0
courtin2,5655,534,20,0
mamont2,5655,535,21,0
texier2,5655,536,22,0
fougero2,5655,537,23,0
siland2,5655,538,24,0
senestr2,5655,539,25,0
viennai2,5655,540,26,0
machftz2,5655,540,27,0
chataig2,5655,541,28,0
bignoch2,5655,542,29,0
bersand1,5655,543,30,1
stgillw1,715,970,1,0
censtg1,715,971,2,0
clomarg1,715,972,3,0
etgstg1,715,973,4,0
vigne1,715,974,5,0
fouaye1,715,976,6,0
chenam1,715,978,7,0
leon1,715,979,8,0
tchemil1,715,980,9,0
pinault1,715,981,10,0
nomi1,715,984,11,0
berry1,715,990,12,0
bourdon1,715,991,13,0
villj4,715,995,14,0
idftill2,715,999,15,0
robique2,715,1002,16,0
vizeule2,715,1005,17,0
metrie2,715,1006,18,0
belepmo2,715,1007,19,0
courtin2,715,1008,20,0
mamont2,715,1010,21,0
texier2,715,1011,22,0
fougero2,715,1012,23,0
siland2,715,1013,24,0
senestr2,715,1014,25,0
viennai2,715,1015,26,0
machftz2,715,1015,27,0
chataig2,715,1017,28,0
bignoch2,715,1018,29,0
bersand1,715,1019,30,1
bersand1,792,520,1,0
bignoch1,792,521,2,0
chataig1,792,522,3,0
machftz1,792,524,4,0
viennai1,792,525,5,0
senestr1,792,525,6,0
silandi1,792,526,7,0
fougero1,792,528,8,0
texier1,792,529,9,0
mamont1,792,530,10,0
courtin1,792,531,11,0
belepmo1,792,532,12,0
ecopa1,792,533,13,0
vizeule1,792,534,14,0
robique1,792,539,15,0
idftill1,792,542,16,0
villj1,792,546,17,1
stgillw1,752,698,1,0
censtg1,752,699,2,0
clomarg1,752,700,3,0
etgstg1,752,701,4,0
vigne1,752,702,5,0
fouaye1,752,704,6,0
chenam1,752,706,7,0
leon1,752,707,8,0
tchemil1,752,708,9,0
pinault1,752,709,10,0
nomi1,752,711,11,0
berry1,752,717,12,0
bourdon1,752,718,13,0
villj4,752,722,14,0
idftill2,752,726,15,0
robique2,752,729,16,0
vizeule2,752,732,17,0
metrie2,752,733,18,0
belepmo2,752,734,19,0
courtin2,752,735,20,0
mamont2,752,736,21,0
texier2,752,737,22,0
fougero2,752,738,23,0
siland2,752,739,24,0
senestr2,752,740,25,0
viennai2,752,741,26,0
machftz2,752,741,27,0
chataig2,752,742,28,0
bignoch2,752,743,29,0
bersand1,752,744,30,1
bersand1,753,750,1,0
bignoch1,753,751,2,0
chataig1,753,752,3,0
machftz1,753,753,4,0
viennai1,753,754,5,0
senestr1,753,754,6,0
silandi1,753,755,7,0
fougero1,753,757,8,0
texier1,753,758,9,0
mamont1,753,759,10,0
courtin1,753,760,11,0
belepmo1,753,761,12,0
ecopa1,753,762,13,0
vizeule1,753,763,14,0
robique1,753,766,15,0
idftill1,753,769,16,0
villj1,753,773,17,0
bourdon2,753,776,18,0
berry2,753,777,19,0
nomi2,753,783,20,0
pinault2,753,785,21,0
tchemil2,753,786,22,0
leon2,753,786,23,0
chenam2,753,787,24,0
fouaye2,753,789,25,0
vigne2,753,791,26,0
etgstg2,753,792,27,0
clomarg2,753,793,28,0
censtgi2,753,794,29,0
stgillw1,753,796,30,1
stgillw1,4461,1118,1,0
censtg1,4461,1119,2,0
clomarg1,4461,1120,3,0
etgstg1,4461,1121,4,0
vigne1,4461,1122,5,0
fouaye1,4461,1124,6,0
chenam1,4461,1126,7,0
leon1,4461,1127,8,0
tchemil1,4461,1128,9,0
pinault1,4461,1129,10,0
nomi1,4461,1131,11,0
berry1,4461,1137,12,0
bourdon1,4461,1138,13,0
villj4,4461,1142,14,0
idftill2,4461,1146,15,0
robique2,4461,1149,16,0
vizeule2,4461,1152,17,0
metrie2,4461,1153,18,0
belepmo2,4461,1154,19,0
courtin2,4461,1155,20,0
mamont2,4461,1156,21,0
texier2,4461,1157,22,0
fougero2,4461,1158,23,0
siland2,4461,1159,24,0
senestr2,4461,1160,25,0
viennai2,4461,1161,26,0
machftz2,4461,1161,27,0
chataig2,4461,1162,28,0
bignoch2,4461,1163,29,0
bersand1,4461,1164,30,1
bersand1,5509,610,1,0
bignoch1,5509,611,2,0
chataig1,5509,612,3,0
machftz1,5509,613,4,0
viennai1,5509,614,5,0
senestr1,5509,614,6,0
silandi1,5509,615,7,0
fougero1,5509,617,8,0
texier1,5509,618,9,0
mamont1,5509,619,10,0
courtin1,5509,620,11,0
belepmo1,5509,621,12,0
ecopa1,5509,622,13,0
vizeule1,5509,623,14,0
robique1,5509,626,15,0
idftill1,5509,629,16,0
villj1,5509,633,17,0
bourdon2,5509,636,18,0
berry2,5509,637,19,0
nomi2,5509,643,20,0
pinault2,5509,645,21,0
tchemil2,5509,646,22,0
leon2,5509,646,23,0
chenam2,5509,647,24,0
fouaye2,5509,649,25,0
vigne2,5509,651,26,0
etgstg2,5509,652,27,0
clomarg2,5509,653,28,0
censtgi2,5509,654,29,0
stgillw1,5509,656,30,1
plbrea,5569,940,1,0
mageve1,5569,941,2,0
flume1,5569,942,3,0
broscha1,5569,949,4,0
bersand1,5569,950,5,0
bignoch1,5569,951,6,0
chataig1,5569,951,7,0
machftz1,5569,952,8,0
viennai1,5569,952,9,0
senestr1,5569,953,10,0
silandi1,5569,954,11,0
fougero1,5569,955,12,0
texier1,5569,956,13,0
mamont1,5569,957,14,0
courtin1,5569,958,15,0
belepmo1,5569,959,16,0
ecopa1,5569,960,17,0
vizeule1,5569,960,18,0
robique1,5569,963,19,0
idftill1,5569,966,20,0
villj3,5569,970,21,1
bersand1,4433,1100,1,0
bignoch1,4433,1101,2,0
chataig1,4433,1102,3,0
machftz1,4433,1103,4,0
viennai1,4433,1104,5,0
senestr1,4433,1104,6,0
silandi1,4433,1105,7,0
fougero1,4433,1107,8,0
texier1,4433,1108,9,0
mamont1,4433,1109,10,0
courtin1,4433,1110,11,0
belepmo1,4433,1111,12,0
ecopa1,4433,1112,13,0
vizeule1,4433,1113,14,0
robique1,4433,1117,15,0
idftill1,4433,1120,16,0
villj1,4433,1124,17,0
bourdon2,4433,1127,18,0
berry2,4433,1128,19,0
nomi2,4433,1134,20,0
pinault2,4433,1136,21,0
tchemil2,4433,1137,22,0
leon2,4433,1137,23,0
chenam2,4433,1138,24,0
fouaye2,4433,1140,25,0
vigne2,4433,1142,26,0
etgstg2,4433,1143,27,0
clomarg2,4433,1144,28,0
censtgi2,4433,1145,29,0
stgillw1,4433,1147,30,1
stgillw1,5571,1201,1,0
censtg1,5571,1202,2,0
clomarg1,5571,1203,3,0
etgstg1,5571,1204,4,0
vigne1,5571,1205,5,0
fouaye1,5571,1207,6,0
chenam1,5571,1209,7,0
leon1,5571,1210,8,0
tchemil1,5571,1211,9,0
pinault1,5571,1212,10,0
nomi1,5571,1214,11,0
berry1,5571,1220,12,0
bourdon1,5571,1221,13,0
villj4,5571,1225,14,0
idftill2,5571,1229,15,0
robique2,5571,1232,16,0
vizeule2,5571,1235,17,0
metrie2,5571,1236,18,0
belepmo2,5571,1237,19,0
courtin2,5571,1238,20,0
mamont2,5571,1239,21,0
texier2,5571,1240,22,0
fougero2,5571,1241,23,0
siland2,5571,1242,24,0
senestr2,5571,1243,25,0
viennai2,5571,1244,26,0
machftz2,5571,1244,27,0
chataig2,5571,1245,28,0
bignoch2,5571,1246,29,0
bersand1,5571,1247,30,1
stgillw1,5589,1030,1,0
censtg1,5589,1031,2,0
clomarg1,5589,1032,3,0
etgstg1,5589,1033,4,0
vigne1,5589,1034,5,0
fouaye1,5589,1036,6,0
chenam1,5589,1038,7,0
leon1,5589,1039,8,0
tchemil1,5589,1040,9,0
pinault1,5589,1041,10,0
nomi1,5589,1044,11,0
berry1,5589,1050,12,0
bourdon1,5589,1051,13,0
villj4,5589,1055,14,0
idftill2,5589,1059,15,0
robique2,5589,1063,16,0
vizeule2,5589,1067,17,0
metrie2,5589,1068,18,0
belepmo2,5589,1069,19,0
courtin2,5589,1070,20,0
mamont2,5589,1072,21,0
texier2,5589,1073,22,0
fougero2,5589,1074,23,0
siland2,5589,1075,24,0
senestr2,5589,1076,25,0
viennai2,5589,1077,26,0
machftz2,5589,1077,27,0
chataig2,5589,1079,28,0
bignoch2,5589,1080,29,0
bersand1,5589,1081,30,1
bersand1,5598,460,1,0
bignoch1,5598,461,2,0
chataig1,5598,462,3,0
machftz1,5598,464,4,0
viennai1,5598,465,5,0
senestr1,5598,465,6,0
silandi1,5598,466,7,0
fougero1,5598,468,8,0
texier1,5598,469,9,0
mamont1,5598,470,10,0
courtin1,5598,472,11,0
belepmo1,5598,473,12,0
ecopa1,5598,474,13,0
vizeule1,5598,475,14,0
robique1,5598,480,15,0
idftill1,5598,483,16,0
villj1,5598,487,17,0
bourdon2,5598,490,18,0
berry2,5598,491,19,0
nomi2,5598,497,20,0
pinault2,5598,499,21,0
tchemil2,5598,500,22,0
leon2,5598,500,23,0
chenam2,5598,501,24,0
fouaye2,5598,503,25,0
vigne2,5598,505,26,0
etgstg2,5598,506,27,0
clomarg2,5598,507,28,0
censtgi2,5598,508,29,0
stgillw1,5598,510,30,1
stgillw1,1175,1013,1,0
censtg1,1175,1014,2,0
clomarg1,1175,1015,3,0
etgstg1,1175,1016,4,0
vigne1,1175,1017,5,0
fouaye1,1175,1019,6,0
chenam1,1175,1021,7,0
leon1,1175,1022,8,0
tchemil1,1175,1023,9,0
pinault1,1175,1024,10,0
nomi1,1175,1026,11,0
berry1,1175,1032,12,0
bourdon1,1175,1033,13,0
villj4,1175,1037,14,0
idftill2,1175,1041,15,0
robique2,1175,1044,16,0
vizeule2,1175,1047,17,0
metrie2,1175,1048,18,0
belepmo2,1175,1049,19,0
courtin2,1175,1050,20,0
mamont2,1175,1051,21,0
texier2,1175,1052,22,0
fougero2,1175,1053,23,0
siland2,1175,1054,24,0
senestr2,1175,1055,25,0
viennai2,1175,1056,26,0
machftz2,1175,1056,27,0
chataig2,1175,1057,28,0
bignoch2,1175,1058,29,0
bersand1,1175,1059,30,1
stgillw1,2632,738,1,0
censtg1,2632,739,2,0
clomarg1,2632,740,3,0
etgstg1,2632,741,4,0
vigne1,2632,742,5,0
fouaye1,2632,744,6,0
chenam1,2632,746,7,0
leon1,2632,747,8,0
tchemil1,2632,748,9,0
pinault1,2632,749,10,0
nomi1,2632,751,11,0
berry1,2632,757,12,0
bourdon1,2632,758,13,0
villj4,2632,762,14,0
idftill2,2632,766,15,0
robique2,2632,769,16,0
vizeule2,2632,772,17,0
metrie2,2632,773,18,0
belepmo2,2632,774,19,0
courtin2,2632,775,20,0
mamont2,2632,776,21,0
texier2,2632,777,22,0
fougero2,2632,778,23,0
siland2,2632,779,24,0
senestr2,2632,780,25,0
viennai2,2632,781,26,0
machftz2,2632,781,27,0
chataig2,2632,782,28,0
bignoch2,2632,783,29,0
bersand1,2632,784,30,1
stgillw1,2617,420,1,0
censtg1,2617,421,2,0
clomarg1,2617,422,3,0
etgstg1,2617,423,4,0
vigne1,2617,424,5,0
fouaye1,2617,426,6,0
chenam1,2617,428,7,0
leon1,2617,429,8,0
tchemil1,2617,430,9,0
pinault1,2617,431,10,0
nomi1,2617,434,11,0
berry1,2617,440,12,0
bourdon1,2617,441,13,0
villj4,2617,445,14,0
idftill2,2617,449,15,0
robique2,2617,452,16,0
vizeule2,2617,455,17,0
metrie2,2617,456,18,0
belepmo2,2617,457,19,0
courtin2,2617,458,20,0
mamont2,2617,459,21,0
texier2,2617,459,22,0
fougero2,2617,460,23,0
siland2,2617,461,24,0
senestr2,2617,462,25,0
viennai2,2617,463,26,0
machftz2,2617,463,27,0
chataig2,2617,464,28,0
bignoch2,2617,465,29,0
bersand1,2617,466,30,1
stgillw1,669,558,1,0
censtg1,669,559,2,0
clomarg1,669,560,3,0
etgstg1,669,561,4,0
vigne1,669,562,5,0
fouaye1,669,564,6,0
chenam1,669,566,7,0
leon1,669,567,8,0
tchemil1,669,568,9,0
pinault1,669,569,10,0
nomi1,669,571,11,0
berry1,669,577,12,0
bourdon1,669,578,13,0
villj4,669,582,14,0
idftill2,669,586,15,0
robique2,669,589,16,0
vizeule2,669,592,17,0
metrie2,669,593,18,0
belepmo2,669,594,19,0
courtin2,669,595,20,0
mamont2,669,596,21,0
texier2,669,596,22,0
fougero2,669,597,23,0
siland2,669,598,24,0
senestr2,669,599,25,0
viennai2,669,600,26,0
machftz2,669,600,27,0
chataig2,669,601,28,0
bignoch2,669,602,29,0
bersand1,669,603,30,1
bersand1,1079,715,1,0
bignoch1,1079,716,2,0
chataig1,1079,717,3,0
machftz1,1079,718,4,0
viennai1,1079,719,5,0
senestr1,1079,719,6,0
silandi1,1079,720,7,0
fougero1,1079,722,8,0
texier1,1079,723,9,0
mamont1,1079,724,10,0
courtin1,1079,725,11,0
belepmo1,1079,726,12,0
ecopa1,1079,727,13,0
vizeule1,1079,728,14,0
robique1,1079,731,15,0
idftill1,1079,734,16,0
villj1,1079,738,17,0
bourdon2,1079,741,18,0
berry2,1079,742,19,0
nomi2,1079,748,20,0
pinault2,1079,750,21,0
tchemil2,1079,751,22,0
leon2,1079,751,23,0
chenam2,1079,752,24,0
fouaye2,1079,754,25,0
vigne2,1079,756,26,0
etgstg2,1079,757,27,0
clomarg2,1079,758,28,0
censtgi2,1079,759,29,0
stgillw1,1079,761,30,1
stgillw1,4354,520,1,0
censtg1,4354,521,2,0
clomarg1,4354,522,3,0
etgstg1,4354,523,4,0
vigne1,4354,524,5,0
fouaye1,4354,526,6,0
chenam1,4354,528,7,0
leon1,4354,529,8,0
tchemil1,4354,530,9,0
pinault1,4354,532,10,0
nomi1,4354,535,11,0
berry1,4354,541,12,0
bourdon1,4354,542,13,0
villj4,4354,546,14,0
idftill2,4354,550,15,0
robique2,4354,553,16,0
vizeule2,4354,556,17,0
metrie2,4354,557,18,0
belepmo2,4354,558,19,0
courtin2,4354,559,20,0
mamont2,4354,560,21,0
texier2,4354,561,22,0
fougero2,4354,562,23,0
siland2,4354,563,24,0
senestr2,4354,564,25,0
viennai2,4354,565,26,0
machftz2,4354,565,27,0
chataig2,4354,566,28,0
bignoch2,4354,567,29,0
bersand1,4354,568,30,1
villj3,4319,900,1,0
idftill2,4319,903,2,0
robique2,4319,906,3,0
vizeule2,4319,908,4,0
metrie2,4319,910,5,0
belepmo2,4319,910,6,0
courtin2,4319,911,7,0
mamont2,4319,912,8,0
texier2,4319,913,9,0
fougero2,4319,914,10,0
siland2,4319,915,11,0
senestr2,4319,917,12,0
viennai2,4319,918,13,0
machftz2,4319,918,14,0
chataig2,4319,919,15,0
bignoch2,4319,919,16,0
bersand1,4319,920,17,0
broscha2,4319,921,18,0
flume2,4319,930,19,0
mageve2,4319,930,20,0
plbrea,4319,931,21,1
villj3,5484,660,1,0
idftill2,5484,663,2,0
robique2,5484,666,3,0
vizeule2,5484,668,4,0
metrie2,5484,670,5,0
belepmo2,5484,670,6,0
courtin2,5484,671,7,0
mamont2,5484,672,8,0
texier2,5484,673,9,0
fougero2,5484,674,10,0
siland2,5484,675,11,0
senestr2,5484,677,12,0
viennai2,5484,678,13,0
machftz2,5484,678,14,0
chataig2,5484,679,15,0
bignoch2,5484,679,16,0
bersand1,5484,680,17,0
broscha2,5484,681,18,0
flume2,5484,690,19,0
mageve2,5484,690,20,0
plbrea,5484,691,21,1
stgillw1,5347,1010,1,0
censtg1,5347,1011,2,0
clomarg1,5347,1012,3,0
etgstg1,5347,1013,4,0
vigne1,5347,1014,5,0
fouaye1,5347,1016,6,0
chenam1,5347,1018,7,0
leon1,5347,1019,8,0
tchemil1,5347,1020,9,0
pinault1,5347,1021,10,0
nomi1,5347,1024,11,0
berry1,5347,1030,12,0
bourdon1,5347,1031,13,0
villj4,5347,1035,14,0
idftill2,5347,1039,15,0
robique2,5347,1043,16,0
vizeule2,5347,1047,17,0
metrie2,5347,1048,18,0
belepmo2,5347,1049,19,0
courtin2,5347,1050,20,0
mamont2,5347,1052,21,0
texier2,5347,1053,22,0
fougero2,5347,1054,23,0
siland2,5347,1055,24,0
senestr2,5347,1056,25,0
viennai2,5347,1057,26,0
machftz2,5347,1057,27,0
chataig2,5347,1059,28,0
bignoch2,5347,1060,29,0
bersand1,5347,1061,30,1
stgillw1,5343,663,1,0
censtg1,5343,664,2,0
clomarg1,5343,665,3,0
etgstg1,5343,666,4,0
vigne1,5343,667,5,0
fouaye1,5343,669,6,0
chenam1,5343,671,7,0
leon1,5343,672,8,0
tchemil1,5343,673,9,0
pinault1,5343,674,10,0
nomi1,5343,676,11,0
berry1,5343,682,12,0
bourdon1,5343,683,13,0
villj4,5343,687,14,0
idftill2,5343,691,15,0
robique2,5343,694,16,0
vizeule2,5343,697,17,0
metrie2,5343,698,18,0
belepmo2,5343,699,19,0
courtin2,5343,700,20,0
mamont2,5343,701,21,0
texier2,5343,702,22,0
fougero2,5343,703,23,0
siland2,5343,704,24,0
senestr2,5343,705,25,0
viennai2,5343,706,26,0
machftz2,5343,706,27,0
chataig2,5343,707,28,0
bignoch2,5343,708,29,0
bersand1,5343,709,30,1
plbrea,5320,780,1,0
mageve1,5320,781,2,0
flume1,5320,782,3,0
broscha1,5320,789,4,0
bersand1,5320,790,5,0
bignoch1,5320,791,6,0
chataig1,5320,791,7,0
machftz1,5320,792,8,0
viennai1,5320,792,9,0
senestr1,5320,793,10,0
silandi1,5320,794,11,0
fougero1,5320,795,12,0
texier1,5320,796,13,0
mamont1,5320,797,14,0
courtin1,5320,798,15,0
belepmo1,5320,799,16,0
ecopa1,5320,800,17,0
vizeule1,5320,800,18,0
robique1,5320,803,19,0
idftill1,5320,806,20,0
villj3,5320,810,21,1
bersand1,6060,1032,1,0
bignoch1,6060,1033,2,0
chataig1,6060,1034,3,0
machftz1,6060,1035,4,0
viennai1,6060,1036,5,0
senestr1,6060,1036,6,0
silandi1,6060,1037,7,0
fougero1,6060,1039,8,0
texier1,6060,1040,9,0
mamont1,6060,1041,10,0
courtin1,6060,1042,11,0
belepmo1,6060,1043,12,0
ecopa1,6060,1044,13,0
vizeule1,6060,1045,14,0
robique1,6060,1049,15,0
idftill1,6060,1052,16,0
villj1,6060,1057,17,0
bourdon2,6060,1060,18,0
berry2,6060,1061,19,0
nomi2,6060,1069,20,0
pinault2,6060,1071,21,0
tchemil2,6060,1072,22,0
leon2,6060,1073,23,0
chenam2,6060,1074,24,0
fouaye2,6060,1076,25,0
vigne2,6060,1078,26,0
etgstg2,6060,1080,27,0
clomarg2,6060,1081,28,0
censtgi2,6060,1082,29,0
stgillw1,6060,1084,30,1
plbrea,6046,1100,1,0
mageve1,6046,1101,2,0
flume1,6046,1102,3,0
broscha1,6046,1109,4,0
bersand1,6046,1110,5,0
bignoch1,6046,1111,6,0
chataig1,6046,1111,7,0
machftz1,6046,1112,8,0
viennai1,6046,1112,9,0
senestr1,6046,1113,10,0
silandi1,6046,1114,11,0
fougero1,6046,1115,12,0
texier1,6046,1116,13,0
mamont1,6046,1117,14,0
courtin1,6046,1118,15,0
belepmo1,6046,1119,16,0
ecopa1,6046,1120,17,0
vizeule1,6046,1120,18,0
robique1,6046,1123,19,0
idftill1,6046,1126,20,0
villj3,6046,1130,21,1
bersand1,5227,490,1,0
bignoch1,5227,491,2,0
chataig1,5227,492,3,0
machftz1,5227,494,4,0
viennai1,5227,495,5,0
senestr1,5227,495,6,0
silandi1,5227,496,7,0
fougero1,5227,498,8,0
texier1,5227,499,9,0
mamont1,5227,500,10,0
courtin1,5227,502,11,0
belepmo1,5227,503,12,0
ecopa1,5227,504,13,0
vizeule1,5227,505,14,0
robique1,5227,510,15,0
idftill1,5227,513,16,0
villj1,5227,517,17,0
bourdon2,5227,520,18,0
berry2,5227,521,19,0
nomi2,5227,527,20,0
pinault2,5227,529,21,0
tchemil2,5227,530,22,0
leon2,5227,530,23,0
chenam2,5227,531,24,0
fouaye2,5227,533,25,0
vigne2,5227,535,26,0
etgstg2,5227,536,27,0
clomarg2,5227,537,28,0
censtgi2,5227,538,29,0
stgillw1,5227,540,30,1
bersand1,5294,435,1,0
bignoch1,5294,436,2,0
chataig1,5294,437,3,0
machftz1,5294,439,4,0
viennai1,5294,440,5,0
senestr1,5294,440,6,0
silandi1,5294,441,7,0
fougero1,5294,443,8,0
texier1,5294,444,9,0
mamont1,5294,445,10,0
courtin1,5294,447,11,0
belepmo1,5294,448,12,0
ecopa1,5294,449,13,0
vizeule1,5294,450,14,0
robique1,5294,453,15,0
idftill1,5294,456,16,0
villj1,5294,460,17,0
bourdon2,5294,463,18,0
berry2,5294,464,19,0
nomi2,5294,470,20,0
pinault2,5294,472,21,0
tchemil2,5294,473,22,0
leon2,5294,473,23,0
chenam2,5294,474,24,0
fouaye2,5294,476,25,0
vigne2,5294,478,26,0
etgstg2,5294,479,27,0
clomarg2,5294,480,28,0
censtgi2,5294,481,29,0
stgillw1,5294,483,30,1
bersand1,5100,575,1,0
bignoch1,5100,576,2,0
chataig1,5100,577,3,0
machftz1,5100,578,4,0
viennai1,5100,579,5,0
senestr1,5100,579,6,0
silandi1,5100,580,7,0
fougero1,5100,582,8,0
texier1,5100,583,9,0
mamont1,5100,584,10,0
courtin1,5100,585,11,0
belepmo1,5100,586,12,0
ecopa1,5100,587,13,0
vizeule1,5100,588,14,0
robique1,5100,591,15,0
idftill1,5100,594,16,0
villj1,5100,598,17,0
bourdon2,5100,601,18,0
berry2,5100,602,19,0
nomi2,5100,608,20,0
pinault2,5100,610,21,0
tchemil2,5100,611,22,0
leon2,5100,611,23,0
chenam2,5100,612,24,0
fouaye2,5100,614,25,0
vigne2,5100,616,26,0
etgstg2,5100,617,27,0
clomarg2,5100,618,28,0
censtgi2,5100,619,29,0
stgillw1,5100,621,30,1
stgillw1,4034,803,1,0
censtg1,4034,804,2,0
clomarg1,4034,805,3,0
etgstg1,4034,806,4,0
vigne1,4034,807,5,0
fouaye1,4034,809,6,0
chenam1,4034,811,7,0
leon1,4034,812,8,0
tchemil1,4034,813,9,0
pinault1,4034,814,10,0
nomi1,4034,816,11,0
berry1,4034,822,12,0
bourdon1,4034,823,13,0
villj4,4034,827,14,0
idftill2,4034,831,15,0
robique2,4034,834,16,0
vizeule2,4034,837,17,0
metrie2,4034,838,18,0
belepmo2,4034,839,19,0
courtin2,4034,840,20,0
mamont2,4034,841,21,0
texier2,4034,842,22,0
fougero2,4034,843,23,0
siland2,4034,844,24,0
senestr2,4034,845,25,0
viennai2,4034,846,26,0
machftz2,4034,846,27,0
chataig2,4034,847,28,0
bignoch2,4034,848,29,0
bersand1,4034,849,30,1
stgillw1,6271,523,1,0
censtg1,6271,524,2,0
clomarg1,6271,525,3,0
etgstg1,6271,526,4,0
vigne1,6271,527,5,0
fouaye1,6271,529,6,0
chenam1,6271,531,7,0
leon1,6271,532,8,0
tchemil1,6271,533,9,0
pinault1,6271,534,10,0
nomi1,6271,536,11,0
berry1,6271,542,12,0
bourdon1,6271,543,13,0
villj4,6271,547,14,0
idftill2,6271,551,15,0
robique2,6271,554,16,0
vizeule2,6271,557,17,0
metrie2,6271,558,18,0
belepmo2,6271,559,19,0
courtin2,6271,560,20,0
mamont2,6271,561,21,0
texier2,6271,561,22,0
fougero2,6271,562,23,0
siland2,6271,563,24,0
senestr2,6271,564,25,0
viennai2,6271,565,26,0
machftz2,6271,565,27,0
chataig2,6271,566,28,0
bignoch2,6271,567,29,0
bersand1,6271,568,30,1
bersand1,4000,1135,1,0
bignoch1,4000,1136,2,0
chataig1,4000,1137,3,0
machftz1,4000,1138,4,0
viennai1,4000,1139,5,0
senestr1,4000,1139,6,0
silandi1,4000,1140,7,0
fougero1,4000,1142,8,0
texier1,4000,1143,9,0
mamont1,4000,1144,10,0
courtin1,4000,1145,11,0
belepmo1,4000,1146,12,0
ecopa1,4000,1147,13,0
vizeule1,4000,1148,14,0
robique1,4000,1151,15,0
idftill1,4000,1154,16,0
villj1,4000,1158,17,0
bourdon2,4000,1161,18,0
berry2,4000,1162,19,0
nomi2,4000,1168,20,0
pinault2,4000,1170,21,0
tchemil2,4000,1171,22,0
leon2,4000,1171,23,0
chenam2,4000,1172,24,0
fouaye2,4000,1174,25,0
vigne2,4000,1176,26,0
etgstg2,4000,1177,27,0
clomarg2,4000,1178,28,0
censtgi2,4000,1179,29,0
stgillw1,4000,1181,30,1
bersand1,6240,1230,1,0
bignoch1,6240,1231,2,0
chataig1,6240,1232,3,0
machftz1,6240,1233,4,0
viennai1,6240,1234,5,0
senestr1,6240,1234,6,0
silandi1,6240,1235,7,0
fougero1,6240,1237,8,0
texier1,6240,1238,9,0
mamont1,6240,1239,10,0
courtin1,6240,1240,11,0
belepmo1,6240,1241,12,0
ecopa1,6240,1242,13,0
vizeule1,6240,1243,14,0
robique1,6240,1246,15,0
idftill1,6240,1249,16,0
villj1,6240,1253,17,0
bourdon2,6240,1256,18,0
berry2,6240,1257,19,0
nomi2,6240,1263,20,0
pinault2,6240,1265,21,0
tchemil2,6240,1266,22,0
leon2,6240,1266,23,0
chenam2,6240,1267,24,0
fouaye2,6240,1269,25,0
vigne2,6240,1271,26,0
etgstg2,6240,1272,27,0
clomarg2,6240,1273,28,0
censtgi2,6240,1274,29,0
stgillw1,6240,1276,30,1
villj3,6239,980,1,0
idftill2,6239,983,2,0
robique2,6239,986,3,0
vizeule2,6239,988,4,0
metrie2,6239,990,5,0
belepmo2,6239,990,6,0
courtin2,6239,991,7,0
mamont2,6239,992,8,0
texier2,6239,993,9,0
fougero2,6239,994,10,0
siland2,6239,995,11,0
senestr2,6239,997,12,0
viennai2,6239,998,13,0
machftz2,6239,998,14,0
chataig2,6239,999,15,0
bignoch2,6239,999,16,0
bersand1,6239,1000,17,0
broscha2,6239,1001,18,0
flume2,6239,1010,19,0
mageve2,6239,1010,20,0
plbrea,6239,1011,21,1
bersand1,4050,855,1,0
bignoch1,4050,856,2,0
chataig1,4050,857,3,0
machftz1,4050,858,4,0
viennai1,4050,859,5,0
senestr1,4050,859,6,0
silandi1,4050,860,7,0
fougero1,4050,862,8,0
texier1,4050,863,9,0
mamont1,4050,864,10,0
courtin1,4050,865,11,0
belepmo1,4050,866,12,0
ecopa1,4050,867,13,0
vizeule1,4050,868,14,0
robique1,4050,871,15,0
idftill1,4050,874,16,0
villj1,4050,878,17,0
bourdon2,4050,881,18,0
berry2,4050,882,19,0
nomi2,4050,888,20,0
pinault2,4050,890,21,0
tchemil2,4050,891,22,0
leon2,4050,891,23,0
chenam2,4050,892,24,0
fouaye2,4050,894,25,0
vigne2,4050,896,26,0
etgstg2,4050,897,27,0
clomarg2,4050,898,28,0
censtgi2,4050,899,29,0
stgillw1,4050,901,30,1
stgillw1,4062,1226,1,0
censtg1,4062,1227,2,0
clomarg1,4062,1228,3,0
etgstg1,4062,1229,4,0
vigne1,4062,1230,5,0
fouaye1,4062,1232,6,0
chenam1,4062,1234,7,0
leon1,4062,1235,8,0
tchemil1,4062,1236,9,0
pinault1,4062,1237,10,0
nomi1,4062,1239,11,0
berry1,4062,1245,12,0
bourdon1,4062,1246,13,0
villj4,4062,1250,14,0
idftill2,4062,1254,15,0
robique2,4062,1257,16,0
vizeule2,4062,1260,17,0
metrie2,4062,1261,18,0
belepmo2,4062,1262,19,0
courtin2,4062,1263,20,0
mamont2,4062,1264,21,0
texier2,4062,1265,22,0
fougero2,4062,1266,23,0
siland2,4062,1267,24,0
senestr2,4062,1268,25,0
viennai2,4062,1269,26,0
machftz2,4062,1269,27,0
chataig2,4062,1270,28,0
bignoch2,4062,1271,29,0
bersand1,4062,1272,30,1
stgillw1,5013,978,1,0
censtg1,5013,979,2,0
clomarg1,5013,980,3,0
etgstg1,5013,981,4,0
vigne1,5013,982,5,0
fouaye1,5013,984,6,0
chenam1,5013,986,7,0
leon1,5013,987,8,0
tchemil1,5013,988,9,0
pinault1,5013,989,10,0
nomi1,5013,991,11,0
berry1,5013,997,12,0
bourdon1,5013,998,13,0
villj4,5013,1002,14,0
idftill2,5013,1006,15,0
robique2,5013,1009,16,0
vizeule2,5013,1012,17,0
metrie2,5013,1013,18,0
belepmo2,5013,1014,19,0
courtin2,5013,1015,20,0
mamont2,5013,1016,21,0
texier2,5013,1017,22,0
fougero2,5013,1018,23,0
siland2,5013,1019,24,0
senestr2,5013,1020,25,0
viennai2,5013,1021,26,0
machftz2,5013,1021,27,0
chataig2,5013,1022,28,0
bignoch2,5013,1023,29,0
bersand1,5013,1024,30,1
plbrea,6136,1020,1,0
mageve1,6136,1021,2,0
flume1,6136,1022,3,0
broscha1,6136,1029,4,0
bersand1,6136,1030,5,0
bignoch1,6136,1031,6,0
chataig1,6136,1031,7,0
machftz1,6136,1032,8,0
viennai1,6136,1032,9,0
senestr1,6136,1033,10,0
silandi1,6136,1034,11,0
fougero1,6136,1035,12,0
texier1,6136,1036,13,0
mamont1,6136,1037,14,0
courtin1,6136,1038,15,0
belepmo1,6136,1039,16,0
ecopa1,6136,1040,17,0
vizeule1,6136,1040,18,0
robique1,6136,1043,19,0
idftill1,6136,1046,20,0
villj3,6136,1050,21,1
bersand1,5023,1030,1,0
bignoch1,5023,1031,2,0
chataig1,5023,1032,3,0
machftz1,5023,1033,4,0
viennai1,5023,1034,5,0
senestr1,5023,1034,6,0
silandi1,5023,1035,7,0
fougero1,5023,1037,8,0
texier1,5023,1038,9,0
mamont1,5023,1039,10,0
courtin1,5023,1040,11,0
belepmo1,5023,1041,12,0
ecopa1,5023,1042,13,0
vizeule1,5023,1043,14,0
robique1,5023,1047,15,0
idftill1,5023,1050,16,0
villj1,5023,1054,17,0
bourdon2,5023,1057,18,0
berry2,5023,1058,19,0
nomi2,5023,1064,20,0
pinault2,5023,1066,21,0
tchemil2,5023,1067,22,0
leon2,5023,1067,23,0
chenam2,5023,1068,24,0
fouaye2,5023,1070,25,0
vigne2,5023,1072,26,0
etgstg2,5023,1073,27,0
clomarg2,5023,1074,28,0
censtgi2,5023,1075,29,0
stgillw1,5023,1077,30,1
bersand1,5097,425,1,0
bignoch1,5097,426,2,0
chataig1,5097,427,3,0
machftz1,5097,428,4,0
viennai1,5097,429,5,0
senestr1,5097,429,6,0
silandi1,5097,430,7,0
fougero1,5097,432,8,0
texier1,5097,433,9,0
mamont1,5097,434,10,0
courtin1,5097,435,11,0
belepmo1,5097,436,12,0
ecopa1,5097,437,13,0
vizeule1,5097,438,14,0
robique1,5097,441,15,0
idftill1,5097,444,16,0
villj1,5097,448,17,0
bourdon2,5097,451,18,0
berry2,5097,452,19,0
nomi2,5097,458,20,0
pinault2,5097,460,21,0
tchemil2,5097,461,22,0
leon2,5097,461,23,0
chenam2,5097,462,24,0
fouaye2,5097,464,25,0
vigne2,5097,466,26,0
etgstg2,5097,467,27,0
clomarg2,5097,468,28,0
censtgi2,5097,469,29,0
stgillw1,5097,471,30,1
bersand1,6481,1052,1,0
bignoch1,6481,1053,2,0
chataig1,6481,1054,3,0
machftz1,6481,1055,4,0
viennai1,6481,1056,5,0
senestr1,6481,1056,6,0
silandi1,6481,1057,7,0
fougero1,6481,1059,8,0
texier1,6481,1060,9,0
mamont1,6481,1061,10,0
courtin1,6481,1062,11,0
belepmo1,6481,1063,12,0
ecopa1,6481,1064,13,0
vizeule1,6481,1065,14,0
robique1,6481,1069,15,0
idftill1,6481,1072,16,0
villj1,6481,1077,17,0
bourdon2,6481,1080,18,0
berry2,6481,1081,19,0
nomi2,6481,1089,20,0
pinault2,6481,1091,21,0
tchemil2,6481,1092,22,0
leon2,6481,1093,23,0
chenam2,6481,1094,24,0
fouaye2,6481,1096,25,0
vigne2,6481,1098,26,0
etgstg2,6481,1100,27,0
clomarg2,6481,1101,28,0
censtgi2,6481,1102,29,0
stgillw1,6481,1104,30,1
plbrea,6417,425,1,0
mageve1,6417,426,2,0
flume1,6417,427,3,0
broscha1,6417,434,4,0
bersand1,6417,435,5,0
bignoch1,6417,436,6,0
chataig1,6417,437,7,0
machftz1,6417,438,8,0
viennai1,6417,439,9,0
senestr1,6417,439,10,0
silandi1,6417,440,11,0
fougero1,6417,442,12,0
texier1,6417,443,13,0
mamont1,6417,444,14,0
courtin1,6417,445,15,0
belepmo1,6417,446,16,0
ecopa1,6417,447,17,0
vizeule1,6417,448,18,0
robique1,6417,451,19,0
idftill1,6417,454,20,0
villj3,6417,458,21,0
bourdon2,6417,461,22,0
berry2,6417,462,23,0
nomi2,6417,468,24,0
pinault2,6417,470,25,0
tchemil2,6417,471,26,0
leon2,6417,471,27,0
chenam2,6417,472,28,0
fouaye2,6417,474,29,0
vigne2,6417,475,30,0
etgstg2,6417,476,31,0
clomarg2,6417,477,32,0
censtgi2,6417,478,33,0
stgillw1,6417,479,34,1
bersand1,6405,892,1,0
bignoch1,6405,893,2,0
chataig1,6405,894,3,0
machftz1,6405,895,4,0
viennai1,6405,896,5,0
senestr1,6405,896,6,0
silandi1,6405,897,7,0
fougero1,6405,899,8,0
texier1,6405,900,9,0
mamont1,6405,901,10,0
courtin1,6405,902,11,0
belepmo1,6405,903,12,0
ecopa1,6405,904,13,0
vizeule1,6405,905,14,0
robique1,6405,909,15,0
idftill1,6405,912,16,0
villj1,6405,917,17,0
bourdon2,6405,920,18,0
berry2,6405,921,19,0
nomi2,6405,927,20,0
pinault2,6405,929,21,0
tchemil2,6405,930,22,0
leon2,6405,930,23,0
chenam2,6405,931,24,0
fouaye2,6405,933,25,0
vigne2,6405,935,26,0
etgstg2,6405,936,27,0
clomarg2,6405,937,28,0
censtgi2,6405,938,29,0
stgillw1,6405,940,30,1
stgillw1,6690,911,1,0
censtg1,6690,912,2,0
clomarg1,6690,913,3,0
etgstg1,6690,914,4,0
vigne1,6690,915,5,0
fouaye1,6690,917,6,0
chenam1,6690,919,7,0
leon1,6690,920,8,0
tchemil1,6690,921,9,0
pinault1,6690,922,10,0
nomi1,6690,924,11,0
berry1,6690,930,12,0
bourdon1,6690,931,13,0
villj4,6690,935,14,0
idftill2,6690,939,15,0
robique2,6690,942,16,0
vizeule2,6690,945,17,0
metrie2,6690,946,18,0
belepmo2,6690,947,19,0
courtin2,6690,948,20,0
mamont2,6690,949,21,0
texier2,6690,950,22,0
fougero2,6690,951,23,0
siland2,6690,952,24,0
senestr2,6690,953,25,0
viennai2,6690,954,26,0
machftz2,6690,954,27,0
chataig2,6690,955,28,0
bignoch2,6690,956,29,0
bersand1,6690,957,30,1
stgillw1,1986,908,1,0
censtg1,1986,909,2,0
clomarg1,1986,910,3,0
etgstg1,1986,911,4,0
vigne1,1986,912,5,0
fouaye1,1986,914,6,0
chenam1,1986,916,7,0
leon1,1986,917,8,0
tchemil1,1986,918,9,0
pinault1,1986,919,10,0
nomi1,1986,921,11,0
berry1,1986,927,12,0
bourdon1,1986,928,13,0
villj4,1986,932,14,0
idftill2,1986,936,15,0
robique2,1986,939,16,0
vizeule2,1986,942,17,0
metrie2,1986,943,18,0
belepmo2,1986,944,19,0
courtin2,1986,945,20,0
mamont2,1986,946,21,0
texier2,1986,947,22,0
fougero2,1986,948,23,0
siland2,1986,949,24,0
senestr2,1986,950,25,0
viennai2,1986,951,26,0
machftz2,1986,951,27,0
chataig2,1986,952,28,0
bignoch2,1986,953,29,0
bersand1,1986,954,30,1
stgillw1,6556,1083,1,0
censtg1,6556,1084,2,0
clomarg1,6556,1085,3,0
etgstg1,6556,1086,4,0
vigne1,6556,1087,5,0
fouaye1,6556,1089,6,0
chenam1,6556,1091,7,0
leon1,6556,1092,8,0
tchemil1,6556,1093,9,0
pinault1,6556,1094,10,0
nomi1,6556,1096,11,0
berry1,6556,1102,12,0
bourdon1,6556,1103,13,0
villj4,6556,1107,14,0
idftill2,6556,1111,15,0
robique2,6556,1114,16,0
vizeule2,6556,1117,17,0
metrie2,6556,1118,18,0
belepmo2,6556,1119,19,0
courtin2,6556,1120,20,0
mamont2,6556,1121,21,0
texier2,6556,1122,22,0
fougero2,6556,1123,23,0
siland2,6556,1124,24,0
senestr2,6556,1125,25,0
viennai2,6556,1126,26,0
machftz2,6556,1126,27,0
chataig2,6556,1127,28,0
bignoch2,6556,1128,29,0
bersand1,6556,1129,30,1
villj3,1935,1060,1,0
idftill2,1935,1063,2,0
robique2,1935,1066,3,0
vizeule2,1935,1068,4,0
metrie2,1935,1070,5,0
belepmo2,1935,1070,6,0
courtin2,1935,1071,7,0
mamont2,1935,1072,8,0
texier2,1935,1073,9,0
fougero2,1935,1074,10,0
siland2,1935,1075,11,0
senestr2,1935,1077,12,0
viennai2,1935,1078,13,0
machftz2,1935,1078,14,0
chataig2,1935,1079,15,0
bignoch2,1935,1079,16,0
bersand1,1935,1080,17,0
broscha2,1935,1081,18,0
flume2,1935,1090,19,0
mageve2,1935,1090,20,0
plbrea,1935,1091,21,1
plbrea,6509,1180,1,0
mageve1,6509,1181,2,0
flume1,6509,1182,3,0
broscha1,6509,1189,4,0
bersand1,6509,1190,5,0
bignoch1,6509,1191,6,0
chataig1,6509,1191,7,0
machftz1,6509,1192,8,0
viennai1,6509,1192,9,0
senestr1,6509,1193,10,0
silandi1,6509,1194,11,0
fougero1,6509,1195,12,0
texier1,6509,1196,13,0
mamont1,6509,1197,14,0
courtin1,6509,1198,15,0
belepmo1,6509,1199,16,0
ecopa1,6509,1200,17,0
vizeule1,6509,1200,18,0
robique1,6509,1203,19,0
idftill1,6509,1206,20,0
villj3,6509,1210,21,1
