arret_id,trajet_id,heure_depart,stop_sequence,terminus
villj2,41,1085,1,0
bourdon2,41,1088,2,0
berry2,41,1089,3,0
opera1,41,1098,4,0
ikea2,41,1099,5,0
opera3,41,1100,6,0
chaeau2,41,1102,7,0
cardum2,41,1103,8,0
cimpace2,41,1104,9,0
lebrix2,41,1105,10,0
colpace2,41,1106,11,0
champal2,41,1107,12,0
ouessa2,41,1108,13,0
prous,41,1109,14,1
prous,19,1145,1,0
ouessa1,19,1146,2,0
champal1,19,1147,3,0
colpace1,19,1148,4,0
lebrix1,19,1149,5,0
cimpace1,19,1149,6,0
cardum1,19,1150,7,0
chaeau1,19,1151,8,0
opera1,19,1153,9,0
ikea1,19,1153,10,0
opera3,19,1154,11,0
berry1,19,1162,12,0
bourdon1,19,1163,13,0
villj2,19,1167,14,1
villj2,2207,1000,1,0
bourdon2,2207,1003,2,0
berry2,2207,1004,3,0
opera1,2207,1013,4,0
ikea2,2207,1014,5,0
opera3,2207,1015,6,0
chaeau2,2207,1017,7,0
cardum2,2207,1018,8,0
cimpace2,2207,1019,9,0
lebrix2,2207,1020,10,0
colpace2,2207,1021,11,0
champal2,2207,1022,12,0
ouessa2,2207,1023,13,0
prous,2207,1024,14,1
prous,2212,376,1,0
ouessa1,2212,377,2,0
champal1,2212,378,3,0
colpace1,2212,379,4,0
lebrix1,2212,380,5,0
cimpace1,2212,380,6,0
cardum1,2212,381,7,0
chaeau1,2212,382,8,0
berry1,2212,389,9,0
bourdon1,2212,390,10,0
villj2,2212,394,11,1
villj2,2265,1060,1,0
bourdon2,2265,1062,2,0
berry2,2265,1063,3,0
chaeau2,2265,1070,4,0
cardum2,2265,1071,5,0
cimpace2,2265,1072,6,0
lebrix2,2265,1073,7,0
colpace2,2265,1073,8,0
champal2,2265,1075,9,0
ouessa2,2265,1076,10,0
prous,2265,1077,11,0
duanpa2,2265,1082,12,0
erenan2,2265,1083,13,0
tchemil2,2265,1085,14,0
leon2,2265,1085,15,0
chenam2,2265,1086,16,0
fouaye2,2265,1090,17,0
vigne2,2265,1091,18,0
etgstg2,2265,1092,19,0
clomarg2,2265,1093,20,0
censtgi2,2265,1094,21,0
stgillw1,2265,1095,22,1
villj2,3324,1235,1,0
bourdon2,3324,1238,2,0
berry2,3324,1239,3,0
opera1,3324,1247,4,0
ikea2,3324,1248,5,0
opera3,3324,1249,6,0
chaeau2,3324,1251,7,0
cardum2,3324,1252,8,0
cimpace2,3324,1253,9,0
lebrix2,3324,1254,10,0
colpace2,3324,1255,11,0
champal2,3324,1256,12,0
ouessa2,3324,1257,13,0
prous,3324,1258,14,1
stgillw1,3493,1190,1,0
censtg1,3493,1191,2,0
clomarg1,3493,1192,3,0
etgstg1,3493,1192,4,0
vigne1,3493,1193,5,0
fouaye1,3493,1194,6,0
chenam1,3493,1198,7,0
leon1,3493,1199,8,0
tchemil1,3493,1200,9,0
erenan1,3493,1202,10,0
duanpa1,3493,1203,11,0
prous,3493,1208,12,0
ouessa1,3493,1209,13,0
champal1,3493,1210,14,0
colpace1,3493,1212,15,0
cimpace1,3493,1213,16,0
cardum1,3493,1214,17,0
chaeau1,3493,1215,18,0
berry1,3493,1222,19,0
bourdon1,3493,1223,20,0
villj2,3493,1225,21,1
villj2,3460,575,1,0
bourdon2,3460,578,2,0
berry2,3460,579,3,0
opera1,3460,587,4,0
ikea2,3460,588,5,0
opera3,3460,589,6,0
chaeau2,3460,591,7,0
cardum2,3460,592,8,0
cimpace2,3460,593,9,0
lebrix2,3460,594,10,0
colpace2,3460,595,11,0
champal2,3460,596,12,0
ouessa2,3460,597,13,0
prous,3460,598,14,1
villj2,3524,425,1,0
bourdon2,3524,428,2,0
berry2,3524,429,3,0
opera1,3524,437,4,0
ikea2,3524,438,5,0
opera3,3524,439,6,0
chaeau2,3524,441,7,0
cardum2,3524,442,8,0
cimpace2,3524,443,9,0
lebrix2,3524,444,10,0
colpace2,3524,445,11,0
champal2,3524,446,12,0
ouessa2,3524,447,13,0
prous,3524,448,14,1
prous,3698,935,1,0
ouessa1,3698,936,2,0
champal1,3698,937,3,0
colpace1,3698,938,4,0
lebrix1,3698,939,5,0
cimpace1,3698,939,6,0
cardum1,3698,940,7,0
chaeau1,3698,941,8,0
opera1,3698,943,9,0
ikea1,3698,943,10,0
opera3,3698,944,11,0
berry1,3698,953,12,0
bourdon1,3698,954,13,0
villj2,3698,958,14,1
villj2,3633,1085,1,0
bourdon2,3633,1088,2,0
berry2,3633,1089,3,0
opera1,3633,1098,4,0
ikea2,3633,1099,5,0
opera3,3633,1100,6,0
chaeau2,3633,1102,7,0
cardum2,3633,1103,8,0
cimpace2,3633,1105,9,0
lebrix2,3633,1106,10,0
colpace2,3633,1107,11,0
champal2,3633,1108,12,0
ouessa2,3633,1109,13,0
prous,3633,1110,14,1
villj2,3651,1230,1,0
bourdon2,3651,1232,2,0
berry2,3651,1233,3,0
chaeau2,3651,1240,4,0
cardum2,3651,1241,5,0
cimpace2,3651,1242,6,0
lebrix2,3651,1243,7,0
colpace2,3651,1243,8,0
champal2,3651,1245,9,0
ouessa2,3651,1246,10,0
prous,3651,1247,11,0
duanpa2,3651,1252,12,0
erenan2,3651,1253,13,0
tchemil2,3651,1255,14,0
leon2,3651,1255,15,0
chenam2,3651,1256,16,0
fouaye2,3651,1260,17,0
vigne2,3651,1261,18,0
etgstg2,3651,1262,19,0
clomarg2,3651,1263,20,0
censtgi2,3651,1264,21,0
stgillw1,3651,1265,22,1
villj2,181,1150,1,0
bourdon2,181,1152,2,0
berry2,181,1153,3,0
chaeau2,181,1160,4,0
cardum2,181,1161,5,0
cimpace2,181,1162,6,0
lebrix2,181,1163,7,0
colpace2,181,1163,8,0
champal2,181,1165,9,0
ouessa2,181,1166,10,0
prous,181,1167,11,0
duanpa2,181,1172,12,0
erenan2,181,1173,13,0
tchemil2,181,1175,14,0
leon2,181,1175,15,0
chenam2,181,1176,16,0
fouaye2,181,1180,17,0
vigne2,181,1181,18,0
etgstg2,181,1182,19,0
clomarg2,181,1183,20,0
censtgi2,181,1184,21,0
stgillw1,181,1185,22,1
prous,116,1205,1,0
ouessa1,116,1206,2,0
champal1,116,1207,3,0
colpace1,116,1208,4,0
lebrix1,116,1209,5,0
cimpace1,116,1209,6,0
cardum1,116,1210,7,0
chaeau1,116,1211,8,0
opera1,116,1213,9,0
ikea1,116,1213,10,0
opera3,116,1214,11,0
berry1,116,1221,12,0
bourdon1,116,1222,13,0
villj2,116,1226,14,1
prous,143,815,1,0
ouessa1,143,816,2,0
champal1,143,817,3,0
colpace1,143,818,4,0
lebrix1,143,819,5,0
cimpace1,143,819,6,0
cardum1,143,820,7,0
chaeau1,143,821,8,0
opera1,143,823,9,0
ikea1,143,823,10,0
opera3,143,824,11,0
berry1,143,832,12,0
bourdon1,143,833,13,0
villj2,143,837,14,1
prous,3842,1080,1,0
ouessa1,3842,1081,2,0
champal1,3842,1082,3,0
colpace1,3842,1083,4,0
lebrix1,3842,1084,5,0
cimpace1,3842,1084,6,0
cardum1,3842,1085,7,0
chaeau1,3842,1087,8,0
opera1,3842,1089,9,0
ikea1,3842,1089,10,0
opera3,3842,1090,11,0
berry1,3842,1098,12,0
bourdon1,3842,1099,13,0
villj2,3842,1103,14,1
prous,3831,935,1,0
ouessa1,3831,936,2,0
champal1,3831,937,3,0
colpace1,3831,938,4,0
lebrix1,3831,939,5,0
cimpace1,3831,939,6,0
cardum1,3831,940,7,0
chaeau1,3831,941,8,0
opera1,3831,943,9,0
ikea1,3831,943,10,0
opera3,3831,944,11,0
berry1,3831,952,12,0
bourdon1,3831,953,13,0
villj2,3831,957,14,1
prous,3035,635,1,0
ouessa1,3035,636,2,0
champal1,3035,637,3,0
colpace1,3035,638,4,0
lebrix1,3035,639,5,0
cimpace1,3035,639,6,0
cardum1,3035,640,7,0
chaeau1,3035,641,8,0
opera1,3035,643,9,0
ikea1,3035,643,10,0
opera3,3035,644,11,0
berry1,3035,652,12,0
bourdon1,3035,653,13,0
villj2,3035,657,14,1
prous,3073,540,1,0
ouessa1,3073,541,2,0
champal1,3073,542,3,0
colpace1,3073,543,4,0
lebrix1,3073,544,5,0
cimpace1,3073,544,6,0
cardum1,3073,545,7,0
chaeau1,3073,546,8,0
opera1,3073,548,9,0
ikea1,3073,548,10,0
opera3,3073,549,11,0
berry1,3073,557,12,0
bourdon1,3073,558,13,0
villj2,3073,562,14,1
villj2,3970,1045,1,0
bourdon2,3970,1048,2,0
berry2,3970,1049,3,0
opera1,3970,1058,4,0
ikea2,3970,1059,5,0
opera3,3970,1060,6,0
chaeau2,3970,1062,7,0
cardum2,3970,1063,8,0
cimpace2,3970,1064,9,0
lebrix2,3970,1065,10,0
colpace2,3970,1066,11,0
champal2,3970,1067,12,0
ouessa2,3970,1068,13,0
prous,3970,1069,14,1
villj2,3997,990,1,0
bourdon2,3997,993,2,0
berry2,3997,994,3,0
opera1,3997,1003,4,0
ikea2,3997,1004,5,0
opera3,3997,1005,6,0
chaeau2,3997,1007,7,0
cardum2,3997,1008,8,0
cimpace2,3997,1009,9,0
lebrix2,3997,1010,10,0
colpace2,3997,1011,11,0
champal2,3997,1012,12,0
ouessa2,3997,1013,13,0
prous,3997,1014,14,1
prous,6872,1060,1,0
ouessa1,6872,1061,2,0
champal1,6872,1062,3,0
colpace1,6872,1063,4,0
lebrix1,6872,1064,5,0
cimpace1,6872,1064,6,0
cardum1,6872,1065,7,0
chaeau1,6872,1067,8,0
opera1,6872,1069,9,0
ikea1,6872,1069,10,0
opera3,6872,1070,11,0
berry1,6872,1078,12,0
bourdon1,6872,1079,13,0
villj2,6872,1083,14,1
villj2,586,1205,1,0
bourdon2,586,1208,2,0
berry2,586,1209,3,0
opera1,586,1216,4,0
ikea2,586,1217,5,0
opera3,586,1218,6,0
chaeau2,586,1220,7,0
cardum2,586,1221,8,0
cimpace2,586,1222,9,0
lebrix2,586,1223,10,0
colpace2,586,1224,11,0
champal2,586,1225,12,0
ouessa2,586,1226,13,0
prous,586,1227,14,1
villj2,550,1115,1,0
bourdon2,550,1118,2,0
berry2,550,1119,3,0
opera1,550,1127,4,0
ikea2,550,1128,5,0
opera3,550,1129,6,0
chaeau2,550,1131,7,0
cardum2,550,1132,8,0
cimpace2,550,1133,9,0
lebrix2,550,1134,10,0
colpace2,550,1135,11,0
champal2,550,1136,12,0
ouessa2,550,1137,13,0
prous,550,1138,14,1
stgillw1,6853,780,1,0
censtg1,6853,781,2,0
clomarg1,6853,782,3,0
etgstg1,6853,782,4,0
vigne1,6853,783,5,0
fouaye1,6853,784,6,0
chenam1,6853,788,7,0
leon1,6853,789,8,0
tchemil1,6853,790,9,0
erenan1,6853,792,10,0
duanpa1,6853,793,11,0
prous,6853,798,12,0
ouessa1,6853,799,13,0
champal1,6853,800,14,0
colpace1,6853,802,15,0
cimpace1,6853,803,16,0
cardum1,6853,804,17,0
chaeau1,6853,805,18,0
berry1,6853,812,19,0
bourdon1,6853,813,20,0
villj2,6853,815,21,1
villj2,6773,875,1,0
bourdon2,6773,878,2,0
berry2,6773,879,3,0
opera1,6773,888,4,0
ikea2,6773,889,5,0
opera3,6773,890,6,0
chaeau2,6773,892,7,0
cardum2,6773,893,8,0
cimpace2,6773,895,9,0
lebrix2,6773,896,10,0
colpace2,6773,897,11,0
champal2,6773,898,12,0
ouessa2,6773,899,13,0
prous,6773,900,14,1
prous,403,1265,1,0
ouessa1,403,1266,2,0
champal1,403,1267,3,0
colpace1,403,1268,4,0
lebrix1,403,1269,5,0
cimpace1,403,1269,6,0
cardum1,403,1270,7,0
chaeau1,403,1271,8,0
opera1,403,1273,9,0
ikea1,403,1273,10,0
opera3,403,1274,11,0
berry1,403,1282,12,0
bourdon1,403,1283,13,0
villj2,403,1287,14,1
villj2,6760,845,1,0
bourdon2,6760,848,2,0
berry2,6760,849,3,0
opera1,6760,857,4,0
ikea2,6760,858,5,0
opera3,6760,859,6,0
chaeau2,6760,861,7,0
cardum2,6760,862,8,0
cimpace2,6760,863,9,0
lebrix2,6760,864,10,0
colpace2,6760,865,11,0
champal2,6760,866,12,0
ouessa2,6760,867,13,0
prous,6760,868,14,1
prous,2877,1235,1,0
ouessa1,2877,1236,2,0
champal1,2877,1237,3,0
colpace1,2877,1238,4,0
lebrix1,2877,1239,5,0
cimpace1,2877,1239,6,0
cardum1,2877,1240,7,0
chaeau1,2877,1241,8,0
opera1,2877,1243,9,0
ikea1,2877,1243,10,0
opera3,2877,1244,11,0
berry1,2877,1251,12,0
bourdon1,2877,1252,13,0
villj2,2877,1256,14,1
villj2,2863,905,1,0
bourdon2,2863,908,2,0
berry2,2863,909,3,0
opera1,2863,918,4,0
ikea2,2863,919,5,0
opera3,2863,920,6,0
chaeau2,2863,922,7,0
cardum2,2863,923,8,0
cimpace2,2863,925,9,0
lebrix2,2863,926,10,0
colpace2,2863,927,11,0
champal2,2863,928,12,0
ouessa2,2863,929,13,0
prous,2863,930,14,1
prous,2860,875,1,0
ouessa1,2860,876,2,0
champal1,2860,877,3,0
colpace1,2860,878,4,0
lebrix1,2860,879,5,0
cimpace1,2860,879,6,0
cardum1,2860,880,7,0
chaeau1,2860,881,8,0
opera1,2860,883,9,0
ikea1,2860,883,10,0
opera3,2860,884,11,0
berry1,2860,893,12,0
bourdon1,2860,894,13,0
villj2,2860,898,14,1
prous,2804,515,1,0
ouessa1,2804,516,2,0
champal1,2804,517,3,0
colpace1,2804,518,4,0
lebrix1,2804,519,5,0
cimpace1,2804,520,6,0
cardum1,2804,521,7,0
chaeau1,2804,523,8,0
berry1,2804,531,9,0
bourdon1,2804,532,10,0
villj2,2804,536,11,1
villj2,4515,785,1,0
bourdon2,4515,788,2,0
berry2,4515,789,3,0
opera1,4515,797,4,0
ikea2,4515,798,5,0
opera3,4515,799,6,0
chaeau2,4515,801,7,0
cardum2,4515,802,8,0
cimpace2,4515,803,9,0
lebrix2,4515,804,10,0
colpace2,4515,805,11,0
champal2,4515,806,12,0
ouessa2,4515,807,13,0
prous,4515,808,14,1
stgillw1,4555,610,1,0
censtg1,4555,611,2,0
clomarg1,4555,612,3,0
etgstg1,4555,612,4,0
vigne1,4555,613,5,0
fouaye1,4555,614,6,0
chenam1,4555,618,7,0
leon1,4555,619,8,0
tchemil1,4555,620,9,0
erenan1,4555,622,10,0
duanpa1,4555,623,11,0
prous,4555,628,12,0
ouessa1,4555,629,13,0
champal1,4555,630,14,0
colpace1,4555,632,15,0
cimpace1,4555,633,16,0
cardum1,4555,634,17,0
chaeau1,4555,635,18,0
berry1,4555,642,19,0
bourdon1,4555,643,20,0
villj2,4555,645,21,1
prous,4521,1030,1,0
ouessa1,4521,1031,2,0
champal1,4521,1032,3,0
colpace1,4521,1033,4,0
lebrix1,4521,1034,5,0
cimpace1,4521,1034,6,0
cardum1,4521,1035,7,0
chaeau1,4521,1037,8,0
opera1,4521,1039,9,0
ikea1,4521,1039,10,0
opera3,4521,1040,11,0
berry1,4521,1049,12,0
bourdon1,4521,1050,13,0
villj2,4521,1054,14,1
prous,4590,905,1,0
ouessa1,4590,906,2,0
champal1,4590,907,3,0
colpace1,4590,908,4,0
lebrix1,4590,909,5,0
cimpace1,4590,909,6,0
cardum1,4590,910,7,0
chaeau1,4590,911,8,0
opera1,4590,913,9,0
ikea1,4590,913,10,0
opera3,4590,914,11,0
berry1,4590,922,12,0
bourdon1,4590,923,13,0
villj2,4590,927,14,1
villj2,316,725,1,0
bourdon2,316,728,2,0
berry2,316,729,3,0
opera1,316,737,4,0
ikea2,316,738,5,0
opera3,316,739,6,0
chaeau2,316,741,7,0
cardum2,316,742,8,0
cimpace2,316,743,9,0
lebrix2,316,744,10,0
colpace2,316,745,11,0
champal2,316,746,12,0
ouessa2,316,747,13,0
prous,316,748,14,1
villj2,306,1105,1,0
bourdon2,306,1108,2,0
berry2,306,1109,3,0
opera1,306,1118,4,0
ikea2,306,1119,5,0
opera3,306,1120,6,0
chaeau2,306,1122,7,0
cardum2,306,1123,8,0
cimpace2,306,1124,9,0
lebrix2,306,1125,10,0
colpace2,306,1126,11,0
champal2,306,1127,12,0
ouessa2,306,1128,13,0
prous,306,1129,14,1
prous,308,1235,1,0
ouessa1,308,1236,2,0
champal1,308,1237,3,0
colpace1,308,1238,4,0
lebrix1,308,1239,5,0
cimpace1,308,1239,6,0
cardum1,308,1240,7,0
chaeau1,308,1241,8,0
opera1,308,1243,9,0
ikea1,308,1243,10,0
opera3,308,1244,11,0
berry1,308,1252,12,0
bourdon1,308,1253,13,0
villj2,308,1257,14,1
villj2,4926,455,1,0
bourdon2,4926,458,2,0
berry2,4926,459,3,0
opera1,4926,467,4,0
ikea2,4926,468,5,0
opera3,4926,469,6,0
chaeau2,4926,471,7,0
cardum2,4926,472,8,0
cimpace2,4926,473,9,0
lebrix2,4926,474,10,0
colpace2,4926,475,11,0
champal2,4926,476,12,0
ouessa2,4926,477,13,0
prous,4926,478,14,1
villj2,1623,875,1,0
bourdon2,1623,878,2,0
berry2,1623,879,3,0
opera1,1623,887,4,0
ikea2,1623,888,5,0
opera3,1623,889,6,0
chaeau2,1623,891,7,0
cardum2,1623,892,8,0
cimpace2,1623,893,9,0
lebrix2,1623,894,10,0
colpace2,1623,895,11,0
champal2,1623,896,12,0
ouessa2,1623,897,13,0
prous,1623,898,14,1
prous,4938,1205,1,0
ouessa1,4938,1206,2,0
champal1,4938,1207,3,0
colpace1,4938,1208,4,0
lebrix1,4938,1209,5,0
cimpace1,4938,1209,6,0
cardum1,4938,1210,7,0
chaeau1,4938,1211,8,0
opera1,4938,1213,9,0
ikea1,4938,1213,10,0
opera3,4938,1214,11,0
berry1,4938,1222,12,0
bourdon1,4938,1223,13,0
villj2,4938,1227,14,1
prous,4844,520,1,0
ouessa1,4844,521,2,0
champal1,4844,522,3,0
colpace1,4844,523,4,0
lebrix1,4844,524,5,0
cimpace1,4844,524,6,0
cardum1,4844,525,7,0
chaeau1,4844,526,8,0
berry1,4844,532,9,0
bourdon1,4844,533,10,0
villj2,4844,537,11,1
prous,5952,1055,1,0
ouessa1,5952,1056,2,0
champal1,5952,1057,3,0
colpace1,5952,1058,4,0
lebrix1,5952,1059,5,0
cimpace1,5952,1059,6,0
cardum1,5952,1060,7,0
chaeau1,5952,1061,8,0
opera1,5952,1063,9,0
ikea1,5952,1063,10,0
opera3,5952,1064,11,0
berry1,5952,1073,12,0
bourdon1,5952,1074,13,0
villj2,5952,1078,14,1
prous,207,1175,1,0
ouessa1,207,1176,2,0
champal1,207,1177,3,0
colpace1,207,1178,4,0
lebrix1,207,1179,5,0
cimpace1,207,1179,6,0
cardum1,207,1180,7,0
chaeau1,207,1181,8,0
opera1,207,1183,9,0
ikea1,207,1183,10,0
opera3,207,1184,11,0
berry1,207,1191,12,0
bourdon1,207,1192,13,0
villj2,207,1196,14,1
villj2,4821,900,1,0
bourdon2,4821,902,2,0
berry2,4821,903,3,0
chaeau2,4821,910,4,0
cardum2,4821,911,5,0
cimpace2,4821,912,6,0
lebrix2,4821,913,7,0
colpace2,4821,913,8,0
champal2,4821,915,9,0
ouessa2,4821,916,10,0
prous,4821,917,11,0
duanpa2,4821,922,12,0
erenan2,4821,923,13,0
tchemil2,4821,925,14,0
leon2,4821,925,15,0
chenam2,4821,926,16,0
fouaye2,4821,930,17,0
vigne2,4821,931,18,0
etgstg2,4821,932,19,0
clomarg2,4821,933,20,0
censtgi2,4821,934,21,0
stgillw1,4821,935,22,1
villj2,4800,1235,1,0
bourdon2,4800,1238,2,0
berry2,4800,1239,3,0
opera1,4800,1246,4,0
ikea2,4800,1247,5,0
opera3,4800,1248,6,0
chaeau2,4800,1250,7,0
cardum2,4800,1251,8,0
cimpace2,4800,1252,9,0
lebrix2,4800,1253,10,0
colpace2,4800,1254,11,0
champal2,4800,1255,12,0
ouessa2,4800,1256,13,0
prous,4800,1257,14,1
prous,1561,845,1,0
ouessa1,1561,846,2,0
champal1,1561,847,3,0
colpace1,1561,848,4,0
lebrix1,1561,849,5,0
cimpace1,1561,849,6,0
cardum1,1561,850,7,0
chaeau1,1561,851,8,0
opera1,1561,853,9,0
ikea1,1561,853,10,0
opera3,1561,854,11,0
berry1,1561,862,12,0
bourdon1,1561,863,13,0
villj2,1561,867,14,1
villj2,1497,545,1,0
bourdon2,1497,548,2,0
berry2,1497,549,3,0
opera1,1497,557,4,0
ikea2,1497,558,5,0
opera3,1497,559,6,0
chaeau2,1497,561,7,0
cardum2,1497,562,8,0
cimpace2,1497,563,9,0
lebrix2,1497,564,10,0
colpace2,1497,565,11,0
champal2,1497,566,12,0
ouessa2,1497,567,13,0
prous,1497,568,14,1
prous,1498,490,1,0
ouessa1,1498,491,2,0
champal1,1498,492,3,0
colpace1,1498,493,4,0
lebrix1,1498,494,5,0
cimpace1,1498,494,6,0
cardum1,1498,495,7,0
chaeau1,1498,496,8,0
berry1,1498,502,9,0
bourdon1,1498,503,10,0
villj2,1498,507,11,1
prous,4722,455,1,0
ouessa1,4722,456,2,0
champal1,4722,457,3,0
colpace1,4722,458,4,0
lebrix1,4722,459,5,0
cimpace1,4722,460,6,0
cardum1,4722,461,7,0
chaeau1,4722,463,8,0
berry1,4722,471,9,0
bourdon1,4722,472,10,0
villj2,4722,476,11,1
villj2,5817,965,1,0
bourdon2,5817,968,2,0
berry2,5817,969,3,0
opera1,5817,977,4,0
ikea2,5817,978,5,0
opera3,5817,979,6,0
chaeau2,5817,981,7,0
cardum2,5817,982,8,0
cimpace2,5817,983,9,0
lebrix2,5817,984,10,0
colpace2,5817,985,11,0
champal2,5817,986,12,0
ouessa2,5817,987,13,0
prous,5817,988,14,1
prous,249,1050,1,0
ouessa1,249,1051,2,0
champal1,249,1052,3,0
colpace1,249,1053,4,0
lebrix1,249,1054,5,0
cimpace1,249,1054,6,0
cardum1,249,1055,7,0
chaeau1,249,1057,8,0
opera1,249,1059,9,0
ikea1,249,1059,10,0
opera3,249,1060,11,0
berry1,249,1069,12,0
bourdon1,249,1070,13,0
villj2,249,1074,14,1
prous,5881,545,1,0
ouessa1,5881,546,2,0
champal1,5881,547,3,0
colpace1,5881,548,4,0
lebrix1,5881,549,5,0
cimpace1,5881,549,6,0
cardum1,5881,550,7,0
chaeau1,5881,551,8,0
opera1,5881,553,9,0
ikea1,5881,553,10,0
opera3,5881,554,11,0
berry1,5881,562,12,0
bourdon1,5881,563,13,0
villj2,5881,567,14,1
prous,232,605,1,0
ouessa1,232,606,2,0
champal1,232,607,3,0
colpace1,232,608,4,0
lebrix1,232,609,5,0
cimpace1,232,609,6,0
cardum1,232,610,7,0
chaeau1,232,611,8,0
opera1,232,613,9,0
ikea1,232,613,10,0
opera3,232,614,11,0
berry1,232,622,12,0
bourdon1,232,623,13,0
villj2,232,627,14,1
villj2,5866,635,1,0
bourdon2,5866,638,2,0
berry2,5866,639,3,0
opera1,5866,647,4,0
ikea2,5866,648,5,0
opera3,5866,649,6,0
chaeau2,5866,651,7,0
cardum2,5866,652,8,0
cimpace2,5866,653,9,0
lebrix2,5866,654,10,0
colpace2,5866,655,11,0
champal2,5866,656,12,0
ouessa2,5866,657,13,0
prous,5866,658,14,1
stgillw1,1450,1020,1,0
censtg1,1450,1021,2,0
clomarg1,1450,1022,3,0
etgstg1,1450,1022,4,0
vigne1,1450,1023,5,0
fouaye1,1450,1024,6,0
chenam1,1450,1028,7,0
leon1,1450,1029,8,0
tchemil1,1450,1030,9,0
erenan1,1450,1032,10,0
duanpa1,1450,1033,11,0
prous,1450,1038,12,0
ouessa1,1450,1039,13,0
champal1,1450,1040,14,0
colpace1,1450,1042,15,0
cimpace1,1450,1043,16,0
cardum1,1450,1044,17,0
chaeau1,1450,1045,18,0
berry1,1450,1052,19,0
bourdon1,1450,1053,20,0
villj2,1450,1055,21,1
villj2,5733,1175,1,0
bourdon2,5733,1178,2,0
berry2,5733,1179,3,0
opera1,5733,1187,4,0
ikea2,5733,1188,5,0
opera3,5733,1189,6,0
chaeau2,5733,1191,7,0
cardum2,5733,1192,8,0
cimpace2,5733,1193,9,0
lebrix2,5733,1194,10,0
colpace2,5733,1195,11,0
champal2,5733,1196,12,0
ouessa2,5733,1197,13,0
prous,5733,1198,14,1
villj2,2432,1125,1,0
bourdon2,2432,1128,2,0
berry2,2432,1129,3,0
opera1,2432,1137,4,0
ikea2,2432,1138,5,0
opera3,2432,1139,6,0
chaeau2,2432,1141,7,0
cardum2,2432,1142,8,0
cimpace2,2432,1143,9,0
lebrix2,2432,1144,10,0
colpace2,2432,1145,11,0
champal2,2432,1146,12,0
ouessa2,2432,1147,13,0
prous,2432,1148,14,1
villj2,4217,1205,1,0
bourdon2,4217,1208,2,0
berry2,4217,1209,3,0
opera1,4217,1217,4,0
ikea2,4217,1218,5,0
opera3,4217,1219,6,0
chaeau2,4217,1221,7,0
cardum2,4217,1222,8,0
cimpace2,4217,1223,9,0
lebrix2,4217,1224,10,0
colpace2,4217,1225,11,0
champal2,4217,1226,12,0
ouessa2,4217,1227,13,0
prous,4217,1228,14,1
villj2,4222,980,1,0
bourdon2,4222,982,2,0
berry2,4222,983,3,0
chaeau2,4222,990,4,0
cardum2,4222,991,5,0
cimpace2,4222,992,6,0
lebrix2,4222,993,7,0
colpace2,4222,993,8,0
champal2,4222,995,9,0
ouessa2,4222,996,10,0
prous,4222,997,11,0
duanpa2,4222,1002,12,0
erenan2,4222,1003,13,0
tchemil2,4222,1005,14,0
leon2,4222,1005,15,0
chenam2,4222,1006,16,0
fouaye2,4222,1010,17,0
vigne2,4222,1011,18,0
etgstg2,4222,1012,19,0
clomarg2,4222,1013,20,0
censtgi2,4222,1014,21,0
stgillw1,4222,1015,22,1
prous,4281,755,1,0
ouessa1,4281,756,2,0
champal1,4281,757,3,0
colpace1,4281,758,4,0
lebrix1,4281,759,5,0
cimpace1,4281,759,6,0
cardum1,4281,760,7,0
chaeau1,4281,761,8,0
opera1,4281,763,9,0
ikea1,4281,763,10,0
opera3,4281,764,11,0
berry1,4281,772,12,0
bourdon1,4281,773,13,0
villj2,4281,777,14,1
prous,1349,1115,1,0
ouessa1,1349,1116,2,0
champal1,1349,1117,3,0
colpace1,1349,1118,4,0
lebrix1,1349,1119,5,0
cimpace1,1349,1119,6,0
cardum1,1349,1120,7,0
chaeau1,1349,1121,8,0
opera1,1349,1123,9,0
ikea1,1349,1123,10,0
opera3,1349,1124,11,0
berry1,1349,1132,12,0
bourdon1,1349,1133,13,0
villj2,1349,1137,14,1
villj2,1353,935,1,0
bourdon2,1353,938,2,0
berry2,1353,939,3,0
opera1,1353,948,4,0
ikea2,1353,949,5,0
opera3,1353,950,6,0
chaeau2,1353,952,7,0
cardum2,1353,953,8,0
cimpace2,1353,955,9,0
lebrix2,1353,956,10,0
colpace2,1353,957,11,0
champal2,1353,958,12,0
ouessa2,1353,959,13,0
prous,1353,960,14,1
villj2,1354,820,1,0
bourdon2,1354,822,2,0
berry2,1354,823,3,0
chaeau2,1354,830,4,0
cardum2,1354,831,5,0
cimpace2,1354,832,6,0
lebrix2,1354,833,7,0
colpace2,1354,833,8,0
champal2,1354,835,9,0
ouessa2,1354,836,10,0
prous,1354,837,11,0
duanpa2,1354,842,12,0
erenan2,1354,843,13,0
tchemil2,1354,845,14,0
leon2,1354,845,15,0
chenam2,1354,846,16,0
fouaye2,1354,850,17,0
vigne2,1354,851,18,0
etgstg2,1354,852,19,0
clomarg2,1354,853,20,0
censtgi2,1354,854,21,0
stgillw1,1354,855,22,1
prous,810,1025,1,0
ouessa1,810,1026,2,0
champal1,810,1027,3,0
colpace1,810,1028,4,0
lebrix1,810,1029,5,0
cimpace1,810,1029,6,0
cardum1,810,1030,7,0
chaeau1,810,1031,8,0
opera1,810,1033,9,0
ikea1,810,1033,10,0
opera3,810,1034,11,0
berry1,810,1043,12,0
bourdon1,810,1044,13,0
villj2,810,1048,14,1
prous,839,575,1,0
ouessa1,839,576,2,0
champal1,839,577,3,0
colpace1,839,578,4,0
lebrix1,839,579,5,0
cimpace1,839,579,6,0
cardum1,839,580,7,0
chaeau1,839,581,8,0
opera1,839,583,9,0
ikea1,839,583,10,0
opera3,839,584,11,0
berry1,839,592,12,0
bourdon1,839,593,13,0
villj2,839,597,14,1
prous,4197,430,1,0
ouessa1,4197,431,2,0
champal1,4197,432,3,0
colpace1,4197,433,4,0
lebrix1,4197,434,5,0
cimpace1,4197,434,6,0
cardum1,4197,435,7,0
chaeau1,4197,436,8,0
berry1,4197,442,9,0
bourdon1,4197,443,10,0
villj2,4197,447,11,1
villj2,2338,935,1,0
bourdon2,2338,938,2,0
berry2,2338,939,3,0
opera1,2338,947,4,0
ikea2,2338,948,5,0
opera3,2338,949,6,0
chaeau2,2338,951,7,0
cardum2,2338,952,8,0
cimpace2,2338,953,9,0
lebrix2,2338,954,10,0
colpace2,2338,955,11,0
champal2,2338,956,12,0
ouessa2,2338,957,13,0
prous,2338,958,14,1
prous,5649,475,1,0
ouessa1,5649,476,2,0
champal1,5649,477,3,0
colpace1,5649,478,4,0
lebrix1,5649,479,5,0
cimpace1,5649,480,6,0
cardum1,5649,481,7,0
chaeau1,5649,483,8,0
berry1,5649,491,9,0
bourdon1,5649,492,10,0
villj2,5649,496,11,1
prous,2368,965,1,0
ouessa1,2368,966,2,0
champal1,2368,967,3,0
colpace1,2368,968,4,0
lebrix1,2368,969,5,0
cimpace1,2368,969,6,0
cardum1,2368,970,7,0
chaeau1,2368,971,8,0
opera1,2368,973,9,0
ikea1,2368,973,10,0
opera3,2368,974,11,0
berry1,2368,983,12,0
bourdon1,2368,984,13,0
villj2,2368,988,14,1
stgillw1,2372,860,1,0
censtg1,2372,861,2,0
clomarg1,2372,862,3,0
etgstg1,2372,862,4,0
vigne1,2372,863,5,0
fouaye1,2372,864,6,0
chenam1,2372,868,7,0
leon1,2372,869,8,0
tchemil1,2372,870,9,0
erenan1,2372,872,10,0
duanpa1,2372,873,11,0
prous,2372,878,12,0
ouessa1,2372,879,13,0
champal1,2372,880,14,0
colpace1,2372,882,15,0
cimpace1,2372,883,16,0
cardum1,2372,884,17,0
chaeau1,2372,885,18,0
berry1,2372,892,19,0
bourdon1,2372,893,20,0
villj2,2372,895,21,1
prous,1289,725,1,0
ouessa1,1289,726,2,0
champal1,1289,727,3,0
colpace1,1289,728,4,0
lebrix1,1289,729,5,0
cimpace1,1289,729,6,0
cardum1,1289,730,7,0
chaeau1,1289,731,8,0
opera1,1289,733,9,0
ikea1,1289,733,10,0
opera3,1289,734,11,0
berry1,1289,742,12,0
bourdon1,1289,743,13,0
villj2,1289,747,14,1
villj2,5682,650,1,0
bourdon2,5682,652,2,0
berry2,5682,653,3,0
chaeau2,5682,660,4,0
cardum2,5682,661,5,0
cimpace2,5682,662,6,0
lebrix2,5682,663,7,0
colpace2,5682,663,8,0
champal2,5682,665,9,0
ouessa2,5682,666,10,0
prous,5682,667,11,0
duanpa2,5682,672,12,0
erenan2,5682,673,13,0
tchemil2,5682,675,14,0
leon2,5682,675,15,0
chenam2,5682,676,16,0
fouaye2,5682,680,17,0
vigne2,5682,681,18,0
etgstg2,5682,682,19,0
clomarg2,5682,683,20,0
censtgi2,5682,684,21,0
stgillw1,5682,685,22,1
prous,5688,995,1,0
ouessa1,5688,996,2,0
champal1,5688,997,3,0
colpace1,5688,998,4,0
lebrix1,5688,999,5,0
cimpace1,5688,999,6,0
cardum1,5688,1000,7,0
chaeau1,5688,1001,8,0
opera1,5688,1003,9,0
ikea1,5688,1003,10,0
opera3,5688,1004,11,0
berry1,5688,1012,12,0
bourdon1,5688,1013,13,0
villj2,5688,1017,14,1
idf,5666,735,1,0
villj2,5666,739,2,0
bourdon2,5666,742,3,0
berry2,5666,743,4,0
opera1,5666,751,5,0
ikea2,5666,752,6,0
opera3,5666,753,7,0
chaeau2,5666,755,8,0
cardum2,5666,756,9,0
cimpace2,5666,757,10,0
lebrix2,5666,758,11,0
colpace2,5666,759,12,0
champal2,5666,760,13,0
ouessa2,5666,761,14,0
prous,5666,762,15,1
prous,2723,440,1,0
ouessa1,2723,441,2,0
champal1,2723,442,3,0
colpace1,2723,443,4,0
lebrix1,2723,444,5,0
cimpace1,2723,444,6,0
cardum1,2723,445,7,0
chaeau1,2723,447,8,0
berry1,2723,454,9,0
bourdon1,2723,455,10,0
villj2,2723,459,11,1
villj2,1184,435,1,0
bourdon2,1184,438,2,0
berry2,1184,439,3,0
opera1,1184,447,4,0
ikea2,1184,448,5,0
opera3,1184,449,6,0
chaeau2,1184,451,7,0
cardum2,1184,452,8,0
cimpace2,1184,453,9,0
lebrix2,1184,454,10,0
colpace2,1184,455,11,0
champal2,1184,456,12,0
ouessa2,1184,457,13,0
prous,1184,458,14,1
stgillw1,4446,1110,1,0
censtg1,4446,1111,2,0
clomarg1,4446,1112,3,0
etgstg1,4446,1112,4,0
vigne1,4446,1113,5,0
fouaye1,4446,1114,6,0
chenam1,4446,1118,7,0
leon1,4446,1119,8,0
tchemil1,4446,1120,9,0
erenan1,4446,1122,10,0
duanpa1,4446,1123,11,0
prous,4446,1128,12,0
ouessa1,4446,1129,13,0
champal1,4446,1130,14,0
colpace1,4446,1132,15,0
cimpace1,4446,1133,16,0
cardum1,4446,1134,17,0
chaeau1,4446,1135,18,0
berry1,4446,1142,19,0
bourdon1,4446,1143,20,0
villj2,4446,1145,21,1
prous,2695,1085,1,0
ouessa1,2695,1086,2,0
champal1,2695,1087,3,0
colpace1,2695,1088,4,0
lebrix1,2695,1089,5,0
cimpace1,2695,1089,6,0
cardum1,2695,1090,7,0
chaeau1,2695,1091,8,0
opera1,2695,1093,9,0
ikea1,2695,1093,10,0
opera3,2695,1094,11,0
berry1,2695,1103,12,0
bourdon1,2695,1104,13,0
villj2,2695,1108,14,1
villj2,4405,515,1,0
bourdon2,4405,518,2,0
berry2,4405,519,3,0
opera1,4405,527,4,0
ikea2,4405,528,5,0
opera3,4405,529,6,0
chaeau2,4405,531,7,0
cardum2,4405,532,8,0
cimpace2,4405,533,9,0
lebrix2,4405,534,10,0
colpace2,4405,535,11,0
champal2,4405,536,12,0
ouessa2,4405,537,13,0
prous,4405,538,14,1
villj2,5579,995,1,0
bourdon2,5579,998,2,0
berry2,5579,999,3,0
opera1,5579,1008,4,0
ikea2,5579,1009,5,0
opera3,5579,1010,6,0
chaeau2,5579,1012,7,0
cardum2,5579,1013,8,0
cimpace2,5579,1015,9,0
lebrix2,5579,1016,10,0
colpace2,5579,1017,11,0
champal2,5579,1018,12,0
ouessa2,5579,1019,13,0
prous,5579,1020,14,1
prous,1152,460,1,0
ouessa1,1152,461,2,0
champal1,1152,462,3,0
colpace1,1152,463,4,0
lebrix1,1152,464,5,0
cimpace1,1152,464,6,0
cardum1,1152,465,7,0
chaeau1,1152,466,8,0
berry1,1152,472,9,0
bourdon1,1152,473,10,0
villj2,1152,477,11,1
villj2,687,665,1,0
bourdon2,687,668,2,0
berry2,687,669,3,0
opera1,687,677,4,0
ikea2,687,678,5,0
opera3,687,679,6,0
chaeau2,687,681,7,0
cardum2,687,682,8,0
cimpace2,687,683,9,0
lebrix2,687,684,10,0
colpace2,687,685,11,0
champal2,687,686,12,0
ouessa2,687,687,13,0
prous,687,688,14,1
prous,2651,1145,1,0
ouessa1,2651,1146,2,0
champal1,2651,1147,3,0
colpace1,2651,1148,4,0
lebrix1,2651,1149,5,0
cimpace1,2651,1149,6,0
cardum1,2651,1150,7,0
chaeau1,2651,1151,8,0
opera1,2651,1153,9,0
ikea1,2651,1153,10,0
opera3,2651,1154,11,0
berry1,2651,1161,12,0
bourdon1,2651,1162,13,0
villj2,2651,1166,14,1
stgillw1,2629,940,1,0
censtg1,2629,941,2,0
clomarg1,2629,942,3,0
etgstg1,2629,942,4,0
vigne1,2629,943,5,0
fouaye1,2629,944,6,0
chenam1,2629,948,7,0
leon1,2629,949,8,0
tchemil1,2629,950,9,0
erenan1,2629,952,10,0
duanpa1,2629,953,11,0
prous,2629,958,12,0
ouessa1,2629,959,13,0
champal1,2629,960,14,0
colpace1,2629,962,15,0
cimpace1,2629,963,16,0
cardum1,2629,964,17,0
chaeau1,2629,965,18,0
berry1,2629,972,19,0
bourdon1,2629,973,20,0
villj2,2629,975,21,1
repbottc,659,1475,1,0
villj2,659,1483,2,0
bourdon2,659,1486,3,0
berry2,659,1486,4,0
chaeau2,659,1490,5,0
cardum2,659,1491,6,0
cimpace2,659,1492,7,0
lebrix2,659,1493,8,0
colpace2,659,1494,9,0
champal2,659,1495,10,0
ouessa2,659,1496,11,0
prous,659,1497,12,0
duanpa2,659,1502,13,0
erenan2,659,1503,14,0
tchemil2,659,1505,15,0
leon2,659,1505,16,0
chenam2,659,1506,17,0
fouaye2,659,1510,18,0
vigne2,659,1511,19,0
etgstg2,659,1512,20,0
clomarg2,659,1513,21,0
censtgi2,659,1514,22,0
stgillw2,659,1515,23,0
tespcla,659,1521,24,0
clatouc1,659,1522,25,0
cenclay1,659,1523,26,0
latour1,659,1524,27,0
terseul1,659,1525,28,0
parrena1,659,1526,29,0
maparth1,659,1527,30,0
clotill1,659,1528,31,0
noepar1,659,1528,32,0
pltouch1,659,1529,33,1
villj2,1094,605,1,0
bourdon2,1094,608,2,0
berry2,1094,609,3,0
opera1,1094,617,4,0
ikea2,1094,618,5,0
opera3,1094,619,6,0
chaeau2,1094,621,7,0
cardum2,1094,622,8,0
cimpace2,1094,623,9,0
lebrix2,1094,624,10,0
colpace2,1094,625,11,0
champal2,1094,626,12,0
ouessa2,1094,627,13,0
prous,1094,628,14,1
prous,1079,1265,1,0
ouessa1,1079,1266,2,0
champal1,1079,1267,3,0
colpace1,1079,1268,4,0
lebrix1,1079,1269,5,0
cimpace1,1079,1269,6,0
cardum1,1079,1270,7,0
chaeau1,1079,1271,8,0
opera1,1079,1273,9,0
ikea1,1079,1273,10,0
opera3,1079,1274,11,0
berry1,1079,1281,12,0
bourdon1,1079,1282,13,0
villj2,1079,1286,14,1
villj2,2556,730,1,0
bourdon2,2556,732,2,0
berry2,2556,733,3,0
chaeau2,2556,740,4,0
cardum2,2556,741,5,0
cimpace2,2556,742,6,0
lebrix2,2556,743,7,0
colpace2,2556,743,8,0
champal2,2556,745,9,0
ouessa2,2556,746,10,0
prous,2556,747,11,0
duanpa2,2556,752,12,0
erenan2,2556,753,13,0
tchemil2,2556,755,14,0
leon2,2556,755,15,0
chenam2,2556,756,16,0
fouaye2,2556,760,17,0
vigne2,2556,761,18,0
etgstg2,2556,762,19,0
clomarg2,2556,763,20,0
censtgi2,2556,764,21,0
stgillw1,2556,765,22,1
villj2,4340,465,1,0
bourdon2,4340,468,2,0
berry2,4340,469,3,0
opera1,4340,477,4,0
ikea2,4340,478,5,0
opera3,4340,479,6,0
chaeau2,4340,481,7,0
cardum2,4340,482,8,0
cimpace2,4340,483,9,0
lebrix2,4340,484,10,0
colpace2,4340,485,11,0
champal2,4340,486,12,0
ouessa2,4340,487,13,0
prous,4340,488,14,1
prous,5448,995,1,0
ouessa1,5448,996,2,0
champal1,5448,997,3,0
colpace1,5448,998,4,0
lebrix1,5448,999,5,0
cimpace1,5448,999,6,0
cardum1,5448,1000,7,0
chaeau1,5448,1001,8,0
opera1,5448,1003,9,0
ikea1,5448,1003,10,0
opera3,5448,1004,11,0
berry1,5448,1013,12,0
bourdon1,5448,1014,13,0
villj2,5448,1018,14,1
prous,5425,1018,1,0
ouessa1,5425,1019,2,0
champal1,5425,1020,3,0
colpace1,5425,1021,4,0
lebrix1,5425,1022,5,0
cimpace1,5425,1022,6,0
cardum1,5425,1023,7,0
chaeau1,5425,1025,8,0
opera1,5425,1027,9,0
ikea1,5425,1027,10,0
opera3,5425,1028,11,0
berry1,5425,1037,12,0
bourdon1,5425,1038,13,0
villj2,5425,1042,14,1
prous,1035,495,1,0
ouessa1,1035,496,2,0
champal1,1035,497,3,0
colpace1,1035,498,4,0
lebrix1,1035,499,5,0
cimpace1,1035,500,6,0
cardum1,1035,501,7,0
chaeau1,1035,503,8,0
berry1,1035,511,9,0
bourdon1,1035,512,10,0
villj2,1035,516,11,1
villj2,1016,485,1,0
bourdon2,1016,488,2,0
berry2,1016,489,3,0
opera1,1016,497,4,0
ikea2,1016,498,5,0
opera3,1016,499,6,0
chaeau2,1016,501,7,0
cardum2,1016,502,8,0
cimpace2,1016,503,9,0
lebrix2,1016,504,10,0
colpace2,1016,505,11,0
champal2,1016,506,12,0
ouessa2,1016,507,13,0
prous,1016,508,14,1
prous,5472,410,1,0
ouessa1,5472,411,2,0
champal1,5472,412,3,0
colpace1,5472,413,4,0
lebrix1,5472,414,5,0
cimpace1,5472,415,6,0
cardum1,5472,416,7,0
chaeau1,5472,417,8,0
berry1,5472,424,9,0
bourdon1,5472,425,10,0
villj2,5472,429,11,1
villj2,6094,905,1,0
bourdon2,6094,908,2,0
berry2,6094,909,3,0
opera1,6094,917,4,0
ikea2,6094,918,5,0
opera3,6094,919,6,0
chaeau2,6094,921,7,0
cardum2,6094,922,8,0
cimpace2,6094,923,9,0
lebrix2,6094,924,10,0
colpace2,6094,925,11,0
champal2,6094,926,12,0
ouessa2,6094,927,13,0
prous,6094,928,14,1
prous,5307,785,1,0
ouessa1,5307,786,2,0
champal1,5307,787,3,0
colpace1,5307,788,4,0
lebrix1,5307,789,5,0
cimpace1,5307,789,6,0
cardum1,5307,790,7,0
chaeau1,5307,791,8,0
opera1,5307,793,9,0
ikea1,5307,793,10,0
opera3,5307,794,11,0
berry1,5307,802,12,0
bourdon1,5307,803,13,0
villj2,5307,807,14,1
villj2,5246,1065,1,0
bourdon2,5246,1068,2,0
berry2,5246,1069,3,0
opera1,5246,1078,4,0
ikea2,5246,1079,5,0
opera3,5246,1080,6,0
chaeau2,5246,1082,7,0
cardum2,5246,1083,8,0
cimpace2,5246,1084,9,0
lebrix2,5246,1085,10,0
colpace2,5246,1086,11,0
champal2,5246,1087,12,0
ouessa2,5246,1088,13,0
prous,5246,1089,14,1
prous,5236,875,1,0
ouessa1,5236,876,2,0
champal1,5236,877,3,0
colpace1,5236,878,4,0
lebrix1,5236,879,5,0
cimpace1,5236,879,6,0
cardum1,5236,880,7,0
chaeau1,5236,881,8,0
opera1,5236,883,9,0
ikea1,5236,883,10,0
opera3,5236,884,11,0
berry1,5236,892,12,0
bourdon1,5236,893,13,0
villj2,5236,897,14,1
villj2,5209,965,1,0
bourdon2,5209,968,2,0
berry2,5209,969,3,0
opera1,5209,978,4,0
ikea2,5209,979,5,0
opera3,5209,980,6,0
chaeau2,5209,982,7,0
cardum2,5209,983,8,0
cimpace2,5209,985,9,0
lebrix2,5209,986,10,0
colpace2,5209,987,11,0
champal2,5209,988,12,0
ouessa2,5209,989,13,0
prous,5209,990,14,1
prous,5271,695,1,0
ouessa1,5271,696,2,0
champal1,5271,697,3,0
colpace1,5271,698,4,0
lebrix1,5271,699,5,0
cimpace1,5271,699,6,0
cardum1,5271,700,7,0
chaeau1,5271,701,8,0
opera1,5271,703,9,0
ikea1,5271,703,10,0
opera3,5271,704,11,0
berry1,5271,712,12,0
bourdon1,5271,713,13,0
villj2,5271,717,14,1
villj2,5283,1145,1,0
bourdon2,5283,1148,2,0
berry2,5283,1149,3,0
opera1,5283,1157,4,0
ikea2,5283,1158,5,0
opera3,5283,1159,6,0
chaeau2,5283,1161,7,0
cardum2,5283,1162,8,0
cimpace2,5283,1163,9,0
lebrix2,5283,1164,10,0
colpace2,5283,1165,11,0
champal2,5283,1166,12,0
ouessa2,5283,1167,13,0
prous,5283,1168,14,1
repbottc,4002,1380,1,0
villj2,4002,1388,2,0
bourdon2,4002,1391,3,0
berry2,4002,1391,4,0
chaeau2,4002,1395,5,0
cardum2,4002,1396,6,0
cimpace2,4002,1397,7,0
lebrix2,4002,1398,8,0
colpace2,4002,1399,9,0
champal2,4002,1400,10,0
ouessa2,4002,1401,11,0
prous,4002,1402,12,0
duanpa2,4002,1407,13,0
erenan2,4002,1408,14,0
tchemil2,4002,1410,15,0
leon2,4002,1410,16,0
chenam2,4002,1411,17,0
fouaye2,4002,1415,18,0
vigne2,4002,1416,19,0
etgstg2,4002,1417,20,0
clomarg2,4002,1418,21,0
censtgi2,4002,1419,22,0
stgillw2,4002,1420,23,0
tespcla,4002,1426,24,0
clatouc1,4002,1427,25,0
cenclay1,4002,1428,26,0
latour1,4002,1429,27,0
terseul1,4002,1430,28,0
parrena1,4002,1431,29,0
maparth1,4002,1432,30,0
clotill1,4002,1433,31,0
noepar1,4002,1433,32,0
pltouch1,4002,1434,33,1
prous,6250,665,1,0
ouessa1,6250,666,2,0
champal1,6250,667,3,0
colpace1,6250,668,4,0
lebrix1,6250,669,5,0
cimpace1,6250,669,6,0
cardum1,6250,670,7,0
chaeau1,6250,671,8,0
opera1,6250,673,9,0
ikea1,6250,673,10,0
opera3,6250,674,11,0
berry1,6250,682,12,0
bourdon1,6250,683,13,0
villj2,6250,687,14,1
villj2,6237,815,1,0
bourdon2,6237,818,2,0
berry2,6237,819,3,0
opera1,6237,827,4,0
ikea2,6237,828,5,0
opera3,6237,829,6,0
chaeau2,6237,831,7,0
cardum2,6237,832,8,0
cimpace2,6237,833,9,0
lebrix2,6237,834,10,0
colpace2,6237,835,11,0
champal2,6237,836,12,0
ouessa2,6237,837,13,0
prous,6237,838,14,1
villj2,4070,405,1,0
bourdon2,4070,408,2,0
berry2,4070,409,3,0
opera1,4070,417,4,0
ikea2,4070,418,5,0
opera3,4070,419,6,0
chaeau2,4070,421,7,0
cardum2,4070,422,8,0
cimpace2,4070,423,9,0
lebrix2,4070,424,10,0
colpace2,4070,425,11,0
champal2,4070,426,12,0
ouessa2,4070,427,13,0
prous,4070,428,14,1
villj2,4075,445,1,0
bourdon2,4075,448,2,0
berry2,4075,449,3,0
opera1,4075,457,4,0
ikea2,4075,458,5,0
opera3,4075,459,6,0
chaeau2,4075,461,7,0
cardum2,4075,462,8,0
cimpace2,4075,463,9,0
lebrix2,4075,464,10,0
colpace2,4075,465,11,0
champal2,4075,466,12,0
ouessa2,4075,467,13,0
prous,4075,468,14,1
stgillw1,6137,690,1,0
censtg1,6137,691,2,0
clomarg1,6137,692,3,0
etgstg1,6137,692,4,0
vigne1,6137,693,5,0
fouaye1,6137,694,6,0
chenam1,6137,698,7,0
leon1,6137,699,8,0
tchemil1,6137,700,9,0
erenan1,6137,702,10,0
duanpa1,6137,703,11,0
prous,6137,708,12,0
ouessa1,6137,709,13,0
champal1,6137,710,14,0
colpace1,6137,712,15,0
cimpace1,6137,713,16,0
cardum1,6137,714,17,0
chaeau1,6137,715,18,0
berry1,6137,722,19,0
bourdon1,6137,723,20,0
villj2,6137,725,21,1
villj2,6127,755,1,0
bourdon2,6127,758,2,0
berry2,6127,759,3,0
opera1,6127,767,4,0
ikea2,6127,768,5,0
opera3,6127,769,6,0
chaeau2,6127,771,7,0
cardum2,6127,772,8,0
cimpace2,6127,773,9,0
lebrix2,6127,774,10,0
colpace2,6127,775,11,0
champal2,6127,776,12,0
ouessa2,6127,777,13,0
prous,6127,778,14,1
prous,5063,1120,1,0
ouessa1,5063,1121,2,0
champal1,5063,1122,3,0
colpace1,5063,1123,4,0
lebrix1,5063,1124,5,0
cimpace1,5063,1124,6,0
cardum1,5063,1125,7,0
chaeau1,5063,1126,8,0
opera1,5063,1128,9,0
ikea1,5063,1128,10,0
opera3,5063,1129,11,0
berry1,5063,1137,12,0
bourdon1,5063,1138,13,0
villj2,5063,1142,14,1
prous,5084,845,1,0
ouessa1,5084,846,2,0
champal1,5084,847,3,0
colpace1,5084,848,4,0
lebrix1,5084,849,5,0
cimpace1,5084,849,6,0
cardum1,5084,850,7,0
chaeau1,5084,851,8,0
opera1,5084,853,9,0
ikea1,5084,853,10,0
opera3,5084,854,11,0
berry1,5084,863,12,0
bourdon1,5084,864,13,0
villj2,5084,868,14,1
villj2,5095,1025,1,0
bourdon2,5095,1028,2,0
berry2,5095,1029,3,0
opera1,5095,1038,4,0
ikea2,5095,1039,5,0
opera3,5095,1040,6,0
chaeau2,5095,1042,7,0
cardum2,5095,1043,8,0
cimpace2,5095,1045,9,0
lebrix2,5095,1046,10,0
colpace2,5095,1047,11,0
champal2,5095,1048,12,0
ouessa2,5095,1049,13,0
prous,5095,1050,14,1
villj2,6420,1025,1,0
bourdon2,6420,1028,2,0
berry2,6420,1029,3,0
opera1,6420,1038,4,0
ikea2,6420,1039,5,0
opera3,6420,1040,6,0
chaeau2,6420,1042,7,0
cardum2,6420,1043,8,0
cimpace2,6420,1044,9,0
lebrix2,6420,1045,10,0
colpace2,6420,1046,11,0
champal2,6420,1047,12,0
ouessa2,6420,1048,13,0
prous,6420,1049,14,1
prous,6451,905,1,0
ouessa1,6451,906,2,0
champal1,6451,907,3,0
colpace1,6451,908,4,0
lebrix1,6451,909,5,0
cimpace1,6451,909,6,0
cardum1,6451,910,7,0
chaeau1,6451,911,8,0
opera1,6451,913,9,0
ikea1,6451,913,10,0
opera3,6451,914,11,0
berry1,6451,923,12,0
bourdon1,6451,924,13,0
villj2,6451,928,14,1
villj2,6367,695,1,0
bourdon2,6367,698,2,0
berry2,6367,699,3,0
opera1,6367,707,4,0
ikea2,6367,708,5,0
opera3,6367,709,6,0
chaeau2,6367,711,7,0
cardum2,6367,712,8,0
cimpace2,6367,713,9,0
lebrix2,6367,714,10,0
colpace2,6367,715,11,0
champal2,6367,716,12,0
ouessa2,6367,717,13,0
prous,6367,718,14,1
villj2,6397,1055,1,0
bourdon2,6397,1058,2,0
berry2,6397,1059,3,0
opera1,6397,1068,4,0
ikea2,6397,1069,5,0
opera3,6397,1070,6,0
chaeau2,6397,1072,7,0
cardum2,6397,1073,8,0
cimpace2,6397,1075,9,0
lebrix2,6397,1076,10,0
colpace2,6397,1077,11,0
champal2,6397,1078,12,0
ouessa2,6397,1079,13,0
prous,6397,1080,14,1
prous,6301,1095,1,0
ouessa1,6301,1096,2,0
champal1,6301,1097,3,0
colpace1,6301,1098,4,0
lebrix1,6301,1099,5,0
cimpace1,6301,1099,6,0
cardum1,6301,1100,7,0
chaeau1,6301,1102,8,0
opera1,6301,1104,9,0
ikea1,6301,1104,10,0
opera3,6301,1105,11,0
berry1,6301,1113,12,0
bourdon1,6301,1114,13,0
villj2,6301,1118,14,1
prous,6626,1175,1,0
ouessa1,6626,1176,2,0
champal1,6626,1177,3,0
colpace1,6626,1178,4,0
lebrix1,6626,1179,5,0
cimpace1,6626,1179,6,0
cardum1,6626,1180,7,0
chaeau1,6626,1181,8,0
opera1,6626,1183,9,0
ikea1,6626,1183,10,0
opera3,6626,1184,11,0
berry1,6626,1192,12,0
bourdon1,6626,1193,13,0
villj2,6626,1197,14,1
villj2,1923,845,1,0
bourdon2,1923,848,2,0
berry2,1923,849,3,0
opera1,1923,858,4,0
ikea2,1923,859,5,0
opera3,1923,860,6,0
chaeau2,1923,862,7,0
cardum2,1923,863,8,0
cimpace2,1923,865,9,0
lebrix2,1923,866,10,0
colpace2,1923,867,11,0
champal2,1923,868,12,0
ouessa2,1923,869,13,0
prous,1923,870,14,1
prous,6539,965,1,0
ouessa1,6539,966,2,0
champal1,6539,967,3,0
colpace1,6539,968,4,0
lebrix1,6539,969,5,0
cimpace1,6539,969,6,0
cardum1,6539,970,7,0
chaeau1,6539,971,8,0
opera1,6539,973,9,0
ikea1,6539,973,10,0
opera3,6539,974,11,0
berry1,6539,982,12,0
bourdon1,6539,983,13,0
villj2,6539,987,14,1
