arret_id,trajet_id,heure_depart,stop_sequence,terminus
4652,16693,410,1,0
4653,16693,411,2,0
2502,16693,417,3,0
2503,16693,419,4,0
2504,16693,420,5,0
2505,16693,422,6,0
2506,16693,424,7,0
1542,16693,442,8,0
1242,16693,443,9,1
4652,16692,410,1,0
4653,16692,411,2,0
2502,16692,417,3,0
2503,16692,419,4,0
2504,16692,420,5,0
2505,16692,422,6,0
2506,16692,424,7,0
1542,16692,442,8,0
1242,16692,443,9,1
4652,16691,410,1,0
4653,16691,411,2,0
2502,16691,417,3,0
2503,16691,419,4,0
2504,16691,420,5,0
2505,16691,422,6,0
2506,16691,424,7,0
1542,16691,442,8,0
1242,16691,443,9,1
4652,16690,410,1,0
4653,16690,411,2,0
2502,16690,417,3,0
2503,16690,419,4,0
2504,16690,420,5,0
2505,16690,422,6,0
2506,16690,424,7,0
1542,16690,442,8,0
1242,16690,443,9,1
4652,16697,410,1,0
4653,16697,411,2,0
2502,16697,417,3,0
2503,16697,419,4,0
2504,16697,420,5,0
2505,16697,422,6,0
2506,16697,424,7,0
1542,16697,442,8,0
1242,16697,443,9,1
4652,16696,410,1,0
4653,16696,411,2,0
2502,16696,417,3,0
2503,16696,419,4,0
2504,16696,420,5,0
2505,16696,422,6,0
2506,16696,424,7,0
1542,16696,442,8,0
1242,16696,443,9,1
4652,16695,410,1,0
4653,16695,411,2,0
2502,16695,417,3,0
2503,16695,419,4,0
2504,16695,420,5,0
2505,16695,422,6,0
2506,16695,424,7,0
1542,16695,442,8,0
1242,16695,443,9,1
4652,16694,410,1,0
4653,16694,411,2,0
2502,16694,417,3,0
2503,16694,419,4,0
2504,16694,420,5,0
2505,16694,422,6,0
2506,16694,424,7,0
1542,16694,442,8,0
1242,16694,443,9,1
1214,16699,1045,1,0
1540,16699,1046,2,0
2515,16699,1066,3,0
2516,16699,1068,4,0
2517,16699,1069,5,0
2518,16699,1071,6,0
2519,16699,1072,7,0
4654,16699,1079,8,0
4652,16699,1080,9,1
4652,16698,410,1,0
4653,16698,411,2,0
2502,16698,417,3,0
2503,16698,419,4,0
2504,16698,420,5,0
2505,16698,422,6,0
2506,16698,424,7,0
1542,16698,442,8,0
1242,16698,443,9,1
1214,16679,1105,1,0
1540,16679,1106,2,0
2515,16679,1125,3,0
2516,16679,1126,4,0
2517,16679,1127,5,0
2518,16679,1129,6,0
2519,16679,1130,7,0
4654,16679,1136,8,0
4652,16679,1137,9,1
1214,16678,1105,1,0
1540,16678,1106,2,0
2515,16678,1125,3,0
2516,16678,1126,4,0
2517,16678,1127,5,0
2518,16678,1129,6,0
2519,16678,1130,7,0
4654,16678,1136,8,0
4652,16678,1137,9,1
1214,16677,1105,1,0
1540,16677,1106,2,0
2515,16677,1125,3,0
2516,16677,1126,4,0
2517,16677,1127,5,0
2518,16677,1129,6,0
2519,16677,1130,7,0
4654,16677,1136,8,0
4652,16677,1137,9,1
1214,16682,1105,1,0
1540,16682,1106,2,0
2515,16682,1125,3,0
2516,16682,1126,4,0
2517,16682,1127,5,0
2518,16682,1129,6,0
2519,16682,1130,7,0
4654,16682,1136,8,0
4652,16682,1137,9,1
1214,16681,1105,1,0
1540,16681,1106,2,0
2515,16681,1125,3,0
2516,16681,1126,4,0
2517,16681,1127,5,0
2518,16681,1129,6,0
2519,16681,1130,7,0
4654,16681,1136,8,0
4652,16681,1137,9,1
1214,16680,1105,1,0
1540,16680,1106,2,0
2515,16680,1125,3,0
2516,16680,1126,4,0
2517,16680,1127,5,0
2518,16680,1129,6,0
2519,16680,1130,7,0
4654,16680,1136,8,0
4652,16680,1137,9,1
1214,16686,1105,1,0
1540,16686,1106,2,0
2515,16686,1125,3,0
2516,16686,1126,4,0
2517,16686,1127,5,0
2518,16686,1129,6,0
2519,16686,1130,7,0
4654,16686,1136,8,0
4652,16686,1137,9,1
1214,16685,1105,1,0
1540,16685,1106,2,0
2515,16685,1125,3,0
2516,16685,1126,4,0
2517,16685,1127,5,0
2518,16685,1129,6,0
2519,16685,1130,7,0
4654,16685,1136,8,0
4652,16685,1137,9,1
1214,16684,1105,1,0
1540,16684,1106,2,0
2515,16684,1125,3,0
2516,16684,1126,4,0
2517,16684,1127,5,0
2518,16684,1129,6,0
2519,16684,1130,7,0
4654,16684,1136,8,0
4652,16684,1137,9,1
1214,16683,1105,1,0
1540,16683,1106,2,0
2515,16683,1125,3,0
2516,16683,1126,4,0
2517,16683,1127,5,0
2518,16683,1129,6,0
2519,16683,1130,7,0
4654,16683,1136,8,0
4652,16683,1137,9,1
4652,16689,410,1,0
4653,16689,411,2,0
2502,16689,417,3,0
2503,16689,419,4,0
2504,16689,420,5,0
2505,16689,422,6,0
2506,16689,424,7,0
1542,16689,442,8,0
1242,16689,443,9,1
4652,16688,410,1,0
4653,16688,411,2,0
2502,16688,417,3,0
2503,16688,419,4,0
2504,16688,420,5,0
2505,16688,422,6,0
2506,16688,424,7,0
1542,16688,442,8,0
1242,16688,443,9,1
1214,16687,1105,1,0
1540,16687,1106,2,0
2515,16687,1125,3,0
2516,16687,1126,4,0
2517,16687,1127,5,0
2518,16687,1129,6,0
2519,16687,1130,7,0
4654,16687,1136,8,0
4652,16687,1137,9,1
4652,16752,473,1,0
4653,16752,474,2,0
2502,16752,481,3,0
2503,16752,483,4,0
2504,16752,484,5,0
2505,16752,486,6,0
2506,16752,488,7,0
1542,16752,511,8,0
1242,16752,512,9,1
4652,16751,473,1,0
4653,16751,474,2,0
2502,16751,481,3,0
2503,16751,483,4,0
2504,16751,484,5,0
2505,16751,486,6,0
2506,16751,488,7,0
1542,16751,511,8,0
1242,16751,512,9,1
4652,16750,473,1,0
4653,16750,474,2,0
2502,16750,481,3,0
2503,16750,483,4,0
2504,16750,484,5,0
2505,16750,486,6,0
2506,16750,488,7,0
1542,16750,511,8,0
1242,16750,512,9,1
4652,16753,473,1,0
4653,16753,474,2,0
2502,16753,481,3,0
2503,16753,483,4,0
2504,16753,484,5,0
2505,16753,486,6,0
2506,16753,488,7,0
1542,16753,511,8,0
1242,16753,512,9,1
4652,16730,430,1,0
4653,16730,431,2,0
2502,16730,437,3,0
2503,16730,439,4,0
2504,16730,440,5,0
2505,16730,442,6,0
2506,16730,444,7,0
1542,16730,463,8,0
1242,16730,464,9,1
1214,16739,1005,1,0
1540,16739,1006,2,0
2515,16739,1026,3,0
2516,16739,1028,4,0
2517,16739,1029,5,0
2518,16739,1031,6,0
2519,16739,1032,7,0
4654,16739,1039,8,0
4652,16739,1040,9,1
1214,16734,1005,1,0
1540,16734,1006,2,0
2515,16734,1026,3,0
2516,16734,1028,4,0
2517,16734,1029,5,0
2518,16734,1031,6,0
2519,16734,1032,7,0
4654,16734,1039,8,0
4652,16734,1040,9,1
1214,16733,1005,1,0
1540,16733,1006,2,0
2515,16733,1026,3,0
2516,16733,1028,4,0
2517,16733,1029,5,0
2518,16733,1031,6,0
2519,16733,1032,7,0
4654,16733,1039,8,0
4652,16733,1040,9,1
1214,16732,1005,1,0
1540,16732,1006,2,0
2515,16732,1026,3,0
2516,16732,1028,4,0
2517,16732,1029,5,0
2518,16732,1031,6,0
2519,16732,1032,7,0
4654,16732,1039,8,0
4652,16732,1040,9,1
4652,16731,430,1,0
4653,16731,431,2,0
2502,16731,437,3,0
2503,16731,439,4,0
2504,16731,440,5,0
2505,16731,442,6,0
2506,16731,444,7,0
1542,16731,463,8,0
1242,16731,464,9,1
1214,16738,1005,1,0
1540,16738,1006,2,0
2515,16738,1026,3,0
2516,16738,1028,4,0
2517,16738,1029,5,0
2518,16738,1031,6,0
2519,16738,1032,7,0
4654,16738,1039,8,0
4652,16738,1040,9,1
1214,16737,1005,1,0
1540,16737,1006,2,0
2515,16737,1026,3,0
2516,16737,1028,4,0
2517,16737,1029,5,0
2518,16737,1031,6,0
2519,16737,1032,7,0
4654,16737,1039,8,0
4652,16737,1040,9,1
1214,16736,1005,1,0
1540,16736,1006,2,0
2515,16736,1026,3,0
2516,16736,1028,4,0
2517,16736,1029,5,0
2518,16736,1031,6,0
2519,16736,1032,7,0
4654,16736,1039,8,0
4652,16736,1040,9,1
1214,16735,1005,1,0
1540,16735,1006,2,0
2515,16735,1026,3,0
2516,16735,1028,4,0
2517,16735,1029,5,0
2518,16735,1031,6,0
2519,16735,1032,7,0
4654,16735,1039,8,0
4652,16735,1040,9,1
1214,16741,1005,1,0
1540,16741,1006,2,0
2515,16741,1026,3,0
2516,16741,1028,4,0
2517,16741,1029,5,0
2518,16741,1031,6,0
2519,16741,1032,7,0
4654,16741,1039,8,0
4652,16741,1040,9,1
1214,16740,1005,1,0
1540,16740,1006,2,0
2515,16740,1026,3,0
2516,16740,1028,4,0
2517,16740,1029,5,0
2518,16740,1031,6,0
2519,16740,1032,7,0
4654,16740,1039,8,0
4652,16740,1040,9,1
4652,16745,473,1,0
4653,16745,474,2,0
2502,16745,481,3,0
2503,16745,483,4,0
2504,16745,484,5,0
2505,16745,486,6,0
2506,16745,488,7,0
1542,16745,511,8,0
1242,16745,512,9,1
4652,16744,473,1,0
4653,16744,474,2,0
2502,16744,481,3,0
2503,16744,483,4,0
2504,16744,484,5,0
2505,16744,486,6,0
2506,16744,488,7,0
1542,16744,511,8,0
1242,16744,512,9,1
4652,16743,473,1,0
4653,16743,474,2,0
2502,16743,481,3,0
2503,16743,483,4,0
2504,16743,484,5,0
2505,16743,486,6,0
2506,16743,488,7,0
1542,16743,511,8,0
1242,16743,512,9,1
1214,16742,1005,1,0
1540,16742,1006,2,0
2515,16742,1026,3,0
2516,16742,1028,4,0
2517,16742,1029,5,0
2518,16742,1031,6,0
2519,16742,1032,7,0
4654,16742,1039,8,0
4652,16742,1040,9,1
4652,16749,473,1,0
4653,16749,474,2,0
2502,16749,481,3,0
2503,16749,483,4,0
2504,16749,484,5,0
2505,16749,486,6,0
2506,16749,488,7,0
1542,16749,511,8,0
1242,16749,512,9,1
4652,16748,473,1,0
4653,16748,474,2,0
2502,16748,481,3,0
2503,16748,483,4,0
2504,16748,484,5,0
2505,16748,486,6,0
2506,16748,488,7,0
1542,16748,511,8,0
1242,16748,512,9,1
4652,16747,473,1,0
4653,16747,474,2,0
2502,16747,481,3,0
2503,16747,483,4,0
2504,16747,484,5,0
2505,16747,486,6,0
2506,16747,488,7,0
1542,16747,511,8,0
1242,16747,512,9,1
4652,16746,473,1,0
4653,16746,474,2,0
2502,16746,481,3,0
2503,16746,483,4,0
2504,16746,484,5,0
2505,16746,486,6,0
2506,16746,488,7,0
1542,16746,511,8,0
1242,16746,512,9,1
4652,16719,493,1,0
4653,16719,494,2,0
2502,16719,501,3,0
2503,16719,503,4,0
2504,16719,504,5,0
2505,16719,506,6,0
2506,16719,508,7,0
1542,16719,531,8,0
1242,16719,532,9,1
4652,16718,493,1,0
4653,16718,494,2,0
2502,16718,501,3,0
2503,16718,503,4,0
2504,16718,504,5,0
2505,16718,506,6,0
2506,16718,508,7,0
1542,16718,531,8,0
1242,16718,532,9,1
4652,16717,493,1,0
4653,16717,494,2,0
2502,16717,501,3,0
2503,16717,503,4,0
2504,16717,504,5,0
2505,16717,506,6,0
2506,16717,508,7,0
1542,16717,531,8,0
1242,16717,532,9,1
4652,16712,493,1,0
4653,16712,494,2,0
2502,16712,501,3,0
2503,16712,503,4,0
2504,16712,504,5,0
2505,16712,506,6,0
2506,16712,508,7,0
1542,16712,531,8,0
1242,16712,532,9,1
4652,16711,493,1,0
4653,16711,494,2,0
2502,16711,501,3,0
2503,16711,503,4,0
2504,16711,504,5,0
2505,16711,506,6,0
2506,16711,508,7,0
1542,16711,531,8,0
1242,16711,532,9,1
4652,16710,493,1,0
4653,16710,494,2,0
2502,16710,501,3,0
2503,16710,503,4,0
2504,16710,504,5,0
2505,16710,506,6,0
2506,16710,508,7,0
1542,16710,531,8,0
1242,16710,532,9,1
4652,16716,493,1,0
4653,16716,494,2,0
2502,16716,501,3,0
2503,16716,503,4,0
2504,16716,504,5,0
2505,16716,506,6,0
2506,16716,508,7,0
1542,16716,531,8,0
1242,16716,532,9,1
4652,16715,493,1,0
4653,16715,494,2,0
2502,16715,501,3,0
2503,16715,503,4,0
2504,16715,504,5,0
2505,16715,506,6,0
2506,16715,508,7,0
1542,16715,531,8,0
1242,16715,532,9,1
4652,16714,493,1,0
4653,16714,494,2,0
2502,16714,501,3,0
2503,16714,503,4,0
2504,16714,504,5,0
2505,16714,506,6,0
2506,16714,508,7,0
1542,16714,531,8,0
1242,16714,532,9,1
4652,16713,493,1,0
4653,16713,494,2,0
2502,16713,501,3,0
2503,16713,503,4,0
2504,16713,504,5,0
2505,16713,506,6,0
2506,16713,508,7,0
1542,16713,531,8,0
1242,16713,532,9,1
4652,16729,430,1,0
4653,16729,431,2,0
2502,16729,437,3,0
2503,16729,439,4,0
2504,16729,440,5,0
2505,16729,442,6,0
2506,16729,444,7,0
1542,16729,463,8,0
1242,16729,464,9,1
4652,16728,430,1,0
4653,16728,431,2,0
2502,16728,437,3,0
2503,16728,439,4,0
2504,16728,440,5,0
2505,16728,442,6,0
2506,16728,444,7,0
1542,16728,463,8,0
1242,16728,464,9,1
4652,16723,430,1,0
4653,16723,431,2,0
2502,16723,437,3,0
2503,16723,439,4,0
2504,16723,440,5,0
2505,16723,442,6,0
2506,16723,444,7,0
1542,16723,463,8,0
1242,16723,464,9,1
4652,16722,430,1,0
4653,16722,431,2,0
2502,16722,437,3,0
2503,16722,439,4,0
2504,16722,440,5,0
2505,16722,442,6,0
2506,16722,444,7,0
1542,16722,463,8,0
1242,16722,464,9,1
4652,16721,430,1,0
4653,16721,431,2,0
2502,16721,437,3,0
2503,16721,439,4,0
2504,16721,440,5,0
2505,16721,442,6,0
2506,16721,444,7,0
1542,16721,463,8,0
1242,16721,464,9,1
4652,16720,493,1,0
4653,16720,494,2,0
2502,16720,501,3,0
2503,16720,503,4,0
2504,16720,504,5,0
2505,16720,506,6,0
2506,16720,508,7,0
1542,16720,531,8,0
1242,16720,532,9,1
4652,16727,430,1,0
4653,16727,431,2,0
2502,16727,437,3,0
2503,16727,439,4,0
2504,16727,440,5,0
2505,16727,442,6,0
2506,16727,444,7,0
1542,16727,463,8,0
1242,16727,464,9,1
4652,16726,430,1,0
4653,16726,431,2,0
2502,16726,437,3,0
2503,16726,439,4,0
2504,16726,440,5,0
2505,16726,442,6,0
2506,16726,444,7,0
1542,16726,463,8,0
1242,16726,464,9,1
4652,16725,430,1,0
4653,16725,431,2,0
2502,16725,437,3,0
2503,16725,439,4,0
2504,16725,440,5,0
2505,16725,442,6,0
2506,16725,444,7,0
1542,16725,463,8,0
1242,16725,464,9,1
4652,16724,430,1,0
4653,16724,431,2,0
2502,16724,437,3,0
2503,16724,439,4,0
2504,16724,440,5,0
2505,16724,442,6,0
2506,16724,444,7,0
1542,16724,463,8,0
1242,16724,464,9,1
1214,16709,1045,1,0
1540,16709,1046,2,0
2515,16709,1066,3,0
2516,16709,1068,4,0
2517,16709,1069,5,0
2518,16709,1071,6,0
2519,16709,1072,7,0
4654,16709,1079,8,0
4652,16709,1080,9,1
1214,16708,1045,1,0
1540,16708,1046,2,0
2515,16708,1066,3,0
2516,16708,1068,4,0
2517,16708,1069,5,0
2518,16708,1071,6,0
2519,16708,1072,7,0
4654,16708,1079,8,0
4652,16708,1080,9,1
1214,16707,1045,1,0
1540,16707,1046,2,0
2515,16707,1066,3,0
2516,16707,1068,4,0
2517,16707,1069,5,0
2518,16707,1071,6,0
2519,16707,1072,7,0
4654,16707,1079,8,0
4652,16707,1080,9,1
1214,16706,1045,1,0
1540,16706,1046,2,0
2515,16706,1066,3,0
2516,16706,1068,4,0
2517,16706,1069,5,0
2518,16706,1071,6,0
2519,16706,1072,7,0
4654,16706,1079,8,0
4652,16706,1080,9,1
1214,16701,1045,1,0
1540,16701,1046,2,0
2515,16701,1066,3,0
2516,16701,1068,4,0
2517,16701,1069,5,0
2518,16701,1071,6,0
2519,16701,1072,7,0
4654,16701,1079,8,0
4652,16701,1080,9,1
1214,16700,1045,1,0
1540,16700,1046,2,0
2515,16700,1066,3,0
2516,16700,1068,4,0
2517,16700,1069,5,0
2518,16700,1071,6,0
2519,16700,1072,7,0
4654,16700,1079,8,0
4652,16700,1080,9,1
1214,16705,1045,1,0
1540,16705,1046,2,0
2515,16705,1066,3,0
2516,16705,1068,4,0
2517,16705,1069,5,0
2518,16705,1071,6,0
2519,16705,1072,7,0
4654,16705,1079,8,0
4652,16705,1080,9,1
1214,16704,1045,1,0
1540,16704,1046,2,0
2515,16704,1066,3,0
2516,16704,1068,4,0
2517,16704,1069,5,0
2518,16704,1071,6,0
2519,16704,1072,7,0
4654,16704,1079,8,0
4652,16704,1080,9,1
1214,16703,1045,1,0
1540,16703,1046,2,0
2515,16703,1066,3,0
2516,16703,1068,4,0
2517,16703,1069,5,0
2518,16703,1071,6,0
2519,16703,1072,7,0
4654,16703,1079,8,0
4652,16703,1080,9,1
1214,16702,1045,1,0
1540,16702,1046,2,0
2515,16702,1066,3,0
2516,16702,1068,4,0
2517,16702,1069,5,0
2518,16702,1071,6,0
2519,16702,1072,7,0
4654,16702,1079,8,0
4652,16702,1080,9,1
