arret_id,trajet_id,heure_depart,stop_sequence,terminus
2519,26690,760,1,0
3862,26690,765,2,0
3863,26690,766,3,0
3864,26690,768,4,0
3865,26690,769,5,0
3869,26690,771,6,0
4307,26690,781,7,0
4308,26690,782,8,0
4304,26690,783,9,0
3714,26690,792,10,0
3724,26690,794,11,0
3723,26690,795,12,0
3732,26690,797,13,1
2519,26691,1060,1,0
3862,26691,1065,2,0
3863,26691,1066,3,0
3864,26691,1068,4,0
3865,26691,1069,5,0
3869,26691,1071,6,0
4307,26691,1081,7,0
4308,26691,1082,8,0
4304,26691,1083,9,0
3714,26691,1092,10,0
3724,26691,1094,11,0
3723,26691,1095,12,0
3732,26691,1097,13,1
2519,26692,1060,1,0
3862,26692,1065,2,0
3863,26692,1066,3,0
3864,26692,1068,4,0
3865,26692,1069,5,0
3869,26692,1071,6,0
4307,26692,1081,7,0
4308,26692,1082,8,0
4304,26692,1083,9,0
3714,26692,1092,10,0
3724,26692,1094,11,0
3723,26692,1095,12,0
3732,26692,1097,13,1
2519,26693,1060,1,0
3862,26693,1065,2,0
3863,26693,1066,3,0
3864,26693,1068,4,0
3865,26693,1069,5,0
3869,26693,1071,6,0
4307,26693,1081,7,0
4308,26693,1082,8,0
4304,26693,1083,9,0
3714,26693,1092,10,0
3724,26693,1094,11,0
3723,26693,1095,12,0
3732,26693,1097,13,1
3732,26659,531,1,0
3717,26659,533,2,0
3715,26659,534,3,0
3705,26659,536,4,0
4322,26659,542,5,0
4305,26659,544,6,0
4306,26659,545,7,0
2517,26659,553,8,0
2502,26659,555,9,1
4322,26664,482,1,0
4305,26664,484,2,0
4306,26664,485,3,0
2517,26664,493,4,0
2502,26664,495,5,1
4322,26665,482,1,0
4305,26665,484,2,0
4306,26665,485,3,0
2517,26665,493,4,0
2502,26665,495,5,1
4322,26666,482,1,0
4305,26666,484,2,0
4306,26666,485,3,0
2517,26666,493,4,0
2502,26666,495,5,1
4322,26667,482,1,0
4305,26667,484,2,0
4306,26667,485,3,0
2517,26667,493,4,0
2502,26667,495,5,1
4322,26668,482,1,0
4305,26668,484,2,0
4306,26668,485,3,0
2517,26668,493,4,0
2502,26668,495,5,1
3732,26669,474,1,0
3717,26669,476,2,0
3715,26669,477,3,0
3705,26669,480,4,0
2517,26669,493,5,0
2502,26669,495,6,1
3732,26661,531,1,0
3717,26661,533,2,0
3715,26661,534,3,0
3705,26661,536,4,0
4322,26661,542,5,0
4305,26661,544,6,0
4306,26661,545,7,0
2517,26661,553,8,0
2502,26661,555,9,1
3732,26660,531,1,0
3717,26660,533,2,0
3715,26660,534,3,0
3705,26660,536,4,0
4322,26660,542,5,0
4305,26660,544,6,0
4306,26660,545,7,0
2517,26660,553,8,0
2502,26660,555,9,1
3732,26663,531,1,0
3717,26663,533,2,0
3715,26663,534,3,0
3705,26663,536,4,0
4322,26663,542,5,0
4305,26663,544,6,0
4306,26663,545,7,0
2517,26663,553,8,0
2502,26663,555,9,1
3732,26662,531,1,0
3717,26662,533,2,0
3715,26662,534,3,0
3705,26662,536,4,0
4322,26662,542,5,0
4305,26662,544,6,0
4306,26662,545,7,0
2517,26662,553,8,0
2502,26662,555,9,1
2517,26679,1030,1,0
2502,26679,1032,2,0
4307,26679,1041,3,0
4308,26679,1042,4,0
4304,26679,1043,5,0
3714,26679,1049,6,0
3724,26679,1051,7,0
3723,26679,1052,8,0
3732,26679,1054,9,1
2517,26677,960,1,0
2502,26677,962,2,0
4307,26677,971,3,0
4308,26677,972,4,0
4304,26677,973,5,0
3714,26677,979,6,0
3724,26677,981,7,0
3723,26677,982,8,0
3732,26677,984,9,1
2517,26678,1030,1,0
2502,26678,1032,2,0
4307,26678,1041,3,0
4308,26678,1042,4,0
4304,26678,1043,5,0
3714,26678,1049,6,0
3724,26678,1051,7,0
3723,26678,1052,8,0
3732,26678,1054,9,1
2517,26675,960,1,0
2502,26675,962,2,0
4307,26675,971,3,0
4308,26675,972,4,0
4304,26675,973,5,0
3714,26675,979,6,0
3724,26675,981,7,0
3723,26675,982,8,0
3732,26675,984,9,1
2517,26676,960,1,0
2502,26676,962,2,0
4307,26676,971,3,0
4308,26676,972,4,0
4304,26676,973,5,0
3714,26676,979,6,0
3724,26676,981,7,0
3723,26676,982,8,0
3732,26676,984,9,1
2517,26674,960,1,0
2502,26674,962,2,0
4307,26674,971,3,0
4308,26674,972,4,0
4304,26674,973,5,0
3714,26674,979,6,0
3724,26674,981,7,0
3723,26674,982,8,0
3732,26674,984,9,1
3732,26673,474,1,0
3717,26673,476,2,0
3715,26673,477,3,0
3705,26673,480,4,0
2517,26673,493,5,0
2502,26673,495,6,1
3732,26672,474,1,0
3717,26672,476,2,0
3715,26672,477,3,0
3705,26672,480,4,0
2517,26672,493,5,0
2502,26672,495,6,1
3732,26671,474,1,0
3717,26671,476,2,0
3715,26671,477,3,0
3705,26671,480,4,0
2517,26671,493,5,0
2502,26671,495,6,1
3732,26670,474,1,0
3717,26670,476,2,0
3715,26670,477,3,0
3705,26670,480,4,0
2517,26670,493,5,0
2502,26670,495,6,1
2517,26686,960,1,0
2502,26686,962,2,0
4307,26686,971,3,0
4308,26686,972,4,0
4304,26686,973,5,0
3714,26686,979,6,0
3724,26686,981,7,0
3723,26686,982,8,0
3732,26686,984,9,1
2517,26687,960,1,0
2502,26687,962,2,0
4307,26687,971,3,0
4308,26687,972,4,0
4304,26687,973,5,0
3714,26687,979,6,0
3724,26687,981,7,0
3723,26687,982,8,0
3732,26687,984,9,1
2517,26688,705,1,0
2502,26688,707,2,0
4307,26688,716,3,0
4308,26688,717,4,0
4304,26688,718,5,0
3714,26688,724,6,0
3724,26688,726,7,0
3723,26688,727,8,0
3732,26688,729,9,1
2517,26689,705,1,0
2502,26689,707,2,0
4307,26689,716,3,0
4308,26689,717,4,0
4304,26689,718,5,0
3714,26689,724,6,0
3724,26689,726,7,0
3723,26689,727,8,0
3732,26689,729,9,1
2517,26683,1030,1,0
2502,26683,1032,2,0
4307,26683,1041,3,0
4308,26683,1042,4,0
4304,26683,1043,5,0
3714,26683,1049,6,0
3724,26683,1051,7,0
3723,26683,1052,8,0
3732,26683,1054,9,1
2517,26682,1030,1,0
2502,26682,1032,2,0
4307,26682,1041,3,0
4308,26682,1042,4,0
4304,26682,1043,5,0
3714,26682,1049,6,0
3724,26682,1051,7,0
3723,26682,1052,8,0
3732,26682,1054,9,1
2517,26685,1030,1,0
2502,26685,1032,2,0
4307,26685,1041,3,0
4308,26685,1042,4,0
4304,26685,1043,5,0
3714,26685,1049,6,0
3724,26685,1051,7,0
3723,26685,1052,8,0
3732,26685,1054,9,1
2517,26684,1030,1,0
2502,26684,1032,2,0
4307,26684,1041,3,0
4308,26684,1042,4,0
4304,26684,1043,5,0
3714,26684,1049,6,0
3724,26684,1051,7,0
3723,26684,1052,8,0
3732,26684,1054,9,1
2517,26681,1030,1,0
2502,26681,1032,2,0
4307,26681,1041,3,0
4308,26681,1042,4,0
4304,26681,1043,5,0
3714,26681,1049,6,0
3724,26681,1051,7,0
3723,26681,1052,8,0
3732,26681,1054,9,1
2517,26680,1030,1,0
2502,26680,1032,2,0
4307,26680,1041,3,0
4308,26680,1042,4,0
4304,26680,1043,5,0
3714,26680,1049,6,0
3724,26680,1051,7,0
3723,26680,1052,8,0
3732,26680,1054,9,1
