arret_id,trajet_id,heure_depart,stop_sequence,terminus
3732,23966,464,1,0
3707,23966,469,2,0
3708,23966,471,3,0
3716,23966,474,4,0
3718,23966,476,5,0
4320,23966,478,6,0
4318,23966,481,7,0
4312,23966,484,8,0
2502,23966,493,9,0
2534,23966,495,10,1
2534,23967,1033,1,0
2519,23967,1035,2,0
4318,23967,1045,3,0
4312,23967,1046,4,0
4321,23967,1049,5,0
3725,23967,1050,6,0
3729,23967,1052,7,0
3708,23967,1053,8,0
3712,23967,1054,9,0
3732,23967,1059,10,1
2534,23968,705,1,0
4318,23968,715,2,0
4312,23968,716,3,0
4321,23968,719,4,0
3725,23968,720,5,0
3729,23968,722,6,0
3708,23968,723,7,0
3712,23968,724,8,0
3732,23968,729,9,1
3732,23965,464,1,0
3707,23965,469,2,0
3708,23965,471,3,0
3716,23965,474,4,0
3718,23965,476,5,0
4320,23965,478,6,0
4318,23965,481,7,0
4312,23965,484,8,0
2502,23965,493,9,0
2534,23965,495,10,1
