arret_id,trajet_id,heure_depart,stop_sequence,terminus
1556,46,1152,2,0
1169,46,1153,3,0
1172,46,1156,4,0
1525,46,1158,5,0
1524,46,1159,6,0
1523,46,1160,7,0
1522,46,1161,8,0
2018,46,1162,9,0
2019,46,1163,10,0
2020,46,1164,11,0
2062,46,1167,12,0
2063,46,1168,13,0
2064,46,1170,14,0
2065,46,1171,15,0
2086,46,1172,16,0
2103,46,1174,17,0
4163,46,1183,18,0
4157,46,1183,19,0
4158,46,1185,20,0
4159,46,1186,21,0
4160,46,1187,22,0
4161,46,1187,23,0
4151,46,1188,24,1
4151,7064,780,1,0
4152,7064,783,2,0
4153,7064,784,3,0
4154,7064,785,4,0
4155,7064,786,5,0
4156,7064,788,6,0
4162,7064,789,7,0
1556,7064,808,8,1
1556,7065,760,2,0
1169,7065,761,3,0
1172,7065,764,4,0
1525,7065,766,5,0
1524,7065,767,6,0
1523,7065,768,7,0
1522,7065,769,8,0
2018,7065,770,9,0
2019,7065,771,10,0
2020,7065,772,11,0
2062,7065,775,12,0
2063,7065,776,13,0
2064,7065,778,14,0
2065,7065,779,15,0
2086,7065,780,16,0
2089,7065,782,17,1
1556,7032,575,2,0
1169,7032,576,3,0
1172,7032,579,4,0
1525,7032,581,5,0
1524,7032,582,6,0
1523,7032,583,7,0
1522,7032,584,8,0
2018,7032,585,9,0
2019,7032,586,10,0
2020,7032,587,11,0
2062,7032,589,12,0
2063,7032,590,13,0
2064,7032,592,14,0
2065,7032,593,15,0
2086,7032,594,16,0
2089,7032,596,17,1
4151,7006,523,1,0
4152,7006,525,2,0
4153,7006,526,3,0
4154,7006,527,4,0
4155,7006,528,5,0
4156,7006,530,6,0
4162,7006,531,7,0
2085,7006,540,8,0
2038,7006,540,9,0
2089,7006,541,10,0
2039,7006,543,11,0
2057,7006,544,12,0
2058,7006,545,13,0
2059,7006,547,14,0
2060,7006,549,15,0
2016,7006,552,16,0
2017,7006,553,17,0
1160,7006,554,18,0
1528,7006,555,19,0
1527,7006,556,20,0
1526,7006,557,21,0
1474,7006,558,22,0
1163,7006,560,23,0
1556,7006,564,24,1
2089,7017,709,1,0
2039,7017,711,2,0
2057,7017,712,3,0
2058,7017,712,4,0
2059,7017,714,5,0
2060,7017,715,6,0
2016,7017,718,7,0
2017,7017,719,8,0
1160,7017,720,9,0
1528,7017,721,10,0
1527,7017,722,11,0
1526,7017,723,12,0
1474,7017,724,13,0
1163,7017,726,14,0
1556,7017,730,15,1
1556,7104,1210,2,0
1169,7104,1211,3,0
1172,7104,1213,4,0
1525,7104,1215,5,0
1524,7104,1216,6,0
1523,7104,1217,7,0
1522,7104,1217,8,0
2018,7104,1218,9,0
2019,7104,1219,10,0
2020,7104,1220,11,0
2062,7104,1222,12,0
2063,7104,1223,13,0
2064,7104,1224,14,0
2065,7104,1225,15,0
2086,7104,1226,16,0
2103,7104,1228,17,0
4163,7104,1236,18,0
4157,7104,1237,19,0
4158,7104,1238,20,0
4159,7104,1239,21,0
4160,7104,1240,22,0
4161,7104,1240,23,0
4151,7104,1241,24,1
1556,2131,950,2,0
1169,2131,951,3,0
1172,2131,954,4,0
1525,2131,956,5,0
1524,2131,957,6,0
1523,2131,958,7,0
1522,2131,959,8,0
2018,2131,960,9,0
2019,2131,961,10,0
2020,2131,962,11,0
2062,2131,965,12,0
2063,2131,966,13,0
2064,2131,968,14,0
2065,2131,969,15,0
2086,2131,970,16,0
2103,2131,972,17,0
4163,2131,982,18,0
4157,2131,982,19,0
4158,2131,984,20,0
4159,2131,985,21,0
4160,2131,986,22,0
4161,2131,986,23,0
4151,2131,987,24,1
4151,3262,1142,1,0
4152,3262,1144,2,0
4153,3262,1144,3,0
4154,3262,1145,4,0
4155,3262,1146,5,0
4156,3262,1148,6,0
4162,3262,1149,7,0
2085,3262,1158,8,0
2038,3262,1158,9,0
2089,3262,1159,10,0
2039,3262,1161,11,0
2057,3262,1162,12,0
2058,3262,1163,13,0
2059,3262,1165,14,0
2060,3262,1166,15,0
2016,3262,1168,16,0
2017,3262,1170,17,0
1160,3262,1171,18,0
1528,3262,1172,19,0
1527,3262,1173,20,0
1526,3262,1174,21,0
1474,3262,1175,22,0
1163,3262,1177,23,0
1556,3262,1181,24,1
4151,2164,663,1,0
4152,2164,665,2,0
4153,2164,666,3,0
4154,2164,667,4,0
4155,2164,668,5,0
4156,2164,670,6,0
4162,2164,670,7,0
2085,2164,679,8,0
2038,2164,680,9,0
2089,2164,680,10,0
2039,2164,682,11,0
2057,2164,683,12,0
2058,2164,684,13,0
2059,2164,686,14,0
2060,2164,687,15,0
2016,2164,690,16,0
2017,2164,691,17,0
1160,2164,692,18,0
1528,2164,693,19,0
1527,2164,694,20,0
1526,2164,695,21,0
1474,2164,696,22,0
1163,2164,698,23,0
1556,2164,702,24,1
4151,3216,1165,1,0
4152,3216,1167,2,0
4153,3216,1167,3,0
4154,3216,1168,4,0
4155,3216,1169,5,0
4156,3216,1171,6,0
4162,3216,1171,7,0
2085,3216,1178,8,0
2038,3216,1179,9,0
2089,3216,1179,10,0
2039,3216,1181,11,0
2057,3216,1182,12,0
2058,3216,1182,13,0
2059,3216,1184,14,0
2060,3216,1185,15,0
2016,3216,1188,16,0
2017,3216,1189,17,0
1160,3216,1190,18,0
1528,3216,1191,19,0
1527,3216,1192,20,0
1526,3216,1192,21,0
1474,3216,1193,22,0
1163,3216,1195,23,0
1556,3216,1199,24,1
1556,3220,515,2,0
1169,3220,516,3,0
1172,3220,519,4,0
1525,3220,522,5,0
1524,3220,523,6,0
1523,3220,524,7,0
1522,3220,525,8,0
2018,3220,526,9,0
2019,3220,527,10,0
2020,3220,528,11,0
2062,3220,531,12,0
2063,3220,532,13,0
2064,3220,534,14,0
2065,3220,535,15,0
2086,3220,536,16,0
2104,3220,538,17,0
2106,3220,539,18,0
2103,3220,542,19,0
4163,3220,551,20,0
4157,3220,551,21,0
4158,3220,553,22,0
4159,3220,554,23,0
4160,3220,555,24,0
4161,3220,555,25,0
4151,3220,556,26,1
1556,2187,526,2,0
1169,2187,527,3,0
1172,2187,530,4,0
1525,2187,532,5,0
1524,2187,533,6,0
1523,2187,534,7,0
1522,2187,535,8,0
2018,2187,536,9,0
2019,2187,537,10,0
2020,2187,538,11,0
2062,2187,540,12,0
2063,2187,541,13,0
2064,2187,542,14,0
2065,2187,543,15,0
2086,2187,544,16,0
2089,2187,546,17,1
1556,2193,435,2,0
1169,2193,436,3,0
1172,2193,439,4,0
1525,2193,442,5,0
1524,2193,443,6,0
1523,2193,444,7,0
1522,2193,445,8,0
2018,2193,446,9,0
2019,2193,447,10,0
2020,2193,448,11,0
2062,2193,450,12,0
2063,2193,451,13,0
2064,2193,452,14,0
2065,2193,453,15,0
2086,2193,454,16,0
2104,2193,456,17,0
2106,2193,457,18,0
2103,2193,460,19,0
4163,2193,469,20,0
4157,2193,469,21,0
4158,2193,471,22,0
4159,2193,472,23,0
4160,2193,473,24,0
4161,2193,473,25,0
4151,2193,474,26,1
1556,3385,465,2,0
1169,3385,466,3,0
1172,3385,468,4,0
1525,3385,470,5,0
1524,3385,471,6,0
1523,3385,472,7,0
1522,3385,473,8,0
2018,3385,474,9,0
2019,3385,475,10,0
2020,3385,476,11,0
2062,3385,478,12,0
2063,3385,479,13,0
2064,3385,480,14,0
2065,3385,481,15,0
2086,3385,482,16,0
2103,3385,484,17,0
4163,3385,493,18,0
4157,3385,493,19,0
4158,3385,495,20,0
4159,3385,496,21,0
4160,3385,497,22,0
4161,3385,497,23,0
4151,3385,498,24,1
1556,3391,840,2,0
4163,3391,860,3,0
4157,3391,860,4,0
4158,3391,862,5,0
4159,3391,863,6,0
4160,3391,865,7,0
4161,3391,866,8,0
4151,3391,868,9,1
1556,2297,1150,2,0
1169,2297,1151,3,0
1172,2297,1154,4,0
1525,2297,1156,5,0
1524,2297,1157,6,0
1523,2297,1158,7,0
1522,2297,1159,8,0
2018,2297,1160,9,0
2019,2297,1161,10,0
2020,2297,1162,11,0
2062,2297,1164,12,0
2063,2297,1165,13,0
2064,2297,1167,14,0
2065,2297,1168,15,0
2086,2297,1169,16,0
2103,2297,1171,17,0
4163,2297,1180,18,0
4157,2297,1180,19,0
4158,2297,1182,20,0
4159,2297,1183,21,0
4160,2297,1184,22,0
4161,2297,1185,23,0
4151,2297,1186,24,1
2089,3349,940,1,0
2039,3349,942,2,0
2057,3349,943,3,0
2058,3349,943,4,0
2059,3349,945,5,0
2060,3349,946,6,0
2016,3349,949,7,0
2017,3349,950,8,0
1160,3349,951,9,0
1528,3349,952,10,0
1527,3349,953,11,0
1526,3349,954,12,0
1474,3349,955,13,0
1163,3349,957,14,0
1556,3349,961,15,1
4151,3313,758,1,0
4152,3313,760,2,0
4153,3313,761,3,0
4154,3313,762,4,0
4155,3313,763,5,0
4156,3313,765,6,0
4162,3313,765,7,0
2085,3313,774,8,0
2038,3313,775,9,0
2089,3313,775,10,0
2039,3313,777,11,0
2057,3313,778,12,0
2058,3313,779,13,0
2059,3313,781,14,0
2060,3313,782,15,0
2016,3313,785,16,0
2017,3313,786,17,0
1160,3313,787,18,0
1528,3313,788,19,0
1527,3313,789,20,0
1526,3313,790,21,0
1474,3313,791,22,0
1163,3313,794,23,0
1556,3313,798,24,1
4151,2008,898,1,0
4152,2008,900,2,0
4153,2008,901,3,0
4154,2008,902,4,0
4155,2008,903,5,0
4156,2008,905,6,0
4162,2008,905,7,0
2085,2008,914,8,0
2038,2008,915,9,0
2089,2008,915,10,0
2039,2008,917,11,0
2057,2008,918,12,0
2058,2008,919,13,0
2059,2008,921,14,0
2060,2008,922,15,0
2016,2008,925,16,0
2017,2008,926,17,0
1160,2008,927,18,0
1528,2008,928,19,0
1527,2008,929,20,0
1526,2008,930,21,0
1474,2008,931,22,0
1163,2008,934,23,0
1556,2008,938,24,1
4151,2009,1040,1,0
4152,2009,1042,2,0
4153,2009,1043,3,0
4154,2009,1044,4,0
4155,2009,1045,5,0
4156,2009,1047,6,0
4162,2009,1048,7,0
2085,2009,1057,8,0
2038,2009,1057,9,0
2089,2009,1058,10,0
2039,2009,1060,11,0
2057,2009,1061,12,0
2058,2009,1062,13,0
2059,2009,1064,14,0
2060,2009,1065,15,0
2016,2009,1068,16,0
2017,2009,1070,17,0
1160,2009,1071,18,0
1528,2009,1073,19,0
1527,2009,1074,20,0
1526,2009,1075,21,0
1474,2009,1076,22,0
1163,2009,1079,23,0
1556,2009,1083,24,1
1556,3538,575,2,0
1169,3538,576,3,0
1172,3538,579,4,0
1525,3538,581,5,0
1524,3538,582,6,0
1523,3538,583,7,0
1522,3538,584,8,0
2018,3538,585,9,0
2019,3538,586,10,0
2020,3538,587,11,0
2062,3538,590,12,0
2063,3538,591,13,0
2064,3538,593,14,0
2065,3538,594,15,0
2086,3538,595,16,0
2089,3538,597,17,1
4151,2089,843,1,0
4152,2089,845,2,0
4153,2089,846,3,0
4154,2089,847,4,0
4155,2089,848,5,0
4156,2089,850,6,0
4162,2089,850,7,0
2085,2089,858,8,0
2038,2089,859,9,0
2089,2089,859,10,0
2039,2089,861,11,0
2057,2089,862,12,0
2058,2089,862,13,0
2059,2089,864,14,0
2060,2089,865,15,0
2016,2089,868,16,0
2017,2089,869,17,0
1160,2089,870,18,0
1528,2089,871,19,0
1527,2089,872,20,0
1526,2089,873,21,0
1474,2089,874,22,0
1163,2089,876,23,0
1556,2089,880,24,1
2089,3525,996,1,0
2039,3525,998,2,0
2057,3525,999,3,0
2058,3525,1000,4,0
2059,3525,1002,5,0
2060,3525,1003,6,0
2016,3525,1006,7,0
2017,3525,1008,8,0
1160,3525,1009,9,0
1528,3525,1010,10,0
1527,3525,1011,11,0
1526,3525,1012,12,0
1474,3525,1013,13,0
1163,3525,1016,14,0
1556,3525,1020,15,1
1556,3782,740,2,0
1169,3782,741,3,0
1172,3782,744,4,0
1525,3782,746,5,0
1524,3782,747,6,0
1523,3782,748,7,0
1522,3782,749,8,0
2018,3782,750,9,0
2019,3782,751,10,0
2020,3782,752,11,0
2062,3782,754,12,0
2063,3782,755,13,0
2064,3782,757,14,0
2065,3782,758,15,0
2086,3782,759,16,0
2103,3782,761,17,0
4163,3782,770,18,0
4157,3782,770,19,0
4158,3782,772,20,0
4159,3782,773,21,0
4160,3782,774,22,0
4161,3782,775,23,0
4151,3782,776,24,1
4151,3853,395,1,0
4152,3853,397,2,0
4153,3853,398,3,0
4154,3853,399,4,0
4155,3853,400,5,0
4156,3853,402,6,0
4162,3853,403,7,0
2085,3853,411,8,0
2038,3853,412,9,0
2039,3853,413,10,0
2057,3853,414,11,0
2058,3853,414,12,0
2059,3853,416,13,0
2060,3853,417,14,0
2016,3853,420,15,0
2017,3853,421,16,0
1160,3853,422,17,0
1528,3853,423,18,0
1527,3853,424,19,0
1526,3853,425,20,0
1474,3853,426,21,0
1163,3853,428,22,0
1556,3853,432,23,1
1556,3841,1240,2,0
1169,3841,1241,3,0
1172,3841,1243,4,0
1525,3841,1245,5,0
1524,3841,1246,6,0
1523,3841,1247,7,0
1522,3841,1247,8,0
2018,3841,1248,9,0
2019,3841,1249,10,0
2020,3841,1250,11,0
2062,3841,1252,12,0
2063,3841,1253,13,0
2064,3841,1254,14,0
2065,3841,1255,15,0
2086,3841,1256,16,0
2103,3841,1258,17,0
4163,3841,1266,18,0
4157,3841,1267,19,0
4158,3841,1268,20,0
4159,3841,1269,21,0
4160,3841,1270,22,0
4161,3841,1270,23,0
4151,3841,1271,24,1
4151,3824,609,1,0
4152,3824,611,2,0
4153,3824,612,3,0
4154,3824,613,4,0
4155,3824,614,5,0
4156,3824,616,6,0
4162,3824,616,7,0
2085,3824,624,8,0
2038,3824,625,9,0
2089,3824,625,10,0
2039,3824,627,11,0
2057,3824,628,12,0
2058,3824,628,13,0
2059,3824,630,14,0
2060,3824,631,15,0
2016,3824,634,16,0
2017,3824,635,17,0
1160,3824,636,18,0
1528,3824,637,19,0
1527,3824,638,20,0
1526,3824,639,21,0
1474,3824,640,22,0
1163,3824,642,23,0
1556,3824,646,24,1
1556,3810,760,2,0
1169,3810,761,3,0
1172,3810,764,4,0
1525,3810,766,5,0
1524,3810,767,6,0
1523,3810,768,7,0
1522,3810,769,8,0
2018,3810,770,9,0
2019,3810,771,10,0
2020,3810,772,11,0
2062,3810,774,12,0
2063,3810,775,13,0
2064,3810,777,14,0
2065,3810,778,15,0
2086,3810,779,16,0
2089,3810,781,17,1
1556,4981,975,2,0
1169,4981,976,3,0
1172,4981,979,4,0
1525,4981,981,5,0
1524,4981,982,6,0
1523,4981,983,7,0
1522,4981,984,8,0
2018,4981,985,9,0
2019,4981,986,10,0
2020,4981,987,11,0
2062,4981,990,12,0
2063,4981,991,13,0
2064,4981,993,14,0
2065,4981,994,15,0
2086,4981,995,16,0
2103,4981,997,17,0
4163,4981,1007,18,0
4157,4981,1007,19,0
4158,4981,1009,20,0
4159,4981,1010,21,0
4160,4981,1011,22,0
4161,4981,1011,23,0
4151,4981,1012,24,1
4151,3005,985,1,0
4152,3005,987,2,0
4153,3005,988,3,0
4154,3005,989,4,0
4155,3005,990,5,0
4156,3005,992,6,0
4162,3005,992,7,0
2085,3005,1000,8,0
2038,3005,1001,9,0
2089,3005,1001,10,0
2039,3005,1003,11,0
2057,3005,1004,12,0
2058,3005,1004,13,0
2059,3005,1006,14,0
2060,3005,1007,15,0
2016,3005,1010,16,0
2017,3005,1011,17,0
1160,3005,1012,18,0
1528,3005,1013,19,0
1527,3005,1014,20,0
1526,3005,1015,21,0
1474,3005,1016,22,0
1163,3005,1018,23,0
1556,3005,1022,24,1
1556,3054,605,2,0
1169,3054,606,3,0
1172,3054,609,4,0
1525,3054,611,5,0
1524,3054,612,6,0
1523,3054,613,7,0
1522,3054,614,8,0
2018,3054,615,9,0
2019,3054,616,10,0
2020,3054,617,11,0
2062,3054,620,12,0
2063,3054,621,13,0
2064,3054,623,14,0
2065,3054,624,15,0
2086,3054,625,16,0
2103,3054,627,17,0
4163,3054,637,18,0
4157,3054,637,19,0
4158,3054,639,20,0
4159,3054,640,21,0
4160,3054,641,22,0
4161,3054,641,23,0
4151,3054,642,24,1
2089,3044,654,1,0
2039,3044,656,2,0
2057,3044,657,3,0
2058,3044,657,4,0
2059,3044,659,5,0
2060,3044,660,6,0
2016,3044,663,7,0
2017,3044,664,8,0
1160,3044,665,9,0
1528,3044,666,10,0
1527,3044,667,11,0
1526,3044,668,12,0
1474,3044,669,13,0
1163,3044,671,14,0
1556,3044,675,15,1
1556,3952,1240,2,0
1169,3952,1241,3,0
1172,3952,1243,4,0
1525,3952,1245,5,0
1524,3952,1246,6,0
1523,3952,1247,7,0
1522,3952,1248,8,0
2018,3952,1249,9,0
2019,3952,1250,10,0
2020,3952,1251,11,0
2062,3952,1254,12,0
2063,3952,1255,13,0
2064,3952,1256,14,0
2065,3952,1257,15,0
2086,3952,1258,16,0
2103,3952,1260,17,0
4163,3952,1269,18,0
4157,3952,1269,19,0
4158,3952,1271,20,0
4159,3952,1272,21,0
4160,3952,1273,22,0
4161,3952,1273,23,0
4151,3952,1274,24,1
1556,3980,555,2,0
1169,3980,556,3,0
1172,3980,559,4,0
1525,3980,561,5,0
1524,3980,562,6,0
1523,3980,563,7,0
1522,3980,564,8,0
2018,3980,565,9,0
2019,3980,566,10,0
2020,3980,567,11,0
2062,3980,570,12,0
2063,3980,571,13,0
2064,3980,573,14,0
2065,3980,574,15,0
2086,3980,575,16,0
2103,3980,577,17,0
4163,3980,587,18,0
4157,3980,587,19,0
4158,3980,589,20,0
4159,3980,590,21,0
4160,3980,591,22,0
4161,3980,591,23,0
4151,3980,592,24,1
4151,3154,664,1,0
4152,3154,666,2,0
4153,3154,667,3,0
4154,3154,668,4,0
4155,3154,669,5,0
4156,3154,671,6,0
4162,3154,671,7,0
2085,3154,679,8,0
2038,3154,680,9,0
2089,3154,680,10,0
2039,3154,682,11,0
2057,3154,683,12,0
2058,3154,683,13,0
2059,3154,685,14,0
2060,3154,686,15,0
2016,3154,689,16,0
2017,3154,690,17,0
1160,3154,691,18,0
1528,3154,692,19,0
1527,3154,693,20,0
1526,3154,694,21,0
1474,3154,695,22,0
1163,3154,697,23,0
1556,3154,701,24,1
1556,3126,400,2,0
1169,3126,401,3,0
1172,3126,403,4,0
1525,3126,405,5,0
1524,3126,406,6,0
1523,3126,407,7,0
1522,3126,407,8,0
2018,3126,408,9,0
2019,3126,409,10,0
2020,3126,410,11,0
2062,3126,412,12,0
2063,3126,413,13,0
2064,3126,414,14,0
2065,3126,415,15,0
2086,3126,416,16,0
2103,3126,418,17,0
4163,3126,427,18,0
4157,3126,427,19,0
4158,3126,429,20,0
4159,3126,430,21,0
4160,3126,431,22,0
4161,3126,431,23,0
4151,3126,432,24,1
1556,3185,970,2,0
1169,3185,971,3,0
1172,3185,974,4,0
1525,3185,976,5,0
1524,3185,977,6,0
1523,3185,978,7,0
1522,3185,979,8,0
2018,3185,980,9,0
2019,3185,981,10,0
2020,3185,982,11,0
2062,3185,984,12,0
2063,3185,985,13,0
2064,3185,987,14,0
2065,3185,988,15,0
2086,3185,989,16,0
2103,3185,991,17,0
4163,3185,1000,18,0
4157,3185,1000,19,0
4158,3185,1002,20,0
4159,3185,1003,21,0
4160,3185,1004,22,0
4161,3185,1005,23,0
4151,3185,1006,24,1
4151,6873,563,1,0
4152,6873,565,2,0
4153,6873,566,3,0
4154,6873,567,4,0
4155,6873,568,5,0
4156,6873,570,6,0
4162,6873,570,7,0
2085,6873,579,8,0
2038,6873,580,9,0
2089,6873,580,10,0
2039,6873,582,11,0
2057,6873,583,12,0
2058,6873,584,13,0
2059,6873,586,14,0
2060,6873,587,15,0
2016,6873,590,16,0
2017,6873,591,17,0
1160,6873,592,18,0
1528,6873,593,19,0
1527,6873,594,20,0
1526,6873,595,21,0
1474,6873,596,22,0
1163,6873,598,23,0
1556,6873,602,24,1
4151,1821,543,1,0
4152,1821,545,2,0
4153,1821,546,3,0
4154,1821,547,4,0
4155,1821,548,5,0
4156,1821,550,6,0
4162,1821,550,7,0
2085,1821,559,8,0
2038,1821,560,9,0
2089,1821,560,10,0
2039,1821,562,11,0
2057,1821,563,12,0
2058,1821,564,13,0
2059,1821,566,14,0
2060,1821,567,15,0
2016,1821,570,16,0
2017,1821,571,17,0
1160,1821,572,18,0
1528,1821,573,19,0
1527,1821,574,20,0
1526,1821,575,21,0
1474,1821,576,22,0
1163,1821,578,23,0
1556,1821,582,24,1
2089,6885,755,1,0
2039,6885,757,2,0
2057,6885,758,3,0
2058,6885,758,4,0
2059,6885,760,5,0
2060,6885,761,6,0
2016,6885,764,7,0
2017,6885,765,8,0
1160,6885,766,9,0
1528,6885,767,10,0
1527,6885,768,11,0
1526,6885,769,12,0
1474,6885,770,13,0
1163,6885,772,14,0
1556,6885,776,15,1
1556,2981,860,2,0
1169,2981,861,3,0
1172,2981,864,4,0
1525,2981,866,5,0
1524,2981,867,6,0
1523,2981,868,7,0
1522,2981,869,8,0
2018,2981,870,9,0
2019,2981,871,10,0
2020,2981,872,11,0
2062,2981,875,12,0
2063,2981,876,13,0
2064,2981,878,14,0
2065,2981,879,15,0
2086,2981,880,16,0
2089,2981,882,17,1
2089,6807,600,1,0
2039,6807,602,2,0
2057,6807,603,3,0
2058,6807,604,4,0
2059,6807,606,5,0
2060,6807,607,6,0
2016,6807,610,7,0
2017,6807,611,8,0
1160,6807,612,9,0
1528,6807,613,10,0
1527,6807,614,11,0
1526,6807,615,12,0
1474,6807,616,13,0
1163,6807,618,14,0
1556,6807,622,15,1
4151,2854,1020,1,0
4152,2854,1022,2,0
4153,2854,1023,3,0
4154,2854,1024,4,0
4155,2854,1025,5,0
4156,2854,1027,6,0
4162,2854,1028,7,0
2085,2854,1037,8,0
2038,2854,1037,9,0
2089,2854,1038,10,0
2039,2854,1040,11,0
2057,2854,1041,12,0
2058,2854,1042,13,0
2059,2854,1044,14,0
2060,2854,1045,15,0
2016,2854,1048,16,0
2017,2854,1050,17,0
1160,2854,1051,18,0
1528,2854,1053,19,0
1527,2854,1054,20,0
1526,2854,1055,21,0
1474,2854,1056,22,0
1163,2854,1059,23,0
1556,2854,1063,24,1
1556,6783,1120,2,0
1169,6783,1121,3,0
1172,6783,1124,4,0
1525,6783,1126,5,0
1524,6783,1127,6,0
1523,6783,1128,7,0
1522,6783,1129,8,0
2018,6783,1130,9,0
2019,6783,1131,10,0
2020,6783,1132,11,0
2062,6783,1134,12,0
2063,6783,1135,13,0
2064,6783,1137,14,0
2065,6783,1138,15,0
2086,6783,1139,16,0
2103,6783,1141,17,0
4163,6783,1150,18,0
4157,6783,1150,19,0
4158,6783,1152,20,0
4159,6783,1153,21,0
4160,6783,1154,22,0
4161,6783,1155,23,0
4151,6783,1156,24,1
4151,401,960,1,0
4152,401,962,2,0
4153,401,963,3,0
4154,401,964,4,0
4155,401,965,5,0
4156,401,967,6,0
4162,401,968,7,0
2085,401,977,8,0
2038,401,977,9,0
2089,401,978,10,0
2039,401,980,11,0
2057,401,981,12,0
2058,401,982,13,0
2059,401,984,14,0
2060,401,985,15,0
2016,401,988,16,0
2017,401,990,17,0
1160,401,991,18,0
1528,401,992,19,0
1527,401,993,20,0
1526,401,994,21,0
1474,401,995,22,0
1163,401,998,23,0
1556,401,1002,24,1
1556,1703,630,2,0
1169,1703,631,3,0
1172,1703,634,4,0
1525,1703,636,5,0
1524,1703,637,6,0
1523,1703,638,7,0
1522,1703,639,8,0
2018,1703,640,9,0
2019,1703,641,10,0
2020,1703,642,11,0
2062,1703,644,12,0
2063,1703,645,13,0
2064,1703,647,14,0
2065,1703,648,15,0
2086,1703,649,16,0
2089,1703,651,17,1
4151,2862,1195,1,0
4152,2862,1197,2,0
4153,2862,1197,3,0
4154,2862,1198,4,0
4155,2862,1199,5,0
4156,2862,1201,6,0
4162,2862,1201,7,0
2085,2862,1208,8,0
2038,2862,1209,9,0
2089,2862,1209,10,0
2039,2862,1211,11,0
2057,2862,1212,12,0
2058,2862,1212,13,0
2059,2862,1214,14,0
2060,2862,1215,15,0
2016,2862,1218,16,0
2017,2862,1219,17,0
1160,2862,1220,18,0
1528,2862,1221,19,0
1527,2862,1222,20,0
1526,2862,1222,21,0
1474,2862,1223,22,0
1163,2862,1225,23,0
1556,2862,1229,24,1
2089,2861,945,1,0
2039,2861,947,2,0
2057,2861,948,3,0
2058,2861,949,4,0
2059,2861,951,5,0
2060,2861,952,6,0
2016,2861,955,7,0
2017,2861,956,8,0
1160,2861,957,9,0
1528,2861,958,10,0
1527,2861,959,11,0
1526,2861,960,12,0
1474,2861,961,13,0
1163,2861,964,14,0
1556,2861,968,15,1
4151,2814,1135,1,0
4152,2814,1137,2,0
4153,2814,1137,3,0
4154,2814,1138,4,0
4155,2814,1139,5,0
4156,2814,1141,6,0
4162,2814,1141,7,0
2085,2814,1148,8,0
2038,2814,1149,9,0
2089,2814,1149,10,0
2039,2814,1151,11,0
2057,2814,1152,12,0
2058,2814,1152,13,0
2059,2814,1154,14,0
2060,2814,1155,15,0
2016,2814,1158,16,0
2017,2814,1159,17,0
1160,2814,1160,18,0
1528,2814,1161,19,0
1527,2814,1162,20,0
1526,2814,1162,21,0
1474,2814,1163,22,0
1163,2814,1165,23,0
1556,2814,1169,24,1
1556,6738,750,2,0
4163,6738,770,3,0
4157,6738,770,4,0
4158,6738,772,5,0
4159,6738,773,6,0
4160,6738,775,7,0
4161,6738,776,8,0
4151,6738,778,9,1
1556,6742,1180,2,0
1169,6742,1181,3,0
1172,6742,1183,4,0
1525,6742,1185,5,0
1524,6742,1186,6,0
1523,6742,1187,7,0
1522,6742,1188,8,0
2018,6742,1189,9,0
2019,6742,1190,10,0
2020,6742,1191,11,0
2062,6742,1193,12,0
2063,6742,1194,13,0
2064,6742,1196,14,0
2065,6742,1197,15,0
2086,6742,1198,16,0
2103,6742,1200,17,0
4163,6742,1209,18,0
4157,6742,1209,19,0
4158,6742,1211,20,0
4159,6742,1212,21,0
4160,6742,1213,22,0
4161,6742,1213,23,0
4151,6742,1214,24,1
1556,1601,660,2,0
1169,1601,661,3,0
1172,1601,664,4,0
1525,1601,666,5,0
1524,1601,667,6,0
1523,1601,668,7,0
1522,1601,669,8,0
2018,1601,670,9,0
2019,1601,671,10,0
2020,1601,672,11,0
2062,1601,675,12,0
2063,1601,676,13,0
2064,1601,678,14,0
2065,1601,679,15,0
2086,1601,680,16,0
2103,1601,682,17,0
4163,1601,692,18,0
4157,1601,692,19,0
4158,1601,694,20,0
4159,1601,695,21,0
4160,1601,696,22,0
4161,1601,696,23,0
4151,1601,697,24,1
4151,4877,445,1,0
4152,4877,447,2,0
4153,4877,448,3,0
4154,4877,449,4,0
4155,4877,450,5,0
4156,4877,452,6,0
4162,4877,453,7,0
2085,4877,461,8,0
2038,4877,462,9,0
2039,4877,463,10,0
2057,4877,464,11,0
2058,4877,465,12,0
2059,4877,467,13,0
2060,4877,469,14,0
2016,4877,472,15,0
2017,4877,474,16,0
1160,4877,475,17,0
1528,4877,477,18,0
1527,4877,478,19,0
1526,4877,479,20,0
1474,4877,480,21,0
1163,4877,483,22,0
1556,4877,487,23,1
4151,4866,1015,1,0
4152,4866,1017,2,0
4153,4866,1018,3,0
4154,4866,1019,4,0
4155,4866,1020,5,0
4156,4866,1022,6,0
4162,4866,1022,7,0
2085,4866,1030,8,0
2038,4866,1031,9,0
2089,4866,1031,10,0
2039,4866,1033,11,0
2057,4866,1034,12,0
2058,4866,1034,13,0
2059,4866,1036,14,0
2060,4866,1037,15,0
2016,4866,1040,16,0
2017,4866,1041,17,0
1160,4866,1042,18,0
1528,4866,1043,19,0
1527,4866,1044,20,0
1526,4866,1045,21,0
1474,4866,1046,22,0
1163,4866,1048,23,0
1556,4866,1052,24,1
1556,4869,890,2,0
1169,4869,891,3,0
1172,4869,894,4,0
1525,4869,896,5,0
1524,4869,897,6,0
1523,4869,898,7,0
1522,4869,899,8,0
2018,4869,900,9,0
2019,4869,901,10,0
2020,4869,902,11,0
2062,4869,904,12,0
2063,4869,905,13,0
2064,4869,907,14,0
2065,4869,908,15,0
2086,4869,909,16,0
2103,4869,911,17,0
4163,4869,920,18,0
4157,4869,920,19,0
4158,4869,922,20,0
4159,4869,923,21,0
4160,4869,924,22,0
4161,4869,925,23,0
4151,4869,926,24,1
4151,399,1082,1,0
4152,399,1084,2,0
4153,399,1085,3,0
4154,399,1086,4,0
4155,399,1087,5,0
4156,399,1089,6,0
4162,399,1090,7,0
2085,399,1099,8,0
2038,399,1099,9,0
2089,399,1100,10,0
2039,399,1102,11,0
2057,399,1103,12,0
2058,399,1104,13,0
2059,399,1106,14,0
2060,399,1107,15,0
2016,399,1110,16,0
2017,399,1112,17,0
1160,399,1113,18,0
1528,399,1115,19,0
1527,399,1116,20,0
1526,399,1117,21,0
1474,399,1118,22,0
1163,399,1121,23,0
1556,399,1125,24,1
4151,370,1102,1,0
4152,370,1104,2,0
4153,370,1105,3,0
4154,370,1106,4,0
4155,370,1107,5,0
4156,370,1109,6,0
4162,370,1110,7,0
2085,370,1119,8,0
2038,370,1119,9,0
2089,370,1120,10,0
2039,370,1122,11,0
2057,370,1123,12,0
2058,370,1124,13,0
2059,370,1126,14,0
2060,370,1127,15,0
2016,370,1130,16,0
2017,370,1132,17,0
1160,370,1133,18,0
1528,370,1135,19,0
1527,370,1136,20,0
1526,370,1137,21,0
1474,370,1138,22,0
1163,370,1141,23,0
1556,370,1145,24,1
4151,5915,713,1,0
4152,5915,715,2,0
4153,5915,716,3,0
4154,5915,717,4,0
4155,5915,718,5,0
4156,5915,720,6,0
4162,5915,720,7,0
2085,5915,729,8,0
2038,5915,730,9,0
2089,5915,730,10,0
2039,5915,732,11,0
2057,5915,733,12,0
2058,5915,734,13,0
2059,5915,736,14,0
2060,5915,737,15,0
2016,5915,740,16,0
2017,5915,741,17,0
1160,5915,742,18,0
1528,5915,743,19,0
1527,5915,744,20,0
1526,5915,745,21,0
1474,5915,746,22,0
1163,5915,749,23,0
1556,5915,753,24,1
4151,5904,1080,1,0
4152,5904,1083,2,0
4153,5904,1084,3,0
4154,5904,1085,4,0
4155,5904,1086,5,0
4156,5904,1088,6,0
4162,5904,1089,7,0
1556,5904,1108,8,1
4151,5900,895,1,0
4152,5900,897,2,0
4153,5900,898,3,0
4154,5900,899,4,0
4155,5900,900,5,0
4156,5900,902,6,0
4162,5900,902,7,0
2085,5900,910,8,0
2038,5900,911,9,0
2089,5900,911,10,0
2039,5900,913,11,0
2057,5900,914,12,0
2058,5900,914,13,0
2059,5900,916,14,0
2060,5900,917,15,0
2016,5900,920,16,0
2017,5900,921,17,0
1160,5900,922,18,0
1528,5900,923,19,0
1527,5900,924,20,0
1526,5900,925,21,0
1474,5900,926,22,0
1163,5900,928,23,0
1556,5900,932,24,1
1556,6983,685,2,0
1169,6983,686,3,0
1172,6983,689,4,0
1525,6983,691,5,0
1524,6983,692,6,0
1523,6983,693,7,0
1522,6983,694,8,0
2018,6983,695,9,0
2019,6983,696,10,0
2020,6983,697,11,0
2062,6983,699,12,0
2063,6983,700,13,0
2064,6983,702,14,0
2065,6983,703,15,0
2086,6983,704,16,0
2089,6983,706,17,1
4151,4835,788,1,0
4152,4835,790,2,0
4153,4835,791,3,0
4154,4835,792,4,0
4155,4835,793,5,0
4156,4835,795,6,0
4162,4835,795,7,0
2085,4835,804,8,0
2038,4835,805,9,0
2089,4835,805,10,0
2039,4835,807,11,0
2057,4835,808,12,0
2058,4835,809,13,0
2059,4835,811,14,0
2060,4835,812,15,0
2016,4835,815,16,0
2017,4835,816,17,0
1160,4835,817,18,0
1528,4835,818,19,0
1527,4835,819,20,0
1526,4835,820,21,0
1474,4835,821,22,0
1163,4835,824,23,0
1556,4835,828,24,1
4151,4832,560,1,0
4152,4832,562,2,0
4153,4832,563,3,0
4154,4832,564,4,0
4155,4832,565,5,0
4156,4832,567,6,0
4162,4832,567,7,0
2085,4832,575,8,0
2038,4832,576,9,0
2089,4832,576,10,0
2039,4832,578,11,0
2057,4832,579,12,0
2058,4832,579,13,0
2059,4832,581,14,0
2060,4832,582,15,0
2016,4832,585,16,0
2017,4832,586,17,0
1160,4832,587,18,0
1528,4832,588,19,0
1527,4832,589,20,0
1526,4832,590,21,0
1474,4832,591,22,0
1163,4832,593,23,0
1556,4832,596,24,1
1556,1519,1060,2,0
1169,1519,1061,3,0
1172,1519,1064,4,0
1525,1519,1066,5,0
1524,1519,1067,6,0
1523,1519,1068,7,0
1522,1519,1069,8,0
2018,1519,1070,9,0
2019,1519,1071,10,0
2020,1519,1072,11,0
2062,1519,1074,12,0
2063,1519,1075,13,0
2064,1519,1077,14,0
2065,1519,1078,15,0
2086,1519,1079,16,0
2103,1519,1081,17,0
4163,1519,1090,18,0
4157,1519,1090,19,0
4158,1519,1092,20,0
4159,1519,1093,21,0
4160,1519,1094,22,0
4161,1519,1095,23,0
4151,1519,1096,24,1
4151,6941,714,1,0
4152,6941,716,2,0
4153,6941,717,3,0
4154,6941,718,4,0
4155,6941,719,5,0
4156,6941,721,6,0
4162,6941,721,7,0
2085,6941,729,8,0
2038,6941,730,9,0
2089,6941,730,10,0
2039,6941,732,11,0
2057,6941,733,12,0
2058,6941,733,13,0
2059,6941,735,14,0
2060,6941,736,15,0
2016,6941,739,16,0
2017,6941,740,17,0
1160,6941,741,18,0
1528,6941,742,19,0
1527,6941,743,20,0
1526,6941,744,21,0
1474,6941,745,22,0
1163,6941,747,23,0
1556,6941,751,24,1
4151,4812,510,1,0
4152,4812,512,2,0
4153,4812,512,3,0
4154,4812,513,4,0
4155,4812,514,5,0
4156,4812,516,6,0
4162,4812,516,7,0
2085,4812,523,8,0
2038,4812,524,9,0
2089,4812,524,10,0
2039,4812,526,11,0
2057,4812,527,12,0
2058,4812,527,13,0
2059,4812,529,14,0
2060,4812,530,15,0
2016,4812,533,16,0
2017,4812,534,17,0
1160,4812,535,18,0
1528,4812,536,19,0
1527,4812,537,20,0
1526,4812,538,21,0
1474,4812,539,22,0
1163,4812,541,23,0
1556,4812,544,24,1
4151,1463,1000,1,0
4152,1463,1002,2,0
4153,1463,1003,3,0
4154,1463,1004,4,0
4155,1463,1005,5,0
4156,1463,1007,6,0
4162,1463,1008,7,0
2085,1463,1017,8,0
2038,1463,1017,9,0
2089,1463,1018,10,0
2039,1463,1020,11,0
2057,1463,1021,12,0
2058,1463,1022,13,0
2059,1463,1024,14,0
2060,1463,1025,15,0
2016,1463,1028,16,0
2017,1463,1030,17,0
1160,1463,1031,18,0
1528,1463,1032,19,0
1527,1463,1033,20,0
1526,1463,1034,21,0
1474,1463,1035,22,0
1163,1463,1038,23,0
1556,1463,1042,24,1
1556,4741,555,2,0
1169,4741,556,3,0
1172,4741,559,4,0
1525,4741,561,5,0
1524,4741,562,6,0
1523,4741,563,7,0
1522,4741,564,8,0
2018,4741,565,9,0
2019,4741,566,10,0
2020,4741,567,11,0
2062,4741,569,12,0
2063,4741,570,13,0
2064,4741,572,14,0
2065,4741,573,15,0
2086,4741,574,16,0
2103,4741,576,17,0
4163,4741,585,18,0
4157,4741,585,19,0
4158,4741,587,20,0
4159,4741,588,21,0
4160,4741,589,22,0
4161,4741,589,23,0
4151,4741,590,24,1
1556,5842,1050,2,0
4163,5842,1070,3,0
4157,5842,1070,4,0
4158,5842,1072,5,0
4159,5842,1073,6,0
4160,5842,1075,7,0
4161,5842,1076,8,0
4151,5842,1078,9,1
1556,5825,1132,2,0
1169,5825,1133,3,0
1172,5825,1136,4,0
1525,5825,1138,5,0
1524,5825,1139,6,0
1523,5825,1140,7,0
1522,5825,1141,8,0
2018,5825,1142,9,0
2019,5825,1143,10,0
2020,5825,1144,11,0
2062,5825,1147,12,0
2063,5825,1148,13,0
2064,5825,1150,14,0
2065,5825,1151,15,0
2086,5825,1152,16,0
2103,5825,1154,17,0
4163,5825,1163,18,0
4157,5825,1163,19,0
4158,5825,1165,20,0
4159,5825,1166,21,0
4160,5825,1167,22,0
4161,5825,1168,23,0
4151,5825,1169,24,1
2089,269,655,1,0
2039,269,657,2,0
2057,269,658,3,0
2058,269,659,4,0
2059,269,661,5,0
2060,269,662,6,0
2016,269,665,7,0
2017,269,666,8,0
1160,269,667,9,0
1528,269,668,10,0
1527,269,669,11,0
1526,269,670,12,0
1474,269,671,13,0
1163,269,673,14,0
1556,269,677,15,1
4151,948,630,1,0
4152,948,633,2,0
4153,948,634,3,0
4154,948,635,4,0
4155,948,636,5,0
4156,948,638,6,0
4162,948,639,7,0
1556,948,658,8,1
4151,1422,838,1,0
4152,1422,840,2,0
4153,1422,841,3,0
4154,1422,842,4,0
4155,1422,843,5,0
4156,1422,845,6,0
4162,1422,845,7,0
2085,1422,854,8,0
2038,1422,855,9,0
2089,1422,855,10,0
2039,1422,857,11,0
2057,1422,858,12,0
2058,1422,859,13,0
2059,1422,862,14,0
2060,1422,864,15,0
2016,1422,867,16,0
2017,1422,868,17,0
1160,1422,869,18,0
1528,1422,870,19,0
1527,1422,871,20,0
1526,1422,872,21,0
1474,1422,873,22,0
1163,1422,876,23,0
1556,1422,880,24,1
1556,1403,1180,2,0
1169,1403,1181,3,0
1172,1403,1183,4,0
1525,1403,1185,5,0
1524,1403,1186,6,0
1523,1403,1187,7,0
1522,1403,1188,8,0
2018,1403,1189,9,0
2019,1403,1190,10,0
2020,1403,1191,11,0
2062,1403,1194,12,0
2063,1403,1195,13,0
2064,1403,1197,14,0
2065,1403,1198,15,0
2086,1403,1199,16,0
2103,1403,1201,17,0
4163,1403,1210,18,0
4157,1403,1210,19,0
4158,1403,1212,20,0
4159,1403,1213,21,0
4160,1403,1214,22,0
4161,1403,1214,23,0
4151,1403,1215,24,1
1556,4298,835,2,0
1169,4298,836,3,0
1172,4298,839,4,0
1525,4298,841,5,0
1524,4298,842,6,0
1523,4298,843,7,0
1522,4298,844,8,0
2018,4298,845,9,0
2019,4298,846,10,0
2020,4298,847,11,0
2062,4298,850,12,0
2063,4298,851,13,0
2064,4298,853,14,0
2065,4298,854,15,0
2086,4298,855,16,0
2103,4298,857,17,0
4163,4298,867,18,0
4157,4298,867,19,0
4158,4298,869,20,0
4159,4298,870,21,0
4160,4298,871,22,0
4161,4298,871,23,0
4151,4298,872,24,1
1556,2470,1030,2,0
1169,2470,1031,3,0
1172,2470,1034,4,0
1525,2470,1036,5,0
1524,2470,1037,6,0
1523,2470,1038,7,0
1522,2470,1039,8,0
2018,2470,1040,9,0
2019,2470,1041,10,0
2020,2470,1042,11,0
2062,2470,1044,12,0
2063,2470,1045,13,0
2064,2470,1047,14,0
2065,2470,1048,15,0
2086,2470,1049,16,0
2103,2470,1051,17,0
4163,2470,1060,18,0
4157,2470,1060,19,0
4158,2470,1062,20,0
4159,2470,1063,21,0
4160,2470,1064,22,0
4161,2470,1065,23,0
4151,2470,1066,24,1
4151,5789,1075,1,0
4152,5789,1077,2,0
4153,5789,1078,3,0
4154,5789,1079,4,0
4155,5789,1080,5,0
4156,5789,1082,6,0
4162,5789,1082,7,0
2085,5789,1090,8,0
2038,5789,1091,9,0
2089,5789,1091,10,0
2039,5789,1093,11,0
2057,5789,1094,12,0
2058,5789,1094,13,0
2059,5789,1096,14,0
2060,5789,1097,15,0
2016,5789,1100,16,0
2017,5789,1101,17,0
1160,5789,1102,18,0
1528,5789,1103,19,0
1527,5789,1104,20,0
1526,5789,1105,21,0
1474,5789,1106,22,0
1163,5789,1108,23,0
1556,5789,1112,24,1
1556,1360,915,2,0
1169,1360,916,3,0
1172,1360,919,4,0
1525,1360,921,5,0
1524,1360,922,6,0
1523,1360,923,7,0
1522,1360,924,8,0
2018,1360,925,9,0
2019,1360,926,10,0
2020,1360,927,11,0
2062,1360,929,12,0
2063,1360,930,13,0
2064,1360,932,14,0
2065,1360,933,15,0
2086,1360,934,16,0
2089,1360,936,17,1
1556,1356,960,2,0
4163,1356,980,3,0
4157,1356,980,4,0
4158,1356,982,5,0
4159,1356,983,6,0
4160,1356,985,7,0
4161,1356,986,8,0
4151,1356,988,9,1
4151,4198,1062,1,0
4152,4198,1064,2,0
4153,4198,1065,3,0
4154,4198,1066,4,0
4155,4198,1067,5,0
4156,4198,1069,6,0
4162,4198,1070,7,0
2085,4198,1079,8,0
2038,4198,1079,9,0
2089,4198,1080,10,0
2039,4198,1082,11,0
2057,4198,1083,12,0
2058,4198,1084,13,0
2059,4198,1086,14,0
2060,4198,1087,15,0
2016,4198,1090,16,0
2017,4198,1092,17,0
1160,4198,1093,18,0
1528,4198,1095,19,0
1527,4198,1096,20,0
1526,4198,1097,21,0
1474,4198,1098,22,0
1163,4198,1101,23,0
1556,4198,1105,24,1
1556,2416,1000,2,0
1169,2416,1001,3,0
1172,2416,1004,4,0
1525,2416,1006,5,0
1524,2416,1007,6,0
1523,2416,1008,7,0
1522,2416,1009,8,0
2018,2416,1010,9,0
2019,2416,1011,10,0
2020,2416,1012,11,0
2062,2416,1014,12,0
2063,2416,1015,13,0
2064,2416,1017,14,0
2065,2416,1018,15,0
2086,2416,1019,16,0
2103,2416,1021,17,0
4163,2416,1030,18,0
4157,2416,1030,19,0
4158,2416,1032,20,0
4159,2416,1033,21,0
4160,2416,1034,22,0
4161,2416,1035,23,0
4151,2416,1036,24,1
2089,5653,829,1,0
2039,5653,831,2,0
2057,5653,832,3,0
2058,5653,832,4,0
2059,5653,834,5,0
2060,5653,835,6,0
2016,5653,838,7,0
2017,5653,839,8,0
1160,5653,840,9,0
1528,5653,841,10,0
1527,5653,842,11,0
1526,5653,843,12,0
1474,5653,844,13,0
1163,5653,846,14,0
1556,5653,850,15,1
2089,1299,755,1,0
2039,1299,757,2,0
2057,1299,758,3,0
2058,1299,759,4,0
2059,1299,761,5,0
2060,1299,762,6,0
2016,1299,765,7,0
2017,1299,766,8,0
1160,1299,767,9,0
1528,1299,768,10,0
1527,1299,769,11,0
1526,1299,770,12,0
1474,1299,771,13,0
1163,1299,774,14,0
1556,1299,778,15,1
4151,1284,430,1,0
4152,1284,432,2,0
4153,1284,433,3,0
4154,1284,434,4,0
4155,1284,435,5,0
4156,1284,437,6,0
4162,1284,438,7,0
2085,1284,446,8,0
2038,1284,447,9,0
2039,1284,448,10,0
2057,1284,449,11,0
2058,1284,450,12,0
2059,1284,452,13,0
2060,1284,454,14,0
2016,1284,457,15,0
2017,1284,459,16,0
1160,1284,460,17,0
1528,1284,462,18,0
1527,1284,463,19,0
1526,1284,464,20,0
1474,1284,465,21,0
1163,1284,468,22,0
1556,1284,472,23,1
1556,5658,995,2,0
1169,5658,996,3,0
1172,5658,999,4,0
1525,5658,1001,5,0
1524,5658,1002,6,0
1523,5658,1003,7,0
1522,5658,1004,8,0
2018,5658,1005,9,0
2019,5658,1006,10,0
2020,5658,1007,11,0
2062,5658,1010,12,0
2063,5658,1011,13,0
2064,5658,1013,14,0
2065,5658,1014,15,0
2086,5658,1015,16,0
2103,5658,1017,17,0
4163,5658,1027,18,0
4157,5658,1027,19,0
4158,5658,1029,20,0
4159,5658,1030,21,0
4160,5658,1031,22,0
4161,5658,1031,23,0
4151,5658,1032,24,1
4151,1222,413,1,0
4152,1222,415,2,0
4153,1222,416,3,0
4154,1222,417,4,0
4155,1222,418,5,0
4156,1222,420,6,0
4162,1222,421,7,0
2085,1222,429,8,0
2038,1222,430,9,0
2039,1222,431,10,0
2057,1222,432,11,0
2058,1222,433,12,0
2059,1222,435,13,0
2060,1222,436,14,0
2016,1222,439,15,0
2017,1222,441,16,0
1160,1222,442,17,0
1528,1222,443,18,0
1527,1222,444,19,0
1526,1222,445,20,0
1474,1222,446,21,0
1163,1222,448,22,0
1556,1222,452,23,1
4151,736,503,1,0
4152,736,505,2,0
4153,736,506,3,0
4154,736,507,4,0
4155,736,508,5,0
4156,736,510,6,0
4162,736,511,7,0
2085,736,520,8,0
2038,736,521,9,0
2039,736,522,10,0
2057,736,523,11,0
2058,736,524,12,0
2059,736,526,13,0
2060,736,528,14,0
2016,736,533,15,0
2017,736,535,16,0
1160,736,536,17,0
1528,736,538,18,0
1527,736,539,19,0
1526,736,540,20,0
1474,736,541,21,0
1163,736,544,22,0
1556,736,548,23,1
1556,729,1090,2,0
1169,729,1091,3,0
1172,729,1094,4,0
1525,729,1096,5,0
1524,729,1097,6,0
1523,729,1098,7,0
1522,729,1099,8,0
2018,729,1100,9,0
2019,729,1101,10,0
2020,729,1102,11,0
2062,729,1104,12,0
2063,729,1105,13,0
2064,729,1107,14,0
2065,729,1108,15,0
2086,729,1109,16,0
2103,729,1111,17,0
4163,729,1120,18,0
4157,729,1120,19,0
4158,729,1122,20,0
4159,729,1123,21,0
4160,729,1124,22,0
4161,729,1125,23,0
4151,729,1126,24,1
4151,2764,420,1,0
4152,2764,422,2,0
4153,2764,422,3,0
4154,2764,423,4,0
4155,2764,424,5,0
4156,2764,426,6,0
4162,2764,426,7,0
2085,2764,434,8,0
2038,2764,435,9,0
2039,2764,436,10,0
2057,2764,437,11,0
2058,2764,437,12,0
2059,2764,439,13,0
2060,2764,440,14,0
2016,2764,443,15,0
2017,2764,444,16,0
1160,2764,445,17,0
1528,2764,446,18,0
1527,2764,447,19,0
1526,2764,448,20,0
1474,2764,449,21,0
1163,2764,451,22,0
1556,2764,454,23,1
1556,794,455,2,0
1169,794,456,3,0
1172,794,459,4,0
1525,794,462,5,0
1524,794,463,6,0
1523,794,464,7,0
1522,794,465,8,0
2018,794,466,9,0
2019,794,467,10,0
2020,794,468,11,0
2062,794,470,12,0
2063,794,471,13,0
2064,794,472,14,0
2065,794,473,15,0
2086,794,474,16,0
2104,794,476,17,0
2106,794,477,18,0
2103,794,480,19,0
4163,794,489,20,0
4157,794,489,21,0
4158,794,491,22,0
4159,794,492,23,0
4160,794,493,24,0
4161,794,493,25,0
4151,794,494,26,1
1556,2700,420,2,0
1169,2700,421,3,0
1172,2700,423,4,0
1525,2700,425,5,0
1524,2700,426,6,0
1523,2700,427,7,0
1522,2700,427,8,0
2018,2700,428,9,0
2019,2700,429,10,0
2020,2700,430,11,0
2062,2700,432,12,0
2063,2700,433,13,0
2064,2700,434,14,0
2065,2700,435,15,0
2086,2700,436,16,0
2103,2700,438,17,0
4163,2700,447,18,0
4157,2700,447,19,0
4158,2700,449,20,0
4159,2700,450,21,0
4160,2700,451,22,0
4161,2700,451,23,0
4151,2700,452,24,1
4151,778,990,1,0
4152,778,993,2,0
4153,778,994,3,0
4154,778,995,4,0
4155,778,996,5,0
4156,778,998,6,0
4162,778,999,7,0
1556,778,1018,8,1
1556,5504,1090,2,0
1169,5504,1091,3,0
1172,5504,1094,4,0
1525,5504,1097,5,0
1524,5504,1098,6,0
1523,5504,1099,7,0
1522,5504,1100,8,0
2018,5504,1101,9,0
2019,5504,1103,10,0
2020,5504,1104,11,0
2062,5504,1107,12,0
2063,5504,1108,13,0
2064,5504,1110,14,0
2065,5504,1112,15,0
2086,5504,1113,16,0
2103,5504,1115,17,0
4163,5504,1125,18,0
4157,5504,1125,19,0
4158,5504,1127,20,0
4159,5504,1128,21,0
4160,5504,1129,22,0
4161,5504,1130,23,0
4151,5504,1131,24,1
4151,2692,1045,1,0
4152,2692,1047,2,0
4153,2692,1048,3,0
4154,2692,1049,4,0
4155,2692,1050,5,0
4156,2692,1052,6,0
4162,2692,1052,7,0
2085,2692,1060,8,0
2038,2692,1061,9,0
2089,2692,1061,10,0
2039,2692,1063,11,0
2057,2692,1064,12,0
2058,2692,1064,13,0
2059,2692,1066,14,0
2060,2692,1067,15,0
2016,2692,1070,16,0
2017,2692,1071,17,0
1160,2692,1072,18,0
1528,2692,1073,19,0
1527,2692,1074,20,0
1526,2692,1075,21,0
1474,2692,1076,22,0
1163,2692,1078,23,0
1556,2692,1082,24,1
1556,4417,1030,2,0
1169,4417,1031,3,0
1172,4417,1034,4,0
1525,4417,1037,5,0
1524,4417,1038,6,0
1523,4417,1039,7,0
1522,4417,1040,8,0
2018,4417,1041,9,0
2019,4417,1043,10,0
2020,4417,1044,11,0
2062,4417,1047,12,0
2063,4417,1048,13,0
2064,4417,1050,14,0
2065,4417,1052,15,0
2086,4417,1053,16,0
2103,4417,1055,17,0
4163,4417,1065,18,0
4157,4417,1065,19,0
4158,4417,1067,20,0
4159,4417,1068,21,0
4160,4417,1069,22,0
4161,4417,1070,23,0
4151,4417,1071,24,1
4151,4415,1122,1,0
4152,4415,1124,2,0
4153,4415,1125,3,0
4154,4415,1126,4,0
4155,4415,1127,5,0
4156,4415,1129,6,0
4162,4415,1130,7,0
2085,4415,1139,8,0
2038,4415,1139,9,0
2089,4415,1140,10,0
2039,4415,1142,11,0
2057,4415,1143,12,0
2058,4415,1144,13,0
2059,4415,1146,14,0
2060,4415,1147,15,0
2016,4415,1149,16,0
2017,4415,1151,17,0
1160,4415,1152,18,0
1528,4415,1153,19,0
1527,4415,1154,20,0
1526,4415,1155,21,0
1474,4415,1156,22,0
1163,4415,1158,23,0
1556,4415,1162,24,1
2089,1118,549,1,0
2039,1118,551,2,0
2057,1118,552,3,0
2058,1118,552,4,0
2059,1118,554,5,0
2060,1118,555,6,0
2016,1118,558,7,0
2017,1118,559,8,0
1160,1118,560,9,0
1528,1118,561,10,0
1527,1118,562,11,0
1526,1118,563,12,0
1474,1118,564,13,0
1163,1118,566,14,0
1556,1118,569,15,1
1556,624,535,2,0
1169,624,536,3,0
1172,624,539,4,0
1525,624,541,5,0
1524,624,542,6,0
1523,624,543,7,0
1522,624,544,8,0
2018,624,545,9,0
2019,624,546,10,0
2020,624,547,11,0
2062,624,550,12,0
2063,624,551,13,0
2064,624,553,14,0
2065,624,554,15,0
2086,624,555,16,0
2089,624,557,17,1
1556,2651,715,2,0
1169,2651,716,3,0
1172,2651,719,4,0
1525,2651,721,5,0
1524,2651,722,6,0
1523,2651,723,7,0
1522,2651,724,8,0
2018,2651,725,9,0
2019,2651,726,10,0
2020,2651,727,11,0
2062,2651,729,12,0
2063,2651,730,13,0
2064,2651,732,14,0
2065,2651,733,15,0
2086,2651,734,16,0
2103,2651,736,17,0
4163,2651,745,18,0
4157,2651,745,19,0
4158,2651,747,20,0
4159,2651,748,21,0
4160,2651,749,22,0
4161,2651,750,23,0
4151,2651,751,24,1
4151,2627,480,1,0
4152,2627,482,2,0
4153,2627,483,3,0
4154,2627,484,4,0
4155,2627,485,5,0
4156,2627,487,6,0
4162,2627,488,7,0
2085,2627,497,8,0
2038,2627,498,9,0
2039,2627,499,10,0
2057,2627,500,11,0
2058,2627,501,12,0
2059,2627,503,13,0
2060,2627,505,14,0
2016,2627,510,15,0
2017,2627,512,16,0
1160,2627,513,17,0
1528,2627,515,18,0
1527,2627,516,19,0
1526,2627,517,20,0
1474,2627,518,21,0
1163,2627,521,22,0
1556,2627,525,23,1
2089,691,499,1,0
2039,691,501,2,0
2057,691,502,3,0
2058,691,502,4,0
2059,691,504,5,0
2060,691,505,6,0
2016,691,508,7,0
2017,691,509,8,0
1160,691,510,9,0
1528,691,511,10,0
1527,691,512,11,0
1526,691,513,12,0
1474,691,514,13,0
1163,691,516,14,0
1556,691,519,15,1
4151,644,759,1,0
4152,644,761,2,0
4153,644,762,3,0
4154,644,763,4,0
4155,644,764,5,0
4156,644,766,6,0
4162,644,766,7,0
2085,644,774,8,0
2038,644,775,9,0
2089,644,775,10,0
2039,644,777,11,0
2057,644,778,12,0
2058,644,778,13,0
2059,644,780,14,0
2060,644,781,15,0
2016,644,784,16,0
2017,644,785,17,0
1160,644,786,18,0
1528,644,787,19,0
1527,644,788,20,0
1526,644,789,21,0
1474,644,790,22,0
1163,644,792,23,0
1556,644,796,24,1
2089,633,830,1,0
2039,633,832,2,0
2057,633,833,3,0
2058,633,834,4,0
2059,633,836,5,0
2060,633,837,6,0
2016,633,840,7,0
2017,633,841,8,0
1160,633,842,9,0
1528,633,843,10,0
1527,633,844,11,0
1526,633,845,12,0
1474,633,846,13,0
1163,633,849,14,0
1556,633,853,15,1
4151,668,1165,1,0
4152,668,1167,2,0
4153,668,1167,3,0
4154,668,1168,4,0
4155,668,1169,5,0
4156,668,1171,6,0
4162,668,1172,7,0
2085,668,1181,8,0
2038,668,1181,9,0
2089,668,1182,10,0
2039,668,1184,11,0
2057,668,1185,12,0
2058,668,1186,13,0
2059,668,1188,14,0
2060,668,1189,15,0
2016,668,1191,16,0
2017,668,1193,17,0
1160,668,1194,18,0
1528,668,1195,19,0
1527,668,1196,20,0
1526,668,1197,21,0
1474,668,1198,22,0
1163,668,1200,23,0
1556,668,1204,24,1
2089,665,710,1,0
2039,665,712,2,0
2057,665,713,3,0
2058,665,714,4,0
2059,665,716,5,0
2060,665,717,6,0
2016,665,720,7,0
2017,665,721,8,0
1160,665,722,9,0
1528,665,723,10,0
1527,665,724,11,0
1526,665,725,12,0
1474,665,726,13,0
1163,665,729,14,0
1556,665,733,15,1
1556,4385,890,2,0
1169,4385,891,3,0
1172,4385,894,4,0
1525,4385,896,5,0
1524,4385,897,6,0
1523,4385,898,7,0
1522,4385,899,8,0
2018,4385,900,9,0
2019,4385,901,10,0
2020,4385,902,11,0
2062,4385,905,12,0
2063,4385,906,13,0
2064,4385,908,14,0
2065,4385,909,15,0
2086,4385,910,16,0
2103,4385,912,17,0
4163,4385,922,18,0
4157,4385,922,19,0
4158,4385,924,20,0
4159,4385,925,21,0
4160,4385,926,22,0
4161,4385,926,23,0
4151,4385,927,24,1
4151,1062,950,1,0
4152,1062,952,2,0
4153,1062,953,3,0
4154,1062,954,4,0
4155,1062,955,5,0
4156,1062,957,6,0
4162,1062,957,7,0
2085,1062,965,8,0
2038,1062,966,9,0
2089,1062,966,10,0
2039,1062,968,11,0
2057,1062,969,12,0
2058,1062,969,13,0
2059,1062,971,14,0
2060,1062,972,15,0
2016,1062,975,16,0
2017,1062,976,17,0
1160,1062,977,18,0
1528,1062,978,19,0
1527,1062,979,20,0
1526,1062,980,21,0
1474,1062,981,22,0
1163,1062,983,23,0
1556,1062,987,24,1
1556,2547,1015,2,0
1169,2547,1016,3,0
1172,2547,1019,4,0
1525,2547,1021,5,0
1524,2547,1022,6,0
1523,2547,1023,7,0
1522,2547,1024,8,0
2018,2547,1025,9,0
2019,2547,1026,10,0
2020,2547,1027,11,0
2062,2547,1030,12,0
2063,2547,1031,13,0
2064,2547,1033,14,0
2065,2547,1035,15,0
2086,2547,1036,16,0
2103,2547,1038,17,0
4163,2547,1048,18,0
4157,2547,1048,19,0
4158,2547,1050,20,0
4159,2547,1051,21,0
4160,2547,1052,22,0
4161,2547,1053,23,0
4151,2547,1054,24,1
2089,4312,600,1,0
2039,4312,602,2,0
2057,4312,603,3,0
2058,4312,603,4,0
2059,4312,605,5,0
2060,4312,606,6,0
2016,4312,609,7,0
2017,4312,610,8,0
1160,4312,611,9,0
1528,4312,612,10,0
1527,4312,613,11,0
1526,4312,614,12,0
1474,4312,615,13,0
1163,4312,617,14,0
1556,4312,621,15,1
1556,5427,685,2,0
1169,5427,686,3,0
1172,5427,689,4,0
1525,5427,691,5,0
1524,5427,692,6,0
1523,5427,693,7,0
1522,5427,694,8,0
2018,5427,695,9,0
2019,5427,696,10,0
2020,5427,697,11,0
2062,5427,700,12,0
2063,5427,701,13,0
2064,5427,703,14,0
2065,5427,704,15,0
2086,5427,705,16,0
2089,5427,707,17,1
1556,1046,495,2,0
1169,1046,496,3,0
1172,1046,499,4,0
1525,1046,502,5,0
1524,1046,503,6,0
1523,1046,504,7,0
1522,1046,505,8,0
2018,1046,506,9,0
2019,1046,507,10,0
2020,1046,508,11,0
2062,1046,511,12,0
2063,1046,512,13,0
2064,1046,514,14,0
2065,1046,515,15,0
2086,1046,516,16,0
2104,1046,518,17,0
2106,1046,519,18,0
2103,1046,522,19,0
4163,1046,531,20,0
4157,1046,531,21,0
4158,1046,533,22,0
4159,1046,534,23,0
4160,1046,535,24,0
4161,1046,535,25,0
4151,1046,536,26,1
1556,1045,715,2,0
1169,1045,716,3,0
1172,1045,719,4,0
1525,1045,721,5,0
1524,1045,722,6,0
1523,1045,723,7,0
1522,1045,724,8,0
2018,1045,725,9,0
2019,1045,726,10,0
2020,1045,727,11,0
2062,1045,730,12,0
2063,1045,731,13,0
2064,1045,733,14,0
2065,1045,734,15,0
2086,1045,735,16,0
2103,1045,737,17,0
4163,1045,747,18,0
4157,1045,747,19,0
4158,1045,749,20,0
4159,1045,750,21,0
4160,1045,751,22,0
4161,1045,751,23,0
4151,1045,752,24,1
1556,5473,1050,2,0
1169,5473,1051,3,0
1172,5473,1054,4,0
1525,5473,1057,5,0
1524,5473,1058,6,0
1523,5473,1059,7,0
1522,5473,1060,8,0
2018,5473,1061,9,0
2019,5473,1063,10,0
2020,5473,1064,11,0
2062,5473,1067,12,0
2063,5473,1068,13,0
2064,5473,1070,14,0
2065,5473,1072,15,0
2086,5473,1073,16,0
2103,5473,1075,17,0
4163,5473,1085,18,0
4157,5473,1085,19,0
4158,5473,1087,20,0
4159,5473,1088,21,0
4160,5473,1089,22,0
4161,5473,1090,23,0
4151,5473,1091,24,1
1556,5374,835,2,0
1169,5374,836,3,0
1172,5374,839,4,0
1525,5374,841,5,0
1524,5374,842,6,0
1523,5374,843,7,0
1522,5374,844,8,0
2018,5374,845,9,0
2019,5374,846,10,0
2020,5374,847,11,0
2062,5374,849,12,0
2063,5374,850,13,0
2064,5374,852,14,0
2065,5374,853,15,0
2086,5374,854,16,0
2103,5374,856,17,0
4163,5374,865,18,0
4157,5374,865,19,0
4158,5374,867,20,0
4159,5374,868,21,0
4160,5374,869,22,0
4161,5374,870,23,0
4151,5374,871,24,1
1556,5366,860,2,0
1169,5366,861,3,0
1172,5366,864,4,0
1525,5366,866,5,0
1524,5366,867,6,0
1523,5366,868,7,0
1522,5366,869,8,0
2018,5366,870,9,0
2019,5366,871,10,0
2020,5366,872,11,0
2062,5366,874,12,0
2063,5366,875,13,0
2064,5366,877,14,0
2065,5366,878,15,0
2086,5366,879,16,0
2089,5366,881,17,1
1556,5357,745,2,0
1169,5357,746,3,0
1172,5357,749,4,0
1525,5357,751,5,0
1524,5357,752,6,0
1523,5357,753,7,0
1522,5357,754,8,0
2018,5357,755,9,0
2019,5357,756,10,0
2020,5357,757,11,0
2062,5357,760,12,0
2063,5357,761,13,0
2064,5357,763,14,0
2065,5357,764,15,0
2086,5357,765,16,0
2103,5357,767,17,0
4163,5357,777,18,0
4157,5357,777,19,0
4158,5357,779,20,0
4159,5357,780,21,0
4160,5357,781,22,0
4161,5357,781,23,0
4151,5357,782,24,1
1556,5341,1210,2,0
1169,5341,1211,3,0
1172,5341,1213,4,0
1525,5341,1215,5,0
1524,5341,1216,6,0
1523,5341,1217,7,0
1522,5341,1218,8,0
2018,5341,1219,9,0
2019,5341,1220,10,0
2020,5341,1221,11,0
2062,5341,1224,12,0
2063,5341,1225,13,0
2064,5341,1226,14,0
2065,5341,1227,15,0
2086,5341,1228,16,0
2103,5341,1230,17,0
4163,5341,1239,18,0
4157,5341,1239,19,0
4158,5341,1241,20,0
4159,5341,1242,21,0
4160,5341,1243,22,0
4161,5341,1243,23,0
4151,5341,1244,24,1
1556,6068,660,2,0
1169,6068,661,3,0
1172,6068,664,4,0
1525,6068,666,5,0
1524,6068,667,6,0
1523,6068,668,7,0
1522,6068,669,8,0
2018,6068,670,9,0
2019,6068,671,10,0
2020,6068,672,11,0
2062,6068,674,12,0
2063,6068,675,13,0
2064,6068,677,14,0
2065,6068,678,15,0
2086,6068,679,16,0
2103,6068,681,17,0
4163,6068,690,18,0
4157,6068,690,19,0
4158,6068,692,20,0
4159,6068,693,21,0
4160,6068,694,22,0
4161,6068,695,23,0
4151,6068,696,24,1
4151,6052,460,1,0
4152,6052,462,2,0
4153,6052,462,3,0
4154,6052,463,4,0
4155,6052,464,5,0
4156,6052,466,6,0
4162,6052,466,7,0
2085,6052,474,8,0
2038,6052,475,9,0
2039,6052,476,10,0
2057,6052,477,11,0
2058,6052,477,12,0
2059,6052,479,13,0
2060,6052,480,14,0
2016,6052,483,15,0
2017,6052,484,16,0
1160,6052,485,17,0
1528,6052,486,18,0
1527,6052,487,19,0
1526,6052,488,20,0
1474,6052,489,21,0
1163,6052,491,22,0
1556,6052,494,23,1
4151,5247,870,1,0
4152,5247,873,2,0
4153,5247,874,3,0
4154,5247,875,4,0
4155,5247,876,5,0
4156,5247,878,6,0
4162,5247,879,7,0
1556,5247,898,8,1
1556,5209,1140,2,0
4163,5209,1160,3,0
4157,5209,1160,4,0
4158,5209,1162,5,0
4159,5209,1163,6,0
4160,5209,1165,7,0
4161,5209,1166,8,0
4151,5209,1168,9,1
1556,5131,915,2,0
1169,5131,916,3,0
1172,5131,919,4,0
1525,5131,921,5,0
1524,5131,922,6,0
1523,5131,923,7,0
1522,5131,924,8,0
2018,5131,925,9,0
2019,5131,926,10,0
2020,5131,927,11,0
2062,5131,930,12,0
2063,5131,931,13,0
2064,5131,933,14,0
2065,5131,934,15,0
2086,5131,935,16,0
2089,5131,937,17,1
1556,5123,505,2,0
1169,5123,506,3,0
1172,5123,509,4,0
1525,5123,511,5,0
1524,5123,512,6,0
1523,5123,513,7,0
1522,5123,514,8,0
2018,5123,515,9,0
2019,5123,516,10,0
2020,5123,517,11,0
2062,5123,519,12,0
2063,5123,520,13,0
2064,5123,521,14,0
2065,5123,522,15,0
2086,5123,523,16,0
2103,5123,525,17,0
4163,5123,534,18,0
4157,5123,534,19,0
4158,5123,536,20,0
4159,5123,537,21,0
4160,5123,538,22,0
4161,5123,538,23,0
4151,5123,539,24,1
1556,4030,1112,2,0
1169,4030,1113,3,0
1172,4030,1116,4,0
1525,4030,1119,5,0
1524,4030,1120,6,0
1523,4030,1121,7,0
1522,4030,1122,8,0
2018,4030,1123,9,0
2019,4030,1124,10,0
2020,4030,1125,11,0
2062,4030,1128,12,0
2063,4030,1129,13,0
2064,4030,1131,14,0
2065,4030,1132,15,0
2086,4030,1133,16,0
2103,4030,1135,17,0
4163,4030,1144,18,0
4157,4030,1144,19,0
4158,4030,1146,20,0
4159,4030,1147,21,0
4160,4030,1148,22,0
4161,4030,1149,23,0
4151,4030,1150,24,1
1556,6294,940,2,0
1169,6294,941,3,0
1172,6294,944,4,0
1525,6294,946,5,0
1524,6294,947,6,0
1523,6294,948,7,0
1522,6294,949,8,0
2018,6294,950,9,0
2019,6294,951,10,0
2020,6294,952,11,0
2062,6294,954,12,0
2063,6294,955,13,0
2064,6294,957,14,0
2065,6294,958,15,0
2086,6294,959,16,0
2103,6294,961,17,0
4163,6294,970,18,0
4157,6294,970,19,0
4158,6294,972,20,0
4159,6294,973,21,0
4160,6294,974,22,0
4161,6294,975,23,0
4151,6294,976,24,1
4151,5005,1195,1,0
4152,5005,1197,2,0
4153,5005,1197,3,0
4154,5005,1198,4,0
4155,5005,1199,5,0
4156,5005,1201,6,0
4162,5005,1202,7,0
2085,5005,1211,8,0
2038,5005,1211,9,0
2089,5005,1212,10,0
2039,5005,1214,11,0
2057,5005,1215,12,0
2058,5005,1216,13,0
2059,5005,1218,14,0
2060,5005,1219,15,0
2016,5005,1221,16,0
2017,5005,1223,17,0
1160,5005,1224,18,0
1528,5005,1225,19,0
1527,5005,1226,20,0
1526,5005,1227,21,0
1474,5005,1228,22,0
1163,5005,1230,23,0
1556,5005,1234,24,1
4151,6153,608,1,0
4152,6153,610,2,0
4153,6153,611,3,0
4154,6153,612,4,0
4155,6153,613,5,0
4156,6153,615,6,0
4162,6153,615,7,0
2085,6153,624,8,0
2038,6153,625,9,0
2089,6153,625,10,0
2039,6153,627,11,0
2057,6153,628,12,0
2058,6153,629,13,0
2059,6153,631,14,0
2060,6153,632,15,0
2016,6153,635,16,0
2017,6153,636,17,0
1160,6153,637,18,0
1528,6153,638,19,0
1527,6153,639,20,0
1526,6153,640,21,0
1474,6153,641,22,0
1163,6153,643,23,0
1556,6153,647,24,1
2089,6159,377,1,0
2039,6159,379,2,0
2057,6159,380,3,0
2058,6159,380,4,0
2059,6159,382,5,0
2060,6159,383,6,0
2016,6159,386,7,0
2017,6159,387,8,0
1160,6159,388,9,0
1528,6159,389,10,0
1527,6159,390,11,0
1526,6159,391,12,0
1474,6159,392,13,0
1163,6159,394,14,0
1556,6159,398,15,1
1556,6143,805,2,0
1169,6143,806,3,0
1172,6143,809,4,0
1525,6143,811,5,0
1524,6143,812,6,0
1523,6143,813,7,0
1522,6143,814,8,0
2018,6143,815,9,0
2019,6143,816,10,0
2020,6143,817,11,0
2062,6143,819,12,0
2063,6143,820,13,0
2064,6143,822,14,0
2065,6143,823,15,0
2086,6143,824,16,0
2089,6143,826,17,1
1556,5016,805,2,0
1169,5016,806,3,0
1172,5016,809,4,0
1525,5016,811,5,0
1524,5016,812,6,0
1523,5016,813,7,0
1522,5016,814,8,0
2018,5016,815,9,0
2019,5016,816,10,0
2020,5016,817,11,0
2062,5016,820,12,0
2063,5016,821,13,0
2064,5016,823,14,0
2065,5016,824,15,0
2086,5016,825,16,0
2089,5016,827,17,1
1556,5041,785,2,0
1169,5041,786,3,0
1172,5041,789,4,0
1525,5041,791,5,0
1524,5041,792,6,0
1523,5041,793,7,0
1522,5041,794,8,0
2018,5041,795,9,0
2019,5041,796,10,0
2020,5041,797,11,0
2062,5041,800,12,0
2063,5041,801,13,0
2064,5041,803,14,0
2065,5041,804,15,0
2086,5041,805,16,0
2103,5041,807,17,0
4163,5041,817,18,0
4157,5041,817,19,0
4158,5041,819,20,0
4159,5041,820,21,0
4160,5041,821,22,0
4161,5041,821,23,0
4151,5041,822,24,1
4151,5062,460,1,0
4152,5062,462,2,0
4153,5062,463,3,0
4154,5062,464,4,0
4155,5062,465,5,0
4156,5062,467,6,0
4162,5062,468,7,0
2085,5062,476,8,0
2038,5062,477,9,0
2039,5062,478,10,0
2057,5062,479,11,0
2058,5062,480,12,0
2059,5062,482,13,0
2060,5062,484,14,0
2016,5062,489,15,0
2017,5062,491,16,0
1160,5062,492,17,0
1528,5062,494,18,0
1527,5062,495,19,0
1526,5062,496,20,0
1474,5062,497,21,0
1163,5062,500,22,0
1556,5062,504,23,1
1556,6498,785,2,0
1169,6498,786,3,0
1172,6498,789,4,0
1525,6498,791,5,0
1524,6498,792,6,0
1523,6498,793,7,0
1522,6498,794,8,0
2018,6498,795,9,0
2019,6498,796,10,0
2020,6498,797,11,0
2062,6498,799,12,0
2063,6498,800,13,0
2064,6498,802,14,0
2065,6498,803,15,0
2086,6498,804,16,0
2103,6498,806,17,0
4163,6498,815,18,0
4157,6498,815,19,0
4158,6498,817,20,0
4159,6498,818,21,0
4160,6498,819,22,0
4161,6498,820,23,0
4151,6498,821,24,1
1556,6413,475,2,0
1169,6413,476,3,0
1172,6413,479,4,0
1525,6413,482,5,0
1524,6413,483,6,0
1523,6413,484,7,0
1522,6413,485,8,0
2018,6413,486,9,0
2019,6413,487,10,0
2020,6413,488,11,0
2062,6413,491,12,0
2063,6413,492,13,0
2064,6413,493,14,0
2065,6413,494,15,0
2086,6413,495,16,0
2104,6413,497,17,0
2106,6413,498,18,0
2103,6413,501,19,0
4163,6413,510,20,0
4157,6413,510,21,0
4158,6413,512,22,0
4159,6413,513,23,0
4160,6413,514,24,0
4161,6413,514,25,0
4151,6413,515,26,1
1556,6412,630,2,0
1169,6412,631,3,0
1172,6412,634,4,0
1525,6412,636,5,0
1524,6412,637,6,0
1523,6412,638,7,0
1522,6412,639,8,0
2018,6412,640,9,0
2019,6412,641,10,0
2020,6412,642,11,0
2062,6412,645,12,0
2063,6412,646,13,0
2064,6412,648,14,0
2065,6412,649,15,0
2086,6412,650,16,0
2089,6412,652,17,1
1556,6402,1070,2,0
1169,6402,1071,3,0
1172,6402,1074,4,0
1525,6402,1077,5,0
1524,6402,1078,6,0
1523,6402,1079,7,0
1522,6402,1080,8,0
2018,6402,1081,9,0
2019,6402,1083,10,0
2020,6402,1084,11,0
2062,6402,1087,12,0
2063,6402,1088,13,0
2064,6402,1090,14,0
2065,6402,1092,15,0
2086,6402,1093,16,0
2103,6402,1095,17,0
4163,6402,1105,18,0
4157,6402,1105,19,0
4158,6402,1107,20,0
4159,6402,1108,21,0
4160,6402,1109,22,0
4161,6402,1110,23,0
4151,6402,1111,24,1
4151,6367,1105,1,0
4152,6367,1107,2,0
4153,6367,1108,3,0
4154,6367,1109,4,0
4155,6367,1110,5,0
4156,6367,1112,6,0
4162,6367,1112,7,0
2085,6367,1120,8,0
2038,6367,1121,9,0
2089,6367,1121,10,0
2039,6367,1123,11,0
2057,6367,1124,12,0
2058,6367,1124,13,0
2059,6367,1126,14,0
2060,6367,1127,15,0
2016,6367,1130,16,0
2017,6367,1131,17,0
1160,6367,1132,18,0
1528,6367,1133,19,0
1527,6367,1134,20,0
1526,6367,1135,21,0
1474,6367,1136,22,0
1163,6367,1138,23,0
1556,6367,1142,24,1
2089,6610,884,1,0
2039,6610,886,2,0
2057,6610,887,3,0
2058,6610,887,4,0
2059,6610,889,5,0
2060,6610,890,6,0
2016,6610,893,7,0
2017,6610,894,8,0
1160,6610,895,9,0
1528,6610,896,10,0
1527,6610,897,11,0
1526,6610,898,12,0
1474,6610,899,13,0
1163,6610,901,14,0
1556,6610,905,15,1
1556,6510,605,2,0
1169,6510,606,3,0
1172,6510,609,4,0
1525,6510,611,5,0
1524,6510,612,6,0
1523,6510,613,7,0
1522,6510,614,8,0
2018,6510,615,9,0
2019,6510,616,10,0
2020,6510,617,11,0
2062,6510,619,12,0
2063,6510,620,13,0
2064,6510,622,14,0
2065,6510,623,15,0
2086,6510,624,16,0
2103,6510,626,17,0
4163,6510,635,18,0
4157,6510,635,19,0
4158,6510,637,20,0
4159,6510,638,21,0
4160,6510,639,22,0
4161,6510,639,23,0
4151,6510,640,24,1
2089,1965,885,1,0
2039,1965,887,2,0
2057,1965,888,3,0
2058,1965,889,4,0
2059,1965,891,5,0
2060,1965,892,6,0
2016,1965,895,7,0
2017,1965,896,8,0
1160,1965,897,9,0
1528,1965,898,10,0
1527,1965,899,11,0
1526,1965,900,12,0
1474,1965,901,13,0
1163,1965,904,14,0
1556,1965,908,15,1
4151,1961,789,1,0
4152,1961,791,2,0
4153,1961,792,3,0
4154,1961,793,4,0
4155,1961,794,5,0
4156,1961,796,6,0
4162,1961,796,7,0
2085,1961,804,8,0
2038,1961,805,9,0
2089,1961,805,10,0
2039,1961,807,11,0
2057,1961,808,12,0
2058,1961,808,13,0
2059,1961,810,14,0
2060,1961,811,15,0
2016,1961,814,16,0
2017,1961,815,17,0
1160,1961,816,18,0
1528,1961,817,19,0
1527,1961,818,20,0
1526,1961,819,21,0
1474,1961,820,22,0
1163,1961,822,23,0
1556,1961,826,24,1
