arret_id,trajet_id,heure_depart,stop_sequence,terminus
2401,24,460,1,0
2402,24,461,2,0
2403,24,461,3,0
2404,24,463,4,0
2405,24,464,5,0
2406,24,465,6,0
2430,24,467,7,0
1485,24,473,8,0
1011,24,484,9,0
1606,24,487,10,1
2401,1892,430,1,0
2402,1892,431,2,0
2403,1892,431,3,0
2404,1892,433,4,0
2405,1892,434,5,0
2406,1892,435,6,0
2430,1892,437,7,0
1485,1892,443,8,0
1011,1892,453,9,0
1606,1892,455,10,1
1606,1183,1085,1,0
1280,1183,1089,2,0
1491,1183,1098,3,0
2436,1183,1103,4,0
2437,1183,1106,5,0
2418,1183,1107,6,0
2419,1183,1108,7,0
2420,1183,1111,8,0
2421,1183,1111,9,0
2401,1183,1113,10,1
1606,3528,1025,1,0
1280,3528,1029,2,0
1491,3528,1039,3,0
2436,3528,1044,4,0
2437,3528,1047,5,0
2418,3528,1048,6,0
2419,3528,1049,7,0
2420,3528,1052,8,0
2421,3528,1052,9,0
2401,3528,1054,10,1
1606,6877,960,1,0
1280,6877,963,2,0
1491,6877,970,3,0
2436,6877,975,4,0
2437,6877,978,5,0
2418,6877,978,6,0
2419,6877,980,7,0
2420,6877,982,8,0
2421,6877,983,9,0
2401,6877,984,10,1
2401,6757,495,1,0
2402,6757,496,2,0
2403,6757,496,3,0
2404,6757,498,4,0
2405,6757,499,5,0
2406,6757,500,6,0
2430,6757,502,7,0
1485,6757,508,8,0
1011,6757,521,9,0
1606,6757,524,10,1
