arret_id,trajet_id,heure_depart,stop_sequence,terminus
egchap,31,700,1,0
rochers1,31,701,2,0
besner1,31,703,3,0
grippie1,31,704,4,0
hautier1,31,706,5,0
gareher1,31,707,6,0
egherm1,31,707,7,0
village1,31,708,8,0
clairef1,31,708,9,0
noebi1,31,709,10,0
haiet1,31,712,11,0
valvez1,31,713,12,0
lionor1,31,714,13,0
vcentre1,31,715,14,0
tertre1,31,717,15,0
chnoel1,31,718,16,0
ptcham1,31,719,17,0
colin1,31,720,18,0
cxroure1,31,720,19,0
ecoagro1,31,722,20,0
marbeuf1,31,722,21,0
lguillg1,31,723,22,0
chqpost1,31,724,23,0
ptbrets1,31,726,24,0
repx2,31,727,25,1
repbottc,58,1025,1,0
ptbrets2,58,1027,2,0
chqpost2,58,1029,3,0
lguillg2,58,1030,4,0
marbeuf2,58,1031,5,0
ecoagro2,58,1032,6,0
cxroure2,58,1033,7,0
colin2,58,1033,8,0
ptcham2,58,1034,9,0
chnoel2,58,1035,10,0
tertre2,58,1036,11,0
vcentre2,58,1038,12,0
lionor2,58,1039,13,0
valvez2,58,1040,14,0
haiet2,58,1041,15,0
noebi2,58,1044,16,0
clairef2,58,1045,17,0
village2,58,1046,18,0
egherm2,58,1046,19,0
gareher2,58,1047,20,0
hautier2,58,1047,21,0
grippie2,58,1050,22,0
besner2,58,1051,23,0
rochers2,58,1053,24,0
egchap,58,1054,25,1
repbottc,55,755,1,0
ptbrets2,55,757,2,0
chqpost2,55,759,3,0
lguillg2,55,760,4,0
marbeuf2,55,761,5,0
ecoagro2,55,762,6,0
cxroure2,55,764,7,0
colin2,55,764,8,0
ptcham2,55,765,9,0
chnoel2,55,766,10,0
tertre2,55,767,11,0
vcentre2,55,769,12,0
lionor2,55,770,13,0
valvez2,55,771,14,0
haiet2,55,772,15,0
noebi2,55,775,16,0
clairef2,55,776,17,0
village2,55,777,18,0
egherm2,55,777,19,0
gareher2,55,778,20,0
hautier2,55,778,21,0
grippie2,55,781,22,0
besner2,55,782,23,0
rochers2,55,784,24,0
egchap,55,785,25,1
repbottc,3299,560,1,0
ptbrets2,3299,562,2,0
chqpost2,3299,564,3,0
lguillg2,3299,565,4,0
marbeuf2,3299,566,5,0
ecoagro2,3299,567,6,0
cxroure2,3299,568,7,0
colin2,3299,568,8,0
ptcham2,3299,569,9,0
chnoel2,3299,570,10,0
tertre2,3299,571,11,0
vcentre2,3299,572,12,0
lionor2,3299,573,13,0
valvez2,3299,574,14,0
haiet2,3299,575,15,0
noebi2,3299,578,16,0
clairef2,3299,579,17,0
village2,3299,580,18,0
egherm2,3299,580,19,0
gareher2,3299,581,20,0
hautier2,3299,581,21,0
grippie2,3299,583,22,0
besner2,3299,584,23,0
rochers2,3299,586,24,0
egchap,3299,587,25,1
repbottc,2139,805,1,0
ptbrets2,2139,807,2,0
chqpost2,2139,809,3,0
lguillg2,2139,810,4,0
marbeuf2,2139,811,5,0
ecoagro2,2139,812,6,0
cxroure2,2139,813,7,0
colin2,2139,813,8,0
ptcham2,2139,814,9,0
chnoel2,2139,815,10,0
tertre2,2139,816,11,0
vcentre2,2139,818,12,0
lionor2,2139,819,13,0
valvez2,2139,820,14,0
haiet2,2139,821,15,0
noebi2,2139,824,16,0
clairef2,2139,825,17,0
village2,2139,826,18,0
egherm2,2139,826,19,0
gareher2,2139,827,20,0
hautier2,2139,827,21,0
grippie2,2139,830,22,0
besner2,2139,831,23,0
rochers2,2139,833,24,0
egchap,2139,834,25,1
egchap,3397,445,1,0
rochers1,3397,446,2,0
besner1,3397,448,3,0
grippie1,3397,449,4,0
hautier1,3397,451,5,0
gareher1,3397,452,6,0
egherm1,3397,452,7,0
village1,3397,453,8,0
clairef1,3397,454,9,0
noebi1,3397,455,10,0
haiet1,3397,459,11,0
valvez1,3397,460,12,0
lionor1,3397,462,13,0
vcentre1,3397,463,14,0
tertre1,3397,465,15,0
chnoel1,3397,467,16,0
ptcham1,3397,468,17,0
colin1,3397,469,18,0
cxroure1,3397,470,19,0
ecoagro1,3397,472,20,0
marbeuf1,3397,473,21,0
lguillg1,3397,474,22,0
chqpost1,3397,475,23,0
ptbrets1,3397,477,24,0
repx2,3397,478,25,1
egchap,2262,1110,1,0
rochers1,2262,1111,2,0
besner1,2262,1113,3,0
grippie1,2262,1114,4,0
hautier1,2262,1116,5,0
gareher1,2262,1117,6,0
egherm1,2262,1117,7,0
village1,2262,1118,8,0
clairef1,2262,1119,9,0
noebi1,2262,1119,10,0
haiet1,2262,1123,11,0
valvez1,2262,1124,12,0
lionor1,2262,1125,13,0
vcentre1,2262,1126,14,0
tertre1,2262,1128,15,0
chnoel1,2262,1129,16,0
ptcham1,2262,1130,17,0
colin1,2262,1131,18,0
cxroure1,2262,1131,19,0
ecoagro1,2262,1133,20,0
marbeuf1,2262,1133,21,0
lguillg1,2262,1134,22,0
chqpost1,2262,1135,23,0
ptbrets1,2262,1137,24,0
repx2,2262,1138,25,1
egchap,2259,1015,1,0
rochers1,2259,1016,2,0
besner1,2259,1018,3,0
grippie1,2259,1019,4,0
hautier1,2259,1021,5,0
gareher1,2259,1022,6,0
egherm1,2259,1022,7,0
village1,2259,1023,8,0
clairef1,2259,1023,9,0
noebi1,2259,1024,10,0
haiet1,2259,1027,11,0
valvez1,2259,1028,12,0
lionor1,2259,1029,13,0
vcentre1,2259,1030,14,0
tertre1,2259,1032,15,0
chnoel1,2259,1033,16,0
ptcham1,2259,1034,17,0
colin1,2259,1035,18,0
cxroure1,2259,1035,19,0
ecoagro1,2259,1037,20,0
marbeuf1,2259,1037,21,0
lguillg1,2259,1038,22,0
chqpost1,2259,1039,23,0
ptbrets1,2259,1041,24,0
repx2,2259,1042,25,1
repbottc,3388,700,1,0
ptbrets2,3388,702,2,0
chqpost2,3388,704,3,0
lguillg2,3388,705,4,0
marbeuf2,3388,706,5,0
ecoagro2,3388,707,6,0
cxroure2,3388,709,7,0
colin2,3388,709,8,0
ptcham2,3388,710,9,0
chnoel2,3388,711,10,0
tertre2,3388,712,11,0
vcentre2,3388,714,12,0
lionor2,3388,715,13,0
valvez2,3388,716,14,0
haiet2,3388,717,15,0
noebi2,3388,720,16,0
clairef2,3388,721,17,0
village2,3388,722,18,0
egherm2,3388,722,19,0
gareher2,3388,723,20,0
hautier2,3388,723,21,0
grippie2,3388,726,22,0
besner2,3388,727,23,0
rochers2,3388,729,24,0
egchap,3388,730,25,1
egchap,2233,405,1,0
rochers1,2233,406,2,0
besner1,2233,408,3,0
grippie1,2233,409,4,0
hautier1,2233,411,5,0
gareher1,2233,412,6,0
egherm1,2233,412,7,0
village1,2233,413,8,0
clairef1,2233,414,9,0
noebi1,2233,414,10,0
haiet1,2233,418,11,0
valvez1,2233,419,12,0
lionor1,2233,420,13,0
vcentre1,2233,421,14,0
tertre1,2233,423,15,0
chnoel1,2233,424,16,0
ptcham1,2233,425,17,0
colin1,2233,426,18,0
cxroure1,2233,427,19,0
ecoagro1,2233,429,20,0
marbeuf1,2233,430,21,0
lguillg1,2233,431,22,0
chqpost1,2233,432,23,0
ptbrets1,2233,434,24,0
repx2,2233,435,25,1
egchap,2235,1200,1,0
rochers1,2235,1201,2,0
besner1,2235,1202,3,0
grippie1,2235,1203,4,0
hautier1,2235,1205,5,0
gareher1,2235,1206,6,0
egherm1,2235,1206,7,0
village1,2235,1207,8,0
clairef1,2235,1207,9,0
noebi1,2235,1208,10,0
haiet1,2235,1211,11,0
valvez1,2235,1212,12,0
lionor1,2235,1213,13,0
vcentre1,2235,1214,14,0
tertre1,2235,1215,15,0
chnoel1,2235,1216,16,0
ptcham1,2235,1217,17,0
colin1,2235,1218,18,0
cxroure1,2235,1218,19,0
ecoagro1,2235,1219,20,0
marbeuf1,2235,1220,21,0
lguillg1,2235,1221,22,0
chqpost1,2235,1221,23,0
ptbrets1,2235,1223,24,0
repx2,2235,1224,25,1
repbottc,2238,625,1,0
ptbrets2,2238,627,2,0
chqpost2,2238,629,3,0
lguillg2,2238,630,4,0
marbeuf2,2238,631,5,0
ecoagro2,2238,632,6,0
cxroure2,2238,634,7,0
colin2,2238,634,8,0
ptcham2,2238,635,9,0
chnoel2,2238,636,10,0
tertre2,2238,637,11,0
vcentre2,2238,639,12,0
lionor2,2238,640,13,0
valvez2,2238,641,14,0
haiet2,2238,642,15,0
noebi2,2238,645,16,0
clairef2,2238,646,17,0
village2,2238,647,18,0
egherm2,2238,647,19,0
gareher2,2238,648,20,0
hautier2,2238,648,21,0
grippie2,2238,650,22,0
besner2,2238,651,23,0
rochers2,2238,653,24,0
egchap,2238,654,25,1
egchap,2291,1220,1,0
rochers1,2291,1221,2,0
besner1,2291,1222,3,0
grippie1,2291,1223,4,0
hautier1,2291,1225,5,0
gareher1,2291,1226,6,0
egherm1,2291,1226,7,0
village1,2291,1227,8,0
clairef1,2291,1227,9,0
noebi1,2291,1228,10,0
haiet1,2291,1231,11,0
valvez1,2291,1232,12,0
lionor1,2291,1233,13,0
vcentre1,2291,1234,14,0
tertre1,2291,1235,15,0
chnoel1,2291,1236,16,0
ptcham1,2291,1237,17,0
colin1,2291,1238,18,0
cxroure1,2291,1238,19,0
ecoagro1,2291,1239,20,0
marbeuf1,2291,1240,21,0
lguillg1,2291,1241,22,0
chqpost1,2291,1241,23,0
ptbrets1,2291,1243,24,0
repx2,2291,1244,25,1
repbottc,3301,455,1,0
ptbrets2,3301,457,2,0
chqpost2,3301,459,3,0
lguillg2,3301,460,4,0
marbeuf2,3301,461,5,0
ecoagro2,3301,462,6,0
cxroure2,3301,463,7,0
colin2,3301,463,8,0
ptcham2,3301,464,9,0
chnoel2,3301,464,10,0
tertre2,3301,465,11,0
vcentre2,3301,466,12,0
lionor2,3301,467,13,0
valvez2,3301,468,14,0
haiet2,3301,469,15,0
noebi2,3301,472,16,0
clairef2,3301,472,17,0
village2,3301,473,18,0
egherm2,3301,473,19,0
gareher2,3301,474,20,0
hautier2,3301,474,21,0
grippie2,3301,476,22,0
besner2,3301,477,23,0
rochers2,3301,479,24,0
egchap,3301,480,25,1
repbottc,3422,1030,1,0
ptbrets2,3422,1032,2,0
chqpost2,3422,1034,3,0
lguillg2,3422,1035,4,0
marbeuf2,3422,1036,5,0
ecoagro2,3422,1038,6,0
cxroure2,3422,1040,7,0
colin2,3422,1041,8,0
ptcham2,3422,1042,9,0
chnoel2,3422,1043,10,0
tertre2,3422,1044,11,0
vcentre2,3422,1046,12,0
lionor2,3422,1047,13,0
valvez2,3422,1048,14,0
haiet2,3422,1049,15,0
noebi2,3422,1053,16,0
clairef2,3422,1054,17,0
village2,3422,1055,18,0
egherm2,3422,1055,19,0
gareher2,3422,1056,20,0
hautier2,3422,1056,21,0
grippie2,3422,1059,22,0
besner2,3422,1060,23,0
rochers2,3422,1062,24,0
egchap,3422,1063,25,1
egchap,3468,1185,1,0
rochers1,3468,1186,2,0
besner1,3468,1187,3,0
grippie1,3468,1188,4,0
hautier1,3468,1190,5,0
gareher1,3468,1191,6,0
egherm1,3468,1191,7,0
village1,3468,1192,8,0
clairef1,3468,1192,9,0
noebi1,3468,1193,10,0
haiet1,3468,1196,11,0
valvez1,3468,1197,12,0
lionor1,3468,1198,13,0
vcentre1,3468,1199,14,0
tertre1,3468,1201,15,0
chnoel1,3468,1202,16,0
ptcham1,3468,1203,17,0
colin1,3468,1204,18,0
cxroure1,3468,1204,19,0
ecoagro1,3468,1205,20,0
marbeuf1,3468,1206,21,0
lguillg1,3468,1207,22,0
chqpost1,3468,1207,23,0
ptbrets1,3468,1209,24,0
repx2,3468,1210,25,1
repbottc,3532,1475,1,0
ptbrets2,3532,1477,2,0
chqpost2,3532,1478,3,0
lguillg2,3532,1479,4,0
marbeuf2,3532,1480,5,0
ecoagro2,3532,1481,6,0
cxroure2,3532,1482,7,0
colin2,3532,1482,8,0
ptcham2,3532,1483,9,0
chnoel2,3532,1484,10,0
tertre2,3532,1485,11,0
vcentre2,3532,1486,12,0
lionor2,3532,1487,13,0
valvez2,3532,1488,14,0
haiet2,3532,1489,15,0
clairef2,3532,1492,16,0
village2,3532,1493,17,0
egherm2,3532,1493,18,0
gareher2,3532,1494,19,0
hautier2,3532,1494,20,0
grippie2,3532,1496,21,0
besner2,3532,1497,22,0
rochers2,3532,1499,23,0
egchap,3532,1500,24,0
chverc,3532,1505,25,0
noecin1,3532,1505,26,0
egverg1,3532,1513,27,0
bouvrai1,3532,1513,28,1
egchap,3513,780,1,0
rochers1,3513,781,2,0
besner1,3513,782,3,0
grippie1,3513,783,4,0
hautier1,3513,785,5,0
gareher1,3513,786,6,0
egherm1,3513,786,7,0
village1,3513,787,8,0
clairef1,3513,788,9,0
noebi1,3513,788,10,0
haiet1,3513,792,11,0
valvez1,3513,793,12,0
lionor1,3513,794,13,0
vcentre1,3513,794,14,0
tertre1,3513,796,15,0
chnoel1,3513,797,16,0
ptcham1,3513,798,17,0
colin1,3513,799,18,0
cxroure1,3513,799,19,0
ecoagro1,3513,800,20,0
marbeuf1,3513,801,21,0
lguillg1,3513,802,22,0
chqpost1,3513,802,23,0
ptbrets1,3513,804,24,0
repx2,3513,806,25,1
egchap,2046,1220,1,0
rochers1,2046,1221,2,0
besner1,2046,1223,3,0
grippie1,2046,1224,4,0
hautier1,2046,1226,5,0
gareher1,2046,1227,6,0
egherm1,2046,1227,7,0
village1,2046,1228,8,0
clairef1,2046,1228,9,0
noebi1,2046,1229,10,0
haiet1,2046,1232,11,0
valvez1,2046,1233,12,0
lionor1,2046,1234,13,0
vcentre1,2046,1235,14,0
tertre1,2046,1236,15,0
chnoel1,2046,1237,16,0
ptcham1,2046,1238,17,0
colin1,2046,1239,18,0
cxroure1,2046,1239,19,0
ecoagro1,2046,1240,20,0
marbeuf1,2046,1241,21,0
lguillg1,2046,1242,22,0
chqpost1,2046,1242,23,0
ptbrets1,2046,1244,24,0
repx2,2046,1245,25,1
repbottc,3593,990,1,0
ptbrets2,3593,992,2,0
chqpost2,3593,994,3,0
lguillg2,3593,995,4,0
marbeuf2,3593,996,5,0
ecoagro2,3593,997,6,0
cxroure2,3593,999,7,0
colin2,3593,999,8,0
ptcham2,3593,1000,9,0
chnoel2,3593,1001,10,0
tertre2,3593,1002,11,0
vcentre2,3593,1004,12,0
lionor2,3593,1005,13,0
valvez2,3593,1006,14,0
haiet2,3593,1007,15,0
noebi2,3593,1010,16,0
clairef2,3593,1011,17,0
village2,3593,1012,18,0
egherm2,3593,1012,19,0
gareher2,3593,1013,20,0
hautier2,3593,1013,21,0
grippie2,3593,1016,22,0
besner2,3593,1017,23,0
rochers2,3593,1019,24,0
egchap,3593,1020,25,1
repbottc,3642,975,1,0
ptbrets2,3642,977,2,0
chqpost2,3642,979,3,0
lguillg2,3642,980,4,0
marbeuf2,3642,981,5,0
ecoagro2,3642,982,6,0
cxroure2,3642,983,7,0
colin2,3642,983,8,0
ptcham2,3642,984,9,0
chnoel2,3642,985,10,0
tertre2,3642,986,11,0
vcentre2,3642,988,12,0
lionor2,3642,989,13,0
valvez2,3642,990,14,0
haiet2,3642,991,15,0
noebi2,3642,994,16,0
clairef2,3642,995,17,0
village2,3642,996,18,0
egherm2,3642,996,19,0
gareher2,3642,997,20,0
hautier2,3642,997,21,0
grippie2,3642,1000,22,0
besner2,3642,1001,23,0
rochers2,3642,1003,24,0
egchap,3642,1004,25,1
egchap,3710,965,1,0
rochers1,3710,966,2,0
besner1,3710,968,3,0
grippie1,3710,969,4,0
hautier1,3710,971,5,0
gareher1,3710,972,6,0
egherm1,3710,972,7,0
village1,3710,973,8,0
clairef1,3710,973,9,0
noebi1,3710,974,10,0
haiet1,3710,977,11,0
valvez1,3710,978,12,0
lionor1,3710,979,13,0
vcentre1,3710,980,14,0
tertre1,3710,982,15,0
chnoel1,3710,983,16,0
ptcham1,3710,984,17,0
colin1,3710,985,18,0
cxroure1,3710,985,19,0
ecoagro1,3710,987,20,0
marbeuf1,3710,987,21,0
lguillg1,3710,988,22,0
chqpost1,3710,989,23,0
ptbrets1,3710,991,24,0
repx2,3710,992,25,1
colin1,3718,1040,1,0
cxroure1,3718,1041,2,0
ecoagro1,3718,1043,3,0
marbeuf1,3718,1044,4,0
lguillg1,3718,1045,5,0
chqpost1,3718,1046,6,0
ptbrets1,3718,1048,7,0
repx2,3718,1049,8,1
egchap,171,1070,1,0
rochers1,171,1071,2,0
besner1,171,1073,3,0
grippie1,171,1074,4,0
hautier1,171,1076,5,0
gareher1,171,1077,6,0
egherm1,171,1077,7,0
village1,171,1078,8,0
clairef1,171,1079,9,0
noebi1,171,1079,10,0
haiet1,171,1083,11,0
valvez1,171,1084,12,0
lionor1,171,1085,13,0
vcentre1,171,1086,14,0
tertre1,171,1088,15,0
chnoel1,171,1089,16,0
ptcham1,171,1090,17,0
colin1,171,1091,18,0
cxroure1,171,1091,19,0
ecoagro1,171,1093,20,0
marbeuf1,171,1094,21,0
lguillg1,171,1095,22,0
chqpost1,171,1096,23,0
ptbrets1,171,1098,24,0
repx2,171,1099,25,1
repbottc,172,430,1,0
ptbrets2,172,432,2,0
chqpost2,172,434,3,0
lguillg2,172,435,4,0
marbeuf2,172,436,5,0
ecoagro2,172,437,6,0
cxroure2,172,438,7,0
colin2,172,438,8,0
ptcham2,172,439,9,0
chnoel2,172,440,10,0
tertre2,172,441,11,0
vcentre2,172,442,12,0
lionor2,172,443,13,0
valvez2,172,444,14,0
haiet2,172,445,15,0
noebi2,172,448,16,0
clairef2,172,448,17,0
village2,172,449,18,0
egherm2,172,449,19,0
gareher2,172,450,20,0
hautier2,172,450,21,0
grippie2,172,452,22,0
besner2,172,453,23,0
rochers2,172,455,24,0
egchap,172,456,25,1
egchap,111,1165,1,0
rochers1,111,1166,2,0
besner1,111,1167,3,0
grippie1,111,1168,4,0
hautier1,111,1170,5,0
gareher1,111,1171,6,0
egherm1,111,1171,7,0
village1,111,1172,8,0
clairef1,111,1172,9,0
noebi1,111,1173,10,0
haiet1,111,1176,11,0
valvez1,111,1177,12,0
lionor1,111,1178,13,0
vcentre1,111,1179,14,0
tertre1,111,1181,15,0
chnoel1,111,1182,16,0
ptcham1,111,1183,17,0
colin1,111,1184,18,0
cxroure1,111,1184,19,0
ecoagro1,111,1185,20,0
marbeuf1,111,1186,21,0
lguillg1,111,1187,22,0
chqpost1,111,1187,23,0
ptbrets1,111,1189,24,0
repx2,111,1190,25,1
repbottc,3835,660,1,0
ptbrets2,3835,662,2,0
chqpost2,3835,664,3,0
lguillg2,3835,665,4,0
marbeuf2,3835,666,5,0
ecoagro2,3835,667,6,0
cxroure2,3835,669,7,0
colin2,3835,669,8,0
ptcham2,3835,670,9,0
chnoel2,3835,671,10,0
tertre2,3835,672,11,0
vcentre2,3835,674,12,0
lionor2,3835,675,13,0
valvez2,3835,676,14,0
haiet2,3835,677,15,0
noebi2,3835,680,16,0
clairef2,3835,681,17,0
village2,3835,682,18,0
egherm2,3835,682,19,0
gareher2,3835,683,20,0
hautier2,3835,683,21,0
grippie2,3835,686,22,0
besner2,3835,687,23,0
rochers2,3835,689,24,0
egchap,3835,690,25,1
egchap,4987,375,1,0
rochers1,4987,376,2,0
besner1,4987,378,3,0
grippie1,4987,379,4,0
hautier1,4987,381,5,0
gareher1,4987,382,6,0
egherm1,4987,382,7,0
village1,4987,383,8,0
clairef1,4987,384,9,0
noebi1,4987,384,10,0
haiet1,4987,388,11,0
valvez1,4987,389,12,0
lionor1,4987,390,13,0
vcentre1,4987,391,14,0
tertre1,4987,393,15,0
chnoel1,4987,394,16,0
ptcham1,4987,395,17,0
colin1,4987,396,18,0
cxroure1,4987,396,19,0
ecoagro1,4987,397,20,0
marbeuf1,4987,398,21,0
lguillg1,4987,399,22,0
chqpost1,4987,399,23,0
ptbrets1,4987,401,24,0
repx2,4987,402,25,1
repbottc,4986,525,1,0
ptbrets2,4986,527,2,0
chqpost2,4986,529,3,0
lguillg2,4986,530,4,0
marbeuf2,4986,531,5,0
ecoagro2,4986,532,6,0
cxroure2,4986,534,7,0
colin2,4986,534,8,0
ptcham2,4986,535,9,0
chnoel2,4986,536,10,0
tertre2,4986,537,11,0
vcentre2,4986,539,12,0
lionor2,4986,540,13,0
valvez2,4986,541,14,0
haiet2,4986,542,15,0
noebi2,4986,545,16,0
clairef2,4986,546,17,0
village2,4986,547,18,0
egherm2,4986,547,19,0
gareher2,4986,548,20,0
hautier2,4986,548,21,0
grippie2,4986,550,22,0
besner2,4986,551,23,0
rochers2,4986,553,24,0
egchap,4986,554,25,1
repbottc,3009,1170,1,0
ptbrets2,3009,1172,2,0
chqpost2,3009,1174,3,0
lguillg2,3009,1175,4,0
marbeuf2,3009,1176,5,0
ecoagro2,3009,1177,6,0
cxroure2,3009,1178,7,0
colin2,3009,1179,8,0
ptcham2,3009,1180,9,0
chnoel2,3009,1181,10,0
tertre2,3009,1182,11,0
vcentre2,3009,1184,12,0
lionor2,3009,1185,13,0
valvez2,3009,1186,14,0
haiet2,3009,1187,15,0
noebi2,3009,1190,16,0
clairef2,3009,1191,17,0
village2,3009,1192,18,0
egherm2,3009,1192,19,0
gareher2,3009,1192,20,0
hautier2,3009,1193,21,0
grippie2,3009,1195,22,0
besner2,3009,1196,23,0
rochers2,3009,1197,24,0
egchap,3009,1198,25,1
repbottc,3025,890,1,0
ptbrets2,3025,892,2,0
chqpost2,3025,894,3,0
lguillg2,3025,895,4,0
marbeuf2,3025,896,5,0
ecoagro2,3025,897,6,0
cxroure2,3025,899,7,0
colin2,3025,899,8,0
ptcham2,3025,900,9,0
chnoel2,3025,901,10,0
tertre2,3025,902,11,0
vcentre2,3025,904,12,0
lionor2,3025,905,13,0
valvez2,3025,906,14,0
haiet2,3025,907,15,0
noebi2,3025,910,16,0
clairef2,3025,911,17,0
village2,3025,912,18,0
egherm2,3025,912,19,0
gareher2,3025,913,20,0
hautier2,3025,913,21,0
grippie2,3025,916,22,0
besner2,3025,917,23,0
rochers2,3025,919,24,0
egchap,3025,920,25,1
repbottc,3074,1050,1,0
ptbrets2,3074,1052,2,0
chqpost2,3074,1054,3,0
lguillg2,3074,1055,4,0
marbeuf2,3074,1056,5,0
ecoagro2,3074,1057,6,0
cxroure2,3074,1058,7,0
colin2,3074,1058,8,0
ptcham2,3074,1059,9,0
chnoel2,3074,1060,10,0
tertre2,3074,1061,11,0
vcentre2,3074,1063,12,0
lionor2,3074,1064,13,0
valvez2,3074,1065,14,0
haiet2,3074,1066,15,0
noebi2,3074,1069,16,0
clairef2,3074,1070,17,0
village2,3074,1071,18,0
egherm2,3074,1071,19,0
gareher2,3074,1072,20,0
hautier2,3074,1072,21,0
grippie2,3074,1075,22,0
besner2,3074,1076,23,0
rochers2,3074,1078,24,0
egchap,3074,1079,25,1
egchap,3991,915,1,0
rochers1,3991,916,2,0
besner1,3991,918,3,0
grippie1,3991,919,4,0
hautier1,3991,921,5,0
gareher1,3991,922,6,0
egherm1,3991,922,7,0
village1,3991,923,8,0
clairef1,3991,924,9,0
noebi1,3991,924,10,0
haiet1,3991,928,11,0
valvez1,3991,929,12,0
lionor1,3991,930,13,0
vcentre1,3991,931,14,0
tertre1,3991,933,15,0
chnoel1,3991,934,16,0
ptcham1,3991,935,17,0
colin1,3991,936,18,0
cxroure1,3991,937,19,0
ecoagro1,3991,939,20,0
marbeuf1,3991,939,21,0
lguillg1,3991,940,22,0
chqpost1,3991,941,23,0
ptbrets1,3991,943,24,0
repx2,3991,944,25,1
egchap,3111,830,1,0
rochers1,3111,831,2,0
besner1,3111,833,3,0
grippie1,3111,834,4,0
hautier1,3111,836,5,0
gareher1,3111,837,6,0
egherm1,3111,837,7,0
village1,3111,838,8,0
clairef1,3111,839,9,0
noebi1,3111,839,10,0
haiet1,3111,843,11,0
valvez1,3111,844,12,0
lionor1,3111,845,13,0
vcentre1,3111,846,14,0
tertre1,3111,848,15,0
chnoel1,3111,849,16,0
ptcham1,3111,850,17,0
colin1,3111,851,18,0
cxroure1,3111,851,19,0
ecoagro1,3111,853,20,0
marbeuf1,3111,853,21,0
lguillg1,3111,854,22,0
chqpost1,3111,855,23,0
ptbrets1,3111,857,24,0
repx2,3111,858,25,1
egchap,3109,490,1,0
rochers1,3109,491,2,0
besner1,3109,493,3,0
grippie1,3109,494,4,0
hautier1,3109,496,5,0
gareher1,3109,497,6,0
egherm1,3109,497,7,0
village1,3109,498,8,0
clairef1,3109,498,9,0
noebi1,3109,499,10,0
haiet1,3109,502,11,0
valvez1,3109,503,12,0
lionor1,3109,504,13,0
vcentre1,3109,505,14,0
tertre1,3109,507,15,0
chnoel1,3109,508,16,0
ptcham1,3109,509,17,0
colin1,3109,510,18,0
cxroure1,3109,510,19,0
ecoagro1,3109,511,20,0
marbeuf1,3109,512,21,0
lguillg1,3109,513,22,0
chqpost1,3109,513,23,0
ptbrets1,3109,515,24,0
repx2,3109,516,25,1
egchap,3137,1150,1,0
rochers1,3137,1151,2,0
besner1,3137,1152,3,0
grippie1,3137,1153,4,0
hautier1,3137,1155,5,0
gareher1,3137,1156,6,0
egherm1,3137,1156,7,0
village1,3137,1157,8,0
clairef1,3137,1157,9,0
noebi1,3137,1158,10,0
haiet1,3137,1161,11,0
valvez1,3137,1162,12,0
lionor1,3137,1163,13,0
vcentre1,3137,1164,14,0
tertre1,3137,1166,15,0
chnoel1,3137,1167,16,0
ptcham1,3137,1168,17,0
colin1,3137,1169,18,0
cxroure1,3137,1169,19,0
ecoagro1,3137,1170,20,0
marbeuf1,3137,1171,21,0
lguillg1,3137,1172,22,0
chqpost1,3137,1172,23,0
ptbrets1,3137,1174,24,0
repx2,3137,1175,25,1
repbottc,3133,595,1,0
ptbrets2,3133,597,2,0
chqpost2,3133,599,3,0
lguillg2,3133,600,4,0
marbeuf2,3133,601,5,0
ecoagro2,3133,602,6,0
cxroure2,3133,603,7,0
colin2,3133,603,8,0
ptcham2,3133,604,9,0
chnoel2,3133,605,10,0
tertre2,3133,606,11,0
vcentre2,3133,607,12,0
lionor2,3133,608,13,0
valvez2,3133,609,14,0
haiet2,3133,610,15,0
noebi2,3133,613,16,0
clairef2,3133,614,17,0
village2,3133,615,18,0
egherm2,3133,615,19,0
gareher2,3133,616,20,0
hautier2,3133,616,21,0
grippie2,3133,618,22,0
besner2,3133,619,23,0
rochers2,3133,621,24,0
egchap,3133,622,25,1
repbottc,3177,910,1,0
ptbrets2,3177,912,2,0
chqpost2,3177,914,3,0
lguillg2,3177,915,4,0
marbeuf2,3177,916,5,0
ecoagro2,3177,917,6,0
cxroure2,3177,919,7,0
colin2,3177,919,8,0
ptcham2,3177,920,9,0
chnoel2,3177,921,10,0
tertre2,3177,922,11,0
vcentre2,3177,924,12,0
lionor2,3177,925,13,0
valvez2,3177,926,14,0
haiet2,3177,927,15,0
noebi2,3177,930,16,0
clairef2,3177,931,17,0
village2,3177,932,18,0
egherm2,3177,932,19,0
gareher2,3177,933,20,0
hautier2,3177,933,21,0
grippie2,3177,936,22,0
besner2,3177,937,23,0
rochers2,3177,939,24,0
egchap,3177,940,25,1
repbottc,3167,735,1,0
ptbrets2,3167,737,2,0
chqpost2,3167,739,3,0
lguillg2,3167,740,4,0
marbeuf2,3167,741,5,0
ecoagro2,3167,742,6,0
cxroure2,3167,743,7,0
colin2,3167,743,8,0
ptcham2,3167,744,9,0
chnoel2,3167,745,10,0
tertre2,3167,746,11,0
vcentre2,3167,747,12,0
lionor2,3167,748,13,0
valvez2,3167,749,14,0
haiet2,3167,750,15,0
noebi2,3167,753,16,0
clairef2,3167,754,17,0
village2,3167,755,18,0
egherm2,3167,755,19,0
gareher2,3167,756,20,0
hautier2,3167,756,21,0
grippie2,3167,758,22,0
besner2,3167,759,23,0
rochers2,3167,761,24,0
egchap,3167,762,25,1
repbottc,6870,950,1,0
ptbrets2,6870,952,2,0
chqpost2,6870,954,3,0
lguillg2,6870,955,4,0
marbeuf2,6870,956,5,0
ecoagro2,6870,957,6,0
cxroure2,6870,959,7,0
colin2,6870,959,8,0
ptcham2,6870,960,9,0
chnoel2,6870,961,10,0
tertre2,6870,962,11,0
vcentre2,6870,964,12,0
lionor2,6870,965,13,0
valvez2,6870,966,14,0
haiet2,6870,967,15,0
noebi2,6870,970,16,0
clairef2,6870,971,17,0
village2,6870,972,18,0
egherm2,6870,972,19,0
gareher2,6870,973,20,0
hautier2,6870,973,21,0
grippie2,6870,976,22,0
besner2,6870,977,23,0
rochers2,6870,979,24,0
egchap,6870,980,25,1
repbottc,2957,1075,1,0
ptbrets2,2957,1077,2,0
chqpost2,2957,1079,3,0
lguillg2,2957,1080,4,0
marbeuf2,2957,1081,5,0
ecoagro2,2957,1082,6,0
cxroure2,2957,1083,7,0
colin2,2957,1083,8,0
ptcham2,2957,1084,9,0
chnoel2,2957,1085,10,0
tertre2,2957,1086,11,0
vcentre2,2957,1088,12,0
lionor2,2957,1089,13,0
valvez2,2957,1090,14,0
haiet2,2957,1091,15,0
noebi2,2957,1094,16,0
clairef2,2957,1095,17,0
village2,2957,1096,18,0
egherm2,2957,1096,19,0
gareher2,2957,1097,20,0
hautier2,2957,1097,21,0
grippie2,2957,1100,22,0
besner2,2957,1101,23,0
rochers2,2957,1103,24,0
egchap,2957,1104,25,1
egchap,1811,590,1,0
rochers1,1811,591,2,0
besner1,1811,593,3,0
grippie1,1811,594,4,0
hautier1,1811,596,5,0
gareher1,1811,597,6,0
egherm1,1811,597,7,0
village1,1811,598,8,0
clairef1,1811,599,9,0
noebi1,1811,599,10,0
haiet1,1811,603,11,0
valvez1,1811,604,12,0
lionor1,1811,605,13,0
vcentre1,1811,606,14,0
tertre1,1811,608,15,0
chnoel1,1811,609,16,0
ptcham1,1811,610,17,0
colin1,1811,611,18,0
cxroure1,1811,611,19,0
ecoagro1,1811,613,20,0
marbeuf1,1811,613,21,0
lguillg1,1811,614,22,0
chqpost1,1811,615,23,0
ptbrets1,1811,617,24,0
repx2,1811,618,25,1
repbottc,1840,1180,1,0
ptbrets2,1840,1182,2,0
chqpost2,1840,1184,3,0
lguillg2,1840,1185,4,0
marbeuf2,1840,1186,5,0
ecoagro2,1840,1187,6,0
cxroure2,1840,1188,7,0
colin2,1840,1188,8,0
ptcham2,1840,1189,9,0
chnoel2,1840,1190,10,0
tertre2,1840,1191,11,0
vcentre2,1840,1192,12,0
lionor2,1840,1193,13,0
valvez2,1840,1194,14,0
haiet2,1840,1195,15,0
noebi2,1840,1198,16,0
clairef2,1840,1199,17,0
village2,1840,1200,18,0
egherm2,1840,1200,19,0
gareher2,1840,1201,20,0
hautier2,1840,1201,21,0
grippie2,1840,1203,22,0
besner2,1840,1204,23,0
rochers2,1840,1206,24,0
egchap,1840,1207,25,1
repbottc,1847,810,1,0
ptbrets2,1847,812,2,0
chqpost2,1847,814,3,0
lguillg2,1847,815,4,0
marbeuf2,1847,816,5,0
ecoagro2,1847,817,6,0
cxroure2,1847,819,7,0
colin2,1847,819,8,0
ptcham2,1847,820,9,0
chnoel2,1847,821,10,0
tertre2,1847,822,11,0
vcentre2,1847,824,12,0
lionor2,1847,825,13,0
valvez2,1847,826,14,0
haiet2,1847,827,15,0
noebi2,1847,830,16,0
clairef2,1847,831,17,0
village2,1847,832,18,0
egherm2,1847,832,19,0
gareher2,1847,833,20,0
hautier2,1847,833,21,0
grippie2,1847,836,22,0
besner2,1847,837,23,0
rochers2,1847,839,24,0
egchap,1847,840,25,1
repbottc,582,875,1,0
ptbrets2,582,877,2,0
chqpost2,582,879,3,0
lguillg2,582,880,4,0
marbeuf2,582,881,5,0
ecoagro2,582,882,6,0
cxroure2,582,883,7,0
colin2,582,883,8,0
ptcham2,582,884,9,0
chnoel2,582,885,10,0
tertre2,582,886,11,0
vcentre2,582,888,12,0
lionor2,582,889,13,0
valvez2,582,890,14,0
haiet2,582,891,15,0
noebi2,582,894,16,0
clairef2,582,895,17,0
village2,582,896,18,0
egherm2,582,896,19,0
gareher2,582,897,20,0
hautier2,582,897,21,0
grippie2,582,900,22,0
besner2,582,901,23,0
rochers2,582,903,24,0
egchap,582,904,25,1
egchap,1806,630,1,0
rochers1,1806,631,2,0
besner1,1806,633,3,0
grippie1,1806,634,4,0
hautier1,1806,636,5,0
gareher1,1806,637,6,0
egherm1,1806,637,7,0
village1,1806,638,8,0
clairef1,1806,638,9,0
noebi1,1806,639,10,0
haiet1,1806,642,11,0
valvez1,1806,643,12,0
lionor1,1806,644,13,0
vcentre1,1806,645,14,0
tertre1,1806,647,15,0
chnoel1,1806,648,16,0
ptcham1,1806,649,17,0
colin1,1806,650,18,0
cxroure1,1806,650,19,0
ecoagro1,1806,652,20,0
marbeuf1,1806,652,21,0
lguillg1,1806,653,22,0
chqpost1,1806,654,23,0
ptbrets1,1806,656,24,0
repx2,1806,657,25,1
egchap,6816,665,1,0
rochers1,6816,666,2,0
besner1,6816,668,3,0
grippie1,6816,669,4,0
hautier1,6816,671,5,0
gareher1,6816,672,6,0
egherm1,6816,672,7,0
village1,6816,673,8,0
clairef1,6816,674,9,0
noebi1,6816,674,10,0
haiet1,6816,678,11,0
valvez1,6816,679,12,0
lionor1,6816,680,13,0
vcentre1,6816,681,14,0
tertre1,6816,683,15,0
chnoel1,6816,684,16,0
ptcham1,6816,685,17,0
colin1,6816,686,18,0
cxroure1,6816,686,19,0
ecoagro1,6816,688,20,0
marbeuf1,6816,688,21,0
lguillg1,6816,689,22,0
chqpost1,6816,690,23,0
ptbrets1,6816,692,24,0
repx2,6816,693,25,1
egchap,1869,505,1,0
rochers1,1869,506,2,0
besner1,1869,508,3,0
grippie1,1869,509,4,0
hautier1,1869,511,5,0
gareher1,1869,512,6,0
egherm1,1869,512,7,0
village1,1869,513,8,0
clairef1,1869,514,9,0
noebi1,1869,515,10,0
haiet1,1869,519,11,0
valvez1,1869,520,12,0
lionor1,1869,522,13,0
vcentre1,1869,523,14,0
tertre1,1869,525,15,0
chnoel1,1869,527,16,0
ptcham1,1869,528,17,0
colin1,1869,529,18,0
cxroure1,1869,530,19,0
ecoagro1,1869,532,20,0
marbeuf1,1869,533,21,0
lguillg1,1869,534,22,0
chqpost1,1869,535,23,0
ptbrets1,1869,537,24,0
repx2,1869,538,25,1
egchap,6826,625,1,0
rochers1,6826,626,2,0
besner1,6826,628,3,0
grippie1,6826,629,4,0
hautier1,6826,631,5,0
gareher1,6826,632,6,0
egherm1,6826,632,7,0
village1,6826,633,8,0
clairef1,6826,634,9,0
noebi1,6826,634,10,0
haiet1,6826,638,11,0
valvez1,6826,639,12,0
lionor1,6826,640,13,0
vcentre1,6826,641,14,0
tertre1,6826,643,15,0
chnoel1,6826,644,16,0
ptcham1,6826,645,17,0
colin1,6826,646,18,0
cxroure1,6826,646,19,0
ecoagro1,6826,648,20,0
marbeuf1,6826,648,21,0
lguillg1,6826,649,22,0
chqpost1,6826,650,23,0
ptbrets1,6826,652,24,0
repx2,6826,653,25,1
repbottc,2910,385,1,0
ptbrets2,2910,387,2,0
chqpost2,2910,389,3,0
lguillg2,2910,390,4,0
marbeuf2,2910,391,5,0
ecoagro2,2910,392,6,0
cxroure2,2910,393,7,0
colin2,2910,393,8,0
ptcham2,2910,394,9,0
chnoel2,2910,395,10,0
tertre2,2910,396,11,0
vcentre2,2910,397,12,0
lionor2,2910,398,13,0
valvez2,2910,399,14,0
haiet2,2910,400,15,0
noebi2,2910,403,16,0
clairef2,2910,403,17,0
village2,2910,404,18,0
egherm2,2910,404,19,0
gareher2,2910,405,20,0
hautier2,2910,405,21,0
grippie2,2910,407,22,0
besner2,2910,408,23,0
rochers2,2910,410,24,0
egchap,2910,411,25,1
egchap,4716,455,1,0
rochers1,4716,456,2,0
besner1,4716,458,3,0
grippie1,4716,459,4,0
hautier1,4716,461,5,0
gareher1,4716,462,6,0
egherm1,4716,462,7,0
village1,4716,463,8,0
clairef1,4716,463,9,0
noebi1,4716,464,10,0
haiet1,4716,467,11,0
valvez1,4716,468,12,0
lionor1,4716,469,13,0
vcentre1,4716,469,14,0
tertre1,4716,471,15,0
chnoel1,4716,472,16,0
ptcham1,4716,473,17,0
colin1,4716,474,18,0
cxroure1,4716,474,19,0
ecoagro1,4716,475,20,0
marbeuf1,4716,476,21,0
lguillg1,4716,477,22,0
chqpost1,4716,477,23,0
ptbrets1,4716,479,24,0
repx2,4716,480,25,1
egchap,1880,1030,1,0
rochers1,1880,1031,2,0
besner1,1880,1033,3,0
grippie1,1880,1034,4,0
hautier1,1880,1036,5,0
gareher1,1880,1037,6,0
egherm1,1880,1037,7,0
village1,1880,1038,8,0
clairef1,1880,1039,9,0
noebi1,1880,1039,10,0
haiet1,1880,1043,11,0
valvez1,1880,1044,12,0
lionor1,1880,1045,13,0
vcentre1,1880,1046,14,0
tertre1,1880,1048,15,0
chnoel1,1880,1049,16,0
ptcham1,1880,1050,17,0
colin1,1880,1051,18,0
cxroure1,1880,1051,19,0
ecoagro1,1880,1053,20,0
marbeuf1,1880,1054,21,0
lguillg1,1880,1055,22,0
chqpost1,1880,1056,23,0
ptbrets1,1880,1058,24,0
repx2,1880,1059,25,1
repbottc,6861,900,1,0
ptbrets2,6861,902,2,0
chqpost2,6861,904,3,0
lguillg2,6861,905,4,0
marbeuf2,6861,906,5,0
ecoagro2,6861,907,6,0
cxroure2,6861,908,7,0
colin2,6861,908,8,0
ptcham2,6861,909,9,0
chnoel2,6861,910,10,0
tertre2,6861,911,11,0
vcentre2,6861,913,12,0
lionor2,6861,914,13,0
valvez2,6861,915,14,0
haiet2,6861,916,15,0
noebi2,6861,919,16,0
clairef2,6861,920,17,0
village2,6861,921,18,0
egherm2,6861,921,19,0
gareher2,6861,922,20,0
hautier2,6861,922,21,0
grippie2,6861,925,22,0
besner2,6861,926,23,0
rochers2,6861,928,24,0
egchap,6861,929,25,1
repbottc,4610,930,1,0
ptbrets2,4610,932,2,0
chqpost2,4610,934,3,0
lguillg2,4610,935,4,0
marbeuf2,4610,936,5,0
ecoagro2,4610,937,6,0
cxroure2,4610,939,7,0
colin2,4610,939,8,0
ptcham2,4610,940,9,0
chnoel2,4610,941,10,0
tertre2,4610,942,11,0
vcentre2,4610,944,12,0
lionor2,4610,945,13,0
valvez2,4610,946,14,0
haiet2,4610,947,15,0
noebi2,4610,950,16,0
clairef2,4610,951,17,0
village2,4610,952,18,0
egherm2,4610,952,19,0
gareher2,4610,953,20,0
hautier2,4610,953,21,0
grippie2,4610,956,22,0
besner2,4610,957,23,0
rochers2,4610,959,24,0
egchap,4610,960,25,1
egchap,6777,1090,1,0
rochers1,6777,1091,2,0
besner1,6777,1093,3,0
grippie1,6777,1094,4,0
hautier1,6777,1096,5,0
gareher1,6777,1097,6,0
egherm1,6777,1097,7,0
village1,6777,1098,8,0
clairef1,6777,1099,9,0
noebi1,6777,1099,10,0
haiet1,6777,1103,11,0
valvez1,6777,1104,12,0
lionor1,6777,1105,13,0
vcentre1,6777,1106,14,0
tertre1,6777,1108,15,0
chnoel1,6777,1109,16,0
ptcham1,6777,1110,17,0
colin1,6777,1111,18,0
cxroure1,6777,1111,19,0
ecoagro1,6777,1113,20,0
marbeuf1,6777,1113,21,0
lguillg1,6777,1114,22,0
chqpost1,6777,1115,23,0
ptbrets1,6777,1117,24,0
repx2,6777,1118,25,1
egchap,6797,425,1,0
rochers1,6797,426,2,0
besner1,6797,428,3,0
grippie1,6797,429,4,0
hautier1,6797,431,5,0
gareher1,6797,432,6,0
egherm1,6797,432,7,0
village1,6797,433,8,0
clairef1,6797,433,9,0
noebi1,6797,434,10,0
haiet1,6797,437,11,0
valvez1,6797,438,12,0
lionor1,6797,439,13,0
vcentre1,6797,439,14,0
tertre1,6797,441,15,0
chnoel1,6797,442,16,0
ptcham1,6797,443,17,0
colin1,6797,444,18,0
cxroure1,6797,444,19,0
ecoagro1,6797,445,20,0
marbeuf1,6797,446,21,0
lguillg1,6797,447,22,0
chqpost1,6797,447,23,0
ptbrets1,6797,449,24,0
repx2,6797,450,25,1
repbottc,455,850,1,0
ptbrets2,455,852,2,0
chqpost2,455,854,3,0
lguillg2,455,855,4,0
marbeuf2,455,856,5,0
ecoagro2,455,857,6,0
cxroure2,455,858,7,0
colin2,455,858,8,0
ptcham2,455,859,9,0
chnoel2,455,860,10,0
tertre2,455,861,11,0
vcentre2,455,863,12,0
lionor2,455,864,13,0
valvez2,455,865,14,0
haiet2,455,866,15,0
noebi2,455,869,16,0
clairef2,455,870,17,0
village2,455,871,18,0
egherm2,455,871,19,0
gareher2,455,872,20,0
hautier2,455,872,21,0
grippie2,455,875,22,0
besner2,455,876,23,0
rochers2,455,878,24,0
egchap,455,879,25,1
egchap,462,810,1,0
rochers1,462,811,2,0
besner1,462,813,3,0
grippie1,462,814,4,0
hautier1,462,816,5,0
gareher1,462,817,6,0
egherm1,462,817,7,0
village1,462,818,8,0
clairef1,462,819,9,0
noebi1,462,819,10,0
haiet1,462,823,11,0
valvez1,462,824,12,0
lionor1,462,825,13,0
vcentre1,462,826,14,0
tertre1,462,828,15,0
chnoel1,462,829,16,0
ptcham1,462,830,17,0
colin1,462,831,18,0
cxroure1,462,831,19,0
ecoagro1,462,833,20,0
marbeuf1,462,833,21,0
lguillg1,462,834,22,0
chqpost1,462,835,23,0
ptbrets1,462,837,24,0
repx2,462,838,25,1
egchap,6731,770,1,0
rochers1,6731,771,2,0
besner1,6731,773,3,0
grippie1,6731,774,4,0
hautier1,6731,776,5,0
gareher1,6731,777,6,0
egherm1,6731,777,7,0
village1,6731,778,8,0
clairef1,6731,779,9,0
noebi1,6731,779,10,0
haiet1,6731,783,11,0
valvez1,6731,784,12,0
lionor1,6731,785,13,0
vcentre1,6731,786,14,0
tertre1,6731,788,15,0
chnoel1,6731,789,16,0
ptcham1,6731,790,17,0
colin1,6731,791,18,0
cxroure1,6731,791,19,0
ecoagro1,6731,793,20,0
marbeuf1,6731,793,21,0
lguillg1,6731,794,22,0
chqpost1,6731,795,23,0
ptbrets1,6731,797,24,0
repx2,6731,798,25,1
egchap,2806,790,1,0
rochers1,2806,791,2,0
besner1,2806,793,3,0
grippie1,2806,794,4,0
hautier1,2806,796,5,0
gareher1,2806,797,6,0
egherm1,2806,797,7,0
village1,2806,798,8,0
clairef1,2806,799,9,0
noebi1,2806,799,10,0
haiet1,2806,803,11,0
valvez1,2806,804,12,0
lionor1,2806,805,13,0
vcentre1,2806,806,14,0
tertre1,2806,808,15,0
chnoel1,2806,809,16,0
ptcham1,2806,810,17,0
colin1,2806,811,18,0
cxroure1,2806,811,19,0
ecoagro1,2806,813,20,0
marbeuf1,2806,813,21,0
lguillg1,2806,814,22,0
chqpost1,2806,815,23,0
ptbrets1,2806,817,24,0
repx2,2806,818,25,1
repbottc,6700,1125,1,0
ptbrets2,6700,1127,2,0
chqpost2,6700,1129,3,0
lguillg2,6700,1130,4,0
marbeuf2,6700,1131,5,0
ecoagro2,6700,1132,6,0
cxroure2,6700,1133,7,0
colin2,6700,1133,8,0
ptcham2,6700,1134,9,0
chnoel2,6700,1135,10,0
tertre2,6700,1136,11,0
vcentre2,6700,1138,12,0
lionor2,6700,1139,13,0
valvez2,6700,1140,14,0
haiet2,6700,1141,15,0
noebi2,6700,1144,16,0
clairef2,6700,1145,17,0
village2,6700,1146,18,0
egherm2,6700,1146,19,0
gareher2,6700,1147,20,0
hautier2,6700,1147,21,0
grippie2,6700,1150,22,0
besner2,6700,1151,23,0
rochers2,6700,1153,24,0
egchap,6700,1154,25,1
repbottc,1732,550,1,0
ptbrets2,1732,552,2,0
chqpost2,1732,554,3,0
lguillg2,1732,555,4,0
marbeuf2,1732,556,5,0
ecoagro2,1732,557,6,0
cxroure2,1732,559,7,0
colin2,1732,559,8,0
ptcham2,1732,560,9,0
chnoel2,1732,561,10,0
tertre2,1732,562,11,0
vcentre2,1732,564,12,0
lionor2,1732,565,13,0
valvez2,1732,566,14,0
haiet2,1732,567,15,0
noebi2,1732,570,16,0
clairef2,1732,571,17,0
village2,1732,572,18,0
egherm2,1732,572,19,0
gareher2,1732,573,20,0
hautier2,1732,573,21,0
grippie2,1732,575,22,0
besner2,1732,576,23,0
rochers2,1732,578,24,0
egchap,1732,579,25,1
repbottc,4502,1380,1,0
ptbrets2,4502,1382,2,0
chqpost2,4502,1383,3,0
lguillg2,4502,1384,4,0
marbeuf2,4502,1385,5,0
ecoagro2,4502,1386,6,0
cxroure2,4502,1387,7,0
colin2,4502,1387,8,0
ptcham2,4502,1388,9,0
chnoel2,4502,1389,10,0
tertre2,4502,1390,11,0
vcentre2,4502,1391,12,0
lionor2,4502,1392,13,0
valvez2,4502,1393,14,0
haiet2,4502,1394,15,0
clairef2,4502,1397,16,0
village2,4502,1398,17,0
egherm2,4502,1398,18,0
gareher2,4502,1399,19,0
hautier2,4502,1399,20,0
grippie2,4502,1401,21,0
besner2,4502,1402,22,0
rochers2,4502,1404,23,0
egchap,4502,1405,24,0
chverc,4502,1410,25,0
noecin1,4502,1410,26,0
egverg1,4502,1418,27,0
bouvrai1,4502,1418,28,1
repbottc,4547,780,1,0
ptbrets2,4547,782,2,0
chqpost2,4547,784,3,0
lguillg2,4547,785,4,0
marbeuf2,4547,786,5,0
ecoagro2,4547,787,6,0
cxroure2,4547,788,7,0
colin2,4547,788,8,0
ptcham2,4547,789,9,0
chnoel2,4547,790,10,0
tertre2,4547,791,11,0
vcentre2,4547,793,12,0
lionor2,4547,794,13,0
valvez2,4547,795,14,0
haiet2,4547,796,15,0
noebi2,4547,799,16,0
clairef2,4547,800,17,0
village2,4547,801,18,0
egherm2,4547,801,19,0
gareher2,4547,802,20,0
hautier2,4547,802,21,0
grippie2,4547,805,22,0
besner2,4547,806,23,0
rochers2,4547,808,24,0
egchap,4547,809,25,1
egchap,1698,430,1,0
rochers1,1698,431,2,0
besner1,1698,433,3,0
grippie1,1698,434,4,0
hautier1,1698,436,5,0
gareher1,1698,437,6,0
egherm1,1698,437,7,0
village1,1698,438,8,0
clairef1,1698,439,9,0
noebi1,1698,440,10,0
haiet1,1698,444,11,0
valvez1,1698,445,12,0
lionor1,1698,446,13,0
vcentre1,1698,447,14,0
tertre1,1698,449,15,0
chnoel1,1698,450,16,0
ptcham1,1698,451,17,0
colin1,1698,452,18,0
cxroure1,1698,453,19,0
ecoagro1,1698,455,20,0
marbeuf1,1698,456,21,0
lguillg1,1698,457,22,0
chqpost1,1698,458,23,0
ptbrets1,1698,460,24,0
repx2,1698,461,25,1
repbottc,1694,885,1,0
ptbrets2,1694,887,2,0
chqpost2,1694,889,3,0
lguillg2,1694,890,4,0
marbeuf2,1694,891,5,0
ecoagro2,1694,892,6,0
cxroure2,1694,893,7,0
colin2,1694,894,8,0
ptcham2,1694,895,9,0
chnoel2,1694,896,10,0
tertre2,1694,897,11,0
vcentre2,1694,899,12,0
lionor2,1694,900,13,0
valvez2,1694,901,14,0
haiet2,1694,902,15,0
noebi2,1694,905,16,0
clairef2,1694,906,17,0
village2,1694,907,18,0
egherm2,1694,907,19,0
gareher2,1694,907,20,0
hautier2,1694,908,21,0
grippie2,1694,910,22,0
besner2,1694,911,23,0
rochers2,1694,912,24,0
egchap,1694,913,25,1
colin1,4957,1120,1,0
cxroure1,4957,1121,2,0
ecoagro1,4957,1123,3,0
marbeuf1,4957,1123,4,0
lguillg1,4957,1124,5,0
chqpost1,4957,1125,6,0
ptbrets1,4957,1127,7,0
repx2,4957,1128,8,1
repbottc,5946,1130,1,0
ptbrets2,5946,1132,2,0
chqpost2,5946,1134,3,0
lguillg2,5946,1135,4,0
marbeuf2,5946,1136,5,0
ecoagro2,5946,1137,6,0
cxroure2,5946,1139,7,0
colin2,5946,1139,8,0
ptcham2,5946,1140,9,0
chnoel2,5946,1141,10,0
tertre2,5946,1142,11,0
vcentre2,5946,1144,12,0
lionor2,5946,1145,13,0
valvez2,5946,1146,14,0
haiet2,5946,1147,15,0
noebi2,5946,1151,16,0
clairef2,5946,1152,17,0
village2,5946,1153,18,0
egherm2,5946,1153,19,0
gareher2,5946,1154,20,0
hautier2,5946,1154,21,0
grippie2,5946,1157,22,0
besner2,5946,1158,23,0
rochers2,5946,1160,24,0
egchap,5946,1161,25,1
repbottc,5967,470,1,0
ptbrets2,5967,472,2,0
chqpost2,5967,474,3,0
lguillg2,5967,475,4,0
marbeuf2,5967,476,5,0
ecoagro2,5967,477,6,0
cxroure2,5967,478,7,0
colin2,5967,478,8,0
ptcham2,5967,479,9,0
chnoel2,5967,480,10,0
tertre2,5967,481,11,0
vcentre2,5967,483,12,0
lionor2,5967,484,13,0
valvez2,5967,485,14,0
haiet2,5967,486,15,0
noebi2,5967,489,16,0
clairef2,5967,490,17,0
village2,5967,491,18,0
egherm2,5967,491,19,0
gareher2,5967,492,20,0
hautier2,5967,492,21,0
grippie2,5967,494,22,0
besner2,5967,495,23,0
rochers2,5967,497,24,0
egchap,5967,498,25,1
repbottc,5929,1190,1,0
ptbrets2,5929,1192,2,0
chqpost2,5929,1194,3,0
lguillg2,5929,1195,4,0
marbeuf2,5929,1196,5,0
ecoagro2,5929,1197,6,0
cxroure2,5929,1198,7,0
colin2,5929,1198,8,0
ptcham2,5929,1199,9,0
chnoel2,5929,1200,10,0
tertre2,5929,1201,11,0
vcentre2,5929,1202,12,0
lionor2,5929,1203,13,0
valvez2,5929,1204,14,0
haiet2,5929,1205,15,0
noebi2,5929,1208,16,0
clairef2,5929,1209,17,0
village2,5929,1210,18,0
egherm2,5929,1210,19,0
gareher2,5929,1211,20,0
hautier2,5929,1211,21,0
grippie2,5929,1213,22,0
besner2,5929,1214,23,0
rochers2,5929,1216,24,0
egchap,5929,1217,25,1
repbottc,5906,870,1,0
ptbrets2,5906,872,2,0
chqpost2,5906,874,3,0
lguillg2,5906,875,4,0
marbeuf2,5906,876,5,0
ecoagro2,5906,877,6,0
cxroure2,5906,879,7,0
colin2,5906,879,8,0
ptcham2,5906,880,9,0
chnoel2,5906,881,10,0
tertre2,5906,882,11,0
vcentre2,5906,884,12,0
lionor2,5906,885,13,0
valvez2,5906,886,14,0
haiet2,5906,887,15,0
noebi2,5906,890,16,0
clairef2,5906,891,17,0
village2,5906,892,18,0
egherm2,5906,892,19,0
gareher2,5906,893,20,0
hautier2,5906,893,21,0
grippie2,5906,896,22,0
besner2,5906,897,23,0
rochers2,5906,899,24,0
egchap,5906,900,25,1
egchap,1529,990,1,0
rochers1,1529,991,2,0
besner1,1529,993,3,0
grippie1,1529,994,4,0
hautier1,1529,996,5,0
gareher1,1529,997,6,0
egherm1,1529,997,7,0
village1,1529,998,8,0
clairef1,1529,998,9,0
noebi1,1529,999,10,0
haiet1,1529,1002,11,0
valvez1,1529,1003,12,0
lionor1,1529,1004,13,0
vcentre1,1529,1005,14,0
tertre1,1529,1007,15,0
chnoel1,1529,1008,16,0
ptcham1,1529,1009,17,0
colin1,1529,1010,18,0
cxroure1,1529,1010,19,0
ecoagro1,1529,1012,20,0
marbeuf1,1529,1012,21,0
lguillg1,1529,1013,22,0
chqpost1,1529,1014,23,0
ptbrets1,1529,1016,24,0
repx2,1529,1017,25,1
egchap,4832,990,1,0
rochers1,4832,991,2,0
besner1,4832,993,3,0
grippie1,4832,994,4,0
hautier1,4832,996,5,0
gareher1,4832,997,6,0
egherm1,4832,997,7,0
village1,4832,998,8,0
clairef1,4832,999,9,0
noebi1,4832,999,10,0
haiet1,4832,1003,11,0
valvez1,4832,1004,12,0
lionor1,4832,1005,13,0
vcentre1,4832,1006,14,0
tertre1,4832,1008,15,0
chnoel1,4832,1009,16,0
ptcham1,4832,1010,17,0
colin1,4832,1011,18,0
cxroure1,4832,1011,19,0
ecoagro1,4832,1013,20,0
marbeuf1,4832,1014,21,0
lguillg1,4832,1015,22,0
chqpost1,4832,1016,23,0
ptbrets1,4832,1018,24,0
repx2,4832,1019,25,1
repbottc,1468,455,1,0
ptbrets2,1468,457,2,0
chqpost2,1468,459,3,0
lguillg2,1468,460,4,0
marbeuf2,1468,461,5,0
ecoagro2,1468,462,6,0
cxroure2,1468,463,7,0
colin2,1468,464,8,1
egchap,1470,485,1,0
rochers1,1470,486,2,0
besner1,1470,488,3,0
grippie1,1470,489,4,0
hautier1,1470,491,5,0
gareher1,1470,492,6,0
egherm1,1470,492,7,0
village1,1470,493,8,0
clairef1,1470,494,9,0
noebi1,1470,495,10,0
haiet1,1470,499,11,0
valvez1,1470,500,12,0
lionor1,1470,502,13,0
vcentre1,1470,503,14,0
tertre1,1470,505,15,0
chnoel1,1470,507,16,0
ptcham1,1470,508,17,0
colin1,1470,509,18,0
cxroure1,1470,510,19,0
ecoagro1,1470,512,20,0
marbeuf1,1470,513,21,0
lguillg1,1470,514,22,0
chqpost1,1470,515,23,0
ptbrets1,1470,517,24,0
repx2,1470,518,25,1
repbottc,4757,1250,1,0
ptbrets2,4757,1252,2,0
chqpost2,4757,1254,3,0
lguillg2,4757,1255,4,0
marbeuf2,4757,1256,5,0
ecoagro2,4757,1257,6,0
cxroure2,4757,1258,7,0
colin2,4757,1258,8,0
ptcham2,4757,1259,9,0
chnoel2,4757,1260,10,0
tertre2,4757,1261,11,0
vcentre2,4757,1262,12,0
lionor2,4757,1263,13,0
valvez2,4757,1264,14,0
haiet2,4757,1265,15,0
noebi2,4757,1268,16,0
clairef2,4757,1268,17,0
village2,4757,1269,18,0
egherm2,4757,1269,19,0
gareher2,4757,1270,20,0
hautier2,4757,1270,21,0
grippie2,4757,1272,22,0
besner2,4757,1273,23,0
rochers2,4757,1275,24,0
egchap,4757,1276,25,1
egchap,5837,850,1,0
rochers1,5837,851,2,0
besner1,5837,853,3,0
grippie1,5837,854,4,0
hautier1,5837,856,5,0
gareher1,5837,857,6,0
egherm1,5837,857,7,0
village1,5837,858,8,0
clairef1,5837,859,9,0
noebi1,5837,859,10,0
haiet1,5837,863,11,0
valvez1,5837,864,12,0
lionor1,5837,865,13,0
vcentre1,5837,866,14,0
tertre1,5837,868,15,0
chnoel1,5837,869,16,0
ptcham1,5837,870,17,0
colin1,5837,871,18,0
cxroure1,5837,871,19,0
ecoagro1,5837,873,20,0
marbeuf1,5837,873,21,0
lguillg1,5837,874,22,0
chqpost1,5837,875,23,0
ptbrets1,5837,877,24,0
repx2,5837,878,25,1
repbottc,5822,450,1,0
ptbrets2,5822,452,2,0
chqpost2,5822,454,3,0
lguillg2,5822,455,4,0
marbeuf2,5822,456,5,0
ecoagro2,5822,457,6,0
cxroure2,5822,458,7,0
colin2,5822,458,8,0
ptcham2,5822,459,9,0
chnoel2,5822,460,10,0
tertre2,5822,461,11,0
vcentre2,5822,463,12,0
lionor2,5822,464,13,0
valvez2,5822,465,14,0
haiet2,5822,466,15,0
noebi2,5822,469,16,0
clairef2,5822,470,17,0
village2,5822,471,18,0
egherm2,5822,471,19,0
gareher2,5822,472,20,0
hautier2,5822,472,21,0
grippie2,5822,474,22,0
besner2,5822,475,23,0
rochers2,5822,477,24,0
egchap,5822,478,25,1
repbottc,5870,1250,1,0
ptbrets2,5870,1252,2,0
chqpost2,5870,1254,3,0
lguillg2,5870,1255,4,0
marbeuf2,5870,1256,5,0
ecoagro2,5870,1257,6,0
cxroure2,5870,1258,7,0
colin2,5870,1258,8,0
ptcham2,5870,1259,9,0
chnoel2,5870,1260,10,0
tertre2,5870,1261,11,0
vcentre2,5870,1262,12,0
lionor2,5870,1263,13,0
valvez2,5870,1264,14,0
haiet2,5870,1265,15,0
noebi2,5870,1268,16,0
clairef2,5870,1269,17,0
village2,5870,1270,18,0
egherm2,5870,1270,19,0
gareher2,5870,1271,20,0
hautier2,5870,1271,21,0
grippie2,5870,1273,22,0
besner2,5870,1274,23,0
rochers2,5870,1276,24,0
egchap,5870,1277,25,1
egchap,267,1050,1,0
rochers1,267,1051,2,0
besner1,267,1053,3,0
grippie1,267,1054,4,0
hautier1,267,1056,5,0
gareher1,267,1057,6,0
egherm1,267,1057,7,0
village1,267,1058,8,0
clairef1,267,1059,9,0
noebi1,267,1059,10,0
haiet1,267,1063,11,0
valvez1,267,1064,12,0
lionor1,267,1065,13,0
vcentre1,267,1066,14,0
tertre1,267,1068,15,0
chnoel1,267,1069,16,0
ptcham1,267,1070,17,0
colin1,267,1071,18,0
cxroure1,267,1071,19,0
ecoagro1,267,1073,20,0
marbeuf1,267,1074,21,0
lguillg1,267,1075,22,0
chqpost1,267,1076,23,0
ptbrets1,267,1078,24,0
repx2,267,1079,25,1
repbottc,1438,970,1,0
ptbrets2,1438,972,2,0
chqpost2,1438,974,3,0
lguillg2,1438,975,4,0
marbeuf2,1438,976,5,0
ecoagro2,1438,977,6,0
cxroure2,1438,979,7,0
colin2,1438,979,8,0
ptcham2,1438,980,9,0
chnoel2,1438,981,10,0
tertre2,1438,982,11,0
vcentre2,1438,984,12,0
lionor2,1438,985,13,0
valvez2,1438,986,14,0
haiet2,1438,987,15,0
noebi2,1438,990,16,0
clairef2,1438,991,17,0
village2,1438,992,18,0
egherm2,1438,992,19,0
gareher2,1438,993,20,0
hautier2,1438,993,21,0
grippie2,1438,996,22,0
besner2,1438,997,23,0
rochers2,1438,999,24,0
egchap,1438,1000,25,1
repbottc,918,515,1,0
ptbrets2,918,517,2,0
chqpost2,918,519,3,0
lguillg2,918,520,4,0
marbeuf2,918,521,5,0
ecoagro2,918,522,6,0
cxroure2,918,524,7,0
colin2,918,525,8,1
egchap,911,870,1,0
rochers1,911,871,2,0
besner1,911,873,3,0
grippie1,911,874,4,0
hautier1,911,876,5,0
gareher1,911,877,6,0
egherm1,911,877,7,0
village1,911,878,8,0
clairef1,911,879,9,0
noebi1,911,879,10,0
haiet1,911,883,11,0
valvez1,911,884,12,0
lionor1,911,885,13,0
vcentre1,911,886,14,0
tertre1,911,888,15,0
chnoel1,911,889,16,0
ptcham1,911,890,17,0
colin1,911,891,18,0
cxroure1,911,891,19,0
ecoagro1,911,893,20,0
marbeuf1,911,893,21,0
lguillg1,911,894,22,0
chqpost1,911,895,23,0
ptbrets1,911,897,24,0
repx2,911,898,25,1
egchap,5807,423,1,0
rochers1,5807,424,2,0
besner1,5807,426,3,0
grippie1,5807,427,4,0
hautier1,5807,429,5,0
gareher1,5807,430,6,0
egherm1,5807,430,7,0
village1,5807,431,8,0
clairef1,5807,432,9,0
noebi1,5807,433,10,0
haiet1,5807,437,11,0
valvez1,5807,438,12,0
lionor1,5807,439,13,0
vcentre1,5807,440,14,0
tertre1,5807,442,15,0
chnoel1,5807,443,16,0
ptcham1,5807,444,17,0
colin1,5807,445,18,0
cxroure1,5807,446,19,0
ecoagro1,5807,448,20,0
marbeuf1,5807,449,21,0
lguillg1,5807,450,22,0
chqpost1,5807,451,23,0
ptbrets1,5807,453,24,0
repx2,5807,454,25,1
repbottc,993,1025,1,0
ptbrets2,993,1027,2,0
chqpost2,993,1029,3,0
lguillg2,993,1030,4,0
marbeuf2,993,1031,5,0
ecoagro2,993,1032,6,0
cxroure2,993,1033,7,0
colin2,993,1034,8,0
ptcham2,993,1035,9,0
chnoel2,993,1036,10,0
tertre2,993,1037,11,0
vcentre2,993,1039,12,0
lionor2,993,1040,13,0
valvez2,993,1041,14,0
haiet2,993,1042,15,0
noebi2,993,1045,16,0
clairef2,993,1046,17,0
village2,993,1047,18,0
egherm2,993,1047,19,0
gareher2,993,1047,20,0
hautier2,993,1048,21,0
grippie2,993,1050,22,0
besner2,993,1051,23,0
rochers2,993,1052,24,0
egchap,993,1053,25,1
egchap,2500,770,1,0
rochers1,2500,771,2,0
besner1,2500,773,3,0
grippie1,2500,774,4,0
hautier1,2500,776,5,0
gareher1,2500,777,6,0
egherm1,2500,777,7,0
village1,2500,778,8,0
clairef1,2500,778,9,0
noebi1,2500,779,10,0
haiet1,2500,782,11,0
valvez1,2500,783,12,0
lionor1,2500,784,13,0
vcentre1,2500,785,14,0
tertre1,2500,787,15,0
chnoel1,2500,788,16,0
ptcham1,2500,789,17,0
colin1,2500,790,18,0
cxroure1,2500,790,19,0
ecoagro1,2500,792,20,0
marbeuf1,2500,792,21,0
lguillg1,2500,793,22,0
chqpost1,2500,794,23,0
ptbrets1,2500,796,24,0
repx2,2500,797,25,1
repbottc,2520,925,1,0
ptbrets2,2520,927,2,0
chqpost2,2520,929,3,0
lguillg2,2520,930,4,0
marbeuf2,2520,931,5,0
ecoagro2,2520,932,6,0
cxroure2,2520,933,7,0
colin2,2520,933,8,0
ptcham2,2520,934,9,0
chnoel2,2520,935,10,0
tertre2,2520,936,11,0
vcentre2,2520,938,12,0
lionor2,2520,939,13,0
valvez2,2520,940,14,0
haiet2,2520,941,15,0
noebi2,2520,944,16,0
clairef2,2520,945,17,0
village2,2520,946,18,0
egherm2,2520,946,19,0
gareher2,2520,947,20,0
hautier2,2520,947,21,0
grippie2,2520,950,22,0
besner2,2520,951,23,0
rochers2,2520,953,24,0
egchap,2520,954,25,1
repbottc,5731,1070,1,0
ptbrets2,5731,1072,2,0
chqpost2,5731,1074,3,0
lguillg2,5731,1075,4,0
marbeuf2,5731,1076,5,0
ecoagro2,5731,1077,6,0
cxroure2,5731,1079,7,0
colin2,5731,1080,8,0
ptcham2,5731,1081,9,0
chnoel2,5731,1082,10,0
tertre2,5731,1083,11,0
vcentre2,5731,1085,12,0
lionor2,5731,1086,13,0
valvez2,5731,1087,14,0
haiet2,5731,1088,15,0
noebi2,5731,1092,16,0
clairef2,5731,1093,17,0
village2,5731,1094,18,0
egherm2,5731,1094,19,0
gareher2,5731,1095,20,0
hautier2,5731,1095,21,0
grippie2,5731,1098,22,0
besner2,5731,1099,23,0
rochers2,5731,1101,24,0
egchap,5731,1102,25,1
egchap,5767,1160,1,0
rochers1,5767,1161,2,0
besner1,5767,1163,3,0
grippie1,5767,1164,4,0
hautier1,5767,1166,5,0
gareher1,5767,1167,6,0
egherm1,5767,1167,7,0
village1,5767,1168,8,0
clairef1,5767,1168,9,0
noebi1,5767,1169,10,0
haiet1,5767,1172,11,0
valvez1,5767,1173,12,0
lionor1,5767,1174,13,0
vcentre1,5767,1175,14,0
tertre1,5767,1177,15,0
chnoel1,5767,1178,16,0
ptcham1,5767,1179,17,0
colin1,5767,1180,18,0
cxroure1,5767,1180,19,0
ecoagro1,5767,1182,20,0
marbeuf1,5767,1182,21,0
lguillg1,5767,1183,22,0
chqpost1,5767,1184,23,0
ptbrets1,5767,1186,24,0
repx2,5767,1187,25,1
egchap,5707,1090,1,0
rochers1,5707,1091,2,0
besner1,5707,1093,3,0
grippie1,5707,1094,4,0
hautier1,5707,1096,5,0
gareher1,5707,1097,6,0
egherm1,5707,1097,7,0
village1,5707,1098,8,0
clairef1,5707,1098,9,0
noebi1,5707,1099,10,0
haiet1,5707,1102,11,0
valvez1,5707,1103,12,0
lionor1,5707,1104,13,0
vcentre1,5707,1105,14,0
tertre1,5707,1107,15,0
chnoel1,5707,1108,16,0
ptcham1,5707,1109,17,0
colin1,5707,1110,18,0
cxroure1,5707,1110,19,0
ecoagro1,5707,1112,20,0
marbeuf1,5707,1112,21,0
lguillg1,5707,1113,22,0
chqpost1,5707,1114,23,0
ptbrets1,5707,1116,24,0
repx2,5707,1117,25,1
repbottc,5704,1220,1,0
ptbrets2,5704,1222,2,0
chqpost2,5704,1224,3,0
lguillg2,5704,1225,4,0
marbeuf2,5704,1226,5,0
ecoagro2,5704,1227,6,0
cxroure2,5704,1228,7,0
colin2,5704,1228,8,0
ptcham2,5704,1229,9,0
chnoel2,5704,1230,10,0
tertre2,5704,1231,11,0
vcentre2,5704,1232,12,0
lionor2,5704,1233,13,0
valvez2,5704,1234,14,0
haiet2,5704,1235,15,0
noebi2,5704,1238,16,0
clairef2,5704,1239,17,0
village2,5704,1240,18,0
egherm2,5704,1240,19,0
gareher2,5704,1241,20,0
hautier2,5704,1241,21,0
grippie2,5704,1243,22,0
besner2,5704,1244,23,0
rochers2,5704,1246,24,0
egchap,5704,1247,25,1
egchap,4257,1130,1,0
rochers1,4257,1131,2,0
besner1,4257,1132,3,0
grippie1,4257,1133,4,0
hautier1,4257,1135,5,0
gareher1,4257,1136,6,0
egherm1,4257,1136,7,0
village1,4257,1137,8,0
clairef1,4257,1138,9,0
noebi1,4257,1138,10,0
haiet1,4257,1142,11,0
valvez1,4257,1143,12,0
lionor1,4257,1144,13,0
vcentre1,4257,1144,14,0
tertre1,4257,1146,15,0
chnoel1,4257,1147,16,0
ptcham1,4257,1148,17,0
colin1,4257,1149,18,0
cxroure1,4257,1149,19,0
ecoagro1,4257,1150,20,0
marbeuf1,4257,1151,21,0
lguillg1,4257,1152,22,0
chqpost1,4257,1152,23,0
ptbrets1,4257,1154,24,0
repx2,4257,1156,25,1
egchap,4277,1060,1,0
rochers1,4277,1061,2,0
besner1,4277,1062,3,0
grippie1,4277,1063,4,0
hautier1,4277,1065,5,0
gareher1,4277,1066,6,0
egherm1,4277,1066,7,0
village1,4277,1067,8,0
clairef1,4277,1068,9,0
noebi1,4277,1068,10,0
haiet1,4277,1072,11,0
valvez1,4277,1073,12,0
lionor1,4277,1074,13,0
vcentre1,4277,1074,14,0
tertre1,4277,1076,15,0
chnoel1,4277,1077,16,0
ptcham1,4277,1078,17,0
colin1,4277,1079,18,0
cxroure1,4277,1079,19,0
ecoagro1,4277,1080,20,0
marbeuf1,4277,1081,21,0
lguillg1,4277,1082,22,0
chqpost1,4277,1082,23,0
ptbrets1,4277,1084,24,0
repx2,4277,1086,25,1
repbottc,4279,490,1,0
ptbrets2,4279,492,2,0
chqpost2,4279,494,3,0
lguillg2,4279,495,4,0
marbeuf2,4279,496,5,0
ecoagro2,4279,497,6,0
cxroure2,4279,498,7,0
colin2,4279,498,8,0
ptcham2,4279,499,9,0
chnoel2,4279,499,10,0
tertre2,4279,500,11,0
vcentre2,4279,501,12,0
lionor2,4279,502,13,0
valvez2,4279,503,14,0
haiet2,4279,504,15,0
noebi2,4279,507,16,0
clairef2,4279,507,17,0
village2,4279,508,18,0
egherm2,4279,508,19,0
gareher2,4279,509,20,0
hautier2,4279,509,21,0
grippie2,4279,511,22,0
besner2,4279,512,23,0
rochers2,4279,514,24,0
egchap,4279,515,25,1
colin1,2489,1060,1,0
cxroure1,2489,1061,2,0
ecoagro1,2489,1063,3,0
marbeuf1,2489,1064,4,0
lguillg1,2489,1065,5,0
chqpost1,2489,1066,6,0
ptbrets1,2489,1068,7,0
repx2,2489,1069,8,1
repbottc,1383,770,1,0
ptbrets2,1383,772,2,0
chqpost2,1383,774,3,0
lguillg2,1383,775,4,0
marbeuf2,1383,776,5,0
ecoagro2,1383,777,6,0
cxroure2,1383,779,7,0
colin2,1383,779,8,0
ptcham2,1383,780,9,0
chnoel2,1383,781,10,0
tertre2,1383,782,11,0
vcentre2,1383,784,12,0
lionor2,1383,785,13,0
valvez2,1383,786,14,0
haiet2,1383,787,15,0
noebi2,1383,790,16,0
clairef2,1383,791,17,0
village2,1383,792,18,0
egherm2,1383,792,19,0
gareher2,1383,793,20,0
hautier2,1383,793,21,0
grippie2,1383,796,22,0
besner2,1383,797,23,0
rochers2,1383,799,24,0
egchap,1383,800,25,1
repbottc,5789,665,1,0
ptbrets2,5789,667,2,0
chqpost2,5789,669,3,0
lguillg2,5789,670,4,0
marbeuf2,5789,671,5,0
ecoagro2,5789,672,6,0
cxroure2,5789,673,7,0
colin2,5789,673,8,0
ptcham2,5789,674,9,0
chnoel2,5789,675,10,0
tertre2,5789,676,11,0
vcentre2,5789,677,12,0
lionor2,5789,678,13,0
valvez2,5789,679,14,0
haiet2,5789,680,15,0
noebi2,5789,683,16,0
clairef2,5789,684,17,0
village2,5789,685,18,0
egherm2,5789,685,19,0
gareher2,5789,686,20,0
hautier2,5789,686,21,0
grippie2,5789,688,22,0
besner2,5789,689,23,0
rochers2,5789,691,24,0
egchap,5789,692,25,1
repbottc,811,525,1,0
ptbrets2,811,527,2,0
chqpost2,811,529,3,0
lguillg2,811,530,4,0
marbeuf2,811,531,5,0
ecoagro2,811,532,6,0
cxroure2,811,533,7,0
colin2,811,533,8,0
ptcham2,811,534,9,0
chnoel2,811,535,10,0
tertre2,811,536,11,0
vcentre2,811,537,12,0
lionor2,811,538,13,0
valvez2,811,539,14,0
haiet2,811,540,15,0
noebi2,811,543,16,0
clairef2,811,543,17,0
village2,811,544,18,0
egherm2,811,544,19,0
gareher2,811,545,20,0
hautier2,811,545,21,0
grippie2,811,547,22,0
besner2,811,548,23,0
rochers2,811,550,24,0
egchap,811,551,25,1
egchap,854,560,1,0
rochers1,854,561,2,0
besner1,854,563,3,0
grippie1,854,564,4,0
hautier1,854,566,5,0
gareher1,854,567,6,0
egherm1,854,567,7,0
village1,854,568,8,0
clairef1,854,568,9,0
noebi1,854,569,10,0
haiet1,854,572,11,0
valvez1,854,573,12,0
lionor1,854,574,13,0
vcentre1,854,575,14,0
tertre1,854,577,15,0
chnoel1,854,578,16,0
ptcham1,854,579,17,0
colin1,854,580,18,0
cxroure1,854,580,19,0
ecoagro1,854,582,20,0
marbeuf1,854,582,21,0
lguillg1,854,583,22,0
chqpost1,854,584,23,0
ptbrets1,854,586,24,0
repx2,854,587,25,1
egchap,887,930,1,0
rochers1,887,931,2,0
besner1,887,933,3,0
grippie1,887,934,4,0
hautier1,887,936,5,0
gareher1,887,937,6,0
egherm1,887,937,7,0
village1,887,938,8,0
clairef1,887,939,9,0
noebi1,887,939,10,0
haiet1,887,943,11,0
valvez1,887,944,12,0
lionor1,887,945,13,0
vcentre1,887,946,14,0
tertre1,887,948,15,0
chnoel1,887,949,16,0
ptcham1,887,950,17,0
colin1,887,951,18,0
cxroure1,887,951,19,0
ecoagro1,887,953,20,0
marbeuf1,887,954,21,0
lguillg1,887,955,22,0
chqpost1,887,956,23,0
ptbrets1,887,958,24,0
repx2,887,959,25,1
egchap,874,1205,1,0
rochers1,874,1206,2,0
besner1,874,1207,3,0
grippie1,874,1208,4,0
hautier1,874,1210,5,0
gareher1,874,1211,6,0
egherm1,874,1211,7,0
village1,874,1212,8,0
clairef1,874,1213,9,0
noebi1,874,1213,10,0
haiet1,874,1217,11,0
valvez1,874,1218,12,0
lionor1,874,1219,13,0
vcentre1,874,1219,14,0
tertre1,874,1221,15,0
chnoel1,874,1222,16,0
ptcham1,874,1223,17,0
colin1,874,1224,18,0
cxroure1,874,1224,19,0
ecoagro1,874,1225,20,0
marbeuf1,874,1226,21,0
lguillg1,874,1227,22,0
chqpost1,874,1227,23,0
ptbrets1,874,1229,24,0
repx2,874,1231,25,1
egchap,4187,1065,1,0
rochers1,4187,1066,2,0
besner1,4187,1068,3,0
grippie1,4187,1069,4,0
hautier1,4187,1071,5,0
gareher1,4187,1072,6,0
egherm1,4187,1072,7,0
village1,4187,1073,8,0
clairef1,4187,1073,9,0
noebi1,4187,1074,10,0
haiet1,4187,1077,11,0
valvez1,4187,1078,12,0
lionor1,4187,1079,13,0
vcentre1,4187,1080,14,0
tertre1,4187,1082,15,0
chnoel1,4187,1083,16,0
ptcham1,4187,1084,17,0
colin1,4187,1085,18,0
cxroure1,4187,1085,19,0
ecoagro1,4187,1087,20,0
marbeuf1,4187,1087,21,0
lguillg1,4187,1088,22,0
chqpost1,4187,1089,23,0
ptbrets1,4187,1091,24,0
repx2,4187,1092,25,1
repbottc,5634,1110,1,0
ptbrets2,5634,1112,2,0
chqpost2,5634,1114,3,0
lguillg2,5634,1115,4,0
marbeuf2,5634,1116,5,0
ecoagro2,5634,1117,6,0
cxroure2,5634,1119,7,0
colin2,5634,1120,8,0
ptcham2,5634,1121,9,0
chnoel2,5634,1122,10,0
tertre2,5634,1123,11,0
vcentre2,5634,1125,12,0
lionor2,5634,1126,13,0
valvez2,5634,1127,14,0
haiet2,5634,1128,15,0
noebi2,5634,1132,16,0
clairef2,5634,1133,17,0
village2,5634,1134,18,0
egherm2,5634,1134,19,0
gareher2,5634,1135,20,0
hautier2,5634,1135,21,0
grippie2,5634,1138,22,0
besner2,5634,1139,23,0
rochers2,5634,1141,24,0
egchap,5634,1142,25,1
egchap,4107,545,1,0
rochers1,4107,546,2,0
besner1,4107,548,3,0
grippie1,4107,549,4,0
hautier1,4107,551,5,0
gareher1,4107,552,6,0
egherm1,4107,552,7,0
village1,4107,553,8,0
clairef1,4107,554,9,0
noebi1,4107,554,10,0
haiet1,4107,558,11,0
valvez1,4107,559,12,0
lionor1,4107,560,13,0
vcentre1,4107,561,14,0
tertre1,4107,563,15,0
chnoel1,4107,564,16,0
ptcham1,4107,565,17,0
colin1,4107,566,18,0
cxroure1,4107,566,19,0
ecoagro1,4107,568,20,0
marbeuf1,4107,568,21,0
lguillg1,4107,569,22,0
chqpost1,4107,570,23,0
ptbrets1,4107,572,24,0
repx2,4107,573,25,1
repbottc,5618,700,1,0
ptbrets2,5618,702,2,0
chqpost2,5618,704,3,0
lguillg2,5618,705,4,0
marbeuf2,5618,706,5,0
ecoagro2,5618,707,6,0
cxroure2,5618,708,7,0
colin2,5618,708,8,0
ptcham2,5618,709,9,0
chnoel2,5618,710,10,0
tertre2,5618,711,11,0
vcentre2,5618,712,12,0
lionor2,5618,713,13,0
valvez2,5618,714,14,0
haiet2,5618,715,15,0
noebi2,5618,718,16,0
clairef2,5618,719,17,0
village2,5618,720,18,0
egherm2,5618,720,19,0
gareher2,5618,721,20,0
hautier2,5618,721,21,0
grippie2,5618,723,22,0
besner2,5618,724,23,0
rochers2,5618,726,24,0
egchap,5618,727,25,1
egchap,5611,595,1,0
rochers1,5611,596,2,0
besner1,5611,598,3,0
grippie1,5611,599,4,0
hautier1,5611,601,5,0
gareher1,5611,602,6,0
egherm1,5611,602,7,0
village1,5611,603,8,0
clairef1,5611,603,9,0
noebi1,5611,604,10,0
haiet1,5611,607,11,0
valvez1,5611,608,12,0
lionor1,5611,609,13,0
vcentre1,5611,610,14,0
tertre1,5611,612,15,0
chnoel1,5611,613,16,0
ptcham1,5611,614,17,0
colin1,5611,615,18,0
cxroure1,5611,615,19,0
ecoagro1,5611,617,20,0
marbeuf1,5611,617,21,0
lguillg1,5611,618,22,0
chqpost1,5611,619,23,0
ptbrets1,5611,621,24,0
repx2,5611,622,25,1
repbottc,2345,1150,1,0
ptbrets2,2345,1152,2,0
chqpost2,2345,1154,3,0
lguillg2,2345,1155,4,0
marbeuf2,2345,1156,5,0
ecoagro2,2345,1157,6,0
cxroure2,2345,1158,7,0
colin2,2345,1158,8,0
ptcham2,2345,1159,9,0
chnoel2,2345,1160,10,0
tertre2,2345,1161,11,0
vcentre2,2345,1163,12,0
lionor2,2345,1164,13,0
valvez2,2345,1165,14,0
haiet2,2345,1166,15,0
noebi2,2345,1169,16,0
clairef2,2345,1170,17,0
village2,2345,1171,18,0
egherm2,2345,1171,19,0
gareher2,2345,1172,20,0
hautier2,2345,1172,21,0
grippie2,2345,1174,22,0
besner2,2345,1175,23,0
rochers2,2345,1177,24,0
egchap,2345,1178,25,1
egchap,1292,665,1,0
rochers1,1292,666,2,0
besner1,1292,668,3,0
grippie1,1292,669,4,0
hautier1,1292,671,5,0
gareher1,1292,672,6,0
egherm1,1292,672,7,0
village1,1292,673,8,0
clairef1,1292,673,9,0
noebi1,1292,674,10,0
haiet1,1292,677,11,0
valvez1,1292,678,12,0
lionor1,1292,679,13,0
vcentre1,1292,680,14,0
tertre1,1292,682,15,0
chnoel1,1292,683,16,0
ptcham1,1292,684,17,0
colin1,1292,685,18,0
cxroure1,1292,685,19,0
ecoagro1,1292,687,20,0
marbeuf1,1292,687,21,0
lguillg1,1292,688,22,0
chqpost1,1292,689,23,0
ptbrets1,1292,691,24,0
repx2,1292,692,25,1
egchap,1226,1040,1,0
rochers1,1226,1041,2,0
besner1,1226,1043,3,0
grippie1,1226,1044,4,0
hautier1,1226,1046,5,0
gareher1,1226,1047,6,0
egherm1,1226,1047,7,0
village1,1226,1048,8,0
clairef1,1226,1048,9,0
noebi1,1226,1049,10,0
haiet1,1226,1052,11,0
valvez1,1226,1053,12,0
lionor1,1226,1054,13,0
vcentre1,1226,1055,14,0
tertre1,1226,1057,15,0
chnoel1,1226,1058,16,0
ptcham1,1226,1059,17,0
colin1,1226,1060,18,0
cxroure1,1226,1060,19,0
ecoagro1,1226,1062,20,0
marbeuf1,1226,1062,21,0
lguillg1,1226,1063,22,0
chqpost1,1226,1064,23,0
ptbrets1,1226,1066,24,0
repx2,1226,1067,25,1
egchap,2767,890,1,0
rochers1,2767,891,2,0
besner1,2767,893,3,0
grippie1,2767,894,4,0
hautier1,2767,896,5,0
gareher1,2767,897,6,0
egherm1,2767,897,7,0
village1,2767,898,8,0
clairef1,2767,899,9,0
noebi1,2767,899,10,0
haiet1,2767,903,11,0
valvez1,2767,904,12,0
lionor1,2767,905,13,0
vcentre1,2767,906,14,0
tertre1,2767,908,15,0
chnoel1,2767,909,16,0
ptcham1,2767,910,17,0
colin1,2767,911,18,0
cxroure1,2767,911,19,0
ecoagro1,2767,913,20,0
marbeuf1,2767,913,21,0
lguillg1,2767,914,22,0
chqpost1,2767,915,23,0
ptbrets1,2767,917,24,0
repx2,2767,918,25,1
repbottc,2777,850,1,0
ptbrets2,2777,852,2,0
chqpost2,2777,854,3,0
lguillg2,2777,855,4,0
marbeuf2,2777,856,5,0
ecoagro2,2777,857,6,0
cxroure2,2777,859,7,0
colin2,2777,859,8,0
ptcham2,2777,860,9,0
chnoel2,2777,861,10,0
tertre2,2777,862,11,0
vcentre2,2777,864,12,0
lionor2,2777,865,13,0
valvez2,2777,866,14,0
haiet2,2777,867,15,0
noebi2,2777,870,16,0
clairef2,2777,871,17,0
village2,2777,872,18,0
egherm2,2777,872,19,0
gareher2,2777,873,20,0
hautier2,2777,873,21,0
grippie2,2777,876,22,0
besner2,2777,877,23,0
rochers2,2777,879,24,0
egchap,2777,880,25,1
repbottc,5514,830,1,0
ptbrets2,5514,832,2,0
chqpost2,5514,834,3,0
lguillg2,5514,835,4,0
marbeuf2,5514,836,5,0
ecoagro2,5514,837,6,0
cxroure2,5514,839,7,0
colin2,5514,839,8,0
ptcham2,5514,840,9,0
chnoel2,5514,841,10,0
tertre2,5514,842,11,0
vcentre2,5514,844,12,0
lionor2,5514,845,13,0
valvez2,5514,846,14,0
haiet2,5514,847,15,0
noebi2,5514,850,16,0
clairef2,5514,851,17,0
village2,5514,852,18,0
egherm2,5514,852,19,0
gareher2,5514,853,20,0
hautier2,5514,853,21,0
grippie2,5514,856,22,0
besner2,5514,857,23,0
rochers2,5514,859,24,0
egchap,5514,860,25,1
repbottc,4481,1150,1,0
ptbrets2,4481,1152,2,0
chqpost2,4481,1154,3,0
lguillg2,4481,1155,4,0
marbeuf2,4481,1156,5,0
ecoagro2,4481,1157,6,0
cxroure2,4481,1158,7,0
colin2,4481,1158,8,0
ptcham2,4481,1159,9,0
chnoel2,4481,1160,10,0
tertre2,4481,1161,11,0
vcentre2,4481,1162,12,0
lionor2,4481,1163,13,0
valvez2,4481,1164,14,0
haiet2,4481,1165,15,0
noebi2,4481,1169,16,0
clairef2,4481,1170,17,0
village2,4481,1171,18,0
egherm2,4481,1171,19,0
gareher2,4481,1172,20,0
hautier2,4481,1172,21,0
grippie2,4481,1174,22,0
besner2,4481,1175,23,0
rochers2,4481,1177,24,0
egchap,4481,1178,25,1
repbottc,4484,1475,1,0
ptbrets2,4484,1477,2,0
chqpost2,4484,1478,3,0
lguillg2,4484,1479,4,0
marbeuf2,4484,1480,5,0
ecoagro2,4484,1481,6,0
cxroure2,4484,1482,7,0
colin2,4484,1482,8,0
ptcham2,4484,1483,9,0
chnoel2,4484,1484,10,0
tertre2,4484,1485,11,0
vcentre2,4484,1486,12,0
lionor2,4484,1487,13,0
valvez2,4484,1488,14,0
haiet2,4484,1489,15,0
clairef2,4484,1493,16,0
village2,4484,1494,17,0
egherm2,4484,1494,18,0
gareher2,4484,1495,19,0
hautier2,4484,1495,20,0
grippie2,4484,1497,21,0
besner2,4484,1498,22,0
rochers2,4484,1500,23,0
egchap,4484,1501,24,0
chverc,4484,1506,25,0
noecin1,4484,1506,26,0
egverg1,4484,1514,27,0
bouvrai1,4484,1514,28,1
repbottc,4437,1170,1,0
ptbrets2,4437,1172,2,0
chqpost2,4437,1174,3,0
lguillg2,4437,1175,4,0
marbeuf2,4437,1176,5,0
ecoagro2,4437,1177,6,0
cxroure2,4437,1178,7,0
colin2,4437,1178,8,0
ptcham2,4437,1179,9,0
chnoel2,4437,1180,10,0
tertre2,4437,1181,11,0
vcentre2,4437,1182,12,0
lionor2,4437,1183,13,0
valvez2,4437,1184,14,0
haiet2,4437,1185,15,0
noebi2,4437,1188,16,0
clairef2,4437,1189,17,0
village2,4437,1190,18,0
egherm2,4437,1190,19,0
gareher2,4437,1191,20,0
hautier2,4437,1191,21,0
grippie2,4437,1193,22,0
besner2,4437,1194,23,0
rochers2,4437,1196,24,0
egchap,4437,1197,25,1
repbottc,5584,790,1,0
ptbrets2,5584,792,2,0
chqpost2,5584,794,3,0
lguillg2,5584,795,4,0
marbeuf2,5584,796,5,0
ecoagro2,5584,797,6,0
cxroure2,5584,799,7,0
colin2,5584,799,8,0
ptcham2,5584,800,9,0
chnoel2,5584,801,10,0
tertre2,5584,802,11,0
vcentre2,5584,804,12,0
lionor2,5584,805,13,0
valvez2,5584,806,14,0
haiet2,5584,807,15,0
noebi2,5584,810,16,0
clairef2,5584,811,17,0
village2,5584,812,18,0
egherm2,5584,812,19,0
gareher2,5584,813,20,0
hautier2,5584,813,21,0
grippie2,5584,816,22,0
besner2,5584,817,23,0
rochers2,5584,819,24,0
egchap,5584,820,25,1
egchap,1176,1250,1,0
rochers1,1176,1251,2,0
besner1,1176,1253,3,0
grippie1,1176,1254,4,0
hautier1,1176,1256,5,0
gareher1,1176,1257,6,0
egherm1,1176,1257,7,0
village1,1176,1258,8,0
clairef1,1176,1258,9,0
noebi1,1176,1259,10,0
haiet1,1176,1262,11,0
valvez1,1176,1263,12,0
lionor1,1176,1264,13,0
vcentre1,1176,1265,14,0
tertre1,1176,1266,15,0
chnoel1,1176,1267,16,0
ptcham1,1176,1268,17,0
colin1,1176,1269,18,0
cxroure1,1176,1269,19,0
ecoagro1,1176,1270,20,0
marbeuf1,1176,1271,21,0
lguillg1,1176,1272,22,0
chqpost1,1176,1272,23,0
ptbrets1,1176,1274,24,0
repx2,1176,1275,25,1
egchap,628,865,1,0
rochers1,628,866,2,0
besner1,628,868,3,0
grippie1,628,869,4,0
hautier1,628,871,5,0
gareher1,628,872,6,0
egherm1,628,872,7,0
village1,628,873,8,0
clairef1,628,874,9,0
noebi1,628,874,10,0
haiet1,628,878,11,0
valvez1,628,879,12,0
lionor1,628,880,13,0
vcentre1,628,881,14,0
tertre1,628,883,15,0
chnoel1,628,884,16,0
ptcham1,628,885,17,0
colin1,628,886,18,0
cxroure1,628,887,19,0
ecoagro1,628,889,20,0
marbeuf1,628,889,21,0
lguillg1,628,890,22,0
chqpost1,628,891,23,0
ptbrets1,628,893,24,0
repx2,628,894,25,1
repbottc,2660,830,1,0
ptbrets2,2660,832,2,0
chqpost2,2660,834,3,0
lguillg2,2660,835,4,0
marbeuf2,2660,836,5,0
ecoagro2,2660,837,6,0
cxroure2,2660,838,7,0
colin2,2660,838,8,0
ptcham2,2660,839,9,0
chnoel2,2660,840,10,0
tertre2,2660,841,11,0
vcentre2,2660,843,12,0
lionor2,2660,844,13,0
valvez2,2660,845,14,0
haiet2,2660,846,15,0
noebi2,2660,849,16,0
clairef2,2660,850,17,0
village2,2660,851,18,0
egherm2,2660,851,19,0
gareher2,2660,852,20,0
hautier2,2660,852,21,0
grippie2,2660,855,22,0
besner2,2660,856,23,0
rochers2,2660,858,24,0
egchap,2660,859,25,1
repbottc,2602,490,1,0
ptbrets2,2602,492,2,0
chqpost2,2602,494,3,0
lguillg2,2602,495,4,0
marbeuf2,2602,496,5,0
ecoagro2,2602,497,6,0
cxroure2,2602,499,7,0
colin2,2602,499,8,0
ptcham2,2602,500,9,0
chnoel2,2602,501,10,0
tertre2,2602,502,11,0
vcentre2,2602,504,12,0
lionor2,2602,505,13,0
valvez2,2602,506,14,0
haiet2,2602,507,15,0
noebi2,2602,510,16,0
clairef2,2602,511,17,0
village2,2602,512,18,0
egherm2,2602,512,19,0
gareher2,2602,513,20,0
hautier2,2602,513,21,0
grippie2,2602,515,22,0
besner2,2602,516,23,0
rochers2,2602,518,24,0
egchap,2602,519,25,1
egchap,640,1185,1,0
rochers1,640,1186,2,0
besner1,640,1188,3,0
grippie1,640,1189,4,0
hautier1,640,1191,5,0
gareher1,640,1192,6,0
egherm1,640,1192,7,0
village1,640,1193,8,0
clairef1,640,1193,9,0
noebi1,640,1194,10,0
haiet1,640,1197,11,0
valvez1,640,1198,12,0
lionor1,640,1199,13,0
vcentre1,640,1200,14,0
tertre1,640,1202,15,0
chnoel1,640,1203,16,0
ptcham1,640,1204,17,0
colin1,640,1205,18,0
cxroure1,640,1205,19,0
ecoagro1,640,1207,20,0
marbeuf1,640,1207,21,0
lguillg1,640,1208,22,0
chqpost1,640,1209,23,0
ptbrets1,640,1211,24,0
repx2,640,1212,25,1
egchap,657,890,1,0
rochers1,657,891,2,0
besner1,657,893,3,0
grippie1,657,894,4,0
hautier1,657,896,5,0
gareher1,657,897,6,0
egherm1,657,897,7,0
village1,657,898,8,0
clairef1,657,899,9,0
noebi1,657,899,10,0
haiet1,657,903,11,0
valvez1,657,904,12,0
lionor1,657,905,13,0
vcentre1,657,906,14,0
tertre1,657,908,15,0
chnoel1,657,909,16,0
ptcham1,657,910,17,0
colin1,657,911,18,0
cxroure1,657,912,19,0
ecoagro1,657,914,20,0
marbeuf1,657,914,21,0
lguillg1,657,915,22,0
chqpost1,657,916,23,0
ptbrets1,657,918,24,0
repx2,657,919,25,1
egchap,1092,950,1,0
rochers1,1092,951,2,0
besner1,1092,953,3,0
grippie1,1092,954,4,0
hautier1,1092,956,5,0
gareher1,1092,957,6,0
egherm1,1092,957,7,0
village1,1092,958,8,0
clairef1,1092,959,9,0
noebi1,1092,959,10,0
haiet1,1092,963,11,0
valvez1,1092,964,12,0
lionor1,1092,965,13,0
vcentre1,1092,966,14,0
tertre1,1092,968,15,0
chnoel1,1092,969,16,0
ptcham1,1092,970,17,0
colin1,1092,971,18,0
cxroure1,1092,971,19,0
ecoagro1,1092,973,20,0
marbeuf1,1092,974,21,0
lguillg1,1092,975,22,0
chqpost1,1092,976,23,0
ptbrets1,1092,978,24,0
repx2,1092,979,25,1
egchap,4399,1250,1,0
rochers1,4399,1251,2,0
besner1,4399,1252,3,0
grippie1,4399,1253,4,0
hautier1,4399,1255,5,0
gareher1,4399,1256,6,0
egherm1,4399,1256,7,0
village1,4399,1257,8,0
clairef1,4399,1257,9,0
noebi1,4399,1258,10,0
haiet1,4399,1261,11,0
valvez1,4399,1262,12,0
lionor1,4399,1263,13,0
vcentre1,4399,1264,14,0
tertre1,4399,1265,15,0
chnoel1,4399,1266,16,0
ptcham1,4399,1267,17,0
colin1,4399,1268,18,0
cxroure1,4399,1268,19,0
ecoagro1,4399,1269,20,0
marbeuf1,4399,1270,21,0
lguillg1,4399,1271,22,0
chqpost1,4399,1271,23,0
ptbrets1,4399,1273,24,0
repx2,4399,1274,25,1
egchap,2584,735,1,0
rochers1,2584,736,2,0
besner1,2584,738,3,0
grippie1,2584,739,4,0
hautier1,2584,741,5,0
gareher1,2584,742,6,0
egherm1,2584,742,7,0
village1,2584,743,8,0
clairef1,2584,743,9,0
noebi1,2584,744,10,0
haiet1,2584,747,11,0
valvez1,2584,748,12,0
lionor1,2584,749,13,0
vcentre1,2584,750,14,0
tertre1,2584,752,15,0
chnoel1,2584,753,16,0
ptcham1,2584,754,17,0
colin1,2584,755,18,0
cxroure1,2584,755,19,0
ecoagro1,2584,757,20,0
marbeuf1,2584,757,21,0
lguillg1,2584,758,22,0
chqpost1,2584,759,23,0
ptbrets1,2584,761,24,0
repx2,2584,762,25,1
egchap,4354,795,1,0
rochers1,4354,796,2,0
besner1,4354,798,3,0
grippie1,4354,799,4,0
hautier1,4354,801,5,0
gareher1,4354,802,6,0
egherm1,4354,802,7,0
village1,4354,803,8,0
clairef1,4354,803,9,0
noebi1,4354,804,10,0
haiet1,4354,807,11,0
valvez1,4354,808,12,0
lionor1,4354,809,13,0
vcentre1,4354,810,14,0
tertre1,4354,812,15,0
chnoel1,4354,813,16,0
ptcham1,4354,814,17,0
colin1,4354,815,18,0
cxroure1,4354,816,19,0
ecoagro1,4354,818,20,0
marbeuf1,4354,818,21,0
lguillg1,4354,819,22,0
chqpost1,4354,820,23,0
ptbrets1,4354,822,24,0
repx2,4354,823,25,1
egchap,5405,735,1,0
rochers1,5405,736,2,0
besner1,5405,738,3,0
grippie1,5405,739,4,0
hautier1,5405,741,5,0
gareher1,5405,742,6,0
egherm1,5405,742,7,0
village1,5405,743,8,0
clairef1,5405,744,9,0
noebi1,5405,744,10,0
haiet1,5405,748,11,0
valvez1,5405,749,12,0
lionor1,5405,750,13,0
vcentre1,5405,751,14,0
tertre1,5405,753,15,0
chnoel1,5405,754,16,0
ptcham1,5405,755,17,0
colin1,5405,756,18,0
cxroure1,5405,756,19,0
ecoagro1,5405,758,20,0
marbeuf1,5405,758,21,0
lguillg1,5405,759,22,0
chqpost1,5405,760,23,0
ptbrets1,5405,762,24,0
repx2,5405,763,25,1
egchap,4324,920,1,0
rochers1,4324,921,2,0
besner1,4324,922,3,0
grippie1,4324,923,4,0
hautier1,4324,925,5,0
gareher1,4324,926,6,0
egherm1,4324,926,7,0
village1,4324,927,8,0
clairef1,4324,928,9,0
noebi1,4324,928,10,0
haiet1,4324,932,11,0
valvez1,4324,933,12,0
lionor1,4324,934,13,0
vcentre1,4324,934,14,0
tertre1,4324,936,15,0
chnoel1,4324,937,16,0
ptcham1,4324,938,17,0
colin1,4324,939,18,0
cxroure1,4324,939,19,0
ecoagro1,4324,940,20,0
marbeuf1,4324,941,21,0
lguillg1,4324,942,22,0
chqpost1,4324,942,23,0
ptbrets1,4324,944,24,0
repx2,4324,946,25,1
repbottc,2548,410,1,0
ptbrets2,2548,412,2,0
chqpost2,2548,414,3,0
lguillg2,2548,415,4,0
marbeuf2,2548,416,5,0
ecoagro2,2548,417,6,0
cxroure2,2548,418,7,0
colin2,2548,418,8,0
ptcham2,2548,419,9,0
chnoel2,2548,420,10,0
tertre2,2548,421,11,0
vcentre2,2548,422,12,0
lionor2,2548,423,13,0
valvez2,2548,424,14,0
haiet2,2548,425,15,0
noebi2,2548,428,16,0
clairef2,2548,428,17,0
village2,2548,429,18,0
egherm2,2548,429,19,0
gareher2,2548,430,20,0
hautier2,2548,430,21,0
grippie2,2548,432,22,0
besner2,2548,433,23,0
rochers2,2548,435,24,0
egchap,2548,436,25,1
egchap,4312,990,1,0
rochers1,4312,991,2,0
besner1,4312,992,3,0
grippie1,4312,993,4,0
hautier1,4312,995,5,0
gareher1,4312,996,6,0
egherm1,4312,996,7,0
village1,4312,997,8,0
clairef1,4312,998,9,0
noebi1,4312,998,10,0
haiet1,4312,1002,11,0
valvez1,4312,1003,12,0
lionor1,4312,1004,13,0
vcentre1,4312,1004,14,0
tertre1,4312,1006,15,0
chnoel1,4312,1007,16,0
ptcham1,4312,1008,17,0
colin1,4312,1009,18,0
cxroure1,4312,1009,19,0
ecoagro1,4312,1010,20,0
marbeuf1,4312,1011,21,0
lguillg1,4312,1012,22,0
chqpost1,4312,1012,23,0
ptbrets1,4312,1014,24,0
repx2,4312,1016,25,1
repbottc,5429,1100,1,0
ptbrets2,5429,1102,2,0
chqpost2,5429,1104,3,0
lguillg2,5429,1105,4,0
marbeuf2,5429,1106,5,0
ecoagro2,5429,1107,6,0
cxroure2,5429,1108,7,0
colin2,5429,1108,8,0
ptcham2,5429,1109,9,0
chnoel2,5429,1110,10,0
tertre2,5429,1111,11,0
vcentre2,5429,1113,12,0
lionor2,5429,1114,13,0
valvez2,5429,1115,14,0
haiet2,5429,1116,15,0
noebi2,5429,1119,16,0
clairef2,5429,1120,17,0
village2,5429,1121,18,0
egherm2,5429,1121,19,0
gareher2,5429,1122,20,0
hautier2,5429,1122,21,0
grippie2,5429,1125,22,0
besner2,5429,1126,23,0
rochers2,5429,1128,24,0
egchap,5429,1129,25,1
repbottc,1047,675,1,0
ptbrets2,1047,677,2,0
chqpost2,1047,679,3,0
lguillg2,1047,680,4,0
marbeuf2,1047,681,5,0
ecoagro2,1047,682,6,0
cxroure2,1047,683,7,0
colin2,1047,684,8,0
ptcham2,1047,685,9,0
chnoel2,1047,686,10,0
tertre2,1047,687,11,0
vcentre2,1047,689,12,0
lionor2,1047,690,13,0
valvez2,1047,691,14,0
haiet2,1047,692,15,0
noebi2,1047,695,16,0
clairef2,1047,696,17,0
village2,1047,697,18,0
egherm2,1047,697,19,0
gareher2,1047,697,20,0
hautier2,1047,698,21,0
grippie2,1047,700,22,0
besner2,1047,701,23,0
rochers2,1047,702,24,0
egchap,1047,703,25,1
repbottc,5330,505,1,0
ptbrets2,5330,507,2,0
chqpost2,5330,509,3,0
lguillg2,5330,510,4,0
marbeuf2,5330,511,5,0
ecoagro2,5330,512,6,0
cxroure2,5330,514,7,0
colin2,5330,514,8,0
ptcham2,5330,515,9,0
chnoel2,5330,516,10,0
tertre2,5330,517,11,0
vcentre2,5330,519,12,0
lionor2,5330,520,13,0
valvez2,5330,521,14,0
haiet2,5330,522,15,0
noebi2,5330,525,16,0
clairef2,5330,526,17,0
village2,5330,527,18,0
egherm2,5330,527,19,0
gareher2,5330,528,20,0
catha2,5330,530,21,0
hautier2,5330,533,22,0
grippie2,5330,535,23,0
besner2,5330,536,24,0
rochers2,5330,537,25,0
egchap,5330,538,26,1
egchap,5333,910,1,0
rochers1,5333,911,2,0
besner1,5333,913,3,0
grippie1,5333,914,4,0
hautier1,5333,916,5,0
gareher1,5333,917,6,0
egherm1,5333,917,7,0
village1,5333,918,8,0
clairef1,5333,919,9,0
noebi1,5333,919,10,0
haiet1,5333,923,11,0
valvez1,5333,924,12,0
lionor1,5333,925,13,0
vcentre1,5333,926,14,0
tertre1,5333,928,15,0
chnoel1,5333,929,16,0
ptcham1,5333,930,17,0
colin1,5333,931,18,0
cxroure1,5333,931,19,0
ecoagro1,5333,933,20,0
marbeuf1,5333,933,21,0
lguillg1,5333,934,22,0
chqpost1,5333,935,23,0
ptbrets1,5333,937,24,0
repx2,5333,938,25,1
egchap,5327,940,1,0
rochers1,5327,941,2,0
besner1,5327,943,3,0
grippie1,5327,944,4,0
hautier1,5327,946,5,0
gareher1,5327,947,6,0
egherm1,5327,947,7,0
village1,5327,948,8,0
clairef1,5327,949,9,0
noebi1,5327,949,10,0
haiet1,5327,953,11,0
valvez1,5327,954,12,0
lionor1,5327,955,13,0
vcentre1,5327,956,14,0
tertre1,5327,958,15,0
chnoel1,5327,959,16,0
ptcham1,5327,960,17,0
colin1,5327,961,18,0
cxroure1,5327,962,19,0
ecoagro1,5327,964,20,0
marbeuf1,5327,964,21,0
lguillg1,5327,965,22,0
chqpost1,5327,966,23,0
ptbrets1,5327,968,24,0
repx2,5327,969,25,1
repbottc,6006,950,1,0
ptbrets2,6006,952,2,0
chqpost2,6006,954,3,0
lguillg2,6006,955,4,0
marbeuf2,6006,956,5,0
ecoagro2,6006,957,6,0
cxroure2,6006,958,7,0
colin2,6006,958,8,0
ptcham2,6006,959,9,0
chnoel2,6006,960,10,0
tertre2,6006,961,11,0
vcentre2,6006,963,12,0
lionor2,6006,964,13,0
valvez2,6006,965,14,0
haiet2,6006,966,15,0
noebi2,6006,969,16,0
clairef2,6006,970,17,0
village2,6006,971,18,0
egherm2,6006,971,19,0
gareher2,6006,972,20,0
hautier2,6006,972,21,0
grippie2,6006,975,22,0
besner2,6006,976,23,0
rochers2,6006,978,24,0
egchap,6006,979,25,1
egchap,6010,850,1,0
rochers1,6010,851,2,0
besner1,6010,852,3,0
grippie1,6010,853,4,0
hautier1,6010,855,5,0
gareher1,6010,856,6,0
egherm1,6010,856,7,0
village1,6010,857,8,0
clairef1,6010,858,9,0
noebi1,6010,858,10,0
haiet1,6010,862,11,0
valvez1,6010,863,12,0
lionor1,6010,864,13,0
vcentre1,6010,864,14,0
tertre1,6010,866,15,0
chnoel1,6010,867,16,0
ptcham1,6010,868,17,0
colin1,6010,869,18,0
cxroure1,6010,869,19,0
ecoagro1,6010,870,20,0
marbeuf1,6010,871,21,0
lguillg1,6010,872,22,0
chqpost1,6010,872,23,0
ptbrets1,6010,874,24,0
repx2,6010,876,25,1
egchap,5201,815,1,0
rochers1,5201,816,2,0
besner1,5201,818,3,0
grippie1,5201,819,4,0
hautier1,5201,821,5,0
gareher1,5201,822,6,0
egherm1,5201,822,7,0
village1,5201,823,8,0
clairef1,5201,824,9,0
noebi1,5201,824,10,0
haiet1,5201,828,11,0
valvez1,5201,829,12,0
lionor1,5201,830,13,0
vcentre1,5201,831,14,0
tertre1,5201,833,15,0
chnoel1,5201,834,16,0
ptcham1,5201,835,17,0
colin1,5201,836,18,0
cxroure1,5201,837,19,0
ecoagro1,5201,839,20,0
marbeuf1,5201,839,21,0
lguillg1,5201,840,22,0
chqpost1,5201,841,23,0
ptbrets1,5201,843,24,0
repx2,5201,844,25,1
egchap,5272,565,1,0
rochers1,5272,566,2,0
besner1,5272,568,3,0
grippie1,5272,569,4,0
hautier1,5272,571,5,0
gareher1,5272,572,6,0
egherm1,5272,572,7,0
village1,5272,573,8,0
clairef1,5272,574,9,0
noebi1,5272,574,10,0
haiet1,5272,578,11,0
valvez1,5272,579,12,0
lionor1,5272,580,13,0
vcentre1,5272,581,14,0
tertre1,5272,583,15,0
chnoel1,5272,584,16,0
ptcham1,5272,585,17,0
colin1,5272,586,18,0
cxroure1,5272,586,19,0
ecoagro1,5272,588,20,0
marbeuf1,5272,588,21,0
lguillg1,5272,589,22,0
chqpost1,5272,590,23,0
ptbrets1,5272,592,24,0
repx2,5272,593,25,1
egchap,5119,1130,1,0
rochers1,5119,1131,2,0
besner1,5119,1132,3,0
grippie1,5119,1133,4,0
hautier1,5119,1135,5,0
gareher1,5119,1136,6,0
egherm1,5119,1136,7,0
village1,5119,1137,8,0
clairef1,5119,1138,9,0
noebi1,5119,1138,10,0
haiet1,5119,1142,11,0
valvez1,5119,1143,12,0
lionor1,5119,1144,13,0
vcentre1,5119,1145,14,0
tertre1,5119,1147,15,0
chnoel1,5119,1148,16,0
ptcham1,5119,1149,17,0
colin1,5119,1150,18,0
cxroure1,5119,1150,19,0
ecoagro1,5119,1151,20,0
marbeuf1,5119,1152,21,0
lguillg1,5119,1153,22,0
chqpost1,5119,1153,23,0
ptbrets1,5119,1155,24,0
repx2,5119,1156,25,1
egchap,5123,525,1,0
rochers1,5123,526,2,0
besner1,5123,528,3,0
grippie1,5123,529,4,0
hautier1,5123,531,5,0
gareher1,5123,532,6,0
egherm1,5123,532,7,0
village1,5123,533,8,0
clairef1,5123,533,9,0
noebi1,5123,534,10,0
haiet1,5123,537,11,0
valvez1,5123,538,12,0
lionor1,5123,539,13,0
vcentre1,5123,540,14,0
tertre1,5123,542,15,0
chnoel1,5123,543,16,0
ptcham1,5123,544,17,0
colin1,5123,545,18,0
cxroure1,5123,545,19,0
ecoagro1,5123,546,20,0
marbeuf1,5123,547,21,0
lguillg1,5123,548,22,0
chqpost1,5123,548,23,0
ptbrets1,5123,550,24,0
repx2,5123,551,25,1
repbottc,4046,745,1,0
ptbrets2,4046,747,2,0
chqpost2,4046,749,3,0
lguillg2,4046,750,4,0
marbeuf2,4046,751,5,0
ecoagro2,4046,752,6,0
cxroure2,4046,753,7,0
colin2,4046,754,8,0
ptcham2,4046,755,9,0
chnoel2,4046,756,10,0
tertre2,4046,757,11,0
vcentre2,4046,759,12,0
lionor2,4046,760,13,0
valvez2,4046,761,14,0
haiet2,4046,762,15,0
noebi2,4046,765,16,0
clairef2,4046,766,17,0
village2,4046,767,18,0
egherm2,4046,767,19,0
gareher2,4046,767,20,0
hautier2,4046,768,21,0
grippie2,4046,770,22,0
besner2,4046,771,23,0
rochers2,4046,772,24,0
egchap,4046,773,25,1
repbottc,4030,630,1,0
ptbrets2,4030,632,2,0
chqpost2,4030,634,3,0
lguillg2,4030,635,4,0
marbeuf2,4030,636,5,0
ecoagro2,4030,637,6,0
cxroure2,4030,638,7,0
colin2,4030,638,8,0
ptcham2,4030,639,9,0
chnoel2,4030,640,10,0
tertre2,4030,641,11,0
vcentre2,4030,642,12,0
lionor2,4030,643,13,0
valvez2,4030,644,14,0
haiet2,4030,645,15,0
noebi2,4030,648,16,0
clairef2,4030,649,17,0
village2,4030,650,18,0
egherm2,4030,650,19,0
gareher2,4030,651,20,0
hautier2,4030,651,21,0
grippie2,4030,653,22,0
besner2,4030,654,23,0
rochers2,4030,656,24,0
egchap,4030,657,25,1
egchap,4006,1140,1,0
rochers1,4006,1141,2,0
besner1,4006,1143,3,0
grippie1,4006,1144,4,0
hautier1,4006,1146,5,0
gareher1,4006,1147,6,0
egherm1,4006,1147,7,0
village1,4006,1148,8,0
clairef1,4006,1148,9,0
noebi1,4006,1149,10,0
haiet1,4006,1152,11,0
valvez1,4006,1153,12,0
lionor1,4006,1154,13,0
vcentre1,4006,1155,14,0
tertre1,4006,1157,15,0
chnoel1,4006,1158,16,0
ptcham1,4006,1159,17,0
colin1,4006,1160,18,0
cxroure1,4006,1160,19,0
ecoagro1,4006,1162,20,0
marbeuf1,4006,1162,21,0
lguillg1,4006,1163,22,0
chqpost1,4006,1164,23,0
ptbrets1,4006,1166,24,0
repx2,4006,1167,25,1
repbottc,6265,735,1,0
ptbrets2,6265,737,2,0
chqpost2,6265,739,3,0
lguillg2,6265,740,4,0
marbeuf2,6265,741,5,0
ecoagro2,6265,742,6,0
cxroure2,6265,744,7,0
colin2,6265,744,8,0
ptcham2,6265,745,9,0
chnoel2,6265,746,10,0
tertre2,6265,747,11,0
vcentre2,6265,749,12,0
lionor2,6265,750,13,0
valvez2,6265,751,14,0
haiet2,6265,752,15,0
noebi2,6265,755,16,0
clairef2,6265,756,17,0
village2,6265,757,18,0
egherm2,6265,757,19,0
gareher2,6265,758,20,0
hautier2,6265,758,21,0
grippie2,6265,761,22,0
besner2,6265,762,23,0
rochers2,6265,764,24,0
egchap,6265,765,25,1
colin1,6204,1100,1,0
cxroure1,6204,1101,2,0
ecoagro1,6204,1103,3,0
marbeuf1,6204,1103,4,0
lguillg1,6204,1104,5,0
chqpost1,6204,1105,6,0
ptbrets1,6204,1107,7,0
repx2,6204,1108,8,1
egchap,6202,525,1,0
rochers1,6202,526,2,0
besner1,6202,528,3,0
grippie1,6202,529,4,0
hautier1,6202,531,5,0
gareher1,6202,532,6,0
egherm1,6202,532,7,0
village1,6202,533,8,0
clairef1,6202,534,9,0
noebi1,6202,535,10,0
haiet1,6202,539,11,0
valvez1,6202,540,12,0
lionor1,6202,541,13,0
vcentre1,6202,542,14,0
tertre1,6202,544,15,0
chnoel1,6202,545,16,0
ptcham1,6202,546,17,0
colin1,6202,547,18,0
cxroure1,6202,548,19,0
ecoagro1,6202,550,20,0
marbeuf1,6202,551,21,0
lguillg1,6202,552,22,0
chqpost1,6202,553,23,0
ptbrets1,6202,555,24,0
repx2,6202,556,25,1
egchap,4055,1115,1,0
rochers1,4055,1116,2,0
besner1,4055,1118,3,0
grippie1,4055,1119,4,0
hautier1,4055,1121,5,0
gareher1,4055,1122,6,0
egherm1,4055,1122,7,0
village1,4055,1123,8,0
clairef1,4055,1123,9,0
noebi1,4055,1124,10,0
haiet1,4055,1127,11,0
valvez1,4055,1128,12,0
lionor1,4055,1129,13,0
vcentre1,4055,1130,14,0
tertre1,4055,1132,15,0
chnoel1,4055,1133,16,0
ptcham1,4055,1134,17,0
colin1,4055,1135,18,0
cxroure1,4055,1135,19,0
ecoagro1,4055,1137,20,0
marbeuf1,4055,1137,21,0
lguillg1,4055,1138,22,0
chqpost1,4055,1139,23,0
ptbrets1,4055,1141,24,0
repx2,4055,1142,25,1
egchap,5173,970,1,0
rochers1,5173,971,2,0
besner1,5173,973,3,0
grippie1,5173,974,4,0
hautier1,5173,976,5,0
gareher1,5173,977,6,0
egherm1,5173,977,7,0
village1,5173,978,8,0
clairef1,5173,979,9,0
noebi1,5173,979,10,0
haiet1,5173,983,11,0
valvez1,5173,984,12,0
lionor1,5173,985,13,0
vcentre1,5173,986,14,0
tertre1,5173,988,15,0
chnoel1,5173,989,16,0
ptcham1,5173,990,17,0
colin1,5173,991,18,0
cxroure1,5173,991,19,0
ecoagro1,5173,993,20,0
marbeuf1,5173,994,21,0
lguillg1,5173,995,22,0
chqpost1,5173,996,23,0
ptbrets1,5173,998,24,0
repx2,5173,999,25,1
repbottc,5176,955,1,0
ptbrets2,5176,957,2,0
chqpost2,5176,959,3,0
lguillg2,5176,960,4,0
marbeuf2,5176,961,5,0
ecoagro2,5176,962,6,0
cxroure2,5176,963,7,0
colin2,5176,964,8,0
ptcham2,5176,965,9,0
chnoel2,5176,966,10,0
tertre2,5176,967,11,0
vcentre2,5176,969,12,0
lionor2,5176,970,13,0
valvez2,5176,971,14,0
haiet2,5176,972,15,0
noebi2,5176,975,16,0
clairef2,5176,976,17,0
village2,5176,977,18,0
egherm2,5176,977,19,0
gareher2,5176,977,20,0
hautier2,5176,978,21,0
grippie2,5176,980,22,0
besner2,5176,981,23,0
rochers2,5176,982,24,0
egchap,5176,983,25,1
repbottc,5180,585,1,0
ptbrets2,5180,587,2,0
chqpost2,5180,589,3,0
lguillg2,5180,590,4,0
marbeuf2,5180,591,5,0
ecoagro2,5180,592,6,0
cxroure2,5180,594,7,0
colin2,5180,594,8,0
ptcham2,5180,595,9,0
chnoel2,5180,596,10,0
tertre2,5180,597,11,0
vcentre2,5180,599,12,0
lionor2,5180,600,13,0
valvez2,5180,601,14,0
haiet2,5180,602,15,0
noebi2,5180,605,16,0
clairef2,5180,606,17,0
village2,5180,607,18,0
egherm2,5180,607,19,0
gareher2,5180,608,20,0
hautier2,5180,608,21,0
grippie2,5180,610,22,0
besner2,5180,611,23,0
rochers2,5180,613,24,0
egchap,5180,614,25,1
egchap,5034,1006,1,0
rochers1,5034,1007,2,0
besner1,5034,1008,3,0
grippie1,5034,1009,4,0
hautier1,5034,1011,5,0
catha2,5034,1012,6,0
gareher1,5034,1016,7,0
egherm1,5034,1017,8,0
village1,5034,1018,9,0
clairef1,5034,1019,10,0
noebi1,5034,1019,11,0
haiet1,5034,1023,12,0
valvez1,5034,1024,13,0
lionor1,5034,1025,14,0
vcentre1,5034,1026,15,0
tertre1,5034,1028,16,0
chnoel1,5034,1029,17,0
ptcham1,5034,1030,18,0
colin1,5034,1031,19,0
cxroure1,5034,1031,20,0
ecoagro1,5034,1033,21,0
marbeuf1,5034,1034,22,0
lguillg1,5034,1035,23,0
chqpost1,5034,1036,24,0
ptbrets1,5034,1038,25,0
repx2,5034,1039,26,1
repbottc,5067,760,1,0
ptbrets2,5067,762,2,0
chqpost2,5067,764,3,0
lguillg2,5067,765,4,0
marbeuf2,5067,766,5,0
ecoagro2,5067,767,6,0
cxroure2,5067,768,7,0
colin2,5067,768,8,0
ptcham2,5067,769,9,0
chnoel2,5067,770,10,0
tertre2,5067,771,11,0
vcentre2,5067,772,12,0
lionor2,5067,773,13,0
valvez2,5067,774,14,0
haiet2,5067,775,15,0
noebi2,5067,778,16,0
clairef2,5067,779,17,0
village2,5067,780,18,0
egherm2,5067,780,19,0
gareher2,5067,781,20,0
hautier2,5067,781,21,0
grippie2,5067,784,22,0
besner2,5067,785,23,0
rochers2,5067,787,24,0
egchap,5067,788,25,1
egchap,6491,700,1,0
rochers1,6491,701,2,0
besner1,6491,703,3,0
grippie1,6491,704,4,0
hautier1,6491,706,5,0
gareher1,6491,707,6,0
egherm1,6491,707,7,0
village1,6491,708,8,0
clairef1,6491,709,9,0
noebi1,6491,709,10,0
haiet1,6491,713,11,0
valvez1,6491,714,12,0
lionor1,6491,715,13,0
vcentre1,6491,716,14,0
tertre1,6491,718,15,0
chnoel1,6491,719,16,0
ptcham1,6491,720,17,0
colin1,6491,721,18,0
cxroure1,6491,721,19,0
ecoagro1,6491,723,20,0
marbeuf1,6491,723,21,0
lguillg1,6491,724,22,0
chqpost1,6491,725,23,0
ptbrets1,6491,727,24,0
repx2,6491,728,25,1
repbottc,6498,1090,1,0
ptbrets2,6498,1092,2,0
chqpost2,6498,1094,3,0
lguillg2,6498,1095,4,0
marbeuf2,6498,1096,5,0
ecoagro2,6498,1097,6,0
cxroure2,6498,1099,7,0
colin2,6498,1100,8,0
ptcham2,6498,1101,9,0
chnoel2,6498,1102,10,0
tertre2,6498,1103,11,0
vcentre2,6498,1105,12,0
lionor2,6498,1106,13,0
valvez2,6498,1107,14,0
haiet2,6498,1108,15,0
noebi2,6498,1112,16,0
clairef2,6498,1113,17,0
village2,6498,1114,18,0
egherm2,6498,1114,19,0
gareher2,6498,1115,20,0
hautier2,6498,1115,21,0
grippie2,6498,1118,22,0
besner2,6498,1119,23,0
rochers2,6498,1121,24,0
egchap,6498,1122,25,1
repbottc,6497,1000,1,0
ptbrets2,6497,1002,2,0
chqpost2,6497,1004,3,0
lguillg2,6497,1005,4,0
marbeuf2,6497,1006,5,0
ecoagro2,6497,1007,6,0
cxroure2,6497,1008,7,0
colin2,6497,1008,8,0
ptcham2,6497,1009,9,0
chnoel2,6497,1010,10,0
tertre2,6497,1011,11,0
vcentre2,6497,1013,12,0
lionor2,6497,1014,13,0
valvez2,6497,1015,14,0
haiet2,6497,1016,15,0
noebi2,6497,1019,16,0
clairef2,6497,1020,17,0
village2,6497,1021,18,0
egherm2,6497,1021,19,0
gareher2,6497,1022,20,0
hautier2,6497,1022,21,0
grippie2,6497,1025,22,0
besner2,6497,1026,23,0
rochers2,6497,1028,24,0
egchap,6497,1029,25,1
repbottc,6458,1050,1,0
ptbrets2,6458,1052,2,0
chqpost2,6458,1054,3,0
lguillg2,6458,1055,4,0
marbeuf2,6458,1056,5,0
ecoagro2,6458,1058,6,0
cxroure2,6458,1060,7,0
colin2,6458,1061,8,0
ptcham2,6458,1062,9,0
chnoel2,6458,1063,10,0
tertre2,6458,1064,11,0
vcentre2,6458,1066,12,0
lionor2,6458,1067,13,0
valvez2,6458,1068,14,0
haiet2,6458,1069,15,0
noebi2,6458,1073,16,0
clairef2,6458,1074,17,0
village2,6458,1075,18,0
egherm2,6458,1075,19,0
gareher2,6458,1076,20,0
hautier2,6458,1076,21,0
grippie2,6458,1079,22,0
besner2,6458,1080,23,0
rochers2,6458,1082,24,0
egchap,6458,1083,25,1
repbottc,6369,815,1,0
ptbrets2,6369,817,2,0
chqpost2,6369,819,3,0
lguillg2,6369,820,4,0
marbeuf2,6369,821,5,0
ecoagro2,6369,822,6,0
cxroure2,6369,823,7,0
colin2,6369,824,8,0
ptcham2,6369,825,9,0
chnoel2,6369,826,10,0
tertre2,6369,827,11,0
vcentre2,6369,829,12,0
lionor2,6369,830,13,0
valvez2,6369,831,14,0
haiet2,6369,832,15,0
noebi2,6369,835,16,0
clairef2,6369,836,17,0
village2,6369,837,18,0
egherm2,6369,837,19,0
gareher2,6369,837,20,0
hautier2,6369,838,21,0
grippie2,6369,840,22,0
besner2,6369,841,23,0
rochers2,6369,842,24,0
egchap,6369,843,25,1
repbottc,6599,1095,1,0
ptbrets2,6599,1097,2,0
chqpost2,6599,1099,3,0
lguillg2,6599,1100,4,0
marbeuf2,6599,1101,5,0
ecoagro2,6599,1102,6,0
cxroure2,6599,1103,7,0
colin2,6599,1104,8,0
ptcham2,6599,1105,9,0
chnoel2,6599,1106,10,0
tertre2,6599,1107,11,0
vcentre2,6599,1109,12,0
lionor2,6599,1110,13,0
valvez2,6599,1111,14,0
haiet2,6599,1112,15,0
noebi2,6599,1115,16,0
clairef2,6599,1116,17,0
village2,6599,1117,18,0
egherm2,6599,1117,19,0
gareher2,6599,1117,20,0
hautier2,6599,1118,21,0
grippie2,6599,1120,22,0
besner2,6599,1121,23,0
rochers2,6599,1122,24,0
egchap,6599,1123,25,1
egchap,1908,840,1,0
rochers1,1908,841,2,0
besner1,1908,843,3,0
grippie1,1908,844,4,0
hautier1,1908,846,5,0
gareher1,1908,847,6,0
egherm1,1908,847,7,0
village1,1908,848,8,0
clairef1,1908,849,9,0
noebi1,1908,849,10,0
haiet1,1908,853,11,0
valvez1,1908,854,12,0
lionor1,1908,855,13,0
vcentre1,1908,856,14,0
tertre1,1908,858,15,0
chnoel1,1908,859,16,0
ptcham1,1908,860,17,0
colin1,1908,861,18,0
cxroure1,1908,862,19,0
ecoagro1,1908,864,20,0
marbeuf1,1908,864,21,0
lguillg1,1908,865,22,0
chqpost1,1908,866,23,0
ptbrets1,1908,868,24,0
repx2,1908,869,25,1
egchap,6580,465,1,0
rochers1,6580,466,2,0
besner1,6580,468,3,0
grippie1,6580,469,4,0
hautier1,6580,471,5,0
gareher1,6580,472,6,0
egherm1,6580,472,7,0
village1,6580,473,8,0
clairef1,6580,474,9,0
noebi1,6580,475,10,0
haiet1,6580,479,11,0
valvez1,6580,480,12,0
lionor1,6580,482,13,0
vcentre1,6580,483,14,0
tertre1,6580,485,15,0
chnoel1,6580,487,16,0
ptcham1,6580,488,17,0
colin1,6580,489,18,0
cxroure1,6580,490,19,0
ecoagro1,6580,492,20,0
marbeuf1,6580,493,21,0
lguillg1,6580,494,22,0
chqpost1,6580,495,23,0
ptbrets1,6580,497,24,0
repx2,6580,498,25,1
egchap,6507,710,1,0
rochers1,6507,711,2,0
besner1,6507,712,3,0
grippie1,6507,713,4,0
hautier1,6507,715,5,0
gareher1,6507,716,6,0
egherm1,6507,716,7,0
village1,6507,717,8,0
clairef1,6507,718,9,0
noebi1,6507,718,10,0
haiet1,6507,722,11,0
valvez1,6507,723,12,0
lionor1,6507,724,13,0
vcentre1,6507,724,14,0
tertre1,6507,726,15,0
chnoel1,6507,727,16,0
ptcham1,6507,728,17,0
colin1,6507,729,18,0
cxroure1,6507,729,19,0
ecoagro1,6507,730,20,0
marbeuf1,6507,731,21,0
lguillg1,6507,732,22,0
chqpost1,6507,732,23,0
ptbrets1,6507,734,24,0
repx2,6507,736,25,1
repbottc,6504,1380,1,0
ptbrets2,6504,1382,2,0
chqpost2,6504,1383,3,0
lguillg2,6504,1384,4,0
marbeuf2,6504,1385,5,0
ecoagro2,6504,1386,6,0
cxroure2,6504,1387,7,0
colin2,6504,1387,8,0
ptcham2,6504,1388,9,0
chnoel2,6504,1389,10,0
tertre2,6504,1390,11,0
vcentre2,6504,1391,12,0
lionor2,6504,1392,13,0
valvez2,6504,1393,14,0
haiet2,6504,1394,15,0
clairef2,6504,1398,16,0
village2,6504,1399,17,0
egherm2,6504,1399,18,0
gareher2,6504,1400,19,0
hautier2,6504,1400,20,0
grippie2,6504,1402,21,0
besner2,6504,1403,22,0
rochers2,6504,1405,23,0
egchap,6504,1406,24,0
chverc,6504,1411,25,0
noecin1,6504,1411,26,0
egverg1,6504,1419,27,0
bouvrai1,6504,1419,28,1
repbottc,1969,1010,1,0
ptbrets2,1969,1012,2,0
chqpost2,1969,1014,3,0
lguillg2,1969,1015,4,0
marbeuf2,1969,1016,5,0
ecoagro2,1969,1017,6,0
cxroure2,1969,1019,7,0
colin2,1969,1019,8,0
ptcham2,1969,1020,9,0
chnoel2,1969,1021,10,0
tertre2,1969,1022,11,0
vcentre2,1969,1024,12,0
lionor2,1969,1025,13,0
valvez2,1969,1026,14,0
haiet2,1969,1027,15,0
noebi2,1969,1030,16,0
clairef2,1969,1031,17,0
village2,1969,1032,18,0
egherm2,1969,1032,19,0
gareher2,1969,1033,20,0
hautier2,1969,1033,21,0
grippie2,1969,1036,22,0
besner2,1969,1037,23,0
rochers2,1969,1039,24,0
egchap,1969,1040,25,1
repbottc,6532,480,1,0
ptbrets2,6532,482,2,0
chqpost2,6532,484,3,0
lguillg2,6532,485,4,0
marbeuf2,6532,486,5,0
ecoagro2,6532,487,6,0
cxroure2,6532,489,7,0
colin2,6532,490,8,1
