arret_id,trajet_id,heure_depart,stop_sequence,terminus
3880,40120,1025,1,0
3881,40120,1030,2,0
3877,40120,1034,3,0
3879,40120,1037,4,0
4654,40120,1041,5,0
4652,40120,1043,6,0
4663,40120,1044,7,0
4666,40120,1045,8,0
4657,40120,1046,9,0
4662,40120,1047,10,0
4660,40120,1048,11,0
4668,40120,1049,12,0
4655,40120,1051,13,1
3880,40121,760,1,0
3881,40121,765,2,0
3877,40121,769,3,0
3879,40121,772,4,0
4654,40121,776,5,0
4652,40121,778,6,0
4663,40121,779,7,0
4666,40121,780,8,0
4657,40121,781,9,0
4662,40121,782,10,0
4660,40121,783,11,0
4668,40121,784,12,0
4655,40121,786,13,1
4663,40119,466,1,0
4666,40119,468,2,0
4657,40119,469,3,0
4662,40119,470,4,0
4660,40119,472,5,0
4668,40119,473,6,0
4655,40119,475,7,0
4652,40119,476,8,0
4653,40119,480,9,0
3878,40119,484,10,0
3877,40119,487,11,0
3881,40119,492,12,0
3880,40119,498,13,1
