id,direction_id,ligne_id,calendrier_id,macro_direction
2952,8,78,1,1
2889,8,78,4,1
449,8,78,1,1
4519,8,78,4,1
4542,8,78,4,1
4523,89,78,1,0
4529,89,78,4,0
497,89,78,1,0
4790,89,78,1,0
1449,89,78,1,0
2486,89,78,4,0
1315,89,78,3,0
831,8,78,1,1
2350,89,78,1,0
1270,8,78,1,1
797,89,78,4,0
4456,89,78,1,0
1165,89,78,1,0
1077,8,78,3,1
3272,8,78,1,1
2135,89,78,3,0
5159,8,78,4,1
3628,89,78,4,0
3645,89,78,3,0
3848,8,78,4,1
4996,8,78,4,1
3987,8,78,3,1
1964,89,78,3,0
1825,16,77,3,1
2947,16,77,1,1
1841,16,77,4,1
519,16,77,3,1
569,63,77,4,0
1850,63,77,4,0
2934,63,77,4,0
1882,63,77,4,0
1876,16,77,4,1
4617,16,77,4,1
4654,16,77,4,1
456,63,77,4,0
2810,16,77,2,1
4562,63,77,1,0
66,63,77,4,0
4548,63,77,4,0
4535,63,77,4,0
324,16,77,4,1
1608,16,77,1,1
1652,16,77,4,1
4918,16,77,2,1
4896,16,77,1,1
388,63,77,1,0
356,16,77,1,1
1564,16,77,3,1
250,16,77,3,1
918,63,77,4,0
967,16,77,4,1
995,63,77,4,0
2502,63,77,4,0
2401,16,77,3,1
2333,16,77,4,1
744,16,77,4,1
719,63,77,4,0
2701,16,77,2,1
772,63,77,4,0
2738,16,77,3,1
1186,16,77,4,1
4478,63,77,4,0
4355,16,77,4,1
4333,16,77,1,1
1019,63,77,4,0
2151,16,77,1,1
2170,63,77,1,0
2183,16,77,3,1
2234,16,77,3,1
4024,16,77,4,1
2030,16,77,4,1
3615,16,77,3,1
5065,63,77,3,0
3686,16,77,2,1
3699,16,77,1,1
3698,16,77,1,1
3696,63,77,4,0
3705,16,77,2,1
3708,16,77,1,1
188,16,77,4,1
117,63,77,4,0
3792,63,77,4,0
3764,63,77,4,0
3846,16,77,1,1
3815,16,77,2,1
3006,63,77,4,0
3888,63,77,4,0
1927,16,77,1,1
1953,16,77,1,1
2940,25,59,3,1
1845,47,59,3,0
514,47,59,1,0
1830,25,59,1,1
2962,47,59,1,0
2918,25,59,1,1
1856,25,59,3,1
1878,47,59,3,0
4624,25,59,1,1
422,25,59,1,1
1752,25,59,1,1
1739,25,59,3,1
24,25,59,3,1
84,25,59,3,1
477,47,59,3,0
2792,47,59,3,0
303,91,59,3,0
308,47,59,1,0
4903,47,59,3,0
1582,25,59,1,1
4886,25,59,3,1
1591,47,59,3,0
4893,25,59,3,1
389,47,59,3,0
207,25,59,4,1
4834,91,59,1,0
1517,25,59,1,1
1469,47,59,3,0
290,25,59,1,1
241,25,59,1,1
247,47,59,3,0
251,47,59,1,0
1417,47,59,1,0
1446,25,59,1,1
981,47,59,3,0
973,25,59,1,1
974,25,59,3,1
1402,47,59,1,0
996,25,59,3,1
2504,47,59,1,0
2453,47,59,1,0
1365,25,59,1,1
1329,25,59,1,1
813,47,59,1,0
1304,47,59,1,0
835,25,59,4,1
878,47,59,1,0
2329,47,59,1,0
2312,47,59,1,0
1254,91,59,3,0
1217,47,59,1,0
745,47,59,3,0
740,25,59,1,1
2740,91,59,1,0
750,47,59,1,0
4483,25,59,3,1
4419,47,59,1,0
4425,91,59,1,0
4434,25,59,3,1
4437,102,59,4,0
1167,25,59,3,1
1175,47,59,1,0
612,47,59,3,0
611,47,59,1,0
2656,25,59,3,1
4350,25,59,1,1
4353,47,59,1,0
1049,47,59,3,0
2143,25,59,3,1
3273,25,59,3,1
2139,47,59,3,0
2178,47,59,1,0
2253,25,59,1,1
2257,47,59,3,0
3388,25,59,1,1
2229,25,59,1,1
3341,25,59,1,1
2274,25,59,3,1
3329,47,59,3,0
3300,25,59,1,1
3497,47,59,3,0
5108,102,59,4,0
4091,25,59,3,1
5168,25,59,4,1
5164,47,59,3,0
5144,47,59,3,0
3584,25,59,1,1
2052,47,59,3,0
2067,25,59,1,1
2027,47,59,1,0
2043,47,59,1,0
172,25,59,3,1
3779,25,59,1,1
4999,47,59,1,0
3893,47,59,1,0
3051,25,59,1,1
3068,25,59,1,1
3922,47,59,1,0
3970,47,59,1,0
3191,105,59,3,1
1921,25,59,1,1
2959,20,57,3,1
2949,20,57,2,1
2980,20,57,2,1
511,40,57,1,0
1836,20,57,1,1
2999,40,57,1,0
1809,60,57,2,0
2916,20,57,2,1
507,70,57,1,1
4622,20,57,3,1
4652,60,57,2,0
4646,40,57,1,0
4671,20,57,2,1
4695,20,57,1,1
1719,60,57,1,0
2835,60,57,2,0
419,20,57,1,1
425,20,57,1,1
431,60,57,3,0
2894,20,57,1,1
446,70,57,1,1
452,20,57,2,1
27,40,57,1,0
19,60,57,2,0
4537,20,57,3,1
483,40,57,1,0
4588,20,57,1,1
2786,20,57,3,1
4581,20,57,1,1
491,20,57,3,1
345,20,57,1,1
340,40,57,1,0
325,20,57,1,1
1622,40,57,3,0
4924,92,57,1,0
4921,92,57,1,0
1680,20,57,1,1
1677,40,57,1,0
4885,60,57,2,0
4890,20,57,1,1
4858,20,57,3,1
4877,20,57,1,1
4865,20,57,2,1
398,20,57,3,1
369,60,57,2,0
4824,20,57,3,1
4825,40,57,3,0
1514,60,57,2,0
1509,20,57,3,1
4819,70,57,1,1
1552,70,57,1,1
1462,40,57,1,0
1464,20,57,3,1
281,20,57,1,1
289,20,57,1,1
273,60,57,2,0
263,40,57,3,0
256,60,57,2,0
255,20,57,1,1
953,40,57,3,0
4294,40,57,3,0
4204,40,57,1,0
2432,40,57,1,0
4211,20,57,2,1
2462,40,57,1,0
4278,40,57,1,0
4283,40,57,1,0
2494,20,57,3,1
4289,20,57,3,1
1397,20,57,1,1
1348,20,57,1,1
1346,20,57,1,1
1363,20,57,3,1
1314,20,57,3,1
1300,20,57,1,1
843,20,57,2,1
870,20,57,3,1
4183,40,57,1,0
4178,40,57,3,0
2417,40,57,1,0
4112,40,57,3,0
4116,40,57,1,0
2309,20,57,1,1
2381,40,57,1,0
2365,20,57,1,1
2371,40,57,1,0
4165,40,57,3,0
1278,40,57,3,0
1275,20,57,3,1
1234,20,57,1,1
1228,40,57,3,0
1214,70,57,1,1
718,60,57,1,0
715,20,57,2,1
703,20,57,3,1
2759,40,57,3,0
771,40,57,1,0
2720,40,57,3,0
1183,92,57,1,0
4444,40,57,3,0
4462,60,57,2,0
1164,40,57,3,0
600,40,57,1,0
609,20,57,1,1
2648,40,57,3,0
2624,20,57,3,1
691,40,57,1,0
4371,92,57,1,0
2597,20,57,3,1
4385,20,57,1,1
2593,20,57,1,1
2589,40,57,1,0
2562,20,57,1,1
1009,40,57,1,0
1050,20,57,3,1
1039,40,57,3,0
1025,20,57,3,1
1021,20,57,1,1
3211,20,57,1,1
3379,40,57,1,0
3364,40,57,1,0
2230,20,57,3,1
2224,20,57,3,1
3403,40,57,3,0
3462,60,57,1,0
4048,20,57,2,1
5146,60,57,3,0
3532,40,57,1,0
3514,20,57,1,1
2081,20,57,1,1
3521,40,57,3,0
3524,40,57,1,0
3575,20,57,3,1
2040,60,57,3,0
2035,20,57,3,1
3569,20,57,1,1
3627,20,57,1,1
5041,40,57,1,0
5038,40,57,1,0
5076,40,57,3,0
5097,20,57,1,1
3635,40,57,1,0
3659,40,57,3,0
175,40,57,3,0
173,40,57,3,0
183,60,57,2,0
3751,20,57,3,1
3869,40,57,3,0
3861,40,57,1,0
3859,40,57,1,0
3833,92,57,1,0
3825,20,57,1,1
4963,20,57,3,1
4982,20,57,3,1
4984,60,57,2,0
3876,20,57,1,1
3069,40,57,3,0
3912,20,57,2,1
3947,40,57,1,0
3901,40,57,1,0
1934,40,57,3,0
1959,20,57,1,1
2955,11,56,1,0
1816,11,56,1,0
572,56,56,3,1
555,56,56,1,1
1899,11,56,1,0
1865,56,56,1,1
2922,56,56,3,1
4710,56,56,1,1
4601,11,56,2,0
4606,11,56,3,0
4684,11,56,2,0
2821,56,56,3,1
457,11,56,3,0
39,56,56,1,1
1696,11,56,1,0
4525,56,56,3,1
479,11,56,1,0
4593,11,56,1,0
2783,11,56,1,0
377,11,56,3,0
229,56,56,3,1
4835,11,56,3,0
4754,11,56,1,0
296,56,56,1,1
1413,56,56,1,1
1419,56,56,1,1
833,56,56,1,1
877,56,56,1,1
898,56,56,1,1
2359,11,56,1,0
4137,56,56,3,1
1290,11,56,3,0
1281,56,56,3,1
1269,11,56,1,0
2398,56,56,3,1
2388,56,56,1,1
1208,56,56,3,1
4428,11,56,3,0
1136,56,56,3,1
1158,11,56,1,0
2644,11,56,3,0
670,56,56,1,1
2596,11,56,3,0
4323,11,56,2,0
1026,11,56,1,0
2113,11,56,1,0
2128,56,56,1,1
3334,56,56,4,1
2299,11,56,3,0
3326,11,56,3,0
5000,11,56,1,0
2087,56,56,3,1
2033,11,56,1,0
5052,56,56,1,1
3644,11,56,3,0
3783,11,56,2,0
193,11,56,1,0
3865,11,56,3,0
3835,11,56,1,0
3948,11,56,3,0
3127,56,56,1,1
1981,56,56,1,1
1991,56,56,1,1
2941,31,55,1,0
2977,39,55,3,1
575,39,55,3,1
1806,61,55,2,1
1805,31,55,1,0
2930,73,55,1,0
4663,31,55,1,0
4691,39,55,1,1
596,31,55,3,0
2851,39,55,1,1
2881,61,55,2,1
451,73,55,1,0
462,39,55,3,1
1762,73,55,1,0
2801,73,55,3,0
42,39,55,1,1
4501,39,55,1,1
17,31,55,3,0
4557,39,55,3,1
86,31,55,1,0
71,31,55,1,0
4579,39,55,1,1
331,39,55,1,1
4947,39,55,1,1
1575,31,55,3,0
1597,39,55,3,1
1599,73,55,1,0
366,39,55,1,1
1525,73,55,1,0
4802,73,55,3,0
1554,39,55,1,1
1536,39,55,3,1
4793,31,55,1,0
4764,61,55,2,1
4734,39,55,3,1
254,39,55,1,1
1451,39,55,3,1
2538,39,55,1,1
2482,39,55,3,1
2468,61,55,2,1
2467,39,55,1,1
4273,31,55,2,0
2489,39,55,1,1
1359,39,55,3,1
808,61,55,2,1
4194,39,55,3,1
2407,31,55,1,0
2326,73,55,1,0
2311,31,55,3,0
2376,73,55,3,0
1251,31,55,3,0
1232,73,55,3,0
1212,39,55,1,1
734,39,55,1,1
721,39,55,1,1
713,73,55,1,0
2765,73,55,4,0
2762,73,55,3,0
2712,73,55,3,0
2718,31,55,3,0
766,39,55,1,1
1197,39,55,1,1
2679,61,55,2,1
2643,73,55,3,0
684,73,55,1,0
640,39,55,3,1
2614,39,55,1,1
1062,39,55,1,1
4366,39,55,3,1
4356,39,55,1,1
4327,39,55,1,1
4328,31,55,2,0
2551,31,55,3,0
3237,73,55,3,0
3257,39,55,1,1
3267,39,55,3,1
2172,39,55,1,1
3224,61,55,2,1
3361,31,55,3,0
3338,73,55,3,0
3315,73,55,3,0
2282,39,55,1,1
3487,39,55,1,1
3490,39,55,3,1
4039,31,55,1,0
4030,73,55,3,0
3404,31,55,1,0
4018,31,55,1,0
3461,31,55,1,0
3459,39,55,3,1
3472,39,55,1,1
4092,31,55,3,0
4089,39,55,3,1
4051,39,55,3,1
4069,39,55,3,1
5170,73,55,3,0
2011,39,55,3,1
2099,39,55,1,1
2085,73,55,1,0
2084,73,55,1,0
3618,31,55,3,0
3600,39,55,1,1
5020,39,55,1,1
5018,39,55,3,1
5092,31,55,1,0
3695,39,55,3,1
3637,73,55,1,0
3671,73,55,1,0
3727,73,55,1,0
150,73,55,1,0
186,31,55,2,0
126,31,55,1,0
192,39,55,1,1
3777,61,55,2,1
3854,31,55,2,0
3818,73,55,1,0
109,39,55,3,1
4971,31,55,1,0
4967,39,55,1,1
3898,39,55,3,1
3056,39,55,1,1
3081,31,55,1,0
3098,39,55,3,1
3166,31,55,1,0
1973,73,55,1,0
1938,31,55,3,0
1955,39,55,1,1
5,30,33,1,1
515,30,33,1,1
522,49,33,3,0
1808,30,33,3,1
4633,49,33,1,0
4658,49,33,3,0
2826,30,33,3,1
437,49,33,1,0
1770,49,33,3,0
2805,49,33,1,0
1740,49,33,3,0
4511,30,33,1,1
16,49,33,1,0
4561,49,33,3,0
1695,30,33,3,1
64,30,33,1,1
346,49,33,1,0
4936,49,33,1,0
1637,30,33,3,1
4951,30,33,1,1
1685,49,33,1,0
1681,30,33,3,1
1588,49,33,3,0
4857,30,33,3,1
4856,30,33,1,1
4848,30,33,1,1
4879,30,33,3,1
4880,49,33,3,0
203,30,33,1,1
214,30,33,3,1
4821,30,33,3,1
4827,30,33,3,1
1538,49,33,3,0
1492,30,33,1,1
4765,30,33,1,1
4752,30,33,1,1
4747,49,33,1,0
4750,30,33,1,1
1497,30,33,1,1
4724,49,33,1,0
264,49,33,3,0
945,49,33,3,0
1416,49,33,1,0
991,30,33,3,1
2503,49,33,3,0
4249,30,33,3,1
4251,30,33,3,1
4266,30,33,3,1
4262,49,33,3,0
1320,30,33,3,1
865,49,33,3,0
858,49,33,1,0
882,49,33,3,0
4153,49,33,1,0
4130,49,33,3,0
1295,30,33,3,1
1230,30,33,3,1
1218,49,33,1,0
739,30,33,3,1
705,49,33,3,0
2748,49,33,3,0
2711,30,33,3,1
2719,30,33,3,1
764,49,33,1,0
4471,49,33,3,0
2690,30,33,3,1
2686,30,33,1,1
4407,49,33,3,0
4415,49,33,3,0
1111,30,33,3,1
1120,30,33,3,1
1135,49,33,1,0
673,30,33,1,1
1096,49,33,3,0
1082,30,33,3,1
2576,49,33,1,0
1012,30,33,3,1
3282,49,33,1,0
2108,49,33,3,0
3254,30,33,1,1
2112,49,33,3,0
3261,49,33,1,0
3259,30,33,1,1
3214,49,33,1,0
2201,30,33,1,1
2246,49,33,3,0
2222,30,33,1,1
2227,49,33,1,0
3333,30,33,1,1
3352,49,33,3,0
3328,30,33,1,1
5133,30,33,1,1
4044,30,33,1,1
3434,49,33,3,0
3464,49,33,1,0
3465,30,33,1,1
4057,30,33,3,1
4060,49,33,1,0
5158,49,33,1,0
2009,49,33,1,0
2003,30,33,3,1
2021,49,33,1,0
3535,30,33,1,1
2076,49,33,3,0
3527,30,33,1,1
2036,49,33,1,0
5017,49,33,3,0
5028,49,33,1,0
3665,49,33,3,0
3745,49,33,1,0
3748,30,33,1,1
146,49,33,3,0
4980,30,33,3,1
4981,49,33,1,0
3882,49,33,1,0
3017,30,33,3,1
3037,49,33,1,0
3095,30,33,1,1
3097,30,33,3,1
3957,49,33,3,0
3992,30,33,1,1
3984,30,33,3,1
3976,30,33,1,1
3909,30,33,1,1
3908,30,33,1,1
1945,49,33,1,0
581,57,34,3,1
1717,83,34,3,0
4515,83,34,3,0
493,83,34,1,0
335,57,34,1,1
1607,83,34,3,0
201,57,34,1,1
1422,83,34,1,0
807,57,34,1,1
4188,83,34,1,0
2402,83,34,3,0
2400,83,34,1,0
1227,83,34,1,0
735,83,34,1,0
2750,57,34,1,1
1196,83,34,1,0
1127,57,34,3,1
4376,57,34,1,1
3271,57,34,1,1
2162,57,34,1,1
2163,83,34,1,0
5119,83,34,1,0
4082,57,34,3,1
5139,83,34,3,0
2000,57,34,3,1
5059,57,34,1,1
3680,57,34,3,1
3724,57,34,3,1
3031,83,34,3,0
3112,57,34,3,1
1943,83,34,1,0
1822,9,11,3,1
544,9,11,3,1
2970,41,11,2,0
1840,42,11,1,1
2961,51,11,1,0
528,41,11,1,0
585,41,11,1,0
2987,42,11,1,1
2904,42,11,1,1
509,41,11,3,0
1855,9,11,3,1
4712,9,11,1,1
4612,41,11,3,0
4618,9,11,3,1
4626,51,11,1,0
591,41,11,2,0
1701,42,11,1,1
423,41,11,1,0
2820,41,11,3,0
447,9,11,2,1
440,51,11,1,0
2867,51,11,1,0
1730,41,11,1,0
1738,9,11,3,1
1737,42,11,1,1
4512,51,11,1,0
4560,41,11,2,0
63,41,11,3,0
60,42,11,1,1
4526,9,11,3,1
4524,41,11,3,0
486,9,11,3,1
489,41,11,3,0
481,42,11,1,1
474,41,11,3,0
478,9,11,1,1
98,42,11,1,1
4567,41,11,2,0
334,41,11,2,0
322,42,11,1,1
1643,9,11,2,1
1633,41,11,1,0
1663,9,11,1,1
1688,9,11,2,1
4909,9,11,2,1
4854,41,11,2,0
4850,41,11,1,0
383,41,11,3,0
355,41,11,1,0
211,9,11,2,1
1518,41,11,1,0
1500,41,11,3,0
1504,9,11,2,1
1545,41,11,2,0
4799,41,11,1,0
1477,9,11,3,1
4786,51,11,1,0
1453,41,11,3,0
1473,41,11,1,0
4758,41,11,2,0
270,9,11,3,1
949,9,11,3,1
1436,41,11,3,0
1447,9,11,3,1
1408,9,11,1,1
1401,41,11,1,0
952,9,11,2,1
4296,41,11,3,0
4299,9,11,2,1
2437,41,11,2,0
4223,41,11,1,0
2461,9,11,3,1
4240,42,11,1,1
2451,9,11,2,1
2480,42,11,1,1
4264,41,11,3,0
2470,9,11,1,1
1341,41,11,1,0
1340,51,11,1,0
1335,42,11,1,1
1332,9,11,1,1
1368,9,11,3,1
1326,41,11,1,0
1321,51,11,1,0
812,9,11,3,1
1301,9,11,3,1
845,41,11,3,0
832,9,11,3,1
860,9,11,3,1
4184,9,11,2,1
4176,41,11,2,0
2340,9,11,2,1
2308,42,11,1,1
4102,9,11,1,1
4160,42,11,1,1
4162,41,11,3,0
4132,9,11,3,1
2347,41,11,1,0
1292,51,11,1,0
1256,51,11,1,0
1239,41,11,3,0
1222,42,11,1,1
904,41,11,1,0
724,9,11,3,1
2756,41,11,1,0
770,51,11,1,0
2726,41,11,1,0
2739,51,11,1,0
4499,41,11,3,0
4453,42,11,1,1
4449,41,11,3,0
4469,41,11,3,0
2692,41,11,1,0
2685,42,11,1,1
2687,42,11,1,1
4405,41,11,3,0
1101,42,11,1,1
4417,41,11,2,0
4426,41,11,3,0
4441,41,11,1,0
1146,41,11,3,0
1176,42,11,1,1
607,42,11,1,1
687,42,11,1,1
677,41,11,1,0
2652,42,11,1,1
690,41,11,3,0
647,42,11,1,1
2602,9,11,3,1
638,42,11,1,1
2611,9,11,3,1
661,41,11,1,0
656,9,11,2,1
653,42,11,1,1
1097,9,11,1,1
1084,41,11,3,0
1066,41,11,2,0
2564,41,11,3,0
2566,41,11,3,0
2561,41,11,1,0
4304,9,11,1,1
1047,42,11,1,1
1035,41,11,2,0
1020,42,11,1,1
2111,41,11,3,0
2107,41,11,2,0
2121,41,11,1,0
3248,41,11,2,0
2115,41,11,1,0
2123,41,11,3,0
3201,42,11,1,1
3208,9,11,2,1
2185,42,11,1,1
3385,41,11,3,0
2259,51,11,1,0
2228,9,11,3,1
2238,9,11,3,1
2297,42,11,1,1
2267,42,11,1,1
3312,9,11,3,1
2278,42,11,1,1
2281,51,11,1,0
3481,41,11,1,0
5135,41,11,3,0
5113,41,11,2,0
5110,51,11,1,0
3424,9,11,3,1
3442,9,11,3,1
3446,51,11,1,0
3456,41,11,1,0
4076,41,11,2,0
4088,9,11,2,1
4085,51,11,1,0
3503,41,11,3,0
5165,9,11,3,1
3599,9,11,1,1
3543,9,11,2,1
3516,9,11,3,1
2055,9,11,3,1
2051,42,11,1,1
2059,41,11,1,0
3565,42,11,1,1
3624,41,11,1,0
5037,41,11,2,0
5047,9,11,3,1
5050,42,11,1,1
5066,41,11,3,0
5063,9,11,3,1
5078,42,11,1,1
5082,9,11,3,1
5094,51,11,1,0
3675,41,11,1,0
3690,9,11,3,1
3639,9,11,1,1
3672,9,11,3,1
119,9,11,3,1
128,42,11,1,1
199,41,11,3,0
3760,42,11,1,1
3843,41,11,1,0
3832,9,11,1,1
3819,42,11,1,1
104,42,11,1,1
4964,9,11,3,1
4988,41,11,3,0
3885,41,11,1,0
3019,41,11,3,0
3050,42,11,1,1
3075,41,11,1,0
3072,41,11,3,0
3061,9,11,2,1
3085,51,11,1,0
3092,41,11,3,0
3916,9,11,3,1
3910,41,11,1,0
3932,42,11,1,1
3969,41,11,3,0
3989,41,11,1,0
3103,42,11,1,1
3149,41,11,3,0
3115,9,11,3,1
3116,41,11,3,0
3196,41,11,1,0
3183,9,11,2,1
3174,42,11,1,1
3176,42,11,1,1
3159,41,11,1,0
1993,42,11,1,1
1929,9,11,3,1
1924,9,11,3,1
1937,9,11,3,1
1968,41,11,1,0
1726,81,41,1,1
1683,93,41,1,0
928,81,41,1,1
4117,81,41,1,1
1276,93,41,1,0
697,93,41,1,0
4396,81,41,1,1
2167,93,41,1,0
2236,93,41,1,0
2271,93,41,1,0
2073,93,41,1,0
4975,81,41,1,1
3148,93,41,1,0
3164,93,41,1,0
523,50,64,3,1
2968,50,64,4,1
552,50,64,4,1
1896,50,64,1,1
1867,50,64,2,1
2917,50,64,2,1
504,50,64,1,1
1888,50,64,1,1
4711,77,64,1,0
4651,50,64,2,1
1721,50,64,1,1
1707,77,64,1,0
1774,77,64,3,0
4518,50,64,4,1
22,77,64,1,0
77,50,64,1,1
4559,77,64,1,0
4534,77,64,3,0
4582,77,64,3,0
337,77,64,1,0
1627,77,64,1,0
4938,77,64,1,0
1649,77,64,2,0
4944,50,64,1,1
1638,77,64,2,0
4957,77,64,3,0
1664,50,64,4,1
1656,77,64,3,0
1580,77,64,3,0
4892,77,64,1,0
4846,77,64,2,0
4882,50,64,1,1
1522,50,64,1,1
1520,77,64,1,0
1508,50,64,3,1
1559,50,64,1,1
1476,77,64,3,0
1488,50,64,3,1
4775,77,64,3,0
922,50,64,2,1
1444,77,64,1,0
909,77,64,3,0
4248,50,64,3,1
4286,77,64,1,0
1307,50,64,1,1
838,77,64,3,0
886,50,64,3,1
4195,50,64,2,1
4180,77,64,2,0
2318,77,64,1,0
2319,50,64,3,1
4168,77,64,1,0
1231,50,64,1,1
1219,50,64,1,1
748,77,64,1,0
785,50,64,1,1
2708,50,64,3,1
2725,77,64,4,0
4493,77,64,1,0
4488,77,64,3,0
1179,77,64,1,0
4454,50,64,1,1
4481,50,64,1,1
4482,50,64,1,1
2691,77,64,3,0
1117,50,64,1,1
1147,77,64,3,0
626,77,64,1,0
624,50,64,3,1
2580,50,64,3,1
4354,50,64,2,1
2568,50,64,4,1
3286,50,64,1,1
3239,50,64,2,1
3266,50,64,3,1
3221,77,64,1,0
2203,77,64,4,0
3384,77,64,3,0
2237,50,64,1,1
2269,77,64,2,0
4037,50,64,2,1
4002,77,64,1,0
2020,50,64,4,1
3551,77,64,3,0
2086,77,64,3,0
3520,77,64,1,0
3579,77,64,1,0
3611,50,64,3,1
3678,77,64,2,0
3658,50,64,1,1
3711,50,64,1,1
3715,77,64,1,0
181,77,64,2,0
145,50,64,3,1
3772,77,64,1,0
3769,77,64,1,0
106,50,64,4,1
100,77,64,1,0
3040,77,64,3,0
4530,88,TTZ,1,0
326,88,TTZ,1,0
668,88,TTZ,1,0
2244,88,TTZ,1,1
2966,48,65,3,0
580,48,65,1,0
505,68,65,3,1
4719,76,65,3,0
4611,68,65,3,1
1727,76,65,4,0
1786,76,65,3,0
4509,68,65,4,1
78,68,65,4,1
4552,68,65,1,1
56,68,65,3,1
51,68,65,1,1
2797,68,65,3,1
494,68,65,1,1
319,68,65,1,1
1601,68,65,3,1
1618,48,65,4,0
4931,48,65,4,0
4900,68,65,1,1
4915,94,65,2,1
397,76,65,4,0
228,68,65,1,1
1499,97,65,2,0
913,68,65,1,1
907,68,65,1,1
2444,76,65,4,0
4253,68,65,3,1
4280,48,65,1,0
1388,68,65,4,1
1370,76,65,4,0
1330,68,65,3,1
819,76,65,4,0
891,48,65,1,0
4119,48,65,1,0
728,76,65,4,0
1203,68,65,3,1
2747,94,65,2,1
2758,48,65,4,0
2705,94,65,2,1
4497,68,65,4,1
1192,97,65,2,0
4416,76,65,3,0
686,48,65,1,0
4394,68,65,1,1
4395,68,65,1,1
1098,48,65,4,0
4382,68,65,1,1
2590,68,65,3,1
4340,68,65,1,1
1048,97,65,2,0
2211,48,65,4,0
5102,97,65,2,0
3432,97,65,2,0
3509,68,65,4,1
4056,48,65,3,0
3550,68,65,3,1
3545,68,65,3,1
2026,76,65,4,0
5040,68,65,4,1
3683,68,65,3,1
3632,68,65,3,1
3630,68,65,1,1
3673,94,65,2,1
3728,94,65,2,1
3716,68,65,1,1
3749,68,65,1,1
3739,68,65,3,1
3706,68,65,3,1
3820,48,65,4,0
3811,94,65,2,1
3879,48,65,1,0
3025,97,65,2,0
3021,48,65,1,0
3944,68,65,1,1
3983,76,65,3,0
3986,68,65,1,1
3108,76,65,4,0
3147,68,65,3,1
1970,76,65,4,0
1928,76,65,4,0
1960,68,65,1,1
1821,6,61,1,0
2954,13,61,1,1
2943,13,61,1,1
1838,13,61,4,1
561,6,61,4,0
4708,6,61,4,0
1884,13,61,1,1
4613,13,61,4,1
1722,6,61,1,0
2840,6,61,1,0
417,13,61,4,1
2837,13,61,3,1
436,6,61,3,0
1794,6,61,1,0
13,13,61,3,1
4568,6,61,1,0
4927,13,61,3,1
4945,6,61,3,0
1671,13,61,1,1
1595,6,61,4,0
390,13,61,1,1
1561,6,61,1,0
288,6,61,4,0
295,13,61,4,1
948,6,61,3,0
954,13,61,1,1
951,13,61,3,1
2424,6,61,1,0
2455,6,61,3,0
2447,13,61,1,1
2481,6,61,1,0
1386,6,61,4,0
874,13,61,1,1
4169,6,61,4,0
894,13,61,1,1
2409,13,61,1,1
4105,13,61,4,1
1238,13,61,1,1
733,13,61,3,1
702,13,61,1,1
1209,13,61,1,1
2752,6,61,1,0
2771,13,61,4,1
793,13,61,1,1
1118,6,61,4,0
1121,13,61,4,1
1134,6,61,3,0
628,6,61,4,0
2637,13,61,3,1
2639,6,61,3,0
2605,13,61,3,1
1092,6,61,1,0
2574,13,61,1,1
2555,13,61,1,1
4309,13,61,4,1
4322,6,61,3,0
1053,13,61,4,1
3241,6,61,4,0
2122,6,61,1,0
3222,6,61,1,0
2199,6,61,1,0
3358,6,61,4,0
2239,6,61,1,0
2273,6,61,1,0
3491,13,61,3,1
5120,13,61,4,1
5106,6,61,1,0
4021,6,61,1,0
4083,6,61,1,0
3581,6,61,3,0
2045,6,61,3,0
5019,13,61,1,1
5031,13,61,4,1
5072,13,61,1,1
3638,6,61,1,0
3733,6,61,1,0
3709,6,61,3,0
129,13,61,1,1
3788,13,61,4,1
3785,13,61,4,1
3003,13,61,3,1
3008,6,61,1,0
3053,6,61,3,0
3093,13,61,1,1
3939,6,61,1,0
3975,13,61,3,1
3136,13,61,1,1
3138,6,61,4,0
1913,13,61,1,1
1958,6,61,4,0
407,85,100,1,1
2722,85,100,1,1
1070,103,100,1,0
1030,103,100,1,0
2197,103,100,1,0
2265,85,100,1,1
2079,103,100,1,0
5087,85,100,1,1
3911,85,100,1,1
3186,103,100,1,0
1901,85,100,8,1
1814,36,67,3,0
2986,36,67,3,0
563,64,67,3,1
2915,64,67,3,1
1858,64,67,1,1
2933,64,67,1,1
4615,78,67,1,1
4699,36,67,3,0
1714,36,67,1,0
418,78,67,3,1
2829,36,67,1,0
44,64,67,1,1
4522,64,67,1,1
96,78,67,1,1
347,64,67,1,1
318,36,67,1,0
1609,64,67,3,1
1606,64,67,1,1
1617,64,67,3,1
4937,64,67,1,1
1646,78,67,1,1
1642,36,67,1,0
1635,78,67,3,1
1659,36,67,3,0
1687,64,67,1,1
1674,78,67,1,1
1594,78,67,3,1
4867,36,67,3,0
362,78,67,1,1
357,36,67,3,0
4801,64,67,1,1
4804,64,67,1,1
1481,36,67,3,0
1490,64,67,3,1
4791,36,67,1,0
933,36,67,3,0
924,64,67,1,1
2510,78,67,3,1
2429,36,67,1,0
2457,64,67,1,1
4245,36,67,3,0
4244,36,67,1,0
4258,78,67,3,1
1380,64,67,1,1
1306,36,67,1,0
863,36,67,1,0
888,36,67,3,0
4199,64,67,1,1
4187,36,67,1,0
4179,64,67,3,1
2337,36,67,1,0
4121,36,67,1,0
1273,36,67,3,0
1264,78,67,3,1
2391,64,67,1,1
1243,64,67,3,1
1210,64,67,1,1
903,36,67,1,0
1200,64,67,1,1
786,36,67,3,0
754,36,67,1,0
4450,36,67,3,0
2696,36,67,3,0
4438,64,67,3,1
1156,36,67,1,0
2657,78,67,3,1
2660,36,67,1,0
2620,36,67,1,0
642,64,67,1,1
660,78,67,3,1
1081,36,67,3,0
1085,36,67,3,0
2594,78,67,1,1
1056,36,67,1,0
2140,36,67,3,0
3269,36,67,3,0
2157,36,67,3,0
3212,36,67,3,0
2187,64,67,1,1
3232,64,67,1,1
2189,64,67,3,1
2298,36,67,1,0
2277,78,67,1,1
3309,36,67,1,0
3408,36,67,3,0
4020,36,67,1,0
4019,64,67,3,1
3473,64,67,3,1
4095,64,67,3,1
3502,36,67,1,0
2016,36,67,1,0
3548,36,67,1,0
5034,64,67,1,1
3691,36,67,1,0
3734,36,67,1,0
3701,36,67,3,0
182,64,67,1,1
3797,64,67,3,1
3831,78,67,1,1
3821,36,67,1,0
3802,36,67,1,0
3800,36,67,1,0
107,36,67,3,0
4992,64,67,3,1
3032,64,67,3,1
3965,78,67,3,1
3954,36,67,3,0
3950,36,67,1,0
3904,36,67,3,0
3145,78,67,3,1
3182,64,67,1,1
1986,36,67,1,0
2969,54,68,3,1
2993,54,68,2,1
1861,65,68,2,0
1886,54,68,3,1
4682,54,68,3,1
4689,65,68,3,0
4690,65,68,1,0
599,65,68,2,0
443,54,68,2,1
1753,54,68,1,1
4506,54,68,3,1
330,65,68,1,0
327,65,68,3,0
1605,65,68,3,0
1641,65,68,2,0
1673,54,68,3,1
4919,54,68,1,1
4861,54,68,2,1
1512,65,68,1,0
4814,54,68,1,1
1565,54,68,2,1
1478,54,68,1,1
1482,54,68,3,1
242,54,68,1,1
235,65,68,1,0
983,65,68,1,0
1409,54,68,3,1
2514,54,68,1,1
4228,54,68,1,1
1383,65,68,3,0
1352,65,68,1,0
1347,54,68,1,1
1345,54,68,3,1
811,65,68,3,0
814,65,68,1,0
887,65,68,1,0
2404,54,68,1,1
2302,65,68,1,0
4161,65,68,3,0
712,54,68,3,1
2775,65,68,1,0
761,54,68,1,1
4465,65,68,2,0
2672,54,68,1,1
2662,54,68,3,1
1107,65,68,3,0
4411,54,68,3,1
1145,54,68,3,1
1157,65,68,3,0
614,54,68,3,1
619,54,68,1,1
2626,54,68,1,1
659,54,68,1,1
1091,65,68,3,0
1090,65,68,1,0
1089,54,68,1,1
2598,54,68,2,1
2588,54,68,1,1
4338,65,68,1,0
2548,54,68,3,1
4337,65,68,3,0
4312,65,68,3,0
3284,65,68,3,0
3283,65,68,1,0
2164,65,68,1,0
3386,54,68,2,1
3321,54,68,1,1
4046,65,68,3,0
3435,65,68,1,0
3436,65,68,3,0
3453,65,68,1,0
3470,65,68,3,0
2077,54,68,3,1
3580,65,68,2,0
163,54,68,3,1
174,54,68,1,1
197,65,68,3,0
3851,65,68,1,0
4970,65,68,1,0
4972,65,68,3,0
3873,54,68,1,1
3887,65,68,2,0
3080,54,68,3,1
3930,65,68,1,0
3105,65,68,3,0
3144,54,68,3,1
1909,65,68,1,0
534,10,08,1,1
1826,18,08,3,0
537,10,08,1,1
1811,18,08,1,0
8,18,08,3,0
1831,18,08,3,0
2989,18,08,1,0
589,59,08,1,1
568,18,08,3,0
1894,10,08,3,1
502,10,08,1,1
1877,10,08,1,1
4614,18,08,1,0
4638,18,08,1,0
4639,10,08,3,1
4659,18,08,1,0
4642,10,08,1,1
595,59,08,1,1
598,18,08,3,0
1724,18,08,1,0
1705,18,08,3,0
2832,18,08,3,0
2824,18,08,1,0
424,10,08,3,1
2888,18,08,1,0
448,18,08,3,0
464,10,08,3,1
465,10,08,3,1
2866,18,08,2,0
2865,18,08,1,0
469,10,08,1,1
1764,18,08,3,0
1760,18,08,3,0
2815,10,08,3,1
2806,59,08,1,1
1749,18,08,1,0
4520,10,08,1,1
4507,10,08,2,1
4544,18,08,1,0
73,18,08,1,0
1699,18,08,1,0
61,10,08,3,1
473,18,08,1,0
4597,18,08,3,0
470,10,08,1,1
95,10,08,3,1
343,10,08,1,1
315,10,08,1,1
1628,10,08,1,1
4930,10,08,1,1
1639,10,08,3,1
1631,18,08,3,0
1669,18,08,2,0
1650,10,08,1,1
1690,18,08,1,0
4913,10,08,1,1
4895,18,08,3,0
4884,18,08,1,0
1586,10,08,1,1
4859,10,08,3,1
4860,10,08,2,1
4875,10,08,1,1
4878,18,08,2,0
394,10,08,1,1
361,10,08,3,1
364,59,08,1,1
350,10,08,3,1
202,18,08,2,0
206,18,08,3,0
210,10,08,3,1
221,10,08,3,1
227,10,08,2,1
1527,18,08,1,0
1526,18,08,1,0
1510,10,08,1,1
1503,18,08,3,0
1507,18,08,1,0
4808,18,08,3,0
4810,18,08,1,0
1570,10,08,3,1
1485,10,08,6,1
4776,18,08,1,0
1455,10,08,3,1
4736,10,08,2,1
4723,18,08,3,0
4722,10,08,3,1
1420,18,08,3,0
914,10,08,3,1
1450,18,08,1,0
987,10,08,1,1
958,10,08,1,1
955,10,08,6,1
2500,18,08,3,0
2513,10,08,1,1
4217,18,08,3,0
2421,10,08,3,1
2422,10,08,1,1
4229,18,08,1,0
4272,18,08,2,0
4275,18,08,3,0
4276,10,08,1,1
2493,10,08,3,1
1351,10,08,3,1
1371,18,08,3,0
802,18,08,1,0
803,10,08,3,1
828,18,08,3,0
851,18,08,1,0
889,18,08,1,0
4196,59,08,1,1
2321,18,08,3,0
2331,10,08,3,1
2320,10,08,1,1
4101,18,08,1,0
4149,18,08,3,0
4148,18,08,1,0
4157,10,08,1,1
2370,10,08,3,1
2372,18,08,2,0
2344,18,08,1,0
4145,18,08,3,0
1288,10,08,1,1
1279,10,08,1,1
1268,18,08,3,0
2760,10,08,1,1
2766,18,08,3,0
787,10,08,6,1
779,18,08,3,0
768,10,08,1,1
1198,18,08,1,0
4494,10,08,2,1
1191,10,08,6,1
1189,18,08,2,0
1187,10,08,1,1
1185,10,08,3,1
2663,18,08,2,0
4486,18,08,3,0
4435,10,08,3,1
1113,10,08,3,1
1115,18,08,1,0
1154,10,08,1,1
1170,18,08,1,0
1162,18,08,1,0
689,10,08,3,1
672,18,08,1,0
699,10,08,2,1
2635,18,08,3,0
4391,10,08,2,1
4399,10,08,1,1
4389,10,08,3,1
1087,18,08,1,0
4375,18,08,3,0
1067,18,08,3,0
1069,18,08,1,0
4380,18,08,1,0
2591,10,08,3,1
4351,10,08,1,1
4348,18,08,3,0
4331,10,08,3,1
2554,18,08,2,0
2547,10,08,2,1
2541,10,08,3,1
1001,18,08,1,0
1007,18,08,3,0
1008,18,08,1,0
4310,18,08,2,0
1044,18,08,4,0
1017,10,08,1,1
1015,18,08,1,0
3288,10,08,2,1
3260,10,08,1,1
3262,10,08,3,1
3277,10,08,3,1
2161,10,08,3,1
3227,10,08,1,1
2208,18,08,4,0
3360,10,08,3,1
3335,18,08,2,0
3340,10,08,3,1
2294,10,08,1,1
3317,18,08,3,0
2275,18,08,3,0
2283,10,08,2,1
2284,18,08,1,0
2285,10,08,1,1
3304,10,08,2,1
3477,10,08,1,1
3415,10,08,3,1
3426,10,08,1,1
3443,18,08,2,0
3455,10,08,2,1
3474,10,08,1,1
4097,10,08,1,1
4067,10,08,1,1
5169,59,08,1,1
5149,10,08,2,1
2002,18,08,3,0
2013,18,08,2,0
2015,18,08,1,0
5011,18,08,2,0
2094,18,08,2,0
3539,10,08,3,1
3513,18,08,1,0
3594,10,08,3,1
2064,10,08,2,1
3555,10,08,3,1
2025,18,08,1,0
3556,18,08,1,0
3559,10,08,1,1
3614,18,08,2,0
3606,18,08,4,0
5044,10,08,1,1
5077,10,08,1,1
5085,10,08,3,1
3633,10,08,3,1
3650,10,08,3,1
3641,18,08,1,0
3643,18,08,1,0
3732,10,08,2,1
3736,18,08,3,0
3737,10,08,3,1
158,18,08,3,0
165,18,08,2,0
118,18,08,2,0
3870,18,08,3,0
3812,18,08,1,0
4978,18,08,3,0
3874,18,08,1,0
3880,10,08,1,1
3076,18,08,1,0
3065,10,08,1,1
3991,18,08,1,0
3977,18,08,1,0
3146,10,08,1,1
3132,18,08,3,0
3195,18,08,3,0
1971,10,08,3,1
1982,18,08,1,0
1985,18,08,1,0
1988,18,08,1,0
1902,18,08,1,0
1908,10,08,3,1
1962,18,08,1,0
539,17,94,3,0
2,17,94,1,0
571,17,94,1,0
2932,17,94,3,0
2926,17,94,3,0
4674,17,94,1,0
4673,17,94,3,0
4697,17,94,3,0
429,17,94,1,0
1780,17,94,3,0
2798,17,94,1,0
313,17,94,3,0
4843,17,94,3,0
1551,17,94,3,0
1487,17,94,3,0
287,17,94,3,0
919,17,94,3,0
2519,17,94,3,0
1373,17,94,1,0
841,17,94,1,0
4198,17,94,3,0
2303,17,94,3,0
784,17,94,1,0
1160,17,94,3,0
688,17,94,1,0
635,17,94,1,0
652,17,94,3,0
2543,17,94,1,0
4302,17,94,3,0
4313,17,94,1,0
3213,17,94,3,0
3401,17,94,1,0
3546,17,94,3,0
3529,17,94,1,0
2065,17,94,1,0
5098,17,94,3,0
3676,17,94,3,0
3640,17,94,3,0
3636,17,94,1,0
3648,17,94,1,0
3002,17,94,1,0
3071,17,94,3,0
3994,17,94,3,0
1935,17,94,3,0
536,23,09,1,1
1827,23,09,3,1
540,26,09,3,0
6,23,09,1,1
1813,26,09,1,0
1817,23,09,3,1
1848,26,09,3,0
2963,26,09,1,0
570,23,09,1,1
584,26,09,1,0
1802,26,09,1,0
558,23,09,3,1
554,23,09,2,1
551,26,09,2,0
1869,23,09,2,1
2901,26,09,2,0
503,26,09,1,0
2905,26,09,3,0
1851,26,09,2,0
501,26,09,3,0
1885,23,09,2,1
2921,23,09,1,1
4603,26,09,3,0
4604,26,09,1,0
4607,26,09,1,0
4636,23,09,2,1
4662,23,09,1,1
4645,23,09,4,1
400,26,09,2,0
416,23,09,3,1
410,23,09,3,1
427,23,09,1,1
2891,26,09,3,0
2885,26,09,1,0
2882,26,09,2,0
453,26,09,3,0
459,26,09,2,0
2861,26,09,1,0
2812,26,09,4,0
2813,26,09,2,0
2814,26,09,2,0
1756,23,09,2,1
2809,26,09,1,0
29,26,09,3,0
11,23,09,1,1
4554,23,09,4,1
87,23,09,1,1
4549,23,09,3,1
4538,26,09,1,0
65,23,09,1,1
4521,23,09,1,1
54,26,09,2,0
2787,26,09,3,0
99,26,09,1,0
499,26,09,1,0
495,26,09,1,0
4566,23,09,3,1
333,26,09,1,0
1600,23,09,3,1
1615,26,09,3,0
4958,23,09,1,1
4953,23,09,3,1
1665,23,09,1,1
1666,26,09,1,0
4907,26,09,1,0
1672,23,09,2,1
1573,23,09,3,1
4889,26,09,1,0
4887,26,09,1,0
1584,23,09,3,1
1593,26,09,4,0
4894,23,09,2,1
1590,26,09,3,0
4845,23,09,4,1
4840,23,09,1,1
4849,23,09,1,1
4864,26,09,2,0
382,26,09,1,0
376,23,09,2,1
360,23,09,1,1
365,23,09,2,1
368,26,09,1,0
352,23,09,3,1
358,26,09,1,0
200,26,09,2,0
225,23,09,2,1
4823,26,09,1,0
1562,23,09,4,1
1541,26,09,3,0
1533,23,09,3,1
1534,23,09,3,1
4789,26,09,3,0
1491,26,09,1,0
4778,23,09,3,1
1472,26,09,1,0
4770,26,09,1,0
4773,23,09,1,1
4753,26,09,1,0
4741,23,09,1,1
4745,23,09,2,1
4737,26,09,1,0
1496,23,09,4,1
271,23,09,1,1
292,23,09,4,1
248,23,09,2,1
252,23,09,2,1
258,26,09,1,0
1415,23,09,2,1
932,23,09,4,1
1429,26,09,5,0
936,26,09,3,0
1442,23,09,1,1
984,23,09,1,1
976,23,09,3,1
978,26,09,1,0
972,26,09,3,0
975,26,09,2,0
963,26,09,1,0
4292,26,09,2,0
2516,23,09,3,1
2527,26,09,1,0
2532,23,09,1,1
2433,26,09,2,0
2439,26,09,1,0
4212,23,09,1,1
4219,23,09,1,1
4213,23,09,3,1
4220,26,09,1,0
4239,26,09,1,0
4254,26,09,1,0
4257,26,09,1,0
2474,26,09,3,0
4277,23,09,3,1
2487,23,09,3,1
2488,23,09,3,1
2490,23,09,1,1
4284,26,09,3,0
1385,26,09,3,0
1360,23,09,1,1
1358,26,09,3,0
1319,26,09,1,0
827,23,09,1,1
810,26,09,1,0
862,23,09,2,1
855,26,09,5,0
884,23,09,4,1
879,23,09,1,1
890,26,09,1,0
895,23,09,3,1
2419,26,09,3,0
4107,26,09,4,0
4108,26,09,4,0
2323,23,09,3,1
4120,23,09,3,1
4123,26,09,1,0
2307,23,09,1,1
2378,23,09,3,1
2382,23,09,2,1
4151,23,09,1,1
2366,23,09,3,1
4167,23,09,4,1
4133,23,09,1,1
2360,23,09,1,1
4136,23,09,3,1
4139,26,09,3,0
4138,26,09,1,0
1294,23,09,1,1
1280,23,09,3,1
1277,23,09,3,1
1271,23,09,3,1
1267,26,09,3,0
1262,26,09,3,0
1258,23,09,1,1
2387,23,09,1,1
1233,23,09,3,1
1237,26,09,3,0
1223,23,09,3,1
1229,23,09,3,1
730,23,09,3,1
700,23,09,1,1
706,26,09,1,0
1201,26,09,3,0
2745,23,09,1,1
798,23,09,1,1
2778,23,09,2,1
2772,26,09,2,0
2706,23,09,1,1
780,26,09,3,0
2710,26,09,1,0
776,26,09,2,0
774,26,09,3,0
2724,26,09,3,0
765,26,09,3,0
759,26,09,1,0
1194,23,09,3,1
1178,23,09,1,1
4451,26,09,3,0
2680,26,09,1,0
4446,23,09,2,1
4463,23,09,1,1
4458,26,09,1,0
2688,23,09,3,1
1109,26,09,2,0
4404,23,09,2,1
4406,26,09,1,0
4410,26,09,3,0
4418,26,09,3,0
4413,23,09,3,1
4429,26,09,5,0
4442,23,09,3,1
1144,23,09,1,1
1133,23,09,3,1
1140,23,09,1,1
1169,23,09,4,1
603,26,09,1,0
623,23,09,1,1
685,26,09,3,0
2658,26,09,1,0
675,26,09,1,0
671,26,09,1,0
2661,26,09,3,0
2629,23,09,1,1
696,26,09,1,0
693,26,09,3,0
2604,23,09,1,1
2603,26,09,1,0
2619,23,09,3,1
637,26,09,1,0
632,23,09,1,1
658,23,09,3,1
651,23,09,3,1
1099,26,09,3,0
1086,26,09,3,0
4387,23,09,3,1
2587,23,09,4,1
4349,23,09,1,1
4358,23,09,1,1
2565,26,09,4,0
4305,26,09,2,0
1010,23,09,1,1
1046,23,09,1,1
1055,26,09,3,0
3281,23,09,2,1
3295,26,09,3,0
3296,23,09,1,1
2100,26,09,3,0
3251,26,09,3,0
3247,23,09,1,1
2124,23,09,3,1
2136,26,09,3,0
3217,23,09,2,1
2176,23,09,4,1
2179,23,09,3,1
2184,23,09,3,1
2205,26,09,3,0
2202,26,09,1,0
2215,23,09,3,1
2261,26,09,3,0
2260,23,09,1,1
3356,26,09,3,0
3375,23,09,1,1
3349,23,09,3,1
3354,26,09,4,0
2266,26,09,1,0
3485,26,09,1,0
3489,26,09,3,0
3498,26,09,1,0
5125,23,09,3,1
4042,26,09,3,0
4032,26,09,2,0
4028,26,09,2,0
3414,26,09,1,0
4017,23,09,1,1
3422,26,09,3,0
3445,23,09,1,1
3449,26,09,1,0
3458,23,09,1,1
4099,23,09,3,1
4081,26,09,1,0
3505,23,09,1,1
4055,26,09,1,0
5153,26,09,3,0
5015,23,09,2,1
5012,26,09,3,0
3540,23,09,1,1
3536,23,09,3,1
3544,26,09,2,0
2071,26,09,1,0
3519,23,09,1,1
2082,26,09,3,0
3523,26,09,3,0
3582,26,09,1,0
2050,26,09,2,0
3590,26,09,1,0
3591,23,09,3,1
3554,23,09,2,1
2028,23,09,1,1
3574,23,09,3,1
3625,26,09,2,0
3610,23,09,1,1
3603,26,09,3,0
5021,26,09,1,0
5025,26,09,3,0
5033,23,09,1,1
5035,23,09,1,1
5051,26,09,1,0
5086,23,09,2,1
3634,23,09,1,1
3642,23,09,1,1
3655,23,09,1,1
3670,26,09,3,0
3664,23,09,3,1
3714,26,09,1,0
3713,26,09,3,0
3742,23,09,2,1
152,23,09,1,1
153,26,09,3,0
178,26,09,1,0
177,26,09,1,0
170,26,09,3,0
140,26,09,1,0
141,23,09,1,1
3796,26,09,3,0
195,23,09,4,1
3781,26,09,2,0
3774,26,09,1,0
3793,23,09,4,1
3790,26,09,1,0
3784,26,09,2,0
3758,23,09,2,1
3756,23,09,3,1
3771,23,09,3,1
3766,23,09,1,1
3867,26,09,1,0
3871,23,09,3,1
3845,26,09,3,0
3841,26,09,3,0
108,26,09,3,0
4961,23,09,3,1
4962,23,09,2,1
4973,23,09,1,1
4974,26,09,3,0
4987,26,09,1,0
3892,26,09,3,0
3001,26,09,3,0
3026,26,09,1,0
3033,26,09,3,0
3024,23,09,1,1
3039,26,09,1,0
3038,23,09,1,1
3042,23,09,1,1
3073,23,09,1,1
3063,26,09,2,0
3929,26,09,1,0
3096,23,09,1,1
3943,26,09,3,0
3961,23,09,3,1
3953,26,09,3,0
3971,23,09,3,1
3900,26,09,1,0
3106,26,09,1,0
3124,26,09,1,0
3113,23,09,3,1
3173,23,09,2,1
3178,23,09,3,1
1972,23,09,3,1
1900,23,09,3,1
1918,23,09,3,1
1931,23,09,1,1
1951,23,09,1,1
1969,23,09,2,1
6194,107,a,2,1
6195,106,a,2,0
6192,107,a,2,1
6193,106,a,2,0
6198,107,a,2,1
6199,106,a,2,0
6196,107,a,2,1
6197,106,a,2,0
6202,107,a,2,1
6203,106,a,2,0
6200,107,a,2,1
6201,106,a,2,0
6206,107,a,2,1
6207,106,a,2,0
6204,107,a,2,1
6205,106,a,2,0
6179,106,a,2,0
6178,107,a,2,1
6177,106,a,2,0
6176,107,a,2,1
6183,106,a,2,0
6182,107,a,2,1
6181,106,a,2,0
6180,107,a,2,1
6187,106,a,2,0
6186,107,a,2,1
6185,106,a,2,0
6184,107,a,2,1
6191,106,a,2,0
6190,107,a,2,1
6189,106,a,2,0
6188,107,a,2,1
6160,107,a,2,1
6161,106,a,2,0
6162,107,a,2,1
6163,106,a,2,0
6164,107,a,2,1
6165,106,a,2,0
6166,107,a,2,1
6167,106,a,2,0
6168,107,a,2,1
6169,106,a,2,0
6170,107,a,2,1
6171,106,a,2,0
6172,107,a,2,1
6173,106,a,2,0
6174,107,a,2,1
6175,106,a,2,0
6145,106,a,2,0
6144,107,a,2,1
6147,106,a,2,0
6146,107,a,2,1
6149,106,a,2,0
6148,107,a,2,1
6151,106,a,2,0
6150,107,a,2,1
6153,106,a,2,0
6152,107,a,2,1
6155,106,a,2,0
6154,107,a,2,1
6157,106,a,2,0
6156,107,a,2,1
6159,106,a,2,0
6158,107,a,2,1
6247,106,a,2,0
6246,107,a,2,1
6245,106,a,2,0
6244,107,a,2,1
6243,106,a,2,0
6242,107,a,2,1
6241,106,a,2,0
6240,107,a,2,1
6254,107,a,2,1
6253,106,a,2,0
6252,107,a,2,1
6251,106,a,2,0
6250,107,a,2,1
6249,106,a,2,0
6248,107,a,2,1
6228,107,a,2,1
6229,106,a,2,0
6230,107,a,2,1
6231,106,a,2,0
6224,107,a,2,1
6225,106,a,2,0
6226,107,a,2,1
6227,106,a,2,0
6236,107,a,2,1
6237,106,a,2,0
6238,107,a,2,1
6239,106,a,2,0
6232,107,a,2,1
6233,106,a,2,0
6234,107,a,2,1
6235,106,a,2,0
6213,106,a,2,0
6212,107,a,2,1
6215,106,a,2,0
6214,107,a,2,1
6209,106,a,2,0
6208,107,a,2,1
6211,106,a,2,0
6210,107,a,2,1
6221,106,a,2,0
6220,107,a,2,1
6223,106,a,2,0
6222,107,a,2,1
6217,106,a,2,0
6216,107,a,2,1
6219,106,a,2,0
6218,107,a,2,1
5500,107,a,4,1
5501,106,a,4,0
5502,107,a,4,1
5503,106,a,4,0
5496,107,a,4,1
5497,106,a,4,0
5498,107,a,4,1
5499,106,a,4,0
5492,107,a,4,1
5493,106,a,4,0
5494,107,a,4,1
5495,106,a,4,0
5488,107,a,4,1
5489,106,a,4,0
5490,107,a,4,1
5491,106,a,4,0
5485,106,a,4,0
5484,107,a,4,1
5487,106,a,4,0
5486,107,a,4,1
5481,106,a,4,0
5480,107,a,4,1
5483,106,a,4,0
5482,107,a,4,1
5477,106,a,4,0
5476,107,a,4,1
5479,106,a,4,0
5478,107,a,4,1
5473,106,a,4,0
5472,107,a,4,1
5475,106,a,4,0
5474,107,a,4,1
5470,107,a,4,1
5471,106,a,4,0
5468,107,a,4,1
5469,106,a,4,0
5466,107,a,4,1
5467,106,a,4,0
5464,107,a,4,1
5465,106,a,4,0
5462,107,a,4,1
5463,106,a,4,0
5460,107,a,4,1
5461,106,a,4,0
5458,107,a,4,1
5459,106,a,4,0
5456,107,a,4,1
5457,106,a,4,0
5455,106,a,4,0
5454,107,a,4,1
5453,106,a,4,0
5452,107,a,4,1
5451,106,a,4,0
5450,107,a,4,1
5449,106,a,4,0
5448,107,a,4,1
5447,106,a,4,0
5446,107,a,4,1
5445,106,a,4,0
5444,107,a,4,1
5443,106,a,4,0
5442,107,a,4,1
5441,106,a,4,0
5440,107,a,4,1
5432,107,a,4,1
5433,106,a,4,0
5434,107,a,4,1
5435,106,a,4,0
5436,107,a,4,1
5437,106,a,4,0
5438,107,a,4,1
5439,106,a,4,0
5424,107,a,4,1
5425,106,a,4,0
5426,107,a,4,1
5427,106,a,4,0
5428,107,a,4,1
5429,106,a,4,0
5430,107,a,4,1
5431,106,a,4,0
5417,106,a,4,0
5416,107,a,4,1
5419,106,a,4,0
5418,107,a,4,1
5421,106,a,4,0
5420,107,a,4,1
5423,106,a,4,0
5422,107,a,4,1
5409,106,a,4,0
5408,107,a,4,1
5411,106,a,4,0
5410,107,a,4,1
5413,106,a,4,0
5412,107,a,4,1
5415,106,a,4,0
5414,107,a,4,1
5402,107,a,4,1
5403,106,a,4,0
5400,107,a,4,1
5401,106,a,4,0
5406,107,a,4,1
5407,106,a,4,0
5404,107,a,4,1
5405,106,a,4,0
5394,107,a,4,1
5395,106,a,4,0
5392,107,a,4,1
5393,106,a,4,0
5398,107,a,4,1
5399,106,a,4,0
5396,107,a,4,1
5397,106,a,4,0
5387,106,a,4,0
5386,107,a,4,1
5385,106,a,4,0
5384,107,a,4,1
5391,106,a,4,0
5390,107,a,4,1
5389,106,a,4,0
5388,107,a,4,1
5379,106,a,4,0
5378,107,a,4,1
5377,106,a,4,0
5376,107,a,4,1
5383,106,a,4,0
5382,107,a,4,1
5381,106,a,4,0
5380,107,a,4,1
5621,106,a,4,0
5620,107,a,4,1
5623,106,a,4,0
5622,107,a,4,1
5617,106,a,4,0
5616,107,a,4,1
5619,106,a,4,0
5618,107,a,4,1
5629,106,a,4,0
5628,107,a,4,1
5631,106,a,4,0
5630,107,a,4,1
5625,106,a,4,0
5624,107,a,4,1
5627,106,a,4,0
5626,107,a,4,1
5604,107,a,4,1
5605,106,a,4,0
5606,107,a,4,1
5607,106,a,4,0
5600,107,a,4,1
5601,106,a,4,0
5602,107,a,4,1
5603,106,a,4,0
5612,107,a,4,1
5613,106,a,4,0
5614,107,a,4,1
5615,106,a,4,0
5608,107,a,4,1
5609,106,a,4,0
5610,107,a,4,1
5611,106,a,4,0
5591,106,a,4,0
5590,107,a,4,1
5589,106,a,4,0
5588,107,a,4,1
5587,106,a,4,0
5586,107,a,4,1
5585,106,a,4,0
5584,107,a,4,1
5599,106,a,4,0
5598,107,a,4,1
5597,106,a,4,0
5596,107,a,4,1
5595,106,a,4,0
5594,107,a,4,1
5593,106,a,4,0
5592,107,a,4,1
5574,107,a,4,1
5575,106,a,4,0
5572,107,a,4,1
5573,106,a,4,0
5570,107,a,4,1
5571,106,a,4,0
5568,107,a,4,1
5569,106,a,4,0
5582,107,a,4,1
5583,106,a,4,0
5580,107,a,4,1
5581,106,a,4,0
5578,107,a,4,1
5579,106,a,4,0
5576,107,a,4,1
5577,106,a,4,0
5553,106,a,4,0
5552,107,a,4,1
5555,106,a,4,0
5554,107,a,4,1
5557,106,a,4,0
5556,107,a,4,1
5559,106,a,4,0
5558,107,a,4,1
5561,106,a,4,0
5560,107,a,4,1
5563,106,a,4,0
5562,107,a,4,1
5565,106,a,4,0
5564,107,a,4,1
5567,106,a,4,0
5566,107,a,4,1
5536,107,a,4,1
5537,106,a,4,0
5538,107,a,4,1
5539,106,a,4,0
5540,107,a,4,1
5541,106,a,4,0
5542,107,a,4,1
5543,106,a,4,0
5544,107,a,4,1
5545,106,a,4,0
5546,107,a,4,1
5547,106,a,4,0
5548,107,a,4,1
5549,106,a,4,0
5550,107,a,4,1
5551,106,a,4,0
5523,106,a,4,0
5522,107,a,4,1
5521,106,a,4,0
5520,107,a,4,1
5527,106,a,4,0
5526,107,a,4,1
5525,106,a,4,0
5524,107,a,4,1
5531,106,a,4,0
5530,107,a,4,1
5529,106,a,4,0
5528,107,a,4,1
5535,106,a,4,0
5534,107,a,4,1
5533,106,a,4,0
5532,107,a,4,1
5506,107,a,4,1
5507,106,a,4,0
5504,107,a,4,1
5505,106,a,4,0
5510,107,a,4,1
5511,106,a,4,0
5508,107,a,4,1
5509,106,a,4,0
5514,107,a,4,1
5515,106,a,4,0
5512,107,a,4,1
5513,106,a,4,0
5518,107,a,4,1
5519,106,a,4,0
5516,107,a,4,1
5517,106,a,4,0
5231,106,a,4,0
5230,107,a,4,1
5229,106,a,4,0
5228,107,a,4,1
5227,106,a,4,0
5226,107,a,4,1
5225,106,a,4,0
5224,107,a,4,1
5223,106,a,4,0
5222,107,a,4,1
5221,106,a,4,0
5220,107,a,4,1
5219,106,a,4,0
5218,107,a,4,1
5217,106,a,4,0
5216,107,a,4,1
5246,107,a,4,1
5247,106,a,4,0
5244,107,a,4,1
5245,106,a,4,0
5242,107,a,4,1
5243,106,a,4,0
5240,107,a,4,1
5241,106,a,4,0
5238,107,a,4,1
5239,106,a,4,0
5236,107,a,4,1
5237,106,a,4,0
5234,107,a,4,1
5235,106,a,4,0
5232,107,a,4,1
5233,106,a,4,0
5197,106,a,4,0
5196,107,a,4,1
5199,106,a,4,0
5198,107,a,4,1
5193,106,a,4,0
5192,107,a,4,1
5195,106,a,4,0
5194,107,a,4,1
5189,106,a,4,0
5188,107,a,4,1
5191,106,a,4,0
5190,107,a,4,1
5185,106,a,4,0
5184,107,a,4,1
5187,106,a,4,0
5186,107,a,4,1
5212,107,a,4,1
5213,106,a,4,0
5214,107,a,4,1
5215,106,a,4,0
5208,107,a,4,1
5209,106,a,4,0
5210,107,a,4,1
5211,106,a,4,0
5204,107,a,4,1
5205,106,a,4,0
5206,107,a,4,1
5207,106,a,4,0
5200,107,a,4,1
5201,106,a,4,0
5202,107,a,4,1
5203,106,a,4,0
5178,107,a,4,1
5179,106,a,4,0
5176,107,a,4,1
5177,106,a,4,0
5182,107,a,4,1
5183,106,a,4,0
5180,107,a,4,1
5181,106,a,4,0
5171,106,a,4,0
5174,107,a,4,1
5175,106,a,4,0
5172,107,a,4,1
5173,106,a,4,0
5350,107,a,4,1
5351,106,a,4,0
5348,107,a,4,1
5349,106,a,4,0
5346,107,a,4,1
5347,106,a,4,0
5344,107,a,4,1
5345,106,a,4,0
5358,107,a,4,1
5359,106,a,4,0
5356,107,a,4,1
5357,106,a,4,0
5354,107,a,4,1
5355,106,a,4,0
5352,107,a,4,1
5353,106,a,4,0
5367,106,a,4,0
5366,107,a,4,1
5365,106,a,4,0
5364,107,a,4,1
5363,106,a,4,0
5362,107,a,4,1
5361,106,a,4,0
5360,107,a,4,1
5375,106,a,4,0
5374,107,a,4,1
5373,106,a,4,0
5372,107,a,4,1
5371,106,a,4,0
5370,107,a,4,1
5369,106,a,4,0
5368,107,a,4,1
5316,107,a,4,1
5317,106,a,4,0
5318,107,a,4,1
5319,106,a,4,0
5312,107,a,4,1
5313,106,a,4,0
5314,107,a,4,1
5315,106,a,4,0
5324,107,a,4,1
5325,106,a,4,0
5326,107,a,4,1
5327,106,a,4,0
5320,107,a,4,1
5321,106,a,4,0
5322,107,a,4,1
5323,106,a,4,0
5333,106,a,4,0
5332,107,a,4,1
5335,106,a,4,0
5334,107,a,4,1
5329,106,a,4,0
5328,107,a,4,1
5331,106,a,4,0
5330,107,a,4,1
5341,106,a,4,0
5340,107,a,4,1
5343,106,a,4,0
5342,107,a,4,1
5337,106,a,4,0
5336,107,a,4,1
5339,106,a,4,0
5338,107,a,4,1
5282,107,a,4,1
5283,106,a,4,0
5280,107,a,4,1
5281,106,a,4,0
5286,107,a,4,1
5287,106,a,4,0
5284,107,a,4,1
5285,106,a,4,0
5290,107,a,4,1
5291,106,a,4,0
5288,107,a,4,1
5289,106,a,4,0
5294,107,a,4,1
5295,106,a,4,0
5292,107,a,4,1
5293,106,a,4,0
5299,106,a,4,0
5298,107,a,4,1
5297,106,a,4,0
5296,107,a,4,1
5303,106,a,4,0
5302,107,a,4,1
5301,106,a,4,0
5300,107,a,4,1
5307,106,a,4,0
5306,107,a,4,1
5305,106,a,4,0
5304,107,a,4,1
5311,106,a,4,0
5310,107,a,4,1
5309,106,a,4,0
5308,107,a,4,1
5248,107,a,4,1
5249,106,a,4,0
5250,107,a,4,1
5251,106,a,4,0
5252,107,a,4,1
5253,106,a,4,0
5254,107,a,4,1
5255,106,a,4,0
5256,107,a,4,1
5257,106,a,4,0
5258,107,a,4,1
5259,106,a,4,0
5260,107,a,4,1
5261,106,a,4,0
5262,107,a,4,1
5263,106,a,4,0
5265,106,a,4,0
5264,107,a,4,1
5267,106,a,4,0
5266,107,a,4,1
5269,106,a,4,0
5268,107,a,4,1
5271,106,a,4,0
5270,107,a,4,1
5273,106,a,4,0
5272,107,a,4,1
5275,106,a,4,0
5274,107,a,4,1
5277,106,a,4,0
5276,107,a,4,1
5279,106,a,4,0
5278,107,a,4,1
5978,107,a,2,1
5979,106,a,2,0
5976,107,a,2,1
5977,106,a,2,0
5982,107,a,2,1
5983,106,a,2,0
5980,107,a,2,1
5981,106,a,2,0
5970,107,a,2,1
5971,106,a,2,0
5968,107,a,2,1
5969,106,a,2,0
5974,107,a,2,1
5975,106,a,2,0
5972,107,a,2,1
5973,106,a,2,0
5963,106,a,2,0
5962,107,a,2,1
5961,106,a,2,0
5960,107,a,2,1
5967,106,a,2,0
5966,107,a,2,1
5965,106,a,2,0
5964,107,a,2,1
5955,106,a,2,0
5954,107,a,2,1
5953,106,a,2,0
5952,107,a,2,1
5959,106,a,2,0
5958,107,a,2,1
5957,106,a,2,0
5956,107,a,2,1
6008,107,a,2,1
6009,106,a,2,0
6010,107,a,2,1
6011,106,a,2,0
6012,107,a,2,1
6013,106,a,2,0
6014,107,a,2,1
6015,106,a,2,0
6000,107,a,2,1
6001,106,a,2,0
6002,107,a,2,1
6003,106,a,2,0
6004,107,a,2,1
6005,106,a,2,0
6006,107,a,2,1
6007,106,a,2,0
5993,106,a,2,0
5992,107,a,2,1
5995,106,a,2,0
5994,107,a,2,1
5997,106,a,2,0
5996,107,a,2,1
5999,106,a,2,0
5998,107,a,2,1
5985,106,a,2,0
5984,107,a,2,1
5987,106,a,2,0
5986,107,a,2,1
5989,106,a,2,0
5988,107,a,2,1
5991,106,a,2,0
5990,107,a,2,1
5918,107,a,2,1
5919,106,a,2,0
5916,107,a,2,1
5917,106,a,2,0
5914,107,a,2,1
5915,106,a,2,0
5912,107,a,2,1
5913,106,a,2,0
5910,107,a,2,1
5911,106,a,2,0
5908,107,a,2,1
5909,106,a,2,0
5906,107,a,2,1
5907,106,a,2,0
5904,107,a,2,1
5905,106,a,2,0
5903,106,a,2,0
5902,107,a,2,1
5901,106,a,2,0
5900,107,a,2,1
5899,106,a,2,0
5898,107,a,2,1
5897,106,a,2,0
5896,107,a,2,1
5895,106,a,2,0
5894,107,a,2,1
5893,106,a,2,0
5892,107,a,2,1
5891,106,a,2,0
5890,107,a,2,1
5889,106,a,2,0
5888,107,a,2,1
5948,107,a,2,1
5949,106,a,2,0
5950,107,a,2,1
5951,106,a,2,0
5944,107,a,2,1
5945,106,a,2,0
5946,107,a,2,1
5947,106,a,2,0
5940,107,a,2,1
5941,106,a,2,0
5942,107,a,2,1
5943,106,a,2,0
5936,107,a,2,1
5937,106,a,2,0
5938,107,a,2,1
5939,106,a,2,0
5933,106,a,2,0
5932,107,a,2,1
5935,106,a,2,0
5934,107,a,2,1
5929,106,a,2,0
5928,107,a,2,1
5931,106,a,2,0
5930,107,a,2,1
5925,106,a,2,0
5924,107,a,2,1
5927,106,a,2,0
5926,107,a,2,1
5921,106,a,2,0
5920,107,a,2,1
5923,106,a,2,0
5922,107,a,2,1
6099,106,a,2,0
6098,107,a,2,1
6097,106,a,2,0
6096,107,a,2,1
6103,106,a,2,0
6102,107,a,2,1
6101,106,a,2,0
6100,107,a,2,1
6107,106,a,2,0
6106,107,a,2,1
6105,106,a,2,0
6104,107,a,2,1
6111,106,a,2,0
6110,107,a,2,1
6109,106,a,2,0
6108,107,a,2,1
6082,107,a,2,1
6083,106,a,2,0
6080,107,a,2,1
6081,106,a,2,0
6086,107,a,2,1
6087,106,a,2,0
6084,107,a,2,1
6085,106,a,2,0
6090,107,a,2,1
6091,106,a,2,0
6088,107,a,2,1
6089,106,a,2,0
6094,107,a,2,1
6095,106,a,2,0
6092,107,a,2,1
6093,106,a,2,0
6129,106,a,2,0
6128,107,a,2,1
6131,106,a,2,0
6130,107,a,2,1
6133,106,a,2,0
6132,107,a,2,1
6135,106,a,2,0
6134,107,a,2,1
6137,106,a,2,0
6136,107,a,2,1
6139,106,a,2,0
6138,107,a,2,1
6141,106,a,2,0
6140,107,a,2,1
6143,106,a,2,0
6142,107,a,2,1
6112,107,a,2,1
6113,106,a,2,0
6114,107,a,2,1
6115,106,a,2,0
6116,107,a,2,1
6117,106,a,2,0
6118,107,a,2,1
6119,106,a,2,0
6120,107,a,2,1
6121,106,a,2,0
6122,107,a,2,1
6123,106,a,2,0
6124,107,a,2,1
6125,106,a,2,0
6126,107,a,2,1
6127,106,a,2,0
6039,106,a,2,0
6038,107,a,2,1
6037,106,a,2,0
6036,107,a,2,1
6035,106,a,2,0
6034,107,a,2,1
6033,106,a,2,0
6032,107,a,2,1
6047,106,a,2,0
6046,107,a,2,1
6045,106,a,2,0
6044,107,a,2,1
6043,106,a,2,0
6042,107,a,2,1
6041,106,a,2,0
6040,107,a,2,1
6022,107,a,2,1
6023,106,a,2,0
6020,107,a,2,1
6021,106,a,2,0
6018,107,a,2,1
6019,106,a,2,0
6016,107,a,2,1
6017,106,a,2,0
6030,107,a,2,1
6031,106,a,2,0
6028,107,a,2,1
6029,106,a,2,0
6026,107,a,2,1
6027,106,a,2,0
6024,107,a,2,1
6025,106,a,2,0
6069,106,a,2,0
6068,107,a,2,1
6071,106,a,2,0
6070,107,a,2,1
6065,106,a,2,0
6064,107,a,2,1
6067,106,a,2,0
6066,107,a,2,1
6077,106,a,2,0
6076,107,a,2,1
6079,106,a,2,0
6078,107,a,2,1
6073,106,a,2,0
6072,107,a,2,1
6075,106,a,2,0
6074,107,a,2,1
6052,107,a,2,1
6053,106,a,2,0
6054,107,a,2,1
6055,106,a,2,0
6048,107,a,2,1
6049,106,a,2,0
6050,107,a,2,1
6051,106,a,2,0
6060,107,a,2,1
6061,106,a,2,0
6062,107,a,2,1
6063,106,a,2,0
6056,107,a,2,1
6057,106,a,2,0
6058,107,a,2,1
6059,106,a,2,0
5705,106,a,4,0
5704,107,a,4,1
5707,106,a,4,0
5706,107,a,4,1
5709,106,a,4,0
5708,107,a,4,1
5711,106,a,4,0
5710,107,a,4,1
5697,106,a,4,0
5696,107,a,4,1
5699,106,a,4,0
5698,107,a,4,1
5701,106,a,4,0
5700,107,a,4,1
5703,106,a,4,0
5702,107,a,4,1
5720,107,a,4,1
5721,106,a,4,0
5722,107,a,4,1
5723,106,a,4,0
5724,107,a,4,1
5725,106,a,4,0
5726,107,a,4,1
5727,106,a,4,0
5712,107,a,4,1
5713,106,a,4,0
5714,107,a,4,1
5715,106,a,4,0
5716,107,a,4,1
5717,106,a,4,0
5718,107,a,4,1
5719,106,a,4,0
5739,106,a,4,0
5738,107,a,4,1
5737,106,a,4,0
5736,107,a,4,1
5743,106,a,4,0
5742,107,a,4,1
5741,106,a,4,0
5740,107,a,4,1
5731,106,a,4,0
5730,107,a,4,1
5729,106,a,4,0
5728,107,a,4,1
5735,106,a,4,0
5734,107,a,4,1
5733,106,a,4,0
5732,107,a,4,1
5754,107,a,2,1
5755,106,a,2,0
5752,107,a,2,1
5753,106,a,2,0
5758,107,a,2,1
5759,106,a,2,0
5756,107,a,2,1
5757,106,a,2,0
5746,107,a,2,1
5747,106,a,2,0
5744,107,a,4,1
5745,106,a,2,0
5750,107,a,2,1
5751,106,a,2,0
5748,107,a,2,1
5749,106,a,2,0
5645,106,a,4,0
5644,107,a,4,1
5647,106,a,4,0
5646,107,a,4,1
5641,106,a,4,0
5640,107,a,4,1
5643,106,a,4,0
5642,107,a,4,1
5637,106,a,4,0
5636,107,a,4,1
5639,106,a,4,0
5638,107,a,4,1
5633,106,a,4,0
5632,107,a,4,1
5635,106,a,4,0
5634,107,a,4,1
5660,107,a,4,1
5661,106,a,4,0
5662,107,a,4,1
5663,106,a,4,0
5656,107,a,4,1
5657,106,a,4,0
5658,107,a,4,1
5659,106,a,4,0
5652,107,a,4,1
5653,106,a,4,0
5654,107,a,4,1
5655,106,a,4,0
5648,107,a,4,1
5649,106,a,4,0
5650,107,a,4,1
5651,106,a,4,0
5679,106,a,4,0
5678,107,a,4,1
5677,106,a,4,0
5676,107,a,4,1
5675,106,a,4,0
5674,107,a,4,1
5673,106,a,4,0
5672,107,a,4,1
5671,106,a,4,0
5670,107,a,4,1
5669,106,a,4,0
5668,107,a,4,1
5667,106,a,4,0
5666,107,a,4,1
5665,106,a,4,0
5664,107,a,4,1
5694,107,a,4,1
5695,106,a,4,0
5692,107,a,4,1
5693,106,a,4,0
5690,107,a,4,1
5691,106,a,4,0
5688,107,a,4,1
5689,106,a,4,0
5686,107,a,4,1
5687,106,a,4,0
5684,107,a,4,1
5685,106,a,4,0
5682,107,a,4,1
5683,106,a,4,0
5680,107,a,4,1
5681,106,a,4,0
5824,107,a,2,1
5825,106,a,2,0
5826,107,a,2,1
5827,106,a,2,0
5828,107,a,2,1
5829,106,a,2,0
5830,107,a,2,1
5831,106,a,2,0
5832,107,a,2,1
5833,106,a,2,0
5834,107,a,2,1
5835,106,a,2,0
5836,107,a,2,1
5837,106,a,2,0
5838,107,a,2,1
5839,106,a,2,0
5841,106,a,2,0
5840,107,a,2,1
5843,106,a,2,0
5842,107,a,2,1
5845,106,a,2,0
5844,107,a,2,1
5847,106,a,2,0
5846,107,a,2,1
5849,106,a,2,0
5848,107,a,2,1
5851,106,a,2,0
5850,107,a,2,1
5853,106,a,2,0
5852,107,a,2,1
5855,106,a,2,0
5854,107,a,2,1
5858,107,a,2,1
5859,106,a,2,0
5856,107,a,2,1
5857,106,a,2,0
5862,107,a,2,1
5863,106,a,2,0
5860,107,a,2,1
5861,106,a,2,0
5866,107,a,2,1
5867,106,a,2,0
5864,107,a,2,1
5865,106,a,2,0
5870,107,a,2,1
5871,106,a,2,0
5868,107,a,2,1
5869,106,a,2,0
5875,106,a,2,0
5874,107,a,2,1
5873,106,a,2,0
5872,107,a,2,1
5879,106,a,2,0
5878,107,a,2,1
5877,106,a,2,0
5876,107,a,2,1
5883,106,a,2,0
5882,107,a,2,1
5881,106,a,2,0
5880,107,a,2,1
5887,106,a,2,0
5886,107,a,2,1
5885,106,a,2,0
5884,107,a,2,1
5764,107,a,2,1
5765,106,a,2,0
5766,107,a,2,1
5767,106,a,2,0
5760,107,a,2,1
5761,106,a,2,0
5762,107,a,2,1
5763,106,a,2,0
5772,107,a,2,1
5773,106,a,2,0
5774,107,a,2,1
5775,106,a,2,0
5768,107,a,2,1
5769,106,a,2,0
5770,107,a,2,1
5771,106,a,2,0
5781,106,a,2,0
5780,107,a,2,1
5783,106,a,2,0
5782,107,a,2,1
5777,106,a,2,0
5776,107,a,2,1
5779,106,a,2,0
5778,107,a,2,1
5789,106,a,2,0
5788,107,a,2,1
5791,106,a,2,0
5790,107,a,2,1
5785,106,a,2,0
5784,107,a,2,1
5787,106,a,2,0
5786,107,a,2,1
5798,107,a,2,1
5799,106,a,2,0
5796,107,a,2,1
5797,106,a,2,0
5794,107,a,2,1
5795,106,a,2,0
5792,107,a,2,1
5793,106,a,2,0
5806,107,a,2,1
5807,106,a,2,0
5804,107,a,2,1
5805,106,a,2,0
5802,107,a,2,1
5803,106,a,2,0
5800,107,a,2,1
5801,106,a,2,0
5815,106,a,2,0
5814,107,a,2,1
5813,106,a,2,0
5812,107,a,2,1
5811,106,a,2,0
5810,107,a,2,1
5809,106,a,2,0
5808,107,a,2,1
5823,106,a,2,0
5822,107,a,2,1
5821,106,a,2,0
5820,107,a,2,1
5819,106,a,2,0
5818,107,a,2,1
5817,106,a,2,0
5816,107,a,2,1
2953,5,04,1,0
3,5,04,2,0
1,5,04,1,0
2942,5,04,1,0
546,5,04,3,0
548,35,04,1,1
2946,5,04,1,0
513,5,04,1,0
2976,35,04,3,1
1849,35,04,2,1
2965,5,04,1,0
1839,5,04,1,0
2998,5,04,2,0
565,5,04,2,0
566,5,04,3,0
1895,35,04,2,1
1857,35,04,3,1
4709,5,04,1,0
2935,35,04,1,1
1887,35,04,3,1
1890,35,04,3,1
2923,35,04,1,1
4717,35,04,3,1
4619,35,04,3,1
4634,35,04,3,1
4623,35,04,1,1
4628,5,04,1,0
4657,35,04,1,1
593,35,04,2,1
2847,5,04,3,0
2845,5,04,1,0
403,35,04,1,1
2836,5,04,3,0
420,5,04,2,0
2898,35,04,1,1
439,35,04,1,1
2886,35,04,3,1
2883,35,04,1,1
2863,5,04,3,0
466,5,04,3,0
1797,5,04,3,0
1777,5,04,2,0
1778,35,04,1,1
1750,35,04,3,1
1758,5,04,1,0
1743,5,04,3,0
1747,5,04,1,0
4500,5,04,2,0
4555,5,04,1,0
82,5,04,1,0
67,5,04,3,0
59,35,04,2,1
4541,35,04,1,1
487,5,04,3,0
475,35,04,3,1
4591,35,04,2,1
4585,5,04,3,0
97,35,04,3,1
4573,5,04,3,0
339,35,04,1,1
349,35,04,2,1
314,5,04,2,0
329,35,04,1,1
300,35,04,3,1
304,35,04,3,1
4929,5,04,3,0
1624,5,04,3,0
1623,5,04,1,0
4942,35,04,1,1
4906,35,04,1,1
1675,35,04,1,1
4888,5,04,1,0
1596,5,04,1,0
4873,35,04,1,1
4868,5,04,3,0
396,5,04,3,0
386,5,04,3,0
385,35,04,3,1
367,5,04,1,0
208,5,04,1,0
212,35,04,3,1
4828,5,04,3,0
1513,35,04,1,1
1516,5,04,2,0
1505,35,04,1,1
4812,5,04,1,0
4817,5,04,2,0
1571,35,04,2,1
1540,5,04,3,0
1543,35,04,3,1
1535,5,04,3,0
1483,5,04,2,0
4788,5,04,1,0
1457,35,04,1,1
4780,5,04,1,0
1466,35,04,3,1
4757,5,04,1,0
4727,5,04,1,0
4725,35,04,2,1
282,35,04,3,1
230,5,04,3,0
232,5,04,1,0
234,5,04,3,0
946,5,04,1,0
934,5,04,2,0
937,35,04,1,1
1437,35,04,1,1
926,35,04,2,1
917,5,04,1,0
989,35,04,1,1
988,5,04,3,0
986,35,04,3,1
969,35,04,1,1
966,35,04,1,1
965,5,04,3,0
964,35,04,1,1
1400,35,04,1,1
4295,35,04,2,1
2508,5,04,1,0
2522,35,04,3,1
2534,35,04,3,1
2438,35,04,2,1
2420,5,04,3,0
4224,5,04,3,0
2459,35,04,2,1
2460,5,04,3,0
2443,35,04,1,1
4237,35,04,2,1
4241,5,04,1,0
2471,5,04,1,0
4269,5,04,3,0
4279,35,04,1,1
2491,5,04,1,0
1398,35,04,1,1
1349,35,04,1,1
1331,35,04,3,1
1354,35,04,1,1
1310,35,04,3,1
820,35,04,3,1
818,35,04,3,1
1302,5,04,3,0
1305,35,04,3,1
848,5,04,3,0
850,5,04,3,0
859,35,04,3,1
4175,100,04,4,0
4171,35,04,3,1
2415,35,04,1,1
2339,5,04,1,0
4113,35,04,3,1
2310,5,04,3,0
4100,35,04,1,1
4152,5,04,1,0
2375,35,04,3,1
4127,35,04,3,1
4125,5,04,2,0
4141,5,04,1,0
2395,35,04,3,1
1255,101,04,2,1
1250,5,04,1,0
1215,35,04,3,1
1216,5,04,3,0
1213,5,04,1,0
742,5,04,1,0
741,35,04,1,1
737,5,04,1,0
738,35,04,2,1
2749,35,04,1,1
2742,35,04,2,1
2755,35,04,1,1
2754,5,04,1,0
2764,5,04,1,0
791,35,04,3,1
2781,5,04,3,0
2700,35,04,1,1
788,35,04,2,1
773,35,04,1,1
2716,35,04,2,1
760,35,04,1,1
762,35,04,1,1
767,5,04,3,0
2732,5,04,1,0
2735,35,04,1,1
753,35,04,1,1
757,5,04,3,0
1181,5,04,1,0
4452,35,04,1,1
4466,35,04,1,1
4477,35,04,3,1
1110,5,04,1,0
4421,35,04,1,1
1122,35,04,1,1
1149,5,04,1,0
1151,35,04,1,1
1138,5,04,2,0
1174,5,04,1,0
2642,35,04,3,1
674,5,04,1,0
2628,35,04,1,1
2627,5,04,1,0
2633,5,04,1,0
2636,5,04,2,0
2638,35,04,3,1
2609,35,04,3,1
644,35,04,2,1
2616,5,04,3,0
2618,5,04,1,0
636,5,04,1,0
2612,35,04,2,1
631,5,04,2,0
4390,35,04,1,1
4392,5,04,1,0
1094,5,04,1,0
4388,5,04,3,0
1061,35,04,3,1
4383,35,04,3,1
4378,5,04,1,0
2585,35,04,1,1
2581,35,04,3,1
4360,5,04,1,0
4362,35,04,1,1
4364,35,04,3,1
4342,35,04,1,1
4334,5,04,3,0
4335,35,04,1,1
4306,35,04,3,1
4316,35,04,3,1
3280,35,04,1,1
3285,5,04,3,0
3289,5,04,1,0
2120,35,04,2,1
2116,5,04,1,0
2119,35,04,1,1
2133,35,04,3,1
3256,35,04,3,1
3276,5,04,1,0
2138,5,04,3,0
2153,5,04,2,0
2154,35,04,1,1
2158,35,04,1,1
2156,35,04,2,1
3209,35,04,3,1
2165,35,04,3,1
2177,35,04,1,1
3223,5,04,1,0
3226,5,04,1,0
2190,35,04,1,1
2254,35,04,1,1
2250,5,04,1,0
3378,35,04,1,1
3390,35,04,1,1
2231,5,04,1,0
3365,35,04,1,1
3373,5,04,1,0
2242,35,04,3,1
3345,5,04,3,0
3313,5,04,3,0
3314,5,04,3,0
2268,35,04,3,1
2272,5,04,1,0
3325,35,04,3,1
3308,5,04,1,0
3483,5,04,1,0
3499,5,04,2,0
5118,35,04,3,1
5105,5,04,2,0
4036,35,04,1,1
3400,5,04,1,0
4014,5,04,3,0
3441,5,04,1,0
4000,5,04,1,0
4071,35,04,1,1
4074,35,04,3,1
4049,35,04,1,1
3504,35,04,3,1
4068,5,04,3,0
5150,5,04,2,0
3598,35,04,3,1
5002,5,04,3,0
2096,5,04,3,0
2083,5,04,1,0
3525,35,04,1,1
3578,35,04,1,1
2024,35,04,3,1
3629,35,04,1,1
3609,35,04,1,1
3608,35,04,2,1
3605,35,04,3,1
5026,5,04,2,0
5048,5,04,3,0
5064,5,04,3,0
5083,35,04,1,1
3681,35,04,1,1
3679,35,04,3,1
3685,35,04,1,1
3689,35,04,2,1
3649,5,04,3,0
3667,5,04,1,0
3723,5,04,3,0
159,5,04,1,0
155,35,04,1,1
176,5,04,1,0
113,101,04,4,1
127,5,04,3,0
120,5,04,1,0
135,5,04,3,0
3787,5,04,1,0
3757,35,04,3,1
3762,35,04,1,1
3763,5,04,3,0
3852,35,04,2,1
3857,5,04,2,0
3826,5,04,2,0
3814,35,04,1,1
3803,5,04,1,0
4965,35,04,3,1
3004,5,04,1,0
3012,5,04,3,0
3029,5,04,1,0
3896,5,04,3,0
3047,35,04,1,1
3052,5,04,1,0
3055,35,04,1,1
3043,35,04,1,1
3058,35,04,1,1
3918,35,04,3,1
3958,5,04,3,0
3109,101,04,4,1
3997,35,04,1,1
3114,5,04,1,0
3168,5,04,1,0
3161,5,04,3,0
3167,5,04,2,0
1976,35,04,2,1
1977,5,04,1,0
1979,5,04,2,0
1984,35,04,3,1
1996,5,04,2,0
1917,5,04,3,0
1916,5,04,1,0
1925,35,04,1,1
1956,35,04,1,1
1954,5,04,3,0
1961,5,04,1,0
538,19,05,1,0
2958,21,05,2,1
1829,21,05,1,1
510,21,05,1,1
517,21,05,3,1
2978,19,05,3,0
2964,21,05,1,1
524,19,05,3,0
1837,19,05,3,0
2992,21,05,1,1
574,21,05,3,1
2997,19,05,3,0
587,19,05,2,0
553,21,05,3,1
1860,19,05,1,0
4706,19,05,1,0
4701,21,05,1,1
2931,21,05,1,1
1883,21,05,1,1
1879,19,05,1,0
2920,21,05,1,1
4605,19,05,3,0
4637,19,05,1,0
4635,19,05,3,0
4648,21,05,3,1
4680,21,05,3,1
4677,19,05,3,0
4679,19,05,2,0
4665,19,05,2,0
4669,19,05,2,0
590,19,05,1,0
1728,21,05,1,1
2852,19,05,3,0
1718,21,05,1,1
405,19,05,3,0
401,19,05,1,0
2844,21,05,1,1
1710,21,05,3,1
2843,21,05,1,1
1712,21,05,1,1
1708,21,05,2,1
2833,19,05,1,0
426,19,05,1,0
421,21,05,1,1
435,21,05,1,1
458,21,05,1,1
1798,21,05,1,1
1781,19,05,1,0
1766,19,05,3,0
2802,21,05,2,1
2803,19,05,2,0
1736,19,05,1,0
43,19,05,2,0
41,19,05,1,0
4510,21,05,2,1
4508,21,05,3,1
30,19,05,3,0
10,19,05,3,0
85,19,05,1,0
68,21,05,2,1
4592,19,05,2,0
4590,19,05,1,0
4594,21,05,1,1
2789,21,05,1,1
4577,21,05,2,1
4583,19,05,2,0
4569,19,05,3,0
496,21,05,3,1
2795,19,05,1,0
338,19,05,1,0
344,19,05,1,0
316,21,05,3,1
328,19,05,1,0
309,19,05,3,0
1602,21,05,2,1
1604,21,05,1,1
4928,19,05,1,0
4925,21,05,2,1
1616,19,05,1,0
1634,21,05,1,1
4950,21,05,2,1
1661,21,05,1,1
4902,21,05,1,1
1679,21,05,1,1
1589,21,05,3,1
4852,21,05,3,1
4883,19,05,3,0
392,21,05,1,1
379,19,05,2,0
374,19,05,1,0
217,19,05,1,0
4836,21,05,3,1
1519,21,05,1,1
1502,21,05,1,1
4806,19,05,1,0
4816,19,05,1,0
4818,21,05,1,1
1539,19,05,1,0
4785,21,05,3,1
1489,21,05,2,1
1494,19,05,1,0
1458,19,05,1,0
4774,19,05,3,0
1460,21,05,4,1
4781,19,05,3,0
4756,21,05,3,1
4738,21,05,3,1
4730,21,05,1,1
4740,19,05,2,0
4728,21,05,1,1
276,19,05,3,0
278,19,05,1,0
236,19,05,3,0
260,19,05,1,0
269,19,05,3,0
941,21,05,1,1
942,19,05,1,0
1432,21,05,2,1
927,21,05,1,1
1441,21,05,3,1
1443,21,05,2,1
977,21,05,1,1
959,19,05,1,0
2507,19,05,1,0
2518,21,05,3,1
2511,19,05,1,0
2526,19,05,1,0
2524,21,05,2,1
2537,19,05,2,0
2435,21,05,3,1
4202,19,05,1,0
2440,19,05,1,0
4226,19,05,2,0
4230,21,05,3,1
4234,19,05,1,0
2463,21,05,1,1
4232,19,05,3,0
2442,19,05,3,0
2483,21,05,1,1
4265,19,05,3,0
4260,21,05,3,1
2497,19,05,3,0
2495,19,05,1,0
4281,21,05,1,1
1344,21,05,2,1
1342,19,05,1,0
1343,19,05,1,0
1338,21,05,1,1
1367,21,05,3,1
1361,21,05,3,1
1328,19,05,1,0
809,19,05,1,0
834,21,05,1,1
861,19,05,1,0
880,21,05,3,1
4186,19,05,1,0
4189,19,05,3,0
2416,19,05,3,0
4104,19,05,1,0
4109,21,05,2,1
2342,21,05,2,1
2341,19,05,1,0
2322,21,05,3,1
2328,21,05,1,1
2313,21,05,1,1
2377,21,05,3,1
4129,19,05,1,0
2355,21,05,1,1
2361,21,05,2,1
2345,21,05,2,1
2353,21,05,3,1
1293,19,05,2,0
1261,21,05,1,1
1259,21,05,2,1
1253,19,05,1,0
1248,19,05,3,0
1242,19,05,3,0
1235,21,05,3,1
1221,19,05,3,0
1220,19,05,1,0
905,21,05,3,1
736,19,05,1,0
727,19,05,3,0
711,19,05,2,0
1205,21,05,3,1
2741,19,05,3,0
2746,19,05,1,0
2769,19,05,3,0
796,19,05,1,0
2773,21,05,1,1
2774,21,05,3,1
781,19,05,2,0
782,21,05,1,1
2707,19,05,2,0
755,21,05,2,1
1190,19,05,3,0
2670,21,05,1,1
2666,21,05,1,1
2699,19,05,3,0
2694,21,05,3,1
4408,19,05,1,0
4401,19,05,1,0
4400,21,05,1,1
1132,21,05,1,1
1131,19,05,3,0
4439,19,05,1,0
4440,19,05,1,0
1153,19,05,2,0
1142,19,05,2,0
601,21,05,3,1
605,21,05,1,1
621,21,05,1,1
680,21,05,1,1
648,19,05,2,0
2613,19,05,3,0
663,19,05,3,0
666,21,05,1,1
667,21,05,1,1
1093,19,05,1,0
1068,21,05,3,1
4367,19,05,1,0
1057,19,05,1,0
2583,19,05,1,0
2577,19,05,3,0
4326,21,05,1,1
4343,21,05,1,1
2544,19,05,1,0
4307,21,05,3,1
4300,19,05,1,0
1029,19,05,1,0
3294,19,05,1,0
3242,19,05,3,0
3252,21,05,2,1
2117,21,05,1,1
3275,21,05,1,1
3204,21,05,2,1
3225,19,05,3,0
2217,21,05,3,1
3399,19,05,1,0
2252,21,05,1,1
3382,21,05,3,1
3383,19,05,1,0
3391,21,05,3,1
3389,19,05,3,0
2232,21,05,1,1
3357,21,05,1,1
3359,21,05,1,1
2241,21,05,1,1
3369,19,05,1,0
2235,19,05,3,0
3337,19,05,1,0
2289,19,05,1,0
2288,21,05,2,1
2295,21,05,3,1
3347,21,05,3,1
2276,19,05,3,0
3331,19,05,3,0
3486,21,05,1,1
5126,19,05,1,0
5127,21,05,3,1
5136,21,05,3,1
5117,21,05,1,1
4033,21,05,3,1
3406,21,05,3,1
3405,21,05,1,1
3410,21,05,3,1
4011,21,05,1,1
4072,19,05,1,0
4050,21,05,1,1
4059,19,05,2,0
4066,19,05,3,0
5157,21,05,3,1
2006,21,05,3,1
2018,21,05,1,1
5007,21,05,3,1
5008,21,05,2,1
5010,21,05,3,1
3538,21,05,3,1
3531,19,05,3,0
3549,21,05,3,1
2075,21,05,1,1
2068,19,05,2,0
2069,19,05,1,0
3530,19,05,3,0
3526,19,05,3,0
2048,21,05,3,1
2061,19,05,1,0
2058,21,05,1,1
3562,19,05,1,0
3570,19,05,3,0
2042,21,05,3,1
2038,19,05,1,0
3566,21,05,1,1
3626,19,05,2,0
5030,19,05,2,0
5032,21,05,1,1
5036,19,05,2,0
5060,21,05,3,1
5089,21,05,1,1
5091,21,05,3,1
3693,21,05,1,1
3687,19,05,2,0
3631,19,05,2,0
3712,21,05,3,1
3718,19,05,3,0
3740,21,05,3,1
3735,19,05,1,0
3700,21,05,2,1
166,21,05,3,1
187,19,05,2,0
189,21,05,1,1
139,19,05,1,0
3795,19,05,1,0
3782,19,05,3,0
3780,21,05,3,1
3853,21,05,3,1
3842,19,05,3,0
3838,19,05,3,0
3810,19,05,1,0
3801,21,05,1,1
4993,19,05,1,0
3872,19,05,1,0
3010,21,05,1,1
3886,19,05,3,0
3890,19,05,3,0
3030,21,05,2,1
3023,19,05,1,0
3020,19,05,3,0
3046,21,05,1,1
3078,21,05,1,1
3079,19,05,3,0
3059,19,05,3,0
3089,19,05,3,0
3928,19,05,3,0
3924,21,05,3,1
3923,21,05,1,1
3920,19,05,1,0
3921,21,05,3,1
3099,21,05,1,1
3091,19,05,1,0
3919,21,05,1,1
3935,21,05,1,1
3938,21,05,3,1
3963,19,05,3,0
3956,19,05,3,0
3952,19,05,3,0
3990,19,05,1,0
3972,21,05,2,1
3978,19,05,1,0
3155,19,05,3,0
3139,21,05,1,1
3135,21,05,3,1
3123,21,05,3,1
3172,21,05,1,1
3160,19,05,3,0
1975,21,05,3,1
1987,19,05,1,0
1995,19,05,3,0
1912,19,05,1,0
1926,21,05,3,1
1963,19,05,3,0
2951,3,06,1,0
1810,29,06,2,1
1819,29,06,1,1
2974,3,06,3,0
1844,29,06,1,1
2971,29,06,3,1
1833,29,06,1,1
1834,3,06,3,0
2994,3,06,1,0
2984,3,06,1,0
2988,3,06,2,0
2919,29,06,3,1
1864,3,06,1,0
1852,3,06,3,0
4703,3,06,3,0
4715,29,06,1,1
1880,3,06,5,0
4641,3,06,3,0
4625,29,06,1,1
4643,3,06,2,0
4693,29,06,1,1
1720,3,06,1,0
409,3,06,5,0
2849,3,06,2,0
404,29,06,2,1
1711,29,06,2,1
402,29,06,3,1
1700,3,06,3,0
2877,3,06,3,0
455,29,06,2,1
1775,29,06,3,1
1765,3,06,1,0
2808,29,06,3,1
38,29,06,2,1
4514,29,06,2,1
4540,29,06,1,1
4539,3,06,3,0
4536,3,06,1,0
47,29,06,2,1
4531,3,06,3,0
2790,3,06,1,0
2793,29,06,2,1
490,29,06,1,1
88,29,06,1,1
1603,3,06,2,0
1655,3,06,1,0
1692,29,06,3,1
1689,3,06,3,0
1678,3,06,1,0
1577,3,06,1,0
1579,29,06,2,1
1574,3,06,1,0
1583,29,06,3,1
4874,29,06,3,1
1529,29,06,1,1
1506,29,06,1,1
1566,3,06,1,0
4787,3,06,1,0
1468,29,06,1,1
1470,29,06,3,1
1414,29,06,3,1
935,3,06,3,0
925,3,06,1,0
970,29,06,1,1
1406,3,06,1,0
2509,29,06,1,1
2533,3,06,1,0
2436,3,06,2,0
4225,3,06,3,0
4235,3,06,2,0
2484,3,06,3,0
4256,3,06,2,0
2465,29,06,1,1
1391,29,06,3,1
1392,29,06,3,1
1387,3,06,1,0
1374,29,06,1,1
805,29,06,1,1
1313,3,06,3,0
823,29,06,1,1
885,3,06,1,0
4182,29,06,3,1
2317,29,06,1,1
2314,29,06,1,1
2301,29,06,2,1
2368,3,06,1,0
4164,29,06,1,1
2356,29,06,3,1
4126,29,06,2,1
2346,29,06,1,1
2351,3,06,3,0
1297,3,06,3,0
1286,3,06,4,0
2394,29,06,1,1
1257,29,06,3,1
1225,3,06,3,0
746,29,06,1,1
2763,29,06,1,1
2713,29,06,3,1
2721,3,06,1,0
2678,29,06,1,1
2674,3,06,3,0
2667,29,06,1,1
2664,29,06,3,1
4480,3,06,3,0
4479,29,06,1,1
1100,3,06,3,0
4431,29,06,1,1
4432,3,06,3,0
1116,3,06,2,0
616,3,06,1,0
2647,3,06,1,0
2646,3,06,1,0
698,29,06,3,1
2600,3,06,1,0
633,29,06,1,1
654,29,06,2,1
1083,3,06,1,0
1078,3,06,1,0
4372,3,06,5,0
1072,3,06,1,0
4381,3,06,5,0
2578,29,06,3,1
2558,3,06,1,0
4325,29,06,3,1
4324,29,06,1,1
2553,3,06,3,0
2550,3,06,3,0
2549,3,06,1,0
4336,29,06,3,1
4311,29,06,3,1
4315,3,06,1,0
1041,3,06,1,0
1022,3,06,2,0
3279,29,06,3,1
2142,3,06,1,0
3268,29,06,1,1
2148,29,06,2,1
2149,29,06,3,1
3206,3,06,1,0
2175,29,06,3,1
3229,3,06,2,0
2207,29,06,1,1
2206,3,06,1,0
2245,29,06,1,1
3397,29,06,3,1
3370,29,06,3,1
3351,3,06,3,0
3353,29,06,2,1
2279,3,06,3,0
3476,3,06,3,0
3492,29,06,3,1
5107,29,06,2,1
4043,3,06,3,0
4027,29,06,3,1
3419,29,06,1,1
4013,3,06,1,0
3431,3,06,3,0
3460,3,06,1,0
3469,3,06,1,0
3467,29,06,1,1
4073,29,06,1,1
3507,3,06,3,0
5142,29,06,3,1
5143,29,06,1,1
5148,29,06,1,1
2019,29,06,1,1
3542,3,06,1,0
3517,3,06,4,0
2046,3,06,1,0
2060,29,06,2,1
3587,29,06,1,1
2029,29,06,1,1
3572,3,06,2,0
5043,29,06,3,1
5053,29,06,3,1
5062,3,06,3,0
5084,29,06,3,1
3674,3,06,3,0
3651,3,06,4,0
3662,29,06,3,1
3719,3,06,2,0
167,29,06,1,1
142,29,06,3,1
194,3,06,1,0
3794,29,06,1,1
3864,29,06,3,1
3866,29,06,3,1
3808,29,06,3,1
102,29,06,3,1
4979,3,06,1,0
4989,29,06,1,1
3027,29,06,1,1
3926,29,06,1,1
3940,29,06,1,1
3906,3,06,1,0
3156,29,06,1,1
3137,29,06,1,1
3117,3,06,1,0
3192,3,06,1,0
3185,29,06,1,1
1978,3,06,3,0
1824,22,07,3,1
2944,22,07,1,1
543,22,07,3,1
9,37,07,3,0
1832,22,07,1,1
520,22,07,1,1
527,37,07,1,0
2996,22,07,1,1
1868,22,07,1,1
2939,37,07,3,0
4705,37,07,3,0
1872,22,07,1,1
1870,22,07,1,1
4600,22,07,6,1
4661,22,07,2,1
4670,37,07,2,0
597,22,07,1,1
2857,22,07,1,1
1716,22,07,3,1
1702,22,07,3,1
2830,37,07,3,0
2899,22,07,1,1
432,22,07,1,1
2890,37,07,1,0
445,22,07,1,1
2860,37,07,3,0
1795,37,07,3,0
1793,37,07,1,0
1783,22,07,3,1
1788,37,07,1,0
1792,37,07,2,0
2811,22,07,1,1
2818,22,07,1,1
1755,37,07,1,0
1745,37,07,1,0
35,22,07,3,1
37,37,07,1,0
32,22,07,3,1
4564,37,07,2,0
74,37,07,1,0
76,22,07,2,1
4599,37,07,3,0
480,22,07,6,1
93,22,07,3,1
4565,22,07,3,1
2794,22,07,1,1
4574,22,07,3,1
4575,37,07,2,0
341,37,07,2,0
312,22,07,3,1
323,22,07,3,1
1619,22,07,1,1
4949,22,07,1,1
1653,22,07,3,1
1651,22,07,3,1
1682,37,07,1,0
4912,37,07,1,0
4914,37,07,2,0
1578,22,07,2,1
4855,22,07,1,1
218,37,07,1,0
222,37,07,1,0
226,22,07,3,1
4830,22,07,3,1
1558,22,07,1,1
1550,22,07,3,1
1480,22,07,1,1
1486,37,07,3,0
1452,22,07,3,1
1463,37,07,1,0
4772,37,07,1,0
4755,37,07,1,0
4742,37,07,3,0
4751,37,07,1,0
4733,37,07,2,0
1498,22,07,6,1
4726,37,07,1,0
284,37,07,3,0
245,22,07,3,1
244,22,07,1,1
231,37,07,1,0
259,37,07,3,0
1425,22,07,3,1
1434,22,07,1,1
1445,37,07,1,0
985,22,07,3,1
1407,37,07,1,0
2529,37,07,1,0
2539,22,07,1,1
4205,22,07,3,1
2434,37,07,3,0
4218,22,07,1,1
4214,22,07,1,1
4216,22,07,3,1
4243,37,07,1,0
2452,37,07,1,0
2477,37,07,3,0
4247,37,07,3,0
4252,22,07,6,1
2464,37,07,1,0
4267,22,07,1,1
1382,22,07,3,1
1372,22,07,1,1
1366,22,07,1,1
1362,37,07,3,0
1356,37,07,3,0
801,37,07,2,0
847,22,07,1,1
852,37,07,1,0
883,37,07,1,0
4172,37,07,3,0
893,37,07,1,0
2418,37,07,1,0
4111,37,07,1,0
2305,22,07,2,1
2306,22,07,1,1
2384,37,07,3,0
4158,22,07,3,1
2374,37,07,1,0
2357,37,07,3,0
2348,22,07,1,1
4143,37,07,3,0
4144,22,07,2,1
4142,37,07,3,0
2390,22,07,3,1
1249,37,07,1,0
1211,37,07,2,0
901,22,07,3,1
749,22,07,1,1
725,37,07,1,0
1206,22,07,3,1
2751,37,07,3,0
2761,22,07,3,1
2779,22,07,1,1
751,37,07,3,0
4447,37,07,3,0
2673,22,07,3,1
4461,37,07,3,0
4455,22,07,3,1
4475,22,07,1,1
1103,37,07,2,0
4412,37,07,3,0
4424,37,07,2,0
4430,37,07,3,0
4433,22,07,1,1
1114,37,07,3,0
1141,22,07,3,1
1155,37,07,3,0
618,37,07,1,0
2650,37,07,3,0
2659,37,07,2,0
679,37,07,3,0
2632,37,07,2,0
645,22,07,3,1
630,22,07,1,1
1095,22,07,3,1
1079,37,07,1,0
1075,37,07,1,0
1058,37,07,1,0
4363,22,07,1,1
4330,37,07,3,0
4314,22,07,1,1
1036,37,07,1,0
1038,37,07,3,0
3297,22,07,1,1
3234,22,07,2,1
2102,22,07,3,1
3255,37,07,2,0
3249,22,07,1,1
2132,37,07,1,0
2129,37,07,1,0
2127,22,07,3,1
2182,22,07,1,1
2198,22,07,1,1
2219,37,07,2,0
2248,37,07,3,0
2263,37,07,1,0
3362,37,07,1,0
3355,37,07,1,0
3376,37,07,3,0
3344,22,07,2,1
5128,37,07,1,0
5134,22,07,3,1
5114,22,07,1,1
5100,37,07,1,0
4026,22,07,2,1
4023,37,07,1,0
4022,22,07,1,1
4015,37,07,1,0
3411,22,07,1,1
4009,37,07,3,0
4001,22,07,1,1
3439,37,07,3,0
3466,37,07,3,0
4090,37,07,3,0
4094,37,07,3,0
4086,22,07,1,1
4063,37,07,3,0
4064,22,07,3,1
5155,22,07,3,1
2008,37,07,2,0
2007,37,07,1,0
5003,37,07,1,0
2056,22,07,3,1
3577,22,07,3,1
2047,37,07,1,0
3557,37,07,3,0
3567,37,07,1,0
3604,37,07,3,0
5029,37,07,1,0
5055,22,07,1,1
5068,22,07,1,1
5075,37,07,1,0
5095,22,07,3,1
5090,22,07,1,1
3663,22,07,2,1
3710,37,07,1,0
3731,22,07,3,1
168,22,07,1,1
171,22,07,1,1
114,22,07,3,1
132,22,07,3,1
133,37,07,3,0
130,37,07,1,0
144,22,07,1,1
149,37,07,3,0
3775,37,07,3,0
198,37,07,3,0
3759,37,07,3,0
3850,37,07,1,0
3856,37,07,1,0
3847,22,07,1,1
3844,22,07,3,1
3837,22,07,3,1
3829,22,07,1,1
4966,37,07,1,0
3884,37,07,3,0
3057,22,07,3,1
3044,37,07,1,0
3077,22,07,3,1
3067,37,07,1,0
3914,37,07,3,0
3942,37,07,3,0
3937,22,07,3,1
3962,22,07,2,1
3107,22,07,3,1
3126,22,07,2,1
3118,22,07,1,1
3198,22,07,3,1
3169,37,07,1,0
3171,22,07,1,1
1980,37,07,1,0
1906,22,07,1,1
1911,37,07,1,0
1920,37,07,1,0
1932,22,07,2,1
1944,22,07,1,1
1947,37,07,3,0
1948,22,07,3,1
1957,37,07,3,0
1952,37,07,3,0
1820,14,01,3,1
2956,14,01,1,1
1823,14,01,3,1
4,14,01,2,1
2973,43,01,3,0
525,43,01,3,0
2967,14,01,3,1
578,43,01,1,0
576,14,01,1,1
582,43,01,1,0
2982,43,01,3,0
1803,14,01,1,1
2907,43,01,2,0
2900,14,01,3,1
4707,14,01,3,1
2928,43,01,1,0
2924,14,01,2,1
4718,43,01,1,0
2925,14,01,3,1
4610,14,01,1,1
4655,43,01,3,0
4698,14,01,1,1
4687,43,01,3,0
2831,43,01,3,0
2825,14,01,1,1
2828,43,01,3,0
450,43,01,3,0
2880,43,01,1,0
2876,43,01,2,0
461,43,01,1,0
1791,43,01,3,0
1771,14,01,3,1
1776,43,01,3,0
2819,43,01,1,0
2807,14,01,3,1
1742,43,01,2,0
1744,14,01,6,1
1746,43,01,2,0
1733,43,01,1,0
4517,14,01,1,1
23,14,01,3,1
28,43,01,3,0
15,14,01,1,1
79,14,01,3,1
4556,43,01,3,0
4553,43,01,1,0
58,14,01,3,1
1698,43,01,1,0
1697,14,01,3,1
45,14,01,1,1
488,14,01,3,1
472,43,01,3,0
4586,14,01,1,1
94,43,01,3,0
90,43,01,2,0
2799,43,01,3,0
2796,14,01,3,1
332,43,01,1,0
317,14,01,3,1
305,43,01,3,0
4922,43,01,1,0
1613,14,01,3,1
4960,14,01,3,1
4959,14,01,3,1
1632,43,01,1,0
1670,14,01,2,1
1662,43,01,2,0
1691,43,01,1,0
1684,14,01,3,1
4908,43,01,3,0
4917,43,01,3,0
1598,14,01,3,1
4844,43,01,1,0
4869,43,01,3,0
380,14,01,3,1
372,14,01,2,1
204,43,01,3,0
209,43,01,3,0
213,14,01,3,1
4837,43,01,2,0
1501,43,01,1,0
4800,14,01,1,1
1555,43,01,1,0
4797,43,01,1,0
1479,43,01,1,0
4795,43,01,2,0
1459,43,01,1,0
4782,43,01,3,0
4767,14,01,1,1
4761,43,01,3,0
4732,14,01,1,1
285,43,01,2,0
298,14,01,2,1
239,14,01,1,1
238,14,01,2,1
266,43,01,1,0
1412,43,01,2,0
1423,14,01,3,1
968,14,01,3,1
1403,43,01,3,0
992,43,01,1,0
2515,43,01,2,0
2428,14,01,2,1
4227,43,01,1,0
2456,43,01,1,0
4246,14,01,6,1
2466,14,01,1,1
4261,43,01,3,0
4270,43,01,1,0
4287,43,01,3,0
1399,14,01,2,1
1333,43,01,1,0
4200,43,01,1,0
1317,14,01,3,1
821,14,01,3,1
1303,14,01,3,1
842,43,01,2,0
844,14,01,3,1
871,14,01,1,1
2408,14,01,6,1
2332,14,01,1,1
2338,14,01,3,1
4118,43,01,3,0
2325,14,01,6,1
4122,14,01,6,1
4155,43,01,1,0
2373,14,01,1,1
2363,14,01,2,1
2343,14,01,3,1
1282,14,01,3,1
1263,14,01,1,1
1240,43,01,2,0
1241,43,01,2,0
1236,14,01,2,1
1224,14,01,1,1
731,14,01,3,1
729,43,01,3,0
726,43,01,3,0
720,43,01,3,0
2715,14,01,1,1
756,14,01,1,1
4496,43,01,1,0
4490,43,01,3,0
1180,14,01,1,1
1177,43,01,2,0
2681,14,01,1,1
2675,43,01,1,0
2676,43,01,3,0
2671,43,01,1,0
4460,43,01,1,0
4402,43,01,1,0
4420,43,01,1,0
4422,14,01,1,1
1123,14,01,1,1
1143,14,01,3,1
608,14,01,3,1
604,14,01,1,1
622,43,01,3,0
627,43,01,1,0
625,14,01,1,1
615,43,01,3,0
676,43,01,1,0
2654,14,01,1,1
2634,43,01,3,0
2607,14,01,1,1
2617,43,01,1,0
665,43,01,3,0
4397,14,01,3,1
1074,14,01,1,1
4369,14,01,2,1
4386,43,01,3,0
2584,14,01,2,1
2570,14,01,1,1
2572,43,01,3,0
1003,14,01,2,1
1005,43,01,2,0
1006,43,01,3,0
4319,14,01,1,1
1028,43,01,1,0
1032,43,01,2,0
1018,43,01,1,0
3244,43,01,3,0
2109,43,01,1,0
2130,14,01,1,1
2126,43,01,3,0
2137,43,01,2,0
2159,14,01,1,1
2174,14,01,3,1
2186,14,01,1,1
2200,43,01,2,0
3381,43,01,3,0
3398,14,01,1,1
3363,43,01,1,0
3372,43,01,1,0
3368,43,01,2,0
2296,14,01,1,1
3316,14,01,1,1
3323,43,01,1,0
3488,43,01,1,0
5132,43,01,1,0
5115,14,01,3,1
4041,43,01,1,0
4045,14,01,3,1
4029,14,01,2,1
3418,43,01,3,0
4005,14,01,2,1
3421,14,01,3,1
3438,43,01,1,0
3437,43,01,1,0
3448,14,01,3,1
3457,43,01,2,0
3475,43,01,1,0
4078,14,01,1,1
5162,43,01,3,0
5140,43,01,1,0
5147,43,01,1,0
5151,14,01,3,1
2014,14,01,1,1
3597,43,01,3,0
5001,14,01,1,1
5004,14,01,3,1
2092,43,01,2,0
2091,14,01,1,1
2093,14,01,3,1
2095,14,01,2,1
3510,43,01,1,0
2089,14,01,2,1
2049,43,01,3,0
3593,43,01,2,0
2063,14,01,3,1
3589,43,01,1,0
3560,43,01,2,0
3573,14,01,3,1
5027,14,01,3,1
5039,14,01,1,1
5061,43,01,1,0
5071,43,01,3,0
5070,43,01,2,0
5073,43,01,2,0
3694,14,01,3,1
3647,43,01,1,0
3660,14,01,3,1
3656,14,01,3,1
3653,14,01,1,1
3725,14,01,2,1
3720,14,01,2,1
3729,43,01,1,0
3703,14,01,1,1
111,43,01,1,0
125,43,01,3,0
196,14,01,3,1
191,14,01,1,1
3776,14,01,2,1
3791,43,01,3,0
3765,14,01,3,1
101,14,01,1,1
4994,43,01,1,0
3035,14,01,1,1
3049,14,01,1,1
3048,14,01,1,1
3036,43,01,3,0
3041,43,01,2,0
3060,14,01,3,1
3062,43,01,1,0
3925,43,01,3,0
3964,43,01,1,0
3968,43,01,3,0
3955,43,01,3,0
3907,43,01,3,0
3101,14,01,1,1
3140,14,01,2,1
3125,14,01,2,1
3128,43,01,2,0
3998,14,01,1,1
1974,14,01,3,1
1997,14,01,1,1
1998,14,01,1,1
1905,14,01,4,1
1907,43,01,1,0
542,27,02,3,1
549,27,02,1,1
2972,44,02,1,0
2995,44,02,1,0
567,27,02,3,1
2913,27,02,1,1
2911,44,02,3,0
4704,44,02,3,0
4713,44,02,3,0
4714,27,02,3,1
1875,44,02,3,0
4609,44,02,1,0
4621,44,02,3,0
4681,27,02,1,1
4676,27,02,2,1
2856,44,02,2,0
1713,44,02,3,0
2838,27,02,1,1
2896,44,02,3,0
430,27,02,1,1
444,44,02,1,0
2871,27,02,1,1
2874,44,02,3,0
2878,27,02,1,1
1784,27,02,1,1
1789,44,02,1,0
1779,44,02,1,0
1763,27,02,3,1
1768,44,02,2,0
1751,44,02,1,0
33,27,02,1,1
4503,27,02,1,1
83,44,02,2,0
75,27,02,2,1
4533,27,02,3,1
4527,44,02,3,0
4587,27,02,3,1
2784,44,02,1,0
91,44,02,1,0
4571,27,02,2,1
1621,44,02,3,0
4932,44,02,1,0
4946,27,02,2,1
4952,44,02,1,0
1660,44,02,1,0
4897,27,02,3,1
4891,44,02,3,0
4853,27,02,2,1
4841,44,02,3,0
4881,44,02,1,0
4871,44,02,3,0
381,27,02,1,1
373,44,02,1,0
353,44,02,3,0
220,44,02,2,0
1521,27,02,3,1
1511,44,02,5,0
1572,44,02,1,0
1556,44,02,3,0
1544,44,02,3,0
1546,44,02,7,0
1537,44,02,1,0
4798,44,02,2,0
4763,44,02,1,0
4762,27,02,1,1
4746,27,02,2,1
272,27,02,1,1
279,44,02,2,0
297,27,02,3,1
240,27,02,3,1
243,44,02,1,0
930,27,02,1,1
938,27,02,3,1
929,44,02,3,0
1431,27,02,3,1
911,27,02,1,1
912,44,02,2,0
960,27,02,2,1
1405,27,02,1,1
1404,27,02,4,1
999,44,02,3,0
2512,44,02,1,0
2528,44,02,1,0
2536,27,02,3,1
2531,27,02,4,1
4209,27,02,1,1
2441,27,02,1,1
2425,44,02,1,0
4215,44,02,3,0
4221,44,02,1,0
4233,44,02,3,0
4238,27,02,3,1
4242,44,02,1,0
2469,27,02,1,1
4268,27,02,1,1
1381,27,02,2,1
1378,44,02,3,0
1339,27,02,3,1
4201,44,02,2,0
1353,44,02,1,0
800,27,02,3,1
1325,27,02,1,1
1309,44,02,3,0
866,27,02,2,1
853,44,02,1,0
881,27,02,1,1
4190,44,02,3,0
4174,27,02,3,1
4106,27,02,2,1
4147,27,02,3,1
2386,44,02,1,0
2383,27,02,3,1
2369,44,02,3,0
4134,44,02,3,0
1298,27,02,3,1
1285,44,02,1,0
2389,27,02,3,1
1252,44,02,1,0
1247,44,02,2,0
1207,27,02,1,1
2744,44,02,1,0
2767,27,02,2,1
2770,27,02,1,1
2777,44,02,3,0
2776,44,02,1,0
794,44,02,1,0
2734,27,02,1,1
4495,44,02,3,0
2677,44,02,5,0
4445,44,02,1,0
2698,44,02,1,0
1106,27,02,1,1
4414,27,02,3,1
1150,44,02,1,0
1168,44,02,5,0
1159,44,02,1,0
610,44,02,1,0
617,44,02,3,0
2640,44,02,2,0
681,27,02,1,1
678,27,02,1,1
2623,27,02,1,1
2606,27,02,3,1
646,44,02,1,0
649,27,02,1,1
643,27,02,1,1
634,27,02,1,1
2610,27,02,3,1
664,27,02,1,1
657,27,02,1,1
1073,27,02,3,1
1065,27,02,2,1
2582,44,02,1,0
4346,44,02,2,0
4361,27,02,1,1
2567,27,02,3,1
2559,27,02,2,1
2556,44,02,1,0
4344,44,02,3,0
2545,27,02,1,1
4321,44,02,3,0
1045,44,02,1,0
1052,27,02,1,1
1042,27,02,1,1
1043,27,02,1,1
1013,27,02,4,1
3236,44,02,2,0
2106,27,02,3,1
2118,27,02,1,1
3264,44,02,3,0
3265,44,02,3,0
2134,44,02,1,0
3216,27,02,1,1
2188,27,02,1,1
2194,44,02,1,0
2209,44,02,1,0
2204,27,02,3,1
3394,44,02,3,0
2223,27,02,3,1
3371,44,02,3,0
2292,27,02,2,1
2270,27,02,3,1
3320,27,02,3,1
3307,27,02,1,1
3306,44,02,1,0
5131,44,02,1,0
5121,27,02,3,1
3413,44,02,3,0
4010,44,02,1,0
4006,27,02,3,1
3451,27,02,2,1
3444,27,02,3,1
3447,27,02,1,1
4070,27,02,1,1
5161,27,02,1,1
5137,44,02,3,0
5152,27,02,1,1
5154,44,02,3,0
2017,27,02,3,1
5013,27,02,3,1
3533,44,02,1,0
3552,44,02,1,0
2072,44,02,3,0
2074,27,02,1,1
2078,27,02,3,1
3511,44,02,1,0
3515,27,02,2,1
3585,27,02,2,1
3595,44,02,3,0
2057,27,02,1,1
2032,27,02,3,1
3616,44,02,1,0
3601,44,02,3,0
5042,27,02,3,1
5054,27,02,3,1
3661,27,02,3,1
3652,27,02,1,1
3744,44,02,3,0
161,44,02,3,0
164,27,02,3,1
115,44,02,1,0
136,44,02,2,0
148,44,02,2,0
3863,27,02,1,1
3824,27,02,3,1
105,44,02,1,0
4986,27,02,1,1
4997,44,02,1,0
3009,44,02,2,0
3894,27,02,1,1
3015,27,02,3,1
3083,27,02,3,1
3927,27,02,2,1
3982,44,02,1,0
3973,27,02,2,1
3979,44,02,3,0
3134,44,02,3,0
3194,27,02,1,1
3187,44,02,2,0
3184,44,02,3,0
3180,27,02,1,1
3177,27,02,1,1
3175,44,02,4,0
3162,27,02,3,1
1919,44,02,1,0
1965,44,02,1,0
531,1,03,2,1
532,1,03,3,1
1847,1,03,3,1
516,1,03,3,1
526,53,03,3,0
573,53,03,3,0
1807,53,03,2,0
562,1,03,2,1
1898,1,03,1,1
2914,1,03,1,1
2912,1,03,3,1
1853,53,03,3,0
500,1,03,1,1
1881,1,03,2,1
1891,1,03,2,1
4630,53,03,3,0
4666,1,03,2,1
4667,1,03,1,1
4688,53,03,1,0
4694,53,03,1,0
1729,53,03,3,0
1723,53,03,3,0
406,1,03,1,1
2839,1,03,1,1
1709,1,03,3,1
428,1,03,3,1
2823,53,03,1,0
2822,1,03,3,1
2895,1,03,1,1
2887,53,03,1,0
2884,53,03,2,0
2879,1,03,3,1
463,1,03,3,1
1773,53,03,3,0
1772,53,03,1,0
1754,53,03,3,0
1748,1,03,3,1
25,1,03,3,1
26,53,03,2,0
31,1,03,1,1
21,1,03,1,1
4563,53,03,3,0
81,1,03,3,1
4551,1,03,2,1
57,53,03,1,0
55,1,03,3,1
46,53,03,1,0
482,53,03,1,0
476,53,03,2,0
4596,1,03,3,1
4576,1,03,1,1
311,1,03,1,1
302,1,03,1,1
1626,1,03,1,1
1625,1,03,1,1
4939,53,03,1,0
4933,1,03,2,1
4935,53,03,3,0
1647,1,03,3,1
1644,1,03,1,1
4940,1,03,1,1
1636,1,03,1,1
4956,53,03,1,0
1630,1,03,1,1
1667,53,03,1,0
4911,53,03,1,0
4910,1,03,2,1
4899,53,03,1,0
1576,1,03,3,1
1592,1,03,1,1
4876,1,03,3,1
4863,1,03,2,1
4870,53,03,3,0
371,53,03,2,0
375,1,03,1,1
354,53,03,2,0
215,1,03,3,1
223,53,03,3,0
224,1,03,1,1
4822,1,03,3,1
4820,1,03,3,1
4829,53,03,1,0
4832,1,03,1,1
4809,53,03,5,0
1532,53,03,1,0
1474,53,03,3,0
1456,1,03,1,1
1454,53,03,5,0
4783,53,03,3,0
1467,1,03,3,1
4766,1,03,3,1
1471,1,03,3,1
4759,1,03,1,1
4744,1,03,1,1
4743,53,03,1,0
4729,1,03,1,1
286,1,03,1,1
291,53,03,1,0
246,1,03,1,1
237,53,03,3,0
1428,53,03,1,0
939,1,03,1,1
1430,53,03,2,0
923,1,03,1,1
971,1,03,3,1
962,1,03,1,1
4290,53,03,5,0
4291,1,03,2,1
4298,1,03,2,1
4208,1,03,1,1
2448,53,03,1,0
2479,53,03,1,0
2472,1,03,3,1
2499,53,03,1,0
4288,53,03,1,0
1396,1,03,3,1
1389,1,03,3,1
1379,53,03,3,0
1350,53,03,3,0
1334,53,03,3,0
1324,1,03,1,1
825,1,03,2,1
1308,53,03,3,0
817,53,03,1,0
846,1,03,1,1
4191,53,03,1,0
2403,1,03,1,1
2411,1,03,3,1
2336,53,03,3,0
4110,1,03,1,1
2304,53,03,3,0
4150,53,03,1,0
4156,53,03,1,0
2367,53,03,3,0
4163,1,03,3,1
2352,53,03,1,0
1283,53,03,1,0
1284,1,03,1,1
1265,1,03,1,1
2397,1,03,3,1
2392,1,03,1,1
1245,53,03,1,0
1226,53,03,5,0
900,53,03,2,0
732,53,03,1,0
2753,1,03,1,1
795,1,03,3,1
789,53,03,1,0
777,53,03,3,0
775,53,03,1,0
2728,1,03,3,1
2733,53,03,1,0
2730,1,03,3,1
758,1,03,1,1
1193,1,03,3,1
4489,53,03,3,0
1182,1,03,1,1
2683,53,03,3,0
4459,1,03,1,1
2669,53,03,3,0
4470,1,03,2,1
4468,53,03,1,0
1105,1,03,1,1
4403,53,03,2,0
1128,53,03,1,0
1129,1,03,3,1
1126,1,03,3,1
1171,1,03,1,1
1173,53,03,3,0
613,1,03,2,1
2649,1,03,3,1
2621,53,03,3,0
2615,53,03,1,0
1080,53,03,1,0
1076,53,03,2,0
4370,53,03,2,0
2599,1,03,2,1
2595,1,03,1,1
4379,1,03,2,1
2579,53,03,1,0
4359,1,03,2,1
4329,1,03,3,1
4339,1,03,2,1
2542,53,03,2,0
4301,53,03,3,0
1004,1,03,3,1
1054,53,03,1,0
1040,1,03,1,1
1023,53,03,3,0
3278,53,03,3,0
3291,53,03,2,0
3290,1,03,1,1
3243,1,03,1,1
3235,1,03,1,1
2103,53,03,3,0
2144,53,03,3,0
3270,1,03,3,1
2146,1,03,1,1
2145,53,03,1,0
3203,53,03,3,0
3219,1,03,3,1
3231,1,03,1,1
2192,1,03,3,1
2195,53,03,1,0
2216,53,03,2,0
3380,1,03,1,1
2226,1,03,3,1
2243,53,03,1,0
2233,53,03,1,0
3366,1,03,3,1
3342,53,03,3,0
3319,1,03,3,1
2280,1,03,2,1
3305,1,03,3,1
3479,1,03,2,1
3484,53,03,1,0
5130,53,03,1,0
5116,1,03,1,1
5122,1,03,1,1
4047,1,03,1,1
4035,53,03,5,0
3409,53,03,2,0
4025,1,03,1,1
4008,1,03,1,1
3428,53,03,3,0
3450,53,03,1,0
3468,53,03,1,0
4079,1,03,2,1
4080,53,03,2,0
3506,53,03,3,0
4054,53,03,1,0
4065,1,03,1,1
5167,53,03,3,0
5145,1,03,3,1
5005,1,03,3,1
5014,1,03,1,1
3537,53,03,5,0
3534,1,03,1,1
3522,53,03,1,0
2054,1,03,2,1
3596,53,03,3,0
2037,53,03,1,0
3602,1,03,3,1
5022,1,03,1,1
5023,53,03,3,0
5045,53,03,1,0
5079,1,03,1,1
5080,1,03,3,1
3682,53,03,3,0
3666,1,03,2,1
3750,1,03,1,1
3730,53,03,3,0
156,53,03,2,0
169,53,03,3,0
162,53,03,3,0
121,53,03,3,0
123,53,03,1,0
138,53,03,3,0
137,53,03,1,0
143,1,03,1,1
3799,1,03,3,1
3786,1,03,1,1
3753,53,03,1,0
3754,1,03,3,1
3755,53,03,1,0
3770,53,03,1,0
3767,1,03,1,1
3862,53,03,2,0
3868,1,03,3,1
3855,53,03,1,0
3840,1,03,2,1
3828,1,03,3,1
3813,53,03,1,0
3807,1,03,1,1
3805,53,03,3,0
3804,1,03,2,1
4998,53,03,1,0
3007,53,03,3,0
3011,53,03,1,0
3949,53,03,2,0
3941,53,03,1,0
3945,53,03,3,0
3967,1,03,1,1
3966,53,03,1,0
3988,1,03,1,1
3980,1,03,1,1
3905,1,03,3,1
3110,1,03,3,1
3111,1,03,1,1
3104,53,03,1,0
3154,53,03,1,0
3153,53,03,3,0
3143,1,03,3,1
3996,53,03,1,0
3130,53,03,1,0
3131,53,03,1,0
3120,53,03,3,0
3179,1,03,1,1
3188,53,03,1,0
3181,1,03,3,1
3165,53,03,1,0
1992,1,03,1,1
1915,53,03,3,0
1923,53,03,1,0
1933,1,03,1,1
1949,53,03,3,0
1950,1,03,1,1
2948,33,30,1,1
512,33,30,1,1
2983,33,30,3,1
586,33,30,1,1
2902,69,30,3,0
2906,33,30,3,1
1873,33,30,3,1
4627,69,30,3,0
4683,33,30,1,1
4675,69,30,3,0
4692,33,30,1,1
408,69,30,3,0
1759,69,30,1,0
4502,69,30,3,0
4550,69,30,1,0
4545,33,30,1,1
4547,69,30,1,0
2788,69,30,3,0
2785,69,30,1,0
92,69,30,3,0
307,69,30,1,0
4926,33,30,3,1
1629,69,30,3,0
1610,33,30,1,1
393,33,30,1,1
216,69,30,3,0
4833,69,30,3,0
4831,69,30,1,0
4815,33,30,1,1
1495,33,30,3,1
1493,33,30,3,1
4735,69,30,1,0
293,33,30,3,1
233,69,30,1,0
265,69,30,1,0
253,33,30,1,1
931,33,30,3,1
1427,69,30,1,0
4293,69,30,1,0
994,33,30,3,1
2517,33,30,3,1
4210,33,30,3,1
2427,69,30,1,0
4263,69,30,3,0
1377,69,30,3,0
1327,69,30,3,0
837,33,30,1,1
4170,33,30,3,1
2380,33,30,1,1
4166,69,30,3,0
2354,69,30,1,0
2349,33,30,1,1
1246,69,30,1,0
1204,33,30,1,1
783,33,30,1,1
2709,69,30,1,0
2736,69,30,1,0
2695,69,30,3,0
4485,69,30,1,0
1108,69,30,3,0
606,33,30,3,1
695,69,30,1,0
2608,69,30,1,0
639,33,30,3,1
2586,33,30,1,1
4365,33,30,1,1
4308,69,30,3,0
4320,33,30,1,1
1051,33,30,3,1
1016,69,30,1,0
3292,69,30,1,0
2110,69,30,1,0
2147,33,30,3,1
3228,33,30,3,1
2218,69,30,1,0
3387,33,30,1,1
2247,33,30,3,1
2262,33,30,3,1
3392,33,30,1,1
3478,33,30,3,1
3508,33,30,1,1
5006,33,30,1,1
2098,69,30,1,0
2097,33,30,3,1
2088,69,30,3,0
5067,33,30,1,1
3741,69,30,3,0
3746,69,30,3,0
3738,33,30,1,1
160,69,30,1,0
3798,69,30,3,0
3836,69,30,3,0
4976,69,30,1,0
4985,33,30,1,1
3034,69,30,3,0
3094,69,30,1,0
3902,33,30,1,1
3102,33,30,3,1
3151,33,30,1,1
3141,33,30,1,1
3129,69,30,1,0
1922,69,30,1,0
530,2,51,4,1
545,32,51,3,0
2945,2,51,2,1
1842,32,51,1,0
529,32,51,1,0
2981,2,51,3,1
1863,32,51,1,0
4685,2,51,1,1
4664,32,51,2,0
4668,32,51,3,0
2859,2,51,1,1
2841,2,51,3,1
434,2,51,1,1
2872,2,51,2,1
2875,32,51,3,0
467,32,51,1,0
2864,32,51,1,0
1799,2,51,1,1
1782,32,51,3,0
2816,32,51,1,0
1731,32,51,1,0
36,32,51,1,0
40,2,51,1,1
18,2,51,1,1
4558,2,51,1,1
4546,2,51,1,1
70,32,51,1,0
321,2,51,3,1
4920,32,51,2,0
1648,2,51,1,1
1693,2,51,4,1
4904,2,51,2,1
1587,32,51,1,0
4842,32,51,3,0
384,32,51,3,0
205,32,51,3,0
219,32,51,3,0
1524,2,51,4,1
1547,32,51,1,0
4731,32,51,1,0
283,32,51,2,0
294,32,51,1,0
262,2,51,1,1
1433,32,51,3,0
1438,2,51,3,1
910,32,51,2,0
980,32,51,3,0
4297,32,51,3,0
998,32,51,3,0
2505,32,51,3,0
2525,32,51,3,0
2523,32,51,1,0
2449,2,51,3,1
4259,32,51,1,0
2473,2,51,3,1
4285,32,51,1,0
1336,2,51,1,1
1316,32,51,3,0
829,32,51,1,0
868,2,51,1,1
854,2,51,3,1
2334,2,51,4,1
2379,2,51,1,1
2399,2,51,4,1
707,32,51,1,0
790,2,51,4,1
2704,2,51,1,1
2729,32,51,1,0
2731,2,51,1,1
1199,2,51,1,1
1125,2,51,4,1
1119,32,51,3,0
620,32,51,1,0
2653,32,51,1,0
4398,32,51,1,0
4373,32,51,1,0
4352,2,51,3,1
2563,2,51,4,1
4303,2,51,2,1
1033,2,51,1,1
3298,2,51,1,1
3238,32,51,3,0
3246,32,51,1,0
3245,32,51,3,0
3218,32,51,3,0
3215,32,51,3,0
2173,2,51,3,1
2180,32,51,1,0
2249,2,51,1,1
3395,32,51,1,0
2256,32,51,1,0
3346,32,51,1,0
3318,32,51,3,0
3496,32,51,3,0
5129,32,51,1,0
5104,32,51,1,0
3430,2,51,2,1
3433,32,51,1,0
3463,32,51,1,0
4087,2,51,3,1
4052,32,51,2,0
5163,2,51,4,1
5141,2,51,1,1
5138,32,51,3,0
2012,2,51,2,1
3528,2,51,1,1
5024,2,51,1,1
3707,2,51,4,1
151,32,51,3,0
122,32,51,1,0
147,32,51,2,0
3834,32,51,1,0
3809,32,51,2,0
4990,2,51,3,1
3018,32,51,1,0
3022,2,51,2,1
3054,2,51,1,1
3066,2,51,1,1
3913,32,51,1,0
3934,2,51,1,1
3959,2,51,4,1
3150,32,51,1,0
1990,2,51,4,1
1967,32,51,1,0
588,58,70,3,1
4702,74,70,1,0
4955,74,70,1,0
261,58,70,1,1
897,74,70,1,0
2413,74,70,1,0
1296,58,70,1,1
4491,58,70,3,1
4448,74,70,1,0
1102,58,70,1,1
1063,74,70,1,0
2104,58,70,1,1
2131,58,70,3,1
3324,58,70,3,1
3310,58,70,3,1
4031,58,70,1,1
3623,74,70,1,0
3657,58,70,1,1
3915,58,70,1,1
533,12,52,1,0
518,45,52,1,1
557,45,52,1,1
550,12,52,3,0
1893,45,52,1,1
1862,45,52,3,1
2903,45,52,1,1
508,12,52,1,0
2938,12,52,3,0
4678,12,52,1,0
4696,45,52,1,1
2858,45,52,3,1
1725,12,52,1,0
1703,45,52,3,1
438,12,52,3,0
1785,45,52,1,1
4516,87,52,2,0
62,45,52,1,1
1640,87,52,2,0
4954,45,52,1,1
1528,12,52,1,0
4839,12,52,1,0
4803,12,52,1,0
4805,45,52,1,1
1563,45,52,2,1
1484,45,52,3,1
4792,45,52,1,1
4739,12,52,1,0
4721,87,52,2,0
268,12,52,3,0
1426,12,52,3,0
920,45,52,1,1
1435,45,52,1,1
915,12,52,1,0
956,12,52,1,0
997,45,52,1,1
2535,45,52,3,1
4231,12,52,1,0
2478,12,52,3,0
1369,12,52,3,0
804,12,52,3,0
1312,45,52,3,1
856,45,52,3,1
4197,45,52,1,1
873,12,52,3,0
4185,12,52,3,0
899,12,52,1,0
2324,45,52,3,1
2327,45,52,3,1
2385,12,52,1,0
4154,45,52,3,1
4128,12,52,1,0
4135,12,52,1,0
2364,12,52,3,0
4146,12,52,1,0
2396,45,52,3,1
701,45,52,1,1
2757,12,52,3,0
2768,45,52,3,1
2780,45,52,1,1
2723,45,52,3,1
4492,12,52,1,0
2682,45,52,3,1
4474,45,52,3,1
4487,45,52,1,1
4409,12,52,3,0
1152,12,52,1,0
1137,45,52,3,1
1163,12,52,1,0
682,45,52,1,1
662,12,52,1,0
2569,12,52,1,0
1002,87,52,2,0
4318,45,52,3,1
1027,45,52,1,1
1024,12,52,3,0
2155,45,52,3,1
3207,45,52,1,1
2196,45,52,2,1
2221,12,52,3,0
2214,12,52,3,0
2225,87,52,2,0
3480,12,52,3,0
5109,45,52,3,1
3402,45,52,1,1
3412,45,52,1,1
4004,45,52,2,1
4053,12,52,1,0
5166,45,52,1,1
3541,45,52,1,1
3547,45,52,3,1
3518,45,52,3,1
3576,12,52,3,0
3586,87,52,2,0
3561,12,52,1,0
3564,45,52,1,1
3568,45,52,2,1
2039,12,52,1,0
5046,12,52,3,0
5057,45,52,2,1
5088,45,52,1,1
5093,12,52,1,0
3747,12,52,1,0
134,12,52,1,0
190,12,52,3,0
3823,12,52,1,0
103,45,52,2,1
4995,12,52,3,0
3931,45,52,1,1
3933,45,52,1,1
3133,12,52,3,0
3122,45,52,1,1
1940,45,52,3,1
2853,82,71,3,1
2842,82,71,1,1
1706,82,71,1,1
1757,82,71,1,1
498,90,71,1,0
363,82,71,3,1
1560,82,71,1,1
1531,96,71,1,1
4777,82,71,1,1
908,96,71,1,1
993,82,71,3,1
2496,90,71,1,0
4181,90,71,1,0
763,82,71,3,1
769,82,71,1,1
4472,90,71,1,0
2693,96,71,1,1
683,90,71,1,0
2655,82,71,1,1
2631,82,71,1,1
692,90,71,1,0
1031,82,71,1,1
2181,96,71,1,1
3396,96,71,1,1
2240,96,71,1,1
4038,90,71,1,0
4075,82,71,3,1
3592,96,71,1,1
3612,82,71,3,1
154,82,71,1,1
3090,82,71,3,1
3960,82,71,3,1
2950,4,53,3,0
2975,4,53,3,0
1801,4,53,1,0
506,4,53,3,0
2936,72,53,1,1
1889,72,53,1,1
2929,72,53,1,1
4660,4,53,1,0
4656,72,53,3,1
4653,4,53,1,0
4650,72,53,3,1
592,4,53,1,0
2854,4,53,3,0
415,4,53,3,0
2897,4,53,3,0
433,4,53,3,0
2893,72,53,3,1
2868,72,53,1,1
1767,4,53,2,0
1761,4,53,3,0
1769,4,53,1,0
2804,4,53,1,0
1741,72,53,1,1
1732,4,53,1,0
12,72,53,1,1
49,72,53,3,1
4528,72,53,1,1
4598,4,53,1,0
4595,72,53,3,1
89,72,53,1,1
348,4,53,1,0
1612,72,53,1,1
4872,4,53,1,0
351,4,53,2,0
1515,72,53,3,1
1548,4,53,2,0
1542,4,53,2,0
1530,4,53,3,0
4779,72,53,2,1
1424,4,53,1,0
921,72,53,1,1
916,72,53,1,1
957,72,53,2,1
2540,4,53,1,0
2426,72,53,1,1
4274,72,53,1,1
1357,4,53,3,0
1318,4,53,3,0
816,4,53,2,0
864,72,53,1,1
876,72,53,3,1
872,72,53,1,1
2405,72,53,1,1
2414,72,53,2,1
2412,72,53,1,1
2335,72,53,3,1
4124,72,53,1,1
2330,4,53,1,0
2315,72,53,1,1
1291,72,53,1,1
723,4,53,1,0
717,4,53,3,0
716,72,53,3,1
1202,4,53,3,0
2702,72,53,1,1
2727,4,53,4,0
4423,72,53,3,1
4443,4,53,1,0
1139,72,53,1,1
602,72,53,3,1
629,4,53,3,0
2630,72,53,3,1
641,72,53,3,1
655,4,53,1,0
4374,4,53,1,0
2575,72,53,1,1
2560,72,53,2,1
4341,72,53,3,1
1011,72,53,3,1
1014,4,53,1,0
3299,4,53,1,0
3240,4,53,1,0
3263,72,53,1,1
3274,4,53,3,0
2152,72,53,1,1
2168,4,53,3,0
2169,72,53,3,1
2193,72,53,1,1
2191,72,53,3,1
2213,72,53,3,1
2258,4,53,4,0
3336,72,53,3,1
2290,72,53,3,1
3322,4,53,3,0
3330,72,53,3,1
2286,72,53,3,1
3303,4,53,1,0
5101,72,53,1,1
3416,72,53,2,1
4003,4,53,2,0
3454,4,53,1,0
4098,4,53,3,0
4061,72,53,1,1
3512,72,53,2,1
2080,72,53,3,1
3558,72,53,1,1
2044,4,53,1,0
3571,4,53,3,0
3621,4,53,3,0
5069,4,53,1,0
3669,72,53,1,1
3743,4,53,1,0
3704,4,53,3,0
110,4,53,3,0
3830,72,53,1,1
3817,4,53,1,0
3806,72,53,1,1
4968,4,53,1,0
3891,4,53,2,0
3028,4,53,1,0
3985,72,53,1,1
3974,4,53,1,0
3999,4,53,1,0
3163,4,53,3,0
1999,4,53,1,0
1930,72,53,3,1
1946,4,53,1,0
535,7,72,3,0
541,7,72,3,0
1812,34,72,3,1
1815,34,72,3,1
521,34,72,1,1
579,34,72,1,1
2985,34,72,3,1
564,34,72,1,1
1892,7,72,3,0
2908,7,72,1,0
4672,7,72,3,0
2850,7,72,1,0
2848,7,72,2,0
2846,34,72,1,1
412,34,72,1,1
2892,7,72,1,0
454,34,72,3,1
2862,7,72,1,0
1735,34,72,3,1
20,34,72,3,1
485,7,72,1,0
2791,7,72,1,0
4580,34,72,2,1
4934,7,72,1,0
1611,7,72,1,0
1645,34,72,2,1
1657,7,72,1,0
1654,7,72,3,0
1658,34,72,3,1
1676,34,72,1,1
4866,7,72,1,0
395,34,72,1,1
387,34,72,1,1
1523,7,72,1,0
4807,34,72,3,1
4813,34,72,2,1
1549,7,72,2,0
1475,34,72,3,1
4796,7,72,1,0
4768,7,72,3,0
4720,34,72,3,1
275,7,72,1,0
257,7,72,2,0
1411,34,72,1,1
1440,7,72,3,0
1448,34,72,3,1
990,34,72,2,1
2521,7,72,1,0
2431,7,72,3,0
4250,34,72,1,1
4271,34,72,3,1
1384,34,72,1,1
1311,7,72,3,0
1323,34,72,3,1
822,7,72,2,0
869,7,72,1,0
867,7,72,3,0
4192,34,72,3,1
2410,7,72,1,0
4115,34,72,1,1
4159,34,72,3,1
2362,34,72,1,1
902,7,72,1,0
747,34,72,3,1
722,34,72,1,1
792,7,72,1,0
4498,34,72,3,1
1188,7,72,1,0
1184,7,72,3,0
4464,7,72,3,0
4467,34,72,1,1
1130,7,72,3,0
1161,7,72,3,0
2645,7,72,3,0
4368,7,72,1,0
2552,34,72,1,1
2546,34,72,3,1
1000,34,72,1,1
1037,34,72,3,1
3287,34,72,1,1
3250,34,72,1,1
2114,34,72,1,1
2150,7,72,1,0
3200,7,72,2,0
3230,7,72,1,0
2220,34,72,1,1
3367,7,72,2,0
2291,34,72,3,1
3311,7,72,1,0
3493,7,72,1,0
5123,7,72,3,0
5112,34,72,3,1
4034,7,72,1,0
3425,34,72,1,1
3500,7,72,3,0
2023,7,72,3,0
2022,7,72,1,0
5009,7,72,3,0
2041,34,72,2,1
3607,7,72,1,0
5049,7,72,3,0
5081,34,72,1,1
3688,34,72,3,1
3654,34,72,1,1
179,7,72,1,0
180,34,72,1,1
184,34,72,3,1
185,7,72,3,0
124,7,72,1,0
131,34,72,1,1
3768,34,72,1,1
3858,34,72,1,1
3849,34,72,1,1
3816,34,72,1,1
4969,34,72,3,1
4991,34,72,1,1
4983,34,72,3,1
3005,7,72,3,0
3875,34,72,2,1
3878,34,72,1,1
3895,7,72,3,0
3016,7,72,1,0
3074,7,72,1,0
3064,7,72,3,0
3917,7,72,1,0
3946,7,72,3,0
3936,34,72,1,1
3951,34,72,1,1
3981,7,72,1,0
3142,34,72,3,1
3119,34,72,1,1
3170,7,72,3,0
1994,7,72,1,0
7,28,54,1,1
1846,28,54,3,1
2960,52,54,3,0
2991,52,54,1,0
583,28,54,1,1
1800,52,54,1,0
556,52,54,3,0
2910,66,54,1,0
2937,52,54,1,0
4700,52,54,1,0
4602,28,54,3,1
4640,52,54,1,0
4686,28,54,1,1
411,66,54,1,0
2873,28,54,1,1
2870,52,54,1,0
2869,28,54,1,1
1796,52,54,3,0
1787,28,54,1,1
2817,52,54,3,0
2800,52,54,1,0
1734,52,54,1,0
4505,52,54,1,0
14,52,54,1,0
69,28,54,3,1
4543,28,54,1,1
48,28,54,1,1
471,52,54,1,0
4578,52,54,1,0
336,52,54,3,0
342,52,54,3,0
1620,28,54,1,1
1614,28,54,3,1
1686,28,54,1,1
4905,52,54,1,0
4916,28,54,1,1
4898,52,54,1,0
4851,52,54,1,0
4847,28,54,3,1
391,52,54,1,0
399,28,54,1,1
359,28,54,3,1
4838,28,54,1,1
4769,28,54,1,1
274,28,54,1,1
1410,52,54,1,0
940,28,54,1,1
944,52,54,1,0
950,52,54,3,0
2530,66,54,1,0
2454,52,54,4,0
4236,28,54,3,1
2446,28,54,3,1
2450,28,54,3,1
2485,28,54,1,1
2498,52,54,1,0
1390,28,54,3,1
1376,52,54,3,0
806,52,54,3,0
824,52,54,3,0
849,28,54,1,1
857,28,54,1,1
875,52,54,1,0
1289,52,54,4,0
1287,28,54,1,1
1266,28,54,3,1
708,28,54,3,1
2743,28,54,1,1
2703,28,54,1,1
752,28,54,3,1
2668,66,54,1,0
2665,52,54,3,0
2697,52,54,3,0
2651,28,54,3,1
694,28,54,3,1
4393,28,54,3,1
2592,52,54,1,0
4347,28,54,3,1
4345,52,54,4,0
2557,52,54,1,0
3202,52,54,4,0
2166,52,54,1,0
3220,52,54,1,0
3393,52,54,3,0
3482,28,54,1,1
5124,52,54,3,0
5111,28,54,1,1
3407,28,54,1,1
3417,28,54,1,1
4012,28,54,3,1
3440,28,54,3,1
3452,28,54,1,1
4058,28,54,1,1
2066,28,54,1,1
2062,28,54,1,1
3588,52,54,1,0
3563,52,54,3,0
2034,66,54,3,0
3620,28,54,3,1
3617,28,54,3,1
3613,28,54,3,1
5058,52,54,1,0
5099,28,54,1,1
3684,28,54,1,1
3721,28,54,3,1
3702,28,54,3,1
3789,66,54,3,0
3761,28,54,1,1
3822,52,54,3,0
3877,28,54,1,1
3883,52,54,3,0
3889,28,54,1,1
3899,52,54,3,0
3014,52,54,1,0
3189,66,54,1,0
3158,52,54,1,0
1983,28,54,1,1
1989,52,54,3,0
1904,28,54,1,1
1966,52,54,1,0
1828,24,73,2,1
2979,46,73,1,1
4716,75,73,1,1
4631,46,73,4,1
4644,75,73,3,0
1715,84,73,1,0
4513,46,73,1,1
1694,24,73,3,1
4532,84,73,2,0
52,46,73,1,1
484,75,73,1,0
4589,84,73,1,0
301,75,73,1,1
306,75,73,1,0
4923,75,73,1,0
4901,75,73,1,1
4811,24,73,2,1
1465,84,73,1,0
947,75,73,1,0
1421,75,73,1,0
4206,75,73,1,0
4203,75,73,3,0
2445,46,73,4,1
1355,24,73,1,1
840,75,73,1,1
4173,75,73,1,0
2406,46,73,4,1
4131,75,73,1,0
4457,46,73,4,1
4476,84,73,1,0
4473,75,73,1,1
2689,75,73,3,0
1104,84,73,2,0
4427,75,73,3,0
1148,75,73,3,0
2622,46,73,4,1
669,84,73,1,0
650,75,73,1,0
1064,75,73,3,0
4384,24,73,2,1
2571,75,73,1,0
4317,84,73,2,0
2105,46,73,4,1
3258,84,73,3,0
2160,75,73,1,0
3210,75,73,3,0
3233,75,73,1,0
2212,46,73,4,1
3343,46,73,3,1
3494,46,73,1,1
5103,84,73,1,0
4016,75,73,3,0
3427,75,73,3,0
4093,46,73,3,1
4077,84,73,3,0
2005,46,73,1,1
2001,46,73,3,1
2070,24,73,2,1
5016,75,73,3,0
5056,46,73,3,1
3697,46,73,1,1
3646,46,73,1,1
3668,46,73,1,1
3722,75,73,1,0
3726,75,73,1,0
3827,84,73,2,0
3013,84,73,1,0
3088,75,73,3,0
3086,75,73,3,0
3152,75,73,3,0
3995,84,73,1,0
3993,24,73,1,1
1910,46,73,3,1
2957,15,74,3,0
547,15,74,3,0
1843,15,74,1,0
577,15,74,1,0
2990,15,74,1,0
1804,15,74,3,0
559,15,74,1,0
2927,15,74,1,0
4608,79,74,2,0
4649,79,74,2,0
594,80,74,1,1
2855,15,74,3,0
34,80,74,3,1
80,80,74,1,1
72,80,74,3,1
4943,15,74,1,0
1668,80,74,1,1
1581,15,74,1,0
1585,80,74,3,1
1567,95,74,2,1
1568,15,74,3,0
1557,15,74,3,0
4794,15,74,1,0
4760,79,74,2,0
2501,80,74,1,1
4207,80,74,3,1
2476,15,74,1,0
1337,80,74,1,1
826,80,74,3,1
815,15,74,3,0
836,95,74,2,1
4177,15,74,1,0
4114,80,74,1,1
2300,80,74,1,1
1260,15,74,1,0
906,79,74,2,0
743,79,74,2,0
799,80,74,1,1
778,80,74,1,1
1195,80,74,3,1
1124,95,74,2,1
1166,80,74,1,1
2641,95,74,2,1
2601,80,74,3,1
1071,80,74,3,1
1059,15,74,1,0
2125,15,74,3,0
3339,15,74,1,0
3332,15,74,1,0
3495,80,74,1,1
4040,15,74,1,0
3420,15,74,1,0
3423,80,74,1,1
2090,15,74,1,0
2031,80,74,1,1
3622,80,74,1,1
3619,15,74,3,0
5096,15,74,1,0
112,80,74,1,1
3778,80,74,3,1
3897,80,74,3,1
3045,80,74,3,1
3070,80,74,1,1
3087,80,74,1,1
3100,80,74,3,1
3199,95,74,2,1
3193,15,74,3,0
1903,15,74,3,0
1941,15,74,3,0
1866,67,75,3,1
1859,67,75,1,1
2909,71,75,1,0
4616,67,75,4,1
414,67,75,1,1
413,67,75,3,1
460,67,75,4,1
1790,71,75,1,0
50,71,75,4,0
492,71,75,1,0
370,67,75,4,1
1569,67,75,4,1
4748,71,75,4,0
280,71,75,1,0
299,67,75,4,1
943,71,75,3,0
979,71,75,3,0
4222,71,75,4,0
2475,98,75,2,0
2492,67,75,4,1
1395,67,75,4,1
1394,98,75,2,0
1364,67,75,4,1
1322,67,75,4,1
2316,67,75,4,1
1299,67,75,4,1
1244,71,75,4,0
709,71,75,4,0
2782,71,75,3,0
2737,71,75,1,0
4484,71,75,4,0
4332,98,75,2,0
3293,67,75,4,1
2101,104,75,2,1
3205,71,75,3,0
3377,71,75,4,0
2264,67,75,1,1
3350,98,75,2,0
3302,71,75,1,0
5156,71,75,4,0
3583,67,75,1,1
3553,104,75,2,1
3692,104,75,2,1
116,71,75,1,0
3197,67,75,1,1
1914,71,75,4,0
1942,71,75,3,0
560,62,88,3,1
1854,62,88,3,1
1874,62,88,3,1
4632,62,88,6,1
1704,86,88,4,0
2834,62,88,6,1
442,62,88,1,1
53,62,88,3,1
4584,62,88,1,1
4570,86,88,2,0
310,62,88,3,1
4948,62,88,2,1
1461,86,88,5,0
4771,86,88,4,0
4749,86,88,2,0
267,62,88,3,1
2506,62,88,2,1
2430,62,88,6,1
830,62,88,6,1
4103,62,88,3,1
704,86,88,5,0
4436,86,88,4,0
1172,86,88,4,0
4377,86,88,2,0
3429,62,88,1,1
4084,62,88,2,1
3082,86,88,5,0
3121,86,88,2,0
1818,38,50,3,0
1835,55,50,1,1
1897,38,50,1,0
1871,38,50,1,0
4620,38,50,1,0
4629,55,50,1,1
4647,55,50,3,1
2827,38,50,1,0
441,55,50,1,1
468,55,50,1,1
4504,55,50,1,1
4572,38,50,2,0
320,55,50,1,1
4941,55,50,3,1
4862,38,50,1,0
378,38,50,1,0
4826,38,50,3,0
1553,38,50,3,0
4784,38,50,4,0
277,38,50,3,0
249,55,50,1,1
1418,38,50,1,0
1439,55,50,1,1
982,55,50,3,1
961,55,50,3,1
2520,38,50,1,0
2423,55,50,3,1
2458,55,50,1,1
4255,38,50,3,0
4282,38,50,1,0
1393,99,50,1,0
1375,38,50,3,0
839,55,50,3,1
4193,55,50,3,1
892,38,50,1,0
896,38,50,1,0
2358,38,50,3,0
4140,55,50,1,1
1274,38,50,1,0
1272,38,50,3,0
2393,55,50,3,1
714,55,50,1,1
710,55,50,3,1
2714,38,50,1,0
2717,55,50,1,1
2684,38,50,3,0
1112,55,50,3,1
2625,38,50,3,0
1088,55,50,1,1
1060,55,50,3,1
2573,38,50,3,0
4357,55,50,1,1
1034,38,50,1,0
3253,55,50,3,1
2141,55,50,1,1
2171,55,50,1,1
2210,55,50,1,1
2251,38,50,1,0
2255,38,50,3,0
3374,38,50,1,0
2293,55,50,1,1
3348,55,50,1,1
3327,55,50,1,1
2287,38,50,1,0
3301,55,50,1,1
4007,55,50,3,1
3471,38,50,1,0
4096,55,50,3,1
3501,55,50,3,1
4062,38,50,1,0
5160,55,50,3,1
2004,38,50,3,0
2010,55,50,3,1
2053,55,50,3,1
5074,55,50,1,1
3677,38,50,3,0
3717,38,50,3,0
157,38,50,1,0
3773,38,50,1,0
3752,55,50,1,1
3860,38,50,1,0
3839,55,50,1,1
4977,55,50,1,1
3881,38,50,1,0
3000,38,50,3,0
3084,55,50,1,1
3903,38,50,1,0
3190,38,50,1,0
3157,55,50,3,1
1936,55,50,1,1
1939,38,50,3,0
