terminus,heure_depart,trajet_id,stop_sequence,arret_id
0,1220,51,1,parcacti
0,1221,51,2,chmulon1
0,1222,51,3,feval1
0,1223,51,4,master1
0,1224,51,5,leuzier1
0,1225,51,6,brayno1
0,1225,51,7,coteaux1
0,1226,51,8,pontno1
0,1228,51,9,molene1
0,1229,51,10,duanno1
0,1231,51,11,cennoch1
0,1232,51,12,polynoy1
0,1233,51,13,ptesaud1
0,1235,51,14,cxfleu1
0,1236,51,15,maillan1
0,1237,51,16,beaunoy1
0,1239,51,17,hilbint1
0,1241,51,18,triangl1
1,1244,51,19,frevi02
0,800,3283,1,parcacti
0,801,3283,2,chmulon1
0,802,3283,3,feval1
0,803,3283,4,master1
0,804,3283,5,leuzier1
0,805,3283,6,brayno1
0,805,3283,7,coteaux1
0,806,3283,8,pontno1
0,807,3283,9,molene1
0,808,3283,10,duanno1
0,810,3283,11,cennoch1
0,811,3283,12,polynoy1
0,812,3283,13,ptesaud1
0,814,3283,14,cxfleu1
0,815,3283,15,maillan1
0,816,3283,16,beaunoy1
0,818,3283,17,hilbint1
0,820,3283,18,triangl1
1,823,3283,19,frevi02
0,680,2111,1,frevi02
0,684,2111,2,triangl2
0,686,2111,3,hilbint2
0,688,2111,4,beaunoy2
0,689,2111,5,maillan2
0,690,2111,6,cxfleu2
0,692,2111,7,ptesaud2
0,693,2111,8,polynoy2
0,694,2111,9,cennoch2
0,695,2111,10,duannno2
0,696,2111,11,molene2
0,697,2111,12,pontno2
0,698,2111,13,coteaux2
0,699,2111,14,brayno2
0,700,2111,15,leuzier2
0,701,2111,16,master2
0,702,2111,17,feval2
0,703,2111,18,chmulon2
1,704,2111,19,parcacti
0,1010,2108,1,parcacti
0,1011,2108,2,chmulon1
0,1012,2108,3,feval1
0,1013,2108,4,master1
0,1014,2108,5,leuzier1
0,1015,2108,6,brayno1
0,1015,2108,7,coteaux1
0,1016,2108,8,pontno1
0,1017,2108,9,molene1
0,1018,2108,10,duanno1
0,1020,2108,11,cennoch1
0,1021,2108,12,polynoy1
0,1022,2108,13,ptesaud1
0,1024,2108,14,cxfleu1
0,1025,2108,15,maillan1
0,1026,2108,16,beaunoy1
0,1028,2108,17,hilbint1
0,1030,2108,18,triangl1
1,1033,2108,19,frevi02
0,740,2122,1,frevi02
0,744,2122,2,triangl2
0,746,2122,3,hilbint2
0,748,2122,4,beaunoy2
0,748,2122,5,maillan2
0,750,2122,6,cxfleu2
0,751,2122,7,ptesaud2
0,752,2122,8,polynoy2
0,753,2122,9,cennoch2
0,755,2122,10,duannno2
0,756,2122,11,molene2
0,757,2122,12,pontno2
0,758,2122,13,coteaux2
0,759,2122,14,brayno2
0,760,2122,15,leuzier2
0,761,2122,16,master2
0,762,2122,17,feval2
0,763,2122,18,chmulon2
1,764,2122,19,parcacti
0,530,3249,1,parcacti
0,531,3249,2,chmulon1
0,532,3249,3,feval1
0,533,3249,4,master1
0,534,3249,5,leuzier1
0,535,3249,6,brayno1
0,535,3249,7,coteaux1
0,536,3249,8,pontno1
0,537,3249,9,molene1
0,538,3249,10,duanno1
0,540,3249,11,cennoch1
0,541,3249,12,polynoy1
0,542,3249,13,ptesaud1
0,544,3249,14,cxfleu1
0,545,3249,15,maillan1
0,546,3249,16,beaunoy1
0,548,3249,17,hilbint1
0,550,3249,18,triangl1
1,553,3249,19,frevi02
0,920,2151,1,frevi02
0,924,2151,2,triangl2
0,926,2151,3,hilbint2
0,928,2151,4,beaunoy2
0,929,2151,5,maillan2
0,930,2151,6,cxfleu2
0,932,2151,7,ptesaud2
0,933,2151,8,polynoy2
0,934,2151,9,cennoch2
0,935,2151,10,duannno2
0,936,2151,11,molene2
0,937,2151,12,pontno2
0,938,2151,13,coteaux2
0,939,2151,14,brayno2
0,940,2151,15,leuzier2
0,941,2151,16,master2
0,942,2151,17,feval2
0,943,2151,18,chmulon2
1,944,2151,19,parcacti
0,1040,2163,1,parcacti
0,1041,2163,2,chmulon1
0,1042,2163,3,feval1
0,1043,2163,4,master1
0,1044,2163,5,leuzier1
0,1045,2163,6,brayno1
0,1046,2163,7,coteaux1
0,1047,2163,8,pontno1
0,1049,2163,9,molene1
0,1050,2163,10,duanno1
0,1052,2163,11,cennoch1
0,1053,2163,12,polynoy1
0,1054,2163,13,ptesaud1
0,1056,2163,14,cxfleu1
0,1057,2163,15,maillan1
0,1058,2163,16,beaunoy1
0,1060,2163,17,hilbint1
0,1063,2163,18,triangl1
1,1066,2163,19,frevi02
0,920,2173,1,parcacti
0,921,2173,2,chmulon1
0,922,2173,3,feval1
0,923,2173,4,master1
0,924,2173,5,leuzier1
0,925,2173,6,brayno1
0,925,2173,7,coteaux1
0,926,2173,8,pontno1
0,927,2173,9,molene1
0,928,2173,10,duanno1
0,930,2173,11,cennoch1
0,931,2173,12,polynoy1
0,932,2173,13,ptesaud1
0,934,2173,14,cxfleu1
0,935,2173,15,maillan1
0,936,2173,16,beaunoy1
0,938,2173,17,hilbint1
0,940,2173,18,triangl1
1,943,2173,19,frevi02
0,500,3375,1,frevi02
0,504,3375,2,triangl2
0,507,3375,3,hilbint2
0,509,3375,4,beaunoy2
0,509,3375,5,maillan2
0,511,3375,6,cxfleu2
0,512,3375,7,ptesaud2
0,513,3375,8,polynoy2
0,514,3375,9,cennoch2
0,516,3375,10,duannno2
0,517,3375,11,molene2
0,519,3375,12,pontno2
0,520,3375,13,coteaux2
0,521,3375,14,brayno2
0,522,3375,15,leuzier2
0,523,3375,16,master2
0,524,3375,17,feval2
0,525,3375,18,chmulon2
1,526,3375,19,parcacti
0,1020,3369,1,frevi02
0,1023,3369,2,triangl2
0,1025,3369,3,hilbint2
0,1027,3369,4,beaunoy2
0,1027,3369,5,maillan2
0,1029,3369,6,cxfleu2
0,1030,3369,7,ptesaud2
0,1031,3369,8,polynoy2
0,1032,3369,9,cennoch2
0,1033,3369,10,duannno2
0,1034,3369,11,molene2
0,1035,3369,12,pontno2
0,1036,3369,13,coteaux2
0,1037,3369,14,brayno2
0,1038,3369,15,leuzier2
0,1039,3369,16,master2
0,1040,3369,17,feval2
0,1041,3369,18,chmulon2
0,1042,3369,19,parcacti
0,1044,3369,20,roussai2
0,1045,3369,21,plardie2
0,1047,3369,22,landorg2
0,1048,3369,23,grpesco2
0,1049,3369,24,orgcoto2
0,1050,3369,25,surcouo2
0,1052,3369,26,cimorg2
0,1057,3369,27,perelle2
0,1058,3369,28,baserab2
0,1059,3369,29,lamot742
0,1060,3369,30,maibour2
1,1062,3369,31,marbour1
0,438,3315,1,parcacti
0,439,3315,2,chmulon1
0,440,3315,3,feval1
0,441,3315,4,master1
0,442,3315,5,leuzier1
0,443,3315,6,brayno1
0,444,3315,7,coteaux1
0,445,3315,8,pontno1
0,447,3315,9,molene1
0,448,3315,10,duanno1
0,450,3315,11,cennoch1
0,451,3315,12,polynoy1
0,452,3315,13,ptesaud1
0,454,3315,14,cxfleu1
0,455,3315,15,maillan1
0,456,3315,16,beaunoy1
0,458,3315,17,hilbint1
0,461,3315,18,triangl1
1,464,3315,19,frevi02
0,860,3405,1,frevi02
0,864,3405,2,triangl2
0,866,3405,3,hilbint2
0,868,3405,4,beaunoy2
0,868,3405,5,maillan2
0,870,3405,6,cxfleu2
0,871,3405,7,ptesaud2
0,872,3405,8,polynoy2
0,873,3405,9,cennoch2
0,875,3405,10,duannno2
0,876,3405,11,molene2
0,877,3405,12,pontno2
0,878,3405,13,coteaux2
0,879,3405,14,brayno2
0,880,3405,15,leuzier2
0,881,3405,16,master2
0,882,3405,17,feval2
0,883,3405,18,chmulon2
1,884,3405,19,parcacti
0,1190,3421,1,frevi02
0,1194,3421,2,triangl2
0,1196,3421,3,hilbint2
0,1198,3421,4,beaunoy2
0,1198,3421,5,maillan2
0,1200,3421,6,cxfleu2
0,1201,3421,7,ptesaud2
0,1202,3421,8,polynoy2
0,1203,3421,9,cennoch2
0,1205,3421,10,duannno2
0,1206,3421,11,molene2
0,1207,3421,12,pontno2
0,1208,3421,13,coteaux2
0,1209,3421,14,brayno2
0,1210,3421,15,leuzier2
0,1211,3421,16,master2
0,1212,3421,17,feval2
0,1213,3421,18,chmulon2
1,1214,3421,19,parcacti
0,990,3473,1,frevi02
0,994,3473,2,triangl2
0,997,3473,3,hilbint2
0,999,3473,4,beaunoy2
0,1000,3473,5,maillan2
0,1001,3473,6,cxfleu2
0,1003,3473,7,ptesaud2
0,1004,3473,8,polynoy2
0,1005,3473,9,cennoch2
0,1007,3473,10,duannno2
0,1008,3473,11,molene2
0,1010,3473,12,pontno2
0,1011,3473,13,coteaux2
0,1012,3473,14,brayno2
0,1013,3473,15,leuzier2
0,1014,3473,16,master2
0,1015,3473,17,feval2
0,1016,3473,18,chmulon2
1,1017,3473,19,parcacti
0,940,3466,1,parcacti
0,941,3466,2,chmulon1
0,942,3466,3,feval1
0,943,3466,4,master1
0,944,3466,5,leuzier1
0,945,3466,6,brayno1
0,945,3466,7,coteaux1
0,946,3466,8,pontno1
0,947,3466,9,molene1
0,948,3466,10,duanno1
0,950,3466,11,cennoch1
0,951,3466,12,polynoy1
0,952,3466,13,ptesaud1
0,954,3466,14,cxfleu1
0,955,3466,15,maillan1
0,956,3466,16,beaunoy1
0,958,3466,17,hilbint1
0,960,3466,18,triangl1
1,963,3466,19,frevi02
0,1190,3509,1,parcacti
0,1191,3509,2,chmulon1
0,1192,3509,3,feval1
0,1193,3509,4,master1
0,1194,3509,5,leuzier1
0,1195,3509,6,brayno1
0,1195,3509,7,coteaux1
0,1196,3509,8,pontno1
0,1197,3509,9,molene1
0,1198,3509,10,duanno1
0,1200,3509,11,cennoch1
0,1201,3509,12,polynoy1
0,1202,3509,13,ptesaud1
0,1204,3509,14,cxfleu1
0,1205,3509,15,maillan1
0,1206,3509,16,beaunoy1
0,1208,3509,17,hilbint1
0,1210,3509,18,triangl1
1,1213,3509,19,frevi02
0,1090,2093,1,frevi02
0,1094,2093,2,triangl2
0,1097,2093,3,hilbint2
0,1099,2093,4,beaunoy2
0,1100,2093,5,maillan2
0,1101,2093,6,cxfleu2
0,1103,2093,7,ptesaud2
0,1104,2093,8,polynoy2
0,1105,2093,9,cennoch2
0,1107,2093,10,duannno2
0,1108,2093,11,molene2
0,1110,2093,12,pontno2
0,1111,2093,13,coteaux2
0,1112,2093,14,brayno2
0,1113,2093,15,leuzier2
0,1114,2093,16,master2
0,1115,2093,17,feval2
0,1116,2093,18,chmulon2
1,1117,2093,19,parcacti
0,890,3533,1,marbour1
0,892,3533,2,maibour1
0,893,3533,3,lamot741
0,894,3533,4,baserab1
0,895,3533,5,perelle1
0,900,3533,6,cimorg1
0,902,3533,7,surcouo1
0,903,3533,8,orgcoto1
0,904,3533,9,grpesco1
0,905,3533,10,landorg1
0,907,3533,11,plardie1
0,908,3533,12,roussai1
0,910,3533,13,parcacti
0,911,3533,14,chmulon1
0,912,3533,15,feval1
0,913,3533,16,master1
0,914,3533,17,leuzier1
0,915,3533,18,brayno1
0,915,3533,19,coteaux1
0,916,3533,20,pontno1
0,917,3533,21,molene1
0,918,3533,22,duanno1
0,920,3533,23,cennoch1
0,921,3533,24,polynoy1
0,922,3533,25,ptesaud1
0,924,3533,26,cxfleu1
0,925,3533,27,maillan1
0,926,3533,28,beaunoy1
0,928,3533,29,hilbint1
0,930,3533,30,triangl1
1,933,3533,31,frevi02
0,1030,2083,1,frevi02
0,1034,2083,2,triangl2
0,1037,2083,3,hilbint2
0,1039,2083,4,beaunoy2
0,1040,2083,5,maillan2
0,1041,2083,6,cxfleu2
0,1043,2083,7,ptesaud2
0,1044,2083,8,polynoy2
0,1045,2083,9,cennoch2
0,1047,2083,10,duannno2
0,1048,2083,11,molene2
0,1050,2083,12,pontno2
0,1051,2083,13,coteaux2
0,1052,2083,14,brayno2
0,1053,2083,15,leuzier2
0,1055,2083,16,master2
0,1056,2083,17,feval2
0,1057,2083,18,chmulon2
1,1058,2083,19,parcacti
0,790,2046,1,marbour1
0,792,2046,2,maibour1
0,793,2046,3,lamot741
0,794,2046,4,baserab1
0,795,2046,5,perelle1
0,800,2046,6,cimorg1
0,802,2046,7,surcouo1
0,803,2046,8,orgcoto1
0,804,2046,9,grpesco1
0,805,2046,10,landorg1
0,807,2046,11,plardie1
0,808,2046,12,roussai1
0,810,2046,13,parcacti
0,811,2046,14,chmulon1
0,812,2046,15,feval1
0,813,2046,16,master1
0,814,2046,17,leuzier1
0,815,2046,18,brayno1
0,815,2046,19,coteaux1
0,816,2046,20,pontno1
0,817,2046,21,molene1
0,818,2046,22,duanno1
0,820,2046,23,cennoch1
0,821,2046,24,polynoy1
0,822,2046,25,ptesaud1
0,824,2046,26,cxfleu1
0,825,2046,27,maillan1
0,826,2046,28,beaunoy1
0,828,2046,29,hilbint1
0,830,2046,30,triangl1
1,833,2046,31,frevi02
0,950,3594,1,frevi02
0,954,3594,2,triangl2
0,956,3594,3,hilbint2
0,958,3594,4,beaunoy2
0,959,3594,5,maillan2
0,960,3594,6,cxfleu2
0,962,3594,7,ptesaud2
0,963,3594,8,polynoy2
0,964,3594,9,cennoch2
0,965,3594,10,duannno2
0,966,3594,11,molene2
0,967,3594,12,pontno2
0,968,3594,13,coteaux2
0,969,3594,14,brayno2
0,970,3594,15,leuzier2
0,971,3594,16,master2
0,972,3594,17,feval2
0,973,3594,18,chmulon2
1,974,3594,19,parcacti
0,770,3682,1,frevi02
0,774,3682,2,triangl2
0,776,3682,3,hilbint2
0,778,3682,4,beaunoy2
0,778,3682,5,maillan2
0,780,3682,6,cxfleu2
0,781,3682,7,ptesaud2
0,782,3682,8,polynoy2
0,783,3682,9,cennoch2
0,785,3682,10,duannno2
0,786,3682,11,molene2
0,787,3682,12,pontno2
0,788,3682,13,coteaux2
0,789,3682,14,brayno2
0,790,3682,15,leuzier2
0,791,3682,16,master2
0,792,3682,17,feval2
0,793,3682,18,chmulon2
1,794,3682,19,parcacti
0,400,3687,1,frevi02
0,404,3687,2,triangl2
0,406,3687,3,hilbint2
0,408,3687,4,beaunoy2
0,408,3687,5,maillan2
0,410,3687,6,cxfleu2
0,411,3687,7,ptesaud2
0,412,3687,8,polynoy2
0,413,3687,9,cennoch2
0,415,3687,10,duannno2
0,416,3687,11,molene2
0,417,3687,12,pontno2
0,418,3687,13,coteaux2
0,419,3687,14,brayno2
0,420,3687,15,leuzier2
0,421,3687,16,master2
0,422,3687,17,feval2
0,423,3687,18,chmulon2
1,424,3687,19,parcacti
0,485,3714,1,parcacti
0,486,3714,2,chmulon1
0,487,3714,3,feval1
0,488,3714,4,master1
0,489,3714,5,leuzier1
0,490,3714,6,brayno1
0,491,3714,7,coteaux1
0,492,3714,8,pontno1
0,494,3714,9,molene1
0,495,3714,10,duanno1
0,497,3714,11,cennoch1
0,498,3714,12,polynoy1
0,499,3714,13,ptesaud1
0,501,3714,14,cxfleu1
0,503,3714,15,maillan1
0,504,3714,16,beaunoy1
0,506,3714,17,hilbint1
0,509,3714,18,triangl1
1,512,3714,19,frevi02
0,1120,3733,1,frevi02
0,1123,3733,2,triangl2
0,1125,3733,3,hilbint2
0,1127,3733,4,beaunoy2
0,1127,3733,5,maillan2
0,1129,3733,6,cxfleu2
0,1130,3733,7,ptesaud2
0,1131,3733,8,polynoy2
0,1132,3733,9,cennoch2
0,1133,3733,10,duannno2
0,1134,3733,11,molene2
0,1135,3733,12,pontno2
0,1136,3733,13,coteaux2
0,1137,3733,14,brayno2
0,1138,3733,15,leuzier2
0,1139,3733,16,master2
0,1140,3733,17,feval2
0,1141,3733,18,chmulon2
0,1142,3733,19,parcacti
0,1144,3733,20,roussai2
0,1145,3733,21,plardie2
0,1147,3733,22,landorg2
0,1148,3733,23,grpesco2
0,1149,3733,24,orgcoto2
0,1150,3733,25,surcouo2
0,1152,3733,26,cimorg2
0,1157,3733,27,perelle2
0,1158,3733,28,baserab2
0,1159,3733,29,lamot742
0,1160,3733,30,maibour2
1,1162,3733,31,marbour1
0,412,158,1,parcacti
0,413,158,2,chmulon1
0,414,158,3,feval1
0,415,158,4,master1
0,416,158,5,leuzier1
0,417,158,6,brayno1
0,418,158,7,coteaux1
0,419,158,8,pontno1
0,421,158,9,molene1
0,422,158,10,duanno1
0,424,158,11,cennoch1
0,425,158,12,polynoy1
0,426,158,13,ptesaud1
0,428,158,14,cxfleu1
0,429,158,15,maillan1
0,430,158,16,beaunoy1
0,432,158,17,hilbint1
0,434,158,18,triangl1
1,437,158,19,frevi02
0,650,196,1,parcacti
0,651,196,2,chmulon1
0,652,196,3,feval1
0,653,196,4,master1
0,654,196,5,leuzier1
0,655,196,6,brayno1
0,655,196,7,coteaux1
0,656,196,8,pontno1
0,657,196,9,molene1
0,658,196,10,duanno1
0,660,196,11,cennoch1
0,661,196,12,polynoy1
0,662,196,13,ptesaud1
0,664,196,14,cxfleu1
0,665,196,15,maillan1
0,666,196,16,beaunoy1
0,668,196,17,hilbint1
0,670,196,18,triangl1
1,673,196,19,frevi02
0,470,3760,1,frevi02
0,474,3760,2,triangl2
0,476,3760,3,hilbint2
0,478,3760,4,beaunoy2
0,479,3760,5,maillan2
0,480,3760,6,cxfleu2
0,482,3760,7,ptesaud2
0,483,3760,8,polynoy2
0,484,3760,9,cennoch2
0,485,3760,10,duannno2
0,486,3760,11,molene2
0,487,3760,12,pontno2
0,488,3760,13,coteaux2
0,489,3760,14,brayno2
0,490,3760,15,leuzier2
0,491,3760,16,master2
0,492,3760,17,feval2
0,493,3760,18,chmulon2
1,494,3760,19,parcacti
0,650,3801,1,frevi02
0,654,3801,2,triangl2
0,656,3801,3,hilbint2
0,658,3801,4,beaunoy2
0,659,3801,5,maillan2
0,660,3801,6,cxfleu2
0,662,3801,7,ptesaud2
0,663,3801,8,polynoy2
0,664,3801,9,cennoch2
0,665,3801,10,duannno2
0,666,3801,11,molene2
0,667,3801,12,pontno2
0,668,3801,13,coteaux2
0,669,3801,14,brayno2
0,670,3801,15,leuzier2
0,671,3801,16,master2
0,672,3801,17,feval2
0,673,3801,18,chmulon2
1,674,3801,19,parcacti
0,1070,4971,1,marbour1
0,1072,4971,2,maibour1
0,1073,4971,3,lamot741
0,1074,4971,4,baserab1
0,1075,4971,5,perelle1
0,1080,4971,6,cimorg1
0,1082,4971,7,surcouo1
0,1083,4971,8,orgcoto1
0,1084,4971,9,grpesco1
0,1085,4971,10,landorg1
0,1087,4971,11,plardie1
0,1088,4971,12,roussai1
0,1090,4971,13,parcacti
0,1091,4971,14,chmulon1
0,1092,4971,15,feval1
0,1093,4971,16,master1
0,1094,4971,17,leuzier1
0,1095,4971,18,brayno1
0,1095,4971,19,coteaux1
0,1096,4971,20,pontno1
0,1097,4971,21,molene1
0,1098,4971,22,duanno1
0,1100,4971,23,cennoch1
0,1101,4971,24,polynoy1
0,1102,4971,25,ptesaud1
0,1104,4971,26,cxfleu1
0,1105,4971,27,maillan1
0,1106,4971,28,beaunoy1
0,1108,4971,29,hilbint1
0,1110,4971,30,triangl1
1,1113,4971,31,frevi02
0,590,4963,1,frevi02
0,594,4963,2,triangl2
0,596,4963,3,hilbint2
0,598,4963,4,beaunoy2
0,599,4963,5,maillan2
0,600,4963,6,cxfleu2
0,602,4963,7,ptesaud2
0,603,4963,8,polynoy2
0,604,4963,9,cennoch2
0,605,4963,10,duannno2
0,606,4963,11,molene2
0,607,4963,12,pontno2
0,608,4963,13,coteaux2
0,609,4963,14,brayno2
0,610,4963,15,leuzier2
0,611,4963,16,master2
0,612,4963,17,feval2
0,613,4963,18,chmulon2
1,614,4963,19,parcacti
0,740,3002,1,frevi02
0,744,3002,2,triangl2
0,746,3002,3,hilbint2
0,748,3002,4,beaunoy2
0,749,3002,5,maillan2
0,750,3002,6,cxfleu2
0,752,3002,7,ptesaud2
0,753,3002,8,polynoy2
0,754,3002,9,cennoch2
0,755,3002,10,duannno2
0,756,3002,11,molene2
0,757,3002,12,pontno2
0,758,3002,13,coteaux2
0,759,3002,14,brayno2
0,760,3002,15,leuzier2
0,761,3002,16,master2
0,762,3002,17,feval2
0,763,3002,18,chmulon2
1,764,3002,19,parcacti
0,530,3053,1,frevi02
0,534,3053,2,triangl2
0,536,3053,3,hilbint2
0,538,3053,4,beaunoy2
0,538,3053,5,maillan2
0,540,3053,6,cxfleu2
0,541,3053,7,ptesaud2
0,542,3053,8,polynoy2
0,543,3053,9,cennoch2
0,545,3053,10,duannno2
0,546,3053,11,molene2
0,547,3053,12,pontno2
0,548,3053,13,coteaux2
0,549,3053,14,brayno2
0,550,3053,15,leuzier2
0,551,3053,16,master2
0,552,3053,17,feval2
0,553,3053,18,chmulon2
1,554,3053,19,parcacti
0,800,3060,1,frevi02
0,804,3060,2,triangl2
0,806,3060,3,hilbint2
0,808,3060,4,beaunoy2
0,808,3060,5,maillan2
0,810,3060,6,cxfleu2
0,811,3060,7,ptesaud2
0,812,3060,8,polynoy2
0,813,3060,9,cennoch2
0,815,3060,10,duannno2
0,816,3060,11,molene2
0,817,3060,12,pontno2
0,818,3060,13,coteaux2
0,819,3060,14,brayno2
0,820,3060,15,leuzier2
0,821,3060,16,master2
0,822,3060,17,feval2
0,823,3060,18,chmulon2
1,824,3060,19,parcacti
0,1110,3084,1,frevi02
0,1114,3084,2,triangl2
0,1116,3084,3,hilbint2
0,1118,3084,4,beaunoy2
0,1118,3084,5,maillan2
0,1120,3084,6,cxfleu2
0,1121,3084,7,ptesaud2
0,1122,3084,8,polynoy2
0,1123,3084,9,cennoch2
0,1125,3084,10,duannno2
0,1126,3084,11,molene2
0,1127,3084,12,pontno2
0,1128,3084,13,coteaux2
0,1129,3084,14,brayno2
0,1130,3084,15,leuzier2
0,1131,3084,16,master2
0,1132,3084,17,feval2
0,1133,3084,18,chmulon2
1,1134,3084,19,parcacti
0,1070,3080,1,frevi02
0,1074,3080,2,triangl2
0,1076,3080,3,hilbint2
0,1078,3080,4,beaunoy2
0,1079,3080,5,maillan2
0,1080,3080,6,cxfleu2
0,1082,3080,7,ptesaud2
0,1083,3080,8,polynoy2
0,1084,3080,9,cennoch2
0,1085,3080,10,duannno2
0,1086,3080,11,molene2
0,1087,3080,12,pontno2
0,1088,3080,13,coteaux2
0,1089,3080,14,brayno2
0,1090,3080,15,leuzier2
0,1091,3080,16,master2
0,1092,3080,17,feval2
0,1093,3080,18,chmulon2
1,1094,3080,19,parcacti
0,1150,3923,1,frevi02
0,1154,3923,2,triangl2
0,1156,3923,3,hilbint2
0,1158,3923,4,beaunoy2
0,1158,3923,5,maillan2
0,1160,3923,6,cxfleu2
0,1161,3923,7,ptesaud2
0,1162,3923,8,polynoy2
0,1163,3923,9,cennoch2
0,1165,3923,10,duannno2
0,1166,3923,11,molene2
0,1167,3923,12,pontno2
0,1168,3923,13,coteaux2
0,1169,3923,14,brayno2
0,1170,3923,15,leuzier2
0,1171,3923,16,master2
0,1172,3923,17,feval2
0,1173,3923,18,chmulon2
1,1174,3923,19,parcacti
0,620,3151,1,frevi02
0,624,3151,2,triangl2
0,626,3151,3,hilbint2
0,628,3151,4,beaunoy2
0,628,3151,5,maillan2
0,630,3151,6,cxfleu2
0,631,3151,7,ptesaud2
0,632,3151,8,polynoy2
0,633,3151,9,cennoch2
0,635,3151,10,duannno2
0,636,3151,11,molene2
0,637,3151,12,pontno2
0,638,3151,13,coteaux2
0,639,3151,14,brayno2
0,640,3151,15,leuzier2
0,641,3151,16,master2
0,642,3151,17,feval2
0,643,3151,18,chmulon2
1,644,3151,19,parcacti
0,690,3150,1,marbour1
0,692,3150,2,maibour1
0,693,3150,3,lamot741
0,694,3150,4,baserab1
0,695,3150,5,perelle1
0,700,3150,6,cimorg1
0,702,3150,7,surcouo1
0,703,3150,8,orgcoto1
0,704,3150,9,grpesco1
0,705,3150,10,landorg1
0,707,3150,11,plardie1
0,708,3150,12,roussai1
0,710,3150,13,parcacti
0,711,3150,14,chmulon1
0,712,3150,15,feval1
0,713,3150,16,master1
0,714,3150,17,leuzier1
0,715,3150,18,brayno1
0,715,3150,19,coteaux1
0,716,3150,20,pontno1
0,717,3150,21,molene1
0,718,3150,22,duanno1
0,720,3150,23,cennoch1
0,721,3150,24,polynoy1
0,722,3150,25,ptesaud1
0,724,3150,26,cxfleu1
0,725,3150,27,maillan1
0,726,3150,28,beaunoy1
0,728,3150,29,hilbint1
0,730,3150,30,triangl1
1,733,3150,31,frevi02
0,1120,3138,1,parcacti
0,1121,3138,2,chmulon1
0,1122,3138,3,feval1
0,1123,3138,4,master1
0,1124,3138,5,leuzier1
0,1125,3138,6,brayno1
0,1125,3138,7,coteaux1
0,1126,3138,8,pontno1
0,1128,3138,9,molene1
0,1129,3138,10,duanno1
0,1131,3138,11,cennoch1
0,1132,3138,12,polynoy1
0,1133,3138,13,ptesaud1
0,1135,3138,14,cxfleu1
0,1136,3138,15,maillan1
0,1137,3138,16,beaunoy1
0,1139,3138,17,hilbint1
0,1141,3138,18,triangl1
1,1144,3138,19,frevi02
0,950,3145,1,parcacti
0,951,3145,2,chmulon1
0,952,3145,3,feval1
0,953,3145,4,master1
0,954,3145,5,leuzier1
0,955,3145,6,brayno1
0,955,3145,7,coteaux1
0,956,3145,8,pontno1
0,957,3145,9,molene1
0,958,3145,10,duanno1
0,960,3145,11,cennoch1
0,961,3145,12,polynoy1
0,962,3145,13,ptesaud1
0,964,3145,14,cxfleu1
0,965,3145,15,maillan1
0,966,3145,16,beaunoy1
0,968,3145,17,hilbint1
0,970,3145,18,triangl1
1,973,3145,19,frevi02
0,800,6882,1,frevi02
0,804,6882,2,triangl2
0,806,6882,3,hilbint2
0,808,6882,4,beaunoy2
0,809,6882,5,maillan2
0,810,6882,6,cxfleu2
0,812,6882,7,ptesaud2
0,813,6882,8,polynoy2
0,814,6882,9,cennoch2
0,815,6882,10,duannno2
0,816,6882,11,molene2
0,817,6882,12,pontno2
0,818,6882,13,coteaux2
0,819,6882,14,brayno2
0,820,6882,15,leuzier2
0,821,6882,16,master2
0,822,6882,17,feval2
0,823,6882,18,chmulon2
1,824,6882,19,parcacti
0,1100,1819,1,parcacti
0,1101,1819,2,chmulon1
0,1102,1819,3,feval1
0,1103,1819,4,master1
0,1104,1819,5,leuzier1
0,1105,1819,6,brayno1
0,1105,1819,7,coteaux1
0,1106,1819,8,pontno1
0,1107,1819,9,molene1
0,1108,1819,10,duanno1
0,1110,1819,11,cennoch1
0,1111,1819,12,polynoy1
0,1112,1819,13,ptesaud1
0,1114,1819,14,cxfleu1
0,1115,1819,15,maillan1
0,1116,1819,16,beaunoy1
0,1118,1819,17,hilbint1
0,1120,1819,18,triangl1
1,1123,1819,19,frevi02
0,1050,6895,1,frevi02
0,1054,6895,2,triangl2
0,1057,6895,3,hilbint2
0,1059,6895,4,beaunoy2
0,1060,6895,5,maillan2
0,1061,6895,6,cxfleu2
0,1063,6895,7,ptesaud2
0,1064,6895,8,polynoy2
0,1065,6895,9,cennoch2
0,1067,6895,10,duannno2
0,1068,6895,11,molene2
0,1070,6895,12,pontno2
0,1071,6895,13,coteaux2
0,1072,6895,14,brayno2
0,1073,6895,15,leuzier2
0,1075,6895,16,master2
0,1076,6895,17,feval2
0,1077,6895,18,chmulon2
1,1078,6895,19,parcacti
0,930,525,1,frevi02
0,934,525,2,triangl2
0,936,525,3,hilbint2
0,938,525,4,beaunoy2
0,938,525,5,maillan2
0,940,525,6,cxfleu2
0,941,525,7,ptesaud2
0,942,525,8,polynoy2
0,943,525,9,cennoch2
0,945,525,10,duannno2
0,946,525,11,molene2
0,947,525,12,pontno2
0,948,525,13,coteaux2
0,949,525,14,brayno2
0,950,525,15,leuzier2
0,951,525,16,master2
0,952,525,17,feval2
0,953,525,18,chmulon2
1,954,525,19,parcacti
0,590,1807,1,frevi02
0,594,1807,2,triangl2
0,596,1807,3,hilbint2
0,598,1807,4,beaunoy2
0,598,1807,5,maillan2
0,600,1807,6,cxfleu2
0,601,1807,7,ptesaud2
0,602,1807,8,polynoy2
0,603,1807,9,cennoch2
0,605,1807,10,duannno2
0,606,1807,11,molene2
0,607,1807,12,pontno2
0,608,1807,13,coteaux2
0,609,1807,14,brayno2
0,610,1807,15,leuzier2
0,611,1807,16,master2
0,612,1807,17,feval2
0,613,1807,18,chmulon2
1,614,1807,19,parcacti
0,440,6825,1,frevi02
0,444,6825,2,triangl2
0,446,6825,3,hilbint2
0,448,6825,4,beaunoy2
0,448,6825,5,maillan2
0,450,6825,6,cxfleu2
0,451,6825,7,ptesaud2
0,452,6825,8,polynoy2
0,453,6825,9,cennoch2
0,455,6825,10,duannno2
0,456,6825,11,molene2
0,458,6825,12,pontno2
0,459,6825,13,coteaux2
0,460,6825,14,brayno2
0,461,6825,15,leuzier2
0,462,6825,16,master2
0,463,6825,17,feval2
0,464,6825,18,chmulon2
1,465,6825,19,parcacti
0,375,6835,1,parcacti
0,376,6835,2,chmulon1
0,377,6835,3,feval1
0,378,6835,4,master1
0,379,6835,5,leuzier1
0,380,6835,6,brayno1
0,380,6835,7,coteaux1
0,381,6835,8,pontno1
0,382,6835,9,molene1
0,383,6835,10,duanno1
0,384,6835,11,cennoch1
0,385,6835,12,polynoy1
0,386,6835,13,ptesaud1
0,388,6835,14,cxfleu1
0,389,6835,15,maillan1
0,390,6835,16,beaunoy1
0,392,6835,17,hilbint1
0,394,6835,18,triangl1
1,397,6835,19,frevi02
0,1250,4709,1,frevi02
0,1254,4709,2,triangl2
0,1256,4709,3,hilbint2
0,1258,4709,4,beaunoy2
0,1259,4709,5,maillan2
0,1260,4709,6,cxfleu2
0,1262,4709,7,ptesaud2
0,1263,4709,8,polynoy2
0,1264,4709,9,cennoch2
0,1265,4709,10,duannno2
0,1266,4709,11,molene2
0,1267,4709,12,pontno2
0,1268,4709,13,coteaux2
0,1269,4709,14,brayno2
0,1270,4709,15,leuzier2
0,1271,4709,16,master2
0,1272,4709,17,feval2
0,1273,4709,18,chmulon2
1,1274,4709,19,parcacti
0,1070,2937,1,frevi02
0,1074,2937,2,triangl2
0,1077,2937,3,hilbint2
0,1079,2937,4,beaunoy2
0,1080,2937,5,maillan2
0,1081,2937,6,cxfleu2
0,1083,2937,7,ptesaud2
0,1084,2937,8,polynoy2
0,1085,2937,9,cennoch2
0,1087,2937,10,duannno2
0,1088,2937,11,molene2
0,1090,2937,12,pontno2
0,1091,2937,13,coteaux2
0,1092,2937,14,brayno2
0,1093,2937,15,leuzier2
0,1094,2937,16,master2
0,1095,2937,17,feval2
0,1096,2937,18,chmulon2
1,1097,2937,19,parcacti
0,1140,6863,1,parcacti
0,1141,6863,2,chmulon1
0,1142,6863,3,feval1
0,1143,6863,4,master1
0,1144,6863,5,leuzier1
0,1145,6863,6,brayno1
0,1145,6863,7,coteaux1
0,1146,6863,8,pontno1
0,1148,6863,9,molene1
0,1149,6863,10,duanno1
0,1151,6863,11,cennoch1
0,1152,6863,12,polynoy1
0,1153,6863,13,ptesaud1
0,1155,6863,14,cxfleu1
0,1156,6863,15,maillan1
0,1157,6863,16,beaunoy1
0,1159,6863,17,hilbint1
0,1161,6863,18,triangl1
1,1164,6863,19,frevi02
0,980,599,1,frevi02
0,984,599,2,triangl2
0,986,599,3,hilbint2
0,988,599,4,beaunoy2
0,989,599,5,maillan2
0,990,599,6,cxfleu2
0,992,599,7,ptesaud2
0,993,599,8,polynoy2
0,994,599,9,cennoch2
0,995,599,10,duannno2
0,996,599,11,molene2
0,997,599,12,pontno2
0,998,599,13,coteaux2
0,999,599,14,brayno2
0,1000,599,15,leuzier2
0,1001,599,16,master2
0,1002,599,17,feval2
0,1003,599,18,chmulon2
1,1004,599,19,parcacti
0,1040,1722,1,frevi02
0,1044,1722,2,triangl2
0,1046,1722,3,hilbint2
0,1048,1722,4,beaunoy2
0,1049,1722,5,maillan2
0,1050,1722,6,cxfleu2
0,1052,1722,7,ptesaud2
0,1053,1722,8,polynoy2
0,1054,1722,9,cennoch2
0,1055,1722,10,duannno2
0,1056,1722,11,molene2
0,1057,1722,12,pontno2
0,1058,1722,13,coteaux2
0,1059,1722,14,brayno2
0,1060,1722,15,leuzier2
0,1061,1722,16,master2
0,1062,1722,17,feval2
0,1063,1722,18,chmulon2
1,1064,1722,19,parcacti
0,1130,2849,1,parcacti
0,1131,2849,2,chmulon1
0,1132,2849,3,feval1
0,1133,2849,4,master1
0,1134,2849,5,leuzier1
0,1135,2849,6,brayno1
0,1135,2849,7,coteaux1
0,1136,2849,8,pontno1
0,1137,2849,9,molene1
0,1138,2849,10,duanno1
0,1140,2849,11,cennoch1
0,1141,2849,12,polynoy1
0,1142,2849,13,ptesaud1
0,1144,2849,14,cxfleu1
0,1145,2849,15,maillan1
0,1146,2849,16,beaunoy1
0,1148,2849,17,hilbint1
0,1150,2849,18,triangl1
1,1153,2849,19,frevi02
0,500,2827,1,parcacti
0,501,2827,2,chmulon1
0,502,2827,3,feval1
0,503,2827,4,master1
0,504,2827,5,leuzier1
0,505,2827,6,brayno1
0,506,2827,7,coteaux1
0,507,2827,8,pontno1
0,509,2827,9,molene1
0,510,2827,10,duanno1
0,512,2827,11,cennoch1
0,513,2827,12,polynoy1
0,514,2827,13,ptesaud1
0,516,2827,14,cxfleu1
0,518,2827,15,maillan1
0,519,2827,16,beaunoy1
0,521,2827,17,hilbint1
0,524,2827,18,triangl1
1,527,2827,19,frevi02
0,1380,431,1,repjof3
0,1387,431,2,frevi02
0,1391,431,3,triangl2
0,1393,431,4,hilbint2
0,1395,431,5,beaunoy2
0,1395,431,6,maillan2
0,1397,431,7,cxfleu2
0,1398,431,8,ptesaud2
0,1399,431,9,polynoy2
0,1400,431,10,cennoch2
0,1401,431,11,duannno2
0,1402,431,12,molene2
0,1403,431,13,pontno2
0,1404,431,14,coteaux2
0,1405,431,15,brayno2
0,1406,431,16,leuzier2
0,1407,431,17,master2
0,1408,431,18,feval2
0,1409,431,19,chmulon2
0,1410,431,20,parcacti
0,1412,431,21,roussai2
0,1413,431,22,plardie2
0,1415,431,23,landorg2
0,1416,431,24,grpesco2
0,1417,431,25,orgcoto2
0,1418,431,26,surcouo2
0,1420,431,27,cimorg2
0,1425,431,28,perelle2
0,1426,431,29,baserab2
0,1427,431,30,lamot742
0,1428,431,31,maibour2
1,1430,431,32,marbour1
0,400,465,1,frevi02
0,404,465,2,triangl2
0,406,465,3,hilbint2
0,408,465,4,beaunoy2
0,409,465,5,maillan2
0,410,465,6,cxfleu2
0,412,465,7,ptesaud2
0,413,465,8,polynoy2
0,414,465,9,cennoch2
0,415,465,10,duannno2
0,416,465,11,molene2
0,417,465,12,pontno2
0,418,465,13,coteaux2
0,419,465,14,brayno2
0,420,465,15,leuzier2
0,421,465,16,master2
0,422,465,17,feval2
0,423,465,18,chmulon2
1,424,465,19,parcacti
0,500,1763,1,parcacti
0,501,1763,2,chmulon1
0,502,1763,3,feval1
0,503,1763,4,master1
0,504,1763,5,leuzier1
0,505,1763,6,brayno1
0,505,1763,7,coteaux1
0,506,1763,8,pontno1
0,507,1763,9,molene1
0,508,1763,10,duanno1
0,510,1763,11,cennoch1
0,511,1763,12,polynoy1
0,512,1763,13,ptesaud1
0,514,1763,14,cxfleu1
0,515,1763,15,maillan1
0,516,1763,16,beaunoy1
0,518,1763,17,hilbint1
0,520,1763,18,triangl1
1,523,1763,19,frevi02
0,650,6717,1,frevi02
0,654,6717,2,triangl2
0,656,6717,3,hilbint2
0,658,6717,4,beaunoy2
0,658,6717,5,maillan2
0,660,6717,6,cxfleu2
0,661,6717,7,ptesaud2
0,662,6717,8,polynoy2
0,663,6717,9,cennoch2
0,665,6717,10,duannno2
0,666,6717,11,molene2
0,667,6717,12,pontno2
0,668,6717,13,coteaux2
0,669,6717,14,brayno2
0,670,6717,15,leuzier2
0,671,6717,16,master2
0,672,6717,17,feval2
0,673,6717,18,chmulon2
1,674,6717,19,parcacti
0,1130,4515,1,frevi02
0,1134,4515,2,triangl2
0,1136,4515,3,hilbint2
0,1138,4515,4,beaunoy2
0,1139,4515,5,maillan2
0,1140,4515,6,cxfleu2
0,1142,4515,7,ptesaud2
0,1143,4515,8,polynoy2
0,1144,4515,9,cennoch2
0,1145,4515,10,duannno2
0,1146,4515,11,molene2
0,1147,4515,12,pontno2
0,1148,4515,13,coteaux2
0,1149,4515,14,brayno2
0,1150,4515,15,leuzier2
0,1151,4515,16,master2
0,1152,4515,17,feval2
0,1153,4515,18,chmulon2
1,1154,4515,19,parcacti
0,1010,4543,1,frevi02
0,1014,4543,2,triangl2
0,1017,4543,3,hilbint2
0,1019,4543,4,beaunoy2
0,1020,4543,5,maillan2
0,1021,4543,6,cxfleu2
0,1023,4543,7,ptesaud2
0,1024,4543,8,polynoy2
0,1025,4543,9,cennoch2
0,1027,4543,10,duannno2
0,1028,4543,11,molene2
0,1030,4543,12,pontno2
0,1031,4543,13,coteaux2
0,1032,4543,14,brayno2
0,1033,4543,15,leuzier2
0,1035,4543,16,master2
0,1036,4543,17,feval2
0,1037,4543,18,chmulon2
1,1038,4543,19,parcacti
0,470,1696,1,frevi02
0,474,1696,2,triangl2
0,477,1696,3,hilbint2
0,479,1696,4,beaunoy2
0,479,1696,5,maillan2
0,481,1696,6,cxfleu2
0,482,1696,7,ptesaud2
0,483,1696,8,polynoy2
0,484,1696,9,cennoch2
0,486,1696,10,duannno2
0,487,1696,11,molene2
0,489,1696,12,pontno2
0,490,1696,13,coteaux2
0,491,1696,14,brayno2
0,492,1696,15,leuzier2
0,493,1696,16,master2
0,494,1696,17,feval2
0,495,1696,18,chmulon2
1,496,1696,19,parcacti
0,1220,4573,1,frevi02
0,1224,4573,2,triangl2
0,1226,4573,3,hilbint2
0,1228,4573,4,beaunoy2
0,1228,4573,5,maillan2
0,1230,4573,6,cxfleu2
0,1231,4573,7,ptesaud2
0,1232,4573,8,polynoy2
0,1233,4573,9,cennoch2
0,1235,4573,10,duannno2
0,1236,4573,11,molene2
0,1237,4573,12,pontno2
0,1238,4573,13,coteaux2
0,1239,4573,14,brayno2
0,1240,4573,15,leuzier2
0,1241,4573,16,master2
0,1242,4573,17,feval2
0,1243,4573,18,chmulon2
1,1244,4573,19,parcacti
0,990,330,1,marbour1
0,992,330,2,maibour1
0,993,330,3,lamot741
0,994,330,4,baserab1
0,995,330,5,perelle1
0,1000,330,6,cimorg1
0,1002,330,7,surcouo1
0,1003,330,8,orgcoto1
0,1004,330,9,grpesco1
0,1005,330,10,landorg1
0,1007,330,11,plardie1
0,1008,330,12,roussai1
0,1010,330,13,parcacti
0,1011,330,14,chmulon1
0,1012,330,15,feval1
0,1013,330,16,master1
0,1014,330,17,leuzier1
0,1015,330,18,brayno1
0,1015,330,19,coteaux1
0,1016,330,20,pontno1
0,1017,330,21,molene1
0,1018,330,22,duanno1
0,1020,330,23,cennoch1
0,1021,330,24,polynoy1
0,1022,330,25,ptesaud1
0,1024,330,26,cxfleu1
0,1025,330,27,maillan1
0,1026,330,28,beaunoy1
0,1028,330,29,hilbint1
0,1030,330,30,triangl1
1,1033,330,31,frevi02
0,740,320,1,frevi02
0,743,320,2,triangl2
0,745,320,3,hilbint2
0,747,320,4,beaunoy2
0,747,320,5,maillan2
0,749,320,6,cxfleu2
0,750,320,7,ptesaud2
0,751,320,8,polynoy2
0,752,320,9,cennoch2
0,753,320,10,duannno2
0,754,320,11,molene2
0,755,320,12,pontno2
0,756,320,13,coteaux2
0,757,320,14,brayno2
0,758,320,15,leuzier2
0,759,320,16,master2
0,760,320,17,feval2
0,761,320,18,chmulon2
0,762,320,19,parcacti
0,764,320,20,roussai2
0,765,320,21,plardie2
0,767,320,22,landorg2
0,768,320,23,grpesco2
0,769,320,24,orgcoto2
0,770,320,25,surcouo2
0,772,320,26,cimorg2
0,777,320,27,perelle2
0,778,320,28,baserab2
0,779,320,29,lamot742
0,780,320,30,maibour2
1,782,320,31,marbour1
0,1250,4913,1,frevi02
0,1254,4913,2,triangl2
0,1256,4913,3,hilbint2
0,1258,4913,4,beaunoy2
0,1258,4913,5,maillan2
0,1260,4913,6,cxfleu2
0,1261,4913,7,ptesaud2
0,1262,4913,8,polynoy2
0,1263,4913,9,cennoch2
0,1265,4913,10,duannno2
0,1266,4913,11,molene2
0,1267,4913,12,pontno2
0,1268,4913,13,coteaux2
0,1269,4913,14,brayno2
0,1270,4913,15,leuzier2
0,1271,4913,16,master2
0,1272,4913,17,feval2
0,1273,4913,18,chmulon2
1,1274,4913,19,parcacti
0,1100,5969,1,frevi02
0,1104,5969,2,triangl2
0,1106,5969,3,hilbint2
0,1108,5969,4,beaunoy2
0,1109,5969,5,maillan2
0,1110,5969,6,cxfleu2
0,1112,5969,7,ptesaud2
0,1113,5969,8,polynoy2
0,1114,5969,9,cennoch2
0,1115,5969,10,duannno2
0,1116,5969,11,molene2
0,1117,5969,12,pontno2
0,1118,5969,13,coteaux2
0,1119,5969,14,brayno2
0,1120,5969,15,leuzier2
0,1121,5969,16,master2
0,1122,5969,17,feval2
0,1123,5969,18,chmulon2
1,1124,5969,19,parcacti
0,860,375,1,parcacti
0,861,375,2,chmulon1
0,862,375,3,feval1
0,863,375,4,master1
0,864,375,5,leuzier1
0,865,375,6,brayno1
0,865,375,7,coteaux1
0,866,375,8,pontno1
0,867,375,9,molene1
0,868,375,10,duanno1
0,870,375,11,cennoch1
0,871,375,12,polynoy1
0,872,375,13,ptesaud1
0,874,375,14,cxfleu1
0,875,375,15,maillan1
0,876,375,16,beaunoy1
0,878,375,17,hilbint1
0,880,375,18,triangl1
1,883,375,19,frevi02
0,1190,5996,1,frevi02
0,1194,5996,2,triangl2
0,1196,5996,3,hilbint2
0,1198,5996,4,beaunoy2
0,1199,5996,5,maillan2
0,1200,5996,6,cxfleu2
0,1202,5996,7,ptesaud2
0,1203,5996,8,polynoy2
0,1204,5996,9,cennoch2
0,1205,5996,10,duannno2
0,1206,5996,11,molene2
0,1207,5996,12,pontno2
0,1208,5996,13,coteaux2
0,1209,5996,14,brayno2
0,1210,5996,15,leuzier2
0,1211,5996,16,master2
0,1212,5996,17,feval2
0,1213,5996,18,chmulon2
1,1214,5996,19,parcacti
0,680,5922,1,frevi02
0,684,5922,2,triangl2
0,686,5922,3,hilbint2
0,688,5922,4,beaunoy2
0,688,5922,5,maillan2
0,690,5922,6,cxfleu2
0,691,5922,7,ptesaud2
0,692,5922,8,polynoy2
0,693,5922,9,cennoch2
0,695,5922,10,duannno2
0,696,5922,11,molene2
0,697,5922,12,pontno2
0,698,5922,13,coteaux2
0,699,5922,14,brayno2
0,700,5922,15,leuzier2
0,701,5922,16,master2
0,702,5922,17,feval2
0,703,5922,18,chmulon2
1,704,5922,19,parcacti
0,770,1524,1,frevi02
0,774,1524,2,triangl2
0,776,1524,3,hilbint2
0,778,1524,4,beaunoy2
0,779,1524,5,maillan2
0,780,1524,6,cxfleu2
0,782,1524,7,ptesaud2
0,783,1524,8,polynoy2
0,784,1524,9,cennoch2
0,785,1524,10,duannno2
0,786,1524,11,molene2
0,787,1524,12,pontno2
0,788,1524,13,coteaux2
0,789,1524,14,brayno2
0,790,1524,15,leuzier2
0,791,1524,16,master2
0,792,1524,17,feval2
0,793,1524,18,chmulon2
1,794,1524,19,parcacti
0,1220,4814,1,frevi02
0,1224,4814,2,triangl2
0,1226,4814,3,hilbint2
0,1228,4814,4,beaunoy2
0,1229,4814,5,maillan2
0,1230,4814,6,cxfleu2
0,1232,4814,7,ptesaud2
0,1233,4814,8,polynoy2
0,1234,4814,9,cennoch2
0,1235,4814,10,duannno2
0,1236,4814,11,molene2
0,1237,4814,12,pontno2
0,1238,4814,13,coteaux2
0,1239,4814,14,brayno2
0,1240,4814,15,leuzier2
0,1241,4814,16,master2
0,1242,4814,17,feval2
0,1243,4814,18,chmulon2
1,1244,4814,19,parcacti
0,428,6904,1,parcacti
0,429,6904,2,chmulon1
0,430,6904,3,feval1
0,431,6904,4,master1
0,432,6904,5,leuzier1
0,433,6904,6,brayno1
0,434,6904,7,coteaux1
0,435,6904,8,pontno1
0,437,6904,9,molene1
0,438,6904,10,duanno1
0,440,6904,11,cennoch1
0,441,6904,12,polynoy1
0,442,6904,13,ptesaud1
0,444,6904,14,cxfleu1
0,445,6904,15,maillan1
0,446,6904,16,beaunoy1
0,448,6904,17,hilbint1
0,450,6904,18,triangl1
1,453,6904,19,frevi02
0,1170,1488,1,marbour1
0,1172,1488,2,maibour1
0,1173,1488,3,lamot741
0,1174,1488,4,baserab1
0,1175,1488,5,perelle1
0,1180,1488,6,cimorg1
0,1182,1488,7,surcouo1
0,1183,1488,8,orgcoto1
0,1184,1488,9,grpesco1
0,1185,1488,10,landorg1
0,1187,1488,11,plardie1
0,1188,1488,12,roussai1
0,1190,1488,13,parcacti
0,1191,1488,14,chmulon1
0,1192,1488,15,feval1
0,1193,1488,16,master1
0,1194,1488,17,leuzier1
0,1195,1488,18,brayno1
0,1195,1488,19,coteaux1
0,1196,1488,20,pontno1
0,1197,1488,21,molene1
0,1198,1488,22,duanno1
0,1200,1488,23,cennoch1
0,1201,1488,24,polynoy1
0,1202,1488,25,ptesaud1
0,1204,1488,26,cxfleu1
0,1205,1488,27,maillan1
0,1206,1488,28,beaunoy1
0,1208,1488,29,hilbint1
0,1210,1488,30,triangl1
1,1213,1488,31,frevi02
0,1190,5899,1,parcacti
0,1191,5899,2,chmulon1
0,1192,5899,3,feval1
0,1193,5899,4,master1
0,1194,5899,5,leuzier1
0,1195,5899,6,brayno1
0,1195,5899,7,coteaux1
0,1196,5899,8,pontno1
0,1198,5899,9,molene1
0,1199,5899,10,duanno1
0,1201,5899,11,cennoch1
0,1202,5899,12,polynoy1
0,1203,5899,13,ptesaud1
0,1205,5899,14,cxfleu1
0,1206,5899,15,maillan1
0,1207,5899,16,beaunoy1
0,1209,5899,17,hilbint1
0,1211,5899,18,triangl1
1,1214,5899,19,frevi02
0,1010,4749,1,frevi02
0,1014,4749,2,triangl2
0,1016,4749,3,hilbint2
0,1018,4749,4,beaunoy2
0,1019,4749,5,maillan2
0,1020,4749,6,cxfleu2
0,1022,4749,7,ptesaud2
0,1023,4749,8,polynoy2
0,1024,4749,9,cennoch2
0,1025,4749,10,duannno2
0,1026,4749,11,molene2
0,1027,4749,12,pontno2
0,1028,4749,13,coteaux2
0,1029,4749,14,brayno2
0,1030,4749,15,leuzier2
0,1031,4749,16,master2
0,1032,4749,17,feval2
0,1033,4749,18,chmulon2
1,1034,4749,19,parcacti
0,960,1413,1,parcacti
0,961,1413,2,chmulon1
0,962,1413,3,feval1
0,963,1413,4,master1
0,964,1413,5,leuzier1
0,965,1413,6,brayno1
0,966,1413,7,coteaux1
0,967,1413,8,pontno1
0,969,1413,9,molene1
0,970,1413,10,duanno1
0,972,1413,11,cennoch1
0,973,1413,12,polynoy1
0,974,1413,13,ptesaud1
0,976,1413,14,cxfleu1
0,977,1413,15,maillan1
0,978,1413,16,beaunoy1
0,980,1413,17,hilbint1
0,982,1413,18,triangl1
1,985,1413,19,frevi02
0,840,971,1,frevi02
0,843,971,2,triangl2
0,845,971,3,hilbint2
0,847,971,4,beaunoy2
0,847,971,5,maillan2
0,849,971,6,cxfleu2
0,850,971,7,ptesaud2
0,851,971,8,polynoy2
0,852,971,9,cennoch2
0,853,971,10,duannno2
0,854,971,11,molene2
0,855,971,12,pontno2
0,856,971,13,coteaux2
0,857,971,14,brayno2
0,858,971,15,leuzier2
0,859,971,16,master2
0,860,971,17,feval2
0,861,971,18,chmulon2
0,862,971,19,parcacti
0,864,971,20,roussai2
0,865,971,21,plardie2
0,867,971,22,landorg2
0,868,971,23,grpesco2
0,869,971,24,orgcoto2
0,870,971,25,surcouo2
0,872,971,26,cimorg2
0,877,971,27,perelle2
0,878,971,28,baserab2
0,879,971,29,lamot742
0,880,971,30,maibour2
1,882,971,31,marbour1
0,1250,975,1,parcacti
0,1251,975,2,chmulon1
0,1252,975,3,feval1
0,1253,975,4,master1
0,1254,975,5,leuzier1
0,1255,975,6,brayno1
0,1255,975,7,coteaux1
0,1256,975,8,pontno1
0,1258,975,9,molene1
0,1259,975,10,duanno1
0,1261,975,11,cennoch1
0,1262,975,12,polynoy1
0,1263,975,13,ptesaud1
0,1265,975,14,cxfleu1
0,1266,975,15,maillan1
0,1267,975,16,beaunoy1
0,1269,975,17,hilbint1
0,1271,975,18,triangl1
1,1274,975,19,frevi02
0,420,992,1,frevi02
0,424,992,2,triangl2
0,426,992,3,hilbint2
0,428,992,4,beaunoy2
0,428,992,5,maillan2
0,430,992,6,cxfleu2
0,431,992,7,ptesaud2
0,432,992,8,polynoy2
0,433,992,9,cennoch2
0,435,992,10,duannno2
0,436,992,11,molene2
0,437,992,12,pontno2
0,438,992,13,coteaux2
0,439,992,14,brayno2
0,440,992,15,leuzier2
0,441,992,16,master2
0,442,992,17,feval2
0,443,992,18,chmulon2
1,444,992,19,parcacti
0,980,2440,1,parcacti
0,981,2440,2,chmulon1
0,982,2440,3,feval1
0,983,2440,4,master1
0,984,2440,5,leuzier1
0,985,2440,6,brayno1
0,986,2440,7,coteaux1
0,987,2440,8,pontno1
0,989,2440,9,molene1
0,990,2440,10,duanno1
0,992,2440,11,cennoch1
0,993,2440,12,polynoy1
0,994,2440,13,ptesaud1
0,996,2440,14,cxfleu1
0,997,2440,15,maillan1
0,998,2440,16,beaunoy1
0,1000,2440,17,hilbint1
0,1003,2440,18,triangl1
1,1006,2440,19,frevi02
0,860,5767,1,frevi02
0,864,5767,2,triangl2
0,866,5767,3,hilbint2
0,868,5767,4,beaunoy2
0,869,5767,5,maillan2
0,870,5767,6,cxfleu2
0,872,5767,7,ptesaud2
0,873,5767,8,polynoy2
0,874,5767,9,cennoch2
0,875,5767,10,duannno2
0,876,5767,11,molene2
0,877,5767,12,pontno2
0,878,5767,13,coteaux2
0,879,5767,14,brayno2
0,880,5767,15,leuzier2
0,881,5767,16,master2
0,882,5767,17,feval2
0,883,5767,18,chmulon2
1,884,5767,19,parcacti
0,830,4271,1,frevi02
0,834,4271,2,triangl2
0,836,4271,3,hilbint2
0,838,4271,4,beaunoy2
0,839,4271,5,maillan2
0,840,4271,6,cxfleu2
0,842,4271,7,ptesaud2
0,843,4271,8,polynoy2
0,844,4271,9,cennoch2
0,845,4271,10,duannno2
0,846,4271,11,molene2
0,847,4271,12,pontno2
0,848,4271,13,coteaux2
0,849,4271,14,brayno2
0,850,4271,15,leuzier2
0,851,4271,16,master2
0,852,4271,17,feval2
0,853,4271,18,chmulon2
1,854,4271,19,parcacti
0,910,1384,1,frevi02
0,914,1384,2,triangl2
0,916,1384,3,hilbint2
0,918,1384,4,beaunoy2
0,918,1384,5,maillan2
0,920,1384,6,cxfleu2
0,921,1384,7,ptesaud2
0,922,1384,8,polynoy2
0,923,1384,9,cennoch2
0,925,1384,10,duannno2
0,926,1384,11,molene2
0,927,1384,12,pontno2
0,928,1384,13,coteaux2
0,929,1384,14,brayno2
0,930,1384,15,leuzier2
0,931,1384,16,master2
0,932,1384,17,feval2
0,933,1384,18,chmulon2
1,934,1384,19,parcacti
0,450,1344,1,parcacti
0,451,1344,2,chmulon1
0,452,1344,3,feval1
0,453,1344,4,master1
0,454,1344,5,leuzier1
0,455,1344,6,brayno1
0,456,1344,7,coteaux1
0,457,1344,8,pontno1
0,459,1344,9,molene1
0,460,1344,10,duanno1
0,462,1344,11,cennoch1
0,463,1344,12,polynoy1
0,464,1344,13,ptesaud1
0,466,1344,14,cxfleu1
0,467,1344,15,maillan1
0,468,1344,16,beaunoy1
0,470,1344,17,hilbint1
0,473,1344,18,triangl1
1,476,1344,19,frevi02
0,980,1367,1,parcacti
0,981,1367,2,chmulon1
0,982,1367,3,feval1
0,983,1367,4,master1
0,984,1367,5,leuzier1
0,985,1367,6,brayno1
0,985,1367,7,coteaux1
0,986,1367,8,pontno1
0,987,1367,9,molene1
0,988,1367,10,duanno1
0,990,1367,11,cennoch1
0,991,1367,12,polynoy1
0,992,1367,13,ptesaud1
0,994,1367,14,cxfleu1
0,995,1367,15,maillan1
0,996,1367,16,beaunoy1
0,998,1367,17,hilbint1
0,1000,1367,18,triangl1
1,1003,1367,19,frevi02
0,770,869,1,parcacti
0,771,869,2,chmulon1
0,772,869,3,feval1
0,773,869,4,master1
0,774,869,5,leuzier1
0,775,869,6,brayno1
0,775,869,7,coteaux1
0,776,869,8,pontno1
0,777,869,9,molene1
0,778,869,10,duanno1
0,780,869,11,cennoch1
0,781,869,12,polynoy1
0,782,869,13,ptesaud1
0,784,869,14,cxfleu1
0,785,869,15,maillan1
0,786,869,16,beaunoy1
0,788,869,17,hilbint1
0,790,869,18,triangl1
1,793,869,19,frevi02
0,560,4192,1,frevi02
0,564,4192,2,triangl2
0,566,4192,3,hilbint2
0,568,4192,4,beaunoy2
0,569,4192,5,maillan2
0,570,4192,6,cxfleu2
0,572,4192,7,ptesaud2
0,573,4192,8,polynoy2
0,574,4192,9,cennoch2
0,575,4192,10,duannno2
0,576,4192,11,molene2
0,577,4192,12,pontno2
0,578,4192,13,coteaux2
0,579,4192,14,brayno2
0,580,4192,15,leuzier2
0,581,4192,16,master2
0,582,4192,17,feval2
0,583,4192,18,chmulon2
1,584,4192,19,parcacti
0,440,871,1,parcacti
0,441,871,2,chmulon1
0,442,871,3,feval1
0,443,871,4,master1
0,444,871,5,leuzier1
0,445,871,6,brayno1
0,445,871,7,coteaux1
0,446,871,8,pontno1
0,447,871,9,molene1
0,448,871,10,duanno1
0,450,871,11,cennoch1
0,451,871,12,polynoy1
0,452,871,13,ptesaud1
0,454,871,14,cxfleu1
0,455,871,15,maillan1
0,456,871,16,beaunoy1
0,458,871,17,hilbint1
0,460,871,18,triangl1
1,463,871,19,frevi02
0,890,2378,1,frevi02
0,894,2378,2,triangl2
0,896,2378,3,hilbint2
0,898,2378,4,beaunoy2
0,898,2378,5,maillan2
0,900,2378,6,cxfleu2
0,901,2378,7,ptesaud2
0,902,2378,8,polynoy2
0,903,2378,9,cennoch2
0,905,2378,10,duannno2
0,906,2378,11,molene2
0,907,2378,12,pontno2
0,908,2378,13,coteaux2
0,909,2378,14,brayno2
0,910,2378,15,leuzier2
0,911,2378,16,master2
0,912,2378,17,feval2
0,913,2378,18,chmulon2
1,914,2378,19,parcacti
0,710,2355,1,frevi02
0,714,2355,2,triangl2
0,716,2355,3,hilbint2
0,718,2355,4,beaunoy2
0,719,2355,5,maillan2
0,720,2355,6,cxfleu2
0,722,2355,7,ptesaud2
0,723,2355,8,polynoy2
0,724,2355,9,cennoch2
0,725,2355,10,duannno2
0,726,2355,11,molene2
0,727,2355,12,pontno2
0,728,2355,13,coteaux2
0,729,2355,14,brayno2
0,730,2355,15,leuzier2
0,731,2355,16,master2
0,732,2355,17,feval2
0,733,2355,18,chmulon2
1,734,2355,19,parcacti
0,640,2354,1,frevi02
0,643,2354,2,triangl2
0,645,2354,3,hilbint2
0,647,2354,4,beaunoy2
0,647,2354,5,maillan2
0,649,2354,6,cxfleu2
0,650,2354,7,ptesaud2
0,651,2354,8,polynoy2
0,652,2354,9,cennoch2
0,653,2354,10,duannno2
0,654,2354,11,molene2
0,655,2354,12,pontno2
0,656,2354,13,coteaux2
0,657,2354,14,brayno2
0,658,2354,15,leuzier2
0,659,2354,16,master2
0,660,2354,17,feval2
0,661,2354,18,chmulon2
0,662,2354,19,parcacti
0,664,2354,20,roussai2
0,665,2354,21,plardie2
0,667,2354,22,landorg2
0,668,2354,23,grpesco2
0,669,2354,24,orgcoto2
0,670,2354,25,surcouo2
0,672,2354,26,cimorg2
0,677,2354,27,perelle2
0,678,2354,28,baserab2
0,679,2354,29,lamot742
0,680,2354,30,maibour2
1,682,2354,31,marbour1
0,1160,1283,1,frevi02
0,1164,1283,2,triangl2
0,1166,1283,3,hilbint2
0,1168,1283,4,beaunoy2
0,1169,1283,5,maillan2
0,1170,1283,6,cxfleu2
0,1172,1283,7,ptesaud2
0,1173,1283,8,polynoy2
0,1174,1283,9,cennoch2
0,1175,1283,10,duannno2
0,1176,1283,11,molene2
0,1177,1283,12,pontno2
0,1178,1283,13,coteaux2
0,1179,1283,14,brayno2
0,1180,1283,15,leuzier2
0,1181,1283,16,master2
0,1182,1283,17,feval2
0,1183,1283,18,chmulon2
1,1184,1283,19,parcacti
0,395,5677,1,parcacti
0,396,5677,2,chmulon1
0,397,5677,3,feval1
0,398,5677,4,master1
0,399,5677,5,leuzier1
0,400,5677,6,brayno1
0,400,5677,7,coteaux1
0,401,5677,8,pontno1
0,402,5677,9,molene1
0,403,5677,10,duanno1
0,404,5677,11,cennoch1
0,405,5677,12,polynoy1
0,406,5677,13,ptesaud1
0,408,5677,14,cxfleu1
0,409,5677,15,maillan1
0,410,5677,16,beaunoy1
0,412,5677,17,hilbint1
0,414,5677,18,triangl1
1,417,5677,19,frevi02
0,1220,5672,1,frevi02
0,1223,5672,2,triangl2
0,1225,5672,3,hilbint2
0,1227,5672,4,beaunoy2
0,1227,5672,5,maillan2
0,1229,5672,6,cxfleu2
0,1230,5672,7,ptesaud2
0,1231,5672,8,polynoy2
0,1232,5672,9,cennoch2
0,1233,5672,10,duannno2
0,1234,5672,11,molene2
0,1235,5672,12,pontno2
0,1236,5672,13,coteaux2
0,1237,5672,14,brayno2
0,1238,5672,15,leuzier2
0,1239,5672,16,master2
0,1240,5672,17,feval2
0,1241,5672,18,chmulon2
0,1242,5672,19,parcacti
0,1244,5672,20,roussai2
0,1245,5672,21,plardie2
0,1247,5672,22,landorg2
0,1248,5672,23,grpesco2
0,1249,5672,24,orgcoto2
0,1250,5672,25,surcouo2
0,1252,5672,26,cimorg2
0,1257,5672,27,perelle2
0,1258,5672,28,baserab2
0,1259,5672,29,lamot742
0,1260,5672,30,maibour2
1,1262,5672,31,marbour1
0,1060,1216,1,parcacti
0,1061,1216,2,chmulon1
0,1062,1216,3,feval1
0,1063,1216,4,master1
0,1064,1216,5,leuzier1
0,1065,1216,6,brayno1
0,1066,1216,7,coteaux1
0,1067,1216,8,pontno1
0,1069,1216,9,molene1
0,1070,1216,10,duanno1
0,1072,1216,11,cennoch1
0,1073,1216,12,polynoy1
0,1074,1216,13,ptesaud1
0,1076,1216,14,cxfleu1
0,1077,1216,15,maillan1
0,1078,1216,16,beaunoy1
0,1080,1216,17,hilbint1
0,1083,1216,18,triangl1
1,1086,1216,19,frevi02
0,890,723,1,parcacti
0,891,723,2,chmulon1
0,892,723,3,feval1
0,893,723,4,master1
0,894,723,5,leuzier1
0,895,723,6,brayno1
0,895,723,7,coteaux1
0,896,723,8,pontno1
0,897,723,9,molene1
0,898,723,10,duanno1
0,900,723,11,cennoch1
0,901,723,12,polynoy1
0,902,723,13,ptesaud1
0,904,723,14,cxfleu1
0,905,723,15,maillan1
0,906,723,16,beaunoy1
0,908,723,17,hilbint1
0,910,723,18,triangl1
1,913,723,19,frevi02
0,970,2751,1,frevi02
0,974,2751,2,triangl2
0,977,2751,3,hilbint2
0,979,2751,4,beaunoy2
0,980,2751,5,maillan2
0,981,2751,6,cxfleu2
0,983,2751,7,ptesaud2
0,984,2751,8,polynoy2
0,985,2751,9,cennoch2
0,987,2751,10,duannno2
0,988,2751,11,molene2
0,989,2751,12,pontno2
0,990,2751,13,coteaux2
0,991,2751,14,brayno2
0,992,2751,15,leuzier2
0,993,2751,16,master2
0,994,2751,17,feval2
0,995,2751,18,chmulon2
1,996,2751,19,parcacti
0,830,2762,1,frevi02
0,834,2762,2,triangl2
0,836,2762,3,hilbint2
0,838,2762,4,beaunoy2
0,838,2762,5,maillan2
0,840,2762,6,cxfleu2
0,841,2762,7,ptesaud2
0,842,2762,8,polynoy2
0,843,2762,9,cennoch2
0,845,2762,10,duannno2
0,846,2762,11,molene2
0,847,2762,12,pontno2
0,848,2762,13,coteaux2
0,849,2762,14,brayno2
0,850,2762,15,leuzier2
0,851,2762,16,master2
0,852,2762,17,feval2
0,853,2762,18,chmulon2
1,854,2762,19,parcacti
0,710,5529,1,parcacti
0,711,5529,2,chmulon1
0,712,5529,3,feval1
0,713,5529,4,master1
0,714,5529,5,leuzier1
0,715,5529,6,brayno1
0,715,5529,7,coteaux1
0,716,5529,8,pontno1
0,717,5529,9,molene1
0,718,5529,10,duanno1
0,720,5529,11,cennoch1
0,721,5529,12,polynoy1
0,722,5529,13,ptesaud1
0,724,5529,14,cxfleu1
0,725,5529,15,maillan1
0,726,5529,16,beaunoy1
0,728,5529,17,hilbint1
0,730,5529,18,triangl1
1,733,5529,19,frevi02
0,1000,1104,1,parcacti
0,1001,1104,2,chmulon1
0,1002,1104,3,feval1
0,1003,1104,4,master1
0,1004,1104,5,leuzier1
0,1005,1104,6,brayno1
0,1006,1104,7,coteaux1
0,1007,1104,8,pontno1
0,1009,1104,9,molene1
0,1010,1104,10,duanno1
0,1012,1104,11,cennoch1
0,1013,1104,12,polynoy1
0,1014,1104,13,ptesaud1
0,1016,1104,14,cxfleu1
0,1017,1104,15,maillan1
0,1018,1104,16,beaunoy1
0,1020,1104,17,hilbint1
0,1023,1104,18,triangl1
1,1026,1104,19,frevi02
0,1080,4437,1,parcacti
0,1081,4437,2,chmulon1
0,1082,4437,3,feval1
0,1083,4437,4,master1
0,1084,4437,5,leuzier1
0,1085,4437,6,brayno1
0,1086,4437,7,coteaux1
0,1087,4437,8,pontno1
0,1089,4437,9,molene1
0,1090,4437,10,duanno1
0,1092,4437,11,cennoch1
0,1093,4437,12,polynoy1
0,1094,4437,13,ptesaud1
0,1096,4437,14,cxfleu1
0,1097,4437,15,maillan1
0,1098,4437,16,beaunoy1
0,1100,4437,17,hilbint1
0,1103,4437,18,triangl1
1,1106,4437,19,frevi02
0,680,5573,1,parcacti
0,681,5573,2,chmulon1
0,682,5573,3,feval1
0,683,5573,4,master1
0,684,5573,5,leuzier1
0,685,5573,6,brayno1
0,685,5573,7,coteaux1
0,686,5573,8,pontno1
0,687,5573,9,molene1
0,688,5573,10,duanno1
0,690,5573,11,cennoch1
0,691,5573,12,polynoy1
0,692,5573,13,ptesaud1
0,694,5573,14,cxfleu1
0,695,5573,15,maillan1
0,696,5573,16,beaunoy1
0,698,5573,17,hilbint1
0,700,5573,18,triangl1
1,703,5573,19,frevi02
0,950,628,1,frevi02
0,954,628,2,triangl2
0,956,628,3,hilbint2
0,958,628,4,beaunoy2
0,958,628,5,maillan2
0,960,628,6,cxfleu2
0,961,628,7,ptesaud2
0,962,628,8,polynoy2
0,963,628,9,cennoch2
0,965,628,10,duannno2
0,966,628,11,molene2
0,967,628,12,pontno2
0,968,628,13,coteaux2
0,969,628,14,brayno2
0,970,628,15,leuzier2
0,971,628,16,master2
0,972,628,17,feval2
0,973,628,18,chmulon2
1,974,628,19,parcacti
0,515,2622,1,parcacti
0,516,2622,2,chmulon1
0,517,2622,3,feval1
0,518,2622,4,master1
0,519,2622,5,leuzier1
0,520,2622,6,brayno1
0,521,2622,7,coteaux1
0,522,2622,8,pontno1
0,524,2622,9,molene1
0,525,2622,10,duanno1
0,527,2622,11,cennoch1
0,528,2622,12,polynoy1
0,529,2622,13,ptesaud1
0,531,2622,14,cxfleu1
0,532,2622,15,maillan1
0,533,2622,16,beaunoy1
0,535,2622,17,hilbint1
0,538,2622,18,triangl1
1,541,2622,19,frevi02
0,710,2630,1,frevi02
0,714,2630,2,triangl2
0,716,2630,3,hilbint2
0,718,2630,4,beaunoy2
0,718,2630,5,maillan2
0,720,2630,6,cxfleu2
0,721,2630,7,ptesaud2
0,722,2630,8,polynoy2
0,723,2630,9,cennoch2
0,725,2630,10,duannno2
0,726,2630,11,molene2
0,727,2630,12,pontno2
0,728,2630,13,coteaux2
0,729,2630,14,brayno2
0,730,2630,15,leuzier2
0,731,2630,16,master2
0,732,2630,17,feval2
0,733,2630,18,chmulon2
1,734,2630,19,parcacti
0,620,4381,1,parcacti
0,621,4381,2,chmulon1
0,622,4381,3,feval1
0,623,4381,4,master1
0,624,4381,5,leuzier1
0,625,4381,6,brayno1
0,625,4381,7,coteaux1
0,626,4381,8,pontno1
0,627,4381,9,molene1
0,628,4381,10,duanno1
0,630,4381,11,cennoch1
0,631,4381,12,polynoy1
0,632,4381,13,ptesaud1
0,634,4381,14,cxfleu1
0,635,4381,15,maillan1
0,636,4381,16,beaunoy1
0,638,4381,17,hilbint1
0,640,4381,18,triangl1
1,643,4381,19,frevi02
0,940,5404,1,frevi02
0,943,5404,2,triangl2
0,945,5404,3,hilbint2
0,947,5404,4,beaunoy2
0,947,5404,5,maillan2
0,949,5404,6,cxfleu2
0,950,5404,7,ptesaud2
0,951,5404,8,polynoy2
0,952,5404,9,cennoch2
0,953,5404,10,duannno2
0,954,5404,11,molene2
0,955,5404,12,pontno2
0,956,5404,13,coteaux2
0,957,5404,14,brayno2
0,958,5404,15,leuzier2
0,959,5404,16,master2
0,960,5404,17,feval2
0,961,5404,18,chmulon2
0,962,5404,19,parcacti
0,964,5404,20,roussai2
0,965,5404,21,plardie2
0,967,5404,22,landorg2
0,968,5404,23,grpesco2
0,969,5404,24,orgcoto2
0,970,5404,25,surcouo2
0,972,5404,26,cimorg2
0,977,5404,27,perelle2
0,978,5404,28,baserab2
0,979,5404,29,lamot742
0,980,5404,30,maibour2
1,982,5404,31,marbour1
0,1130,2554,1,frevi02
0,1134,2554,2,triangl2
0,1136,2554,3,hilbint2
0,1138,2554,4,beaunoy2
0,1138,2554,5,maillan2
0,1140,2554,6,cxfleu2
0,1141,2554,7,ptesaud2
0,1142,2554,8,polynoy2
0,1143,2554,9,cennoch2
0,1145,2554,10,duannno2
0,1146,2554,11,molene2
0,1147,2554,12,pontno2
0,1148,2554,13,coteaux2
0,1149,2554,14,brayno2
0,1150,2554,15,leuzier2
0,1151,2554,16,master2
0,1152,2554,17,feval2
0,1153,2554,18,chmulon2
1,1154,2554,19,parcacti
0,1070,5413,1,parcacti
0,1071,5413,2,chmulon1
0,1072,5413,3,feval1
0,1073,5413,4,master1
0,1074,5413,5,leuzier1
0,1075,5413,6,brayno1
0,1075,5413,7,coteaux1
0,1076,5413,8,pontno1
0,1077,5413,9,molene1
0,1078,5413,10,duanno1
0,1080,5413,11,cennoch1
0,1081,5413,12,polynoy1
0,1082,5413,13,ptesaud1
0,1084,5413,14,cxfleu1
0,1085,5413,15,maillan1
0,1086,5413,16,beaunoy1
0,1088,5413,17,hilbint1
0,1090,5413,18,triangl1
1,1093,5413,19,frevi02
0,470,1050,1,parcacti
0,471,1050,2,chmulon1
0,472,1050,3,feval1
0,473,1050,4,master1
0,474,1050,5,leuzier1
0,475,1050,6,brayno1
0,476,1050,7,coteaux1
0,477,1050,8,pontno1
0,479,1050,9,molene1
0,480,1050,10,duanno1
0,482,1050,11,cennoch1
0,483,1050,12,polynoy1
0,484,1050,13,ptesaud1
0,486,1050,14,cxfleu1
0,488,1050,15,maillan1
0,489,1050,16,beaunoy1
0,491,1050,17,hilbint1
0,494,1050,18,triangl1
1,497,1050,19,frevi02
0,1160,5481,1,parcacti
0,1161,5481,2,chmulon1
0,1162,5481,3,feval1
0,1163,5481,4,master1
0,1164,5481,5,leuzier1
0,1165,5481,6,brayno1
0,1165,5481,7,coteaux1
0,1166,5481,8,pontno1
0,1167,5481,9,molene1
0,1168,5481,10,duanno1
0,1170,5481,11,cennoch1
0,1171,5481,12,polynoy1
0,1172,5481,13,ptesaud1
0,1174,5481,14,cxfleu1
0,1175,5481,15,maillan1
0,1176,5481,16,beaunoy1
0,1178,5481,17,hilbint1
0,1180,5481,18,triangl1
1,1183,5481,19,frevi02
0,530,6066,1,frevi02
0,534,6066,2,triangl2
0,536,6066,3,hilbint2
0,538,6066,4,beaunoy2
0,539,6066,5,maillan2
0,540,6066,6,cxfleu2
0,542,6066,7,ptesaud2
0,543,6066,8,polynoy2
0,544,6066,9,cennoch2
0,545,6066,10,duannno2
0,546,6066,11,molene2
0,547,6066,12,pontno2
0,548,6066,13,coteaux2
0,549,6066,14,brayno2
0,550,6066,15,leuzier2
0,551,6066,16,master2
0,552,6066,17,feval2
0,553,6066,18,chmulon2
1,554,6066,19,parcacti
0,455,5289,1,frevi02
0,459,5289,2,triangl2
0,462,5289,3,hilbint2
0,464,5289,4,beaunoy2
0,464,5289,5,maillan2
0,466,5289,6,cxfleu2
0,467,5289,7,ptesaud2
0,468,5289,8,polynoy2
0,469,5289,9,cennoch2
0,471,5289,10,duannno2
0,472,5289,11,molene2
0,474,5289,12,pontno2
0,475,5289,13,coteaux2
0,476,5289,14,brayno2
0,477,5289,15,leuzier2
0,478,5289,16,master2
0,479,5289,17,feval2
0,480,5289,18,chmulon2
1,481,5289,19,parcacti
0,590,6294,1,parcacti
0,591,6294,2,chmulon1
0,592,6294,3,feval1
0,593,6294,4,master1
0,594,6294,5,leuzier1
0,595,6294,6,brayno1
0,595,6294,7,coteaux1
0,596,6294,8,pontno1
0,597,6294,9,molene1
0,598,6294,10,duanno1
0,600,6294,11,cennoch1
0,601,6294,12,polynoy1
0,602,6294,13,ptesaud1
0,604,6294,14,cxfleu1
0,605,6294,15,maillan1
0,606,6294,16,beaunoy1
0,608,6294,17,hilbint1
0,610,6294,18,triangl1
1,613,6294,19,frevi02
0,1170,6266,1,frevi02
0,1174,6266,2,triangl2
0,1176,6266,3,hilbint2
0,1178,6266,4,beaunoy2
0,1178,6266,5,maillan2
0,1180,6266,6,cxfleu2
0,1181,6266,7,ptesaud2
0,1182,6266,8,polynoy2
0,1183,6266,9,cennoch2
0,1185,6266,10,duannno2
0,1186,6266,11,molene2
0,1187,6266,12,pontno2
0,1188,6266,13,coteaux2
0,1189,6266,14,brayno2
0,1190,6266,15,leuzier2
0,1191,6266,16,master2
0,1192,6266,17,feval2
0,1193,6266,18,chmulon2
1,1194,6266,19,parcacti
0,1040,4074,1,parcacti
0,1041,4074,2,chmulon1
0,1042,4074,3,feval1
0,1043,4074,4,master1
0,1044,4074,5,leuzier1
0,1045,4074,6,brayno1
0,1045,4074,7,coteaux1
0,1046,4074,8,pontno1
0,1047,4074,9,molene1
0,1048,4074,10,duanno1
0,1050,4074,11,cennoch1
0,1051,4074,12,polynoy1
0,1052,4074,13,ptesaud1
0,1054,4074,14,cxfleu1
0,1055,4074,15,maillan1
0,1056,4074,16,beaunoy1
0,1058,4074,17,hilbint1
0,1060,4074,18,triangl1
1,1063,4074,19,frevi02
0,1100,4059,1,parcacti
0,1101,4059,2,chmulon1
0,1102,4059,3,feval1
0,1103,4059,4,master1
0,1104,4059,5,leuzier1
0,1105,4059,6,brayno1
0,1106,4059,7,coteaux1
0,1107,4059,8,pontno1
0,1109,4059,9,molene1
0,1110,4059,10,duanno1
0,1112,4059,11,cennoch1
0,1113,4059,12,polynoy1
0,1114,4059,13,ptesaud1
0,1116,4059,14,cxfleu1
0,1117,4059,15,maillan1
0,1118,4059,16,beaunoy1
0,1120,4059,17,hilbint1
0,1122,4059,18,triangl1
1,1125,4059,19,frevi02
0,620,5174,1,frevi02
0,624,5174,2,triangl2
0,626,5174,3,hilbint2
0,628,5174,4,beaunoy2
0,629,5174,5,maillan2
0,630,5174,6,cxfleu2
0,632,5174,7,ptesaud2
0,633,5174,8,polynoy2
0,634,5174,9,cennoch2
0,635,5174,10,duannno2
0,636,5174,11,molene2
0,637,5174,12,pontno2
0,638,5174,13,coteaux2
0,639,5174,14,brayno2
0,640,5174,15,leuzier2
0,641,5174,16,master2
0,642,5174,17,feval2
0,643,5174,18,chmulon2
1,644,5174,19,parcacti
0,740,5186,1,parcacti
0,741,5186,2,chmulon1
0,742,5186,3,feval1
0,743,5186,4,master1
0,744,5186,5,leuzier1
0,745,5186,6,brayno1
0,745,5186,7,coteaux1
0,746,5186,8,pontno1
0,747,5186,9,molene1
0,748,5186,10,duanno1
0,750,5186,11,cennoch1
0,751,5186,12,polynoy1
0,752,5186,13,ptesaud1
0,754,5186,14,cxfleu1
0,755,5186,15,maillan1
0,756,5186,16,beaunoy1
0,758,5186,17,hilbint1
0,760,5186,18,triangl1
1,763,5186,19,frevi02
0,1475,6172,1,repjof3
0,1482,6172,2,frevi02
0,1486,6172,3,triangl2
0,1488,6172,4,hilbint2
0,1490,6172,5,beaunoy2
0,1490,6172,6,maillan2
0,1492,6172,7,cxfleu2
0,1493,6172,8,ptesaud2
0,1494,6172,9,polynoy2
0,1495,6172,10,cennoch2
0,1496,6172,11,duannno2
0,1497,6172,12,molene2
0,1498,6172,13,pontno2
0,1499,6172,14,coteaux2
0,1500,6172,15,brayno2
0,1501,6172,16,leuzier2
0,1502,6172,17,master2
0,1503,6172,18,feval2
0,1504,6172,19,chmulon2
0,1505,6172,20,parcacti
0,1507,6172,21,roussai2
0,1508,6172,22,plardie2
0,1510,6172,23,landorg2
0,1511,6172,24,grpesco2
0,1512,6172,25,orgcoto2
0,1513,6172,26,surcouo2
0,1515,6172,27,cimorg2
0,1520,6172,28,perelle2
0,1521,6172,29,baserab2
0,1522,6172,30,lamot742
0,1523,6172,31,maibour2
1,1525,6172,32,marbour1
0,1220,6176,1,parcacti
0,1221,6176,2,chmulon1
0,1222,6176,3,feval1
0,1223,6176,4,master1
0,1224,6176,5,leuzier1
0,1225,6176,6,brayno1
0,1225,6176,7,coteaux1
0,1226,6176,8,pontno1
0,1227,6176,9,molene1
0,1228,6176,10,duanno1
0,1230,6176,11,cennoch1
0,1231,6176,12,polynoy1
0,1232,6176,13,ptesaud1
0,1234,6176,14,cxfleu1
0,1235,6176,15,maillan1
0,1236,6176,16,beaunoy1
0,1238,6176,17,hilbint1
0,1240,6176,18,triangl1
1,1243,6176,19,frevi02
0,830,6125,1,parcacti
0,831,6125,2,chmulon1
0,832,6125,3,feval1
0,833,6125,4,master1
0,834,6125,5,leuzier1
0,835,6125,6,brayno1
0,835,6125,7,coteaux1
0,836,6125,8,pontno1
0,837,6125,9,molene1
0,838,6125,10,duanno1
0,840,6125,11,cennoch1
0,841,6125,12,polynoy1
0,842,6125,13,ptesaud1
0,844,6125,14,cxfleu1
0,845,6125,15,maillan1
0,846,6125,16,beaunoy1
0,848,6125,17,hilbint1
0,850,6125,18,triangl1
1,853,6125,19,frevi02
0,1250,6431,1,parcacti
0,1251,6431,2,chmulon1
0,1252,6431,3,feval1
0,1253,6431,4,master1
0,1254,6431,5,leuzier1
0,1255,6431,6,brayno1
0,1255,6431,7,coteaux1
0,1256,6431,8,pontno1
0,1257,6431,9,molene1
0,1258,6431,10,duanno1
0,1260,6431,11,cennoch1
0,1261,6431,12,polynoy1
0,1262,6431,13,ptesaud1
0,1264,6431,14,cxfleu1
0,1265,6431,15,maillan1
0,1266,6431,16,beaunoy1
0,1268,6431,17,hilbint1
0,1270,6431,18,triangl1
1,1273,6431,19,frevi02
0,1160,6430,1,parcacti
0,1161,6430,2,chmulon1
0,1162,6430,3,feval1
0,1163,6430,4,master1
0,1164,6430,5,leuzier1
0,1165,6430,6,brayno1
0,1165,6430,7,coteaux1
0,1166,6430,8,pontno1
0,1168,6430,9,molene1
0,1169,6430,10,duanno1
0,1171,6430,11,cennoch1
0,1172,6430,12,polynoy1
0,1173,6430,13,ptesaud1
0,1175,6430,14,cxfleu1
0,1176,6430,15,maillan1
0,1177,6430,16,beaunoy1
0,1179,6430,17,hilbint1
0,1181,6430,18,triangl1
1,1184,6430,19,frevi02
0,560,6361,1,frevi02
0,564,6361,2,triangl2
0,566,6361,3,hilbint2
0,568,6361,4,beaunoy2
0,568,6361,5,maillan2
0,570,6361,6,cxfleu2
0,571,6361,7,ptesaud2
0,572,6361,8,polynoy2
0,573,6361,9,cennoch2
0,575,6361,10,duannno2
0,576,6361,11,molene2
0,577,6361,12,pontno2
0,578,6361,13,coteaux2
0,579,6361,14,brayno2
0,580,6361,15,leuzier2
0,581,6361,16,master2
0,582,6361,17,feval2
0,583,6361,18,chmulon2
1,584,6361,19,parcacti
0,485,1930,1,frevi02
0,489,1930,2,triangl2
0,492,1930,3,hilbint2
0,494,1930,4,beaunoy2
0,494,1930,5,maillan2
0,496,1930,6,cxfleu2
0,497,1930,7,ptesaud2
0,498,1930,8,polynoy2
0,499,1930,9,cennoch2
0,501,1930,10,duannno2
0,502,1930,11,molene2
0,504,1930,12,pontno2
0,505,1930,13,coteaux2
0,506,1930,14,brayno2
0,507,1930,15,leuzier2
0,508,1930,16,master2
0,509,1930,17,feval2
0,510,1930,18,chmulon2
1,511,1930,19,parcacti
0,560,1943,1,parcacti
0,561,1943,2,chmulon1
0,562,1943,3,feval1
0,563,1943,4,master1
0,564,1943,5,leuzier1
0,565,1943,6,brayno1
0,565,1943,7,coteaux1
0,566,1943,8,pontno1
0,567,1943,9,molene1
0,568,1943,10,duanno1
0,570,1943,11,cennoch1
0,571,1943,12,polynoy1
0,572,1943,13,ptesaud1
0,574,1943,14,cxfleu1
0,575,1943,15,maillan1
0,576,1943,16,beaunoy1
0,578,1943,17,hilbint1
0,580,1943,18,triangl1
1,583,1943,19,frevi02
0,890,6536,1,frevi02
0,894,6536,2,triangl2
0,896,6536,3,hilbint2
0,898,6536,4,beaunoy2
0,899,6536,5,maillan2
0,900,6536,6,cxfleu2
0,902,6536,7,ptesaud2
0,903,6536,8,polynoy2
0,904,6536,9,cennoch2
0,905,6536,10,duannno2
0,906,6536,11,molene2
0,907,6536,12,pontno2
0,908,6536,13,coteaux2
0,909,6536,14,brayno2
0,910,6536,15,leuzier2
0,911,6536,16,master2
0,912,6536,17,feval2
0,913,6536,18,chmulon2
1,914,6536,19,parcacti
0,1020,6544,1,parcacti
0,1021,6544,2,chmulon1
0,1022,6544,3,feval1
0,1023,6544,4,master1
0,1024,6544,5,leuzier1
0,1025,6544,6,brayno1
0,1026,6544,7,coteaux1
0,1027,6544,8,pontno1
0,1029,6544,9,molene1
0,1030,6544,10,duanno1
0,1032,6544,11,cennoch1
0,1033,6544,12,polynoy1
0,1034,6544,13,ptesaud1
0,1036,6544,14,cxfleu1
0,1037,6544,15,maillan1
0,1038,6544,16,beaunoy1
0,1040,6544,17,hilbint1
0,1043,6544,18,triangl1
1,1046,6544,19,frevi02
