terminus,heure_depart,trajet_id,stop_sequence,arret_id
0,1033,11,1,chverc
0,1034,11,2,noecin1
0,1037,11,3,broscin1
0,1040,11,4,lyagric1
0,1041,11,5,chfrelo1
0,1042,11,6,brassen1
0,1043,11,7,bouleau1
0,1044,11,8,genets1
0,1046,11,9,barbera1
0,1047,11,10,pinrheu1
0,1049,11,11,ptavoin1
0,1052,11,12,janaire1
0,1054,11,13,troimar1
0,1055,11,14,monier1
0,1056,11,15,berthau1
0,1057,11,16,lehosu1
0,1057,11,17,lemaist1
0,1059,11,18,geniaux1
0,1061,11,19,lguillo1
0,1062,11,20,chqpost1
0,1065,11,21,ptbrets1
0,1067,11,22,repx2
0,1071,11,23,tnb2
1,1073,11,24,cdg
0,948,20,1,chverc
0,949,20,2,noecin1
0,952,20,3,broscin1
0,955,20,4,lyagric1
0,956,20,5,chfrelo1
0,957,20,6,brassen1
0,958,20,7,bouleau1
0,959,20,8,genets1
0,960,20,9,barbera1
0,961,20,10,pinrheu1
0,963,20,11,ptavoin1
0,966,20,12,janaire1
0,968,20,13,troimar1
0,969,20,14,monier1
0,970,20,15,berthau1
0,971,20,16,lehosu1
0,971,20,17,lemaist1
0,973,20,18,geniaux1
0,975,20,19,lguillo1
0,976,20,20,chqpost1
0,979,20,21,ptbrets1
0,981,20,22,repx2
0,985,20,23,tnb2
1,987,20,24,cdg
0,530,46,1,cdg
0,533,46,2,repwe
0,534,46,3,ptbrets2
0,537,46,4,chqpost2
0,538,46,5,lguillo2
0,541,46,6,geniaux2
0,543,46,7,lemaist2
0,544,46,8,lehosu2
0,545,46,9,berthau2
0,547,46,10,troimar2
0,548,46,11,janaire2
0,550,46,12,ptavoin2
0,551,46,13,pinrheu2
0,552,46,14,barbera2
0,553,46,15,genets2
0,554,46,16,bouleau2
0,555,46,17,brassen2
0,557,46,18,chfrelo2
1,558,46,19,lyagric2
0,928,94,1,chverc
0,929,94,2,noecin1
0,932,94,3,broscin1
0,935,94,4,lyagric1
0,936,94,5,chfrelo1
0,937,94,6,brassen1
0,938,94,7,bouleau1
0,939,94,8,genets1
0,940,94,9,barbera1
0,941,94,10,pinrheu1
0,943,94,11,ptavoin1
0,945,94,12,janaire1
0,947,94,13,troimar1
0,948,94,14,monier1
0,949,94,15,berthau1
0,950,94,16,lehosu1
0,950,94,17,lemaist1
0,952,94,18,geniaux1
0,954,94,19,lguillo1
0,955,94,20,chqpost1
0,958,94,21,ptbrets1
0,960,94,22,repx2
0,964,94,23,tnb2
1,966,94,24,cdg
0,1140,93,1,cdg
0,1143,93,2,repwe
0,1144,93,3,ptbrets2
0,1146,93,4,chqpost2
0,1147,93,5,lguillo2
0,1149,93,6,geniaux2
0,1150,93,7,lemaist2
0,1151,93,8,lehosu2
0,1151,93,9,berthau2
0,1153,93,10,troimar2
0,1154,93,11,janaire2
0,1156,93,12,ptavoin2
0,1157,93,13,pinrheu2
0,1159,93,14,barbera2
0,1160,93,15,genets2
0,1162,93,16,bouleau2
0,1164,93,17,brassen2
0,1165,93,18,chfrelo2
0,1165,93,19,lyagric2
0,1169,93,20,gretay2
0,1171,93,21,lilamor2
0,1172,93,22,mamord2
0,1173,93,23,eglmord2
0,1175,93,24,patimor2
0,1187,93,25,bouvrai2
1,1187,93,26,egverg2
0,1097,7023,1,chverc
0,1098,7023,2,noecin1
0,1101,7023,3,broscin1
1,1105,7023,4,brassen1
0,1475,7010,1,repwe
0,1476,7010,2,ptbrets2
0,1479,7010,3,chqpost2
0,1480,7010,4,lguillo2
0,1482,7010,5,geniaux2
0,1483,7010,6,lemaist2
0,1484,7010,7,lehosu2
0,1484,7010,8,berthau2
0,1486,7010,9,troimar2
0,1488,7010,10,janaire2
0,1490,7010,11,ptavoin2
0,1492,7010,12,pinrheu2
0,1493,7010,14,barbera2
0,1494,7010,15,genets2
0,1495,7010,16,bouleau2
0,1496,7010,17,brassen2
0,1497,7010,18,chfrelo2
0,1497,7010,19,lyagric2
0,1502,7010,20,gretay2
0,1504,7010,21,lilamor2
0,1505,7010,22,mamord2
0,1506,7010,23,eglmord2
0,1508,7010,24,patimor1
0,1522,7010,25,grippay2
0,1524,7010,26,avenir2
0,1524,7010,27,musscha2
0,1526,7010,28,calvcha2
1,1528,7010,29,cxblanc1
0,1045,3288,1,brassen2
0,1049,3288,2,broscin2
0,1052,3288,3,noecin2
1,1053,3288,4,chverc
0,1080,3248,1,cdg
0,1083,3248,2,repwe
0,1084,3248,3,ptbrets2
0,1086,3248,4,chqpost2
0,1087,3248,5,lguillo2
0,1089,3248,6,geniaux2
0,1090,3248,7,lemaist2
0,1091,3248,8,lehosu2
0,1091,3248,9,berthau2
0,1093,3248,10,troimar2
0,1094,3248,11,janaire2
0,1096,3248,12,ptavoin2
0,1097,3248,13,pinrheu2
0,1099,3248,14,barbera2
0,1100,3248,15,genets2
0,1102,3248,16,bouleau2
0,1104,3248,17,brassen2
0,1105,3248,18,chfrelo2
0,1105,3248,19,lyagric2
0,1109,3248,20,gretay2
0,1111,3248,21,lilamor2
0,1112,3248,22,mamord2
0,1113,3248,23,eglmord2
0,1115,3248,24,patimor2
0,1129,3248,25,grippay2
0,1130,3248,26,avenir2
0,1130,3248,27,musscha2
0,1132,3248,28,calvcha2
1,1133,3248,29,cxblanc1
0,1133,3272,1,chverc
0,1134,3272,2,noecin1
0,1137,3272,3,broscin1
0,1140,3272,4,lyagric1
0,1141,3272,5,chfrelo1
0,1142,3272,6,brassen1
0,1143,3272,7,bouleau1
0,1144,3272,8,genets1
0,1145,3272,9,barbera1
0,1146,3272,10,pinrheu1
0,1148,3272,11,ptavoin1
0,1150,3272,12,janaire1
0,1151,3272,13,troimar1
0,1152,3272,14,monier1
0,1153,3272,15,berthau1
0,1153,3272,16,lehosu1
0,1154,3272,17,lemaist1
0,1156,3272,18,geniaux1
0,1157,3272,19,lguillo1
0,1158,3272,20,chqpost1
0,1161,3272,21,ptbrets1
0,1163,3272,22,repx2
0,1167,3272,23,tnb2
1,1169,3272,24,cdg
0,695,2158,1,lyagric1
0,696,2158,2,chfrelo1
0,697,2158,3,brassen1
0,698,2158,4,bouleau1
0,699,2158,5,genets1
0,700,2158,6,barbera1
0,701,2158,7,pinrheu1
0,703,2158,8,ptavoin1
0,705,2158,9,janaire1
0,707,2158,10,troimar1
0,708,2158,11,monier1
0,709,2158,12,berthau1
0,710,2158,13,lehosu1
0,710,2158,14,lemaist1
0,712,2158,15,geniaux1
0,714,2158,16,lguillo1
0,715,2158,17,chqpost1
0,718,2158,18,ptbrets1
0,720,2158,19,repx2
0,724,2158,20,tnb2
1,726,2158,21,cdg
0,890,3209,1,cdg
0,893,3209,2,repwe
0,894,3209,3,ptbrets2
0,897,3209,4,chqpost2
0,898,3209,5,lguillo2
0,900,3209,6,geniaux2
0,903,3209,7,lemaist2
0,903,3209,8,lehosu2
0,904,3209,9,berthau2
0,906,3209,10,troimar2
0,907,3209,11,janaire2
0,909,3209,12,ptavoin2
0,910,3209,13,pinrheu2
0,911,3209,14,barbera2
0,911,3209,15,genets2
0,912,3209,16,bouleau2
0,913,3209,17,brassen2
0,915,3209,18,chfrelo2
1,916,3209,19,lyagric2
0,560,3218,1,cdg
0,563,3218,2,repwe
0,564,3218,3,ptbrets2
0,567,3218,4,chqpost2
0,568,3218,5,lguillo2
0,570,3218,6,geniaux2
0,573,3218,7,lemaist2
0,573,3218,8,lehosu2
0,574,3218,9,berthau2
0,576,3218,10,troimar2
0,577,3218,11,janaire2
0,579,3218,12,ptavoin2
0,580,3218,13,pinrheu2
0,581,3218,14,barbera2
0,582,3218,15,genets2
0,583,3218,16,bouleau2
0,584,3218,17,brassen2
0,586,3218,18,chfrelo2
0,587,3218,19,lyagric2
0,589,3218,20,broscin2
0,593,3218,21,noecin2
1,594,3218,22,chverc
0,407,2188,1,cdg
0,410,2188,2,repwe
0,411,2188,3,ptbrets2
0,414,2188,4,chqpost2
0,415,2188,5,lguillo2
0,417,2188,6,geniaux2
0,420,2188,7,lemaist2
0,420,2188,8,lehosu2
0,421,2188,9,berthau2
0,423,2188,10,troimar2
0,424,2188,11,janaire2
0,426,2188,12,ptavoin2
0,427,2188,13,pinrheu2
0,428,2188,14,barbera2
0,429,2188,15,genets2
0,430,2188,16,bouleau2
0,431,2188,17,brassen2
0,433,2188,18,chfrelo2
0,434,2188,19,lyagric2
0,436,2188,20,broscin2
0,440,2188,21,noecin2
1,441,2188,22,chverc
0,1208,2184,1,chverc
0,1209,2184,2,noecin1
0,1212,2184,3,broscin1
0,1215,2184,4,lyagric1
0,1216,2184,5,chfrelo1
0,1217,2184,6,brassen1
0,1218,2184,7,bouleau1
0,1219,2184,8,genets1
0,1220,2184,9,barbera1
0,1221,2184,10,pinrheu1
0,1223,2184,11,ptavoin1
0,1225,2184,12,janaire1
0,1226,2184,13,troimar1
0,1227,2184,14,monier1
0,1228,2184,15,berthau1
0,1228,2184,16,lehosu1
0,1229,2184,17,lemaist1
0,1231,2184,18,geniaux1
0,1232,2184,19,lguillo1
0,1233,2184,20,chqpost1
0,1236,2184,21,ptbrets1
0,1237,2184,22,repx2
0,1241,2184,23,tnb2
1,1243,2184,24,cdg
0,1090,3312,1,cdg
0,1093,3312,2,repwe
0,1094,3312,3,ptbrets2
0,1097,3312,4,chqpost2
0,1098,3312,5,lguillo2
0,1101,3312,6,geniaux2
0,1103,3312,7,lemaist2
0,1104,3312,8,lehosu2
0,1105,3312,9,berthau2
0,1108,3312,10,troimar2
0,1110,3312,11,janaire2
0,1112,3312,12,ptavoin2
0,1114,3312,13,pinrheu2
0,1115,3312,14,barbera2
0,1116,3312,15,genets2
0,1117,3312,16,bouleau2
0,1118,3312,17,brassen2
0,1120,3312,18,chfrelo2
0,1121,3312,19,lyagric2
0,1123,3312,20,broscin2
0,1127,3312,21,noecin2
1,1128,3312,22,chverc
0,568,3321,1,chverc
0,569,3321,2,noecin1
0,572,3321,3,broscin1
0,575,3321,4,lyagric1
0,576,3321,5,chfrelo1
0,577,3321,6,brassen1
0,578,3321,7,bouleau1
0,579,3321,8,genets1
0,581,3321,9,barbera1
0,582,3321,10,pinrheu1
0,584,3321,11,ptavoin1
0,586,3321,12,janaire1
0,588,3321,13,troimar1
0,589,3321,14,monier1
0,590,3321,15,berthau1
0,590,3321,16,lehosu1
0,591,3321,17,lemaist1
0,593,3321,18,geniaux1
0,594,3321,19,lguillo1
0,595,3321,20,chqpost1
0,598,3321,21,ptbrets1
0,599,3321,22,repx2
0,603,3321,23,tnb2
1,605,3321,24,cdg
0,488,3309,1,chverc
0,489,3309,2,noecin1
0,492,3309,3,broscin1
0,495,3309,4,lyagric1
0,497,3309,5,chfrelo1
0,498,3309,6,brassen1
0,499,3309,7,bouleau1
0,501,3309,8,genets1
0,503,3309,9,barbera1
0,504,3309,10,pinrheu1
0,506,3309,11,ptavoin1
0,510,3309,12,janaire1
0,512,3309,13,troimar1
0,513,3309,14,monier1
0,514,3309,15,berthau1
0,515,3309,16,lehosu1
0,515,3309,17,lemaist1
0,517,3309,18,geniaux1
0,519,3309,19,lguillo1
0,521,3309,20,chqpost1
0,525,3309,21,ptbrets1
0,527,3309,22,repx2
0,531,3309,23,tnb2
1,533,3309,24,cdg
0,840,3420,1,cdg
0,843,3420,2,repwe
0,844,3420,3,ptbrets2
0,846,3420,4,chqpost2
0,847,3420,5,lguillo2
0,849,3420,6,geniaux2
0,850,3420,7,lemaist2
0,851,3420,8,lehosu2
0,851,3420,9,berthau2
0,853,3420,10,troimar2
0,854,3420,11,janaire2
0,856,3420,12,ptavoin2
0,857,3420,13,pinrheu2
0,859,3420,14,barbera2
0,860,3420,15,genets2
0,862,3420,16,bouleau2
0,864,3420,17,brassen2
0,865,3420,18,chfrelo2
0,865,3420,19,lyagric2
0,869,3420,20,gretay2
0,871,3420,21,lilamor2
0,872,3420,22,mamord2
0,873,3420,23,eglmord2
0,875,3420,24,patimor2
0,889,3420,25,grippay2
0,890,3420,26,avenir2
0,890,3420,27,musscha2
0,892,3420,28,calvcha2
1,893,3420,29,cxblanc1
0,725,3445,1,egverg1
0,725,3445,2,bouvrai1
0,737,3445,3,patimor1
0,739,3445,4,eglmord1
0,740,3445,5,mamord1
0,742,3445,6,lilamor1
0,743,3445,7,gretay1
0,747,3445,8,lyagric1
0,748,3445,9,chfrelo1
0,748,3445,10,brassen1
0,749,3445,11,bouleau1
0,750,3445,12,genets1
0,751,3445,13,barbera1
0,751,3445,14,pinrheu1
0,753,3445,15,ptavoin1
0,757,3445,16,janaire1
0,759,3445,17,troimar1
0,760,3445,18,monier1
0,761,3445,19,berthau1
0,761,3445,20,lehosu1
0,762,3445,21,lemaist1
0,764,3445,22,geniaux1
0,765,3445,23,lguillo1
0,766,3445,24,chqpost1
0,769,3445,25,ptbrets1
0,770,3445,26,repx2
0,773,3445,27,tnb2
1,775,3445,28,cdg
0,1070,2000,1,cdg
0,1073,2000,2,repwe
0,1074,2000,3,ptbrets2
0,1077,2000,4,chqpost2
0,1078,2000,5,lguillo2
0,1081,2000,6,geniaux2
0,1083,2000,7,lemaist2
0,1084,2000,8,lehosu2
0,1085,2000,9,berthau2
0,1088,2000,10,troimar2
0,1090,2000,11,janaire2
0,1092,2000,12,ptavoin2
0,1094,2000,13,pinrheu2
0,1095,2000,14,barbera2
0,1096,2000,15,genets2
0,1098,2000,16,bouleau2
0,1099,2000,17,brassen2
0,1101,2000,18,chfrelo2
0,1102,2000,19,lyagric2
0,1104,2000,20,broscin2
0,1108,2000,21,noecin2
1,1109,2000,22,chverc
0,1148,2092,1,chverc
0,1149,2092,2,noecin1
0,1152,2092,3,broscin1
0,1155,2092,4,lyagric1
0,1156,2092,5,chfrelo1
0,1157,2092,6,brassen1
0,1158,2092,7,bouleau1
0,1159,2092,8,genets1
0,1160,2092,9,barbera1
0,1161,2092,10,pinrheu1
0,1163,2092,11,ptavoin1
0,1165,2092,12,janaire1
0,1166,2092,13,troimar1
0,1167,2092,14,monier1
0,1168,2092,15,berthau1
0,1168,2092,16,lehosu1
0,1169,2092,17,lemaist1
0,1171,2092,18,geniaux1
0,1172,2092,19,lguillo1
0,1173,2092,20,chqpost1
0,1175,2092,21,ptbrets1
0,1176,2092,22,repx2
0,1180,2092,23,tnb2
1,1182,2092,24,cdg
0,770,2052,1,cdg
0,773,2052,2,repwe
0,774,2052,3,ptbrets2
0,777,2052,4,chqpost2
0,778,2052,5,lguillo2
0,780,2052,6,geniaux2
0,782,2052,7,lemaist2
0,782,2052,8,lehosu2
0,783,2052,9,berthau2
0,785,2052,10,troimar2
0,786,2052,11,janaire2
0,788,2052,12,ptavoin2
0,789,2052,13,pinrheu2
0,790,2052,14,barbera2
0,791,2052,15,genets2
0,792,2052,16,bouleau2
0,793,2052,17,brassen2
0,795,2052,18,chfrelo2
0,796,2052,19,lyagric2
0,798,2052,20,broscin2
0,802,2052,21,noecin2
1,803,2052,22,chverc
0,888,3579,1,chverc
0,889,3579,2,noecin1
0,892,3579,3,broscin1
0,895,3579,4,lyagric1
0,896,3579,5,chfrelo1
0,897,3579,6,brassen1
0,898,3579,7,bouleau1
0,899,3579,8,genets1
0,900,3579,9,barbera1
0,901,3579,10,pinrheu1
0,903,3579,11,ptavoin1
0,905,3579,12,janaire1
0,907,3579,13,troimar1
0,908,3579,14,monier1
0,909,3579,15,berthau1
0,910,3579,16,lehosu1
0,910,3579,17,lemaist1
0,912,3579,18,geniaux1
0,914,3579,19,lguillo1
0,915,3579,20,chqpost1
0,918,3579,21,ptbrets1
0,920,3579,22,repx2
0,924,3579,23,tnb2
1,926,3579,24,cdg
0,538,3554,1,chverc
0,539,3554,2,noecin1
0,542,3554,3,broscin1
0,545,3554,4,lyagric1
0,546,3554,5,chfrelo1
0,547,3554,6,brassen1
0,548,3554,7,bouleau1
0,549,3554,8,genets1
0,551,3554,9,barbera1
0,552,3554,10,pinrheu1
0,554,3554,11,ptavoin1
0,556,3554,12,janaire1
0,558,3554,13,troimar1
0,559,3554,14,monier1
0,560,3554,15,berthau1
0,560,3554,16,lehosu1
0,561,3554,17,lemaist1
0,563,3554,18,geniaux1
0,564,3554,19,lguillo1
0,565,3554,20,chqpost1
0,568,3554,21,ptbrets1
0,569,3554,22,repx2
0,573,3554,23,tnb2
1,575,3554,24,cdg
0,660,3679,1,cdg
0,663,3679,2,repwe
0,664,3679,3,ptbrets2
0,666,3679,4,chqpost2
0,667,3679,5,lguillo2
0,669,3679,6,geniaux2
0,670,3679,7,lemaist2
0,671,3679,8,lehosu2
0,671,3679,9,berthau2
0,673,3679,10,troimar2
0,674,3679,11,janaire2
0,676,3679,12,ptavoin2
0,677,3679,13,pinrheu2
0,679,3679,14,barbera2
0,680,3679,15,genets2
0,682,3679,16,bouleau2
0,684,3679,17,brassen2
0,685,3679,18,chfrelo2
0,685,3679,19,lyagric2
0,689,3679,20,gretay2
0,691,3679,21,lilamor2
0,692,3679,22,mamord2
0,693,3679,23,eglmord2
0,695,3679,24,patimor2
0,707,3679,25,bouvrai2
1,707,3679,26,egverg2
0,1128,3740,1,chverc
0,1129,3740,2,noecin1
0,1132,3740,3,broscin1
0,1135,3740,4,lyagric1
0,1136,3740,5,chfrelo1
0,1137,3740,6,brassen1
0,1138,3740,7,bouleau1
0,1139,3740,8,genets1
0,1141,3740,9,barbera1
0,1142,3740,10,pinrheu1
0,1144,3740,11,ptavoin1
0,1146,3740,12,janaire1
0,1147,3740,13,troimar1
0,1148,3740,14,monier1
0,1149,3740,15,berthau1
0,1149,3740,16,lehosu1
0,1150,3740,17,lemaist1
0,1152,3740,18,geniaux1
0,1153,3740,19,lguillo1
0,1154,3740,20,chqpost1
0,1156,3740,21,ptbrets1
0,1157,3740,22,repx2
0,1161,3740,23,tnb2
1,1163,3740,24,cdg
0,720,3748,1,cdg
0,723,3748,2,repwe
0,724,3748,3,ptbrets2
0,726,3748,4,chqpost2
0,727,3748,5,lguillo2
0,729,3748,6,geniaux2
0,730,3748,7,lemaist2
0,731,3748,8,lehosu2
0,731,3748,9,berthau2
0,733,3748,10,troimar2
0,734,3748,11,janaire2
0,736,3748,12,ptavoin2
0,737,3748,13,pinrheu2
0,739,3748,14,barbera2
0,740,3748,15,genets2
0,742,3748,16,bouleau2
0,744,3748,17,brassen2
0,745,3748,18,chfrelo2
0,745,3748,19,lyagric2
0,749,3748,20,gretay2
0,751,3748,21,lilamor2
0,752,3748,22,mamord2
0,753,3748,23,eglmord2
0,755,3748,24,patimor2
0,769,3748,25,grippay2
0,770,3748,26,avenir2
0,770,3748,27,musscha2
0,772,3748,28,calvcha2
1,773,3748,29,cxblanc1
0,797,3750,1,chverc
0,798,3750,2,noecin1
0,801,3750,3,broscin1
1,805,3750,4,brassen1
0,468,3734,1,chverc
0,469,3734,2,noecin1
0,472,3734,3,broscin1
0,475,3734,4,lyagric1
0,477,3734,5,chfrelo1
0,478,3734,6,brassen1
0,479,3734,7,bouleau1
0,481,3734,8,genets1
0,483,3734,9,barbera1
0,484,3734,10,pinrheu1
0,486,3734,11,ptavoin1
0,490,3734,12,janaire1
0,492,3734,13,troimar1
0,493,3734,14,monier1
0,494,3734,15,berthau1
0,495,3734,16,lehosu1
0,495,3734,17,lemaist1
0,497,3734,18,geniaux1
0,499,3734,19,lguillo1
0,501,3734,20,chqpost1
0,505,3734,21,ptbrets1
0,507,3734,22,repx2
0,511,3734,23,tnb2
1,513,3734,24,cdg
0,740,182,1,cdg
0,743,182,2,repwe
0,744,182,3,ptbrets2
0,747,182,4,chqpost2
0,748,182,5,lguillo2
0,750,182,6,geniaux2
0,752,182,7,lemaist2
0,752,182,8,lehosu2
0,753,182,9,berthau2
0,755,182,10,troimar2
0,756,182,11,janaire2
0,759,182,12,ptavoin2
0,760,182,13,pinrheu2
0,761,182,14,barbera2
0,762,182,15,genets2
0,763,182,16,bouleau2
0,764,182,17,brassen2
0,766,182,18,chfrelo2
0,767,182,19,lyagric2
0,769,182,20,broscin2
0,773,182,21,noecin2
1,774,182,22,chverc
0,990,118,1,cdg
0,993,118,2,repwe
0,994,118,3,ptbrets2
0,997,118,4,chqpost2
0,998,118,5,lguillo2
0,1001,118,6,geniaux2
0,1003,118,7,lemaist2
0,1004,118,8,lehosu2
0,1005,118,9,berthau2
0,1007,118,10,troimar2
0,1008,118,11,janaire2
0,1011,118,12,ptavoin2
0,1012,118,13,pinrheu2
0,1013,118,14,barbera2
0,1014,118,15,genets2
0,1016,118,16,bouleau2
0,1017,118,17,brassen2
0,1019,118,18,chfrelo2
0,1020,118,19,lyagric2
0,1022,118,20,broscin2
0,1026,118,21,noecin2
1,1027,118,22,chverc
0,1028,3796,1,chverc
0,1029,3796,2,noecin1
0,1032,3796,3,broscin1
0,1035,3796,4,lyagric1
0,1036,3796,5,chfrelo1
0,1037,3796,6,brassen1
0,1038,3796,7,bouleau1
0,1039,3796,8,genets1
0,1041,3796,9,barbera1
0,1042,3796,10,pinrheu1
0,1044,3796,11,ptavoin1
0,1046,3796,12,janaire1
0,1048,3796,13,troimar1
0,1049,3796,14,monier1
0,1050,3796,15,berthau1
0,1051,3796,16,lehosu1
0,1051,3796,17,lemaist1
0,1053,3796,18,geniaux1
0,1055,3796,19,lguillo1
0,1056,3796,20,chqpost1
0,1059,3796,21,ptbrets1
0,1060,3796,22,repx2
0,1064,3796,23,tnb2
1,1066,3796,24,cdg
0,850,3788,1,cdg
0,853,3788,2,repwe
0,854,3788,3,ptbrets2
0,857,3788,4,chqpost2
0,858,3788,5,lguillo2
0,860,3788,6,geniaux2
0,863,3788,7,lemaist2
0,863,3788,8,lehosu2
0,864,3788,9,berthau2
0,866,3788,10,troimar2
0,867,3788,11,janaire2
0,869,3788,12,ptavoin2
0,870,3788,13,pinrheu2
0,871,3788,14,barbera2
0,872,3788,15,genets2
0,873,3788,16,bouleau2
0,874,3788,17,brassen2
0,876,3788,18,chfrelo2
0,877,3788,19,lyagric2
0,879,3788,20,broscin2
0,883,3788,21,noecin2
1,884,3788,22,chverc
0,405,3856,1,chverc
0,406,3856,2,noecin1
0,409,3856,3,broscin1
0,412,3856,4,lyagric1
0,414,3856,5,chfrelo1
0,415,3856,6,brassen1
0,416,3856,7,bouleau1
0,417,3856,8,genets1
0,419,3856,9,barbera1
0,420,3856,10,pinrheu1
0,422,3856,11,ptavoin1
0,426,3856,12,janaire1
0,428,3856,13,troimar1
0,429,3856,14,monier1
0,430,3856,15,berthau1
0,431,3856,16,lehosu1
0,431,3856,17,lemaist1
0,433,3856,18,geniaux1
0,435,3856,19,lguillo1
0,436,3856,20,chqpost1
0,439,3856,21,ptbrets1
0,441,3856,22,repx2
0,445,3856,23,tnb2
1,447,3856,24,cdg
0,830,3819,1,cdg
0,833,3819,2,repwe
0,834,3819,3,ptbrets2
0,837,3819,4,chqpost2
0,838,3819,5,lguillo2
0,840,3819,6,geniaux2
0,843,3819,7,lemaist2
0,843,3819,8,lehosu2
0,844,3819,9,berthau2
0,846,3819,10,troimar2
0,847,3819,11,janaire2
0,849,3819,12,ptavoin2
0,850,3819,13,pinrheu2
0,851,3819,14,barbera2
0,852,3819,15,genets2
0,853,3819,16,bouleau2
0,854,3819,17,brassen2
0,856,3819,18,chfrelo2
1,857,3819,19,lyagric2
0,467,4970,1,cdg
0,470,4970,2,repwe
0,471,4970,3,ptbrets2
0,474,4970,4,chqpost2
0,475,4970,5,lguillo2
0,478,4970,6,geniaux2
0,480,4970,7,lemaist2
0,481,4970,8,lehosu2
0,482,4970,9,berthau2
0,484,4970,10,troimar2
0,485,4970,11,janaire2
0,487,4970,12,ptavoin2
0,488,4970,13,pinrheu2
0,489,4970,14,barbera2
0,490,4970,15,genets2
0,492,4970,16,bouleau2
0,493,4970,17,brassen2
0,495,4970,18,chfrelo2
0,496,4970,19,lyagric2
0,498,4970,20,broscin2
0,502,4970,21,noecin2
1,503,4970,22,chverc
0,590,4969,1,cdg
0,593,4969,2,repwe
0,594,4969,3,ptbrets2
0,597,4969,4,chqpost2
0,598,4969,5,lguillo2
0,600,4969,6,geniaux2
0,603,4969,7,lemaist2
0,603,4969,8,lehosu2
0,604,4969,9,berthau2
0,606,4969,10,troimar2
0,607,4969,11,janaire2
0,609,4969,12,ptavoin2
0,610,4969,13,pinrheu2
0,611,4969,14,barbera2
0,612,4969,15,genets2
0,613,4969,16,bouleau2
0,614,4969,17,brassen2
0,616,4969,18,chfrelo2
1,617,4969,19,lyagric2
0,968,4973,1,chverc
0,969,4973,2,noecin1
0,972,4973,3,broscin1
0,975,4973,4,lyagric1
0,976,4973,5,chfrelo1
0,977,4973,6,brassen1
0,978,4973,7,bouleau1
0,979,4973,8,genets1
0,981,4973,9,barbera1
0,982,4973,10,pinrheu1
0,984,4973,11,ptavoin1
0,986,4973,12,janaire1
0,988,4973,13,troimar1
0,989,4973,14,monier1
0,990,4973,15,berthau1
0,991,4973,16,lehosu1
0,991,4973,17,lemaist1
0,993,4973,18,geniaux1
0,995,4973,19,lguillo1
0,996,4973,20,chqpost1
0,999,4973,21,ptbrets1
0,1000,4973,22,repx2
0,1004,4973,23,tnb2
1,1006,4973,24,cdg
0,695,4988,1,lyagric1
0,696,4988,2,chfrelo1
0,697,4988,3,brassen1
0,698,4988,4,bouleau1
0,699,4988,5,genets1
0,701,4988,6,barbera1
0,702,4988,7,pinrheu1
0,704,4988,8,ptavoin1
0,706,4988,9,janaire1
0,708,4988,10,troimar1
0,709,4988,11,monier1
0,710,4988,12,berthau1
0,710,4988,13,lehosu1
0,711,4988,14,lemaist1
0,713,4988,15,geniaux1
0,714,4988,16,lguillo1
0,715,4988,17,chqpost1
0,718,4988,18,ptbrets1
0,719,4988,19,repx2
0,723,4988,20,tnb2
1,725,4988,21,cdg
0,560,3005,1,cdg
0,563,3005,2,repwe
0,564,3005,3,ptbrets2
0,567,3005,4,chqpost2
0,568,3005,5,lguillo2
0,570,3005,6,geniaux2
0,572,3005,7,lemaist2
0,572,3005,8,lehosu2
0,573,3005,9,berthau2
0,575,3005,10,troimar2
0,576,3005,11,janaire2
0,578,3005,12,ptavoin2
0,579,3005,13,pinrheu2
0,580,3005,14,barbera2
0,580,3005,15,genets2
0,581,3005,16,bouleau2
0,582,3005,17,brassen2
0,584,3005,18,chfrelo2
0,585,3005,19,lyagric2
0,587,3005,20,broscin2
0,591,3005,21,noecin2
1,592,3005,22,chverc
0,590,3029,1,cdg
0,593,3029,2,repwe
0,594,3029,3,ptbrets2
0,597,3029,4,chqpost2
0,598,3029,5,lguillo2
0,600,3029,6,geniaux2
0,602,3029,7,lemaist2
0,602,3029,8,lehosu2
0,603,3029,9,berthau2
0,605,3029,10,troimar2
0,606,3029,11,janaire2
0,608,3029,12,ptavoin2
0,609,3029,13,pinrheu2
0,610,3029,14,barbera2
0,610,3029,15,genets2
0,611,3029,16,bouleau2
0,612,3029,17,brassen2
0,614,3029,18,chfrelo2
0,615,3029,19,lyagric2
0,617,3029,20,broscin2
0,621,3029,21,noecin2
1,622,3029,22,chverc
0,605,3897,1,egverg1
0,605,3897,2,bouvrai1
0,617,3897,3,patimor1
0,619,3897,4,eglmord1
0,620,3897,5,mamord1
0,622,3897,6,lilamor1
0,623,3897,7,gretay1
0,627,3897,8,lyagric1
0,628,3897,9,chfrelo1
0,628,3897,10,brassen1
0,629,3897,11,bouleau1
0,630,3897,12,genets1
0,631,3897,13,barbera1
0,631,3897,14,pinrheu1
0,633,3897,15,ptavoin1
0,637,3897,16,janaire1
0,639,3897,17,troimar1
0,640,3897,18,monier1
0,641,3897,19,berthau1
0,641,3897,20,lehosu1
0,642,3897,21,lemaist1
0,644,3897,22,geniaux1
0,645,3897,23,lguillo1
0,646,3897,24,chqpost1
0,649,3897,25,ptbrets1
0,650,3897,26,repx2
0,653,3897,27,tnb2
1,655,3897,28,cdg
0,1190,3048,1,cdg
0,1193,3048,2,repwe
0,1194,3048,3,ptbrets2
0,1197,3048,4,chqpost2
0,1198,3048,5,lguillo2
0,1200,3048,6,geniaux2
0,1203,3048,7,lemaist2
0,1203,3048,8,lehosu2
0,1204,3048,9,berthau2
0,1206,3048,10,troimar2
0,1207,3048,11,janaire2
0,1209,3048,12,ptavoin2
0,1210,3048,13,pinrheu2
0,1211,3048,14,barbera2
0,1212,3048,15,genets2
0,1213,3048,16,bouleau2
0,1214,3048,17,brassen2
0,1216,3048,18,chfrelo2
1,1217,3048,19,lyagric2
0,710,3072,1,cdg
0,713,3072,2,repwe
0,714,3072,3,ptbrets2
0,717,3072,4,chqpost2
0,718,3072,5,lguillo2
0,720,3072,6,geniaux2
0,722,3072,7,lemaist2
0,722,3072,8,lehosu2
0,723,3072,9,berthau2
0,725,3072,10,troimar2
0,726,3072,11,janaire2
0,729,3072,12,ptavoin2
0,730,3072,13,pinrheu2
0,731,3072,14,barbera2
0,732,3072,15,genets2
0,733,3072,16,bouleau2
0,734,3072,17,brassen2
0,736,3072,18,chfrelo2
1,737,3072,19,lyagric2
0,808,3067,1,chverc
0,809,3067,2,noecin1
0,812,3067,3,broscin1
0,815,3067,4,lyagric1
0,816,3067,5,chfrelo1
0,817,3067,6,brassen1
0,818,3067,7,bouleau1
0,819,3067,8,genets1
0,821,3067,9,barbera1
0,822,3067,10,pinrheu1
0,824,3067,11,ptavoin1
0,826,3067,12,janaire1
0,828,3067,13,troimar1
0,829,3067,14,monier1
0,830,3067,15,berthau1
0,831,3067,16,lehosu1
0,831,3067,17,lemaist1
0,833,3067,18,geniaux1
0,835,3067,19,lguillo1
0,836,3067,20,chqpost1
0,839,3067,21,ptbrets1
0,840,3067,22,repx2
0,844,3067,23,tnb2
1,846,3067,24,cdg
0,1235,3957,1,lyagric1
0,1236,3957,2,chfrelo1
0,1237,3957,3,brassen1
0,1238,3957,4,bouleau1
0,1239,3957,5,genets1
0,1240,3957,6,barbera1
0,1241,3957,7,pinrheu1
0,1242,3957,8,ptavoin1
0,1244,3957,9,janaire1
0,1245,3957,10,troimar1
0,1246,3957,11,monier1
0,1247,3957,12,berthau1
0,1247,3957,13,lehosu1
0,1248,3957,14,lemaist1
0,1250,3957,15,geniaux1
0,1251,3957,16,lguillo1
0,1252,3957,17,chqpost1
0,1254,3957,18,ptbrets1
0,1255,3957,19,repx2
0,1259,3957,20,tnb2
1,1261,3957,21,cdg
0,730,3988,1,cdg
0,733,3988,2,repwe
0,734,3988,3,ptbrets2
0,737,3988,4,chqpost2
0,738,3988,5,lguillo2
0,740,3988,6,geniaux2
0,743,3988,7,lemaist2
0,743,3988,8,lehosu2
0,744,3988,9,berthau2
0,746,3988,10,troimar2
0,747,3988,11,janaire2
0,749,3988,12,ptavoin2
0,750,3988,13,pinrheu2
0,751,3988,14,barbera2
0,752,3988,15,genets2
0,753,3988,16,bouleau2
0,754,3988,17,brassen2
0,756,3988,18,chfrelo2
0,757,3988,19,lyagric2
0,759,3988,20,broscin2
0,763,3988,21,noecin2
1,764,3988,22,chverc
0,995,3111,1,lyagric1
0,996,3111,2,chfrelo1
0,997,3111,3,brassen1
0,998,3111,4,bouleau1
0,999,3111,5,genets1
0,1001,3111,6,barbera1
0,1002,3111,7,pinrheu1
0,1004,3111,8,ptavoin1
0,1006,3111,9,janaire1
0,1008,3111,10,troimar1
0,1009,3111,11,monier1
0,1010,3111,12,berthau1
0,1011,3111,13,lehosu1
0,1011,3111,14,lemaist1
0,1013,3111,15,geniaux1
0,1015,3111,16,lguillo1
0,1016,3111,17,chqpost1
0,1019,3111,18,ptbrets1
0,1020,3111,19,repx2
0,1024,3111,20,tnb2
1,1026,3111,21,cdg
0,1175,3185,1,lyagric1
0,1176,3185,2,chfrelo1
0,1177,3185,3,brassen1
0,1178,3185,4,bouleau1
0,1179,3185,5,genets1
0,1180,3185,6,barbera1
0,1181,3185,7,pinrheu1
0,1183,3185,8,ptavoin1
0,1185,3185,9,janaire1
0,1186,3185,10,troimar1
0,1187,3185,11,monier1
0,1188,3185,12,berthau1
0,1188,3185,13,lehosu1
0,1189,3185,14,lemaist1
0,1191,3185,15,geniaux1
0,1192,3185,16,lguillo1
0,1193,3185,17,chqpost1
0,1195,3185,18,ptbrets1
0,1196,3185,19,repx2
0,1200,3185,20,tnb2
1,1202,3185,21,cdg
0,710,3177,1,cdg
0,713,3177,2,repwe
0,714,3177,3,ptbrets2
0,717,3177,4,chqpost2
0,718,3177,5,lguillo2
0,720,3177,6,geniaux2
0,723,3177,7,lemaist2
0,723,3177,8,lehosu2
0,724,3177,9,berthau2
0,726,3177,10,troimar2
0,727,3177,11,janaire2
0,729,3177,12,ptavoin2
0,730,3177,13,pinrheu2
0,731,3177,14,barbera2
0,732,3177,15,genets2
0,733,3177,16,bouleau2
0,734,3177,17,brassen2
0,736,3177,18,chfrelo2
1,737,3177,19,lyagric2
0,1205,3157,1,egverg1
0,1205,3157,2,bouvrai1
0,1217,3157,3,patimor1
0,1219,3157,4,eglmord1
0,1220,3157,5,mamord1
0,1222,3157,6,lilamor1
0,1223,3157,7,gretay1
0,1227,3157,8,lyagric1
0,1228,3157,9,chfrelo1
0,1228,3157,10,brassen1
0,1229,3157,11,bouleau1
0,1230,3157,12,genets1
0,1231,3157,13,barbera1
0,1231,3157,14,pinrheu1
0,1233,3157,15,ptavoin1
0,1237,3157,16,janaire1
0,1239,3157,17,troimar1
0,1240,3157,18,monier1
0,1241,3157,19,berthau1
0,1241,3157,20,lehosu1
0,1242,3157,21,lemaist1
0,1244,3157,22,geniaux1
0,1245,3157,23,lguillo1
0,1246,3157,24,chqpost1
0,1249,3157,25,ptbrets1
0,1250,3157,26,repx2
0,1253,3157,27,tnb2
1,1255,3157,28,cdg
0,870,2953,1,cdg
0,873,2953,2,repwe
0,874,2953,3,ptbrets2
0,877,2953,4,chqpost2
0,878,2953,5,lguillo2
0,880,2953,6,geniaux2
0,883,2953,7,lemaist2
0,883,2953,8,lehosu2
0,884,2953,9,berthau2
0,886,2953,10,troimar2
0,887,2953,11,janaire2
0,889,2953,12,ptavoin2
0,890,2953,13,pinrheu2
0,891,2953,14,barbera2
0,891,2953,15,genets2
0,892,2953,16,bouleau2
0,893,2953,17,brassen2
0,895,2953,18,chfrelo2
0,896,2953,19,lyagric2
0,898,2953,20,broscin2
0,902,2953,21,noecin2
1,903,2953,22,chverc
0,857,6891,1,chverc
0,858,6891,2,noecin1
0,861,6891,3,broscin1
1,865,6891,4,brassen1
0,990,575,1,cdg
0,993,575,2,repwe
0,994,575,3,ptbrets2
0,997,575,4,chqpost2
0,998,575,5,lguillo2
0,1000,575,6,geniaux2
0,1003,575,7,lemaist2
0,1003,575,8,lehosu2
0,1004,575,9,berthau2
0,1006,575,10,troimar2
0,1007,575,11,janaire2
0,1010,575,12,ptavoin2
0,1011,575,13,pinrheu2
0,1012,575,14,barbera2
0,1013,575,15,genets2
0,1014,575,16,bouleau2
0,1015,575,17,brassen2
0,1017,575,18,chfrelo2
0,1018,575,19,lyagric2
0,1020,575,20,broscin2
0,1024,575,21,noecin2
1,1025,575,22,chverc
0,658,2998,1,chverc
0,659,2998,2,noecin1
0,662,2998,3,broscin1
0,665,2998,4,lyagric1
0,666,2998,5,chfrelo1
0,667,2998,6,brassen1
0,668,2998,7,bouleau1
0,669,2998,8,genets1
0,671,2998,9,barbera1
0,672,2998,10,pinrheu1
0,674,2998,11,ptavoin1
0,676,2998,12,janaire1
0,678,2998,13,troimar1
0,679,2998,14,monier1
0,680,2998,15,berthau1
0,680,2998,16,lehosu1
0,681,2998,17,lemaist1
0,683,2998,18,geniaux1
0,684,2998,19,lguillo1
0,685,2998,20,chqpost1
0,688,2998,21,ptbrets1
0,689,2998,22,repx2
0,693,2998,23,tnb2
1,695,2998,24,cdg
0,1210,2987,1,cdg
0,1213,2987,2,repwe
0,1214,2987,3,ptbrets2
0,1217,2987,4,chqpost2
0,1218,2987,5,lguillo2
0,1220,2987,6,geniaux2
0,1223,2987,7,lemaist2
0,1223,2987,8,lehosu2
0,1224,2987,9,berthau2
0,1226,2987,10,troimar2
0,1227,2987,11,janaire2
0,1229,2987,12,ptavoin2
0,1230,2987,13,pinrheu2
0,1231,2987,14,barbera2
0,1232,2987,15,genets2
0,1233,2987,16,bouleau2
0,1234,2987,17,brassen2
0,1236,2987,18,chfrelo2
0,1237,2987,19,lyagric2
0,1239,2987,20,broscin2
0,1243,2987,21,noecin2
1,1244,2987,22,chverc
0,935,6833,1,lyagric1
0,936,6833,2,chfrelo1
0,937,6833,3,brassen1
0,938,6833,4,bouleau1
0,939,6833,5,genets1
0,941,6833,6,barbera1
0,942,6833,7,pinrheu1
0,944,6833,8,ptavoin1
0,946,6833,9,janaire1
0,948,6833,10,troimar1
0,949,6833,11,monier1
0,950,6833,12,berthau1
0,951,6833,13,lehosu1
0,951,6833,14,lemaist1
0,953,6833,15,geniaux1
0,955,6833,16,lguillo1
0,956,6833,17,chqpost1
0,959,6833,18,ptbrets1
0,960,6833,19,repx2
0,964,6833,20,tnb2
1,966,6833,21,cdg
0,680,6858,1,cdg
0,683,6858,2,repwe
0,684,6858,3,ptbrets2
0,687,6858,4,chqpost2
0,688,6858,5,lguillo2
0,690,6858,6,geniaux2
0,692,6858,7,lemaist2
0,692,6858,8,lehosu2
0,693,6858,9,berthau2
0,695,6858,10,troimar2
0,696,6858,11,janaire2
0,699,6858,12,ptavoin2
0,700,6858,13,pinrheu2
0,701,6858,14,barbera2
0,702,6858,15,genets2
0,703,6858,16,bouleau2
0,704,6858,17,brassen2
0,706,6858,18,chfrelo2
0,707,6858,19,lyagric2
0,709,6858,20,broscin2
0,713,6858,21,noecin2
1,714,6858,22,chverc
0,1115,4654,1,lyagric1
0,1116,4654,2,chfrelo1
0,1117,4654,3,brassen1
0,1118,4654,4,bouleau1
0,1119,4654,5,genets1
0,1121,4654,6,barbera1
0,1122,4654,7,pinrheu1
0,1124,4654,8,ptavoin1
0,1126,4654,9,janaire1
0,1128,4654,10,troimar1
0,1129,4654,11,monier1
0,1130,4654,12,berthau1
0,1131,4654,13,lehosu1
0,1131,4654,14,lemaist1
0,1133,4654,15,geniaux1
0,1135,4654,16,lguillo1
0,1136,4654,17,chqpost1
0,1139,4654,18,ptbrets1
0,1140,4654,19,repx2
0,1144,4654,20,tnb2
1,1146,4654,21,cdg
0,973,4668,1,chverc
0,974,4668,2,noecin1
0,977,4668,3,broscin1
0,980,4668,4,lyagric1
0,981,4668,5,chfrelo1
0,982,4668,6,brassen1
0,983,4668,7,bouleau1
0,984,4668,8,genets1
0,986,4668,9,barbera1
0,987,4668,10,pinrheu1
0,989,4668,11,ptavoin1
0,992,4668,12,janaire1
0,994,4668,13,troimar1
0,995,4668,14,monier1
0,996,4668,15,berthau1
0,997,4668,16,lehosu1
0,997,4668,17,lemaist1
0,999,4668,18,geniaux1
0,1001,4668,19,lguillo1
0,1002,4668,20,chqpost1
0,1005,4668,21,ptbrets1
0,1007,4668,22,repx2
0,1011,4668,23,tnb2
1,1013,4668,24,cdg
0,1085,6775,1,egverg1
0,1085,6775,2,bouvrai1
0,1097,6775,3,patimor1
0,1099,6775,4,eglmord1
0,1100,6775,5,mamord1
0,1102,6775,6,lilamor1
0,1103,6775,7,gretay1
0,1107,6775,8,lyagric1
0,1108,6775,9,chfrelo1
0,1108,6775,10,brassen1
0,1109,6775,11,bouleau1
0,1110,6775,12,genets1
0,1111,6775,13,barbera1
0,1111,6775,14,pinrheu1
0,1113,6775,15,ptavoin1
0,1117,6775,16,janaire1
0,1119,6775,17,troimar1
0,1120,6775,18,monier1
0,1121,6775,19,berthau1
0,1121,6775,20,lehosu1
0,1122,6775,21,lemaist1
0,1124,6775,22,geniaux1
0,1125,6775,23,lguillo1
0,1126,6775,24,chqpost1
0,1129,6775,25,ptbrets1
0,1130,6775,26,repx2
0,1133,6775,27,tnb2
1,1135,6775,28,cdg
0,660,1720,1,cxblanc1
0,661,1720,2,calvcha1
0,663,1720,3,musscha1
0,663,1720,4,avenir1
0,664,1720,5,grippay1
0,677,1720,6,patimor1
0,679,1720,7,eglmord1
0,680,1720,8,mamord1
0,682,1720,9,lilamor1
0,683,1720,10,gretay1
0,687,1720,11,lyagric1
0,688,1720,12,chfrelo1
0,688,1720,13,brassen1
0,689,1720,14,bouleau1
0,690,1720,15,genets1
0,691,1720,16,barbera1
0,691,1720,17,pinrheu1
0,693,1720,18,ptavoin1
0,697,1720,19,janaire1
0,699,1720,20,troimar1
0,700,1720,21,monier1
0,701,1720,22,berthau1
0,701,1720,23,lehosu1
0,702,1720,24,lemaist1
0,704,1720,25,geniaux1
0,705,1720,26,lguillo1
0,706,1720,27,chqpost1
0,709,1720,28,ptbrets1
0,710,1720,29,repx2
0,713,1720,30,tnb2
1,715,1720,31,cdg
0,718,1711,1,chverc
0,719,1711,2,noecin1
0,722,1711,3,broscin1
0,725,1711,4,lyagric1
0,726,1711,5,chfrelo1
0,727,1711,6,brassen1
0,728,1711,7,bouleau1
0,729,1711,8,genets1
0,730,1711,9,barbera1
0,731,1711,10,pinrheu1
0,733,1711,11,ptavoin1
0,735,1711,12,janaire1
0,737,1711,13,troimar1
0,738,1711,14,monier1
0,739,1711,15,berthau1
0,740,1711,16,lehosu1
0,740,1711,17,lemaist1
0,742,1711,18,geniaux1
0,744,1711,19,lguillo1
0,745,1711,20,chqpost1
0,748,1711,21,ptbrets1
0,750,1711,22,repx2
0,754,1711,23,tnb2
1,756,1711,24,cdg
0,1130,421,1,cdg
0,1133,421,2,repwe
0,1134,421,3,ptbrets2
0,1137,421,4,chqpost2
0,1138,421,5,lguillo2
0,1140,421,6,geniaux2
0,1143,421,7,lemaist2
0,1143,421,8,lehosu2
0,1144,421,9,berthau2
0,1146,421,10,troimar2
0,1147,421,11,janaire2
0,1150,421,12,ptavoin2
0,1151,421,13,pinrheu2
0,1152,421,14,barbera2
0,1153,421,15,genets2
0,1154,421,16,bouleau2
0,1155,421,17,brassen2
0,1157,421,18,chfrelo2
1,1158,421,19,lyagric2
0,617,2867,1,chverc
0,618,2867,2,noecin1
0,621,2867,3,broscin1
1,625,2867,4,brassen1
0,598,1794,1,chverc
0,599,1794,2,noecin1
0,602,1794,3,broscin1
0,605,1794,4,lyagric1
0,606,1794,5,chfrelo1
0,607,1794,6,brassen1
0,608,1794,7,bouleau1
0,609,1794,8,genets1
0,610,1794,9,barbera1
0,611,1794,10,pinrheu1
0,613,1794,11,ptavoin1
0,615,1794,12,janaire1
0,617,1794,13,troimar1
0,618,1794,14,monier1
0,619,1794,15,berthau1
0,620,1794,16,lehosu1
0,620,1794,17,lemaist1
0,622,1794,18,geniaux1
0,624,1794,19,lguillo1
0,625,1794,20,chqpost1
0,628,1794,21,ptbrets1
0,630,1794,22,repx2
0,634,1794,23,tnb2
1,636,1794,24,cdg
0,970,1779,1,cdg
0,973,1779,2,repwe
0,974,1779,3,ptbrets2
0,977,1779,4,chqpost2
0,978,1779,5,lguillo2
0,980,1779,6,geniaux2
0,983,1779,7,lemaist2
0,983,1779,8,lehosu2
0,984,1779,9,berthau2
0,986,1779,10,troimar2
0,987,1779,11,janaire2
0,989,1779,12,ptavoin2
0,990,1779,13,pinrheu2
0,991,1779,14,barbera2
0,992,1779,15,genets2
0,994,1779,16,bouleau2
0,995,1779,17,brassen2
0,997,1779,18,chfrelo2
0,998,1779,19,lyagric2
0,1000,1779,20,broscin2
0,1004,1779,21,noecin2
1,1005,1779,22,chverc
0,385,1773,1,chverc
0,386,1773,2,noecin1
0,389,1773,3,broscin1
0,392,1773,4,lyagric1
0,393,1773,5,chfrelo1
0,394,1773,6,brassen1
0,395,1773,7,bouleau1
0,396,1773,8,genets1
0,398,1773,9,barbera1
0,399,1773,10,pinrheu1
0,401,1773,11,ptavoin1
0,403,1773,12,janaire1
0,405,1773,13,troimar1
0,406,1773,14,monier1
0,407,1773,15,berthau1
0,407,1773,16,lehosu1
0,408,1773,17,lemaist1
0,410,1773,18,geniaux1
0,411,1773,19,lguillo1
0,412,1773,20,chqpost1
0,415,1773,21,ptbrets1
0,417,1773,22,repx2
0,421,1773,23,tnb2
1,423,1773,24,cdg
0,805,1764,1,brassen2
0,809,1764,2,broscin2
0,812,1764,3,noecin2
1,813,1764,4,chverc
0,1153,6737,1,chverc
0,1154,6737,2,noecin1
0,1157,6737,3,broscin1
0,1160,6737,4,lyagric1
0,1161,6737,5,chfrelo1
0,1162,6737,6,brassen1
0,1163,6737,7,bouleau1
0,1164,6737,8,genets1
0,1165,6737,9,barbera1
0,1166,6737,10,pinrheu1
0,1168,6737,11,ptavoin1
0,1170,6737,12,janaire1
0,1171,6737,13,troimar1
0,1172,6737,14,monier1
0,1173,6737,15,berthau1
0,1173,6737,16,lehosu1
0,1174,6737,17,lemaist1
0,1176,6737,18,geniaux1
0,1177,6737,19,lguillo1
0,1178,6737,20,chqpost1
0,1181,6737,21,ptbrets1
0,1182,6737,22,repx2
0,1186,6737,23,tnb2
1,1188,6737,24,cdg
0,1245,2809,1,cdg
0,1248,2809,2,repwe
0,1249,2809,3,ptbrets2
0,1252,2809,4,chqpost2
0,1253,2809,5,lguillo2
0,1255,2809,6,geniaux2
0,1257,2809,7,lemaist2
0,1257,2809,8,lehosu2
0,1258,2809,9,berthau2
0,1260,2809,10,troimar2
0,1261,2809,11,janaire2
0,1262,2809,12,ptavoin2
0,1263,2809,13,pinrheu2
0,1264,2809,14,barbera2
0,1265,2809,15,genets2
0,1266,2809,16,bouleau2
0,1267,2809,17,brassen2
0,1269,2809,18,chfrelo2
0,1270,2809,19,lyagric2
0,1272,2809,20,broscin2
0,1276,2809,21,noecin2
1,1277,2809,22,chverc
0,490,4506,1,cdg
0,493,4506,2,repwe
0,494,4506,3,ptbrets2
0,497,4506,4,chqpost2
0,498,4506,5,lguillo2
0,501,4506,6,geniaux2
0,503,4506,7,lemaist2
0,504,4506,8,lehosu2
0,505,4506,9,berthau2
0,507,4506,10,troimar2
0,508,4506,11,janaire2
0,510,4506,12,ptavoin2
0,511,4506,13,pinrheu2
0,512,4506,14,barbera2
0,513,4506,15,genets2
0,515,4506,16,bouleau2
0,516,4506,17,brassen2
0,518,4506,18,chfrelo2
1,519,4506,19,lyagric2
0,1037,4528,1,chverc
0,1038,4528,2,noecin1
0,1041,4528,3,broscin1
1,1045,4528,4,brassen1
0,1050,1629,1,cdg
0,1053,1629,2,repwe
0,1054,1629,3,ptbrets2
0,1057,1629,4,chqpost2
0,1058,1629,5,lguillo2
0,1060,1629,6,geniaux2
0,1063,1629,7,lemaist2
0,1063,1629,8,lehosu2
0,1064,1629,9,berthau2
0,1066,1629,10,troimar2
0,1067,1629,11,janaire2
0,1070,1629,12,ptavoin2
0,1071,1629,13,pinrheu2
0,1072,1629,14,barbera2
0,1073,1629,15,genets2
0,1074,1629,16,bouleau2
0,1075,1629,17,brassen2
0,1077,1629,18,chfrelo2
0,1078,1629,19,lyagric2
0,1080,1629,20,broscin2
0,1084,1629,21,noecin2
1,1085,1629,22,chverc
0,900,1668,1,cdg
0,903,1668,2,repwe
0,904,1668,3,ptbrets2
0,906,1668,4,chqpost2
0,907,1668,5,lguillo2
0,909,1668,6,geniaux2
0,910,1668,7,lemaist2
0,911,1668,8,lehosu2
0,911,1668,9,berthau2
0,913,1668,10,troimar2
0,914,1668,11,janaire2
0,916,1668,12,ptavoin2
0,917,1668,13,pinrheu2
0,919,1668,14,barbera2
0,920,1668,15,genets2
0,922,1668,16,bouleau2
0,924,1668,17,brassen2
0,925,1668,18,chfrelo2
0,925,1668,19,lyagric2
0,929,1668,20,gretay2
0,931,1668,21,lilamor2
0,932,1668,22,mamord2
0,933,1668,23,eglmord2
0,935,1668,24,patimor2
0,947,1668,25,bouvrai2
1,947,1668,26,egverg2
0,620,1654,1,cdg
0,623,1654,2,repwe
0,624,1654,3,ptbrets2
0,627,1654,4,chqpost2
0,628,1654,5,lguillo2
0,630,1654,6,geniaux2
0,633,1654,7,lemaist2
0,633,1654,8,lehosu2
0,634,1654,9,berthau2
0,636,1654,10,troimar2
0,637,1654,11,janaire2
0,639,1654,12,ptavoin2
0,640,1654,13,pinrheu2
0,641,1654,14,barbera2
0,642,1654,15,genets2
0,643,1654,16,bouleau2
0,644,1654,17,brassen2
0,646,1654,18,chfrelo2
0,647,1654,19,lyagric2
0,649,1654,20,broscin2
0,653,1654,21,noecin2
1,654,1654,22,chverc
0,1245,4919,1,cdg
0,1248,4919,2,repwe
0,1249,4919,3,ptbrets2
0,1252,4919,4,chqpost2
0,1253,4919,5,lguillo2
0,1255,4919,6,geniaux2
0,1258,4919,7,lemaist2
0,1258,4919,8,lehosu2
0,1259,4919,9,berthau2
0,1261,4919,10,troimar2
0,1262,4919,11,janaire2
0,1264,4919,12,ptavoin2
0,1265,4919,13,pinrheu2
0,1266,4919,14,barbera2
0,1267,4919,15,genets2
0,1268,4919,16,bouleau2
0,1269,4919,17,brassen2
0,1271,4919,18,chfrelo2
0,1272,4919,19,lyagric2
0,1274,4919,20,broscin2
0,1278,4919,21,noecin2
1,1279,4919,22,chverc
0,788,4888,1,chverc
0,789,4888,2,noecin1
0,792,4888,3,broscin1
0,795,4888,4,lyagric1
0,796,4888,5,chfrelo1
0,797,4888,6,brassen1
0,798,4888,7,bouleau1
0,799,4888,8,genets1
0,800,4888,9,barbera1
0,801,4888,10,pinrheu1
0,803,4888,11,ptavoin1
0,805,4888,12,janaire1
0,807,4888,13,troimar1
0,808,4888,14,monier1
0,809,4888,15,berthau1
0,810,4888,16,lehosu1
0,810,4888,17,lemaist1
0,812,4888,18,geniaux1
0,814,4888,19,lguillo1
0,815,4888,20,chqpost1
0,818,4888,21,ptbrets1
0,820,4888,22,repx2
0,824,4888,23,tnb2
1,826,4888,24,cdg
0,1208,4849,1,chverc
0,1209,4849,2,noecin1
0,1212,4849,3,broscin1
0,1215,4849,4,lyagric1
0,1216,4849,5,chfrelo1
0,1217,4849,6,brassen1
0,1218,4849,7,bouleau1
0,1219,4849,8,genets1
0,1220,4849,9,barbera1
0,1221,4849,10,pinrheu1
0,1222,4849,11,ptavoin1
0,1224,4849,12,janaire1
0,1225,4849,13,troimar1
0,1226,4849,14,monier1
0,1227,4849,15,berthau1
0,1227,4849,16,lehosu1
0,1228,4849,17,lemaist1
0,1230,4849,18,geniaux1
0,1231,4849,19,lguillo1
0,1232,4849,20,chqpost1
0,1234,4849,21,ptbrets1
0,1235,4849,22,repx2
0,1239,4849,23,tnb2
1,1241,4849,24,cdg
0,910,4872,1,cdg
0,913,4872,2,repwe
0,914,4872,3,ptbrets2
0,917,4872,4,chqpost2
0,918,4872,5,lguillo2
0,920,4872,6,geniaux2
0,923,4872,7,lemaist2
0,923,4872,8,lehosu2
0,924,4872,9,berthau2
0,926,4872,10,troimar2
0,927,4872,11,janaire2
0,929,4872,12,ptavoin2
0,930,4872,13,pinrheu2
0,931,4872,14,barbera2
0,931,4872,15,genets2
0,932,4872,16,bouleau2
0,933,4872,17,brassen2
0,935,4872,18,chfrelo2
0,936,4872,19,lyagric2
0,938,4872,20,broscin2
0,942,4872,21,noecin2
1,943,4872,22,chverc
0,1173,383,1,chverc
0,1174,383,2,noecin1
0,1177,383,3,broscin1
0,1180,383,4,lyagric1
0,1181,383,5,chfrelo1
0,1182,383,6,brassen1
0,1183,383,7,bouleau1
0,1184,383,8,genets1
0,1185,383,9,barbera1
0,1186,383,10,pinrheu1
0,1188,383,11,ptavoin1
0,1190,383,12,janaire1
0,1191,383,13,troimar1
0,1192,383,14,monier1
0,1193,383,15,berthau1
0,1193,383,16,lehosu1
0,1194,383,17,lemaist1
0,1196,383,18,geniaux1
0,1197,383,19,lguillo1
0,1198,383,20,chqpost1
0,1201,383,21,ptbrets1
0,1202,383,22,repx2
0,1206,383,23,tnb2
1,1208,383,24,cdg
0,1475,384,1,repwe
0,1476,384,2,ptbrets2
0,1478,384,3,chqpost2
0,1479,384,4,lguillo2
0,1481,384,5,geniaux2
0,1483,384,6,lemaist2
0,1483,384,7,lehosu2
0,1484,384,8,berthau2
0,1486,384,9,troimar2
0,1488,384,10,janaire2
0,1490,384,11,ptavoin2
0,1492,384,12,pinrheu2
0,1493,384,14,barbera2
0,1494,384,15,genets2
0,1495,384,16,bouleau2
0,1496,384,17,brassen2
0,1497,384,18,chfrelo2
0,1497,384,19,lyagric2
0,1502,384,20,gretay2
0,1504,384,21,lilamor2
0,1505,384,22,mamord2
0,1506,384,23,eglmord2
0,1508,384,24,patimor1
0,1522,384,25,grippay2
0,1524,384,26,avenir2
0,1524,384,27,musscha2
0,1526,384,28,calvcha2
1,1528,384,29,cxblanc1
0,778,6995,1,chverc
0,779,6995,2,noecin1
0,782,6995,3,broscin1
0,785,6995,4,lyagric1
0,786,6995,5,chfrelo1
0,787,6995,6,brassen1
0,788,6995,7,bouleau1
0,789,6995,8,genets1
0,791,6995,9,barbera1
0,792,6995,10,pinrheu1
0,794,6995,11,ptavoin1
0,796,6995,12,janaire1
0,798,6995,13,troimar1
0,799,6995,14,monier1
0,800,6995,15,berthau1
0,800,6995,16,lehosu1
0,801,6995,17,lemaist1
0,803,6995,18,geniaux1
0,804,6995,19,lguillo1
0,805,6995,20,chqpost1
0,808,6995,21,ptbrets1
0,809,6995,22,repx2
0,813,6995,23,tnb2
1,815,6995,24,cdg
0,508,1510,1,chverc
0,509,1510,2,noecin1
0,512,1510,3,broscin1
0,515,1510,4,lyagric1
0,517,1510,5,chfrelo1
0,518,1510,6,brassen1
0,519,1510,7,bouleau1
0,520,1510,8,genets1
0,521,1510,9,barbera1
0,522,1510,10,pinrheu1
0,524,1510,11,ptavoin1
0,528,1510,12,janaire1
0,530,1510,13,troimar1
0,531,1510,14,monier1
0,532,1510,15,berthau1
0,533,1510,16,lehosu1
0,533,1510,17,lemaist1
0,535,1510,18,geniaux1
0,537,1510,19,lguillo1
0,539,1510,20,chqpost1
0,543,1510,21,ptbrets1
0,545,1510,22,repx2
0,549,1510,23,tnb2
1,551,1510,24,cdg
0,890,1509,1,cdg
0,893,1509,2,repwe
0,894,1509,3,ptbrets2
0,897,1509,4,chqpost2
0,898,1509,5,lguillo2
0,900,1509,6,geniaux2
0,903,1509,7,lemaist2
0,903,1509,8,lehosu2
0,904,1509,9,berthau2
0,906,1509,10,troimar2
0,907,1509,11,janaire2
0,909,1509,12,ptavoin2
0,910,1509,13,pinrheu2
0,911,1509,14,barbera2
0,912,1509,15,genets2
0,913,1509,16,bouleau2
0,914,1509,17,brassen2
0,916,1509,18,chfrelo2
0,917,1509,19,lyagric2
0,919,1509,20,broscin2
0,923,1509,21,noecin2
1,924,1509,22,chverc
0,755,6927,1,lyagric1
0,756,6927,2,chfrelo1
0,757,6927,3,brassen1
0,758,6927,4,bouleau1
0,759,6927,5,genets1
0,761,6927,6,barbera1
0,762,6927,7,pinrheu1
0,764,6927,8,ptavoin1
0,766,6927,9,janaire1
0,768,6927,10,troimar1
0,769,6927,11,monier1
0,770,6927,12,berthau1
0,770,6927,13,lehosu1
0,771,6927,14,lemaist1
0,773,6927,15,geniaux1
0,774,6927,16,lguillo1
0,775,6927,17,chqpost1
0,778,6927,18,ptbrets1
0,779,6927,19,repx2
0,783,6927,20,tnb2
1,785,6927,21,cdg
0,993,1566,1,chverc
0,994,1566,2,noecin1
0,997,1566,3,broscin1
0,1000,1566,4,lyagric1
0,1001,1566,5,chfrelo1
0,1002,1566,6,brassen1
0,1003,1566,7,bouleau1
0,1004,1566,8,genets1
0,1006,1566,9,barbera1
0,1007,1566,10,pinrheu1
0,1009,1566,11,ptavoin1
0,1012,1566,12,janaire1
0,1014,1566,13,troimar1
0,1015,1566,14,monier1
0,1016,1566,15,berthau1
0,1017,1566,16,lehosu1
0,1017,1566,17,lemaist1
0,1019,1566,18,geniaux1
0,1021,1566,19,lguillo1
0,1022,1566,20,chqpost1
0,1025,1566,21,ptbrets1
0,1027,1566,22,repx2
0,1031,1566,23,tnb2
1,1033,1566,24,cdg
0,808,1530,1,chverc
0,809,1530,2,noecin1
0,812,1530,3,broscin1
0,815,1530,4,lyagric1
0,816,1530,5,chfrelo1
0,817,1530,6,brassen1
0,818,1530,7,bouleau1
0,819,1530,8,genets1
0,820,1530,9,barbera1
0,821,1530,10,pinrheu1
0,823,1530,11,ptavoin1
0,825,1530,12,janaire1
0,827,1530,13,troimar1
0,828,1530,14,monier1
0,829,1530,15,berthau1
0,830,1530,16,lehosu1
0,830,1530,17,lemaist1
0,832,1530,18,geniaux1
0,834,1530,19,lguillo1
0,835,1530,20,chqpost1
0,838,1530,21,ptbrets1
0,840,1530,22,repx2
0,844,1530,23,tnb2
1,846,1530,24,cdg
0,1188,6911,1,chverc
0,1189,6911,2,noecin1
0,1192,6911,3,broscin1
0,1195,6911,4,lyagric1
0,1196,6911,5,chfrelo1
0,1197,6911,6,brassen1
0,1198,6911,7,bouleau1
0,1199,6911,8,genets1
0,1200,6911,9,barbera1
0,1201,6911,10,pinrheu1
0,1202,6911,11,ptavoin1
0,1204,6911,12,janaire1
0,1205,6911,13,troimar1
0,1206,6911,14,monier1
0,1207,6911,15,berthau1
0,1207,6911,16,lehosu1
0,1208,6911,17,lemaist1
0,1210,6911,18,geniaux1
0,1211,6911,19,lguillo1
0,1212,6911,20,chqpost1
0,1214,6911,21,ptbrets1
0,1215,6911,22,repx2
0,1219,6911,23,tnb2
1,1221,6911,24,cdg
0,830,1483,1,cdg
0,833,1483,2,repwe
0,834,1483,3,ptbrets2
0,837,1483,4,chqpost2
0,838,1483,5,lguillo2
0,840,1483,6,geniaux2
0,842,1483,7,lemaist2
0,842,1483,8,lehosu2
0,843,1483,9,berthau2
0,845,1483,10,troimar2
0,846,1483,11,janaire2
0,848,1483,12,ptavoin2
0,849,1483,13,pinrheu2
0,850,1483,14,barbera2
0,850,1483,15,genets2
0,851,1483,16,bouleau2
0,852,1483,17,brassen2
0,854,1483,18,chfrelo2
1,855,1483,19,lyagric2
0,780,4756,1,cxblanc1
0,781,4756,2,calvcha1
0,783,4756,3,musscha1
0,783,4756,4,avenir1
0,784,4756,5,grippay1
0,797,4756,6,patimor1
0,799,4756,7,eglmord1
0,800,4756,8,mamord1
0,802,4756,9,lilamor1
0,803,4756,10,gretay1
0,807,4756,11,lyagric1
0,808,4756,12,chfrelo1
0,808,4756,13,brassen1
0,809,4756,14,bouleau1
0,810,4756,15,genets1
0,811,4756,16,barbera1
0,811,4756,17,pinrheu1
0,813,4756,18,ptavoin1
0,817,4756,19,janaire1
0,819,4756,20,troimar1
0,820,4756,21,monier1
0,821,4756,22,berthau1
0,821,4756,23,lehosu1
0,822,4756,24,lemaist1
0,824,4756,25,geniaux1
0,825,4756,26,lguillo1
0,826,4756,27,chqpost1
0,829,4756,28,ptbrets1
0,830,4756,29,repx2
0,833,4756,30,tnb2
1,835,4756,31,cdg
0,650,5824,1,cdg
0,653,5824,2,repwe
0,654,5824,3,ptbrets2
0,657,5824,4,chqpost2
0,658,5824,5,lguillo2
0,660,5824,6,geniaux2
0,663,5824,7,lemaist2
0,663,5824,8,lehosu2
0,664,5824,9,berthau2
0,666,5824,10,troimar2
0,667,5824,11,janaire2
0,669,5824,12,ptavoin2
0,670,5824,13,pinrheu2
0,671,5824,14,barbera2
0,672,5824,15,genets2
0,673,5824,16,bouleau2
0,674,5824,17,brassen2
0,676,5824,18,chfrelo2
1,677,5824,19,lyagric2
0,508,5880,1,chverc
0,509,5880,2,noecin1
0,512,5880,3,broscin1
0,515,5880,4,lyagric1
0,516,5880,5,chfrelo1
0,517,5880,6,brassen1
0,518,5880,7,bouleau1
0,519,5880,8,genets1
0,521,5880,9,barbera1
0,522,5880,10,pinrheu1
0,524,5880,11,ptavoin1
0,526,5880,12,janaire1
0,528,5880,13,troimar1
0,529,5880,14,monier1
0,530,5880,15,berthau1
0,530,5880,16,lehosu1
0,531,5880,17,lemaist1
0,533,5880,18,geniaux1
0,534,5880,19,lguillo1
0,535,5880,20,chqpost1
0,538,5880,21,ptbrets1
0,539,5880,22,repx2
0,543,5880,23,tnb2
1,545,5880,24,cdg
0,1073,5868,1,chverc
0,1074,5868,2,noecin1
0,1077,5868,3,broscin1
0,1080,5868,4,lyagric1
0,1081,5868,5,chfrelo1
0,1082,5868,6,brassen1
0,1083,5868,7,bouleau1
0,1084,5868,8,genets1
0,1086,5868,9,barbera1
0,1087,5868,10,pinrheu1
0,1089,5868,11,ptavoin1
0,1091,5868,12,janaire1
0,1093,5868,13,troimar1
0,1094,5868,14,monier1
0,1095,5868,15,berthau1
0,1096,5868,16,lehosu1
0,1096,5868,17,lemaist1
0,1098,5868,18,geniaux1
0,1100,5868,19,lguillo1
0,1101,5868,20,chqpost1
0,1104,5868,21,ptbrets1
0,1106,5868,22,repx2
0,1110,5868,23,tnb2
1,1112,5868,24,cdg
0,965,251,1,egverg1
0,965,251,2,bouvrai1
0,977,251,3,patimor1
0,979,251,4,eglmord1
0,980,251,5,mamord1
0,982,251,6,lilamor1
0,983,251,7,gretay1
0,987,251,8,lyagric1
0,988,251,9,chfrelo1
0,988,251,10,brassen1
0,989,251,11,bouleau1
0,990,251,12,genets1
0,991,251,13,barbera1
0,991,251,14,pinrheu1
0,993,251,15,ptavoin1
0,997,251,16,janaire1
0,999,251,17,troimar1
0,1000,251,18,monier1
0,1001,251,19,berthau1
0,1001,251,20,lehosu1
0,1002,251,21,lemaist1
0,1004,251,22,geniaux1
0,1005,251,23,lguillo1
0,1006,251,24,chqpost1
0,1009,251,25,ptbrets1
0,1010,251,26,repx2
0,1013,251,27,tnb2
1,1015,251,28,cdg
0,917,5859,1,chverc
0,918,5859,2,noecin1
0,921,5859,3,broscin1
1,925,5859,4,brassen1
0,950,1415,1,cdg
0,953,1415,2,repwe
0,954,1415,3,ptbrets2
0,957,1415,4,chqpost2
0,958,1415,5,lguillo2
0,960,1415,6,geniaux2
0,963,1415,7,lemaist2
0,963,1415,8,lehosu2
0,964,1415,9,berthau2
0,966,1415,10,troimar2
0,967,1415,11,janaire2
0,970,1415,12,ptavoin2
0,971,1415,13,pinrheu2
0,972,1415,14,barbera2
0,973,1415,15,genets2
0,974,1415,16,bouleau2
0,975,1415,17,brassen2
0,977,1415,18,chfrelo2
1,978,1415,19,lyagric2
0,680,929,1,cdg
0,683,929,2,repwe
0,684,929,3,ptbrets2
0,687,929,4,chqpost2
0,688,929,5,lguillo2
0,690,929,6,geniaux2
0,693,929,7,lemaist2
0,693,929,8,lehosu2
0,694,929,9,berthau2
0,696,929,10,troimar2
0,697,929,11,janaire2
0,699,929,12,ptavoin2
0,700,929,13,pinrheu2
0,701,929,14,barbera2
0,702,929,15,genets2
0,703,929,16,bouleau2
0,704,929,17,brassen2
0,706,929,18,chfrelo2
0,707,929,19,lyagric2
0,709,929,20,broscin2
0,713,929,21,noecin2
1,714,929,22,chverc
0,600,989,1,cdg
0,603,989,2,repwe
0,604,989,3,ptbrets2
0,606,989,4,chqpost2
0,607,989,5,lguillo2
0,609,989,6,geniaux2
0,610,989,7,lemaist2
0,611,989,8,lehosu2
0,611,989,9,berthau2
0,613,989,10,troimar2
0,614,989,11,janaire2
0,616,989,12,ptavoin2
0,617,989,13,pinrheu2
0,619,989,14,barbera2
0,620,989,15,genets2
0,622,989,16,bouleau2
0,624,989,17,brassen2
0,625,989,18,chfrelo2
0,625,989,19,lyagric2
0,629,989,20,gretay2
0,631,989,21,lilamor2
0,632,989,22,mamord2
0,633,989,23,eglmord2
0,635,989,24,patimor2
0,649,989,25,grippay2
0,650,989,26,avenir2
0,650,989,27,musscha2
0,652,989,28,calvcha2
1,653,989,29,cxblanc1
0,780,962,1,cdg
0,783,962,2,repwe
0,784,962,3,ptbrets2
0,786,962,4,chqpost2
0,787,962,5,lguillo2
0,789,962,6,geniaux2
0,790,962,7,lemaist2
0,791,962,8,lehosu2
0,791,962,9,berthau2
0,793,962,10,troimar2
0,794,962,11,janaire2
0,796,962,12,ptavoin2
0,797,962,13,pinrheu2
0,799,962,14,barbera2
0,800,962,15,genets2
0,802,962,16,bouleau2
0,804,962,17,brassen2
0,805,962,18,chfrelo2
0,805,962,19,lyagric2
0,809,962,20,gretay2
0,811,962,21,lilamor2
0,812,962,22,mamord2
0,813,962,23,eglmord2
0,815,962,24,patimor2
0,827,962,25,bouvrai2
1,827,962,26,egverg2
0,1113,4299,1,chverc
0,1114,4299,2,noecin1
0,1117,4299,3,broscin1
0,1120,4299,4,lyagric1
0,1121,4299,5,chfrelo1
0,1122,4299,6,brassen1
0,1123,4299,7,bouleau1
0,1124,4299,8,genets1
0,1125,4299,9,barbera1
0,1126,4299,10,pinrheu1
0,1128,4299,11,ptavoin1
0,1130,4299,12,janaire1
0,1132,4299,13,troimar1
0,1133,4299,14,monier1
0,1134,4299,15,berthau1
0,1135,4299,16,lehosu1
0,1135,4299,17,lemaist1
0,1137,4299,18,geniaux1
0,1139,4299,19,lguillo1
0,1140,4299,20,chqpost1
0,1143,4299,21,ptbrets1
0,1145,4299,22,repx2
0,1149,4299,23,tnb2
1,1151,4299,24,cdg
0,470,990,1,cdg
0,473,990,2,repwe
0,474,990,3,ptbrets2
0,477,990,4,chqpost2
0,478,990,5,lguillo2
0,480,990,6,geniaux2
0,482,990,7,lemaist2
0,482,990,8,lehosu2
0,483,990,9,berthau2
0,485,990,10,troimar2
0,486,990,11,janaire2
0,488,990,12,ptavoin2
0,489,990,13,pinrheu2
0,490,990,14,barbera2
0,490,990,15,genets2
0,491,990,16,bouleau2
0,492,990,17,brassen2
0,494,990,18,chfrelo2
0,495,990,19,lyagric2
0,497,990,20,broscin2
0,501,990,21,noecin2
1,502,990,22,chverc
0,970,2507,1,cdg
0,973,2507,2,repwe
0,974,2507,3,ptbrets2
0,977,2507,4,chqpost2
0,978,2507,5,lguillo2
0,980,2507,6,geniaux2
0,983,2507,7,lemaist2
0,983,2507,8,lehosu2
0,984,2507,9,berthau2
0,986,2507,10,troimar2
0,987,2507,11,janaire2
0,990,2507,12,ptavoin2
0,991,2507,13,pinrheu2
0,992,2507,14,barbera2
0,993,2507,15,genets2
0,994,2507,16,bouleau2
0,995,2507,17,brassen2
0,997,2507,18,chfrelo2
0,998,2507,19,lyagric2
0,1000,2507,20,broscin2
0,1004,2507,21,noecin2
1,1005,2507,22,chverc
0,418,5731,1,chverc
0,419,5731,2,noecin1
0,422,5731,3,broscin1
0,425,5731,4,lyagric1
0,426,5731,5,chfrelo1
0,427,5731,6,brassen1
0,428,5731,7,bouleau1
0,429,5731,8,genets1
0,430,5731,9,barbera1
0,431,5731,10,pinrheu1
0,433,5731,11,ptavoin1
0,435,5731,12,janaire1
0,436,5731,13,troimar1
0,437,5731,14,monier1
0,438,5731,15,berthau1
0,438,5731,16,lehosu1
0,439,5731,17,lemaist1
0,441,5731,18,geniaux1
0,442,5731,19,lguillo1
0,443,5731,20,chqpost1
0,445,5731,21,ptbrets1
0,446,5731,22,repx2
0,450,5731,23,tnb2
1,452,5731,24,cdg
0,427,2421,1,cdg
0,430,2421,2,repwe
0,431,2421,3,ptbrets2
0,434,2421,4,chqpost2
0,435,2421,5,lguillo2
0,437,2421,6,geniaux2
0,440,2421,7,lemaist2
0,440,2421,8,lehosu2
0,441,2421,9,berthau2
0,443,2421,10,troimar2
0,444,2421,11,janaire2
0,446,2421,12,ptavoin2
0,447,2421,13,pinrheu2
0,448,2421,14,barbera2
0,449,2421,15,genets2
0,450,2421,16,bouleau2
0,451,2421,17,brassen2
0,453,2421,18,chfrelo2
0,454,2421,19,lyagric2
0,456,2421,20,broscin2
0,460,2421,21,noecin2
1,461,2421,22,chverc
0,790,2463,1,cdg
0,793,2463,2,repwe
0,794,2463,3,ptbrets2
0,797,2463,4,chqpost2
0,798,2463,5,lguillo2
0,800,2463,6,geniaux2
0,803,2463,7,lemaist2
0,803,2463,8,lehosu2
0,804,2463,9,berthau2
0,806,2463,10,troimar2
0,807,2463,11,janaire2
0,809,2463,12,ptavoin2
0,810,2463,13,pinrheu2
0,811,2463,14,barbera2
0,812,2463,15,genets2
0,813,2463,16,bouleau2
0,814,2463,17,brassen2
0,816,2463,18,chfrelo2
1,817,2463,19,lyagric2
0,1140,4241,1,cxblanc1
0,1141,4241,2,calvcha1
0,1143,4241,3,musscha1
0,1143,4241,4,avenir1
0,1144,4241,5,grippay1
0,1157,4241,6,patimor1
0,1159,4241,7,eglmord1
0,1160,4241,8,mamord1
0,1162,4241,9,lilamor1
0,1163,4241,10,gretay1
0,1167,4241,11,lyagric1
0,1168,4241,12,chfrelo1
0,1168,4241,13,brassen1
0,1169,4241,14,bouleau1
0,1170,4241,15,genets1
0,1171,4241,16,barbera1
0,1171,4241,17,pinrheu1
0,1173,4241,18,ptavoin1
0,1177,4241,19,janaire1
0,1179,4241,20,troimar1
0,1180,4241,21,monier1
0,1181,4241,22,berthau1
0,1181,4241,23,lehosu1
0,1182,4241,24,lemaist1
0,1184,4241,25,geniaux1
0,1185,4241,26,lguillo1
0,1186,4241,27,chqpost1
0,1189,4241,28,ptbrets1
0,1190,4241,29,repx2
0,1193,4241,30,tnb2
1,1195,4241,31,cdg
0,510,5773,1,cdg
0,513,5773,2,repwe
0,514,5773,3,ptbrets2
0,517,5773,4,chqpost2
0,518,5773,5,lguillo2
0,521,5773,6,geniaux2
0,523,5773,7,lemaist2
0,524,5773,8,lehosu2
0,525,5773,9,berthau2
0,527,5773,10,troimar2
0,528,5773,11,janaire2
0,530,5773,12,ptavoin2
0,531,5773,13,pinrheu2
0,532,5773,14,barbera2
0,533,5773,15,genets2
0,535,5773,16,bouleau2
0,536,5773,17,brassen2
0,538,5773,18,chfrelo2
0,539,5773,19,lyagric2
0,541,5773,20,broscin2
0,545,5773,21,noecin2
1,546,5773,22,chverc
0,930,2465,1,cdg
0,933,2465,2,repwe
0,934,2465,3,ptbrets2
0,937,2465,4,chqpost2
0,938,2465,5,lguillo2
0,940,2465,6,geniaux2
0,943,2465,7,lemaist2
0,943,2465,8,lehosu2
0,944,2465,9,berthau2
0,946,2465,10,troimar2
0,947,2465,11,janaire2
0,949,2465,12,ptavoin2
0,950,2465,13,pinrheu2
0,951,2465,14,barbera2
0,952,2465,15,genets2
0,953,2465,16,bouleau2
0,954,2465,17,brassen2
0,956,2465,18,chfrelo2
0,957,2465,19,lyagric2
0,959,2465,20,broscin2
0,963,2465,21,noecin2
1,964,2465,22,chverc
0,828,5714,1,chverc
0,829,5714,2,noecin1
0,832,5714,3,broscin1
0,835,5714,4,lyagric1
0,836,5714,5,chfrelo1
0,837,5714,6,brassen1
0,838,5714,7,bouleau1
0,839,5714,8,genets1
0,841,5714,9,barbera1
0,842,5714,10,pinrheu1
0,844,5714,11,ptavoin1
0,846,5714,12,janaire1
0,848,5714,13,troimar1
0,849,5714,14,monier1
0,850,5714,15,berthau1
0,851,5714,16,lehosu1
0,851,5714,17,lemaist1
0,853,5714,18,geniaux1
0,855,5714,19,lguillo1
0,856,5714,20,chqpost1
0,859,5714,21,ptbrets1
0,860,5714,22,repx2
0,864,5714,23,tnb2
1,866,5714,24,cdg
0,1020,1310,1,cxblanc1
0,1021,1310,2,calvcha1
0,1023,1310,3,musscha1
0,1023,1310,4,avenir1
0,1024,1310,5,grippay1
0,1037,1310,6,patimor1
0,1039,1310,7,eglmord1
0,1040,1310,8,mamord1
0,1042,1310,9,lilamor1
0,1043,1310,10,gretay1
0,1047,1310,11,lyagric1
0,1048,1310,12,chfrelo1
0,1048,1310,13,brassen1
0,1049,1310,14,bouleau1
0,1050,1310,15,genets1
0,1051,1310,16,barbera1
0,1051,1310,17,pinrheu1
0,1053,1310,18,ptavoin1
0,1057,1310,19,janaire1
0,1059,1310,20,troimar1
0,1060,1310,21,monier1
0,1061,1310,22,berthau1
0,1061,1310,23,lehosu1
0,1062,1310,24,lemaist1
0,1064,1310,25,geniaux1
0,1065,1310,26,lguillo1
0,1066,1310,27,chqpost1
0,1069,1310,28,ptbrets1
0,1070,1310,29,repx2
0,1073,1310,30,tnb2
1,1075,1310,31,cdg
0,1053,821,1,chverc
0,1054,821,2,noecin1
0,1057,821,3,broscin1
0,1060,821,4,lyagric1
0,1061,821,5,chfrelo1
0,1062,821,6,brassen1
0,1063,821,7,bouleau1
0,1064,821,8,genets1
0,1066,821,9,barbera1
0,1067,821,10,pinrheu1
0,1069,821,11,ptavoin1
0,1072,821,12,janaire1
0,1074,821,13,troimar1
0,1075,821,14,monier1
0,1076,821,15,berthau1
0,1077,821,16,lehosu1
0,1077,821,17,lemaist1
0,1079,821,18,geniaux1
0,1081,821,19,lguillo1
0,1082,821,20,chqpost1
0,1085,821,21,ptbrets1
0,1087,821,22,repx2
0,1091,821,23,tnb2
1,1093,821,24,cdg
0,718,842,1,chverc
0,719,842,2,noecin1
0,722,842,3,broscin1
0,725,842,4,lyagric1
0,726,842,5,chfrelo1
0,727,842,6,brassen1
0,728,842,7,bouleau1
0,729,842,8,genets1
0,731,842,9,barbera1
0,732,842,10,pinrheu1
0,734,842,11,ptavoin1
0,736,842,12,janaire1
0,738,842,13,troimar1
0,739,842,14,monier1
0,740,842,15,berthau1
0,740,842,16,lehosu1
0,741,842,17,lemaist1
0,743,842,18,geniaux1
0,744,842,19,lguillo1
0,745,842,20,chqpost1
0,748,842,21,ptbrets1
0,749,842,22,repx2
0,753,842,23,tnb2
1,755,842,24,cdg
0,845,844,1,egverg1
0,845,844,2,bouvrai1
0,857,844,3,patimor1
0,859,844,4,eglmord1
0,860,844,5,mamord1
0,862,844,6,lilamor1
0,863,844,7,gretay1
0,867,844,8,lyagric1
0,868,844,9,chfrelo1
0,868,844,10,brassen1
0,869,844,11,bouleau1
0,870,844,12,genets1
0,871,844,13,barbera1
0,871,844,14,pinrheu1
0,873,844,15,ptavoin1
0,877,844,16,janaire1
0,879,844,17,troimar1
0,880,844,18,monier1
0,881,844,19,berthau1
0,881,844,20,lehosu1
0,882,844,21,lemaist1
0,884,844,22,geniaux1
0,885,844,23,lguillo1
0,886,844,24,chqpost1
0,889,844,25,ptbrets1
0,890,844,26,repx2
0,893,844,27,tnb2
1,895,844,28,cdg
0,1068,866,1,chverc
0,1069,866,2,noecin1
0,1072,866,3,broscin1
0,1075,866,4,lyagric1
0,1076,866,5,chfrelo1
0,1077,866,6,brassen1
0,1078,866,7,bouleau1
0,1079,866,8,genets1
0,1081,866,9,barbera1
0,1082,866,10,pinrheu1
0,1084,866,11,ptavoin1
0,1086,866,12,janaire1
0,1088,866,13,troimar1
0,1089,866,14,monier1
0,1090,866,15,berthau1
0,1091,866,16,lehosu1
0,1091,866,17,lemaist1
0,1093,866,18,geniaux1
0,1095,866,19,lguillo1
0,1096,866,20,chqpost1
0,1099,866,21,ptbrets1
0,1100,866,22,repx2
0,1104,866,23,tnb2
1,1106,866,24,cdg
0,745,4190,1,brassen2
0,749,4190,2,broscin2
0,752,4190,3,noecin2
1,753,4190,4,chverc
0,1070,890,1,cdg
0,1073,890,2,repwe
0,1074,890,3,ptbrets2
0,1077,890,4,chqpost2
0,1078,890,5,lguillo2
0,1080,890,6,geniaux2
0,1083,890,7,lemaist2
0,1083,890,8,lehosu2
0,1084,890,9,berthau2
0,1086,890,10,troimar2
0,1087,890,11,janaire2
0,1090,890,12,ptavoin2
0,1091,890,13,pinrheu2
0,1092,890,14,barbera2
0,1093,890,15,genets2
0,1094,890,16,bouleau2
0,1095,890,17,brassen2
0,1097,890,18,chfrelo2
1,1098,890,19,lyagric2
0,635,5647,1,lyagric1
0,636,5647,2,chfrelo1
0,637,5647,3,brassen1
0,638,5647,4,bouleau1
0,639,5647,5,genets1
0,640,5647,6,barbera1
0,641,5647,7,pinrheu1
0,643,5647,8,ptavoin1
0,645,5647,9,janaire1
0,647,5647,10,troimar1
0,648,5647,11,monier1
0,649,5647,12,berthau1
0,650,5647,13,lehosu1
0,650,5647,14,lemaist1
0,652,5647,15,geniaux1
0,654,5647,16,lguillo1
0,655,5647,17,chqpost1
0,658,5647,18,ptbrets1
0,660,5647,19,repx2
0,664,5647,20,tnb2
1,666,5647,21,cdg
0,365,5619,1,chverc
0,366,5619,2,noecin1
0,369,5619,3,broscin1
0,372,5619,4,lyagric1
0,373,5619,5,chfrelo1
0,374,5619,6,brassen1
0,375,5619,7,bouleau1
0,376,5619,8,genets1
0,377,5619,9,barbera1
0,378,5619,10,pinrheu1
0,380,5619,11,ptavoin1
0,382,5619,12,janaire1
0,383,5619,13,troimar1
0,384,5619,14,monier1
0,385,5619,15,berthau1
0,385,5619,16,lehosu1
0,386,5619,17,lemaist1
0,388,5619,18,geniaux1
0,389,5619,19,lguillo1
0,390,5619,20,chqpost1
0,393,5619,21,ptbrets1
0,395,5619,22,repx2
0,399,5619,23,tnb2
1,401,5619,24,cdg
0,1050,2303,1,cdg
0,1053,2303,2,repwe
0,1054,2303,3,ptbrets2
0,1057,2303,4,chqpost2
0,1058,2303,5,lguillo2
0,1061,2303,6,geniaux2
0,1063,2303,7,lemaist2
0,1064,2303,8,lehosu2
0,1065,2303,9,berthau2
0,1068,2303,10,troimar2
0,1070,2303,11,janaire2
0,1072,2303,12,ptavoin2
0,1074,2303,13,pinrheu2
0,1075,2303,14,barbera2
0,1076,2303,15,genets2
0,1078,2303,16,bouleau2
0,1079,2303,17,brassen2
0,1081,2303,18,chfrelo2
0,1082,2303,19,lyagric2
0,1084,2303,20,broscin2
0,1088,2303,21,noecin2
1,1089,2303,22,chverc
0,658,2358,1,chverc
0,659,2358,2,noecin1
0,662,2358,3,broscin1
0,665,2358,4,lyagric1
0,666,2358,5,chfrelo1
0,667,2358,6,brassen1
0,668,2358,7,bouleau1
0,669,2358,8,genets1
0,670,2358,9,barbera1
0,671,2358,10,pinrheu1
0,673,2358,11,ptavoin1
0,675,2358,12,janaire1
0,677,2358,13,troimar1
0,678,2358,14,monier1
0,679,2358,15,berthau1
0,680,2358,16,lehosu1
0,680,2358,17,lemaist1
0,682,2358,18,geniaux1
0,684,2358,19,lguillo1
0,685,2358,20,chqpost1
0,688,2358,21,ptbrets1
0,690,2358,22,repx2
0,694,2358,23,tnb2
1,696,2358,24,cdg
0,500,1285,1,cdg
0,503,1285,2,repwe
0,504,1285,3,ptbrets2
0,507,1285,4,chqpost2
0,508,1285,5,lguillo2
0,510,1285,6,geniaux2
0,512,1285,7,lemaist2
0,512,1285,8,lehosu2
0,513,1285,9,berthau2
0,515,1285,10,troimar2
0,516,1285,11,janaire2
0,518,1285,12,ptavoin2
0,519,1285,13,pinrheu2
0,520,1285,14,barbera2
0,520,1285,15,genets2
0,521,1285,16,bouleau2
0,522,1285,17,brassen2
0,524,1285,18,chfrelo2
0,525,1285,19,lyagric2
0,527,1285,20,broscin2
0,531,1285,21,noecin2
1,532,1285,22,chverc
0,447,1273,1,cdg
0,450,1273,2,repwe
0,451,1273,3,ptbrets2
0,454,1273,4,chqpost2
0,455,1273,5,lguillo2
0,458,1273,6,geniaux2
0,460,1273,7,lemaist2
0,461,1273,8,lehosu2
0,462,1273,9,berthau2
0,464,1273,10,troimar2
0,465,1273,11,janaire2
0,467,1273,12,ptavoin2
0,468,1273,13,pinrheu2
0,469,1273,14,barbera2
0,470,1273,15,genets2
0,472,1273,16,bouleau2
0,473,1273,17,brassen2
0,475,1273,18,chfrelo2
0,476,1273,19,lyagric2
0,478,1273,20,broscin2
0,482,1273,21,noecin2
1,483,1273,22,chverc
0,1088,5659,1,chverc
0,1089,5659,2,noecin1
0,1092,5659,3,broscin1
0,1095,5659,4,lyagric1
0,1096,5659,5,chfrelo1
0,1097,5659,6,brassen1
0,1098,5659,7,bouleau1
0,1099,5659,8,genets1
0,1101,5659,9,barbera1
0,1102,5659,10,pinrheu1
0,1104,5659,11,ptavoin1
0,1106,5659,12,janaire1
0,1108,5659,13,troimar1
0,1109,5659,14,monier1
0,1110,5659,15,berthau1
0,1111,5659,16,lehosu1
0,1111,5659,17,lemaist1
0,1113,5659,18,geniaux1
0,1115,5659,19,lguillo1
0,1116,5659,20,chqpost1
0,1119,5659,21,ptbrets1
0,1120,5659,22,repx2
0,1124,5659,23,tnb2
1,1126,5659,24,cdg
0,930,1218,1,cdg
0,933,1218,2,repwe
0,934,1218,3,ptbrets2
0,937,1218,4,chqpost2
0,938,1218,5,lguillo2
0,940,1218,6,geniaux2
0,943,1218,7,lemaist2
0,943,1218,8,lehosu2
0,944,1218,9,berthau2
0,946,1218,10,troimar2
0,947,1218,11,janaire2
0,949,1218,12,ptavoin2
0,950,1218,13,pinrheu2
0,951,1218,14,barbera2
0,951,1218,15,genets2
0,952,1218,16,bouleau2
0,953,1218,17,brassen2
0,955,1218,18,chfrelo2
0,956,1218,19,lyagric2
0,958,1218,20,broscin2
0,962,1218,21,noecin2
1,963,1218,22,chverc
0,800,1203,1,cdg
0,803,1203,2,repwe
0,804,1203,3,ptbrets2
0,807,1203,4,chqpost2
0,808,1203,5,lguillo2
0,810,1203,6,geniaux2
0,812,1203,7,lemaist2
0,812,1203,8,lehosu2
0,813,1203,9,berthau2
0,815,1203,10,troimar2
0,816,1203,11,janaire2
0,818,1203,12,ptavoin2
0,819,1203,13,pinrheu2
0,820,1203,14,barbera2
0,821,1203,15,genets2
0,822,1203,16,bouleau2
0,823,1203,17,brassen2
0,825,1203,18,chfrelo2
0,826,1203,19,lyagric2
0,828,1203,20,broscin2
0,832,1203,21,noecin2
1,833,1203,22,chverc
0,865,2725,1,brassen2
0,869,2725,2,broscin2
0,872,2725,3,noecin2
1,873,2725,4,chverc
0,1170,2674,1,cdg
0,1173,2674,2,repwe
0,1174,2674,3,ptbrets2
0,1177,2674,4,chqpost2
0,1178,2674,5,lguillo2
0,1180,2674,6,geniaux2
0,1183,2674,7,lemaist2
0,1183,2674,8,lehosu2
0,1184,2674,9,berthau2
0,1186,2674,10,troimar2
0,1187,2674,11,janaire2
0,1189,2674,12,ptavoin2
0,1190,2674,13,pinrheu2
0,1191,2674,14,barbera2
0,1192,2674,15,genets2
0,1193,2674,16,bouleau2
0,1194,2674,17,brassen2
0,1196,2674,18,chfrelo2
0,1197,2674,19,lyagric2
0,1199,2674,20,broscin2
0,1203,2674,21,noecin2
1,1204,2674,22,chverc
0,960,4456,1,cdg
0,963,4456,2,repwe
0,964,4456,3,ptbrets2
0,966,4456,4,chqpost2
0,967,4456,5,lguillo2
0,969,4456,6,geniaux2
0,970,4456,7,lemaist2
0,971,4456,8,lehosu2
0,971,4456,9,berthau2
0,973,4456,10,troimar2
0,974,4456,11,janaire2
0,976,4456,12,ptavoin2
0,977,4456,13,pinrheu2
0,979,4456,14,barbera2
0,980,4456,15,genets2
0,982,4456,16,bouleau2
0,984,4456,17,brassen2
0,985,4456,18,chfrelo2
0,985,4456,19,lyagric2
0,989,4456,20,gretay2
0,991,4456,21,lilamor2
0,992,4456,22,mamord2
0,993,4456,23,eglmord2
0,995,4456,24,patimor2
0,1009,4456,25,grippay2
0,1010,4456,26,avenir2
0,1010,4456,27,musscha2
0,1012,4456,28,calvcha2
1,1013,4456,29,cxblanc1
0,1055,5518,1,lyagric1
0,1056,5518,2,chfrelo1
0,1057,5518,3,brassen1
0,1058,5518,4,bouleau1
0,1059,5518,5,genets1
0,1061,5518,6,barbera1
0,1062,5518,7,pinrheu1
0,1064,5518,8,ptavoin1
0,1066,5518,9,janaire1
0,1068,5518,10,troimar1
0,1069,5518,11,monier1
0,1070,5518,12,berthau1
0,1071,5518,13,lehosu1
0,1071,5518,14,lemaist1
0,1073,5518,15,geniaux1
0,1075,5518,16,lguillo1
0,1076,5518,17,chqpost1
0,1079,5518,18,ptbrets1
0,1080,5518,19,repx2
0,1084,5518,20,tnb2
1,1086,5518,21,cdg
0,870,5539,1,cdg
0,873,5539,2,repwe
0,874,5539,3,ptbrets2
0,877,5539,4,chqpost2
0,878,5539,5,lguillo2
0,880,5539,6,geniaux2
0,883,5539,7,lemaist2
0,883,5539,8,lehosu2
0,884,5539,9,berthau2
0,886,5539,10,troimar2
0,887,5539,11,janaire2
0,889,5539,12,ptavoin2
0,890,5539,13,pinrheu2
0,891,5539,14,barbera2
0,892,5539,15,genets2
0,893,5539,16,bouleau2
0,894,5539,17,brassen2
0,896,5539,18,chfrelo2
0,897,5539,19,lyagric2
0,899,5539,20,broscin2
0,903,5539,21,noecin2
1,904,5539,22,chverc
0,1020,1150,1,cdg
0,1023,1150,2,repwe
0,1024,1150,3,ptbrets2
0,1026,1150,4,chqpost2
0,1027,1150,5,lguillo2
0,1029,1150,6,geniaux2
0,1030,1150,7,lemaist2
0,1031,1150,8,lehosu2
0,1031,1150,9,berthau2
0,1033,1150,10,troimar2
0,1034,1150,11,janaire2
0,1036,1150,12,ptavoin2
0,1037,1150,13,pinrheu2
0,1039,1150,14,barbera2
0,1040,1150,15,genets2
0,1042,1150,16,bouleau2
0,1044,1150,17,brassen2
0,1045,1150,18,chfrelo2
0,1045,1150,19,lyagric2
0,1049,1150,20,gretay2
0,1051,1150,21,lilamor2
0,1052,1150,22,mamord2
0,1053,1150,23,eglmord2
0,1055,1150,24,patimor2
0,1067,1150,25,bouvrai2
1,1067,1150,26,egverg2
0,1105,1171,1,brassen2
0,1109,1171,2,broscin2
0,1112,1171,3,noecin2
1,1113,1171,4,chverc
0,1008,2646,1,chverc
0,1009,2646,2,noecin1
0,1012,2646,3,broscin1
0,1015,2646,4,lyagric1
0,1016,2646,5,chfrelo1
0,1017,2646,6,brassen1
0,1018,2646,7,bouleau1
0,1019,2646,8,genets1
0,1021,2646,9,barbera1
0,1022,2646,10,pinrheu1
0,1024,2646,11,ptavoin1
0,1026,2646,12,janaire1
0,1028,2646,13,troimar1
0,1029,2646,14,monier1
0,1030,2646,15,berthau1
0,1031,2646,16,lehosu1
0,1031,2646,17,lemaist1
0,1033,2646,18,geniaux1
0,1035,2646,19,lguillo1
0,1036,2646,20,chqpost1
0,1039,2646,21,ptbrets1
0,1040,2646,22,repx2
0,1044,2646,23,tnb2
1,1046,2646,24,cdg
0,650,2625,1,cdg
0,653,2625,2,repwe
0,654,2625,3,ptbrets2
0,657,2625,4,chqpost2
0,658,2625,5,lguillo2
0,660,2625,6,geniaux2
0,662,2625,7,lemaist2
0,662,2625,8,lehosu2
0,663,2625,9,berthau2
0,665,2625,10,troimar2
0,666,2625,11,janaire2
0,669,2625,12,ptavoin2
0,670,2625,13,pinrheu2
0,671,2625,14,barbera2
0,672,2625,15,genets2
0,673,2625,16,bouleau2
0,674,2625,17,brassen2
0,676,2625,18,chfrelo2
1,677,2625,19,lyagric2
0,835,4393,1,lyagric1
0,836,4393,2,chfrelo1
0,837,4393,3,brassen1
0,838,4393,4,bouleau1
0,839,4393,5,genets1
0,840,4393,6,barbera1
0,841,4393,7,pinrheu1
0,843,4393,8,ptavoin1
0,845,4393,9,janaire1
0,847,4393,10,troimar1
0,848,4393,11,monier1
0,849,4393,12,berthau1
0,850,4393,13,lehosu1
0,850,4393,14,lemaist1
0,852,4393,15,geniaux1
0,854,4393,16,lguillo1
0,855,4393,17,chqpost1
0,858,4393,18,ptbrets1
0,860,4393,19,repx2
0,864,4393,20,tnb2
1,866,4393,21,cdg
0,910,1080,1,cdg
0,913,1080,2,repwe
0,914,1080,3,ptbrets2
0,917,1080,4,chqpost2
0,918,1080,5,lguillo2
0,920,1080,6,geniaux2
0,923,1080,7,lemaist2
0,923,1080,8,lehosu2
0,924,1080,9,berthau2
0,926,1080,10,troimar2
0,927,1080,11,janaire2
0,929,1080,12,ptavoin2
0,930,1080,13,pinrheu2
0,931,1080,14,barbera2
0,932,1080,15,genets2
0,933,1080,16,bouleau2
0,934,1080,17,brassen2
0,936,1080,18,chfrelo2
0,937,1080,19,lyagric2
0,939,1080,20,broscin2
0,943,1080,21,noecin2
1,944,1080,22,chverc
0,440,1081,1,cdg
0,443,1081,2,repwe
0,444,1081,3,ptbrets2
0,447,1081,4,chqpost2
0,448,1081,5,lguillo2
0,450,1081,6,geniaux2
0,452,1081,7,lemaist2
0,452,1081,8,lehosu2
0,453,1081,9,berthau2
0,455,1081,10,troimar2
0,456,1081,11,janaire2
0,458,1081,12,ptavoin2
0,459,1081,13,pinrheu2
0,460,1081,14,barbera2
0,460,1081,15,genets2
0,461,1081,16,bouleau2
0,462,1081,17,brassen2
0,464,1081,18,chfrelo2
0,465,1081,19,lyagric2
0,467,1081,20,broscin2
0,471,1081,21,noecin2
1,472,1081,22,chverc
0,1150,1078,1,cdg
0,1153,1078,2,repwe
0,1154,1078,3,ptbrets2
0,1157,1078,4,chqpost2
0,1158,1078,5,lguillo2
0,1160,1078,6,geniaux2
0,1163,1078,7,lemaist2
0,1163,1078,8,lehosu2
0,1164,1078,9,berthau2
0,1166,1078,10,troimar2
0,1167,1078,11,janaire2
0,1169,1078,12,ptavoin2
0,1170,1078,13,pinrheu2
0,1171,1078,14,barbera2
0,1172,1078,15,genets2
0,1173,1078,16,bouleau2
0,1174,1078,17,brassen2
0,1176,1078,18,chfrelo2
0,1177,1078,19,lyagric2
0,1179,1078,20,broscin2
0,1183,1078,21,noecin2
1,1184,1078,22,chverc
0,390,4368,1,cdg
0,393,4368,2,repwe
0,394,4368,3,ptbrets2
0,397,4368,4,chqpost2
0,398,4368,5,lguillo2
0,400,4368,6,geniaux2
0,403,4368,7,lemaist2
0,403,4368,8,lehosu2
0,404,4368,9,berthau2
0,406,4368,10,troimar2
0,407,4368,11,janaire2
0,409,4368,12,ptavoin2
0,410,4368,13,pinrheu2
0,411,4368,14,barbera2
0,412,4368,15,genets2
0,413,4368,16,bouleau2
0,414,4368,17,brassen2
0,416,4368,18,chfrelo2
0,417,4368,19,lyagric2
0,419,4368,20,broscin2
0,423,4368,21,noecin2
1,424,4368,22,chverc
0,875,2588,1,lyagric1
0,876,2588,2,chfrelo1
0,877,2588,3,brassen1
0,878,2588,4,bouleau1
0,879,2588,5,genets1
0,881,2588,6,barbera1
0,882,2588,7,pinrheu1
0,884,2588,8,ptavoin1
0,886,2588,9,janaire1
0,888,2588,10,troimar1
0,889,2588,11,monier1
0,890,2588,12,berthau1
0,891,2588,13,lehosu1
0,891,2588,14,lemaist1
0,893,2588,15,geniaux1
0,895,2588,16,lguillo1
0,896,2588,17,chqpost1
0,899,2588,18,ptbrets1
0,900,2588,19,repx2
0,904,2588,20,tnb2
1,906,2588,21,cdg
0,750,4348,1,cdg
0,753,4348,2,repwe
0,754,4348,3,ptbrets2
0,757,4348,4,chqpost2
0,758,4348,5,lguillo2
0,760,4348,6,geniaux2
0,763,4348,7,lemaist2
0,763,4348,8,lehosu2
0,764,4348,9,berthau2
0,766,4348,10,troimar2
0,767,4348,11,janaire2
0,769,4348,12,ptavoin2
0,770,4348,13,pinrheu2
0,771,4348,14,barbera2
0,772,4348,15,genets2
0,773,4348,16,bouleau2
0,774,4348,17,brassen2
0,776,4348,18,chfrelo2
0,777,4348,19,lyagric2
0,779,4348,20,broscin2
0,783,4348,21,noecin2
1,784,4348,22,chverc
0,770,4345,1,cdg
0,773,4345,2,repwe
0,774,4345,3,ptbrets2
0,777,4345,4,chqpost2
0,778,4345,5,lguillo2
0,780,4345,6,geniaux2
0,783,4345,7,lemaist2
0,783,4345,8,lehosu2
0,784,4345,9,berthau2
0,786,4345,10,troimar2
0,787,4345,11,janaire2
0,789,4345,12,ptavoin2
0,790,4345,13,pinrheu2
0,791,4345,14,barbera2
0,792,4345,15,genets2
0,793,4345,16,bouleau2
0,794,4345,17,brassen2
0,796,4345,18,chfrelo2
0,797,4345,19,lyagric2
0,799,4345,20,broscin2
0,803,4345,21,noecin2
1,804,4345,22,chverc
0,1093,5407,1,chverc
0,1094,5407,2,noecin1
0,1097,5407,3,broscin1
0,1100,5407,4,lyagric1
0,1101,5407,5,chfrelo1
0,1102,5407,6,brassen1
0,1103,5407,7,bouleau1
0,1104,5407,8,genets1
0,1106,5407,9,barbera1
0,1107,5407,10,pinrheu1
0,1109,5407,11,ptavoin1
0,1111,5407,12,janaire1
0,1113,5407,13,troimar1
0,1114,5407,14,monier1
0,1115,5407,15,berthau1
0,1116,5407,16,lehosu1
0,1116,5407,17,lemaist1
0,1118,5407,18,geniaux1
0,1120,5407,19,lguillo1
0,1121,5407,20,chqpost1
0,1124,5407,21,ptbrets1
0,1126,5407,22,repx2
0,1130,5407,23,tnb2
1,1132,5407,24,cdg
0,598,4342,1,chverc
0,599,4342,2,noecin1
0,602,4342,3,broscin1
0,605,4342,4,lyagric1
0,606,4342,5,chfrelo1
0,607,4342,6,brassen1
0,608,4342,7,bouleau1
0,609,4342,8,genets1
0,611,4342,9,barbera1
0,612,4342,10,pinrheu1
0,614,4342,11,ptavoin1
0,616,4342,12,janaire1
0,618,4342,13,troimar1
0,619,4342,14,monier1
0,620,4342,15,berthau1
0,620,4342,16,lehosu1
0,621,4342,17,lemaist1
0,623,4342,18,geniaux1
0,624,4342,19,lguillo1
0,625,4342,20,chqpost1
0,628,4342,21,ptbrets1
0,629,4342,22,repx2
0,633,4342,23,tnb2
1,635,4342,24,cdg
0,1228,4337,1,chverc
0,1229,4337,2,noecin1
0,1232,4337,3,broscin1
0,1235,4337,4,lyagric1
0,1236,4337,5,chfrelo1
0,1237,4337,6,brassen1
0,1238,4337,7,bouleau1
0,1239,4337,8,genets1
0,1240,4337,9,barbera1
0,1241,4337,10,pinrheu1
0,1243,4337,11,ptavoin1
0,1245,4337,12,janaire1
0,1246,4337,13,troimar1
0,1247,4337,14,monier1
0,1248,4337,15,berthau1
0,1248,4337,16,lehosu1
0,1249,4337,17,lemaist1
0,1251,4337,18,geniaux1
0,1252,4337,19,lguillo1
0,1253,4337,20,chqpost1
0,1256,4337,21,ptbrets1
0,1257,4337,22,repx2
0,1261,4337,23,tnb2
1,1263,4337,24,cdg
0,908,1001,1,chverc
0,909,1001,2,noecin1
0,912,1001,3,broscin1
0,915,1001,4,lyagric1
0,916,1001,5,chfrelo1
0,917,1001,6,brassen1
0,918,1001,7,bouleau1
0,919,1001,8,genets1
0,921,1001,9,barbera1
0,922,1001,10,pinrheu1
0,924,1001,11,ptavoin1
0,926,1001,12,janaire1
0,928,1001,13,troimar1
0,929,1001,14,monier1
0,930,1001,15,berthau1
0,931,1001,16,lehosu1
0,931,1001,17,lemaist1
0,933,1001,18,geniaux1
0,935,1001,19,lguillo1
0,936,1001,20,chqpost1
0,939,1001,21,ptbrets1
0,940,1001,22,repx2
0,944,1001,23,tnb2
1,946,1001,24,cdg
0,888,5448,1,chverc
0,889,5448,2,noecin1
0,892,5448,3,broscin1
0,895,5448,4,lyagric1
0,896,5448,5,chfrelo1
0,897,5448,6,brassen1
0,898,5448,7,bouleau1
0,899,5448,8,genets1
0,901,5448,9,barbera1
0,902,5448,10,pinrheu1
0,904,5448,11,ptavoin1
0,906,5448,12,janaire1
0,908,5448,13,troimar1
0,909,5448,14,monier1
0,910,5448,15,berthau1
0,911,5448,16,lehosu1
0,911,5448,17,lemaist1
0,913,5448,18,geniaux1
0,915,5448,19,lguillo1
0,916,5448,20,chqpost1
0,919,5448,21,ptbrets1
0,920,5448,22,repx2
0,924,5448,23,tnb2
1,926,5448,24,cdg
0,810,5454,1,cdg
0,813,5454,2,repwe
0,814,5454,3,ptbrets2
0,817,5454,4,chqpost2
0,818,5454,5,lguillo2
0,820,5454,6,geniaux2
0,823,5454,7,lemaist2
0,823,5454,8,lehosu2
0,824,5454,9,berthau2
0,826,5454,10,troimar2
0,827,5454,11,janaire2
0,829,5454,12,ptavoin2
0,830,5454,13,pinrheu2
0,831,5454,14,barbera2
0,832,5454,15,genets2
0,833,5454,16,bouleau2
0,834,5454,17,brassen2
0,836,5454,18,chfrelo2
0,837,5454,19,lyagric2
0,839,5454,20,broscin2
0,843,5454,21,noecin2
1,844,5454,22,chverc
0,535,5423,1,lyagric1
0,537,5423,2,chfrelo1
0,538,5423,3,brassen1
0,539,5423,4,bouleau1
0,540,5423,5,genets1
0,541,5423,6,barbera1
0,542,5423,7,pinrheu1
0,544,5423,8,ptavoin1
0,547,5423,9,janaire1
0,549,5423,10,troimar1
0,550,5423,11,monier1
0,551,5423,12,berthau1
0,552,5423,13,lehosu1
0,552,5423,14,lemaist1
0,554,5423,15,geniaux1
0,556,5423,16,lguillo1
0,557,5423,17,chqpost1
0,560,5423,18,ptbrets1
0,562,5423,19,repx2
0,566,5423,20,tnb2
1,568,5423,21,cdg
0,1225,5375,1,brassen2
0,1229,5375,2,broscin2
0,1232,5375,3,noecin2
1,1233,5375,4,chverc
0,428,5306,1,chverc
0,429,5306,2,noecin1
0,432,5306,3,broscin1
0,435,5306,4,lyagric1
0,437,5306,5,chfrelo1
0,438,5306,6,brassen1
0,439,5306,7,bouleau1
0,441,5306,8,genets1
0,443,5306,9,barbera1
0,444,5306,10,pinrheu1
0,446,5306,11,ptavoin1
0,450,5306,12,janaire1
0,452,5306,13,troimar1
0,453,5306,14,monier1
0,454,5306,15,berthau1
0,455,5306,16,lehosu1
0,455,5306,17,lemaist1
0,457,5306,18,geniaux1
0,459,5306,19,lguillo1
0,461,5306,20,chqpost1
0,464,5306,21,ptbrets1
0,466,5306,22,repx2
0,470,5306,23,tnb2
1,472,5306,24,cdg
0,548,5304,1,chverc
0,549,5304,2,noecin1
0,552,5304,3,broscin1
0,555,5304,4,lyagric1
0,556,5304,5,chfrelo1
0,557,5304,6,brassen1
0,558,5304,7,bouleau1
0,559,5304,8,genets1
0,560,5304,9,barbera1
0,561,5304,10,pinrheu1
0,563,5304,11,ptavoin1
0,566,5304,12,janaire1
0,568,5304,13,troimar1
0,569,5304,14,monier1
0,570,5304,15,berthau1
0,571,5304,16,lehosu1
0,571,5304,17,lemaist1
0,573,5304,18,geniaux1
0,575,5304,19,lguillo1
0,576,5304,20,chqpost1
0,579,5304,21,ptbrets1
0,581,5304,22,repx2
0,585,5304,23,tnb2
1,587,5304,24,cdg
0,620,6051,1,cdg
0,623,6051,2,repwe
0,624,6051,3,ptbrets2
0,627,6051,4,chqpost2
0,628,6051,5,lguillo2
0,630,6051,6,geniaux2
0,632,6051,7,lemaist2
0,632,6051,8,lehosu2
0,633,6051,9,berthau2
0,635,6051,10,troimar2
0,636,6051,11,janaire2
0,639,6051,12,ptavoin2
0,640,6051,13,pinrheu2
0,641,6051,14,barbera2
0,642,6051,15,genets2
0,643,6051,16,bouleau2
0,644,6051,17,brassen2
0,646,6051,18,chfrelo2
0,647,6051,19,lyagric2
0,649,6051,20,broscin2
0,653,6051,21,noecin2
1,654,6051,22,chverc
0,530,5386,1,cdg
0,533,5386,2,repwe
0,534,5386,3,ptbrets2
0,537,5386,4,chqpost2
0,538,5386,5,lguillo2
0,540,5386,6,geniaux2
0,542,5386,7,lemaist2
0,542,5386,8,lehosu2
0,543,5386,9,berthau2
0,545,5386,10,troimar2
0,546,5386,11,janaire2
0,548,5386,12,ptavoin2
0,549,5386,13,pinrheu2
0,550,5386,14,barbera2
0,550,5386,15,genets2
0,551,5386,16,bouleau2
0,552,5386,17,brassen2
0,554,5386,18,chfrelo2
0,555,5386,19,lyagric2
0,557,5386,20,broscin2
0,561,5386,21,noecin2
1,562,5386,22,chverc
0,900,5261,1,cxblanc1
0,901,5261,2,calvcha1
0,903,5261,3,musscha1
0,903,5261,4,avenir1
0,904,5261,5,grippay1
0,917,5261,6,patimor1
0,919,5261,7,eglmord1
0,920,5261,8,mamord1
0,922,5261,9,lilamor1
0,923,5261,10,gretay1
0,927,5261,11,lyagric1
0,928,5261,12,chfrelo1
0,928,5261,13,brassen1
0,929,5261,14,bouleau1
0,930,5261,15,genets1
0,931,5261,16,barbera1
0,931,5261,17,pinrheu1
0,933,5261,18,ptavoin1
0,937,5261,19,janaire1
0,939,5261,20,troimar1
0,940,5261,21,monier1
0,941,5261,22,berthau1
0,941,5261,23,lehosu1
0,942,5261,24,lemaist1
0,944,5261,25,geniaux1
0,945,5261,26,lguillo1
0,946,5261,27,chqpost1
0,949,5261,28,ptbrets1
0,950,5261,29,repx2
0,953,5261,30,tnb2
1,955,5261,31,cdg
0,628,5297,1,chverc
0,629,5297,2,noecin1
0,632,5297,3,broscin1
0,635,5297,4,lyagric1
0,636,5297,5,chfrelo1
0,637,5297,6,brassen1
0,638,5297,7,bouleau1
0,639,5297,8,genets1
0,641,5297,9,barbera1
0,642,5297,10,pinrheu1
0,644,5297,11,ptavoin1
0,646,5297,12,janaire1
0,648,5297,13,troimar1
0,649,5297,14,monier1
0,650,5297,15,berthau1
0,650,5297,16,lehosu1
0,651,5297,17,lemaist1
0,653,5297,18,geniaux1
0,654,5297,19,lguillo1
0,655,5297,20,chqpost1
0,658,5297,21,ptbrets1
0,659,5297,22,repx2
0,663,5297,23,tnb2
1,665,5297,24,cdg
0,1190,4047,1,cdg
0,1193,4047,2,repwe
0,1194,4047,3,ptbrets2
0,1197,4047,4,chqpost2
0,1198,4047,5,lguillo2
0,1200,4047,6,geniaux2
0,1203,4047,7,lemaist2
0,1203,4047,8,lehosu2
0,1204,4047,9,berthau2
0,1206,4047,10,troimar2
0,1207,4047,11,janaire2
0,1209,4047,12,ptavoin2
0,1210,4047,13,pinrheu2
0,1211,4047,14,barbera2
0,1212,4047,15,genets2
0,1213,4047,16,bouleau2
0,1214,4047,17,brassen2
0,1216,4047,18,chfrelo2
0,1217,4047,19,lyagric2
0,1219,4047,20,broscin2
0,1223,4047,21,noecin2
1,1224,4047,22,chverc
0,908,6263,1,chverc
0,909,6263,2,noecin1
0,912,6263,3,broscin1
0,915,6263,4,lyagric1
0,916,6263,5,chfrelo1
0,917,6263,6,brassen1
0,918,6263,7,bouleau1
0,919,6263,8,genets1
0,920,6263,9,barbera1
0,921,6263,10,pinrheu1
0,923,6263,11,ptavoin1
0,925,6263,12,janaire1
0,927,6263,13,troimar1
0,928,6263,14,monier1
0,929,6263,15,berthau1
0,930,6263,16,lehosu1
0,930,6263,17,lemaist1
0,932,6263,18,geniaux1
0,934,6263,19,lguillo1
0,935,6263,20,chqpost1
0,938,6263,21,ptbrets1
0,940,6263,22,repx2
0,944,6263,23,tnb2
1,946,6263,24,cdg
0,478,6247,1,chverc
0,479,6247,2,noecin1
0,482,6247,3,broscin1
0,485,6247,4,lyagric1
0,486,6247,5,chfrelo1
0,487,6247,6,brassen1
0,488,6247,7,bouleau1
0,489,6247,8,genets1
0,491,6247,9,barbera1
0,492,6247,10,pinrheu1
0,494,6247,11,ptavoin1
0,496,6247,12,janaire1
0,498,6247,13,troimar1
0,499,6247,14,monier1
0,500,6247,15,berthau1
0,500,6247,16,lehosu1
0,501,6247,17,lemaist1
0,503,6247,18,geniaux1
0,504,6247,19,lguillo1
0,505,6247,20,chqpost1
0,508,6247,21,ptbrets1
0,509,6247,22,repx2
0,513,6247,23,tnb2
1,515,6247,24,cdg
0,575,6234,1,lyagric1
0,576,6234,2,chfrelo1
0,577,6234,3,brassen1
0,578,6234,4,bouleau1
0,579,6234,5,genets1
0,580,6234,6,barbera1
0,581,6234,7,pinrheu1
0,583,6234,8,ptavoin1
0,585,6234,9,janaire1
0,587,6234,10,troimar1
0,588,6234,11,monier1
0,589,6234,12,berthau1
0,590,6234,13,lehosu1
0,590,6234,14,lemaist1
0,592,6234,15,geniaux1
0,594,6234,16,lguillo1
0,595,6234,17,chqpost1
0,598,6234,18,ptbrets1
0,600,6234,19,repx2
0,604,6234,20,tnb2
1,606,6234,21,cdg
0,1013,6212,1,chverc
0,1014,6212,2,noecin1
0,1017,6212,3,broscin1
0,1020,6212,4,lyagric1
0,1021,6212,5,chfrelo1
0,1022,6212,6,brassen1
0,1023,6212,7,bouleau1
0,1024,6212,8,genets1
0,1026,6212,9,barbera1
0,1027,6212,10,pinrheu1
0,1029,6212,11,ptavoin1
0,1032,6212,12,janaire1
0,1034,6212,13,troimar1
0,1035,6212,14,monier1
0,1036,6212,15,berthau1
0,1037,6212,16,lehosu1
0,1037,6212,17,lemaist1
0,1039,6212,18,geniaux1
0,1041,6212,19,lguillo1
0,1042,6212,20,chqpost1
0,1045,6212,21,ptbrets1
0,1047,6212,22,repx2
0,1051,6212,23,tnb2
1,1053,6212,24,cdg
0,755,4068,1,lyagric1
0,756,4068,2,chfrelo1
0,757,4068,3,brassen1
0,758,4068,4,bouleau1
0,759,4068,5,genets1
0,760,4068,6,barbera1
0,761,4068,7,pinrheu1
0,763,4068,8,ptavoin1
0,765,4068,9,janaire1
0,767,4068,10,troimar1
0,768,4068,11,monier1
0,769,4068,12,berthau1
0,770,4068,13,lehosu1
0,770,4068,14,lemaist1
0,772,4068,15,geniaux1
0,774,4068,16,lguillo1
0,775,4068,17,chqpost1
0,778,4068,18,ptbrets1
0,780,4068,19,repx2
0,784,4068,20,tnb2
1,786,4068,21,cdg
0,948,5139,1,chverc
0,949,5139,2,noecin1
0,952,5139,3,broscin1
0,955,5139,4,lyagric1
0,956,5139,5,chfrelo1
0,957,5139,6,brassen1
0,958,5139,7,bouleau1
0,959,5139,8,genets1
0,961,5139,9,barbera1
0,962,5139,10,pinrheu1
0,964,5139,11,ptavoin1
0,966,5139,12,janaire1
0,968,5139,13,troimar1
0,969,5139,14,monier1
0,970,5139,15,berthau1
0,971,5139,16,lehosu1
0,971,5139,17,lemaist1
0,973,5139,18,geniaux1
0,975,5139,19,lguillo1
0,976,5139,20,chqpost1
0,979,5139,21,ptbrets1
0,980,5139,22,repx2
0,984,5139,23,tnb2
1,986,5139,24,cdg
0,1200,5199,1,cdg
0,1203,5199,2,repwe
0,1204,5199,3,ptbrets2
0,1206,5199,4,chqpost2
0,1207,5199,5,lguillo2
0,1209,5199,6,geniaux2
0,1210,5199,7,lemaist2
0,1211,5199,8,lehosu2
0,1211,5199,9,berthau2
0,1213,5199,10,troimar2
0,1214,5199,11,janaire2
0,1216,5199,12,ptavoin2
0,1217,5199,13,pinrheu2
0,1219,5199,14,barbera2
0,1220,5199,15,genets2
0,1222,5199,16,bouleau2
0,1224,5199,17,brassen2
0,1225,5199,18,chfrelo2
0,1225,5199,19,lyagric2
0,1229,5199,20,gretay2
0,1231,5199,21,lilamor2
0,1232,5199,22,mamord2
0,1233,5199,23,eglmord2
0,1235,5199,24,patimor2
0,1249,5199,25,grippay2
0,1250,5199,26,avenir2
0,1250,5199,27,musscha2
0,1252,5199,28,calvcha2
1,1253,5199,29,cxblanc1
0,950,5009,1,cdg
0,953,5009,2,repwe
0,954,5009,3,ptbrets2
0,957,5009,4,chqpost2
0,958,5009,5,lguillo2
0,960,5009,6,geniaux2
0,963,5009,7,lemaist2
0,963,5009,8,lehosu2
0,964,5009,9,berthau2
0,966,5009,10,troimar2
0,967,5009,11,janaire2
0,969,5009,12,ptavoin2
0,970,5009,13,pinrheu2
0,971,5009,14,barbera2
0,972,5009,15,genets2
0,973,5009,16,bouleau2
0,974,5009,17,brassen2
0,976,5009,18,chfrelo2
0,977,5009,19,lyagric2
0,979,5009,20,broscin2
0,983,5009,21,noecin2
1,984,5009,22,chverc
0,1010,6170,1,cdg
0,1013,6170,2,repwe
0,1014,6170,3,ptbrets2
0,1017,6170,4,chqpost2
0,1018,6170,5,lguillo2
0,1020,6170,6,geniaux2
0,1023,6170,7,lemaist2
0,1023,6170,8,lehosu2
0,1024,6170,9,berthau2
0,1026,6170,10,troimar2
0,1027,6170,11,janaire2
0,1030,6170,12,ptavoin2
0,1031,6170,13,pinrheu2
0,1032,6170,14,barbera2
0,1033,6170,15,genets2
0,1034,6170,16,bouleau2
0,1035,6170,17,brassen2
0,1037,6170,18,chfrelo2
1,1038,6170,19,lyagric2
0,448,6179,1,chverc
0,449,6179,2,noecin1
0,452,6179,3,broscin1
0,455,6179,4,lyagric1
0,457,6179,5,chfrelo1
0,458,6179,6,brassen1
0,459,6179,7,bouleau1
0,461,6179,8,genets1
0,463,6179,9,barbera1
0,464,6179,10,pinrheu1
0,466,6179,11,ptavoin1
0,470,6179,12,janaire1
0,472,6179,13,troimar1
0,473,6179,14,monier1
0,474,6179,15,berthau1
0,475,6179,16,lehosu1
0,475,6179,17,lemaist1
0,477,6179,18,geniaux1
0,479,6179,19,lguillo1
0,481,6179,20,chqpost1
0,484,6179,21,ptbrets1
0,486,6179,22,repx2
0,490,6179,23,tnb2
1,492,6179,24,cdg
0,875,6119,1,lyagric1
0,876,6119,2,chfrelo1
0,877,6119,3,brassen1
0,878,6119,4,bouleau1
0,879,6119,5,genets1
0,880,6119,6,barbera1
0,881,6119,7,pinrheu1
0,883,6119,8,ptavoin1
0,885,6119,9,janaire1
0,887,6119,10,troimar1
0,888,6119,11,monier1
0,889,6119,12,berthau1
0,890,6119,13,lehosu1
0,890,6119,14,lemaist1
0,892,6119,15,geniaux1
0,894,6119,16,lguillo1
0,895,6119,17,chqpost1
0,898,6119,18,ptbrets1
0,900,6119,19,repx2
0,904,6119,20,tnb2
1,906,6119,21,cdg
0,1380,6139,1,repwe
0,1381,6139,2,ptbrets2
0,1384,6139,3,chqpost2
0,1385,6139,4,lguillo2
0,1387,6139,5,geniaux2
0,1388,6139,6,lemaist2
0,1389,6139,7,lehosu2
0,1389,6139,8,berthau2
0,1391,6139,9,troimar2
0,1393,6139,10,janaire2
0,1395,6139,11,ptavoin2
0,1397,6139,12,pinrheu2
0,1398,6139,14,barbera2
0,1399,6139,15,genets2
0,1400,6139,16,bouleau2
0,1401,6139,17,brassen2
0,1402,6139,18,chfrelo2
0,1402,6139,19,lyagric2
0,1407,6139,20,gretay2
0,1409,6139,21,lilamor2
0,1410,6139,22,mamord2
0,1411,6139,23,eglmord2
0,1413,6139,24,patimor1
0,1427,6139,25,grippay2
0,1429,6139,26,avenir2
0,1429,6139,27,musscha2
0,1431,6139,28,calvcha2
1,1433,6139,29,cxblanc1
0,1090,5084,1,cdg
0,1093,5084,2,repwe
0,1094,5084,3,ptbrets2
0,1097,5084,4,chqpost2
0,1098,5084,5,lguillo2
0,1100,5084,6,geniaux2
0,1103,5084,7,lemaist2
0,1103,5084,8,lehosu2
0,1104,5084,9,berthau2
0,1106,5084,10,troimar2
0,1107,5084,11,janaire2
0,1110,5084,12,ptavoin2
0,1111,5084,13,pinrheu2
0,1112,5084,14,barbera2
0,1113,5084,15,genets2
0,1114,5084,16,bouleau2
0,1115,5084,17,brassen2
0,1117,5084,18,chfrelo2
0,1118,5084,19,lyagric2
0,1120,5084,20,broscin2
0,1124,5084,21,noecin2
1,1125,5084,22,chverc
0,1010,6434,1,cdg
0,1013,6434,2,repwe
0,1014,6434,3,ptbrets2
0,1017,6434,4,chqpost2
0,1018,6434,5,lguillo2
0,1021,6434,6,geniaux2
0,1023,6434,7,lemaist2
0,1024,6434,8,lehosu2
0,1025,6434,9,berthau2
0,1028,6434,10,troimar2
0,1030,6434,11,janaire2
0,1032,6434,12,ptavoin2
0,1034,6434,13,pinrheu2
0,1035,6434,14,barbera2
0,1036,6434,15,genets2
0,1038,6434,16,bouleau2
0,1039,6434,17,brassen2
0,1041,6434,18,chfrelo2
0,1042,6434,19,lyagric2
0,1044,6434,20,broscin2
0,1048,6434,21,noecin2
1,1049,6434,22,chverc
0,850,6355,1,cdg
0,853,6355,2,repwe
0,854,6355,3,ptbrets2
0,857,6355,4,chqpost2
0,858,6355,5,lguillo2
0,860,6355,6,geniaux2
0,863,6355,7,lemaist2
0,863,6355,8,lehosu2
0,864,6355,9,berthau2
0,866,6355,10,troimar2
0,867,6355,11,janaire2
0,869,6355,12,ptavoin2
0,870,6355,13,pinrheu2
0,871,6355,14,barbera2
0,871,6355,15,genets2
0,872,6355,16,bouleau2
0,873,6355,17,brassen2
0,875,6355,18,chfrelo2
0,876,6355,19,lyagric2
0,878,6355,20,broscin2
0,882,6355,21,noecin2
1,883,6355,22,chverc
0,448,6318,1,chverc
0,449,6318,2,noecin1
0,452,6318,3,broscin1
0,455,6318,4,lyagric1
0,456,6318,5,chfrelo1
0,457,6318,6,brassen1
0,458,6318,7,bouleau1
0,459,6318,8,genets1
0,460,6318,9,barbera1
0,461,6318,10,pinrheu1
0,463,6318,11,ptavoin1
0,465,6318,12,janaire1
0,466,6318,13,troimar1
0,467,6318,14,monier1
0,468,6318,15,berthau1
0,468,6318,16,lehosu1
0,469,6318,17,lemaist1
0,471,6318,18,geniaux1
0,472,6318,19,lguillo1
0,473,6318,20,chqpost1
0,475,6318,21,ptbrets1
0,476,6318,22,repx2
0,480,6318,23,tnb2
1,482,6318,24,cdg
0,1380,6314,1,repwe
0,1381,6314,2,ptbrets2
0,1383,6314,3,chqpost2
0,1384,6314,4,lguillo2
0,1386,6314,5,geniaux2
0,1388,6314,6,lemaist2
0,1388,6314,7,lehosu2
0,1389,6314,8,berthau2
0,1391,6314,9,troimar2
0,1393,6314,10,janaire2
0,1395,6314,11,ptavoin2
0,1397,6314,12,pinrheu2
0,1398,6314,14,barbera2
0,1399,6314,15,genets2
0,1400,6314,16,bouleau2
0,1401,6314,17,brassen2
0,1402,6314,18,chfrelo2
0,1402,6314,19,lyagric2
0,1407,6314,20,gretay2
0,1409,6314,21,lilamor2
0,1410,6314,22,mamord2
0,1411,6314,23,eglmord2
0,1413,6314,24,patimor1
0,1427,6314,25,grippay2
0,1429,6314,26,avenir2
0,1429,6314,27,musscha2
0,1431,6314,28,calvcha2
1,1433,6314,29,cxblanc1
0,1030,1905,1,cdg
0,1033,1905,2,repwe
0,1034,1905,3,ptbrets2
0,1037,1905,4,chqpost2
0,1038,1905,5,lguillo2
0,1041,1905,6,geniaux2
0,1043,1905,7,lemaist2
0,1044,1905,8,lehosu2
0,1045,1905,9,berthau2
0,1048,1905,10,troimar2
0,1050,1905,11,janaire2
0,1052,1905,12,ptavoin2
0,1054,1905,13,pinrheu2
0,1055,1905,14,barbera2
0,1056,1905,15,genets2
0,1058,1905,16,bouleau2
0,1059,1905,17,brassen2
0,1061,1905,18,chfrelo2
0,1062,1905,19,lyagric2
0,1064,1905,20,broscin2
0,1068,1905,21,noecin2
1,1069,1905,22,chverc
0,768,6578,1,chverc
0,769,6578,2,noecin1
0,772,6578,3,broscin1
0,775,6578,4,lyagric1
0,776,6578,5,chfrelo1
0,777,6578,6,brassen1
0,778,6578,7,bouleau1
0,779,6578,8,genets1
0,780,6578,9,barbera1
0,781,6578,10,pinrheu1
0,783,6578,11,ptavoin1
0,785,6578,12,janaire1
0,787,6578,13,troimar1
0,788,6578,14,monier1
0,789,6578,15,berthau1
0,790,6578,16,lehosu1
0,790,6578,17,lemaist1
0,792,6578,18,geniaux1
0,794,6578,19,lguillo1
0,795,6578,20,chqpost1
0,798,6578,21,ptbrets1
0,800,6578,22,repx2
0,804,6578,23,tnb2
1,806,6578,24,cdg
0,1030,1921,1,cdg
0,1033,1921,2,repwe
0,1034,1921,3,ptbrets2
0,1037,1921,4,chqpost2
0,1038,1921,5,lguillo2
0,1040,1921,6,geniaux2
0,1043,1921,7,lemaist2
0,1043,1921,8,lehosu2
0,1044,1921,9,berthau2
0,1046,1921,10,troimar2
0,1047,1921,11,janaire2
0,1050,1921,12,ptavoin2
0,1051,1921,13,pinrheu2
0,1052,1921,14,barbera2
0,1053,1921,15,genets2
0,1054,1921,16,bouleau2
0,1055,1921,17,brassen2
0,1057,1921,18,chfrelo2
0,1058,1921,19,lyagric2
0,1060,1921,20,broscin2
0,1064,1921,21,noecin2
1,1065,1921,22,chverc
0,848,6576,1,chverc
0,849,6576,2,noecin1
0,852,6576,3,broscin1
0,855,6576,4,lyagric1
0,856,6576,5,chfrelo1
0,857,6576,6,brassen1
0,858,6576,7,bouleau1
0,859,6576,8,genets1
0,861,6576,9,barbera1
0,862,6576,10,pinrheu1
0,864,6576,11,ptavoin1
0,866,6576,12,janaire1
0,868,6576,13,troimar1
0,869,6576,14,monier1
0,870,6576,15,berthau1
0,871,6576,16,lehosu1
0,871,6576,17,lemaist1
0,873,6576,18,geniaux1
0,875,6576,19,lguillo1
0,876,6576,20,chqpost1
0,879,6576,21,ptbrets1
0,880,6576,22,repx2
0,884,6576,23,tnb2
1,886,6576,24,cdg
0,848,6577,1,chverc
0,849,6577,2,noecin1
0,852,6577,3,broscin1
0,855,6577,4,lyagric1
0,856,6577,5,chfrelo1
0,857,6577,6,brassen1
0,858,6577,7,bouleau1
0,859,6577,8,genets1
0,860,6577,9,barbera1
0,861,6577,10,pinrheu1
0,863,6577,11,ptavoin1
0,865,6577,12,janaire1
0,867,6577,13,troimar1
0,868,6577,14,monier1
0,869,6577,15,berthau1
0,870,6577,16,lehosu1
0,870,6577,17,lemaist1
0,872,6577,18,geniaux1
0,874,6577,19,lguillo1
0,875,6577,20,chqpost1
0,878,6577,21,ptbrets1
0,880,6577,22,repx2
0,884,6577,23,tnb2
1,886,6577,24,cdg
0,1130,1934,1,cdg
0,1133,1934,2,repwe
0,1134,1934,3,ptbrets2
0,1137,1934,4,chqpost2
0,1138,1934,5,lguillo2
0,1140,1934,6,geniaux2
0,1143,1934,7,lemaist2
0,1143,1934,8,lehosu2
0,1144,1934,9,berthau2
0,1146,1934,10,troimar2
0,1147,1934,11,janaire2
0,1149,1934,12,ptavoin2
0,1150,1934,13,pinrheu2
0,1151,1934,14,barbera2
0,1152,1934,15,genets2
0,1153,1934,16,bouleau2
0,1154,1934,17,brassen2
0,1156,1934,18,chfrelo2
0,1157,1934,19,lyagric2
0,1159,1934,20,broscin2
0,1163,1934,21,noecin2
1,1164,1934,22,chverc
0,1110,1942,1,cdg
0,1113,1942,2,repwe
0,1114,1942,3,ptbrets2
0,1117,1942,4,chqpost2
0,1118,1942,5,lguillo2
0,1120,1942,6,geniaux2
0,1123,1942,7,lemaist2
0,1123,1942,8,lehosu2
0,1124,1942,9,berthau2
0,1126,1942,10,troimar2
0,1127,1942,11,janaire2
0,1130,1942,12,ptavoin2
0,1131,1942,13,pinrheu2
0,1132,1942,14,barbera2
0,1133,1942,15,genets2
0,1134,1942,16,bouleau2
0,1135,1942,17,brassen2
0,1137,1942,18,chfrelo2
0,1138,1942,19,lyagric2
0,1140,1942,20,broscin2
0,1144,1942,21,noecin2
1,1145,1942,22,chverc
