arret_id,trajet_id,heure_depart,stop_sequence,terminus
stgillw1,15,970,1,0
censtg1,15,971,2,0
clomarg1,15,972,3,0
etgstg1,15,973,4,0
vigne1,15,974,5,0
fouaye1,15,976,6,0
chenam1,15,978,7,0
leon1,15,979,8,0
tchemil1,15,980,9,0
pinault1,15,981,10,0
nomi1,15,984,11,0
berry1,15,991,12,0
bourdon1,15,991,13,0
villj4,15,995,14,0
idftill2,15,999,15,0
robique2,15,1002,16,0
vizeule2,15,1005,17,0
metrie2,15,1006,18,0
belepmo2,15,1007,19,0
courtin2,15,1008,20,0
mamont2,15,1010,21,0
texier2,15,1011,22,0
fougero2,15,1012,23,0
siland2,15,1013,24,0
senestr2,15,1014,25,0
viennai2,15,1015,26,0
machftz2,15,1015,27,0
chataig2,15,1017,28,0
bignoch2,15,1018,29,0
bersand1,15,1019,30,1
villj4,3298,915,1,0
idftill2,3298,919,2,0
robique2,3298,922,3,0
vizeule2,3298,925,4,0
metrie2,3298,926,5,0
belepmo2,3298,927,6,0
courtin2,3298,928,7,0
mamont2,3298,929,8,0
texier2,3298,930,9,0
fougero2,3298,931,10,0
siland2,3298,932,11,0
senestr2,3298,933,12,0
viennai2,3298,934,13,0
machftz2,3298,934,14,0
chataig2,3298,935,15,0
bignoch2,3298,936,16,0
bersand1,3298,937,17,1
villj3,2186,900,1,0
idftill2,2186,903,2,0
robique2,2186,906,3,0
vizeule2,2186,908,4,0
metrie2,2186,910,5,0
belepmo2,2186,910,6,0
courtin2,2186,911,7,0
mamont2,2186,912,8,0
texier2,2186,913,9,0
fougero2,2186,914,10,0
siland2,2186,915,11,0
senestr2,2186,917,12,0
viennai2,2186,918,13,0
machftz2,2186,918,14,0
chataig2,2186,919,15,0
bignoch2,2186,919,16,0
bersand1,2186,920,17,0
broscha2,2186,921,18,0
flume2,2186,929,19,0
mageve2,2186,930,20,0
plbrea,2186,931,21,1
stgillw1,2249,911,1,0
censtg1,2249,912,2,0
clomarg1,2249,913,3,0
etgstg1,2249,914,4,0
vigne1,2249,915,5,0
fouaye1,2249,917,6,0
chenam1,2249,919,7,0
leon1,2249,920,8,0
tchemil1,2249,921,9,0
pinault1,2249,922,10,0
nomi1,2249,924,11,0
berry1,2249,931,12,0
bourdon1,2249,931,13,0
villj4,2249,935,14,0
idftill2,2249,939,15,0
robique2,2249,942,16,0
vizeule2,2249,945,17,0
metrie2,2249,946,18,0
belepmo2,2249,947,19,0
courtin2,2249,948,20,0
mamont2,2249,949,21,0
texier2,2249,950,22,0
fougero2,2249,951,23,0
siland2,2249,952,24,0
senestr2,2249,953,25,0
viennai2,2249,954,26,0
machftz2,2249,954,27,0
chataig2,2249,955,28,0
bignoch2,2249,956,29,0
bersand1,2249,957,30,1
stgillw1,2245,1090,1,0
censtg1,2245,1091,2,0
clomarg1,2245,1092,3,0
etgstg1,2245,1093,4,0
vigne1,2245,1094,5,0
fouaye1,2245,1096,6,0
chenam1,2245,1098,7,0
leon1,2245,1099,8,0
tchemil1,2245,1100,9,0
pinault1,2245,1101,10,0
nomi1,2245,1104,11,0
berry1,2245,1111,12,0
bourdon1,2245,1111,13,0
villj4,2245,1115,14,0
idftill2,2245,1119,15,0
robique2,2245,1122,16,0
vizeule2,2245,1125,17,0
metrie2,2245,1126,18,0
belepmo2,2245,1127,19,0
courtin2,2245,1128,20,0
mamont2,2245,1129,21,0
texier2,2245,1130,22,0
fougero2,2245,1131,23,0
siland2,2245,1132,24,0
senestr2,2245,1133,25,0
viennai2,2245,1134,26,0
machftz2,2245,1134,27,0
chataig2,2245,1136,28,0
bignoch2,2245,1137,29,0
bersand1,2245,1138,30,1
bersand1,3359,1112,1,0
bignoch1,3359,1113,2,0
chataig1,3359,1114,3,0
machftz1,3359,1115,4,0
viennai1,3359,1116,5,0
senestr1,3359,1116,6,0
silandi1,3359,1117,7,0
fougero1,3359,1119,8,0
texier1,3359,1120,9,0
mamont1,3359,1121,10,0
courtin1,3359,1122,11,0
belepmo1,3359,1123,12,0
ecopa1,3359,1124,13,0
vizeule1,3359,1125,14,0
robique1,3359,1129,15,0
idftill1,3359,1132,16,0
villj1,3359,1137,17,0
bourdon2,3359,1140,18,0
berry2,3359,1141,19,0
nomi2,3359,1147,20,0
pinault2,3359,1149,21,0
tchemil2,3359,1150,22,0
leon2,3359,1150,23,0
chenam2,3359,1151,24,0
fouaye2,3359,1153,25,0
vigne2,3359,1155,26,0
etgstg2,3359,1156,27,0
clomarg2,3359,1157,28,0
censtgi2,3359,1158,29,0
stgillw1,3359,1160,30,1
bersand1,3311,505,1,0
bignoch1,3311,506,2,0
chataig1,3311,507,3,0
machftz1,3311,508,4,0
viennai1,3311,509,5,0
senestr1,3311,509,6,0
silandi1,3311,510,7,0
fougero1,3311,512,8,0
texier1,3311,513,9,0
mamont1,3311,514,10,0
courtin1,3311,515,11,0
belepmo1,3311,516,12,0
ecopa1,3311,517,13,0
vizeule1,3311,518,14,0
robique1,3311,521,15,0
idftill1,3311,524,16,0
villj1,3311,528,17,0
bourdon2,3311,531,18,0
berry2,3311,532,19,0
nomi2,3311,538,20,0
pinault2,3311,540,21,0
tchemil2,3311,541,22,0
leon2,3311,541,23,0
chenam2,3311,542,24,0
fouaye2,3311,544,25,0
vigne2,3311,546,26,0
etgstg2,3311,547,27,0
clomarg2,3311,548,28,0
censtgi2,3311,549,29,0
stgillw1,3311,551,30,1
bersand1,2277,932,1,0
bignoch1,2277,933,2,0
chataig1,2277,934,3,0
machftz1,2277,935,4,0
viennai1,2277,936,5,0
senestr1,2277,936,6,0
silandi1,2277,937,7,0
fougero1,2277,939,8,0
texier1,2277,940,9,0
mamont1,2277,941,10,0
courtin1,2277,942,11,0
belepmo1,2277,943,12,0
ecopa1,2277,944,13,0
vizeule1,2277,945,14,0
robique1,2277,949,15,0
idftill1,2277,952,16,0
villj1,2277,957,17,0
bourdon2,2277,960,18,0
berry2,2277,961,19,0
nomi2,2277,967,20,0
pinault2,2277,969,21,0
tchemil2,2277,970,22,0
leon2,2277,970,23,0
chenam2,2277,971,24,0
fouaye2,2277,973,25,0
vigne2,2277,975,26,0
etgstg2,2277,976,27,0
clomarg2,2277,977,28,0
censtgi2,2277,978,29,0
stgillw1,2277,980,30,1
bersand1,3407,925,1,0
bignoch1,3407,926,2,0
chataig1,3407,927,3,0
machftz1,3407,928,4,0
viennai1,3407,929,5,0
senestr1,3407,929,6,0
silandi1,3407,930,7,0
fougero1,3407,932,8,0
texier1,3407,933,9,0
mamont1,3407,934,10,0
courtin1,3407,935,11,0
belepmo1,3407,936,12,0
ecopa1,3407,937,13,0
vizeule1,3407,938,14,0
robique1,3407,942,15,0
idftill1,3407,945,16,0
villj1,3407,949,17,0
bourdon2,3407,952,18,0
berry2,3407,953,19,0
nomi2,3407,959,20,0
pinault2,3407,961,21,0
tchemil2,3407,962,22,0
leon2,3407,962,23,0
chenam2,3407,963,24,0
fouaye2,3407,965,25,0
vigne2,3407,967,26,0
etgstg2,3407,968,27,0
clomarg2,3407,969,28,0
censtgi2,3407,970,29,0
stgillw1,3407,972,30,1
bersand1,3401,1072,1,0
bignoch1,3401,1073,2,0
chataig1,3401,1074,3,0
machftz1,3401,1075,4,0
viennai1,3401,1076,5,0
senestr1,3401,1076,6,0
silandi1,3401,1077,7,0
fougero1,3401,1079,8,0
texier1,3401,1080,9,0
mamont1,3401,1081,10,0
courtin1,3401,1082,11,0
belepmo1,3401,1083,12,0
ecopa1,3401,1084,13,0
vizeule1,3401,1085,14,0
robique1,3401,1089,15,0
idftill1,3401,1092,16,0
villj1,3401,1097,17,0
bourdon2,3401,1100,18,0
berry2,3401,1101,19,0
nomi2,3401,1109,20,0
pinault2,3401,1111,21,0
tchemil2,3401,1112,22,0
leon2,3401,1113,23,0
chenam2,3401,1114,24,0
fouaye2,3401,1116,25,0
vigne2,3401,1118,26,0
etgstg2,3401,1120,27,0
clomarg2,3401,1121,28,0
censtgi2,3401,1122,29,0
stgillw1,3401,1124,30,1
stgillw1,3465,738,1,0
censtg1,3465,739,2,0
clomarg1,3465,740,3,0
etgstg1,3465,741,4,0
vigne1,3465,742,5,0
fouaye1,3465,744,6,0
chenam1,3465,746,7,0
leon1,3465,747,8,0
tchemil1,3465,748,9,0
pinault1,3465,749,10,0
nomi1,3465,751,11,0
berry1,3465,758,12,0
bourdon1,3465,758,13,0
villj4,3465,762,14,0
idftill2,3465,766,15,0
robique2,3465,769,16,0
vizeule2,3465,772,17,0
metrie2,3465,773,18,0
belepmo2,3465,774,19,0
courtin2,3465,775,20,0
mamont2,3465,776,21,0
texier2,3465,777,22,0
fougero2,3465,778,23,0
siland2,3465,779,24,0
senestr2,3465,780,25,0
viennai2,3465,781,26,0
machftz2,3465,781,27,0
chataig2,3465,782,28,0
bignoch2,3465,783,29,0
bersand1,3465,784,30,1
bersand1,2071,475,1,0
bignoch1,2071,476,2,0
chataig1,2071,477,3,0
machftz1,2071,479,4,0
viennai1,2071,480,5,0
senestr1,2071,480,6,0
silandi1,2071,481,7,0
fougero1,2071,483,8,0
texier1,2071,484,9,0
mamont1,2071,485,10,0
courtin1,2071,486,11,0
belepmo1,2071,488,12,0
ecopa1,2071,489,13,0
vizeule1,2071,490,14,0
robique1,2071,495,15,0
idftill1,2071,498,16,0
villj1,2071,502,17,0
bourdon2,2071,505,18,0
berry2,2071,506,19,0
nomi2,2071,512,20,0
pinault2,2071,514,21,0
tchemil2,2071,515,22,0
leon2,2071,515,23,0
chenam2,2071,516,24,0
fouaye2,2071,518,25,0
vigne2,2071,520,26,0
etgstg2,2071,521,27,0
clomarg2,2071,522,28,0
censtgi2,2071,523,29,0
stgillw1,2071,525,30,1
stgillw1,2057,1201,1,0
censtg1,2057,1202,2,0
clomarg1,2057,1203,3,0
etgstg1,2057,1204,4,0
vigne1,2057,1205,5,0
fouaye1,2057,1207,6,0
chenam1,2057,1209,7,0
leon1,2057,1210,8,0
tchemil1,2057,1211,9,0
pinault1,2057,1212,10,0
nomi1,2057,1214,11,0
berry1,2057,1221,12,0
bourdon1,2057,1221,13,0
villj4,2057,1225,14,0
idftill2,2057,1229,15,0
robique2,2057,1232,16,0
vizeule2,2057,1235,17,0
metrie2,2057,1236,18,0
belepmo2,2057,1237,19,0
courtin2,2057,1238,20,0
mamont2,2057,1239,21,0
texier2,2057,1240,22,0
fougero2,2057,1241,23,0
siland2,2057,1242,24,0
senestr2,2057,1243,25,0
viennai2,2057,1244,26,0
machftz2,2057,1244,27,0
chataig2,2057,1245,28,0
bignoch2,2057,1246,29,0
bersand1,2057,1247,30,1
bersand1,3571,645,1,0
bignoch1,3571,646,2,0
chataig1,3571,647,3,0
machftz1,3571,648,4,0
viennai1,3571,649,5,0
senestr1,3571,649,6,0
silandi1,3571,650,7,0
fougero1,3571,652,8,0
texier1,3571,653,9,0
mamont1,3571,654,10,0
courtin1,3571,655,11,0
belepmo1,3571,656,12,0
ecopa1,3571,657,13,0
vizeule1,3571,658,14,0
robique1,3571,661,15,0
idftill1,3571,664,16,0
villj1,3571,668,17,0
bourdon2,3571,671,18,0
berry2,3571,672,19,0
nomi2,3571,678,20,0
pinault2,3571,680,21,0
tchemil2,3571,681,22,0
leon2,3571,681,23,0
chenam2,3571,682,24,0
fouaye2,3571,684,25,0
vigne2,3571,686,26,0
etgstg2,3571,687,27,0
clomarg2,3571,688,28,0
censtgi2,3571,689,29,0
stgillw1,3571,691,30,1
stgillw1,3609,480,1,0
censtg1,3609,481,2,0
clomarg1,3609,482,3,0
etgstg1,3609,483,4,0
vigne1,3609,484,5,0
fouaye1,3609,487,6,0
chenam1,3609,489,7,0
leon1,3609,490,8,0
tchemil1,3609,491,9,0
pinault1,3609,493,10,0
nomi1,3609,496,11,0
berry1,3609,503,12,0
bourdon1,3609,503,13,0
villj4,3609,507,14,0
idftill2,3609,511,15,0
robique2,3609,514,16,0
vizeule2,3609,517,17,0
metrie2,3609,518,18,0
belepmo2,3609,519,19,0
courtin2,3609,520,20,0
mamont2,3609,521,21,0
texier2,3609,522,22,0
fougero2,3609,523,23,0
siland2,3609,524,24,0
senestr2,3609,525,25,0
viennai2,3609,526,26,0
machftz2,3609,526,27,0
chataig2,3609,527,28,0
bignoch2,3609,528,29,0
bersand1,3609,529,30,1
stgillw1,3683,1171,1,0
censtg1,3683,1172,2,0
clomarg1,3683,1173,3,0
etgstg1,3683,1174,4,0
vigne1,3683,1175,5,0
fouaye1,3683,1177,6,0
chenam1,3683,1179,7,0
leon1,3683,1180,8,0
tchemil1,3683,1181,9,0
pinault1,3683,1182,10,0
nomi1,3683,1184,11,0
berry1,3683,1191,12,0
bourdon1,3683,1191,13,0
villj4,3683,1195,14,0
idftill2,3683,1199,15,0
robique2,3683,1202,16,0
vizeule2,3683,1205,17,0
metrie2,3683,1206,18,0
belepmo2,3683,1207,19,0
courtin2,3683,1208,20,0
mamont2,3683,1209,21,0
texier2,3683,1209,22,0
fougero2,3683,1210,23,0
siland2,3683,1211,24,0
senestr2,3683,1212,25,0
viennai2,3683,1213,26,0
machftz2,3683,1213,27,0
chataig2,3683,1214,28,0
bignoch2,3683,1214,29,0
bersand1,3683,1215,30,1
stgillw1,3734,908,1,0
censtg1,3734,909,2,0
clomarg1,3734,910,3,0
etgstg1,3734,911,4,0
vigne1,3734,912,5,0
fouaye1,3734,914,6,0
chenam1,3734,916,7,0
leon1,3734,917,8,0
tchemil1,3734,918,9,0
pinault1,3734,919,10,0
nomi1,3734,921,11,0
berry1,3734,928,12,0
bourdon1,3734,928,13,0
villj4,3734,932,14,0
idftill2,3734,936,15,0
robique2,3734,939,16,0
vizeule2,3734,942,17,0
metrie2,3734,943,18,0
belepmo2,3734,944,19,0
courtin2,3734,945,20,0
mamont2,3734,946,21,0
texier2,3734,947,22,0
fougero2,3734,948,23,0
siland2,3734,949,24,0
senestr2,3734,950,25,0
viennai2,3734,951,26,0
machftz2,3734,951,27,0
chataig2,3734,952,28,0
bignoch2,3734,953,29,0
bersand1,3734,954,30,1
stgillw1,3735,1151,1,0
censtg1,3735,1152,2,0
clomarg1,3735,1153,3,0
etgstg1,3735,1154,4,0
vigne1,3735,1155,5,0
fouaye1,3735,1157,6,0
chenam1,3735,1159,7,0
leon1,3735,1160,8,0
tchemil1,3735,1161,9,0
pinault1,3735,1162,10,0
nomi1,3735,1164,11,0
berry1,3735,1171,12,0
bourdon1,3735,1171,13,0
villj4,3735,1175,14,0
idftill2,3735,1179,15,0
robique2,3735,1182,16,0
vizeule2,3735,1185,17,0
metrie2,3735,1186,18,0
belepmo2,3735,1187,19,0
courtin2,3735,1188,20,0
mamont2,3735,1189,21,0
texier2,3735,1190,22,0
fougero2,3735,1191,23,0
siland2,3735,1192,24,0
senestr2,3735,1193,25,0
viennai2,3735,1194,26,0
machftz2,3735,1194,27,0
chataig2,3735,1195,28,0
bignoch2,3735,1196,29,0
bersand1,3735,1197,30,1
texier1,163,452,1,0
villj1,163,464,2,1
bersand1,188,890,1,0
bignoch1,188,891,2,0
chataig1,188,892,3,0
machftz1,188,893,4,0
viennai1,188,894,5,0
senestr1,188,894,6,0
silandi1,188,895,7,0
fougero1,188,897,8,0
texier1,188,898,9,0
mamont1,188,899,10,0
courtin1,188,900,11,0
belepmo1,188,901,12,0
ecopa1,188,902,13,0
vizeule1,188,903,14,0
robique1,188,907,15,0
idftill1,188,910,16,0
villj1,188,914,17,0
bourdon2,188,917,18,0
berry2,188,918,19,0
nomi2,188,924,20,0
pinault2,188,926,21,0
tchemil2,188,927,22,0
leon2,188,927,23,0
chenam2,188,928,24,0
fouaye2,188,930,25,0
vigne2,188,932,26,0
etgstg2,188,933,27,0
clomarg2,188,934,28,0
censtgi2,188,935,29,0
stgillw1,188,937,30,1
stgillw1,124,663,1,0
censtg1,124,664,2,0
clomarg1,124,665,3,0
etgstg1,124,666,4,0
vigne1,124,667,5,0
fouaye1,124,669,6,0
chenam1,124,671,7,0
leon1,124,672,8,0
tchemil1,124,673,9,0
pinault1,124,674,10,0
nomi1,124,676,11,0
berry1,124,683,12,0
bourdon1,124,683,13,0
villj4,124,687,14,0
idftill2,124,691,15,0
robique2,124,694,16,0
vizeule2,124,697,17,0
metrie2,124,698,18,0
belepmo2,124,699,19,0
courtin2,124,700,20,0
mamont2,124,701,21,0
texier2,124,702,22,0
fougero2,124,703,23,0
siland2,124,704,24,0
senestr2,124,705,25,0
viennai2,124,706,26,0
machftz2,124,706,27,0
chataig2,124,707,28,0
bignoch2,124,708,29,0
bersand1,124,709,30,1
villj3,138,980,1,0
idftill2,138,983,2,0
robique2,138,986,3,0
vizeule2,138,988,4,0
metrie2,138,990,5,0
belepmo2,138,990,6,0
courtin2,138,991,7,0
mamont2,138,992,8,0
texier2,138,993,9,0
fougero2,138,994,10,0
siland2,138,995,11,0
senestr2,138,997,12,0
viennai2,138,998,13,0
machftz2,138,998,14,0
chataig2,138,999,15,0
bignoch2,138,999,16,0
bersand1,138,1000,17,0
broscha2,138,1001,18,0
flume2,138,1009,19,0
mageve2,138,1010,20,0
plbrea,138,1011,21,1
bersand1,146,540,1,0
bignoch1,146,541,2,0
chataig1,146,542,3,0
machftz1,146,543,4,0
viennai1,146,544,5,0
senestr1,146,544,6,0
silandi1,146,545,7,0
fougero1,146,547,8,0
texier1,146,548,9,0
mamont1,146,549,10,0
courtin1,146,550,11,0
belepmo1,146,551,12,0
ecopa1,146,552,13,0
vizeule1,146,553,14,0
robique1,146,556,15,0
idftill1,146,559,16,0
villj1,146,563,17,0
bourdon2,146,566,18,0
berry2,146,567,19,0
nomi2,146,573,20,0
pinault2,146,575,21,0
tchemil2,146,576,22,0
leon2,146,576,23,0
chenam2,146,577,24,0
fouaye2,146,579,25,0
vigne2,146,581,26,0
etgstg2,146,582,27,0
clomarg2,146,583,28,0
censtgi2,146,584,29,0
stgillw1,146,586,30,1
stgillw1,3848,713,1,0
censtg1,3848,714,2,0
clomarg1,3848,715,3,0
etgstg1,3848,716,4,0
vigne1,3848,717,5,0
fouaye1,3848,719,6,0
chenam1,3848,721,7,0
leon1,3848,722,8,0
tchemil1,3848,723,9,0
pinault1,3848,724,10,0
nomi1,3848,726,11,0
berry1,3848,733,12,0
bourdon1,3848,733,13,0
villj4,3848,737,14,0
idftill2,3848,741,15,0
robique2,3848,744,16,0
vizeule2,3848,747,17,0
metrie2,3848,748,18,0
belepmo2,3848,749,19,0
courtin2,3848,750,20,0
mamont2,3848,751,21,0
texier2,3848,752,22,0
fougero2,3848,753,23,0
siland2,3848,754,24,0
senestr2,3848,755,25,0
viennai2,3848,756,26,0
machftz2,3848,756,27,0
chataig2,3848,757,28,0
bignoch2,3848,758,29,0
bersand1,3848,759,30,1
bersand1,3809,995,1,0
bignoch1,3809,996,2,0
chataig1,3809,997,3,0
machftz1,3809,998,4,0
viennai1,3809,999,5,0
senestr1,3809,999,6,0
silandi1,3809,1000,7,0
fougero1,3809,1002,8,0
texier1,3809,1003,9,0
mamont1,3809,1004,10,0
courtin1,3809,1005,11,0
belepmo1,3809,1006,12,0
ecopa1,3809,1007,13,0
vizeule1,3809,1008,14,0
robique1,3809,1012,15,0
idftill1,3809,1015,16,0
villj1,3809,1019,17,0
bourdon2,3809,1022,18,0
berry2,3809,1023,19,0
nomi2,3809,1029,20,0
pinault2,3809,1031,21,0
tchemil2,3809,1032,22,0
leon2,3809,1032,23,0
chenam2,3809,1033,24,0
fouaye2,3809,1035,25,0
vigne2,3809,1037,26,0
etgstg2,3809,1038,27,0
clomarg2,3809,1039,28,0
censtgi2,3809,1040,29,0
stgillw1,3809,1042,30,1
bersand1,3009,680,1,0
bignoch1,3009,681,2,0
chataig1,3009,682,3,0
machftz1,3009,683,4,0
viennai1,3009,684,5,0
senestr1,3009,684,6,0
silandi1,3009,685,7,0
fougero1,3009,687,8,0
texier1,3009,688,9,0
mamont1,3009,689,10,0
courtin1,3009,690,11,0
belepmo1,3009,691,12,0
ecopa1,3009,692,13,0
vizeule1,3009,693,14,0
robique1,3009,696,15,0
idftill1,3009,699,16,0
villj1,3009,703,17,0
bourdon2,3009,706,18,0
berry2,3009,707,19,0
nomi2,3009,713,20,0
pinault2,3009,715,21,0
tchemil2,3009,716,22,0
leon2,3009,716,23,0
chenam2,3009,717,24,0
fouaye2,3009,719,25,0
vigne2,3009,721,26,0
etgstg2,3009,722,27,0
clomarg2,3009,723,28,0
censtgi2,3009,724,29,0
stgillw1,3009,726,30,1
bersand1,3936,415,1,0
bignoch1,3936,416,2,0
chataig1,3936,417,3,0
machftz1,3936,418,4,0
viennai1,3936,419,5,0
senestr1,3936,419,6,0
silandi1,3936,420,7,0
fougero1,3936,422,8,0
texier1,3936,423,9,0
mamont1,3936,424,10,0
courtin1,3936,425,11,0
belepmo1,3936,426,12,0
ecopa1,3936,427,13,0
vizeule1,3936,428,14,0
robique1,3936,431,15,0
idftill1,3936,434,16,0
villj1,3936,438,17,0
bourdon2,3936,441,18,0
berry2,3936,442,19,0
nomi2,3936,448,20,0
pinault2,3936,450,21,0
tchemil2,3936,451,22,0
leon2,3936,451,23,0
chenam2,3936,452,24,0
fouaye2,3936,454,25,0
vigne2,3936,456,26,0
etgstg2,3936,457,27,0
clomarg2,3936,458,28,0
censtgi2,3936,459,29,0
stgillw1,3936,461,30,1
villj1,3991,937,1,0
bourdon2,3991,940,2,0
berry2,3991,941,3,0
nomi2,3991,947,4,0
pinault2,3991,949,5,0
tchemil2,3991,950,6,0
leon2,3991,950,7,0
chenam2,3991,951,8,0
fouaye2,3991,953,9,0
vigne2,3991,955,10,0
etgstg2,3991,956,11,0
clomarg2,3991,957,12,0
censtgi2,3991,958,13,0
stgillw1,3991,960,14,1
plbrea,3150,700,1,0
mageve1,3150,701,2,0
flume1,3150,702,3,0
broscha1,3150,709,4,0
bersand1,3150,710,5,0
bignoch1,3150,711,6,0
chataig1,3150,711,7,0
machftz1,3150,712,8,0
viennai1,3150,712,9,0
senestr1,3150,713,10,0
silandi1,3150,714,11,0
fougero1,3150,715,12,0
texier1,3150,716,13,0
mamont1,3150,717,14,0
courtin1,3150,718,15,0
belepmo1,3150,719,16,0
ecopa1,3150,720,17,0
vizeule1,3150,720,18,0
robique1,3150,723,19,0
idftill1,3150,726,20,0
villj3,3150,730,21,1
bersand1,2956,855,1,0
bignoch1,2956,856,2,0
chataig1,2956,857,3,0
machftz1,2956,858,4,0
viennai1,2956,859,5,0
senestr1,2956,859,6,0
silandi1,2956,860,7,0
fougero1,2956,862,8,0
texier1,2956,863,9,0
mamont1,2956,864,10,0
courtin1,2956,865,11,0
belepmo1,2956,866,12,0
ecopa1,2956,867,13,0
vizeule1,2956,868,14,0
robique1,2956,872,15,0
idftill1,2956,875,16,0
villj1,2956,879,17,0
bourdon2,2956,882,18,0
berry2,2956,883,19,0
nomi2,2956,889,20,0
pinault2,2956,891,21,0
tchemil2,2956,892,22,0
leon2,2956,892,23,0
chenam2,2956,893,24,0
fouaye2,2956,895,25,0
vigne2,2956,897,26,0
etgstg2,2956,898,27,0
clomarg2,2956,899,28,0
censtgi2,2956,900,29,0
stgillw1,2956,902,30,1
repea,1846,1475,1,0
villj3,1846,1483,2,0
idftill2,1846,1486,3,0
robique2,1846,1489,4,0
vizeule2,1846,1491,5,0
metrie2,1846,1493,6,0
belepmo2,1846,1493,7,0
courtin2,1846,1494,8,0
mamont2,1846,1495,9,0
texier2,1846,1495,10,0
fougero2,1846,1496,11,0
siland2,1846,1497,12,0
senestr2,1846,1498,13,0
viennai2,1846,1499,14,0
machftz2,1846,1499,15,0
chataig2,1846,1500,16,0
bignoch2,1846,1501,17,0
bersand1,1846,1502,18,0
broscha2,1846,1502,19,0
flume2,1846,1510,20,0
mageve2,1846,1510,21,0
plbrea,1846,1511,22,1
stgillw1,6802,495,1,0
censtg1,6802,496,2,0
clomarg1,6802,497,3,0
etgstg1,6802,498,4,0
vigne1,6802,499,5,0
fouaye1,6802,501,6,0
chenam1,6802,503,7,0
leon1,6802,504,8,0
tchemil1,6802,505,9,0
pinault1,6802,507,10,0
nomi1,6802,510,11,0
berry1,6802,517,12,0
bourdon1,6802,517,13,0
villj4,6802,521,14,0
idftill2,6802,525,15,0
robique2,6802,528,16,0
vizeule2,6802,531,17,0
metrie2,6802,532,18,0
belepmo2,6802,533,19,0
courtin2,6802,534,20,0
mamont2,6802,535,21,0
texier2,6802,536,22,0
fougero2,6802,537,23,0
siland2,6802,538,24,0
senestr2,6802,539,25,0
viennai2,6802,540,26,0
machftz2,6802,540,27,0
chataig2,6802,541,28,0
bignoch2,6802,542,29,0
bersand1,6802,543,30,1
villj3,6819,1220,1,0
idftill2,6819,1223,2,0
robique2,6819,1226,3,0
vizeule2,6819,1228,4,0
metrie2,6819,1230,5,0
belepmo2,6819,1230,6,0
courtin2,6819,1231,7,0
mamont2,6819,1232,8,0
texier2,6819,1233,9,0
fougero2,6819,1234,10,0
siland2,6819,1235,11,0
senestr2,6819,1237,12,0
viennai2,6819,1238,13,0
machftz2,6819,1238,14,0
chataig2,6819,1239,15,0
bignoch2,6819,1239,16,0
bersand1,6819,1240,17,0
broscha2,6819,1241,18,0
flume2,6819,1249,19,0
mageve2,6819,1250,20,0
plbrea,6819,1251,21,1
bersand1,6824,972,1,0
bignoch1,6824,973,2,0
chataig1,6824,974,3,0
machftz1,6824,975,4,0
viennai1,6824,976,5,0
senestr1,6824,976,6,0
silandi1,6824,977,7,0
fougero1,6824,979,8,0
texier1,6824,980,9,0
mamont1,6824,981,10,0
courtin1,6824,982,11,0
belepmo1,6824,983,12,0
ecopa1,6824,984,13,0
vizeule1,6824,985,14,0
robique1,6824,989,15,0
idftill1,6824,992,16,0
villj1,6824,997,17,0
bourdon2,6824,1000,18,0
berry2,6824,1001,19,0
nomi2,6824,1009,20,0
pinault2,6824,1011,21,0
tchemil2,6824,1012,22,0
leon2,6824,1013,23,0
chenam2,6824,1014,24,0
fouaye2,6824,1016,25,0
vigne2,6824,1018,26,0
etgstg2,6824,1020,27,0
clomarg2,6824,1021,28,0
censtgi2,6824,1022,29,0
stgillw1,6824,1024,30,1
bersand1,4717,490,1,0
bignoch1,4717,491,2,0
chataig1,4717,492,3,0
machftz1,4717,494,4,0
viennai1,4717,495,5,0
senestr1,4717,495,6,0
silandi1,4717,496,7,0
fougero1,4717,498,8,0
texier1,4717,499,9,0
mamont1,4717,500,10,0
courtin1,4717,501,11,0
belepmo1,4717,503,12,0
ecopa1,4717,504,13,0
vizeule1,4717,505,14,0
robique1,4717,510,15,0
idftill1,4717,513,16,0
villj1,4717,517,17,0
bourdon2,4717,520,18,0
berry2,4717,521,19,0
nomi2,4717,527,20,0
pinault2,4717,529,21,0
tchemil2,4717,530,22,0
leon2,4717,530,23,0
chenam2,4717,531,24,0
fouaye2,4717,533,25,0
vigne2,4717,535,26,0
etgstg2,4717,536,27,0
clomarg2,4717,537,28,0
censtgi2,4717,538,29,0
stgillw1,4717,540,30,1
plbrea,4656,860,1,0
mageve1,4656,861,2,0
flume1,4656,862,3,0
broscha1,4656,869,4,0
bersand1,4656,870,5,0
bignoch1,4656,871,6,0
chataig1,4656,871,7,0
machftz1,4656,872,8,0
viennai1,4656,872,9,0
senestr1,4656,873,10,0
silandi1,4656,874,11,0
fougero1,4656,875,12,0
texier1,4656,876,13,0
mamont1,4656,877,14,0
courtin1,4656,878,15,0
belepmo1,4656,879,16,0
ecopa1,4656,880,17,0
vizeule1,4656,880,18,0
robique1,4656,883,19,0
idftill1,4656,886,20,0
villj3,4656,890,21,1
stgillw1,4699,1111,1,0
censtg1,4699,1112,2,0
clomarg1,4699,1113,3,0
etgstg1,4699,1114,4,0
vigne1,4699,1115,5,0
fouaye1,4699,1117,6,0
chenam1,4699,1119,7,0
leon1,4699,1120,8,0
tchemil1,4699,1121,9,0
pinault1,4699,1122,10,0
nomi1,4699,1124,11,0
berry1,4699,1131,12,0
bourdon1,4699,1131,13,0
villj4,4699,1135,14,0
idftill2,4699,1139,15,0
robique2,4699,1142,16,0
vizeule2,4699,1145,17,0
metrie2,4699,1146,18,0
belepmo2,4699,1147,19,0
courtin2,4699,1148,20,0
mamont2,4699,1149,21,0
texier2,4699,1150,22,0
fougero2,4699,1151,23,0
siland2,4699,1152,24,0
senestr2,4699,1153,25,0
viennai2,4699,1154,26,0
machftz2,4699,1154,27,0
chataig2,4699,1155,28,0
bignoch2,4699,1156,29,0
bersand1,4699,1157,30,1
stgillw1,596,733,1,0
censtg1,596,734,2,0
clomarg1,596,735,3,0
etgstg1,596,736,4,0
vigne1,596,737,5,0
fouaye1,596,739,6,0
chenam1,596,741,7,0
leon1,596,742,8,0
tchemil1,596,743,9,0
pinault1,596,744,10,0
nomi1,596,746,11,0
berry1,596,753,12,0
bourdon1,596,753,13,0
villj4,596,757,14,0
idftill2,596,761,15,0
robique2,596,764,16,0
vizeule2,596,767,17,0
metrie2,596,768,18,0
belepmo2,596,769,19,0
courtin2,596,770,20,0
mamont2,596,771,21,0
texier2,596,772,22,0
fougero2,596,773,23,0
siland2,596,774,24,0
senestr2,596,775,25,0
viennai2,596,776,26,0
machftz2,596,776,27,0
chataig2,596,777,28,0
bignoch2,596,778,29,0
bersand1,596,779,30,1
stgillw1,6768,803,1,0
censtg1,6768,804,2,0
clomarg1,6768,805,3,0
etgstg1,6768,806,4,0
vigne1,6768,807,5,0
fouaye1,6768,809,6,0
chenam1,6768,811,7,0
leon1,6768,812,8,0
tchemil1,6768,813,9,0
pinault1,6768,814,10,0
nomi1,6768,816,11,0
berry1,6768,823,12,0
bourdon1,6768,823,13,0
villj4,6768,827,14,0
idftill2,6768,831,15,0
robique2,6768,834,16,0
vizeule2,6768,837,17,0
metrie2,6768,838,18,0
belepmo2,6768,839,19,0
courtin2,6768,840,20,0
mamont2,6768,841,21,0
texier2,6768,842,22,0
fougero2,6768,843,23,0
siland2,6768,844,24,0
senestr2,6768,845,25,0
viennai2,6768,846,26,0
machftz2,6768,846,27,0
chataig2,6768,847,28,0
bignoch2,6768,848,29,0
bersand1,6768,849,30,1
bersand1,2883,400,1,0
bignoch1,2883,401,2,0
chataig1,2883,402,3,0
machftz1,2883,403,4,0
viennai1,2883,404,5,0
senestr1,2883,404,6,0
silandi1,2883,405,7,0
fougero1,2883,407,8,0
texier1,2883,408,9,0
mamont1,2883,409,10,0
courtin1,2883,410,11,0
belepmo1,2883,411,12,0
ecopa1,2883,412,13,0
vizeule1,2883,413,14,0
robique1,2883,416,15,0
idftill1,2883,419,16,0
villj1,2883,423,17,0
bourdon2,2883,426,18,0
berry2,2883,427,19,0
nomi2,2883,433,20,0
pinault2,2883,435,21,0
tchemil2,2883,436,22,0
leon2,2883,436,23,0
chenam2,2883,437,24,0
fouaye2,2883,439,25,0
vigne2,2883,441,26,0
etgstg2,2883,442,27,0
clomarg2,2883,443,28,0
censtgi2,2883,443,29,0
stgillw1,2883,445,30,1
bersand1,6797,445,1,0
bignoch1,6797,446,2,0
chataig1,6797,447,3,0
machftz1,6797,449,4,0
viennai1,6797,450,5,0
senestr1,6797,450,6,0
silandi1,6797,451,7,0
fougero1,6797,453,8,0
texier1,6797,454,9,0
mamont1,6797,455,10,0
courtin1,6797,456,11,0
belepmo1,6797,458,12,0
ecopa1,6797,459,13,0
vizeule1,6797,460,14,0
robique1,6797,463,15,0
idftill1,6797,466,16,0
villj1,6797,470,17,1
bersand1,453,1092,1,0
bignoch1,453,1093,2,0
chataig1,453,1094,3,0
machftz1,453,1095,4,0
viennai1,453,1096,5,0
senestr1,453,1096,6,0
silandi1,453,1097,7,0
fougero1,453,1099,8,0
texier1,453,1100,9,0
mamont1,453,1101,10,0
courtin1,453,1102,11,0
belepmo1,453,1103,12,0
ecopa1,453,1104,13,0
vizeule1,453,1105,14,0
robique1,453,1109,15,0
idftill1,453,1112,16,0
villj1,453,1117,17,0
bourdon2,453,1120,18,0
berry2,453,1121,19,0
nomi2,453,1127,20,0
pinault2,453,1129,21,0
tchemil2,453,1130,22,0
leon2,453,1131,23,0
chenam2,453,1132,24,0
fouaye2,453,1134,25,0
vigne2,453,1136,26,0
etgstg2,453,1138,27,0
clomarg2,453,1139,28,0
censtgi2,453,1140,29,0
stgillw1,453,1142,30,1
stgillw1,2869,420,1,0
censtg1,2869,421,2,0
clomarg1,2869,422,3,0
etgstg1,2869,423,4,0
vigne1,2869,424,5,0
fouaye1,2869,426,6,0
chenam1,2869,428,7,0
leon1,2869,429,8,0
tchemil1,2869,430,9,0
pinault1,2869,431,10,0
nomi1,2869,433,11,0
berry1,2869,440,12,0
bourdon1,2869,440,13,0
villj4,2869,444,14,0
idftill2,2869,448,15,0
robique2,2869,451,16,0
vizeule2,2869,454,17,0
metrie2,2869,455,18,0
belepmo2,2869,456,19,0
courtin2,2869,457,20,0
mamont2,2869,458,21,0
texier2,2869,458,22,0
fougero2,2869,459,23,0
siland2,2869,460,24,0
senestr2,2869,461,25,0
viennai2,2869,462,26,0
machftz2,2869,462,27,0
chataig2,2869,463,28,0
bignoch2,2869,463,29,0
bersand1,2869,464,30,1
stgillw1,6709,628,1,0
censtg1,6709,629,2,0
clomarg1,6709,630,3,0
etgstg1,6709,631,4,0
vigne1,6709,632,5,0
fouaye1,6709,634,6,0
chenam1,6709,636,7,0
leon1,6709,637,8,0
tchemil1,6709,638,9,0
pinault1,6709,639,10,0
nomi1,6709,641,11,0
berry1,6709,648,12,0
bourdon1,6709,648,13,0
villj4,6709,652,14,0
idftill2,6709,656,15,0
robique2,6709,659,16,0
vizeule2,6709,662,17,0
metrie2,6709,663,18,0
belepmo2,6709,664,19,0
courtin2,6709,665,20,0
mamont2,6709,666,21,0
texier2,6709,667,22,0
fougero2,6709,668,23,0
siland2,6709,669,24,0
senestr2,6709,670,25,0
viennai2,6709,671,26,0
machftz2,6709,671,27,0
chataig2,6709,672,28,0
bignoch2,6709,673,29,0
bersand1,6709,674,30,1
bersand1,483,435,1,0
bignoch1,483,436,2,0
chataig1,483,437,3,0
machftz1,483,439,4,0
viennai1,483,440,5,0
senestr1,483,440,6,0
silandi1,483,441,7,0
fougero1,483,443,8,0
texier1,483,444,9,0
mamont1,483,445,10,0
courtin1,483,446,11,0
belepmo1,483,448,12,0
ecopa1,483,449,13,0
vizeule1,483,450,14,0
robique1,483,453,15,0
idftill1,483,456,16,0
villj1,483,460,17,0
bourdon2,483,463,18,0
berry2,483,464,19,0
nomi2,483,470,20,0
pinault2,483,472,21,0
tchemil2,483,473,22,0
leon2,483,473,23,0
chenam2,483,474,24,0
fouaye2,483,476,25,0
vigne2,483,478,26,0
etgstg2,483,479,27,0
clomarg2,483,480,28,0
censtgi2,483,481,29,0
stgillw1,483,483,30,1
villj4,304,1195,1,0
idftill2,304,1199,2,0
robique2,304,1202,3,0
vizeule2,304,1205,4,0
metrie2,304,1206,5,0
belepmo2,304,1207,6,0
courtin2,304,1208,7,0
mamont2,304,1209,8,0
texier2,304,1210,9,0
fougero2,304,1211,10,0
siland2,304,1212,11,0
senestr2,304,1213,12,0
viennai2,304,1214,13,0
machftz2,304,1214,14,0
chataig2,304,1215,15,0
bignoch2,304,1216,16,0
bersand1,304,1217,17,1
bersand1,1606,1065,1,0
bignoch1,1606,1066,2,0
chataig1,1606,1067,3,0
machftz1,1606,1068,4,0
viennai1,1606,1069,5,0
senestr1,1606,1069,6,0
silandi1,1606,1070,7,0
fougero1,1606,1072,8,0
texier1,1606,1073,9,0
mamont1,1606,1074,10,0
courtin1,1606,1075,11,0
belepmo1,1606,1076,12,0
ecopa1,1606,1077,13,0
vizeule1,1606,1078,14,0
robique1,1606,1082,15,0
idftill1,1606,1085,16,0
villj1,1606,1089,17,0
bourdon2,1606,1092,18,0
berry2,1606,1093,19,0
nomi2,1606,1099,20,0
pinault2,1606,1101,21,0
tchemil2,1606,1102,22,0
leon2,1606,1102,23,0
chenam2,1606,1103,24,0
fouaye2,1606,1105,25,0
vigne2,1606,1107,26,0
etgstg2,1606,1108,27,0
clomarg2,1606,1109,28,0
censtgi2,1606,1110,29,0
stgillw1,1606,1112,30,1
stgillw1,4942,768,1,0
censtg1,4942,769,2,0
clomarg1,4942,770,3,0
etgstg1,4942,771,4,0
vigne1,4942,772,5,0
fouaye1,4942,774,6,0
chenam1,4942,776,7,0
leon1,4942,777,8,0
tchemil1,4942,778,9,0
pinault1,4942,779,10,0
nomi1,4942,781,11,0
berry1,4942,788,12,0
bourdon1,4942,788,13,0
villj4,4942,792,14,0
idftill2,4942,796,15,0
robique2,4942,799,16,0
vizeule2,4942,802,17,0
metrie2,4942,803,18,0
belepmo2,4942,804,19,0
courtin2,4942,805,20,0
mamont2,4942,806,21,0
texier2,4942,807,22,0
fougero2,4942,808,23,0
siland2,4942,809,24,0
senestr2,4942,810,25,0
viennai2,4942,811,26,0
machftz2,4942,811,27,0
chataig2,4942,812,28,0
bignoch2,4942,813,29,0
bersand1,4942,814,30,1
bersand1,1632,992,1,0
bignoch1,1632,993,2,0
chataig1,1632,994,3,0
machftz1,1632,995,4,0
viennai1,1632,996,5,0
senestr1,1632,996,6,0
silandi1,1632,997,7,0
fougero1,1632,999,8,0
texier1,1632,1000,9,0
mamont1,1632,1001,10,0
courtin1,1632,1002,11,0
belepmo1,1632,1003,12,0
ecopa1,1632,1004,13,0
vizeule1,1632,1005,14,0
robique1,1632,1009,15,0
idftill1,1632,1012,16,0
villj1,1632,1017,17,0
bourdon2,1632,1020,18,0
berry2,1632,1021,19,0
nomi2,1632,1029,20,0
pinault2,1632,1031,21,0
tchemil2,1632,1032,22,0
leon2,1632,1033,23,0
chenam2,1632,1034,24,0
fouaye2,1632,1036,25,0
vigne2,1632,1038,26,0
etgstg2,1632,1040,27,0
clomarg2,1632,1041,28,0
censtgi2,1632,1042,29,0
stgillw1,1632,1044,30,1
bersand1,4856,1150,1,0
bignoch1,4856,1151,2,0
chataig1,4856,1152,3,0
machftz1,4856,1153,4,0
viennai1,4856,1154,5,0
senestr1,4856,1154,6,0
silandi1,4856,1155,7,0
fougero1,4856,1157,8,0
texier1,4856,1158,9,0
mamont1,4856,1159,10,0
courtin1,4856,1160,11,0
belepmo1,4856,1161,12,0
ecopa1,4856,1162,13,0
vizeule1,4856,1163,14,0
robique1,4856,1166,15,0
idftill1,4856,1169,16,0
villj1,4856,1173,17,0
bourdon2,4856,1176,18,0
berry2,4856,1177,19,0
nomi2,4856,1183,20,0
pinault2,4856,1185,21,0
tchemil2,4856,1186,22,0
leon2,4856,1186,23,0
chenam2,4856,1187,24,0
fouaye2,4856,1189,25,0
vigne2,4856,1191,26,0
etgstg2,4856,1192,27,0
clomarg2,4856,1193,28,0
censtgi2,4856,1194,29,0
stgillw1,4856,1196,30,1
stgillw1,4845,1030,1,0
censtg1,4845,1031,2,0
clomarg1,4845,1032,3,0
etgstg1,4845,1033,4,0
vigne1,4845,1034,5,0
fouaye1,4845,1036,6,0
chenam1,4845,1038,7,0
leon1,4845,1039,8,0
tchemil1,4845,1040,9,0
pinault1,4845,1041,10,0
nomi1,4845,1044,11,0
berry1,4845,1051,12,0
bourdon1,4845,1051,13,0
villj4,4845,1055,14,0
idftill2,4845,1059,15,0
robique2,4845,1063,16,0
vizeule2,4845,1067,17,0
metrie2,4845,1068,18,0
belepmo2,4845,1069,19,0
courtin2,4845,1070,20,0
mamont2,4845,1072,21,0
texier2,4845,1073,22,0
fougero2,4845,1074,23,0
siland2,4845,1075,24,0
senestr2,4845,1076,25,0
viennai2,4845,1077,26,0
machftz2,4845,1077,27,0
chataig2,4845,1079,28,0
bignoch2,4845,1080,29,0
bersand1,4845,1081,30,1
stgillw1,372,558,1,0
censtg1,372,559,2,0
clomarg1,372,560,3,0
etgstg1,372,561,4,0
vigne1,372,562,5,0
fouaye1,372,564,6,0
chenam1,372,566,7,0
leon1,372,567,8,0
tchemil1,372,568,9,0
pinault1,372,569,10,0
nomi1,372,571,11,0
berry1,372,578,12,0
bourdon1,372,578,13,0
villj4,372,582,14,0
idftill2,372,586,15,0
robique2,372,589,16,0
vizeule2,372,592,17,0
metrie2,372,593,18,0
belepmo2,372,594,19,0
courtin2,372,595,20,0
mamont2,372,596,21,0
texier2,372,597,22,0
fougero2,372,598,23,0
siland2,372,599,24,0
senestr2,372,600,25,0
viennai2,372,601,26,0
machftz2,372,601,27,0
chataig2,372,602,28,0
bignoch2,372,603,29,0
bersand1,372,604,30,1
stgillw1,379,838,1,0
censtg1,379,839,2,0
clomarg1,379,840,3,0
etgstg1,379,841,4,0
vigne1,379,842,5,0
fouaye1,379,844,6,0
chenam1,379,846,7,0
leon1,379,847,8,0
tchemil1,379,848,9,0
pinault1,379,849,10,0
nomi1,379,851,11,0
berry1,379,858,12,0
bourdon1,379,858,13,0
villj4,379,862,14,0
idftill2,379,866,15,0
robique2,379,869,16,0
vizeule2,379,872,17,0
metrie2,379,873,18,0
belepmo2,379,874,19,0
courtin2,379,875,20,0
mamont2,379,876,21,0
texier2,379,877,22,0
fougero2,379,878,23,0
siland2,379,879,24,0
senestr2,379,880,25,0
viennai2,379,881,26,0
machftz2,379,881,27,0
chataig2,379,882,28,0
bignoch2,379,883,29,0
bersand1,379,884,30,1
bersand1,375,952,1,0
bignoch1,375,953,2,0
chataig1,375,954,3,0
machftz1,375,955,4,0
viennai1,375,956,5,0
senestr1,375,956,6,0
silandi1,375,957,7,0
fougero1,375,959,8,0
texier1,375,960,9,0
mamont1,375,961,10,0
courtin1,375,962,11,0
belepmo1,375,963,12,0
ecopa1,375,964,13,0
vizeule1,375,965,14,0
robique1,375,969,15,0
idftill1,375,972,16,0
villj1,375,977,17,0
bourdon2,375,980,18,0
berry2,375,981,19,0
nomi2,375,987,20,0
pinault2,375,989,21,0
tchemil2,375,990,22,0
leon2,375,990,23,0
chenam2,375,991,24,0
fouaye2,375,993,25,0
vigne2,375,995,26,0
etgstg2,375,997,27,0
clomarg2,375,998,28,0
censtgi2,375,999,29,0
stgillw1,375,1001,30,1
repea,210,1380,1,0
villj3,210,1388,2,0
idftill2,210,1391,3,0
robique2,210,1394,4,0
vizeule2,210,1396,5,0
metrie2,210,1398,6,0
belepmo2,210,1398,7,0
courtin2,210,1399,8,0
mamont2,210,1400,9,0
texier2,210,1400,10,0
fougero2,210,1401,11,0
siland2,210,1402,12,0
senestr2,210,1403,13,0
viennai2,210,1404,14,0
machftz2,210,1404,15,0
chataig2,210,1405,16,0
bignoch2,210,1406,17,0
bersand1,210,1407,18,0
broscha2,210,1407,19,0
flume2,210,1415,20,0
mageve2,210,1415,21,0
plbrea,210,1416,22,1
bersand1,4827,1170,1,0
bignoch1,4827,1171,2,0
chataig1,4827,1172,3,0
machftz1,4827,1173,4,0
viennai1,4827,1174,5,0
senestr1,4827,1174,6,0
silandi1,4827,1175,7,0
fougero1,4827,1177,8,0
texier1,4827,1178,9,0
mamont1,4827,1179,10,0
courtin1,4827,1180,11,0
belepmo1,4827,1181,12,0
ecopa1,4827,1182,13,0
vizeule1,4827,1183,14,0
robique1,4827,1186,15,0
idftill1,4827,1189,16,0
villj1,4827,1193,17,0
bourdon2,4827,1196,18,0
berry2,4827,1197,19,0
nomi2,4827,1203,20,0
pinault2,4827,1205,21,0
tchemil2,4827,1206,22,0
leon2,4827,1206,23,0
chenam2,4827,1207,24,0
fouaye2,4827,1209,25,0
vigne2,4827,1211,26,0
etgstg2,4827,1212,27,0
clomarg2,4827,1213,28,0
censtgi2,4827,1214,29,0
stgillw1,4827,1216,30,1
stgillw1,4770,523,1,0
censtg1,4770,524,2,0
clomarg1,4770,525,3,0
etgstg1,4770,526,4,0
vigne1,4770,527,5,0
fouaye1,4770,529,6,0
chenam1,4770,531,7,0
leon1,4770,532,8,0
tchemil1,4770,533,9,0
pinault1,4770,534,10,0
nomi1,4770,536,11,0
berry1,4770,543,12,0
bourdon1,4770,543,13,0
villj4,4770,547,14,0
idftill2,4770,551,15,0
robique2,4770,554,16,0
vizeule2,4770,557,17,0
metrie2,4770,558,18,0
belepmo2,4770,559,19,0
courtin2,4770,560,20,0
mamont2,4770,561,21,0
texier2,4770,561,22,0
fougero2,4770,562,23,0
siland2,4770,563,24,0
senestr2,4770,564,25,0
viennai2,4770,565,26,0
machftz2,4770,565,27,0
chataig2,4770,566,28,0
bignoch2,4770,567,29,0
bersand1,4770,568,30,1
stgillw1,4753,873,1,0
censtg1,4753,874,2,0
clomarg1,4753,875,3,0
etgstg1,4753,876,4,0
vigne1,4753,877,5,0
fouaye1,4753,879,6,0
chenam1,4753,881,7,0
leon1,4753,882,8,0
tchemil1,4753,883,9,0
pinault1,4753,884,10,0
nomi1,4753,886,11,0
berry1,4753,893,12,0
bourdon1,4753,893,13,0
villj4,4753,897,14,0
idftill2,4753,901,15,0
robique2,4753,904,16,0
vizeule2,4753,907,17,0
metrie2,4753,908,18,0
belepmo2,4753,909,19,0
courtin2,4753,910,20,0
mamont2,4753,911,21,0
texier2,4753,912,22,0
fougero2,4753,913,23,0
siland2,4753,914,24,0
senestr2,4753,915,25,0
viennai2,4753,916,26,0
machftz2,4753,916,27,0
chataig2,4753,917,28,0
bignoch2,4753,918,29,0
bersand1,4753,919,30,1
villj3,4721,660,1,0
idftill2,4721,663,2,0
robique2,4721,666,3,0
vizeule2,4721,668,4,0
metrie2,4721,670,5,0
belepmo2,4721,670,6,0
courtin2,4721,671,7,0
mamont2,4721,672,8,0
texier2,4721,673,9,0
fougero2,4721,674,10,0
siland2,4721,675,11,0
senestr2,4721,677,12,0
viennai2,4721,678,13,0
machftz2,4721,678,14,0
chataig2,4721,679,15,0
bignoch2,4721,679,16,0
bersand1,4721,680,17,0
broscha2,4721,681,18,0
flume2,4721,689,19,0
mageve2,4721,690,20,0
plbrea,4721,691,21,1
stgillw1,4299,1070,1,0
censtg1,4299,1071,2,0
clomarg1,4299,1072,3,0
etgstg1,4299,1073,4,0
vigne1,4299,1074,5,0
fouaye1,4299,1076,6,0
chenam1,4299,1078,7,0
leon1,4299,1079,8,0
tchemil1,4299,1080,9,0
pinault1,4299,1081,10,0
nomi1,4299,1084,11,0
berry1,4299,1091,12,0
bourdon1,4299,1091,13,0
villj4,4299,1095,14,0
idftill2,4299,1099,15,0
robique2,4299,1103,16,0
vizeule2,4299,1107,17,0
metrie2,4299,1108,18,0
belepmo2,4299,1109,19,0
courtin2,4299,1110,20,0
mamont2,4299,1112,21,0
texier2,4299,1113,22,0
fougero2,4299,1114,23,0
siland2,4299,1115,24,0
senestr2,4299,1116,25,0
viennai2,4299,1117,26,0
machftz2,4299,1117,27,0
chataig2,4299,1119,28,0
bignoch2,4299,1120,29,0
bersand1,4299,1121,30,1
stgillw1,4225,450,1,0
censtg1,4225,451,2,0
clomarg1,4225,452,3,0
etgstg1,4225,453,4,0
vigne1,4225,454,5,0
fouaye1,4225,457,6,0
chenam1,4225,459,7,0
leon1,4225,460,8,0
tchemil1,4225,461,9,0
pinault1,4225,463,10,0
nomi1,4225,466,11,0
berry1,4225,473,12,0
bourdon1,4225,473,13,0
villj4,4225,477,14,0
idftill2,4225,481,15,0
robique2,4225,484,16,0
vizeule2,4225,487,17,0
metrie2,4225,488,18,0
belepmo2,4225,489,19,0
courtin2,4225,490,20,0
mamont2,4225,491,21,0
texier2,4225,492,22,0
fougero2,4225,493,23,0
siland2,4225,494,24,0
senestr2,4225,495,25,0
viennai2,4225,496,26,0
machftz2,4225,496,27,0
chataig2,4225,498,28,0
bignoch2,4225,499,29,0
bersand1,4225,500,30,1
stgillw1,2499,698,1,0
censtg1,2499,699,2,0
clomarg1,2499,700,3,0
etgstg1,2499,701,4,0
vigne1,2499,702,5,0
fouaye1,2499,704,6,0
chenam1,2499,706,7,0
leon1,2499,707,8,0
tchemil1,2499,708,9,0
pinault1,2499,709,10,0
nomi1,2499,711,11,0
berry1,2499,718,12,0
bourdon1,2499,718,13,0
villj4,2499,722,14,0
idftill2,2499,726,15,0
robique2,2499,729,16,0
vizeule2,2499,732,17,0
metrie2,2499,733,18,0
belepmo2,2499,734,19,0
courtin2,2499,735,20,0
mamont2,2499,736,21,0
texier2,2499,737,22,0
fougero2,2499,738,23,0
siland2,2499,739,24,0
senestr2,2499,740,25,0
viennai2,2499,741,26,0
machftz2,2499,741,27,0
chataig2,2499,742,28,0
bignoch2,2499,743,29,0
bersand1,2499,744,30,1
stgillw1,4274,1048,1,0
censtg1,4274,1049,2,0
clomarg1,4274,1050,3,0
etgstg1,4274,1051,4,0
vigne1,4274,1052,5,0
fouaye1,4274,1054,6,0
chenam1,4274,1056,7,0
leon1,4274,1057,8,0
tchemil1,4274,1058,9,0
pinault1,4274,1059,10,0
nomi1,4274,1061,11,0
berry1,4274,1068,12,0
bourdon1,4274,1068,13,0
villj4,4274,1072,14,0
idftill2,4274,1076,15,0
robique2,4274,1079,16,0
vizeule2,4274,1082,17,0
metrie2,4274,1083,18,0
belepmo2,4274,1084,19,0
courtin2,4274,1085,20,0
mamont2,4274,1086,21,0
texier2,4274,1087,22,0
fougero2,4274,1088,23,0
siland2,4274,1089,24,0
senestr2,4274,1090,25,0
viennai2,4274,1091,26,0
machftz2,4274,1091,27,0
chataig2,4274,1092,28,0
bignoch2,4274,1093,29,0
bersand1,4274,1094,30,1
bersand1,4289,460,1,0
bignoch1,4289,461,2,0
chataig1,4289,462,3,0
machftz1,4289,464,4,0
viennai1,4289,465,5,0
senestr1,4289,465,6,0
silandi1,4289,466,7,0
fougero1,4289,468,8,0
texier1,4289,469,9,0
mamont1,4289,470,10,0
courtin1,4289,471,11,0
belepmo1,4289,473,12,0
ecopa1,4289,474,13,0
vizeule1,4289,475,14,0
robique1,4289,480,15,0
idftill1,4289,483,16,0
villj1,4289,487,17,0
bourdon2,4289,490,18,0
berry2,4289,491,19,0
nomi2,4289,497,20,0
pinault2,4289,499,21,0
tchemil2,4289,500,22,0
leon2,4289,500,23,0
chenam2,4289,501,24,0
fouaye2,4289,503,25,0
vigne2,4289,505,26,0
etgstg2,4289,506,27,0
clomarg2,4289,507,28,0
censtgi2,4289,508,29,0
stgillw1,4289,510,30,1
bersand1,1392,820,1,0
bignoch1,1392,821,2,0
chataig1,1392,822,3,0
machftz1,1392,823,4,0
viennai1,1392,824,5,0
senestr1,1392,824,6,0
silandi1,1392,825,7,0
fougero1,1392,827,8,0
texier1,1392,828,9,0
mamont1,1392,829,10,0
courtin1,1392,830,11,0
belepmo1,1392,831,12,0
ecopa1,1392,832,13,0
vizeule1,1392,833,14,0
robique1,1392,836,15,0
idftill1,1392,839,16,0
villj1,1392,843,17,0
bourdon2,1392,846,18,0
berry2,1392,847,19,0
nomi2,1392,853,20,0
pinault2,1392,855,21,0
tchemil2,1392,856,22,0
leon2,1392,856,23,0
chenam2,1392,857,24,0
fouaye2,1392,859,25,0
vigne2,1392,861,26,0
etgstg2,1392,862,27,0
clomarg2,1392,863,28,0
censtgi2,1392,864,29,0
stgillw1,1392,866,30,1
bersand1,800,960,1,0
bignoch1,800,961,2,0
chataig1,800,962,3,0
machftz1,800,963,4,0
viennai1,800,964,5,0
senestr1,800,964,6,0
silandi1,800,965,7,0
fougero1,800,967,8,0
texier1,800,968,9,0
mamont1,800,969,10,0
courtin1,800,970,11,0
belepmo1,800,971,12,0
ecopa1,800,972,13,0
vizeule1,800,973,14,0
robique1,800,977,15,0
idftill1,800,980,16,0
villj1,800,984,17,0
bourdon2,800,987,18,0
berry2,800,988,19,0
nomi2,800,994,20,0
pinault2,800,996,21,0
tchemil2,800,997,22,0
leon2,800,997,23,0
chenam2,800,998,24,0
fouaye2,800,1000,25,0
vigne2,800,1002,26,0
etgstg2,800,1003,27,0
clomarg2,800,1004,28,0
censtgi2,800,1005,29,0
stgillw1,800,1007,30,1
stgillw1,840,520,1,0
censtg1,840,521,2,0
clomarg1,840,522,3,0
etgstg1,840,523,4,0
vigne1,840,524,5,0
fouaye1,840,526,6,0
chenam1,840,528,7,0
leon1,840,529,8,0
tchemil1,840,530,9,0
pinault1,840,532,10,0
nomi1,840,535,11,0
berry1,840,542,12,0
bourdon1,840,542,13,0
villj4,840,546,14,0
idftill2,840,550,15,0
robique2,840,553,16,0
vizeule2,840,556,17,0
metrie2,840,557,18,0
belepmo2,840,558,19,0
courtin2,840,559,20,0
mamont2,840,560,21,0
texier2,840,561,22,0
fougero2,840,562,23,0
siland2,840,563,24,0
senestr2,840,564,25,0
viennai2,840,565,26,0
machftz2,840,565,27,0
chataig2,840,566,28,0
bignoch2,840,567,29,0
bersand1,840,568,30,1
bersand1,4190,380,1,0
bignoch1,4190,381,2,0
chataig1,4190,382,3,0
machftz1,4190,383,4,0
viennai1,4190,384,5,0
senestr1,4190,384,6,0
silandi1,4190,385,7,0
fougero1,4190,387,8,0
texier1,4190,388,9,0
mamont1,4190,389,10,0
courtin1,4190,390,11,0
belepmo1,4190,391,12,0
ecopa1,4190,392,13,0
vizeule1,4190,393,14,0
robique1,4190,396,15,0
idftill1,4190,399,16,0
villj1,4190,403,17,0
bourdon2,4190,406,18,0
berry2,4190,407,19,0
nomi2,4190,413,20,0
pinault2,4190,415,21,0
tchemil2,4190,416,22,0
leon2,4190,416,23,0
chenam2,4190,417,24,0
fouaye2,4190,419,25,0
vigne2,4190,421,26,0
etgstg2,4190,422,27,0
clomarg2,4190,423,28,0
censtgi2,4190,424,29,0
stgillw1,4190,426,30,1
bersand1,2401,1200,1,0
bignoch1,2401,1201,2,0
chataig1,2401,1202,3,0
machftz1,2401,1203,4,0
viennai1,2401,1204,5,0
senestr1,2401,1204,6,0
silandi1,2401,1205,7,0
fougero1,2401,1207,8,0
texier1,2401,1208,9,0
mamont1,2401,1209,10,0
courtin1,2401,1210,11,0
belepmo1,2401,1211,12,0
ecopa1,2401,1212,13,0
vizeule1,2401,1213,14,0
robique1,2401,1216,15,0
idftill1,2401,1219,16,0
villj1,2401,1223,17,0
bourdon2,2401,1226,18,0
berry2,2401,1227,19,0
nomi2,2401,1233,20,0
pinault2,2401,1235,21,0
tchemil2,2401,1236,22,0
leon2,2401,1236,23,0
chenam2,2401,1237,24,0
fouaye2,2401,1239,25,0
vigne2,2401,1241,26,0
etgstg2,2401,1242,27,0
clomarg2,2401,1243,28,0
censtgi2,2401,1244,29,0
stgillw1,2401,1246,30,1
bersand1,5642,470,1,0
bignoch1,5642,471,2,0
chataig1,5642,472,3,0
machftz1,5642,473,4,0
viennai1,5642,474,5,0
senestr1,5642,474,6,0
silandi1,5642,475,7,0
fougero1,5642,477,8,0
texier1,5642,478,9,0
mamont1,5642,479,10,0
courtin1,5642,480,11,0
belepmo1,5642,481,12,0
ecopa1,5642,482,13,0
vizeule1,5642,483,14,0
robique1,5642,486,15,0
idftill1,5642,489,16,0
villj1,5642,493,17,0
bourdon2,5642,496,18,0
berry2,5642,497,19,0
nomi2,5642,503,20,0
pinault2,5642,505,21,0
tchemil2,5642,506,22,0
leon2,5642,506,23,0
chenam2,5642,507,24,0
fouaye2,5642,509,25,0
vigne2,5642,511,26,0
etgstg2,5642,512,27,0
clomarg2,5642,513,28,0
censtgi2,5642,514,29,0
stgillw1,5642,516,30,1
villj3,5624,1140,1,0
idftill2,5624,1143,2,0
robique2,5624,1146,3,0
vizeule2,5624,1148,4,0
metrie2,5624,1150,5,0
belepmo2,5624,1150,6,0
courtin2,5624,1151,7,0
mamont2,5624,1152,8,0
texier2,5624,1153,9,0
fougero2,5624,1154,10,0
siland2,5624,1155,11,0
senestr2,5624,1157,12,0
viennai2,5624,1158,13,0
machftz2,5624,1158,14,0
chataig2,5624,1159,15,0
bignoch2,5624,1159,16,0
bersand1,5624,1160,17,0
broscha2,5624,1161,18,0
flume2,5624,1169,19,0
mageve2,5624,1170,20,0
plbrea,5624,1171,21,1
villj4,2386,955,1,0
idftill2,2386,959,2,0
robique2,2386,962,3,0
vizeule2,2386,965,4,0
metrie2,2386,966,5,0
belepmo2,2386,967,6,0
courtin2,2386,968,7,0
mamont2,2386,969,8,0
texier2,2386,970,9,0
fougero2,2386,971,10,0
siland2,2386,972,11,0
senestr2,2386,973,12,0
viennai2,2386,974,13,0
machftz2,2386,974,14,0
chataig2,2386,975,15,0
bignoch2,2386,976,16,0
bersand1,2386,977,17,1
stgillw1,5605,420,1,0
censtg1,5605,421,2,0
clomarg1,5605,422,3,0
etgstg1,5605,423,4,0
vigne1,5605,424,5,0
fouaye1,5605,426,6,0
chenam1,5605,428,7,0
leon1,5605,429,8,0
tchemil1,5605,430,9,0
pinault1,5605,431,10,0
nomi1,5605,434,11,0
berry1,5605,441,12,0
bourdon1,5605,441,13,0
villj4,5605,445,14,0
idftill2,5605,449,15,0
robique2,5605,452,16,0
vizeule2,5605,455,17,0
metrie2,5605,456,18,0
belepmo2,5605,457,19,0
courtin2,5605,458,20,0
mamont2,5605,459,21,0
texier2,5605,459,22,0
fougero2,5605,460,23,0
siland2,5605,461,24,0
senestr2,5605,462,25,0
viennai2,5605,463,26,0
machftz2,5605,463,27,0
chataig2,5605,464,28,0
bignoch2,5605,465,29,0
bersand1,5605,466,30,1
bersand1,1265,785,1,0
bignoch1,1265,786,2,0
chataig1,1265,787,3,0
machftz1,1265,788,4,0
viennai1,1265,789,5,0
senestr1,1265,789,6,0
silandi1,1265,790,7,0
fougero1,1265,792,8,0
texier1,1265,793,9,0
mamont1,1265,794,10,0
courtin1,1265,795,11,0
belepmo1,1265,796,12,0
ecopa1,1265,797,13,0
vizeule1,1265,798,14,0
robique1,1265,801,15,0
idftill1,1265,804,16,0
villj1,1265,808,17,0
bourdon2,1265,811,18,0
berry2,1265,812,19,0
nomi2,1265,818,20,0
pinault2,1265,820,21,0
tchemil2,1265,821,22,0
leon2,1265,821,23,0
chenam2,1265,822,24,0
fouaye2,1265,824,25,0
vigne2,1265,826,26,0
etgstg2,1265,827,27,0
clomarg2,1265,828,28,0
censtgi2,1265,829,29,0
stgillw1,1265,831,30,1
stgillw1,738,1013,1,0
censtg1,738,1014,2,0
clomarg1,738,1015,3,0
etgstg1,738,1016,4,0
vigne1,738,1017,5,0
fouaye1,738,1019,6,0
chenam1,738,1021,7,0
leon1,738,1022,8,0
tchemil1,738,1023,9,0
pinault1,738,1024,10,0
nomi1,738,1026,11,0
berry1,738,1033,12,0
bourdon1,738,1033,13,0
villj4,738,1037,14,0
idftill2,738,1041,15,0
robique2,738,1044,16,0
vizeule2,738,1047,17,0
metrie2,738,1048,18,0
belepmo2,738,1049,19,0
courtin2,738,1050,20,0
mamont2,738,1051,21,0
texier2,738,1052,22,0
fougero2,738,1053,23,0
siland2,738,1054,24,0
senestr2,738,1055,25,0
viennai2,738,1056,26,0
machftz2,738,1056,27,0
chataig2,738,1057,28,0
bignoch2,738,1058,29,0
bersand1,738,1059,30,1
bersand1,719,750,1,0
bignoch1,719,751,2,0
chataig1,719,752,3,0
machftz1,719,753,4,0
viennai1,719,754,5,0
senestr1,719,754,6,0
silandi1,719,755,7,0
fougero1,719,757,8,0
texier1,719,758,9,0
mamont1,719,759,10,0
courtin1,719,760,11,0
belepmo1,719,761,12,0
ecopa1,719,762,13,0
vizeule1,719,763,14,0
robique1,719,766,15,0
idftill1,719,769,16,0
villj1,719,773,17,0
bourdon2,719,776,18,0
berry2,719,777,19,0
nomi2,719,783,20,0
pinault2,719,785,21,0
tchemil2,719,786,22,0
leon2,719,786,23,0
chenam2,719,787,24,0
fouaye2,719,789,25,0
vigne2,719,791,26,0
etgstg2,719,792,27,0
clomarg2,719,793,28,0
censtgi2,719,794,29,0
stgillw1,719,796,30,1
stgillw1,796,400,1,0
censtg1,796,401,2,0
clomarg1,796,402,3,0
etgstg1,796,403,4,0
vigne1,796,404,5,0
fouaye1,796,406,6,0
chenam1,796,408,7,0
leon1,796,409,8,0
tchemil1,796,410,9,0
pinault1,796,411,10,0
nomi1,796,414,11,0
berry1,796,421,12,0
bourdon1,796,421,13,0
villj4,796,425,14,0
idftill2,796,429,15,0
robique2,796,432,16,0
vizeule2,796,435,17,0
metrie2,796,436,18,0
belepmo2,796,437,19,0
courtin2,796,438,20,0
mamont2,796,439,21,0
texier2,796,439,22,0
fougero2,796,440,23,0
siland2,796,441,24,0
senestr2,796,442,25,0
viennai2,796,443,26,0
machftz2,796,443,27,0
chataig2,796,444,28,0
bignoch2,796,444,29,0
bersand1,796,445,30,1
bersand1,754,520,1,0
bignoch1,754,521,2,0
chataig1,754,522,3,0
machftz1,754,524,4,0
viennai1,754,525,5,0
senestr1,754,525,6,0
silandi1,754,526,7,0
fougero1,754,528,8,0
texier1,754,529,9,0
mamont1,754,530,10,0
courtin1,754,531,11,0
belepmo1,754,532,12,0
ecopa1,754,533,13,0
vizeule1,754,534,14,0
robique1,754,539,15,0
idftill1,754,542,16,0
villj1,754,546,17,1
bersand1,5531,610,1,0
bignoch1,5531,611,2,0
chataig1,5531,612,3,0
machftz1,5531,613,4,0
viennai1,5531,614,5,0
senestr1,5531,614,6,0
silandi1,5531,615,7,0
fougero1,5531,617,8,0
texier1,5531,618,9,0
mamont1,5531,619,10,0
courtin1,5531,620,11,0
belepmo1,5531,621,12,0
ecopa1,5531,622,13,0
vizeule1,5531,623,14,0
robique1,5531,626,15,0
idftill1,5531,629,16,0
villj1,5531,633,17,0
bourdon2,5531,636,18,0
berry2,5531,637,19,0
nomi2,5531,643,20,0
pinault2,5531,645,21,0
tchemil2,5531,646,22,0
leon2,5531,646,23,0
chenam2,5531,647,24,0
fouaye2,5531,649,25,0
vigne2,5531,651,26,0
etgstg2,5531,652,27,0
clomarg2,5531,653,28,0
censtgi2,5531,654,29,0
stgillw1,5531,656,30,1
bersand1,4486,1100,1,0
bignoch1,4486,1101,2,0
chataig1,4486,1102,3,0
machftz1,4486,1103,4,0
viennai1,4486,1104,5,0
senestr1,4486,1104,6,0
silandi1,4486,1105,7,0
fougero1,4486,1107,8,0
texier1,4486,1108,9,0
mamont1,4486,1109,10,0
courtin1,4486,1110,11,0
belepmo1,4486,1111,12,0
ecopa1,4486,1112,13,0
vizeule1,4486,1113,14,0
robique1,4486,1117,15,0
idftill1,4486,1120,16,0
villj1,4486,1124,17,0
bourdon2,4486,1127,18,0
berry2,4486,1128,19,0
nomi2,4486,1134,20,0
pinault2,4486,1136,21,0
tchemil2,4486,1137,22,0
leon2,4486,1137,23,0
chenam2,4486,1138,24,0
fouaye2,4486,1140,25,0
vigne2,4486,1142,26,0
etgstg2,4486,1143,27,0
clomarg2,4486,1144,28,0
censtgi2,4486,1145,29,0
stgillw1,4486,1147,30,1
plbrea,5580,940,1,0
mageve1,5580,941,2,0
flume1,5580,942,3,0
broscha1,5580,949,4,0
bersand1,5580,950,5,0
bignoch1,5580,951,6,0
chataig1,5580,951,7,0
machftz1,5580,952,8,0
viennai1,5580,952,9,0
senestr1,5580,953,10,0
silandi1,5580,954,11,0
fougero1,5580,955,12,0
texier1,5580,956,13,0
mamont1,5580,957,14,0
courtin1,5580,958,15,0
belepmo1,5580,959,16,0
ecopa1,5580,960,17,0
vizeule1,5580,960,18,0
robique1,5580,963,19,0
idftill1,5580,966,20,0
villj3,5580,970,21,1
stgillw1,2639,1226,1,0
censtg1,2639,1227,2,0
clomarg1,2639,1228,3,0
etgstg1,2639,1229,4,0
vigne1,2639,1230,5,0
fouaye1,2639,1232,6,0
chenam1,2639,1234,7,0
leon1,2639,1235,8,0
tchemil1,2639,1236,9,0
pinault1,2639,1237,10,0
nomi1,2639,1239,11,0
berry1,2639,1246,12,0
bourdon1,2639,1246,13,0
villj4,2639,1250,14,0
idftill2,2639,1254,15,0
robique2,2639,1257,16,0
vizeule2,2639,1260,17,0
metrie2,2639,1261,18,0
belepmo2,2639,1262,19,0
courtin2,2639,1263,20,0
mamont2,2639,1264,21,0
texier2,2639,1264,22,0
fougero2,2639,1265,23,0
siland2,2639,1266,24,0
senestr2,2639,1267,25,0
viennai2,2639,1268,26,0
machftz2,2639,1268,27,0
chataig2,2639,1269,28,0
bignoch2,2639,1269,29,0
bersand1,2639,1270,30,1
villj3,1068,1060,1,0
idftill2,1068,1063,2,0
robique2,1068,1066,3,0
vizeule2,1068,1068,4,0
metrie2,1068,1070,5,0
belepmo2,1068,1070,6,0
courtin2,1068,1071,7,0
mamont2,1068,1072,8,0
texier2,1068,1073,9,0
fougero2,1068,1074,10,0
siland2,1068,1075,11,0
senestr2,1068,1077,12,0
viennai2,1068,1078,13,0
machftz2,1068,1078,14,0
chataig2,1068,1079,15,0
bignoch2,1068,1079,16,0
bersand1,1068,1080,17,0
broscha2,1068,1081,18,0
flume2,1068,1089,19,0
mageve2,1068,1090,20,0
plbrea,1068,1091,21,1
stgillw1,4379,453,1,0
censtg1,4379,454,2,0
clomarg1,4379,455,3,0
etgstg1,4379,456,4,0
vigne1,4379,457,5,0
fouaye1,4379,459,6,0
chenam1,4379,461,7,0
leon1,4379,462,8,0
tchemil1,4379,463,9,0
pinault1,4379,464,10,0
nomi1,4379,466,11,0
berry1,4379,473,12,0
bourdon1,4379,473,13,0
villj4,4379,477,14,0
idftill2,4379,481,15,0
robique2,4379,484,16,0
vizeule2,4379,487,17,0
metrie2,4379,488,18,0
belepmo2,4379,489,19,0
courtin2,4379,490,20,0
mamont2,4379,491,21,0
texier2,4379,491,22,0
fougero2,4379,492,23,0
siland2,4379,493,24,0
senestr2,4379,494,25,0
viennai2,4379,495,26,0
machftz2,4379,495,27,0
chataig2,4379,496,28,0
bignoch2,4379,497,29,0
bersand1,4379,498,30,1
stgillw1,5482,1226,1,0
censtg1,5482,1227,2,0
clomarg1,5482,1228,3,0
etgstg1,5482,1229,4,0
vigne1,5482,1230,5,0
fouaye1,5482,1232,6,0
chenam1,5482,1234,7,0
leon1,5482,1235,8,0
tchemil1,5482,1236,9,0
pinault1,5482,1237,10,0
nomi1,5482,1239,11,0
berry1,5482,1246,12,0
bourdon1,5482,1246,13,0
villj4,5482,1250,14,0
idftill2,5482,1254,15,0
robique2,5482,1257,16,0
vizeule2,5482,1260,17,0
metrie2,5482,1261,18,0
belepmo2,5482,1262,19,0
courtin2,5482,1263,20,0
mamont2,5482,1264,21,0
texier2,5482,1265,22,0
fougero2,5482,1266,23,0
siland2,5482,1267,24,0
senestr2,5482,1268,25,0
viennai2,5482,1269,26,0
machftz2,5482,1269,27,0
chataig2,5482,1270,28,0
bignoch2,5482,1271,29,0
bersand1,5482,1272,30,1
bersand1,1034,715,1,0
bignoch1,1034,716,2,0
chataig1,1034,717,3,0
machftz1,1034,718,4,0
viennai1,1034,719,5,0
senestr1,1034,719,6,0
silandi1,1034,720,7,0
fougero1,1034,722,8,0
texier1,1034,723,9,0
mamont1,1034,724,10,0
courtin1,1034,725,11,0
belepmo1,1034,726,12,0
ecopa1,1034,727,13,0
vizeule1,1034,728,14,0
robique1,1034,731,15,0
idftill1,1034,734,16,0
villj1,1034,738,17,0
bourdon2,1034,741,18,0
berry2,1034,742,19,0
nomi2,1034,748,20,0
pinault2,1034,750,21,0
tchemil2,1034,751,22,0
leon2,1034,751,23,0
chenam2,1034,752,24,0
fouaye2,1034,754,25,0
vigne2,1034,756,26,0
etgstg2,1034,757,27,0
clomarg2,1034,758,28,0
censtgi2,1034,759,29,0
stgillw1,1034,761,30,1
stgillw1,5498,435,1,0
censtg1,5498,436,2,0
clomarg1,5498,437,3,0
etgstg1,5498,438,4,0
vigne1,5498,439,5,0
fouaye1,5498,442,6,0
chenam1,5498,444,7,0
leon1,5498,445,8,0
tchemil1,5498,446,9,0
pinault1,5498,447,10,0
nomi1,5498,450,11,0
berry1,5498,457,12,0
bourdon1,5498,457,13,0
villj4,5498,461,14,0
idftill2,5498,465,15,0
robique2,5498,468,16,0
vizeule2,5498,471,17,0
metrie2,5498,472,18,0
belepmo2,5498,473,19,0
courtin2,5498,474,20,0
mamont2,5498,475,21,0
texier2,5498,476,22,0
fougero2,5498,477,23,0
siland2,5498,478,24,0
senestr2,5498,479,25,0
viennai2,5498,480,26,0
machftz2,5498,480,27,0
chataig2,5498,482,28,0
bignoch2,5498,483,29,0
bersand1,5498,484,30,1
stgillw1,6074,1131,1,0
censtg1,6074,1132,2,0
clomarg1,6074,1133,3,0
etgstg1,6074,1134,4,0
vigne1,6074,1135,5,0
fouaye1,6074,1137,6,0
chenam1,6074,1139,7,0
leon1,6074,1140,8,0
tchemil1,6074,1141,9,0
pinault1,6074,1142,10,0
nomi1,6074,1144,11,0
berry1,6074,1151,12,0
bourdon1,6074,1151,13,0
villj4,6074,1155,14,0
idftill2,6074,1159,15,0
robique2,6074,1162,16,0
vizeule2,6074,1165,17,0
metrie2,6074,1166,18,0
belepmo2,6074,1167,19,0
courtin2,6074,1168,20,0
mamont2,6074,1169,21,0
texier2,6074,1170,22,0
fougero2,6074,1171,23,0
siland2,6074,1172,24,0
senestr2,6074,1173,25,0
viennai2,6074,1174,26,0
machftz2,6074,1174,27,0
chataig2,6074,1175,28,0
bignoch2,6074,1176,29,0
bersand1,6074,1177,30,1
plbrea,5341,780,1,0
mageve1,5341,781,2,0
flume1,5341,782,3,0
broscha1,5341,789,4,0
bersand1,5341,790,5,0
bignoch1,5341,791,6,0
chataig1,5341,791,7,0
machftz1,5341,792,8,0
viennai1,5341,792,9,0
senestr1,5341,793,10,0
silandi1,5341,794,11,0
fougero1,5341,795,12,0
texier1,5341,796,13,0
mamont1,5341,797,14,0
courtin1,5341,798,15,0
belepmo1,5341,799,16,0
ecopa1,5341,800,17,0
vizeule1,5341,800,18,0
robique1,5341,803,19,0
idftill1,5341,806,20,0
villj3,5341,810,21,1
stgillw1,5330,488,1,0
censtg1,5330,489,2,0
clomarg1,5330,490,3,0
etgstg1,5330,491,4,0
vigne1,5330,492,5,0
fouaye1,5330,494,6,0
chenam1,5330,496,7,0
leon1,5330,497,8,0
tchemil1,5330,498,9,0
pinault1,5330,499,10,0
nomi1,5330,501,11,0
berry1,5330,508,12,0
bourdon1,5330,508,13,0
villj4,5330,512,14,0
idftill2,5330,516,15,0
robique2,5330,519,16,0
vizeule2,5330,522,17,0
metrie2,5330,523,18,0
belepmo2,5330,524,19,0
courtin2,5330,525,20,0
mamont2,5330,526,21,0
texier2,5330,526,22,0
fougero2,5330,527,23,0
siland2,5330,528,24,0
senestr2,5330,529,25,0
viennai2,5330,530,26,0
machftz2,5330,530,27,0
chataig2,5330,531,28,0
bignoch2,5330,532,29,0
bersand1,5330,533,30,1
villj3,5314,820,1,0
idftill2,5314,823,2,0
robique2,5314,826,3,0
vizeule2,5314,828,4,0
metrie2,5314,830,5,0
belepmo2,5314,830,6,0
courtin2,5314,831,7,0
mamont2,5314,832,8,0
texier2,5314,833,9,0
fougero2,5314,834,10,0
siland2,5314,835,11,0
senestr2,5314,837,12,0
viennai2,5314,838,13,0
machftz2,5314,838,14,0
chataig2,5314,839,15,0
bignoch2,5314,839,16,0
bersand1,5314,840,17,0
broscha2,5314,841,18,0
flume2,5314,849,19,0
mageve2,5314,850,20,0
plbrea,5314,851,21,1
stgillw1,6062,370,1,0
censtg1,6062,371,2,0
clomarg1,6062,372,3,0
etgstg1,6062,373,4,0
vigne1,6062,374,5,0
fouaye1,6062,376,6,0
chenam1,6062,378,7,0
leon1,6062,379,8,0
tchemil1,6062,380,9,0
pinault1,6062,381,10,0
nomi1,6062,384,11,0
berry1,6062,391,12,0
bourdon1,6062,391,13,0
villj4,6062,395,14,0
idftill2,6062,399,15,0
robique2,6062,402,16,0
vizeule2,6062,405,17,0
metrie2,6062,406,18,0
belepmo2,6062,407,19,0
courtin2,6062,408,20,0
mamont2,6062,409,21,0
texier2,6062,409,22,0
fougero2,6062,410,23,0
siland2,6062,411,24,0
senestr2,6062,412,25,0
viennai2,6062,413,26,0
machftz2,6062,413,27,0
chataig2,6062,414,28,0
bignoch2,6062,414,29,0
bersand1,6062,415,30,1
bersand1,6052,1032,1,0
bignoch1,6052,1033,2,0
chataig1,6052,1034,3,0
machftz1,6052,1035,4,0
viennai1,6052,1036,5,0
senestr1,6052,1036,6,0
silandi1,6052,1037,7,0
fougero1,6052,1039,8,0
texier1,6052,1040,9,0
mamont1,6052,1041,10,0
courtin1,6052,1042,11,0
belepmo1,6052,1043,12,0
ecopa1,6052,1044,13,0
vizeule1,6052,1045,14,0
robique1,6052,1049,15,0
idftill1,6052,1052,16,0
villj1,6052,1057,17,0
bourdon2,6052,1060,18,0
berry2,6052,1061,19,0
nomi2,6052,1069,20,0
pinault2,6052,1071,21,0
tchemil2,6052,1072,22,0
leon2,6052,1073,23,0
chenam2,6052,1074,24,0
fouaye2,6052,1076,25,0
vigne2,6052,1078,26,0
etgstg2,6052,1080,27,0
clomarg2,6052,1081,28,0
censtgi2,6052,1082,29,0
stgillw1,6052,1084,30,1
plbrea,6032,1100,1,0
mageve1,6032,1101,2,0
flume1,6032,1102,3,0
broscha1,6032,1109,4,0
bersand1,6032,1110,5,0
bignoch1,6032,1111,6,0
chataig1,6032,1111,7,0
machftz1,6032,1112,8,0
viennai1,6032,1112,9,0
senestr1,6032,1113,10,0
silandi1,6032,1114,11,0
fougero1,6032,1115,12,0
texier1,6032,1116,13,0
mamont1,6032,1117,14,0
courtin1,6032,1118,15,0
belepmo1,6032,1119,16,0
ecopa1,6032,1120,17,0
vizeule1,6032,1120,18,0
robique1,6032,1123,19,0
idftill1,6032,1126,20,0
villj3,6032,1130,21,1
bersand1,5134,425,1,0
bignoch1,5134,426,2,0
chataig1,5134,427,3,0
machftz1,5134,428,4,0
viennai1,5134,429,5,0
senestr1,5134,429,6,0
silandi1,5134,430,7,0
fougero1,5134,432,8,0
texier1,5134,433,9,0
mamont1,5134,434,10,0
courtin1,5134,435,11,0
belepmo1,5134,436,12,0
ecopa1,5134,437,13,0
vizeule1,5134,438,14,0
robique1,5134,441,15,0
idftill1,5134,444,16,0
villj1,5134,448,17,0
bourdon2,5134,451,18,0
berry2,5134,452,19,0
nomi2,5134,458,20,0
pinault2,5134,460,21,0
tchemil2,5134,461,22,0
leon2,5134,461,23,0
chenam2,5134,462,24,0
fouaye2,5134,464,25,0
vigne2,5134,466,26,0
etgstg2,5134,467,27,0
clomarg2,5134,468,28,0
censtgi2,5134,469,29,0
stgillw1,5134,471,30,1
bersand1,4037,1135,1,0
bignoch1,4037,1136,2,0
chataig1,4037,1137,3,0
machftz1,4037,1138,4,0
viennai1,4037,1139,5,0
senestr1,4037,1139,6,0
silandi1,4037,1140,7,0
fougero1,4037,1142,8,0
texier1,4037,1143,9,0
mamont1,4037,1144,10,0
courtin1,4037,1145,11,0
belepmo1,4037,1146,12,0
ecopa1,4037,1147,13,0
vizeule1,4037,1148,14,0
robique1,4037,1151,15,0
idftill1,4037,1154,16,0
villj1,4037,1158,17,0
bourdon2,4037,1161,18,0
berry2,4037,1162,19,0
nomi2,4037,1168,20,0
pinault2,4037,1170,21,0
tchemil2,4037,1171,22,0
leon2,4037,1171,23,0
chenam2,4037,1172,24,0
fouaye2,4037,1174,25,0
vigne2,4037,1176,26,0
etgstg2,4037,1177,27,0
clomarg2,4037,1178,28,0
censtgi2,4037,1179,29,0
stgillw1,4037,1181,30,1
stgillw1,4035,951,1,0
censtg1,4035,952,2,0
clomarg1,4035,953,3,0
etgstg1,4035,954,4,0
vigne1,4035,955,5,0
fouaye1,4035,957,6,0
chenam1,4035,959,7,0
leon1,4035,960,8,0
tchemil1,4035,961,9,0
pinault1,4035,962,10,0
nomi1,4035,964,11,0
berry1,4035,971,12,0
bourdon1,4035,971,13,0
villj4,4035,975,14,0
idftill2,4035,979,15,0
robique2,4035,982,16,0
vizeule2,4035,985,17,0
metrie2,4035,986,18,0
belepmo2,4035,987,19,0
courtin2,4035,988,20,0
mamont2,4035,989,21,0
texier2,4035,990,22,0
fougero2,4035,991,23,0
siland2,4035,992,24,0
senestr2,4035,993,25,0
viennai2,4035,994,26,0
machftz2,4035,994,27,0
chataig2,4035,996,28,0
bignoch2,4035,997,29,0
bersand1,4035,998,30,1
bersand1,4007,1012,1,0
bignoch1,4007,1013,2,0
chataig1,4007,1014,3,0
machftz1,4007,1015,4,0
viennai1,4007,1016,5,0
senestr1,4007,1016,6,0
silandi1,4007,1017,7,0
fougero1,4007,1019,8,0
texier1,4007,1020,9,0
mamont1,4007,1021,10,0
courtin1,4007,1022,11,0
belepmo1,4007,1023,12,0
ecopa1,4007,1024,13,0
vizeule1,4007,1025,14,0
robique1,4007,1029,15,0
idftill1,4007,1032,16,0
villj1,4007,1037,17,0
bourdon2,4007,1040,18,0
berry2,4007,1041,19,0
nomi2,4007,1049,20,0
pinault2,4007,1051,21,0
tchemil2,4007,1052,22,0
leon2,4007,1053,23,0
chenam2,4007,1054,24,0
fouaye2,4007,1056,25,0
vigne2,4007,1058,26,0
etgstg2,4007,1060,27,0
clomarg2,4007,1061,28,0
censtgi2,4007,1062,29,0
stgillw1,4007,1064,30,1
bersand1,6253,1230,1,0
bignoch1,6253,1231,2,0
chataig1,6253,1232,3,0
machftz1,6253,1233,4,0
viennai1,6253,1234,5,0
senestr1,6253,1234,6,0
silandi1,6253,1235,7,0
fougero1,6253,1237,8,0
texier1,6253,1238,9,0
mamont1,6253,1239,10,0
courtin1,6253,1240,11,0
belepmo1,6253,1241,12,0
ecopa1,6253,1242,13,0
vizeule1,6253,1243,14,0
robique1,6253,1246,15,0
idftill1,6253,1249,16,0
villj1,6253,1253,17,0
bourdon2,6253,1256,18,0
berry2,6253,1257,19,0
nomi2,6253,1263,20,0
pinault2,6253,1265,21,0
tchemil2,6253,1266,22,0
leon2,6253,1266,23,0
chenam2,6253,1267,24,0
fouaye2,6253,1269,25,0
vigne2,6253,1271,26,0
etgstg2,6253,1272,27,0
clomarg2,6253,1273,28,0
censtgi2,6253,1274,29,0
stgillw1,6253,1276,30,1
stgillw1,6234,990,1,0
censtg1,6234,991,2,0
clomarg1,6234,992,3,0
etgstg1,6234,993,4,0
vigne1,6234,994,5,0
fouaye1,6234,996,6,0
chenam1,6234,998,7,0
leon1,6234,999,8,0
tchemil1,6234,1000,9,0
pinault1,6234,1001,10,0
nomi1,6234,1004,11,0
berry1,6234,1011,12,0
bourdon1,6234,1011,13,0
villj4,6234,1015,14,0
idftill2,6234,1019,15,0
robique2,6234,1022,16,0
vizeule2,6234,1026,17,0
metrie2,6234,1027,18,0
belepmo2,6234,1028,19,0
courtin2,6234,1029,20,0
mamont2,6234,1031,21,0
texier2,6234,1032,22,0
fougero2,6234,1033,23,0
siland2,6234,1034,24,0
senestr2,6234,1035,25,0
viennai2,6234,1036,26,0
machftz2,6234,1036,27,0
chataig2,6234,1038,28,0
bignoch2,6234,1039,29,0
bersand1,6234,1040,30,1
bersand1,4093,855,1,0
bignoch1,4093,856,2,0
chataig1,4093,857,3,0
machftz1,4093,858,4,0
viennai1,4093,859,5,0
senestr1,4093,859,6,0
silandi1,4093,860,7,0
fougero1,4093,862,8,0
texier1,4093,863,9,0
mamont1,4093,864,10,0
courtin1,4093,865,11,0
belepmo1,4093,866,12,0
ecopa1,4093,867,13,0
vizeule1,4093,868,14,0
robique1,4093,871,15,0
idftill1,4093,874,16,0
villj1,4093,878,17,0
bourdon2,4093,881,18,0
berry2,4093,882,19,0
nomi2,4093,888,20,0
pinault2,4093,890,21,0
tchemil2,4093,891,22,0
leon2,4093,891,23,0
chenam2,4093,892,24,0
fouaye2,4093,894,25,0
vigne2,4093,896,26,0
etgstg2,4093,897,27,0
clomarg2,4093,898,28,0
censtgi2,4093,899,29,0
stgillw1,4093,901,30,1
stgillw1,4055,1010,1,0
censtg1,4055,1011,2,0
clomarg1,4055,1012,3,0
etgstg1,4055,1013,4,0
vigne1,4055,1014,5,0
fouaye1,4055,1016,6,0
chenam1,4055,1018,7,0
leon1,4055,1019,8,0
tchemil1,4055,1020,9,0
pinault1,4055,1021,10,0
nomi1,4055,1024,11,0
berry1,4055,1031,12,0
bourdon1,4055,1031,13,0
villj4,4055,1035,14,0
idftill2,4055,1039,15,0
robique2,4055,1043,16,0
vizeule2,4055,1047,17,0
metrie2,4055,1048,18,0
belepmo2,4055,1049,19,0
courtin2,4055,1050,20,0
mamont2,4055,1052,21,0
texier2,4055,1053,22,0
fougero2,4055,1054,23,0
siland2,4055,1055,24,0
senestr2,4055,1056,25,0
viennai2,4055,1057,26,0
machftz2,4055,1057,27,0
chataig2,4055,1059,28,0
bignoch2,4055,1060,29,0
bersand1,4055,1061,30,1
bersand1,5141,575,1,0
bignoch1,5141,576,2,0
chataig1,5141,577,3,0
machftz1,5141,578,4,0
viennai1,5141,579,5,0
senestr1,5141,579,6,0
silandi1,5141,580,7,0
fougero1,5141,582,8,0
texier1,5141,583,9,0
mamont1,5141,584,10,0
courtin1,5141,585,11,0
belepmo1,5141,586,12,0
ecopa1,5141,587,13,0
vizeule1,5141,588,14,0
robique1,5141,591,15,0
idftill1,5141,594,16,0
villj1,5141,598,17,0
bourdon2,5141,601,18,0
berry2,5141,602,19,0
nomi2,5141,608,20,0
pinault2,5141,610,21,0
tchemil2,5141,611,22,0
leon2,5141,611,23,0
chenam2,5141,612,24,0
fouaye2,5141,614,25,0
vigne2,5141,616,26,0
etgstg2,5141,617,27,0
clomarg2,5141,618,28,0
censtgi2,5141,619,29,0
stgillw1,5141,621,30,1
stgillw1,6180,943,1,0
censtg1,6180,944,2,0
clomarg1,6180,945,3,0
etgstg1,6180,946,4,0
vigne1,6180,947,5,0
fouaye1,6180,949,6,0
chenam1,6180,951,7,0
leon1,6180,952,8,0
tchemil1,6180,953,9,0
pinault1,6180,954,10,0
nomi1,6180,956,11,0
berry1,6180,963,12,0
bourdon1,6180,963,13,0
villj4,6180,967,14,0
idftill2,6180,971,15,0
robique2,6180,974,16,0
vizeule2,6180,977,17,0
metrie2,6180,978,18,0
belepmo2,6180,979,19,0
courtin2,6180,980,20,0
mamont2,6180,981,21,0
texier2,6180,982,22,0
fougero2,6180,983,23,0
siland2,6180,984,24,0
senestr2,6180,985,25,0
viennai2,6180,986,26,0
machftz2,6180,986,27,0
chataig2,6180,987,28,0
bignoch2,6180,988,29,0
bersand1,6180,989,30,1
stgillw1,6175,1118,1,0
censtg1,6175,1119,2,0
clomarg1,6175,1120,3,0
etgstg1,6175,1121,4,0
vigne1,6175,1122,5,0
fouaye1,6175,1124,6,0
chenam1,6175,1126,7,0
leon1,6175,1127,8,0
tchemil1,6175,1128,9,0
pinault1,6175,1129,10,0
nomi1,6175,1131,11,0
berry1,6175,1138,12,0
bourdon1,6175,1138,13,0
villj4,6175,1142,14,0
idftill2,6175,1146,15,0
robique2,6175,1149,16,0
vizeule2,6175,1152,17,0
metrie2,6175,1153,18,0
belepmo2,6175,1154,19,0
courtin2,6175,1155,20,0
mamont2,6175,1156,21,0
texier2,6175,1157,22,0
fougero2,6175,1158,23,0
siland2,6175,1159,24,0
senestr2,6175,1160,25,0
viennai2,6175,1161,26,0
machftz2,6175,1161,27,0
chataig2,6175,1162,28,0
bignoch2,6175,1163,29,0
bersand1,6175,1164,30,1
plbrea,6138,1020,1,0
mageve1,6138,1021,2,0
flume1,6138,1022,3,0
broscha1,6138,1029,4,0
bersand1,6138,1030,5,0
bignoch1,6138,1031,6,0
chataig1,6138,1031,7,0
machftz1,6138,1032,8,0
viennai1,6138,1032,9,0
senestr1,6138,1033,10,0
silandi1,6138,1034,11,0
fougero1,6138,1035,12,0
texier1,6138,1036,13,0
mamont1,6138,1037,14,0
courtin1,6138,1038,15,0
belepmo1,6138,1039,16,0
ecopa1,6138,1040,17,0
vizeule1,6138,1040,18,0
robique1,6138,1043,19,0
idftill1,6138,1046,20,0
villj3,6138,1050,21,1
stgillw1,6101,1083,1,0
censtg1,6101,1084,2,0
clomarg1,6101,1085,3,0
etgstg1,6101,1086,4,0
vigne1,6101,1087,5,0
fouaye1,6101,1089,6,0
chenam1,6101,1091,7,0
leon1,6101,1092,8,0
tchemil1,6101,1093,9,0
pinault1,6101,1094,10,0
nomi1,6101,1096,11,0
berry1,6101,1103,12,0
bourdon1,6101,1103,13,0
villj4,6101,1107,14,0
idftill2,6101,1111,15,0
robique2,6101,1114,16,0
vizeule2,6101,1117,17,0
metrie2,6101,1118,18,0
belepmo2,6101,1119,19,0
courtin2,6101,1120,20,0
mamont2,6101,1121,21,0
texier2,6101,1122,22,0
fougero2,6101,1123,23,0
siland2,6101,1124,24,0
senestr2,6101,1125,25,0
viennai2,6101,1126,26,0
machftz2,6101,1126,27,0
chataig2,6101,1127,28,0
bignoch2,6101,1128,29,0
bersand1,6101,1129,30,1
bersand1,5059,1030,1,0
bignoch1,5059,1031,2,0
chataig1,5059,1032,3,0
machftz1,5059,1033,4,0
viennai1,5059,1034,5,0
senestr1,5059,1034,6,0
silandi1,5059,1035,7,0
fougero1,5059,1037,8,0
texier1,5059,1038,9,0
mamont1,5059,1039,10,0
courtin1,5059,1040,11,0
belepmo1,5059,1041,12,0
ecopa1,5059,1042,13,0
vizeule1,5059,1043,14,0
robique1,5059,1047,15,0
idftill1,5059,1050,16,0
villj1,5059,1054,17,0
bourdon2,5059,1057,18,0
berry2,5059,1058,19,0
nomi2,5059,1064,20,0
pinault2,5059,1066,21,0
tchemil2,5059,1067,22,0
leon2,5059,1067,23,0
chenam2,5059,1068,24,0
fouaye2,5059,1070,25,0
vigne2,5059,1072,26,0
etgstg2,5059,1073,27,0
clomarg2,5059,1074,28,0
censtgi2,5059,1075,29,0
stgillw1,5059,1077,30,1
bersand1,6484,1052,1,0
bignoch1,6484,1053,2,0
chataig1,6484,1054,3,0
machftz1,6484,1055,4,0
viennai1,6484,1056,5,0
senestr1,6484,1056,6,0
silandi1,6484,1057,7,0
fougero1,6484,1059,8,0
texier1,6484,1060,9,0
mamont1,6484,1061,10,0
courtin1,6484,1062,11,0
belepmo1,6484,1063,12,0
ecopa1,6484,1064,13,0
vizeule1,6484,1065,14,0
robique1,6484,1069,15,0
idftill1,6484,1072,16,0
villj1,6484,1077,17,0
bourdon2,6484,1080,18,0
berry2,6484,1081,19,0
nomi2,6484,1089,20,0
pinault2,6484,1091,21,0
tchemil2,6484,1092,22,0
leon2,6484,1093,23,0
chenam2,6484,1094,24,0
fouaye2,6484,1096,25,0
vigne2,6484,1098,26,0
etgstg2,6484,1100,27,0
clomarg2,6484,1101,28,0
censtgi2,6484,1102,29,0
stgillw1,6484,1104,30,1
villj3,6488,740,1,0
idftill2,6488,743,2,0
robique2,6488,746,3,0
vizeule2,6488,748,4,0
metrie2,6488,750,5,0
belepmo2,6488,750,6,0
courtin2,6488,751,7,0
mamont2,6488,752,8,0
texier2,6488,753,9,0
fougero2,6488,754,10,0
siland2,6488,755,11,0
senestr2,6488,757,12,0
viennai2,6488,758,13,0
machftz2,6488,758,14,0
chataig2,6488,759,15,0
bignoch2,6488,759,16,0
bersand1,6488,760,17,0
broscha2,6488,761,18,0
flume2,6488,769,19,0
mageve2,6488,770,20,0
plbrea,6488,771,21,1
stgillw1,6410,978,1,0
censtg1,6410,979,2,0
clomarg1,6410,980,3,0
etgstg1,6410,981,4,0
vigne1,6410,982,5,0
fouaye1,6410,984,6,0
chenam1,6410,986,7,0
leon1,6410,987,8,0
tchemil1,6410,988,9,0
pinault1,6410,989,10,0
nomi1,6410,991,11,0
berry1,6410,998,12,0
bourdon1,6410,998,13,0
villj4,6410,1002,14,0
idftill2,6410,1006,15,0
robique2,6410,1009,16,0
vizeule2,6410,1012,17,0
metrie2,6410,1013,18,0
belepmo2,6410,1014,19,0
courtin2,6410,1015,20,0
mamont2,6410,1016,21,0
texier2,6410,1017,22,0
fougero2,6410,1018,23,0
siland2,6410,1019,24,0
senestr2,6410,1020,25,0
viennai2,6410,1021,26,0
machftz2,6410,1021,27,0
chataig2,6410,1022,28,0
bignoch2,6410,1023,29,0
bersand1,6410,1024,30,1
plbrea,6412,425,1,0
mageve1,6412,426,2,0
flume1,6412,427,3,0
broscha1,6412,434,4,0
bersand1,6412,435,5,0
bignoch1,6412,436,6,0
chataig1,6412,437,7,0
machftz1,6412,438,8,0
viennai1,6412,439,9,0
senestr1,6412,439,10,0
silandi1,6412,440,11,0
fougero1,6412,442,12,0
texier1,6412,443,13,0
mamont1,6412,444,14,0
courtin1,6412,445,15,0
belepmo1,6412,446,16,0
ecopa1,6412,447,17,0
vizeule1,6412,448,18,0
robique1,6412,451,19,0
idftill1,6412,454,20,0
villj3,6412,458,21,0
bourdon2,6412,461,22,0
berry2,6412,462,23,0
nomi2,6412,468,24,0
pinault2,6412,470,25,0
tchemil2,6412,471,26,0
leon2,6412,471,27,0
chenam2,6412,472,28,0
fouaye2,6412,474,29,0
vigne2,6412,475,30,0
etgstg2,6412,476,31,0
clomarg2,6412,477,32,0
censtgi2,6412,478,33,0
stgillw1,6412,479,34,1
stgillw1,6433,558,1,0
censtg1,6433,559,2,0
clomarg1,6433,560,3,0
etgstg1,6433,561,4,0
vigne1,6433,562,5,0
fouaye1,6433,564,6,0
chenam1,6433,566,7,0
leon1,6433,567,8,0
tchemil1,6433,568,9,0
pinault1,6433,569,10,0
nomi1,6433,571,11,0
berry1,6433,578,12,0
bourdon1,6433,578,13,0
villj4,6433,582,14,0
idftill2,6433,586,15,0
robique2,6433,589,16,0
vizeule2,6433,592,17,0
metrie2,6433,593,18,0
belepmo2,6433,594,19,0
courtin2,6433,595,20,0
mamont2,6433,596,21,0
texier2,6433,596,22,0
fougero2,6433,597,23,0
siland2,6433,598,24,0
senestr2,6433,599,25,0
viennai2,6433,600,26,0
machftz2,6433,600,27,0
chataig2,6433,601,28,0
bignoch2,6433,602,29,0
bersand1,6433,603,30,1
bersand1,6398,892,1,0
bignoch1,6398,893,2,0
chataig1,6398,894,3,0
machftz1,6398,895,4,0
viennai1,6398,896,5,0
senestr1,6398,896,6,0
silandi1,6398,897,7,0
fougero1,6398,899,8,0
texier1,6398,900,9,0
mamont1,6398,901,10,0
courtin1,6398,902,11,0
belepmo1,6398,903,12,0
ecopa1,6398,904,13,0
vizeule1,6398,905,14,0
robique1,6398,909,15,0
idftill1,6398,912,16,0
villj1,6398,917,17,0
bourdon2,6398,920,18,0
berry2,6398,921,19,0
nomi2,6398,927,20,0
pinault2,6398,929,21,0
tchemil2,6398,930,22,0
leon2,6398,930,23,0
chenam2,6398,931,24,0
fouaye2,6398,933,25,0
vigne2,6398,935,26,0
etgstg2,6398,936,27,0
clomarg2,6398,937,28,0
censtgi2,6398,938,29,0
stgillw1,6398,940,30,1
stgillw1,6309,1201,1,0
censtg1,6309,1202,2,0
clomarg1,6309,1203,3,0
etgstg1,6309,1204,4,0
vigne1,6309,1205,5,0
fouaye1,6309,1207,6,0
chenam1,6309,1209,7,0
leon1,6309,1210,8,0
tchemil1,6309,1211,9,0
pinault1,6309,1212,10,0
nomi1,6309,1214,11,0
berry1,6309,1221,12,0
bourdon1,6309,1221,13,0
villj4,6309,1225,14,0
idftill2,6309,1229,15,0
robique2,6309,1232,16,0
vizeule2,6309,1235,17,0
metrie2,6309,1236,18,0
belepmo2,6309,1237,19,0
courtin2,6309,1238,20,0
mamont2,6309,1239,21,0
texier2,6309,1239,22,0
fougero2,6309,1240,23,0
siland2,6309,1241,24,0
senestr2,6309,1242,25,0
viennai2,6309,1243,26,0
machftz2,6309,1243,27,0
chataig2,6309,1244,28,0
bignoch2,6309,1244,29,0
bersand1,6309,1245,30,1
bersand1,6620,505,1,0
bignoch1,6620,506,2,0
chataig1,6620,507,3,0
machftz1,6620,509,4,0
viennai1,6620,510,5,0
senestr1,6620,510,6,0
silandi1,6620,511,7,0
fougero1,6620,513,8,0
texier1,6620,514,9,0
mamont1,6620,515,10,0
courtin1,6620,516,11,0
belepmo1,6620,518,12,0
ecopa1,6620,519,13,0
vizeule1,6620,520,14,0
robique1,6620,525,15,0
idftill1,6620,528,16,0
villj1,6620,532,17,0
bourdon2,6620,535,18,0
berry2,6620,536,19,0
nomi2,6620,542,20,0
pinault2,6620,544,21,0
tchemil2,6620,545,22,0
leon2,6620,545,23,0
chenam2,6620,546,24,0
fouaye2,6620,548,25,0
vigne2,6620,550,26,0
etgstg2,6620,551,27,0
clomarg2,6620,552,28,0
censtgi2,6620,553,29,0
stgillw1,6620,555,30,1
stgillw1,6602,1050,1,0
censtg1,6602,1051,2,0
clomarg1,6602,1052,3,0
etgstg1,6602,1053,4,0
vigne1,6602,1054,5,0
fouaye1,6602,1056,6,0
chenam1,6602,1058,7,0
leon1,6602,1059,8,0
tchemil1,6602,1060,9,0
pinault1,6602,1061,10,0
nomi1,6602,1064,11,0
berry1,6602,1071,12,0
bourdon1,6602,1071,13,0
villj4,6602,1075,14,0
idftill2,6602,1079,15,0
robique2,6602,1083,16,0
vizeule2,6602,1087,17,0
metrie2,6602,1088,18,0
belepmo2,6602,1089,19,0
courtin2,6602,1090,20,0
mamont2,6602,1092,21,0
texier2,6602,1093,22,0
fougero2,6602,1094,23,0
siland2,6602,1095,24,0
senestr2,6602,1096,25,0
viennai2,6602,1097,26,0
machftz2,6602,1097,27,0
chataig2,6602,1099,28,0
bignoch2,6602,1100,29,0
bersand1,6602,1101,30,1
stgillw1,6592,593,1,0
censtg1,6592,594,2,0
clomarg1,6592,595,3,0
etgstg1,6592,596,4,0
vigne1,6592,597,5,0
fouaye1,6592,599,6,0
chenam1,6592,601,7,0
leon1,6592,602,8,0
tchemil1,6592,603,9,0
pinault1,6592,604,10,0
nomi1,6592,606,11,0
berry1,6592,613,12,0
bourdon1,6592,613,13,0
villj4,6592,617,14,0
idftill2,6592,621,15,0
robique2,6592,624,16,0
vizeule2,6592,627,17,0
metrie2,6592,628,18,0
belepmo2,6592,629,19,0
courtin2,6592,630,20,0
mamont2,6592,631,21,0
texier2,6592,632,22,0
fougero2,6592,633,23,0
siland2,6592,634,24,0
senestr2,6592,635,25,0
viennai2,6592,636,26,0
machftz2,6592,636,27,0
chataig2,6592,637,28,0
bignoch2,6592,638,29,0
bersand1,6592,639,30,1
plbrea,6516,1180,1,0
mageve1,6516,1181,2,0
flume1,6516,1182,3,0
broscha1,6516,1189,4,0
bersand1,6516,1190,5,0
bignoch1,6516,1191,6,0
chataig1,6516,1191,7,0
machftz1,6516,1192,8,0
viennai1,6516,1192,9,0
senestr1,6516,1193,10,0
silandi1,6516,1194,11,0
fougero1,6516,1195,12,0
texier1,6516,1196,13,0
mamont1,6516,1197,14,0
courtin1,6516,1198,15,0
belepmo1,6516,1199,16,0
ecopa1,6516,1200,17,0
vizeule1,6516,1200,18,0
robique1,6516,1203,19,0
idftill1,6516,1206,20,0
villj3,6516,1210,21,1
bersand1,1969,400,1,0
bignoch1,1969,401,2,0
chataig1,1969,402,3,0
machftz1,1969,403,4,0
viennai1,1969,404,5,0
senestr1,1969,404,6,0
silandi1,1969,405,7,0
fougero1,1969,407,8,0
texier1,1969,408,9,0
mamont1,1969,409,10,0
courtin1,1969,410,11,0
belepmo1,1969,411,12,0
ecopa1,1969,412,13,0
vizeule1,1969,413,14,0
robique1,1969,416,15,0
idftill1,1969,419,16,0
villj1,1969,423,17,0
bourdon2,1969,426,18,0
berry2,1969,427,19,0
nomi2,1969,433,20,0
pinault2,1969,435,21,0
tchemil2,1969,436,22,0
leon2,1969,436,23,0
chenam2,1969,437,24,0
fouaye2,1969,439,25,0
vigne2,1969,441,26,0
etgstg2,1969,442,27,0
clomarg2,1969,443,28,0
censtgi2,1969,444,29,0
stgillw1,1969,446,30,1
stgillw1,1960,465,1,0
censtg1,1960,466,2,0
clomarg1,1960,467,3,0
etgstg1,1960,468,4,0
vigne1,1960,469,5,0
fouaye1,1960,472,6,0
chenam1,1960,474,7,0
leon1,1960,475,8,0
tchemil1,1960,476,9,0
pinault1,1960,478,10,0
nomi1,1960,481,11,0
berry1,1960,488,12,0
bourdon1,1960,488,13,0
villj4,1960,492,14,0
idftill2,1960,496,15,0
robique2,1960,499,16,0
vizeule2,1960,502,17,0
metrie2,1960,503,18,0
belepmo2,1960,504,19,0
courtin2,1960,505,20,0
mamont2,1960,506,21,0
texier2,1960,507,22,0
fougero2,1960,508,23,0
siland2,1960,509,24,0
senestr2,1960,510,25,0
viennai2,1960,511,26,0
machftz2,1960,511,27,0
chataig2,1960,513,28,0
bignoch2,1960,514,29,0
bersand1,1960,515,30,1
