arret_id,ligne_id,direction_id,sequence
5235,59,4,5
5234,59,16,30
3723,59,4,15
5233,59,4,6
5232,59,16,29
3722,59,16,20
3721,59,4,16
5231,59,4,7
5230,59,16,28
3720,59,16,19
3684,59,4,32
5488,59,16,4
5131,59,4,26
5130,59,16,9
5229,59,4,8
5444,59,4,34
5228,59,16,27
5443,59,16,2
5442,59,16,3
5441,59,4,33
3712,59,16,15
5445,59,16,1
3711,59,4,21
3714,59,16,16
3713,59,4,20
3710,59,16,14
4589,59,16,26
3719,59,4,17
4588,59,4,10
3690,59,4,29
4587,59,16,25
3691,59,16,7
3716,59,16,17
3692,59,4,28
3715,59,4,19
3693,59,4,31
3694,59,16,5
3718,59,16,18
3717,59,4,18
3695,59,4,30
3686,59,4,31
3685,59,16,5
4590,59,4,9
3688,59,4,30
3687,59,16,6
3689,59,16,7
5214,59,16,3
5215,59,16,2
5216,59,4,33
5217,59,16,1
3706,59,16,12
3707,59,4,23
3704,59,16,11
3705,59,4,24
3708,59,16,13
3709,59,4,22
5212,59,16,4
3702,59,16,10
3703,59,4,25
5213,59,4,32
4579,59,16,21
4583,59,16,23
4584,59,4,12
4585,59,16,24
4586,59,4,11
3699,59,4,27
4580,59,4,14
3698,59,16,8
4581,59,16,22
3697,59,4,29
3696,59,16,6
4582,59,4,13
5240,59,16,33
5242,59,4,1
5241,59,4,2
5236,59,16,31
5237,59,4,4
5238,59,16,32
5239,59,4,3
3725,60,26,4
3724,60,14,29
5259,60,26,26
5258,60,14,6
5535,60,14,1
3729,60,26,6
3728,60,14,27
5533,60,14,2
3727,60,26,5
3726,60,14,28
5260,60,14,5
5261,60,26,27
5253,60,26,23
3743,60,26,12
3742,60,14,21
5252,60,14,9
3741,60,26,11
3740,60,14,22
5257,60,26,25
3747,60,26,14
3746,60,14,19
5256,60,14,7
5255,60,26,24
3745,60,26,13
3744,60,14,20
5254,60,14,8
3749,60,26,15
3748,60,14,18
3761,60,26,21
3760,60,14,12
3753,60,14,15
3754,60,26,17
3751,60,26,16
3752,60,14,16
3757,60,26,19
3758,60,14,13
3755,60,26,18
3756,60,14,14
3759,60,26,20
5247,60,26,1
3750,60,14,17
3730,60,14,26
3734,60,14,25
5244,60,26,3
3733,60,26,7
3736,60,14,24
5246,60,14,30
5245,60,26,2
3735,60,26,8
3738,60,14,23
3737,60,26,9
3739,60,26,10
5531,60,14,3
5532,60,26,30
5530,60,26,29
3762,60,14,11
3763,60,26,22
3764,60,14,10
5529,60,14,4
5528,60,26,28
5436,61,1,16
5437,61,13,2
5434,61,13,3
5435,61,1,15
5415,61,1,1
5412,61,13,16
5438,61,13,1
5400,61,13,14
5413,61,1,2
3775,61,1,9
3776,61,13,10
3773,61,1,10
3774,61,13,9
3770,61,13,7
3772,61,13,8
3771,61,1,11
5394,61,13,11
5395,61,1,7
5396,61,13,12
3765,61,13,4
5397,61,1,6
3766,61,13,5
5398,61,13,13
3767,61,1,13
5399,61,1,5
3768,61,13,6
3769,61,1,12
5404,61,1,8
5403,61,1,3
5402,61,13,15
5433,61,1,14
5401,61,1,4
830b,01,18,24
346b,01,10,2
279b,01,10,30
5623b,01,10,7
2454b,01,18,12
146b,01,18,14
1223b,01,18,22
3347b,01,10,10
6408b,01,10,12
2259b,01,10,3
5274b,01,10,6
5624b,01,10,11
773b,01,18,8
1747b,01,18,25
644b,01,10,24
1165b,01,10,13
5622b,01,18,26
2469b,01,10,27
1456b,01,18,19
722b,01,10,25
3647b,01,10,34
467b,01,18,32
5690b,01,18,23
1253b,01,10,20
1074b,01,18,3
2453b,01,18,11
5273b,01,18,28
1332b,01,18,7
4058b,01,18,1
2468b,01,10,26
778b,01,18,18
725b,01,10,18
2466b,01,10,17
2273b,01,10,14
735b,01,18,6
2095b,01,18,10
2267b,01,10,4
1610b,01,18,9
1929b,01,10,29
8b,01,10,8
1700b,01,10,19
2467b,01,10,23
3648b,01,18,2
1695b,01,18,30
90b,01,18,15
5677b,01,10,9
601b,01,10,21
1410b,01,18,5
730b,01,10,22
159b,01,10,16
1697b,01,18,29
2255b,01,10,5
2455b,01,18,16
162b,01,18,20
4577b,01,10,31
40b,01,18,4
299b,01,18,13
2945b,01,10,1
3560b,01,10,33
5271b,01,18,27
2470b,01,10,28
2456b,01,18,21
1696b,01,18,31
1234b,01,10,15
688b,01,18,17
6447b,01,10,32
3163b,02,9,23
2412b,02,9,7
1808b,02,9,11
3157b,02,9,12
246b,02,10,11
1737b,02,10,4
2639b,02,10,9
6403b,02,10,1
1565b,02,10,8
2934b,02,10,5
1792b,02,10,21
3167b,02,10,9
242b,02,9,17
3307b,02,9,24
2545b,02,9,29
2974b,02,10,18
2983b,02,10,2
2411b,02,9,4
3500b,02,9,8
3325b,02,10,4
3647b,02,10,26
218b,02,9,15
2972b,02,10,19
1632b,02,10,5
457b,02,10,13
210b,02,9,34
833b,02,10,3
2933b,02,9,31
3572b,02,9,35
1919b,02,10,6
1074b,02,9,3
2423b,02,10,23
2511b,02,10,10
235b,02,10,2
2422b,02,10,22
4690b,02,9,1
1263b,02,9,13
591b,02,9,6
2973b,02,9,9
1589b,02,9,27
1943b,02,9,5
367b,02,10,8
221b,02,10,20
2986b,02,10,1
286b,02,10,10
2936b,02,9,33
348b,02,10,7
2981b,02,9,30
3170b,02,10,15
3169b,02,10,14
3319b,02,9,25
755b,02,9,20
3160b,02,9,18
2976b,02,10,17
3648b,02,9,2
3159b,02,9,16
375b,02,9,21
2935b,02,10,3
3171b,02,10,16
3168b,02,10,12
997b,02,9,19
821b,02,10,7
3560b,02,10,25
3161b,02,9,22
3025b,02,9,10
202b,02,9,32
2278b,02,10,6
2910b,02,9,26
3336b,02,9,28
3158b,02,9,14
6447b,02,10,24
14b,03,10,24
3039b,03,10,18
919b,03,12,12
3312b,03,12,25
3030b,03,12,32
1550b,03,10,5
2998b,03,10,29
181b,03,10,9
1130b,03,10,8
72b,03,12,18
213b,03,12,45
1777b,03,12,30
2978b,03,10,43
3058b,03,10,2
3048b,03,10,11
3038b,03,12,39
13b,03,10,12
31b,03,10,14
3500b,03,12,8
3040b,03,12,40
3050b,03,12,51
2481b,03,10,21
1284b,03,12,29
5325b,03,12,50
3027b,03,12,26
3057b,03,12,56
573b,03,12,45
2977b,03,10,45
2982b,03,10,38
1051b,03,12,28
3047b,03,12,47
5315b,03,12,1
3037b,03,10,19
4950b,03,10,6
462b,03,12,31
1355b,03,10,23
3032b,03,10,22
3051b,03,10,7
1590b,03,12,49
996b,03,10,5
3026b,03,10,42
1059b,03,12,27
2976b,03,10,47
5326b,03,10,3
3648b,03,12,2
3046b,03,12,43
328b,03,10,32
1065b,03,10,46
739b,03,10,30
687b,03,12,21
1149b,03,12,44
3066b,03,12,49
2908b,03,12,16
1000b,03,12,57
3052b,03,12,52
3031b,03,10,25
3059b,03,10,9
372b,03,10,34
3025b,03,12,10
2975b,03,12,11
2965b,03,10,10
3045b,03,10,15
2900b,03,10,7
873b,03,10,41
6447b,03,10,54
2412b,03,12,7
546b,03,12,22
3034b,03,12,37
1317b,03,10,36
376b,03,10,28
2988b,03,10,37
1792b,03,10,51
988b,03,12,13
1104b,03,12,48
2848b,03,12,44
3044b,03,10,16
3054b,03,12,53
2974b,03,10,48
4218b,03,12,48
981b,03,12,24
1944b,03,12,14
2411b,03,12,4
3033b,03,12,36
3647b,03,10,56
2972b,03,10,49
2906b,03,12,15
2987b,03,12,20
1074b,03,12,3
2423b,03,10,53
2452b,03,12,33
5625b,03,10,2
2422b,03,10,52
3043b,03,12,42
3063b,03,10,1
1484b,03,12,55
591b,03,12,6
3270b,03,10,1
3073b,03,12,51
3053b,03,10,6
2973b,03,12,9
3324b,03,10,27
1943b,03,12,5
3036b,03,12,38
148b,03,12,46
2447b,03,10,26
221b,03,10,50
411b,03,12,35
4220b,03,12,47
2991b,03,10,33
1760b,03,10,44
2979b,03,12,17
3042b,03,12,41
5626b,03,10,1
4216b,03,12,46
1775b,03,10,13
3056b,03,10,3
545b,03,12,50
3035b,03,10,20
3835b,03,10,4
2980b,03,10,40
2517b,03,12,19
3049b,03,10,8
2579b,03,10,31
2503b,03,12,54
2989b,03,10,35
1761b,03,10,39
2990b,03,12,23
3560b,03,10,55
2949b,03,12,43
345b,03,12,34
794b,03,10,4
3041b,03,10,17
4217b,03,10,6
793b,04,11,44
2850b,04,56,46
1270b,04,56,49
633b,04,11,14
3583b,04,11,43
2811b,04,56,54
4771b,04,11,5
2559b,04,56,43
1077b,04,11,38
3559b,04,11,49
2819b,04,11,4
2444b,04,56,9
2790b,04,11,30
514b,04,11,16
922b,04,11,51
2788b,04,11,27
4031b,04,56,11
428b,04,56,15
2824b,04,56,41
293b,04,11,7
1298b,04,56,45
2830b,04,11,39
4770b,04,56,51
180b,04,56,39
772b,04,56,42
2810b,04,56,53
5070b,04,56,24
1131b,04,56,36
2818b,04,11,3
2443b,04,56,7
1974b,04,56,30
1499b,04,56,40
3530b,04,56,12
2791b,04,11,32
2768b,04,56,50
3216b,04,11,46
2787b,04,11,26
5621b,04,56,10
208b,04,11,55
2785b,04,11,22
917b,04,56,5
693b,04,11,35
1341b,04,11,11
2813b,04,11,1
5653b,04,56,48
1040b,04,56,31
2442b,04,56,6
1266b,04,56,18
2765b,04,56,35
2786b,04,11,23
2784b,04,11,21
455b,04,56,14
3568b,04,11,41
1006b,04,11,12
17b,04,11,47
1390b,04,56,20
480b,04,56,23
1971b,04,11,50
2751b,04,56,16
310b,04,56,4
1692b,04,56,8
2766b,04,56,38
3858b,04,11,45
1713b,04,56,34
2121b,04,11,42
954b,04,11,10
1309b,04,11,28
2852b,04,56,47
309b,04,56,25
524b,04,56,44
2809b,04,11,2
1140b,04,11,33
2783b,04,11,20
2752b,04,56,17
2762b,04,56,28
1358b,04,11,31
2621b,04,56,1
3250b,04,11,53
2744b,04,56,13
2567b,04,11,13
2792b,04,11,34
5525b,04,11,24
2031b,04,56,26
297b,04,11,56
2764b,04,56,33
2434b,04,11,36
1197b,04,56,37
2782b,04,11,18
5290b,04,11,9
2763b,04,56,29
5524b,04,56,32
2821b,04,11,8
1252b,04,11,37
1238b,04,11,19
2817b,04,11,15
951b,04,11,52
109b,04,11,17
2734b,04,11,6
775b,04,56,19
2740b,04,11,40
187b,04,56,22
2333b,04,11,54
2446b,04,11,57
1965b,04,56,2
2789b,04,11,29
4772b,04,56,52
2761b,04,56,27
2847b,04,56,21
713b,04,56,3
3558b,04,11,48
1339b,04,11,25
1652b,05,25,37
1559b,05,8,76
1046b,05,8,75
2712b,05,8,11
1737b,05,25,22
227b,05,25,63
284b,05,25,33
3302b,05,25,9
912b,05,8,52
2482b,05,8,76
1467b,05,8,74
5651b,05,8,3
1647b,05,8,17
2938b,05,25,20
848b,05,8,69
1228b,05,8,42
2444b,05,25,46
2398b,05,25,55
2944b,05,25,8
3549b,05,8,31
4031b,05,25,48
2b,05,25,74
1278b,05,25,3
273b,05,8,73
1653b,05,25,40
3352b,05,8,16
913b,05,8,51
157b,05,25,29
2726b,05,8,6
3572b,05,8,60
2937b,05,8,60
1014b,05,25,56
214b,05,25,32
2912b,05,25,10
2443b,05,25,44
2943b,05,8,71
370b,05,25,71
126b,05,25,28
2399b,05,25,57
1606b,05,8,32
2576b,05,8,74
231b,05,25,61
3216b,05,8,35
686b,05,25,34
5621b,05,25,47
3501b,05,8,30
1068b,05,25,16
985b,05,8,77
5600b,05,25,80
837b,05,25,42
5599b,05,8,2
456b,05,8,25
2727b,05,8,7
2986b,05,25,1
2494b,05,8,9
2936b,05,8,58
2500b,05,25,13
348b,05,25,25
421b,05,25,58
5735b,05,8,13
4790b,05,8,4
771b,05,8,15
673b,05,25,35
2946b,05,8,78
416b,05,8,64
1489b,05,25,12
2717b,05,8,20
1026b,05,8,66
3547b,05,8,33
3354b,05,25,66
2690b,05,25,62
3297b,05,8,70
17b,05,8,36
2935b,05,25,21
974b,05,25,69
1133b,05,25,2
341b,05,25,8
2728b,05,8,10
2397b,05,25,53
1692b,05,25,45
3858b,05,8,34
1407b,05,8,75
206b,05,8,77
3548b,05,25,49
1654b,05,8,47
382b,05,8,44
1066b,05,8,65
2718b,05,8,21
921b,05,8,39
561b,05,25,31
41b,05,8,63
342b,05,8,48
5980b,05,25,18
875b,05,8,49
2584b,05,25,7
266b,05,8,8
862b,05,8,22
1421b,05,25,17
1565b,05,25,26
2934b,05,25,23
2554b,05,25,4
3801b,05,25,51
691b,05,25,36
5978b,05,25,6
2349b,05,8,23
2692b,05,25,68
1657b,05,8,38
1338b,05,8,5
2545b,05,8,54
2715b,05,8,14
185b,05,8,26
2897b,05,25,78
2485b,05,25,67
1288b,05,8,24
881b,05,25,64
1215b,05,8,53
966b,05,25,75
2887b,05,25,19
2403b,05,8,28
210b,05,8,59
692b,05,8,18
2933b,05,8,56
1919b,05,25,24
2164b,05,25,54
823b,05,25,50
2940b,05,25,14
235b,05,25,2
658b,05,8,61
2691b,05,25,65
643b,05,25,77
10b,05,8,68
3546b,05,25,52
2716b,05,8,19
2546b,05,25,27
2689b,05,25,59
2329b,05,25,38
2947b,05,25,1
2404b,05,8,29
639b,05,25,76
2642b,05,25,39
2981b,05,8,55
870b,05,8,50
887b,05,25,72
2600b,05,8,72
3869b,05,8,43
807b,05,8,73
2643b,05,25,41
1481b,05,25,11
1650b,05,8,40
2713b,05,8,12
1157b,05,25,11
285b,05,25,79
1628b,05,25,6
3341b,05,8,1
2487b,05,25,73
412b,05,8,27
2942b,05,25,10
898b,05,8,45
2704b,05,8,67
2939b,05,8,62
1312b,05,25,15
1478b,05,25,9
1325b,05,8,46
2693b,05,25,70
202b,05,8,57
1649b,05,25,43
355b,05,25,7
471b,05,25,60
1115b,05,8,41
744b,05,25,5
335b,05,8,37
598b,05,25,30
2920b,06,35,17
723b,06,35,36
1933b,06,35,28
2915b,06,35,11
3278b,06,35,3
2967b,06,35,34
1540b,06,35,12
4050b,06,27,19
2919b,06,35,16
2649b,06,35,39
2012b,06,27,14
2924b,06,35,18
3960b,06,35,32
1657b,06,35,5
2444b,06,27,40
2220b,06,27,18
1592b,06,35,38
1763b,06,27,4
2928b,06,27,23
156b,06,27,17
2234b,06,35,19
5628b,06,27,1
500b,06,27,32
1653b,06,27,34
2586b,06,27,22
1788b,06,35,30
2916b,06,27,31
827b,06,35,21
2629b,06,27,20
3116b,06,27,21
5638b,06,27,27
2923b,06,27,28
3358b,06,27,15
2443b,06,27,38
1694b,06,27,3
3959b,06,27,10
3823b,06,35,1
3216b,06,35,2
5621b,06,27,41
927b,06,35,20
837b,06,27,36
1998b,06,27,13
2917b,06,27,30
2922b,06,35,13
1092b,06,27,6
2642b,06,27,33
350b,06,35,10
198b,06,35,33
2010b,06,27,12
3117b,06,35,22
3256b,06,27,16
3266b,06,35,27
1708b,06,27,2
1789b,06,35,14
4029b,06,27,11
2053b,06,27,8
2557b,06,35,26
2651b,06,27,5
2643b,06,27,35
230b,06,27,29
1650b,06,35,7
2898b,06,35,9
2918b,06,27,26
4051b,06,35,24
2921b,06,27,25
1501b,06,35,35
5636b,06,35,15
2925b,06,27,24
1553b,06,35,37
2601b,06,35,23
5469b,06,27,7
1740b,06,35,25
1692b,06,27,39
1649b,06,27,37
1115b,06,35,8
3968b,06,27,9
921b,06,35,6
4030b,06,35,31
335b,06,35,4
2657b,06,35,29
5641b,07,6,23
2145b,07,13,9
1964b,07,6,4
5649b,07,6,46
1514b,07,6,33
2181b,07,13,25
1821b,07,13,12
5639b,07,13,31
3005b,07,13,41
3260b,07,13,5
4800b,07,6,8
2059b,07,13,29
1585b,07,13,23
5645b,07,6,40
1555b,07,13,18
5646b,07,13,7
1849b,07,6,20
130b,07,6,10
1831b,07,13,10
3917b,07,6,41
1389b,07,6,29
4700b,07,13,37
3898b,07,6,28
6456b,07,6,15
5648b,07,13,2
786b,07,13,34
5477b,07,6,1
2009b,07,6,43
1820b,07,6,34
3894b,07,6,26
5480b,07,6,3
1247b,07,13,39
2076b,07,6,25
3510b,07,6,11
5460b,07,6,2
5647b,07,6,45
2168b,07,13,28
782b,07,13,17
3900b,07,6,30
2171b,07,13,26
2158b,07,13,3
1774b,07,13,8
1818b,07,6,37
3918b,07,13,6
6455b,07,13,32
3899b,07,13,19
2019b,07,13,14
2129b,07,6,44
2833b,07,6,5
5481b,07,13,42
5495b,07,6,16
3919b,07,6,42
3003b,07,13,38
2006b,07,6,36
5643b,07,13,24
2248b,07,6,35
3330b,07,6,19
1403b,07,13,35
358b,07,6,24
3300b,07,6,13
5743b,07,6,9
3895b,07,13,21
1976b,07,13,30
5744b,07,13,36
1987b,07,6,21
574b,07,6,6
2172b,07,13,27
3901b,07,6,32
760b,07,13,43
788b,07,6,18
1586b,07,13,22
1530b,07,13,4
2142b,07,6,22
1722b,07,6,14
2013b,07,6,38
5640b,07,6,12
3004b,07,13,40
5644b,07,13,13
3896b,07,6,27
2146b,07,13,11
883b,07,6,31
3897b,07,13,20
5650b,07,13,1
3902b,07,13,15
680b,07,13,16
3298b,07,13,33
1776b,07,6,39
2544b,07,6,17
806b,07,6,7
3342b,08,45,1
1633b,08,7,11
294b,08,45,15
2628b,08,7,15
538b,08,7,27
3577b,08,45,20
3238b,08,45,3
3526b,08,45,27
356b,08,7,21
322b,08,7,4
5536b,08,7,6
3578b,08,7,10
2895b,08,45,23
3233b,08,7,24
3240b,08,45,2
5417b,08,7,1
681b,08,7,2
3230b,08,45,8
732b,08,7,23
3509b,08,45,21
3239b,08,7,28
3881b,08,45,16
2754b,08,7,5
1715b,08,45,28
3529b,08,7,7
1656b,08,45,19
3224b,08,45,14
1361b,08,45,22
3880b,08,7,14
776b,08,7,18
3234b,08,45,5
1158b,08,45,26
3226b,08,45,13
1671b,08,45,18
2633b,08,7,12
3879b,08,45,17
3508b,08,7,9
3235b,08,7,25
3229b,08,45,9
1770b,08,45,25
2432b,08,7,8
3231b,08,7,22
3225b,08,7,16
3227b,08,7,17
44b,08,45,6
3878b,08,7,13
3237b,08,7,26
3228b,08,45,10
3236b,08,45,4
3527b,08,7,3
30b,08,45,12
2894b,08,7,20
3241b,08,45,11
3232b,08,45,7
1156b,08,7,19
5537b,08,45,24
1595b,09,21,16
2326b,09,21,15
2344b,09,17,28
2342b,09,17,19
604b,09,17,14
1240b,09,17,36
2336b,09,17,9
2550b,09,17,4
1379b,09,17,6
637b,09,21,28
1804b,09,17,25
647b,09,21,14
2349b,09,17,33
5618b,09,21,1
998b,09,21,29
5608b,09,21,38
1757b,09,21,13
1231b,09,17,37
4057b,09,21,11
394b,09,17,38
1288b,09,17,34
1594b,09,21,9
1400b,09,21,37
1442b,09,17,39
634b,09,21,21
2343b,09,17,27
1475b,09,21,33
1323b,09,17,21
2339b,09,17,16
715b,09,21,8
4154b,09,17,29
5487b,09,17,8
5619b,09,21,2
899b,09,21,36
1504b,09,17,35
5609b,09,17,2
420b,09,21,3
3310b,09,21,12
2334b,09,21,32
2346b,09,17,30
1801b,09,17,24
1758b,09,21,17
1094b,09,17,22
1290b,09,21,26
2329b,09,21,23
1756b,09,21,22
2328b,09,21,19
581b,09,21,34
2340b,09,17,17
5610b,09,17,1
983b,09,17,12
2338b,09,17,15
2330b,09,21,24
2324b,09,21,10
254b,09,17,26
850b,09,21,7
1749b,09,17,23
2167b,09,21,35
549b,09,21,25
516b,09,17,5
2347b,09,17,31
318b,09,21,4
1959b,09,21,27
149b,09,17,18
2327b,09,21,18
2341b,09,17,20
5612b,09,17,3
209b,09,21,31
2337b,09,17,13
128b,09,21,5
655b,09,21,6
2331b,09,21,30
2904b,09,17,11
2350b,09,17,7
641b,09,21,20
5617b,09,17,40
100b,09,17,10
2348b,09,17,32
488b,10,36,54
5794b,10,44,31
481b,10,44,5
3440b,10,36,48
179b,10,36,6
1673b,10,44,6
371b,10,44,21
1151b,10,44,4
2398b,10,36,9
562b,10,36,41
92b,10,36,2
3217b,10,36,33
3621b,10,36,4
5927b,10,36,3
2114b,10,44,46
1200b,10,36,7
5795b,10,44,32
4105b,10,36,49
5734b,10,36,16
1014b,10,36,10
3141b,10,44,28
3220b,10,36,35
2399b,10,36,11
4106b,10,44,10
534b,10,36,24
5629b,10,36,43
5928b,10,36,1
1101b,10,44,37
49b,10,44,24
3585b,10,36,23
5792b,10,44,29
6468b,10,36,19
1671b,10,36,40
1615b,10,36,52
2633b,10,44,19
421b,10,36,12
6385b,10,36,17
6506b,10,36,37
1183b,10,36,9
3219b,10,36,34
2263b,10,36,21
1370b,10,44,54
5769b,10,44,33
1634b,10,44,20
2400b,10,36,32
5793b,10,36,27
555b,10,36,50
5854b,10,36,20
916b,10,44,7
1614b,10,36,39
575b,10,44,25
6384b,10,44,40
841b,10,44,17
118b,10,36,46
2397b,10,36,7
6505b,10,36,36
513b,10,36,10
319b,10,36,4
475b,10,36,42
7b,10,44,30
3251b,10,36,47
5633b,10,44,23
3620b,10,44,52
3218b,10,44,26
2348b,10,44,27
1643b,10,44,13
957b,10,44,49
4044b,10,44,8
4155b,10,36,5
1254b,10,36,44
1224b,10,36,28
76b,10,36,2
5770b,10,36,25
3799b,10,44,22
6383b,10,44,39
1350b,10,36,56
2279b,10,44,50
2235b,10,44,47
5798b,10,44,48
424b,10,44,43
1616b,10,44,1
2164b,10,36,8
2386b,10,36,14
663b,10,36,29
6382b,10,44,38
3546b,10,36,6
1718b,10,44,45
846b,10,44,9
2238b,10,36,30
403b,10,36,12
5560b,10,36,18
649b,10,36,57
2385b,10,36,13
3561b,10,36,5
5745b,10,36,15
1648b,10,44,2
201b,10,44,35
5935b,10,36,31
5796b,10,36,26
3323b,10,44,12
698b,10,44,34
6402b,10,44,41
1207b,10,44,15
3439b,10,44,11
451b,10,44,18
4156b,10,44,42
2241b,10,44,51
3797b,10,36,38
2436b,10,36,3
1195b,10,44,44
1374b,10,44,3
1618b,10,36,53
5926b,10,44,53
1506b,10,44,14
2268b,10,36,11
93b,10,44,16
1023b,10,44,36
571b,10,36,55
5797b,10,36,8
446b,10,36,45
1621b,10,36,51
631b,10,36,22
695b,11,34,46
2549b,11,19,8
6451b,11,19,9
391b,11,34,33
171b,11,34,40
3579b,11,34,41
3134b,11,34,19
1613b,11,19,51
4862b,11,34,23
5755b,11,34,2
886b,11,34,36
2461b,11,19,57
3549b,11,19,27
428b,11,19,30
92b,11,19,23
137b,11,34,27
1165b,11,34,9
5828b,11,19,49
1352b,11,34,3
333b,11,19,15
170b,11,19,14
1193b,11,34,42
4861b,11,19,37
1715b,11,19,35
116b,11,34,18
5754b,11,34,1
534b,11,34,38
666b,11,34,50
791b,11,34,6
5559b,11,19,10
400b,11,34,24
729b,11,34,47
2283b,11,19,19
5686b,11,19,3
3315b,11,34,11
2473b,11,34,7
5769b,11,19,22
455b,11,19,29
300b,11,19,36
2672b,11,19,4
1449b,11,19,54
1997b,11,34,14
2513b,11,34,55
3199b,11,34,57
720b,11,19,45
1663b,11,34,10
5840b,11,19,17
2751b,11,19,31
6450b,11,34,52
124b,11,34,20
319b,11,19,25
3550b,11,34,35
1420b,11,19,13
3527b,11,34,26
1172b,11,19,12
532b,11,34,15
1453b,11,34,37
2474b,11,34,8
5685b,11,34,58
1545b,11,19,21
2743b,11,34,32
947b,11,34,4
5688b,11,34,59
2602b,11,34,22
2753b,11,19,33
3801b,11,34,34
3526b,11,19,34
4155b,11,19,26
1223b,11,19,50
2752b,11,19,32
5770b,11,34,39
3130b,11,19,38
1118b,11,19,55
1260b,11,34,45
1036b,11,19,56
681b,11,34,25
2682b,11,19,46
2744b,11,19,28
1699b,11,19,52
5558b,11,34,51
547b,11,19,39
5687b,11,19,2
363b,11,34,13
21b,11,34,16
5225b,11,19,48
2472b,11,34,5
5760b,11,34,4
756b,11,19,6
3318b,11,34,12
3131b,11,19,40
1294b,11,19,53
5758b,11,34,3
2610b,11,34,43
3280b,11,19,18
374b,11,19,41
1206b,11,34,21
877b,11,34,54
1735b,11,19,5
254b,11,34,28
1310b,11,19,42
1291b,11,34,53
1660b,11,34,56
2592b,11,19,7
2740b,11,34,29
5759b,11,19,59
5842b,11,19,16
5689b,11,19,1
1241b,11,19,11
2239b,11,34,1
2742b,11,34,31
2641b,11,19,47
1227b,11,19,44
2436b,11,19,24
3133b,11,34,17
2280b,11,34,49
2294b,11,34,48
1330b,11,34,2
2303b,11,19,20
2741b,11,34,30
1212b,11,19,43
5841b,11,34,44
536b,14,23,17
1964b,14,15,4
3244b,14,23,5
2833b,14,15,5
1230b,14,15,8
5481b,14,23,23
2829b,14,23,9
4060b,14,23,6
288b,14,23,15
5610b,14,23,1
3003b,14,23,19
5447b,14,15,1
3005b,14,23,22
5476b,14,23,12
3653b,14,15,12
5743b,14,15,13
5744b,14,23,13
1581b,14,15,19
3264b,14,23,4
574b,14,15,6
1479b,14,23,10
5608b,14,15,24
2838b,14,23,8
4430b,14,23,3
5614b,14,15,23
1408b,14,15,15
760b,14,23,24
582b,14,15,18
3004b,14,23,21
469b,14,15,16
3652b,14,23,14
5480b,14,15,3
1432b,14,15,9
1247b,14,23,20
1440b,14,15,14
3257b,14,23,11
1520b,14,15,21
3654b,14,15,11
1435b,14,15,10
4429b,14,23,2
5460b,14,15,2
1533b,14,23,7
5613b,14,15,22
2225b,14,23,18
2839b,14,23,16
1219b,14,15,17
4061b,14,15,20
806b,14,15,7
2712b,15,15,12
733b,15,23,40
2635b,15,23,3
3559b,15,15,41
608b,15,23,33
2444b,15,23,23
886b,15,23,30
402b,15,15,22
1147b,15,23,38
3549b,15,15,34
4031b,15,23,25
2901b,15,15,4
2711b,15,15,10
3183b,15,23,37
5480b,15,15,54
3173b,15,15,44
1247b,15,23,6
2443b,15,23,21
5460b,15,15,53
370b,15,23,50
847b,15,15,55
520b,15,15,57
1210b,15,23,17
1606b,15,15,35
613b,15,23,55
3216b,15,15,38
2839b,15,23,2
3353b,15,23,47
440b,15,15,52
5621b,15,23,24
5470b,15,23,1
2833b,15,15,56
917b,15,23,19
225b,15,23,53
635b,15,15,56
2710b,15,15,7
3184b,15,23,41
3003b,15,23,5
4396b,15,23,15
721b,15,15,25
5982b,15,23,44
5735b,15,15,14
574b,15,15,57
2720b,15,23,56
378b,15,15,61
2442b,15,23,20
111b,15,15,5
3547b,15,15,36
1784b,15,23,8
1099b,15,23,32
760b,15,23,10
974b,15,23,48
3004b,15,23,7
1971b,15,15,42
1109b,15,15,53
3202b,15,23,46
3479b,15,23,51
408b,15,15,31
1435b,15,23,1
415b,15,15,30
3550b,15,23,29
2708b,15,15,6
1692b,15,23,22
7b,15,15,27
3858b,15,15,37
2699b,15,15,2
3548b,15,23,26
2225b,15,23,4
3355b,15,15,16
1964b,15,15,55
3278b,15,15,39
5011b,15,15,58
1387b,15,23,39
5408b,15,23,16
2709b,15,15,9
3005b,15,23,8
3801b,15,23,28
1224b,15,23,35
4155b,15,15,33
4574b,15,15,45
610b,15,23,57
3124b,15,15,59
624b,15,15,28
3177b,15,23,18
122b,15,23,10
5981b,15,15,18
3206b,15,15,32
3277b,15,15,60
1432b,15,15,60
823b,15,23,27
663b,15,23,36
617b,15,15,54
4084b,15,15,11
2282b,15,23,34
2491b,15,23,52
3125b,15,23,2
337b,15,23,9
1461b,15,23,7
2077b,15,15,48
3205b,15,15,29
795b,15,15,26
536b,15,23,3
3350b,15,23,59
2047b,15,15,49
2888b,15,15,1
1230b,15,15,59
5481b,15,23,9
3369b,15,23,43
1868b,15,23,6
3359b,15,15,15
2572b,15,15,3
2139b,15,15,51
24b,15,23,45
3189b,15,15,23
4534b,15,23,61
3122b,15,23,5
2060b,15,23,12
578b,15,23,14
662b,15,15,17
2489b,15,15,47
2070b,15,23,11
1135b,15,23,58
472b,15,23,60
622b,15,23,31
2713b,15,15,13
5407b,15,15,46
2126b,15,15,50
404b,15,15,8
1076b,15,23,13
459b,15,15,43
5010b,15,23,4
3370b,15,15,20
2693b,15,23,49
3188b,15,15,21
5627b,15,15,19
754b,15,15,24
1261b,15,23,42
684b,15,23,54
3558b,15,15,40
806b,15,15,58
6438b,16,17,8
2831b,16,16,36
5784b,16,17,13
5851b,16,17,1
5788b,16,17,9
2512b,16,16,29
3801b,16,17,34
889b,16,17,3
1042b,16,17,16
4155b,16,16,6
1223b,16,17,2
3317b,16,16,23
2421b,16,17,24
2426b,16,17,15
3862b,16,17,11
5789b,16,16,34
773b,16,16,17
886b,16,17,36
614b,16,17,7
3549b,16,16,7
6437b,16,17,6
4031b,16,17,31
92b,16,16,3
1165b,16,16,41
6439b,16,16,35
823b,16,17,33
1074b,16,16,12
2423b,16,17,29
2422b,16,17,28
1078b,16,17,19
5619b,16,16,2
3861b,16,16,32
5424b,16,16,20
1606b,16,16,8
1332b,16,16,16
3216b,16,16,11
2417b,16,17,20
534b,16,17,38
682b,16,16,28
696b,16,17,27
5786b,16,16,33
6435b,16,17,5
2095b,16,16,19
735b,16,16,15
2163b,16,17,30
354b,16,17,26
1381b,16,16,27
1610b,16,16,18
2418b,16,17,21
2457b,16,17,4
836b,16,16,37
3860b,16,16,31
5782b,16,16,1
3547b,16,16,9
1410b,16,16,14
2465b,16,16,39
636b,16,16,26
5787b,16,17,10
6436b,16,16,38
2425b,16,17,14
948b,16,16,25
769b,16,17,18
2436b,16,16,4
40b,16,16,13
392b,16,16,24
2419b,16,17,22
3863b,16,17,12
319b,16,16,5
3550b,16,17,35
5617b,16,17,39
145b,16,17,17
3858b,16,16,10
1259b,16,17,25
3548b,16,17,32
5783b,16,16,30
565b,16,16,22
1453b,16,17,37
2117b,16,16,40
5363b,16,16,21
2420b,16,17,23
456b,20,3,21
2404b,20,3,25
5898b,20,48,23
4112b,20,3,12
5901b,20,3,16
4110b,20,3,11
862b,20,3,18
2484b,20,48,24
2905b,20,3,5
3801b,20,48,2
421b,20,48,9
526b,20,48,26
3069b,20,3,14
2349b,20,3,19
3802b,20,48,1
3799b,20,3,13
2398b,20,48,6
3551b,20,3,9
3793b,20,3,2
3223b,20,48,25
185b,20,3,22
5899b,20,3,7
1288b,20,3,20
5900b,20,48,22
5897b,20,3,6
5902b,20,48,13
2403b,20,3,24
412b,20,3,23
2164b,20,48,5
1014b,20,48,7
3800b,20,3,8
2397b,20,48,4
3115b,20,48,15
323b,20,48,14
2399b,20,48,8
3546b,20,48,3
471b,20,48,11
1220b,20,3,4
3794b,20,3,1
3792b,20,48,27
231b,20,48,12
2718b,20,3,17
3501b,20,3,26
2689b,20,48,10
95b,20,3,3
436b,20,3,15
1637b,20,3,10
846b,21,5,13
1671b,21,29,4
1617b,21,29,9
2620b,21,29,18
2633b,21,5,19
4044b,21,5,12
59b,21,29,21
626b,21,29,8
3808b,21,5,9
1815b,21,5,15
371b,21,5,21
3810b,21,5,8
1069b,21,5,7
1665b,21,5,16
4074b,21,5,11
1348b,21,5,3
3521b,21,5,4
562b,21,29,5
1532b,21,5,6
1045b,21,5,5
245b,21,29,16
1634b,21,5,20
1544b,21,29,13
555b,21,29,10
390b,21,29,20
451b,21,5,18
1551b,21,5,14
1614b,21,29,3
3797b,21,29,2
841b,21,5,17
4043b,21,5,1
4075b,21,29,12
174b,21,5,10
3809b,21,29,15
3807b,21,29,14
475b,21,29,6
3522b,21,29,19
4008b,21,29,1
1b,21,5,2
1621b,21,29,11
2868b,21,29,7
2626b,21,29,17
2478b,23,41,26
1297b,23,73,44
633b,23,41,9
3213b,23,73,8
1270b,23,73,34
2559b,23,73,28
1313b,23,73,32
2767b,23,73,33
514b,23,73,28
1569b,23,41,37
2777b,23,41,7
2824b,23,41,23
293b,23,41,15
3214b,23,41,40
180b,23,41,21
772b,23,73,27
283b,23,73,34
1466b,23,73,6
1499b,23,41,22
1974b,23,73,15
5280b,23,73,26
2768b,23,73,35
2787b,23,41,35
2778b,23,41,13
249b,23,73,10
26b,23,73,24
3211b,23,73,5
816b,23,41,4
2883b,23,41,3
1142b,23,41,2
2671b,23,41,17
2670b,23,73,29
1301b,23,73,38
2759b,23,73,30
589b,23,73,3
88b,23,73,47
1529b,23,73,25
2770b,23,41,9
373b,23,41,2
1040b,23,73,16
1153b,23,73,20
3252b,23,73,13
5281b,23,41,24
258b,23,73,9
5291b,23,73,18
2779b,23,41,16
2879b,23,41,6
1349b,23,73,31
2822b,23,41,20
1006b,23,41,7
1235b,23,73,4
594b,23,41,41
1316b,23,73,30
2799b,23,73,23
339b,23,41,4
2771b,23,41,10
1568b,23,41,38
5292b,23,41,32
2815b,23,73,21
556b,23,41,29
5283b,23,73,1
2948b,23,41,39
1181b,23,73,32
2736b,23,41,30
2820b,23,73,43
2772b,23,73,46
474b,23,73,45
650b,23,41,12
2567b,23,41,8
5525b,23,41,33
2877b,23,73,33
539b,23,73,42
463b,23,73,7
5284b,23,73,2
577b,23,41,1
5263b,23,73,19
2735b,23,41,31
2800b,23,41,27
5524b,23,73,17
184b,23,73,37
2775b,23,41,3
2827b,23,41,25
5285b,23,73,14
1583b,23,41,43
1299b,23,41,6
3338b,23,41,1
2817b,23,73,27
2781b,23,41,19
5574b,23,41,28
1002b,23,73,36
135b,23,41,42
2734b,23,41,14
2769b,23,41,8
6454b,23,73,26
2776b,23,41,5
5286b,23,41,36
2780b,23,41,18
114b,23,41,44
1580b,23,73,11
670b,23,73,29
108b,23,41,11
2524b,23,73,12
5575b,23,73,22
925b,23,73,31
609b,23,41,5
1339b,23,41,34
2825b,24,51,27
165b,24,51,13
2739b,24,43,29
3207b,24,51,7
1080b,24,43,40
5661b,24,43,44
2753b,24,51,10
2865b,24,51,38
2615b,24,51,30
1123b,24,43,8
322b,24,51,11
5293b,24,43,24
137b,24,43,37
2688b,24,51,14
2430b,24,43,6
1067b,24,43,41
2840b,24,51,43
2882b,24,51,46
3826b,24,51,4
620b,24,51,9
353b,24,43,26
5525b,24,43,22
1447b,24,43,2
1576b,24,43,14
410b,24,43,9
316b,24,43,39
2796b,24,51,29
1225b,24,51,19
2808b,24,43,20
2754b,24,51,12
3866b,24,51,47
1974b,24,51,24
65b,24,51,40
1150b,24,51,21
2797b,24,43,19
5524b,24,51,26
804b,24,43,7
425b,24,43,25
1158b,24,43,36
1136b,24,51,16
219b,24,51,33
167b,24,51,36
452b,24,43,5
5279b,24,51,35
5285b,24,51,23
3540b,24,43,46
476b,24,51,15
2755b,24,51,18
2514b,24,43,18
2807b,24,43,4
785b,24,51,5
3542b,24,43,45
1194b,24,43,15
1522b,24,51,42
1040b,24,51,25
3252b,24,51,22
320b,24,43,3
1258b,24,43,12
39b,24,43,31
4045b,24,43,1
1770b,24,43,35
1020b,24,43,10
2247b,24,51,2
3547b,24,43,43
2774b,24,51,31
190b,24,43,32
920b,24,51,44
815b,24,51,17
182b,24,43,34
911b,24,51,37
50b,24,51,32
551b,24,43,11
2851b,24,43,17
199b,24,51,8
2756b,24,51,20
2880b,24,51,45
690b,24,43,28
5660b,24,51,34
2738b,24,43,27
2686b,24,43,33
584b,24,43,42
2816b,24,43,21
281b,24,43,30
3541b,24,51,3
2826b,24,51,28
252b,24,43,16
419b,24,51,39
5659b,24,43,13
3825b,24,51,1
2431b,24,51,41
1771b,24,43,38
1222b,24,51,6
1339b,24,43,23
5953b,26,38,12
2344b,26,38,16
2549b,26,10,8
3583b,26,10,27
1792b,26,10,33
1657b,26,38,4
1422b,26,38,24
5993b,26,10,21
1829b,26,38,9
3140b,26,38,22
3139b,26,10,16
5954b,26,38,13
240b,26,38,35
5558b,26,10,13
3647b,26,10,41
2343b,26,38,15
89b,26,10,34
1705b,26,10,40
4204b,26,38,1
3200b,26,10,7
4575b,26,10,28
4154b,26,38,17
2443b,26,10,39
1508b,26,38,11
3141b,26,38,21
756b,26,10,6
2562b,26,10,29
2346b,26,38,18
856b,26,10,30
5992b,26,10,20
1347b,26,10,9
5557b,26,10,1
837b,26,10,37
221b,26,10,32
666b,26,10,12
2238b,26,10,17
877b,26,38,31
5559b,26,38,25
1735b,26,10,5
799b,26,10,31
1291b,26,38,30
1660b,26,38,33
5995b,26,10,24
3179b,26,10,23
5935b,26,10,18
3648b,26,38,2
3305b,26,38,28
64b,26,10,3
2347b,26,38,19
537b,26,38,8
1241b,26,38,26
3568b,26,10,25
2672b,26,10,4
2400b,26,10,19
629b,26,10,2
1803b,26,10,36
915b,26,38,10
2513b,26,38,32
3199b,26,38,34
1139b,26,38,7
2751b,26,38,14
3137b,26,10,14
3138b,26,38,23
5994b,26,10,22
2280b,26,10,11
674b,26,38,6
2294b,26,10,10
1972b,26,38,29
1649b,26,10,38
2121b,26,10,26
1172b,26,38,27
1275b,26,10,15
77b,26,10,35
921b,26,38,5
6453b,26,10,1
335b,26,38,3
2348b,26,38,20
1009b,27,24,11
4880b,27,54,44
737b,27,54,22
1825b,27,54,40
1549b,27,54,29
5800b,27,24,32
1011b,27,54,23
1073b,27,54,18
303b,27,24,24
820b,27,54,32
189b,27,24,35
671b,27,54,33
3285b,27,24,12
531b,27,24,26
3545b,27,24,47
3465b,27,24,21
386b,27,24,29
5207b,27,24,19
2191b,27,24,34
2515b,27,54,31
1304b,27,54,5
1934b,27,24,3
1546b,27,24,4
5205b,27,24,20
638b,27,24,13
2046b,27,54,13
2376b,27,54,25
2997b,27,54,16
592b,27,54,12
1743b,27,54,38
1437b,27,24,36
5091b,27,54,7
4680b,27,24,1
3017b,27,24,31
1103b,27,54,24
1465b,27,54,21
676b,27,24,27
1778b,27,24,10
885b,27,24,23
3552b,27,24,2
1351b,27,24,39
1623b,27,54,30
5206b,27,54,27
3466b,27,54,26
1830b,27,54,39
2233b,27,54,42
5799b,27,54,15
904b,27,54,43
1101b,27,24,45
1474b,27,24,6
34b,27,54,45
2000b,27,24,17
1177b,27,24,9
403b,27,54,10
1187b,27,24,14
1742b,27,54,41
4034b,27,54,4
68b,27,54,17
941b,27,54,8
1505b,27,54,36
125b,27,24,7
5090b,27,24,40
201b,27,24,43
1827b,27,24,8
874b,27,54,35
2263b,27,54,2
3624b,27,24,28
4514b,27,24,42
3271b,27,54,34
2048b,27,54,11
4037b,27,24,33
3605b,27,54,1
1344b,27,54,37
2493b,27,24,25
741b,27,24,16
2074b,27,54,6
1195b,27,24,37
2378b,27,24,22
968b,27,24,30
2599b,27,54,14
868b,27,24,38
1023b,27,24,44
5208b,27,54,28
1796b,27,24,15
1826b,27,24,5
3788b,27,24,46
651b,27,54,9
987b,27,54,20
3625b,27,54,19
2137b,27,24,18
631b,27,54,3
2107b,27,24,41
2299b,28,52,13
51b,28,52,20
1811b,28,24,30
6428b,28,52,8
504b,28,52,17
3545b,28,24,35
3612b,28,52,28
2184b,28,24,12
2291b,28,52,4
2279b,28,52,9
332b,28,24,15
876b,28,52,29
424b,28,24,3
4005b,28,24,1
4610b,28,52,11
228b,28,52,22
1060b,28,52,6
1719b,28,24,14
6429b,28,24,27
5734b,28,52,35
1237b,28,24,21
1169b,28,52,5
525b,28,24,17
5b,28,52,19
2386b,28,52,33
557b,28,24,24
2510b,28,52,15
1844b,28,24,18
1666b,28,24,11
2614b,28,52,24
852b,28,24,28
586b,28,24,10
427b,28,52,23
36b,28,24,20
444b,28,24,13
260b,28,24,16
1337b,28,52,12
1101b,28,24,33
5220b,28,52,27
2375b,28,24,4
163b,28,52,18
2385b,28,52,32
407b,28,24,5
3561b,28,24,25
5745b,28,52,34
1601b,28,24,9
1450b,28,24,7
201b,28,24,31
292b,28,52,7
177b,28,52,30
669b,28,52,16
268b,28,52,25
2263b,28,52,2
1464b,28,24,6
560b,28,52,31
1807b,28,24,29
3605b,28,52,1
1354b,28,52,21
4156b,28,24,2
3611b,28,24,8
2241b,28,52,10
6427b,28,24,26
1418b,28,24,19
422b,28,52,26
1023b,28,24,32
3788b,28,24,34
748b,28,52,14
276b,28,24,22
2298b,28,24,23
631b,28,52,3
2207b,29,78,23
1476b,29,10,18
2645b,29,10,20
4026b,29,10,7
4275b,29,78,44
2211b,29,10,17
2958b,29,78,32
1720b,29,78,14
2964b,29,10,14
767b,29,78,16
3680b,29,10,1
1967b,29,78,12
2212b,29,10,23
2210b,29,10,13
2443b,29,10,32
999b,29,78,24
327b,29,10,15
2957b,29,10,5
2963b,29,78,35
837b,29,10,30
2290b,29,78,18
1092b,29,10,9
2205b,29,78,19
198b,29,78,38
2213b,29,10,12
2330b,29,78,8
69b,29,78,11
2053b,29,10,11
449b,29,78,17
512b,29,10,15
1878b,29,10,24
1686b,29,10,22
2651b,29,10,8
3648b,29,78,2
549b,29,78,9
5471b,29,78,45
4059b,29,78,1
2966b,29,10,12
2956b,29,78,31
1588b,29,10,13
1501b,29,78,40
4027b,29,78,42
2215b,29,10,26
4142b,29,78,46
6344b,29,10,7
5472b,29,10,4
5452b,29,10,1
1879b,29,10,14
921b,29,78,5
2955b,29,10,6
723b,29,78,41
2967b,29,78,39
3779b,29,78,27
5474b,29,10,2
236b,29,78,36
1657b,29,78,4
936b,29,10,19
2216b,29,10,25
5937b,29,10,11
2590b,29,78,37
4141b,29,10,3
1963b,29,78,15
3647b,29,10,34
2954b,29,78,30
5942b,29,78,26
1705b,29,10,33
2159b,29,78,34
414b,29,78,22
5473b,29,78,47
505b,29,10,27
204b,29,10,21
5454b,29,10,6
5943b,29,10,10
5938b,29,10,8
3781b,29,78,28
1875b,29,78,20
2961b,29,78,33
4274b,29,10,5
2962b,29,10,16
4206b,29,78,34
1081b,29,78,21
1459b,29,78,10
94b,29,10,28
6349b,29,78,29
2643b,29,10,29
2209b,29,10,16
1650b,29,78,6
3780b,29,10,9
3974b,29,78,43
2960b,29,10,3
4207b,29,10,2
5469b,29,10,10
1649b,29,10,31
2959b,29,10,4
1115b,29,78,7
5936b,29,78,25
2208b,29,78,13
335b,29,78,3
460b,30,37,3
3039b,30,68,3
3001b,30,68,3
830b,30,68,25
2998b,30,68,11
1130b,30,68,4
1283b,30,37,42
3346b,30,68,7
213b,30,37,52
1777b,30,37,37
5324b,30,68,6
3347b,30,37,19
1747b,30,68,26
1165b,30,68,23
1702b,30,68,29
3002b,30,68,1
5828b,30,37,21
918b,30,37,26
52b,30,68,8
3040b,30,37,47
2577b,30,37,8
1070b,30,37,30
1209b,30,37,12
1841b,30,68,34
3078b,30,37,38
1012b,30,37,40
1284b,30,37,36
529b,30,37,45
477b,30,68,30
2105b,30,37,1
1015b,30,37,9
9b,30,37,4
417b,30,37,39
933b,30,37,27
1051b,30,37,35
563b,30,37,43
32b,30,37,15
79b,30,37,39
91b,30,68,15
5673b,30,68,16
2907b,30,68,8
296b,30,37,7
1725b,30,37,6
1321b,30,37,5
6411b,30,68,12
1745b,30,68,27
969b,30,68,32
1059b,30,37,34
4224b,30,68,1
8b,30,37,17
836b,30,68,19
330b,30,37,10
893b,30,68,35
2596b,30,37,33
78b,30,37,40
1163b,30,37,2
1149b,30,37,51
6440b,30,68,37
5674b,30,37,29
1663b,30,68,24
2995b,30,68,14
2994b,30,37,31
243b,30,68,5
3059b,30,68,5
321b,30,37,42
2900b,30,68,3
2117b,30,68,22
1492b,30,37,41
5526b,30,37,9
376b,30,68,10
995b,30,68,2
889b,30,37,23
1189b,30,68,33
576b,30,37,14
1223b,30,37,22
5665b,30,68,17
3044b,30,68,6
175b,30,37,44
1155b,30,68,4
3074b,30,68,12
1137b,30,37,46
3083b,30,37,37
1160b,30,68,31
5225b,30,37,20
3357b,30,68,9
989b,30,68,10
6441b,30,68,38
3043b,30,37,49
61b,30,68,6
3324b,30,68,9
4215b,30,68,1
965b,30,68,11
6435b,30,37,25
1061b,30,68,36
211b,30,37,41
3062b,30,68,4
3042b,30,37,48
1106b,30,37,32
2457b,30,37,24
4216b,30,37,53
632b,30,68,5
5677b,30,37,18
222b,30,37,13
2999b,30,37,38
2465b,30,68,21
6436b,30,68,20
1781b,30,68,28
2068b,30,68,18
3331b,30,37,43
1795b,30,37,16
978b,30,37,45
5323b,30,37,44
3081b,30,68,13
3061b,30,37,46
1124b,30,68,13
5664b,30,37,28
2949b,30,37,50
291b,30,37,11
3000b,30,68,7
3041b,30,68,2
4217b,30,68,2
973b,32,58,28
5222b,32,40,39
3622b,32,40,50
1527b,32,40,21
1379b,32,58,47
4800b,32,40,15
5457b,32,40,19
859b,32,58,23
3015b,32,58,36
5984b,32,40,26
2383b,32,58,7
3303b,32,58,37
572b,32,58,10
140b,32,40,46
3465b,32,40,36
130b,32,40,17
4700b,32,58,39
3621b,32,58,5
2295b,32,58,27
3623b,32,58,4
5221b,32,58,16
1127b,32,58,35
1475b,32,40,6
5458b,32,40,10
1247b,32,58,41
3510b,32,40,18
5985b,32,58,29
5487b,32,58,49
1666b,32,40,43
5459b,32,58,44
3466b,32,58,19
2296b,32,40,22
581b,32,40,7
2833b,32,40,12
3003b,32,58,40
5385b,32,40,1
5986b,32,40,24
4611b,32,40,48
574b,32,40,13
5987b,32,58,31
6425b,32,40,25
2167b,32,40,8
2381b,32,40,47
3283b,32,58,11
461b,32,58,15
3004b,32,58,42
1191b,32,40,44
1922b,32,58,34
422b,32,58,13
5736b,32,58,52
6426b,32,58,30
2350b,32,58,48
3620b,32,40,49
1048b,32,58,17
5737b,32,58,51
3454b,32,58,21
1964b,32,40,11
423b,32,58,33
1723b,32,58,20
3606b,32,58,25
3005b,32,58,43
5741b,32,40,9
1255b,32,40,20
5226b,32,58,14
905b,32,58,8
3453b,32,40,34
4610b,32,58,6
5738b,32,58,53
861b,32,40,45
154b,32,40,37
6424b,32,58,32
5740b,32,58,45
2185b,32,40,52
586b,32,40,42
2334b,32,40,5
3458b,32,40,31
652b,32,40,38
3456b,32,40,32
6421b,32,40,4
5743b,32,40,16
5744b,32,58,38
115b,32,40,27
1562b,32,40,40
1601b,32,40,41
3457b,32,58,24
516b,32,58,46
2836b,32,40,28
805b,32,40,29
268b,32,58,12
1281b,32,58,2
5542b,32,40,3
1439b,32,58,9
2446b,32,40,2
3455b,32,40,33
3327b,32,58,18
1306b,32,40,35
1430b,32,58,3
5742b,32,58,1
6422b,32,58,50
1582b,32,58,26
2364b,32,58,22
611b,32,40,51
806b,32,40,14
5011b,33,13,35
875b,33,13,20
830b,33,32,38
5884b,33,32,21
2635b,33,32,3
1978b,33,32,36
657b,33,32,29
3347b,33,13,2
5889b,33,13,17
3862b,33,13,8
3124b,33,13,36
3006b,33,32,1
5880b,33,32,9
5890b,33,32,24
1720b,33,13,28
2416b,33,13,12
1963b,33,13,29
2413b,33,32,27
3097b,33,32,33
6452b,33,13,1
3277b,33,13,37
5638b,33,13,25
2212b,33,32,12
5887b,33,13,18
5225b,33,13,3
5888b,33,32,23
2286b,33,13,5
847b,33,13,32
520b,33,13,34
204b,33,32,10
141b,33,32,28
3861b,33,32,32
1537b,33,13,7
3125b,33,32,2
1461b,33,32,7
3111b,33,13,4
1629b,33,13,13
635b,33,13,33
5966b,33,32,13
1448b,33,13,22
1868b,33,32,6
5886b,33,32,22
2004b,33,13,24
364b,33,13,11
5892b,33,13,15
3122b,33,32,5
378b,33,13,38
3791b,33,13,21
3859b,33,32,30
1116b,33,13,23
1686b,33,32,11
677b,33,32,16
368b,33,13,6
3242b,33,13,31
3860b,33,32,31
1925b,33,32,15
3112b,33,32,35
1091b,33,32,34
5881b,33,13,30
5965b,33,13,26
5885b,33,13,19
798b,33,32,17
948b,33,32,26
5879b,33,32,8
5636b,33,32,14
1663b,33,32,37
769b,33,13,14
5010b,33,32,4
3864b,33,13,10
392b,33,32,25
5891b,33,13,16
3863b,33,13,9
4223b,33,32,18
561b,33,32,20
2208b,33,13,27
598b,33,32,19
2825b,34,79,24
3101b,34,79,47
1633b,34,79,43
6438b,34,75,66
2831b,34,79,2
1113b,34,79,45
5304b,34,75,48
1613b,34,79,7
3029b,34,79,40
3882b,34,79,52
5305b,34,79,19
2615b,34,75,40
1747b,34,75,53
3793b,34,75,15
5684b,34,75,11
614b,34,75,65
6437b,34,75,64
1767b,34,75,28
2459b,34,75,67
326b,34,79,28
5622b,34,75,54
2882b,34,79,34
1447b,34,75,33
2796b,34,79,26
928b,34,75,50
3028b,34,75,26
2797b,34,75,41
5683b,34,79,55
1768b,34,75,29
1220b,34,75,17
3792b,34,79,51
2731b,34,79,20
3353b,34,75,10
5299b,34,79,21
791b,34,75,58
2484b,34,79,48
1671b,34,75,22
2514b,34,79,27
2633b,34,79,44
3879b,34,75,21
3201b,34,75,5
1522b,34,79,30
320b,34,75,34
8b,34,79,13
1691b,34,75,49
836b,34,79,3
5291b,34,75,44
6511b,34,79,1
5686b,34,75,3
2473b,34,75,59
920b,34,79,32
1449b,34,79,10
1624b,34,79,59
2812b,34,75,39
3883b,34,75,13
3202b,34,75,9
703b,34,79,29
3803b,34,75,31
4046b,34,79,35
5271b,34,75,55
3794b,34,75,14
5292b,34,79,23
4065b,34,75,32
2528b,34,79,41
2474b,34,75,60
2117b,34,79,6
5685b,34,79,63
3355b,34,79,57
2449b,34,75,30
1866b,34,75,68
5688b,34,79,64
2587b,34,75,7
3577b,34,75,24
2905b,34,75,18
2451b,34,79,39
889b,34,75,61
5623b,34,79,12
3108b,34,79,16
3223b,34,79,49
3578b,34,79,42
5675b,34,79,11
1574b,34,75,38
5680b,34,79,53
361b,34,79,46
2840b,34,79,31
18b,34,75,20
240b,34,75,4
1699b,34,79,8
2448b,34,75,27
3243b,34,79,36
2814b,34,75,37
5687b,34,75,2
5298b,34,75,46
2808b,34,75,42
2472b,34,75,57
5805b,34,75,1
3107b,34,75,51
5263b,34,75,45
2735b,34,79,22
1656b,34,75,23
1294b,34,79,9
5676b,34,75,56
1711b,34,79,18
95b,34,75,16
452b,34,75,36
6435b,34,75,63
3359b,34,79,56
2807b,34,75,35
526b,34,79,50
24b,34,75,8
3294b,34,75,25
2457b,34,75,62
5682b,34,75,12
662b,34,79,58
64b,34,79,62
5677b,34,79,14
5679b,34,75,52
629b,34,79,61
2465b,34,79,5
5303b,34,79,17
6436b,34,79,4
2880b,34,79,33
2816b,34,75,43
2826b,34,79,25
1822b,34,79,37
1611b,34,79,38
3123b,34,75,19
2856b,34,75,47
3194b,34,75,6
5681b,34,79,54
3203b,34,79,60
5678b,34,79,15
830b,35,5,35
3120b,35,13,53
2635b,35,5,3
3114b,35,5,29
1973b,35,5,6
3347b,35,13,26
371b,35,5,60
3553b,35,13,12
1569b,35,13,17
562b,35,13,5
2788b,35,5,46
2983b,35,5,26
2041b,35,13,40
865b,35,13,22
3097b,35,5,30
2674b,35,13,55
3214b,35,13,20
3121b,35,5,7
827b,35,13,46
928b,35,13,24
3116b,35,5,14
2511b,35,5,25
2930b,35,13,45
2286b,35,13,29
520b,35,13,56
515b,35,5,9
6346b,35,13,51
1589b,35,13,36
249b,35,5,41
5629b,35,13,7
1277b,35,5,19
348b,35,5,22
1671b,35,13,4
3117b,35,13,47
716b,35,5,12
2633b,35,5,58
3819b,35,13,1
3252b,35,5,44
6345b,35,5,10
378b,35,13,60
1300b,35,5,20
749b,35,13,49
368b,35,13,30
1091b,35,5,31
1634b,35,5,59
588b,35,5,11
3118b,35,13,52
1663b,35,5,34
1614b,35,13,3
841b,35,5,56
1591b,35,13,11
3803b,35,5,49
6470b,35,5,1
475b,35,13,6
522b,35,13,14
1568b,35,13,18
331b,35,5,52
1027b,35,5,39
3336b,35,13,37
4475b,35,5,40
5011b,35,13,57
1138b,35,5,47
2639b,35,5,24
3554b,35,5,50
1565b,35,5,23
1978b,35,5,33
2570b,35,5,17
2178b,35,5,48
2630b,35,13,23
1254b,35,13,8
819b,35,13,50
3106b,35,5,37
3108b,35,5,36
2948b,35,13,19
3124b,35,13,58
2545b,35,13,38
3307b,35,13,33
590b,35,5,51
3325b,35,5,28
2586b,35,5,15
3277b,35,13,59
833b,35,5,27
2629b,35,5,13
1919b,35,5,21
3104b,35,5,38
5225b,35,13,27
3107b,35,13,25
1764b,35,13,44
1537b,35,13,31
3125b,35,5,2
2763b,35,13,16
3111b,35,13,28
2981b,35,13,39
2932b,35,13,41
5285b,35,5,45
1631b,35,13,10
3319b,35,13,34
3112b,35,5,32
1769b,35,5,18
1207b,35,5,54
451b,35,5,57
4474b,35,13,21
1975b,35,13,54
2931b,35,13,43
3797b,35,13,2
2601b,35,13,48
5010b,35,5,4
1580b,35,5,42
2593b,35,5,5
1506b,35,5,53
3868b,35,13,13
93b,35,5,55
2524b,35,5,43
507b,35,13,42
3119b,35,5,8
2910b,35,13,35
2929b,35,5,16
446b,35,13,9
3143b,35,13,15
3113b,35,13,32
488b,36,1,27
481b,36,55,48
3098b,36,1,72
1486b,36,1,14
468b,36,1,21
450b,36,55,12
1873b,36,1,47
542b,36,55,4
1673b,36,55,49
5651b,36,55,33
1171b,36,1,17
5698b,36,55,43
1872b,36,1,38
1151b,36,55,47
6446b,36,55,61
5702b,36,55,45
2901b,36,55,22
953b,36,1,15
2882b,36,55,67
817b,36,1,49
2726b,36,55,36
1447b,36,1,7
3247b,36,55,58
4138b,36,55,44
753b,36,1,58
2606b,36,55,5
2864b,36,55,71
5715b,36,1,61
5701b,36,1,30
6445b,36,1,13
388b,36,55,30
2878b,36,55,27
4650b,36,55,42
645b,36,1,50
781b,36,55,55
1615b,36,1,25
2700b,36,1,57
2697b,36,55,18
4790b,36,55,34
80b,36,55,28
2720b,36,1,51
5714b,36,55,14
1522b,36,55,63
3229b,36,1,35
2863b,36,55,70
320b,36,1,8
111b,36,55,23
2297b,36,1,71
502b,36,55,53
920b,36,55,65
3231b,36,55,41
916b,36,55,50
703b,36,55,62
3228b,36,1,36
3803b,36,1,5
940b,36,55,57
5695b,36,55,38
2708b,36,55,24
522b,36,55,69
541b,36,1,64
1420b,36,55,2
2699b,36,55,20
2885b,36,1,44
4065b,36,1,6
2899b,36,55,32
1138b,36,1,3
2886b,36,1,46
155b,36,55,60
5894b,36,55,7
1373b,36,55,11
2178b,36,1,4
464b,36,1,67
356b,36,55,40
518b,36,55,25
1350b,36,1,29
610b,36,1,52
1452b,36,55,9
4074b,36,1,24
1564b,36,1,65
1338b,36,55,35
3857b,36,1,60
2611b,36,55,8
3289b,36,55,6
1574b,36,1,12
855b,36,1,63
2840b,36,55,64
5694b,36,1,37
2897b,36,1,41
1670b,36,1,22
3230b,36,1,34
1318b,36,55,56
4651b,36,1,33
2814b,36,1,11
3281b,36,1,70
1141b,36,55,26
174b,36,1,23
1423b,36,55,31
643b,36,1,40
1180b,36,55,29
5666b,36,1,18
1661b,36,1,20
2591b,36,55,3
5349b,36,1,1
5557b,36,55,1
3856b,36,1,59
2849b,36,55,59
639b,36,1,39
3350b,36,1,54
2888b,36,55,19
452b,36,1,10
2807b,36,1,9
2572b,36,55,21
2874b,36,1,48
1619b,36,1,16
74b,36,1,43
2592b,36,1,69
2609b,36,55,10
4534b,36,1,56
4137b,36,1,31
3820b,36,55,13
3305b,36,1,73
1669b,36,55,54
1135b,36,1,53
472b,36,1,55
857b,36,55,17
2537b,36,1,66
907b,36,55,16
2480b,36,55,15
285b,36,1,42
1874b,36,55,37
1544b,36,55,52
2880b,36,55,66
5699b,36,1,32
1374b,36,55,46
5895b,36,1,68
1618b,36,1,26
4075b,36,55,51
485b,36,1,2
3868b,36,55,68
1271b,36,1,45
3821b,36,1,62
571b,36,1,28
1668b,36,1,19
2894b,36,55,39
1559b,37,61,35
1933b,37,61,17
1046b,37,61,34
6377b,37,61,25
288b,37,61,7
2967b,37,13,25
2584b,37,13,15
4129b,37,13,39
3981b,37,13,44
4800b,37,61,5
3302b,37,13,17
2554b,37,13,12
2012b,37,13,29
1130b,37,13,4
3421b,37,13,34
3650b,37,13,45
213b,37,61,44
3979b,37,61,41
3416b,37,61,12
2944b,37,13,16
3975b,37,61,39
3420b,37,61,13
1278b,37,13,11
4700b,37,13,42
6399b,37,61,11
6376b,37,13,22
1788b,37,61,19
3652b,37,61,6
3358b,37,13,30
3980b,37,61,3
2943b,37,61,30
2021b,37,61,28
5334b,37,13,6
2576b,37,61,33
952b,37,61,26
2154b,37,13,20
3976b,37,13,8
6400b,37,13,36
892b,37,61,38
6379b,37,61,24
1998b,37,13,28
1092b,37,61,21
4215b,37,13,7
3003b,37,13,43
5606b,37,13,38
6521b,37,61,1
3256b,37,13,31
2600b,37,61,31
3653b,37,13,41
3266b,37,61,16
4940b,37,61,14
2946b,37,61,37
5692b,37,61,20
4224b,37,13,1
378b,37,13,46
5486b,37,13,24
807b,37,61,32
4009b,37,13,9
1939b,37,13,19
4216b,37,61,45
3977b,37,61,40
1149b,37,61,43
3297b,37,61,29
5932b,37,61,10
1628b,37,13,14
6378b,37,13,23
2064b,37,61,27
3265b,37,13,32
5607b,37,61,9
2942b,37,13,18
1501b,37,13,26
4941b,37,13,33
1133b,37,13,10
4128b,37,61,8
3419b,37,13,35
3654b,37,13,40
3059b,37,13,5
5469b,37,61,22
2949b,37,61,42
5691b,37,13,27
5485b,37,61,23
206b,37,61,36
2900b,37,13,3
2033b,37,13,21
3649b,37,61,2
2560b,37,61,15
744b,37,13,13
5931b,37,13,37
4217b,37,13,2
2657b,37,61,18
806b,37,61,4
1101b,38,24,10
3786b,38,42,6
1811b,38,24,7
2242b,38,24,1
6375b,38,24,4
1799b,38,24,2
76b,38,24,2
3789b,38,24,3
1630b,38,24,3
5576b,38,42,1
201b,38,24,8
2291b,38,42,4
1800b,38,24,5
3787b,38,42,8
1281b,38,42,10
2263b,38,42,2
1370b,38,42,9
1807b,38,24,6
347b,38,42,13
1430b,38,42,11
4911b,38,42,5
6393b,38,42,7
611b,38,24,4
2185b,38,24,1
1023b,38,24,9
3788b,38,24,11
191b,38,42,12
631b,38,42,3
6398b,39,53,3
6397b,39,53,5
6483b,39,95,5
3302b,39,53,2
6396b,39,95,2
6482b,39,53,4
5195b,39,95,1
2943b,39,95,7
4224b,39,53,1
5196b,39,53,6
10b,39,53,1
5192b,39,95,4
5193b,39,95,6
5191b,39,53,7
5835b,40,39,22
4734b,40,54,34
3326b,40,54,25
4880b,40,54,39
2194b,40,54,14
4177b,40,54,30
4040b,40,54,23
5457b,40,54,19
4036b,40,39,35
3015b,40,39,24
1073b,40,39,39
4971b,40,54,33
3303b,40,39,25
3295b,40,54,9
386b,40,54,4
2607b,40,39,23
3626b,40,54,7
5834b,40,54,21
4733b,40,39,14
1809b,40,54,13
1934b,40,39,3
553b,40,39,12
487b,40,39,34
5852b,40,54,36
4039b,40,39,20
2195b,40,54,11
4035b,40,54,8
1107b,40,54,31
1805b,40,39,32
3016b,40,54,1
239b,40,54,20
4970b,40,39,10
4750b,40,54,10
676b,40,39,41
380b,40,39,17
3552b,40,39,2
483b,40,39,28
2233b,40,54,35
4732b,40,54,29
1117b,40,39,11
1641b,40,54,15
2227b,40,39,15
6491b,40,39,8
3627b,40,39,36
2533b,40,39,4
34b,40,54,40
1512b,40,39,31
2488b,40,54,38
1319b,40,54,26
5853b,40,39,6
4736b,40,39,1
1075b,40,54,3
1860b,40,39,16
5391b,40,54,24
1403b,40,54,17
5833b,40,39,21
2196b,40,39,30
5858b,40,54,18
68b,40,39,38
5832b,40,54,22
4731b,40,54,28
244b,40,54,12
261b,40,39,29
2186b,40,54,16
4178b,40,39,13
2532b,40,39,27
1491b,40,39,40
580b,40,39,5
4037b,40,39,37
4735b,40,39,9
5640b,40,39,26
5836b,40,54,1
1884b,40,39,7
4055b,40,39,33
5390b,40,39,19
1320b,40,54,32
968b,40,54,5
4730b,40,54,27
2599b,40,54,6
2050b,40,54,37
2508b,40,39,18
987b,40,54,2
5917b,41,63,10
2640b,41,63,4
165b,41,63,37
1436b,41,63,40
4862b,41,63,31
3526b,41,46,9
5913b,41,46,29
3167b,41,46,31
2454b,41,63,25
5903b,41,46,1
5923b,41,63,24
657b,41,46,27
5889b,41,63,18
242b,41,63,7
322b,41,63,35
644b,41,63,27
5890b,41,63,19
2688b,41,63,38
681b,41,63,33
2416b,41,63,14
5908b,41,46,19
722b,41,46,14
2413b,41,46,25
218b,41,46,23
5914b,41,46,33
2684b,41,63,30
6469b,41,46,36
5904b,41,46,4
5918b,41,63,11
2754b,41,63,36
4861b,41,46,12
1715b,41,46,10
1078b,41,63,20
6472b,41,46,35
1170b,41,46,13
141b,41,46,26
5910b,41,46,21
1589b,41,63,1
2417b,41,63,21
5907b,41,46,18
259b,41,46,3
367b,41,46,30
1629b,41,63,15
1158b,41,46,8
286b,41,46,32
5915b,41,46,34
656b,41,46,2
5905b,41,46,16
5911b,41,46,24
5921b,41,63,17
1111b,41,63,41
364b,41,63,13
585b,41,63,2
400b,41,63,32
2418b,41,63,22
5920b,41,63,16
398b,41,46,38
3160b,41,63,8
194b,41,63,29
1770b,41,46,7
1233b,41,46,37
2467b,41,63,26
6473b,41,63,5
182b,41,46,6
300b,41,46,11
694b,41,63,28
5916b,41,63,6
5380b,41,46,15
5906b,41,46,17
5912b,41,46,28
2686b,41,46,5
5922b,41,63,23
399b,41,63,3
997b,41,63,9
262b,41,63,39
5919b,41,63,12
3527b,41,63,34
5909b,41,46,20
3158b,41,46,22
2757b,42,16,23
830b,42,86,3
3213b,42,16,13
5300b,42,16,32
814b,42,86,31
5810b,42,86,20
5815b,42,86,35
1497b,42,16,25
3347b,42,16,39
3108b,42,86,4
2948b,42,86,26
5811b,42,86,21
6408b,42,16,41
5624b,42,16,40
3130b,42,86,38
6461b,42,86,44
2736b,42,86,17
2798b,42,16,26
1569b,42,86,24
5808b,42,16,22
644b,42,16,2
1293b,42,16,27
3144b,42,86,14
5376b,42,86,37
809b,42,86,8
1470b,42,16,36
5301b,42,16,33
547b,42,86,39
3214b,42,86,27
5814b,42,16,9
1485b,42,86,6
928b,42,16,37
2684b,42,16,5
463b,42,16,12
1466b,42,16,11
5284b,42,16,8
1957b,42,86,32
3107b,42,16,38
5809b,42,16,21
3131b,42,86,40
3215b,42,86,33
2787b,42,86,22
249b,42,16,15
5377b,42,16,7
1035b,42,86,7
1007b,42,16,30
374b,42,86,41
5837b,42,86,34
5375b,42,16,6
5302b,42,86,9
1289b,42,86,16
5285b,42,16,19
1285b,42,86,15
1310b,42,86,42
2737b,42,86,18
1366b,42,86,30
1153b,42,16,24
3252b,42,16,18
5813b,42,16,10
2104b,42,86,11
194b,42,16,4
2467b,42,16,1
344b,42,16,35
3581b,42,86,10
258b,42,16,14
5378b,42,86,36
3212b,42,86,29
490b,42,86,12
6467b,42,86,43
5303b,42,86,5
5286b,42,86,23
1969b,42,86,13
694b,42,16,3
594b,42,86,28
1663b,42,86,2
1580b,42,16,16
2631b,42,86,1
2733b,42,16,29
5812b,42,16,20
2524b,42,16,17
1086b,42,16,34
1568b,42,86,25
1687b,42,16,31
808b,42,16,28
5807b,42,86,19
1038b,43,3,25
3182b,43,72,5
227b,43,72,38
2587b,43,72,27
2549b,43,3,13
654b,43,72,16
3801b,43,72,2
4155b,43,3,31
1005b,43,3,15
5860b,43,3,1
2349b,43,3,23
3187b,43,72,29
5866b,43,72,37
3197b,43,72,17
675b,43,3,29
3877b,43,72,1
886b,43,72,4
3193b,43,72,30
402b,43,72,32
679b,43,3,28
1147b,43,72,14
810b,43,3,16
5864b,43,72,40
3140b,43,72,12
240b,43,72,24
1288b,43,3,24
3183b,43,72,13
881b,43,72,39
5981b,43,72,28
3200b,43,3,12
5893b,43,3,8
1102b,43,72,7
3196b,43,3,17
5867b,43,72,36
3141b,43,72,11
756b,43,3,11
2399b,43,72,9
360b,43,72,6
5863b,43,72,41
742b,43,72,8
795b,43,3,20
2238b,43,3,21
3369b,43,3,3
877b,43,72,20
721b,43,3,19
3198b,43,3,14
1735b,43,3,10
5982b,43,3,4
3201b,43,72,25
421b,43,72,10
24b,43,72,28
3189b,43,72,33
1291b,43,72,19
1660b,43,72,22
5868b,43,72,35
3191b,43,3,30
938b,43,3,6
5876b,43,3,7
662b,43,72,32
5935b,43,3,22
64b,43,3,8
3204b,43,72,15
2672b,43,3,9
629b,43,3,7
1624b,43,3,5
734b,43,72,29
2513b,43,72,21
707b,43,3,26
3199b,43,72,23
3370b,43,72,30
3550b,43,72,3
3188b,43,72,31
5869b,43,72,34
754b,43,3,18
3190b,43,3,27
3194b,43,72,26
3203b,43,3,6
3355b,43,72,31
3322b,43,72,18
5861b,43,3,2
2850b,44,57,26
2881b,44,77,15
2478b,44,77,33
2845b,44,77,50
3436b,44,77,25
1313b,44,77,21
2871b,44,57,39
2767b,44,77,22
1569b,44,57,9
5345b,44,77,48
2732b,44,57,11
2430b,44,77,8
2882b,44,57,50
1298b,44,57,25
1447b,44,77,4
5288b,44,57,27
5280b,44,57,22
2731b,44,57,14
5344b,44,57,5
26b,44,57,20
5299b,44,57,15
3146b,44,77,42
2671b,44,57,32
2670b,44,77,18
5279b,44,57,44
1341b,44,77,28
5653b,44,57,30
5289b,44,57,28
1529b,44,57,21
1522b,44,57,46
1153b,44,57,16
3252b,44,77,44
320b,44,77,5
5281b,44,77,31
2853b,44,57,13
139b,44,57,12
2779b,44,57,31
5704b,44,57,23
5347b,44,77,47
920b,44,57,48
1349b,44,77,20
2822b,44,57,35
2870b,44,77,14
3435b,44,77,26
5660b,44,57,43
1316b,44,77,19
1010b,44,57,29
2799b,44,57,19
3803b,44,77,2
4046b,44,77,1
2766b,44,77,17
1568b,44,57,10
954b,44,77,27
4065b,44,77,3
2431b,44,57,45
110b,44,77,24
2802b,44,57,3
5346b,44,57,6
5703b,44,57,1
2815b,44,57,17
103b,44,77,49
5706b,44,77,30
556b,44,77,36
5297b,44,77,46
2736b,44,77,37
2855b,44,77,40
2840b,44,57,47
1576b,44,77,11
1197b,44,77,16
5298b,44,77,38
2782b,44,57,37
2854b,44,77,41
2763b,44,57,8
2800b,44,77,34
804b,44,77,9
1280b,44,57,2
2821b,44,77,23
5708b,44,77,29
2827b,44,77,32
219b,44,57,42
1543b,44,57,40
452b,44,77,7
5285b,44,77,45
2807b,44,77,6
1238b,44,57,38
1194b,44,77,12
2781b,44,57,34
2873b,44,77,13
2846b,44,77,51
5574b,44,77,35
109b,44,57,36
5707b,44,57,24
2880b,44,57,49
2780b,44,57,33
2875b,44,57,41
152b,44,57,4
2856b,44,77,39
2524b,44,77,43
5575b,44,57,18
5659b,44,77,10
3143b,44,57,7
2198b,45,66,12
317b,45,47,15
2161b,45,66,2
5661b,45,47,9
3801b,45,66,25
4155b,45,47,5
4124b,45,66,7
886b,45,66,27
1364b,45,47,16
3549b,45,47,6
92b,45,47,2
1716b,45,66,3
150b,45,47,28
3826b,45,66,22
1205b,45,66,11
6386b,45,66,1
5734b,45,47,21
3273b,45,47,18
1404b,45,66,5
962b,45,47,19
5801b,45,66,17
3329b,45,66,4
3348b,45,47,26
3530b,45,66,23
5211b,45,47,24
534b,45,66,29
567b,45,47,25
5857b,45,66,24
2252b,45,66,13
6340b,45,66,18
3540b,45,47,11
229b,45,47,14
5560b,45,47,23
3542b,45,47,10
2745b,45,47,7
6385b,45,47,22
5802b,45,47,13
3609b,45,66,15
5745b,45,47,20
5210b,45,66,6
168b,45,47,17
3824b,45,47,12
2247b,45,66,20
3584b,45,66,30
5769b,45,47,1
6402b,45,66,9
4156b,45,66,10
2746b,45,47,8
2436b,45,47,3
6384b,45,66,8
3541b,45,66,21
3608b,45,66,14
319b,45,47,4
3550b,45,66,26
3610b,45,66,16
3825b,45,66,19
1453b,45,66,28
3888b,45,47,27
2920b,46,87,18
1754b,46,87,20
6466b,46,87,1
5966b,46,87,15
2926b,46,31,1
5968b,46,31,9
2924b,46,87,19
5956b,46,87,3
271b,46,87,6
6353b,46,31,15
6351b,46,87,8
385b,46,87,16
5880b,46,87,12
418b,46,31,5
5944b,46,87,7
3242b,46,31,11
1784b,46,31,12
334b,46,87,17
6463b,46,87,2
1786b,46,87,21
813b,46,31,2
5881b,46,31,10
5965b,46,31,7
4021b,46,31,8
2921b,46,31,4
6465b,46,31,20
1109b,46,87,9
5967b,46,87,13
5879b,46,87,11
2925b,46,31,3
304b,46,87,4
617b,46,87,10
4020b,46,87,14
5955b,46,31,18
3007b,46,31,17
835b,46,87,5
6354b,46,31,16
369b,46,31,6
6352b,46,31,13
6464b,46,31,19
5945b,46,31,14
3648b,47,3,2
4059b,47,3,1
4155b,47,10,1
4475b,48,81,9
425b,48,88,2
5357b,48,81,2
5285b,48,81,14
2630b,48,88,9
3108b,48,81,5
2948b,48,88,5
3252b,48,81,13
1569b,48,88,3
1747b,48,88,13
5293b,48,88,1
5765b,48,81,1
5677b,48,81,3
865b,48,88,8
5679b,48,88,12
5358b,48,88,14
5303b,48,81,6
3214b,48,88,6
4474b,48,88,7
928b,48,88,10
3104b,48,81,7
1580b,48,81,11
1974b,48,81,15
3107b,48,88,11
2524b,48,81,12
1568b,48,88,4
1027b,48,81,8
5678b,48,81,4
249b,48,81,10
3929b,49,49,8
3923b,49,22,1
3925b,49,49,6
2254b,49,22,10
3927b,49,49,7
2006b,49,22,13
1821b,49,49,3
1984b,49,22,4
2248b,49,22,12
2072b,49,22,2
6335b,49,22,9
3930b,49,22,6
3928b,49,22,7
3926b,49,22,8
6339b,49,49,1
1920b,49,49,11
2146b,49,49,2
2573b,49,22,11
1936b,49,22,5
2042b,49,49,12
1945b,49,49,9
470b,49,49,10
2099b,49,49,4
6334b,49,49,5
1701b,49,22,3
2194b,50,85,19
3665b,50,85,41
1514b,50,85,45
1144b,50,24,36
1146b,50,85,8
2161b,50,85,3
1192b,50,24,35
2230b,50,24,5
943b,50,85,36
3545b,50,24,46
5511b,50,85,25
127b,50,24,16
3670b,50,85,37
5517b,50,24,14
3674b,50,85,27
1716b,50,85,4
6456b,50,85,24
150b,50,24,45
786b,50,24,26
1995b,50,85,42
1809b,50,85,18
1513b,50,85,7
265b,50,24,37
2180b,50,24,7
2195b,50,85,16
5141b,50,85,26
2179b,50,24,12
1805b,50,24,32
2056b,50,85,44
937b,50,85,30
4750b,50,85,15
1451b,50,85,9
5504b,50,24,23
483b,50,24,28
3667b,50,85,39
1164b,50,24,43
387b,50,24,39
3675b,50,24,22
3673b,50,24,21
4831b,50,85,29
6455b,50,24,24
3314b,50,85,14
2660b,50,24,18
2071b,50,85,43
1641b,50,85,20
5518b,50,85,34
2019b,50,24,2
3663b,50,24,8
1512b,50,24,31
3309b,50,24,34
5514b,50,24,17
3300b,50,85,22
2196b,50,24,30
702b,50,85,10
5513b,50,85,31
3662b,50,24,6
244b,50,85,17
3668b,50,24,10
1406b,50,85,32
606b,50,85,12
261b,50,24,29
3672b,50,85,28
801b,50,24,42
2186b,50,85,21
1276b,50,85,6
5515b,50,24,15
445b,50,24,41
2532b,50,24,27
1717b,50,24,13
3605b,50,85,1
3664b,50,85,40
1722b,50,85,23
4055b,50,24,33
5644b,50,24,1
1726b,50,85,13
646b,50,85,35
237b,50,85,11
212b,50,24,38
2229b,50,24,3
38b,50,24,40
2166b,50,24,11
3669b,50,85,38
3788b,50,85,2
3671b,50,24,20
3298b,50,24,25
2173b,50,24,4
186b,50,85,5
5516b,50,85,33
2231b,50,24,19
3888b,50,24,44
737b,51,90,9
5800b,51,90,2
1011b,51,90,10
1073b,51,90,5
303b,51,52,7
68b,51,90,4
531b,51,52,9
3465b,51,52,4
386b,51,52,12
5207b,51,90,15
3624b,51,52,11
4037b,51,90,3
2493b,51,52,8
5205b,51,52,3
2376b,51,90,12
5734b,51,90,1
2378b,51,52,5
1103b,51,90,11
968b,51,52,13
2599b,51,52,14
1465b,51,90,8
676b,51,52,10
885b,51,52,6
5206b,51,90,14
3466b,51,90,13
5799b,51,52,15
987b,51,90,7
3625b,51,90,6
2137b,51,52,1
2299b,52,52,8
3622b,52,42,25
51b,52,52,15
504b,52,52,12
3612b,52,52,21
2184b,52,42,10
3621b,52,52,5
332b,52,42,13
3623b,52,52,4
876b,52,52,22
424b,52,42,3
4005b,52,42,1
4610b,52,52,6
228b,52,52,17
347b,52,42,27
1719b,52,42,12
1237b,52,42,19
525b,52,42,15
5b,52,52,14
2386b,52,52,26
557b,52,42,22
2510b,52,52,10
1844b,52,42,16
427b,52,52,18
444b,52,42,11
36b,52,42,18
260b,52,42,14
1337b,52,52,7
2375b,52,42,4
163b,52,52,13
6330b,52,52,20
2242b,52,52,1
4611b,52,42,23
2385b,52,52,25
1799b,52,52,2
407b,52,42,5
5745b,52,52,27
1601b,52,42,9
1450b,52,42,7
1630b,52,52,3
177b,52,52,23
669b,52,52,11
1464b,52,42,6
560b,52,52,24
1354b,52,52,16
4156b,52,42,2
3611b,52,42,8
422b,52,52,19
1418b,52,42,17
748b,52,52,9
3620b,52,42,24
191b,52,42,26
276b,52,42,20
2298b,52,42,21
2825b,54,70,18
3211b,54,70,5
3213b,54,70,8
5285b,54,70,14
589b,54,70,3
2807b,54,65,4
2514b,54,65,1
1583b,54,65,15
5283b,54,70,1
2948b,54,65,11
1040b,54,70,16
3252b,54,70,13
135b,54,65,14
320b,54,65,3
1569b,54,65,9
4045b,54,65,1
258b,54,70,9
2840b,54,70,1
920b,54,70,2
2882b,54,70,4
1235b,54,70,4
3214b,54,65,12
5286b,54,65,8
1447b,54,65,2
5525b,54,65,5
2796b,54,70,20
594b,54,65,13
2880b,54,70,3
463b,54,70,7
1466b,54,70,6
2816b,54,65,4
2808b,54,65,3
2826b,54,70,19
1580b,54,70,11
114b,54,65,16
5284b,54,70,2
1974b,54,70,15
3866b,54,70,5
2524b,54,70,12
2797b,54,65,2
1568b,54,65,10
5524b,54,70,17
2787b,54,65,7
249b,54,70,10
1339b,54,65,6
660b,55,76,1
2920b,56,33,16
3278b,56,33,3
2915b,56,33,11
4050b,56,27,25
1540b,56,33,12
1772b,56,33,40
1056b,56,33,47
2919b,56,33,15
929b,56,33,46
2012b,56,27,22
2924b,56,33,17
5468b,56,27,6
1845b,56,27,9
1120b,56,27,4
1657b,56,33,5
700b,56,33,33
2444b,56,27,44
2220b,56,27,24
1503b,56,33,29
1093b,56,27,14
2928b,56,27,28
6363b,56,33,27
2234b,56,33,18
500b,56,27,36
1653b,56,27,38
2655b,56,27,18
2586b,56,27,27
5971b,56,33,28
1773b,56,33,34
2916b,56,27,35
1788b,56,33,26
827b,56,33,20
2629b,56,27,26
2648b,56,27,8
1738b,56,33,13
5467b,56,33,42
2443b,56,27,42
1021b,56,27,1
1834b,56,27,5
5593b,56,33,36
3216b,56,33,2
5621b,56,27,45
6366b,56,33,31
837b,56,27,40
927b,56,33,19
315b,56,33,43
1998b,56,27,21
2917b,56,27,34
1813b,56,27,32
2642b,56,27,37
2823b,56,27,7
350b,56,33,10
5972b,56,27,19
3256b,56,27,23
5976b,56,27,15
2133b,56,33,44
1994b,56,33,41
3266b,56,33,24
1552b,56,27,12
1817b,56,33,14
5975b,56,33,32
6365b,56,27,16
1833b,56,27,13
1961b,56,33,39
2643b,56,27,39
1650b,56,33,7
2898b,56,33,9
2918b,56,27,31
4051b,56,33,22
5973b,56,33,30
1979b,56,33,38
2921b,56,27,30
811b,56,33,35
1057b,56,27,33
2925b,56,27,29
1736b,56,27,3
2601b,56,33,21
5594b,56,27,11
1692b,56,27,43
1740b,56,33,23
2221b,56,27,10
1649b,56,27,41
5974b,56,27,17
1731b,56,33,37
1115b,56,33,8
176b,56,33,45
169b,56,27,2
6364b,56,27,20
3854b,56,33,1
921b,56,33,6
335b,56,33,4
2657b,56,33,25
5011b,57,13,22
4050b,57,13,13
3120b,57,13,18
2635b,57,96,3
6521b,57,96,1
5976b,57,13,5
716b,57,96,12
819b,57,13,15
1973b,57,96,6
700b,57,96,22
2557b,57,96,15
2220b,57,13,12
6345b,57,96,10
378b,57,13,25
5975b,57,96,21
3124b,57,13,23
1503b,57,96,18
6365b,57,13,6
1833b,57,13,3
1093b,57,13,4
749b,57,13,14
156b,57,13,11
2561b,57,96,17
2655b,57,13,8
4051b,57,96,13
5973b,57,96,19
2674b,57,13,20
1755b,57,13,9
1773b,57,96,23
3277b,57,13,24
1975b,57,13,19
3121b,57,96,7
3265b,57,96,16
588b,57,96,11
3118b,57,13,17
5010b,57,96,4
2593b,57,96,5
3415b,57,13,1
520b,57,13,21
515b,57,96,9
1740b,57,96,14
6346b,57,13,16
5974b,57,13,7
1834b,57,13,2
3125b,57,96,2
3119b,57,96,8
2560b,57,13,10
6366b,57,96,20
2449b,58,84,32
1643b,58,89,2
1633b,58,89,14
3577b,58,84,26
3554b,58,84,34
2451b,58,89,10
4155b,58,84,8
3029b,58,89,11
2349b,58,89,24
3799b,58,89,18
371b,58,89,17
886b,58,89,33
3553b,58,89,5
2398b,58,84,12
3578b,58,89,13
590b,58,84,35
3217b,58,84,17
92b,58,84,5
1767b,58,84,30
185b,58,89,27
1288b,58,89,25
956b,58,84,1
2448b,58,84,29
2403b,58,89,29
3243b,58,89,7
2164b,58,84,11
1014b,58,84,13
3028b,58,84,28
3220b,58,84,19
1656b,58,84,25
2399b,58,84,14
3546b,58,84,9
1768b,58,84,31
3501b,58,89,31
534b,58,84,3
2404b,58,89,30
456b,58,89,26
49b,58,89,20
3585b,58,84,2
1671b,58,84,24
1631b,58,89,3
2633b,58,89,15
421b,58,84,15
3294b,58,84,27
6506b,58,84,21
3219b,58,84,18
3323b,58,89,1
698b,58,89,36
5769b,58,84,4
1634b,58,89,16
2400b,58,84,16
412b,58,89,28
1614b,58,84,23
3797b,58,84,22
575b,58,89,21
2436b,58,84,6
1822b,58,89,8
118b,58,84,37
1591b,58,89,4
6505b,58,84,20
2397b,58,84,10
3803b,58,84,33
1611b,58,89,9
3868b,58,89,6
319b,58,84,7
3550b,58,89,32
5633b,58,89,19
3251b,58,84,38
331b,58,84,36
1453b,58,89,34
2528b,58,89,12
3218b,58,89,22
2348b,58,89,23
2271b,62,83,21
1811b,62,24,26
1204b,62,83,24
3274b,62,24,10
977b,62,83,19
76b,62,24,21
2285b,62,83,16
3789b,62,24,22
3545b,62,24,31
932b,62,24,4
2291b,62,83,4
2250b,62,24,1
107b,62,83,27
1800b,62,24,24
2199b,62,24,6
347b,62,83,13
1392b,62,24,3
2185b,62,24,20
2190b,62,24,7
1881b,62,24,9
1101b,62,24,29
2246b,62,83,23
3786b,62,83,6
2547b,62,83,20
5941b,62,24,5
2242b,62,83,18
6375b,62,24,23
1799b,62,24,17
1567b,62,24,11
1630b,62,24,18
144b,62,83,15
201b,62,24,27
1049b,62,83,22
3787b,62,83,8
2263b,62,83,2
1281b,62,83,10
1370b,62,83,9
1807b,62,24,25
396b,62,83,17
3605b,62,83,1
5940b,62,83,25
1430b,62,83,11
4911b,62,83,5
6393b,62,83,7
611b,62,24,19
379b,62,83,26
143b,62,24,2
1023b,62,24,28
3788b,62,24,30
548b,62,24,8
191b,62,83,12
621b,62,83,14
631b,62,83,3
2516b,64,59,16
1474b,64,59,6
34b,64,54,18
4880b,64,54,17
1742b,64,54,14
1825b,64,54,13
3634b,64,59,1
618b,64,59,9
125b,64,59,7
3631b,64,54,6
1085b,64,54,5
1052b,64,54,2
1827b,64,59,8
566b,64,59,11
5839b,64,59,15
71b,64,59,14
1378b,64,59,17
1546b,64,59,4
1934b,64,59,3
1743b,64,54,11
3632b,64,59,13
1480b,64,59,12
3552b,64,59,2
465b,64,59,10
1826b,64,59,5
923b,64,54,10
1830b,64,54,12
2233b,64,54,15
2097b,64,54,7
1846b,64,54,9
5838b,64,54,4
904b,64,54,16
4094b,64,54,1
1398b,64,54,3
267b,64,54,8
34b,67,74,22
4880b,67,74,21
1934b,67,74,3
1546b,67,74,4
4041b,67,74,16
843b,67,74,7
4042b,67,74,17
1884b,67,74,5
226b,67,74,6
4742b,67,74,18
3634b,67,74,1
4741b,67,74,13
824b,67,74,14
4740b,67,74,10
3638b,67,74,12
401b,67,74,8
3552b,67,74,2
3636b,67,74,9
3149b,67,74,15
473b,67,74,11
2233b,67,74,19
904b,67,74,20
34b,68,71,34
4880b,68,71,33
4177b,68,71,12
1742b,68,71,30
1825b,68,71,29
3634b,68,71,1
4740b,68,71,14
3631b,68,71,22
3638b,68,71,16
3636b,68,71,13
1085b,68,71,21
1052b,68,71,18
4178b,68,71,11
553b,68,71,10
1546b,68,71,4
1934b,68,71,3
4735b,68,71,7
1884b,68,71,5
1743b,68,71,27
4741b,68,71,17
4970b,68,71,8
3552b,68,71,2
923b,68,71,26
473b,68,71,15
1830b,68,71,28
2233b,68,71,31
2097b,68,71,23
1846b,68,71,25
1117b,68,71,9
5838b,68,71,20
904b,68,71,32
6491b,68,71,6
1398b,68,71,19
267b,68,71,24
830b,70,69,2
5359b,70,60,5
5270b,70,69,3
6343b,70,60,3
6342b,70,69,8
5352b,70,69,9
2499b,70,69,1
763b,70,69,7
3347b,70,60,9
5361b,70,60,6
5360b,70,69,5
5272b,70,60,7
992b,70,60,4
5271b,70,69,4
5351b,70,60,2
5350b,70,60,1
1981b,70,69,6
5677b,70,60,8
151b,71,61,47
1866b,71,61,11
3094b,71,61,31
508b,71,61,37
5329b,71,61,27
2032b,71,16,9
3088b,71,16,27
5319b,71,61,19
1978b,71,16,45
2993b,71,61,30
1917b,71,16,2
1013b,71,16,13
5320b,71,16,29
3114b,71,16,41
3356b,71,61,40
381b,71,61,22
3979b,71,16,6
5331b,71,61,26
4114b,71,16,1
3969b,71,61,15
2036b,71,16,8
3970b,71,16,33
3090b,71,16,24
984b,71,16,34
2594b,71,16,38
2501b,71,61,21
667b,71,16,36
5316b,71,16,37
3097b,71,16,42
1145b,71,16,31
312b,71,61,13
709b,71,61,32
250b,71,16,14
5321b,71,61,20
6571b,71,61,18
2286b,71,61,4
112b,71,16,15
1537b,71,61,6
5334b,71,61,43
5573b,71,16,46
5330b,71,16,21
623b,71,16,12
3111b,71,61,3
697b,71,16,32
975b,71,61,36
550b,71,16,10
4215b,71,61,44
3272b,71,61,41
1780b,71,16,23
554b,71,16,11
16b,71,16,35
1226b,71,61,17
5322b,71,16,28
6572b,71,16,30
5327b,71,16,20
2273b,71,61,2
961b,71,16,4
2020b,71,16,3
897b,71,61,25
3089b,71,16,26
2024b,71,61,39
1779b,71,16,19
1640b,71,16,39
368b,71,61,5
3092b,71,61,29
570b,71,61,38
3046b,71,16,7
3112b,71,16,44
1091b,71,16,43
982b,71,61,23
349b,71,61,9
894b,71,61,14
1176b,71,61,8
3164b,71,61,10
3095b,71,16,16
2497b,71,16,18
5328b,71,61,28
1110b,71,61,35
365b,71,61,16
2631b,71,61,1
325b,71,61,12
5332b,71,16,22
849b,71,16,40
605b,71,61,34
2456b,71,16,47
3045b,71,61,42
3091b,71,61,24
3978b,71,16,5
1703b,71,16,17
758b,71,61,45
1182b,71,16,25
3113b,71,61,7
1411b,71,61,33
1162b,71,61,46
2953b,72,20,36
3991b,72,30,10
2920b,72,20,13
1737b,72,30,19
5948b,72,30,16
2915b,72,20,8
1540b,72,20,9
2919b,72,20,12
2934b,72,30,20
2570b,72,20,18
2924b,72,20,14
752b,72,20,4
991b,72,30,38
2928b,72,30,27
2041b,72,30,21
981b,72,20,28
2234b,72,20,15
500b,72,30,35
5314b,72,30,18
4002b,72,30,7
3177b,72,30,40
3986b,72,20,30
3984b,72,20,29
3990b,72,20,32
3989b,72,30,11
5947b,72,30,37
2916b,72,30,34
2933b,72,20,22
896b,72,20,3
3572b,72,20,40
3173b,72,20,2
1738b,72,20,10
235b,72,30,2
2930b,72,30,26
1210b,72,30,39
1764b,72,30,25
3985b,72,30,13
1277b,72,20,20
927b,72,20,16
2917b,72,30,33
3988b,72,20,31
2986b,72,30,1
3679b,72,30,6
917b,72,30,41
1813b,72,30,31
2642b,72,30,36
350b,72,20,7
2951b,72,30,5
5951b,72,20,25
2932b,72,30,22
2991b,72,30,14
949b,72,30,4
53b,72,30,3
4334b,72,30,8
1817b,72,20,11
5455b,72,30,9
2950b,72,20,38
1300b,72,20,21
4004b,72,20,33
5946b,72,20,5
2898b,72,20,6
2918b,72,30,30
3987b,72,30,12
5949b,72,20,26
1769b,72,20,19
3678b,72,20,39
5950b,72,30,17
2952b,72,20,37
2921b,72,30,29
1057b,72,30,32
2925b,72,30,28
2931b,72,30,24
459b,72,20,1
4335b,72,20,34
2990b,72,20,27
6380b,72,30,15
202b,72,20,23
507b,72,30,23
5313b,72,20,24
2929b,72,20,17
4003b,72,20,35
43b,73,28,13
882b,73,28,5
4024b,73,13,3
635b,73,13,13
5011b,73,13,10
1868b,73,13,10
3120b,73,13,6
2635b,73,28,3
2678b,73,28,16
3122b,73,13,9
378b,73,13,13
3124b,73,13,11
6347b,73,13,2
3006b,73,28,1
5448b,73,28,13
4010b,73,13,4
2034b,73,28,15
1578b,73,28,17
5479b,73,13,7
2674b,73,13,8
3277b,73,13,12
1975b,73,13,7
3121b,73,28,7
3118b,73,13,5
4025b,73,28,11
5010b,73,28,4
1949b,73,28,14
2679b,73,28,12
847b,73,13,12
520b,73,13,9
515b,73,28,9
3125b,73,28,2
971b,73,28,6
6348b,73,28,12
5449b,73,13,1
3119b,73,28,8
4011b,73,28,10
1461b,73,13,11
1629b,74,102,5
2412b,74,107,2
221b,74,102,15
799b,74,102,14
364b,74,102,3
657b,74,107,13
2418b,74,102,9
2421b,74,102,12
3317b,74,107,8
2416b,74,102,4
5908b,74,107,7
3500b,74,107,3
149b,74,107,4
2413b,74,107,11
948b,74,107,10
5906b,74,107,5
769b,74,102,6
6329b,74,102,1
392b,74,107,9
1078b,74,102,7
2419b,74,102,10
141b,74,107,12
5919b,74,102,2
1259b,74,102,13
591b,74,107,1
2417b,74,102,8
5907b,74,107,6
2420b,74,102,11
3244b,76,33,5
1419b,76,33,18
1056b,76,33,24
1772b,76,33,11
4060b,76,33,6
6433b,76,58,22
2823b,76,58,13
3334b,76,58,20
929b,76,33,23
1190b,76,33,14
1994b,76,33,12
5718b,76,58,4
1581b,76,58,17
5468b,76,58,12
1968b,76,33,3
3264b,76,33,4
5276b,76,58,9
1087b,76,58,7
5716b,76,58,3
1693b,76,58,6
1956b,76,33,19
2222b,76,33,15
5278b,76,58,15
2838b,76,33,8
2218b,76,58,10
5720b,76,33,20
6434b,76,33,10
972b,76,33,17
582b,76,58,16
5384b,76,33,1
5719b,76,33,21
1977b,76,58,11
3944b,76,58,21
2648b,76,58,14
717b,76,58,8
5467b,76,33,13
5717b,76,33,22
1520b,76,58,19
5275b,76,33,16
1021b,76,58,1
5277b,76,33,9
1533b,76,33,7
169b,76,58,2
5721b,76,58,5
4061b,76,58,18
1933b,77,33,6
3411b,77,33,16
1056b,77,92,2
3397b,77,92,17
6562b,77,33,25
3945b,77,92,8
2012b,77,92,30
5468b,77,33,29
3960b,77,33,10
3950b,77,33,23
1592b,77,33,20
1763b,77,92,16
3420b,77,33,2
2098b,77,33,21
5883b,77,33,14
1788b,77,33,8
3946b,77,33,26
3952b,77,33,22
3402b,77,33,17
2130b,77,92,13
1977b,77,33,28
5467b,77,92,5
3358b,77,92,31
3961b,77,33,1
1021b,77,92,1
3401b,77,92,18
1694b,77,92,15
3951b,77,92,12
3949b,77,92,11
3959b,77,92,26
1998b,77,92,29
5882b,77,92,21
2823b,77,33,30
198b,77,33,11
2010b,77,92,28
1190b,77,92,6
3256b,77,92,32
1994b,77,92,4
1708b,77,92,14
3266b,77,33,5
4940b,77,33,3
3953b,77,33,13
4029b,77,92,27
3948b,77,33,24
6561b,77,92,9
2053b,77,92,24
3409b,77,33,15
5486b,77,92,23
2222b,77,92,7
2218b,77,33,27
3967b,77,92,3
3410b,77,92,19
3398b,77,33,18
5475b,77,33,31
3265b,77,92,33
4941b,77,92,34
1553b,77,33,19
3954b,77,92,22
3408b,77,92,20
3947b,77,92,10
5485b,77,33,12
3968b,77,92,25
2560b,77,33,4
4030b,77,33,9
2657b,77,33,7
723b,78,105,20
2986b,78,105,1
1092b,78,20,2
1737b,78,105,4
2967b,78,105,18
2936b,78,20,18
198b,78,105,17
2932b,78,105,7
2934b,78,105,5
236b,78,105,15
2961b,78,105,12
2962b,78,20,9
2053b,78,20,4
2958b,78,105,11
1300b,78,20,15
2590b,78,105,16
2041b,78,105,6
2966b,78,20,5
2956b,78,105,10
2964b,78,20,7
1588b,78,20,6
2655b,78,105,22
2954b,78,105,9
5198b,78,20,1
2935b,78,105,3
210b,78,20,19
2159b,78,105,13
2933b,78,20,16
3572b,78,20,20
1501b,78,105,19
4027b,78,105,21
2960b,78,20,10
235b,78,105,2
5469b,78,20,3
202b,78,20,17
2959b,78,20,11
327b,78,20,8
507b,78,105,8
2957b,78,20,12
2955b,78,20,13
2963b,78,105,14
1277b,78,20,14
151b,79,61,35
41b,79,61,10
1559b,79,61,27
1737b,79,97,32
5980b,79,97,28
1046b,79,61,26
1421b,79,97,27
2934b,79,97,33
3302b,79,97,19
2554b,79,97,10
5978b,79,97,12
2482b,79,61,23
1467b,79,61,21
1917b,79,97,2
2938b,79,97,30
848b,79,61,16
2944b,79,97,18
4114b,79,97,1
2041b,79,97,34
3975b,79,61,31
1278b,79,97,9
273b,79,61,20
2887b,79,97,29
210b,79,61,6
2933b,79,61,3
2940b,79,97,24
2937b,79,61,7
2912b,79,97,16
658b,79,61,8
2943b,79,61,18
10b,79,61,15
3976b,79,97,6
1068b,79,97,26
892b,79,61,30
985b,79,61,24
1277b,79,61,1
2500b,79,97,23
2936b,79,61,5
2932b,79,97,35
961b,79,97,4
2600b,79,61,19
2020b,79,97,3
2946b,79,61,29
1489b,79,97,22
416b,79,61,11
1300b,79,61,2
1026b,79,61,13
4009b,79,97,7
1481b,79,97,17
3977b,79,61,32
1157b,79,97,21
3297b,79,61,17
5979b,79,61,25
2935b,79,97,31
2942b,79,97,20
1133b,79,97,8
341b,79,97,14
2704b,79,61,14
2939b,79,61,9
1312b,79,97,25
1478b,79,97,15
202b,79,61,4
1407b,79,61,22
355b,79,97,13
206b,79,61,28
3978b,79,97,5
758b,79,61,33
1066b,79,61,12
744b,79,97,11
1162b,79,61,34
2198b,80,82,10
2252b,80,82,11
317b,80,104,2
2375b,80,104,9
6330b,80,82,1
229b,80,104,1
2385b,80,82,6
407b,80,104,10
2387b,80,82,8
3609b,80,82,13
1450b,80,104,12
3612b,80,82,2
66b,80,104,7
1364b,80,104,3
177b,80,82,4
168b,80,104,4
1464b,80,104,11
560b,80,82,5
876b,80,82,3
424b,80,104,8
1205b,80,82,9
3611b,80,104,13
3273b,80,104,5
2386b,80,82,7
962b,80,104,6
3608b,80,82,12
2412b,83,80,5
217b,83,50,10
5189b,83,80,27
3077b,83,50,1
2051b,83,80,20
3080b,83,50,9
5185b,83,80,31
3070b,83,80,21
3979b,83,80,14
4218b,83,80,16
2535b,83,80,19
1944b,83,80,9
2411b,83,80,4
3068b,83,80,18
3500b,83,80,6
5553b,83,80,25
3647b,83,50,30
1386b,83,50,18
2972b,83,50,25
5188b,83,50,4
2585b,83,80,23
3087b,83,50,3
1074b,83,80,3
2423b,83,50,27
5334b,83,50,18
3043b,83,80,2
2982b,83,50,20
2973b,83,80,7
892b,83,80,13
4950b,83,50,18
5187b,83,80,29
221b,83,50,26
4215b,83,80,1
4220b,83,80,15
3082b,83,80,28
3079b,83,50,7
4157b,83,80,1
3086b,83,80,26
1760b,83,50,23
2979b,83,80,11
3076b,83,50,5
3026b,83,50,22
996b,83,50,17
3072b,83,80,22
2976b,83,50,24
4009b,83,50,19
5554b,83,50,8
3648b,83,80,2
2636b,83,50,14
3085b,83,80,30
2908b,83,80,10
3066b,83,80,17
2980b,83,50,21
3835b,83,50,16
2517b,83,80,12
1894b,83,50,12
2224b,83,50,13
960b,83,50,15
5186b,83,50,2
3075b,83,80,24
3560b,83,50,29
3071b,83,50,11
2975b,83,80,8
5190b,83,50,6
6447b,83,50,28
1531b,86,100,7
3276b,86,99,3
538b,86,100,12
3238b,86,99,3
4650b,86,99,1
2620b,86,100,6
649b,86,100,1
6327b,86,99,7
1850b,86,100,6
1619b,86,99,1
1667b,86,99,2
5698b,86,99,10
3235b,86,100,10
6328b,86,100,3
1069b,86,99,6
1648b,86,100,2
4137b,86,100,4
5702b,86,99,12
1669b,86,100,4
3233b,86,100,9
3240b,86,99,2
1532b,86,99,5
3231b,86,100,7
3230b,86,99,8
1045b,86,99,4
44b,86,99,6
732b,86,100,8
3239b,86,100,13
4138b,86,99,11
5699b,86,100,5
6326b,86,99,9
1041b,86,100,8
3237b,86,100,11
3236b,86,99,4
5701b,86,100,3
3232b,86,99,7
3234b,86,99,5
2626b,86,100,5
583b,87,25,22
495b,87,14,16
2729b,87,14,11
458b,87,14,30
1633b,87,25,11
3101b,87,25,15
3577b,87,14,24
22b,87,25,17
1113b,87,25,13
2905b,87,14,18
2451b,87,25,7
3029b,87,25,8
5651b,87,14,3
1022b,87,14,17
1872b,87,25,27
689b,87,25,18
1338b,87,14,5
3578b,87,25,10
869b,87,25,19
1767b,87,14,28
18b,87,14,20
96b,87,14,14
361b,87,25,14
2897b,87,25,30
2726b,87,14,6
2448b,87,14,27
5705b,87,14,8
3885b,87,14,9
2844b,87,25,4
3028b,87,14,26
1974b,87,14,34
643b,87,25,29
1122b,87,14,13
1656b,87,14,23
2763b,87,14,33
2804b,87,14,31
5294b,87,25,1
5600b,87,25,32
5599b,87,14,2
639b,87,25,28
2494b,87,14,10
2484b,87,25,16
1671b,87,14,22
3884b,87,25,25
5877b,87,14,29
5878b,87,25,2
3879b,87,14,21
2633b,87,25,12
4790b,87,14,4
2843b,87,25,3
3294b,87,14,25
2685b,87,14,12
2703b,87,25,23
1034b,87,25,20
1216b,87,25,5
285b,87,25,31
3351b,87,25,21
1874b,87,14,7
3341b,87,14,1
2487b,87,25,24
5713b,87,25,26
3123b,87,14,19
1611b,87,25,6
2528b,87,25,9
3143b,87,14,32
503b,87,14,15
225b,89,91,12
2710b,89,98,9
5731b,89,91,7
2709b,89,98,11
1196b,89,98,5
5727b,89,91,9
2695b,89,91,21
511b,89,98,3
2694b,89,91,17
2720b,89,91,15
2701b,89,98,2
2623b,89,91,1
2698b,89,98,19
5732b,89,91,6
2707b,89,98,7
5729b,89,98,15
3857b,89,98,21
3822b,89,98,20
46b,89,91,20
860b,89,91,18
2722b,89,91,5
2719b,89,91,4
2480b,89,91,2
2705b,89,98,4
2711b,89,98,12
779b,89,91,19
2583b,89,98,18
5730b,89,98,16
5728b,89,91,8
3b,89,91,16
5726b,89,98,14
404b,89,98,10
2696b,89,98,1
3479b,89,91,10
4084b,89,98,13
2706b,89,98,6
2708b,89,98,8
2491b,89,91,11
5733b,89,98,17
613b,89,91,14
684b,89,91,13
2721b,89,91,3
1457b,90,2,8
1996b,90,2,12
2181b,90,2,10
1821b,90,62,47
1913b,90,2,2
909b,90,2,36
943b,90,62,34
2275b,90,2,20
1853b,90,62,44
127b,90,2,12
1891b,90,2,5
3674b,90,62,25
3656b,90,2,41
5490b,90,2,21
2180b,90,2,3
3894b,90,2,35
5141b,90,62,24
903b,90,62,60
1460b,90,62,54
2080b,90,2,31
2168b,90,2,24
5504b,90,2,19
3675b,90,2,18
3673b,90,2,17
1396b,90,62,13
1427b,90,62,16
4831b,90,62,27
3657b,90,62,4
5491b,90,2,22
2223b,90,62,10
2256b,90,2,19
6431b,90,2,34
3662b,90,2,2
3668b,90,2,6
1406b,90,62,30
3432b,90,62,58
3672b,90,62,26
955b,90,2,39
3658b,90,62,5
2157b,90,62,14
5515b,90,2,11
1837b,90,2,13
2548b,90,62,43
2136b,90,2,33
5492b,90,62,20
1932b,90,2,32
1511b,90,62,3
5374b,90,2,1
646b,90,62,33
6432b,90,62,9
1672b,90,62,11
2270b,90,2,18
494b,90,62,49
2146b,90,62,46
1859b,90,2,28
5506b,90,2,21
2177b,90,62,12
1907b,90,62,15
2166b,90,2,7
3661b,90,62,7
3669b,90,62,36
2099b,90,62,48
3671b,90,2,16
3659b,90,2,40
5516b,90,62,31
2079b,90,2,26
3665b,90,62,39
2254b,90,2,14
1706b,90,62,1
5493b,90,2,23
5511b,90,62,23
2170b,90,62,42
3670b,90,62,35
5507b,90,62,41
3666b,90,2,5
3913b,90,2,6
1896b,90,2,7
2128b,90,62,51
2066b,90,2,25
2179b,90,2,8
5494b,90,62,19
406b,90,2,30
1910b,90,62,2
937b,90,62,28
2113b,90,2,42
75b,90,2,38
3667b,90,62,37
2681b,90,62,51
2660b,90,2,14
3914b,90,62,56
3663b,90,2,4
1802b,90,62,59
979b,90,2,11
880b,90,62,8
1089b,90,62,57
2248b,90,2,16
3330b,90,62,18
5514b,90,2,13
1976b,90,62,22
1676b,90,62,17
5513b,90,62,29
1542b,90,2,4
4835b,90,2,9
1710b,90,62,6
3911b,90,62,52
2656b,90,62,45
3889b,90,2,1
2661b,90,62,52
5509b,90,62,40
1717b,90,2,9
3664b,90,62,38
2142b,90,62,32
1906b,90,62,55
2251b,90,2,17
120b,90,2,37
1741b,90,2,3
2573b,90,2,15
1166b,90,2,27
3912b,90,2,10
4834b,90,62,53
5489b,90,62,21
2589b,90,62,50
2231b,90,2,15
1516b,90,62,53
2544b,90,2,20
2183b,90,2,29
1090b,91,67,44
2194b,91,67,19
2127b,91,67,25
1146b,91,67,8
1144b,91,24,37
2161b,91,67,3
828b,91,24,16
1913b,91,24,17
1192b,91,24,36
2093b,91,67,39
3545b,91,24,47
1937b,91,67,38
2563b,91,67,28
1923b,91,24,27
1891b,91,24,20
1524b,91,67,41
1716b,91,67,4
150b,91,24,46
4524b,91,67,1
1008b,91,67,23
1838b,91,24,28
2090b,91,67,22
1809b,91,67,18
1513b,91,67,7
1541b,91,24,3
265b,91,24,38
1914b,91,24,11
2195b,91,67,16
2522b,91,24,5
903b,91,67,32
1930b,91,67,36
510b,91,67,26
1805b,91,24,33
1031b,91,24,22
4750b,91,67,15
430b,91,24,12
1088b,91,67,37
1121b,91,24,10
1451b,91,67,9
387b,91,24,40
1164b,91,24,44
3296b,91,67,43
3314b,91,67,14
274b,91,24,23
2123b,91,67,21
2140b,91,67,35
1828b,91,67,24
2902b,91,24,1
1885b,91,24,24
1512b,91,24,32
3309b,91,24,35
2081b,91,67,40
1802b,91,67,31
914b,91,24,15
1089b,91,67,29
305b,91,67,45
702b,91,67,10
2196b,91,24,31
244b,91,67,17
2565b,91,24,21
1095b,91,24,29
3432b,91,67,30
606b,91,67,12
1331b,91,24,25
261b,91,24,30
1542b,91,24,19
1211b,91,24,13
801b,91,24,43
1276b,91,67,6
1428b,91,67,42
1376b,91,24,8
1515b,91,24,2
445b,91,24,42
1129b,91,24,14
790b,91,24,4
2078b,91,67,20
4055b,91,24,34
1726b,91,67,13
1741b,91,24,18
1888b,91,24,6
1677b,91,24,7
2558b,91,24,9
1415b,91,24,26
237b,91,67,11
212b,91,24,39
661b,91,67,34
1017b,91,67,27
38b,91,24,41
1105b,91,67,33
3788b,91,67,2
186b,91,67,5
3888b,91,24,45
1090b,92,64,63
668b,92,24,16
1303b,92,24,19
1683b,92,24,4
47b,92,64,72
2194b,92,64,19
1514b,92,64,34
1821b,92,24,33
1144b,92,24,58
1146b,92,64,8
2683b,92,64,73
2161b,92,64,3
1108b,92,64,29
1192b,92,24,57
2088b,92,64,56
2230b,92,24,38
1716b,92,64,4
1882b,92,64,48
1684b,92,24,12
150b,92,24,67
1995b,92,64,31
1809b,92,64,18
5785b,92,24,49
1513b,92,64,7
1820b,92,64,35
1541b,92,24,3
2180b,92,24,40
3894b,92,64,25
2195b,92,64,16
2160b,92,64,49
2522b,92,24,5
2076b,92,64,24
1498b,92,24,8
2056b,92,64,33
2175b,92,24,41
1675b,92,24,13
4750b,92,64,15
1909b,92,64,68
1571b,92,64,50
726b,92,64,52
106b,92,24,27
387b,92,24,61
1164b,92,24,65
3296b,92,64,62
3314b,92,64,14
2019b,92,24,35
2902b,92,24,1
1512b,92,24,53
4850b,92,64,46
3309b,92,24,56
1391b,92,64,70
3943b,92,24,22
2147b,92,24,29
2196b,92,24,52
702b,92,64,10
2148b,92,64,42
244b,92,64,17
3662b,92,24,39
1751b,92,24,20
3477b,92,24,10
3668b,92,24,53
1870b,92,64,40
606b,92,64,12
1732b,92,24,17
261b,92,24,51
2118b,92,64,55
801b,92,24,64
383b,92,24,6
1276b,92,64,6
1428b,92,64,61
1399b,92,64,57
1376b,92,24,8
5767b,92,24,21
1586b,92,24,46
790b,92,24,4
5983b,92,24,9
1726b,92,64,13
5773b,92,24,30
1912b,92,24,7
2146b,92,24,32
237b,92,64,11
38b,92,24,62
1883b,92,64,58
5766b,92,64,47
2151b,92,64,41
1903b,92,24,11
3941b,92,64,45
5780b,92,64,22
3259b,92,24,2
5761b,92,24,44
3545b,92,24,68
5747b,92,64,21
5779b,92,24,48
3940b,92,24,25
5757b,92,64,27
3666b,92,24,52
3475b,92,64,66
1958b,92,64,59
1524b,92,64,60
2869b,92,64,65
4524b,92,64,1
164b,92,24,3
2144b,92,64,38
265b,92,24,59
3942b,92,24,23
1679b,92,64,69
2150b,92,64,39
2011b,92,64,54
1805b,92,24,54
2201b,92,24,28
1451b,92,64,9
2071b,92,64,32
1523b,92,64,51
3476b,92,64,67
2143b,92,24,26
5776b,92,24,45
3663b,92,24,51
121b,92,64,74
1443b,92,24,9
1915b,92,24,14
2248b,92,64,36
1305b,92,24,42
305b,92,64,64
3939b,92,64,43
1495b,92,24,5
1095b,92,24,50
1268b,92,64,71
2656b,92,24,31
5419b,92,24,24
1515b,92,24,2
1346b,92,24,18
445b,92,24,63
5777b,92,24,47
247b,92,64,53
2028b,92,64,30
2251b,92,64,37
2078b,92,64,20
4055b,92,24,55
5644b,92,24,34
1888b,92,24,6
54b,92,24,10
1677b,92,24,7
1682b,92,24,15
5746b,92,24,43
5762b,92,64,26
212b,92,24,60
2229b,92,24,36
950b,92,64,28
1269b,92,24,1
3788b,92,64,2
5418b,92,64,44
2173b,92,24,37
186b,92,64,5
5778b,92,64,23
3888b,92,24,66
973b,93,106,3
1090b,93,106,49
1303b,93,103,29
668b,93,103,26
1683b,93,103,4
47b,93,106,58
1514b,93,106,20
1821b,93,103,43
2683b,93,106,59
1108b,93,106,15
5984b,93,103,65
2088b,93,106,42
2230b,93,103,48
2169b,93,106,10
5989b,93,103,62
127b,93,103,57
2295b,93,106,2
1882b,93,106,34
1684b,93,103,22
1995b,93,106,17
1541b,93,103,13
1820b,93,106,21
2180b,93,103,50
2160b,93,106,35
2522b,93,103,15
1498b,93,103,8
5985b,93,106,4
2056b,93,106,19
1675b,93,103,23
2175b,93,103,54
1909b,93,106,54
1571b,93,106,36
726b,93,106,38
106b,93,103,37
3296b,93,106,48
2019b,93,103,45
2902b,93,103,11
1785b,93,106,11
4850b,93,106,32
1391b,93,106,56
1790b,93,106,9
3943b,93,103,32
5986b,93,103,63
2147b,93,103,39
5987b,93,106,6
3662b,93,103,49
1751b,93,103,30
3477b,93,103,10
6425b,93,103,64
2148b,93,106,28
3668b,93,103,53
1406b,93,106,12
1870b,93,106,26
1732b,93,103,27
2118b,93,106,41
383b,93,103,6
1428b,93,106,47
1399b,93,106,43
1376b,93,103,18
5991b,93,103,61
5767b,93,103,31
790b,93,103,14
2245b,93,103,60
5983b,93,103,9
5773b,93,103,40
1912b,93,103,7
2146b,93,103,42
6426b,93,106,5
5988b,93,106,7
1883b,93,106,44
5990b,93,106,8
5766b,93,106,33
2151b,93,106,27
1903b,93,103,21
3941b,93,106,31
2240b,93,103,59
3259b,93,103,2
3940b,93,103,35
3666b,93,103,52
3475b,93,106,52
1958b,93,106,45
1524b,93,106,46
2869b,93,106,51
164b,93,103,3
2144b,93,106,24
2253b,93,103,58
3942b,93,103,33
1679b,93,106,55
2150b,93,106,25
2011b,93,106,40
2201b,93,103,38
3890b,93,103,56
2071b,93,106,18
1523b,93,106,37
3476b,93,106,53
2143b,93,103,36
3663b,93,103,51
121b,93,106,60
1443b,93,103,19
1915b,93,103,24
1305b,93,103,55
2248b,93,106,22
305b,93,106,50
115b,93,103,66
3939b,93,106,29
3891b,93,106,13
1495b,93,103,5
1268b,93,106,57
2836b,93,103,67
2656b,93,103,41
5419b,93,103,34
1346b,93,103,28
1515b,93,103,12
247b,93,106,39
2028b,93,106,16
5644b,93,103,44
1888b,93,103,16
1677b,93,103,17
54b,93,103,20
1682b,93,103,25
1582b,93,106,1
2229b,93,103,46
950b,93,106,14
1269b,93,103,1
5418b,93,106,30
2173b,93,103,47
973b,94,6,3
1353b,94,6,44
1996b,94,6,35
1514b,94,6,28
714b,94,94,3
1840b,94,6,43
5984b,94,94,52
2002b,94,94,14
909b,94,6,17
5989b,94,94,49
1570b,94,94,41
535b,94,6,49
3674b,94,6,10
2295b,94,6,2
6333b,94,94,15
2017b,94,6,47
3930b,94,94,18
2265b,94,94,25
5648b,94,94,2
5490b,94,94,45
1820b,94,6,29
2134b,94,94,43
2076b,94,6,16
5985b,94,6,4
3253b,94,94,42
1848b,94,94,13
3675b,94,94,47
3673b,94,94,46
1862b,94,6,54
6332b,94,6,42
1029b,94,6,51
2019b,94,94,30
3925b,94,6,37
1984b,94,94,16
2103b,94,94,10
5986b,94,94,50
1898b,94,6,53
1851b,94,94,8
1908b,94,6,23
5987b,94,6,6
6425b,94,94,51
884b,94,6,22
955b,94,6,20
1837b,94,6,36
5991b,94,94,48
788b,94,6,12
1586b,94,94,40
3926b,94,94,20
1983b,94,94,5
494b,94,94,21
883b,94,6,26
6426b,94,6,5
5988b,94,6,7
680b,94,94,32
3661b,94,94,38
2156b,94,94,4
2099b,94,6,30
3659b,94,6,21
5990b,94,6,8
1698b,94,6,31
3927b,94,6,38
2254b,94,94,27
2131b,94,6,15
2059b,94,94,44
1555b,94,94,34
290b,94,6,45
1389b,94,6,24
1867b,94,94,11
3928b,94,94,19
1724b,94,94,36
5647b,94,6,55
1357b,94,6,13
782b,94,94,33
1518b,94,6,46
3900b,94,6,25
75b,94,6,19
2681b,94,94,23
3899b,94,94,35
3929b,94,6,39
2029b,94,94,9
1054b,94,6,33
880b,94,94,39
1823b,94,6,32
115b,94,94,53
431b,94,6,52
3901b,94,6,27
1710b,94,94,37
2836b,94,94,54
3922b,94,6,50
6331b,94,6,9
120b,94,6,18
2288b,94,94,24
5644b,94,94,29
2038b,94,94,12
2249b,94,94,26
1582b,94,6,1
2573b,94,94,28
5650b,94,94,1
1166b,94,6,14
1936b,94,94,17
1988b,94,94,6
3902b,94,94,31
470b,94,6,41
1945b,94,6,40
5489b,94,6,11
3921b,94,94,7
2589b,94,94,22
1926b,94,6,48
1516b,94,6,34
1698b,95,49,5
1353b,95,49,18
1996b,95,49,9
714b,95,6,3
2254b,95,6,27
3927b,95,49,12
1821b,95,49,3
1840b,95,49,17
2002b,95,6,14
290b,95,49,19
535b,95,49,23
1831b,95,49,1
6333b,95,6,15
2017b,95,49,21
2265b,95,6,25
3930b,95,6,18
5648b,95,6,2
1867b,95,6,11
3928b,95,6,19
5647b,95,49,29
1518b,95,49,20
1848b,95,6,13
1862b,95,49,28
1029b,95,49,25
2681b,95,6,23
6332b,95,49,16
3929b,95,49,13
2029b,95,6,9
3925b,95,49,11
2006b,95,6,30
1054b,95,49,7
1984b,95,6,16
2103b,95,6,10
2248b,95,6,29
1823b,95,49,6
431b,95,49,26
1898b,95,49,27
1851b,95,6,8
3922b,95,49,24
1837b,95,49,10
3926b,95,6,20
2288b,95,6,24
2038b,95,6,12
1983b,95,6,5
2249b,95,6,26
494b,95,6,21
2146b,95,49,2
2573b,95,6,28
5650b,95,6,1
1936b,95,6,17
1988b,95,6,6
2156b,95,6,4
1945b,95,49,14
470b,95,49,15
2099b,95,49,4
2589b,95,6,22
3921b,95,6,7
1926b,95,49,22
1516b,95,49,8
973b,96,93,3
1457b,96,101,8
1996b,96,101,12
3665b,96,93,23
2181b,96,101,31
2254b,96,101,14
1821b,96,93,31
1913b,96,101,2
5984b,96,101,43
943b,96,93,18
5989b,96,101,40
2275b,96,101,20
1849b,96,93,14
1853b,96,93,28
3670b,96,93,19
2170b,96,93,26
5507b,96,93,25
1891b,96,101,5
1954b,96,101,34
3674b,96,93,10
3666b,96,101,26
2295b,96,93,2
3913b,96,101,6
1896b,96,101,7
2180b,96,101,24
3313b,96,93,13
2128b,96,93,35
2179b,96,101,29
903b,96,93,44
1460b,96,93,38
5985b,96,93,4
2171b,96,101,32
3667b,96,93,21
3675b,96,101,38
3673b,96,101,37
4831b,96,93,12
3914b,96,93,40
3663b,96,101,25
979b,96,101,11
1802b,96,93,43
1089b,96,93,41
2256b,96,101,19
2248b,96,101,16
5986b,96,101,41
115b,96,101,44
1987b,96,93,15
2172b,96,101,33
5987b,96,93,6
6425b,96,101,42
3662b,96,101,23
3668b,96,101,27
3432b,96,93,42
3672b,96,93,11
1542b,96,101,4
4835b,96,101,9
2836b,96,101,45
2656b,96,93,29
3911b,96,93,36
3889b,96,101,1
1837b,96,101,13
5991b,96,101,39
5509b,96,93,24
2548b,96,93,27
1717b,96,101,30
3664b,96,93,22
2142b,96,93,16
6331b,96,93,9
1906b,96,93,39
2251b,96,101,17
5374b,96,101,22
646b,96,93,17
1741b,96,101,3
2270b,96,101,18
2146b,96,93,30
494b,96,93,33
2573b,96,101,15
1582b,96,93,1
5506b,96,101,21
6426b,96,93,5
5988b,96,93,7
2166b,96,101,28
3669b,96,93,20
3912b,96,101,10
2099b,96,93,32
4834b,96,93,37
3671b,96,101,36
5990b,96,93,8
2231b,96,101,35
2589b,96,93,34
