arret_id,trajet_id,heure_depart,stop_sequence,terminus
7572b,3706,615,1,0
5661b,3706,619,2,0
3542b,3706,620,3,0
3540b,3706,624,4,0
5802b,3706,627,5,0
317b,3706,629,6,0
1364b,3706,630,7,0
7542b,3706,632,8,0
5560b,3706,638,9,0
5211b,3706,638,10,0
567b,3706,639,11,0
3348b,3706,639,12,0
186b,3706,640,13,0
1276b,3706,641,14,0
1513b,3706,642,15,0
1146b,3706,643,16,0
1451b,3706,644,17,0
6835b,3706,647,18,0
6837b,3706,649,19,0
6466b,3706,651,20,0
6463b,3706,653,21,0
5956b,3706,654,22,0
6685b,3706,656,23,0
3007b,3706,658,24,1
7572b,3785,890,1,0
5661b,3785,893,2,0
3542b,3785,894,3,0
3540b,3785,898,4,0
5802b,3785,901,5,0
317b,3785,903,6,0
1364b,3785,904,7,0
7542b,3785,906,8,0
5560b,3785,912,9,0
5211b,3785,912,10,0
567b,3785,913,11,0
3348b,3785,914,12,0
186b,3785,915,13,0
1276b,3785,916,14,0
1513b,3785,917,15,0
1146b,3785,918,16,0
1451b,3785,919,17,0
6835b,3785,922,18,0
6837b,3785,924,19,0
6466b,3785,926,20,0
6463b,3785,928,21,0
5956b,3785,930,22,0
6685b,3785,932,23,0
3007b,3785,934,24,1
3007b,1171,810,1,0
5955b,1171,811,2,0
6464b,1171,812,3,0
6465b,1171,814,4,0
6838b,1171,815,5,0
6836b,1171,816,6,0
387b,1171,820,7,0
38b,1171,821,8,0
445b,1171,823,9,0
801b,1171,824,10,0
1164b,1171,824,11,0
3329b,1171,826,12,0
1404b,1171,827,13,0
5210b,1171,828,14,0
4124b,1171,829,15,0
7541b,1171,832,16,0
3608b,1171,833,17,0
3609b,1171,834,18,0
5801b,1171,836,19,0
3788b,1171,837,20,0
3825b,1171,843,21,0
2247b,1171,843,22,0
3826b,1171,846,23,0
7572b,1171,849,24,1
3007b,24538,875,1,0
5955b,24538,876,2,0
6464b,24538,879,3,0
6465b,24538,881,4,0
6838b,24538,882,5,0
6836b,24538,883,6,0
387b,24538,887,7,0
38b,24538,888,8,0
445b,24538,890,9,0
801b,24538,891,10,0
1164b,24538,891,11,0
3329b,24538,893,12,0
1404b,24538,894,13,0
5210b,24538,895,14,0
4124b,24538,896,15,0
7541b,24538,899,16,0
3608b,24538,900,17,0
3609b,24538,901,18,0
5801b,24538,903,19,0
3788b,24538,904,20,0
3825b,24538,912,21,0
2247b,24538,912,22,0
3826b,24538,916,23,0
7572b,24538,919,24,1
3007b,37,905,1,0
5955b,37,906,2,0
6464b,37,908,3,0
6465b,37,910,4,0
6838b,37,911,5,0
6836b,37,912,6,0
387b,37,916,7,0
38b,37,917,8,0
445b,37,918,9,0
801b,37,919,10,0
1164b,37,919,11,0
3329b,37,921,12,0
1404b,37,922,13,0
5210b,37,923,14,0
4124b,37,924,15,0
7541b,37,927,16,0
3608b,37,929,17,0
3609b,37,930,18,0
5801b,37,932,19,0
3788b,37,933,20,0
3825b,37,940,21,0
2247b,37,940,22,0
3826b,37,944,23,0
7572b,37,947,24,1
7572b,24438,975,1,0
5661b,24438,979,2,0
3542b,24438,980,3,0
3540b,24438,984,4,0
5802b,24438,987,5,0
317b,24438,989,6,0
1364b,24438,990,7,0
7542b,24438,992,8,0
5560b,24438,998,9,0
5211b,24438,998,10,0
567b,24438,999,11,0
3348b,24438,999,12,0
186b,24438,1000,13,0
1276b,24438,1001,14,0
1513b,24438,1002,15,0
1146b,24438,1003,16,0
1451b,24438,1004,17,0
6835b,24438,1008,18,0
6837b,24438,1009,19,0
6466b,24438,1012,20,0
6463b,24438,1014,21,0
5956b,24438,1015,22,0
6685b,24438,1017,23,0
3007b,24438,1019,24,1
3007b,3973,1015,1,0
5955b,3973,1016,2,0
6464b,3973,1019,3,0
6465b,3973,1022,4,0
6838b,3973,1023,5,0
6836b,3973,1025,6,0
387b,3973,1030,7,0
38b,3973,1031,8,0
445b,3973,1033,9,0
801b,3973,1034,10,0
1164b,3973,1034,11,0
3329b,3973,1036,12,0
1404b,3973,1037,13,0
5210b,3973,1038,14,0
4124b,3973,1039,15,0
7541b,3973,1042,16,0
3608b,3973,1044,17,0
3609b,3973,1045,18,0
5801b,3973,1047,19,0
3788b,3973,1049,20,0
3825b,3973,1057,21,0
2247b,3973,1057,22,0
3826b,3973,1061,23,0
7572b,3973,1065,24,1
7572b,12776,1120,1,0
5661b,12776,1122,2,0
3542b,12776,1123,3,0
3540b,12776,1127,4,0
5802b,12776,1131,5,0
317b,12776,1133,6,0
1364b,12776,1134,7,0
7542b,12776,1136,8,0
5560b,12776,1141,9,0
5211b,12776,1141,10,0
567b,12776,1142,11,0
3348b,12776,1143,12,0
186b,12776,1144,13,0
1276b,12776,1145,14,0
1513b,12776,1146,15,0
1146b,12776,1147,16,0
1451b,12776,1148,17,0
6835b,12776,1151,18,0
6837b,12776,1152,19,0
6466b,12776,1154,20,0
6463b,12776,1156,21,0
5956b,12776,1157,22,0
6685b,12776,1159,23,0
3007b,12776,1161,24,1
7572b,24802,945,1,0
5661b,24802,949,2,0
3542b,24802,950,3,0
3540b,24802,954,4,0
5802b,24802,957,5,0
317b,24802,959,6,0
1364b,24802,960,7,0
7542b,24802,962,8,0
5560b,24802,968,9,0
5211b,24802,968,10,0
567b,24802,969,11,0
3348b,24802,969,12,0
186b,24802,970,13,0
1276b,24802,971,14,0
1513b,24802,972,15,0
1146b,24802,973,16,0
1451b,24802,974,17,0
6835b,24802,978,18,0
6837b,24802,979,19,0
6466b,24802,982,20,0
6463b,24802,984,21,0
5956b,24802,985,22,0
6685b,24802,987,23,0
3007b,24802,989,24,1
7572b,22248,1190,1,0
5661b,22248,1193,2,0
3542b,22248,1194,3,0
3540b,22248,1198,4,0
5802b,22248,1201,5,0
317b,22248,1203,6,0
1364b,22248,1204,7,0
7542b,22248,1205,8,0
5560b,22248,1210,9,0
5211b,22248,1210,10,0
567b,22248,1211,11,0
3348b,22248,1212,12,0
186b,22248,1213,13,0
1276b,22248,1214,14,0
1513b,22248,1215,15,0
1146b,22248,1216,16,0
1451b,22248,1217,17,0
6835b,22248,1220,18,0
6837b,22248,1221,19,0
6466b,22248,1223,20,0
6463b,22248,1225,21,0
5956b,22248,1227,22,0
6685b,22248,1229,23,0
3007b,22248,1231,24,1
3007b,12896,945,1,0
5955b,12896,946,2,0
6464b,12896,948,3,0
6465b,12896,950,4,0
6838b,12896,951,5,0
6836b,12896,952,6,0
387b,12896,956,7,0
38b,12896,957,8,0
445b,12896,959,9,0
801b,12896,960,10,0
1164b,12896,960,11,0
3329b,12896,962,12,0
1404b,12896,963,13,0
5210b,12896,964,14,0
4124b,12896,965,15,0
7541b,12896,968,16,0
3608b,12896,969,17,0
3609b,12896,970,18,0
5801b,12896,972,19,0
3788b,12896,973,20,0
3825b,12896,979,21,0
2247b,12896,979,22,0
3826b,12896,982,23,0
7572b,12896,985,24,1
3007b,12897,510,1,0
5955b,12897,511,2,0
6464b,12897,514,3,0
6465b,12897,517,4,0
6838b,12897,518,5,0
6836b,12897,520,6,0
387b,12897,525,7,0
38b,12897,526,8,0
445b,12897,528,9,0
801b,12897,529,10,0
1164b,12897,529,11,0
3329b,12897,531,12,0
1404b,12897,532,13,0
5210b,12897,533,14,0
4124b,12897,534,15,0
7541b,12897,537,16,0
3608b,12897,539,17,0
3609b,12897,540,18,0
5801b,12897,542,19,0
3788b,12897,544,20,0
3825b,12897,552,21,0
2247b,12897,552,22,0
3826b,12897,556,23,0
7572b,12897,560,24,1
3007b,10201,1090,1,0
5955b,10201,1091,2,0
6464b,10201,1092,3,0
6465b,10201,1094,4,0
6838b,10201,1095,5,0
6836b,10201,1096,6,0
387b,10201,1100,7,0
38b,10201,1101,8,0
445b,10201,1102,9,0
801b,10201,1103,10,0
1164b,10201,1103,11,0
3329b,10201,1105,12,0
1404b,10201,1106,13,0
5210b,10201,1107,14,0
4124b,10201,1108,15,0
7541b,10201,1111,16,0
3608b,10201,1113,17,0
3609b,10201,1114,18,0
5801b,10201,1116,19,0
3788b,10201,1117,20,0
3825b,10201,1124,21,0
2247b,10201,1124,22,0
3826b,10201,1128,23,0
7572b,10201,1131,24,1
3007b,22148,715,1,0
5955b,22148,716,2,0
6464b,22148,719,3,0
6465b,22148,721,4,0
6838b,22148,722,5,0
6836b,22148,723,6,0
387b,22148,727,7,0
38b,22148,728,8,0
445b,22148,730,9,0
801b,22148,731,10,0
1164b,22148,731,11,0
3329b,22148,733,12,0
1404b,22148,734,13,0
5210b,22148,735,14,0
4124b,22148,736,15,0
7541b,22148,739,16,0
3608b,22148,740,17,0
3609b,22148,741,18,0
5801b,22148,743,19,0
3788b,22148,744,20,0
3825b,22148,752,21,0
2247b,22148,752,22,0
3826b,22148,756,23,0
7572b,22148,759,24,1
7572b,1505,445,1,0
5661b,1505,449,2,0
3542b,1505,450,3,0
3540b,1505,454,4,0
5802b,1505,457,5,0
317b,1505,459,6,0
1364b,1505,461,7,0
7542b,1505,463,8,0
5560b,1505,469,9,0
5211b,1505,469,10,0
567b,1505,470,11,0
3348b,1505,471,12,0
186b,1505,472,13,0
1276b,1505,473,14,0
1513b,1505,474,15,0
1146b,1505,475,16,0
1451b,1505,476,17,0
6835b,1505,479,18,0
6837b,1505,480,19,0
6466b,1505,482,20,0
6463b,1505,485,21,0
5956b,1505,487,22,0
6685b,1505,490,23,0
3007b,1505,492,24,1
3007b,1512,795,1,0
5955b,1512,796,2,0
6464b,1512,799,3,0
6465b,1512,801,4,0
6838b,1512,802,5,0
6836b,1512,803,6,0
387b,1512,807,7,0
38b,1512,808,8,0
445b,1512,810,9,0
801b,1512,811,10,0
1164b,1512,811,11,0
3329b,1512,813,12,0
1404b,1512,814,13,0
5210b,1512,815,14,0
4124b,1512,816,15,0
7541b,1512,819,16,0
3608b,1512,820,17,0
3609b,1512,821,18,0
5801b,1512,823,19,0
3788b,1512,824,20,0
3825b,1512,832,21,0
2247b,1512,832,22,0
3826b,1512,836,23,0
7572b,1512,839,24,1
7572b,1538,585,1,0
5661b,1538,588,2,0
3542b,1538,589,3,0
3540b,1538,593,4,0
5802b,1538,596,5,0
317b,1538,598,6,0
1364b,1538,600,7,0
7542b,1538,602,8,0
5560b,1538,608,9,0
5211b,1538,608,10,0
567b,1538,609,11,0
3348b,1538,610,12,0
186b,1538,611,13,0
1276b,1538,612,14,0
1513b,1538,613,15,0
1146b,1538,614,16,0
1451b,1538,615,17,0
6835b,1538,618,18,0
6837b,1538,620,19,0
6466b,1538,622,20,0
6463b,1538,624,21,0
5956b,1538,626,22,0
6685b,1538,628,23,0
3007b,1538,630,24,1
3007b,1571,1180,1,0
5955b,1571,1181,2,0
6464b,1571,1182,3,0
6465b,1571,1184,4,0
6838b,1571,1185,5,0
6836b,1571,1186,6,0
387b,1571,1190,7,0
38b,1571,1191,8,0
445b,1571,1192,9,0
801b,1571,1193,10,0
1164b,1571,1193,11,0
3329b,1571,1195,12,0
1404b,1571,1196,13,0
5210b,1571,1197,14,0
4124b,1571,1198,15,0
7541b,1571,1201,16,0
3608b,1571,1203,17,0
3609b,1571,1204,18,0
5801b,1571,1206,19,0
3788b,1571,1207,20,0
3825b,1571,1213,21,0
2247b,1571,1213,22,0
3826b,1571,1216,23,0
7572b,1571,1219,24,1
7572b,12947,648,1,0
5661b,12947,651,2,0
3542b,12947,652,3,0
3540b,12947,656,4,0
5802b,12947,659,5,0
317b,12947,661,6,0
1364b,12947,663,7,0
7542b,12947,665,8,0
5560b,12947,671,9,0
5211b,12947,671,10,0
567b,12947,672,11,0
3348b,12947,673,12,0
186b,12947,674,13,0
1276b,12947,675,14,0
1513b,12947,676,15,0
1146b,12947,677,16,0
1451b,12947,678,17,0
6835b,12947,681,18,0
6837b,12947,683,19,0
6466b,12947,685,20,0
6463b,12947,687,21,0
5956b,12947,689,22,0
6685b,12947,691,23,0
3007b,12947,693,24,1
3007b,12989,1080,1,0
5955b,12989,1081,2,0
6464b,12989,1082,3,0
6465b,12989,1084,4,0
6838b,12989,1085,5,0
6836b,12989,1086,6,0
387b,12989,1090,7,0
38b,12989,1091,8,0
445b,12989,1093,9,0
801b,12989,1094,10,0
1164b,12989,1094,11,0
3329b,12989,1096,12,0
1404b,12989,1097,13,0
5210b,12989,1098,14,0
4124b,12989,1099,15,0
7541b,12989,1102,16,0
3608b,12989,1103,17,0
3609b,12989,1104,18,0
5801b,12989,1106,19,0
3788b,12989,1107,20,0
3825b,12989,1113,21,0
2247b,12989,1113,22,0
3826b,12989,1116,23,0
7572b,12989,1119,24,1
7572b,10299,1210,1,0
5661b,10299,1212,2,0
3542b,10299,1213,3,0
3540b,10299,1216,4,0
5802b,10299,1219,5,0
317b,10299,1220,6,0
1364b,10299,1221,7,0
7542b,10299,1223,8,0
5560b,10299,1227,9,0
5211b,10299,1227,10,0
567b,10299,1228,11,0
3348b,10299,1228,12,0
186b,10299,1229,13,0
1276b,10299,1230,14,0
1513b,10299,1231,15,0
1146b,10299,1231,16,0
1451b,10299,1232,17,0
6835b,10299,1235,18,0
6837b,10299,1236,19,0
6466b,10299,1238,20,0
6463b,10299,1240,21,0
5956b,10299,1241,22,0
6685b,10299,1243,23,0
3007b,10299,1245,24,1
7572b,1665,765,1,0
5661b,1665,767,2,0
3542b,1665,768,3,0
3540b,1665,772,4,0
5802b,1665,776,5,0
317b,1665,778,6,0
1364b,1665,779,7,0
7542b,1665,781,8,0
5560b,1665,786,9,0
5211b,1665,786,10,0
567b,1665,787,11,0
3348b,1665,787,12,0
186b,1665,788,13,0
1276b,1665,789,14,0
1513b,1665,790,15,0
1146b,1665,790,16,0
1451b,1665,791,17,0
6835b,1665,794,18,0
6837b,1665,795,19,0
6466b,1665,797,20,0
6463b,1665,799,21,0
5956b,1665,800,22,0
6685b,1665,802,23,0
3007b,1665,804,24,1
3007b,10412,915,1,0
5955b,10412,916,2,0
6464b,10412,919,3,0
6465b,10412,921,4,0
6838b,10412,922,5,0
6836b,10412,923,6,0
387b,10412,927,7,0
38b,10412,928,8,0
445b,10412,930,9,0
801b,10412,931,10,0
1164b,10412,931,11,0
3329b,10412,933,12,0
1404b,10412,934,13,0
5210b,10412,935,14,0
4124b,10412,936,15,0
7541b,10412,939,16,0
3608b,10412,941,17,0
3609b,10412,942,18,0
5801b,10412,944,19,0
3788b,10412,945,20,0
3825b,10412,953,21,0
2247b,10412,953,22,0
3826b,10412,957,23,0
7572b,10412,960,24,1
7572b,10507,885,1,0
5661b,10507,889,2,0
3542b,10507,890,3,0
3540b,10507,894,4,0
5802b,10507,897,5,0
317b,10507,899,6,0
1364b,10507,900,7,0
7542b,10507,902,8,0
5560b,10507,908,9,0
5211b,10507,908,10,0
567b,10507,909,11,0
3348b,10507,909,12,0
186b,10507,910,13,0
1276b,10507,911,14,0
1513b,10507,912,15,0
1146b,10507,913,16,0
1451b,10507,914,17,0
6835b,10507,918,18,0
6837b,10507,919,19,0
6466b,10507,922,20,0
6463b,10507,924,21,0
5956b,10507,925,22,0
6685b,10507,927,23,0
3007b,10507,929,24,1
3007b,10651,1035,1,0
5955b,10651,1036,2,0
6464b,10651,1039,3,0
6465b,10651,1042,4,0
6838b,10651,1043,5,0
6836b,10651,1045,6,0
387b,10651,1050,7,0
38b,10651,1051,8,0
445b,10651,1053,9,0
801b,10651,1054,10,0
1164b,10651,1054,11,0
3329b,10651,1056,12,0
1404b,10651,1057,13,0
5210b,10651,1058,14,0
4124b,10651,1059,15,0
7541b,10651,1062,16,0
3608b,10651,1064,17,0
3609b,10651,1065,18,0
5801b,10651,1067,19,0
3788b,10651,1069,20,0
3825b,10651,1077,21,0
2247b,10651,1077,22,0
3826b,10651,1081,23,0
7572b,10651,1085,24,1
7572b,10673,669,1,0
5661b,10673,672,2,0
3542b,10673,673,3,0
3540b,10673,677,4,0
5802b,10673,680,5,0
317b,10673,682,6,0
1364b,10673,684,7,0
7542b,10673,686,8,0
5560b,10673,692,9,0
5211b,10673,692,10,0
567b,10673,693,11,0
3348b,10673,694,12,0
186b,10673,695,13,0
1276b,10673,696,14,0
1513b,10673,697,15,0
1146b,10673,698,16,0
1451b,10673,699,17,0
6835b,10673,702,18,0
6837b,10673,704,19,0
6466b,10673,706,20,0
6463b,10673,708,21,0
5956b,10673,710,22,0
6685b,10673,712,23,0
3007b,10673,714,24,1
3007b,1977,955,1,0
5955b,1977,956,2,0
6464b,1977,959,3,0
6465b,1977,961,4,0
6838b,1977,962,5,0
6836b,1977,964,6,0
387b,1977,969,7,0
38b,1977,970,8,0
445b,1977,972,9,0
801b,1977,973,10,0
1164b,1977,973,11,0
3329b,1977,975,12,0
1404b,1977,976,13,0
5210b,1977,977,14,0
4124b,1977,978,15,0
7541b,1977,981,16,0
3608b,1977,983,17,0
3609b,1977,984,18,0
5801b,1977,986,19,0
3788b,1977,988,20,0
3825b,1977,996,21,0
2247b,1977,996,22,0
3826b,1977,1000,23,0
7572b,1977,1004,24,1
7572b,10770,627,1,0
5661b,10770,630,2,0
3542b,10770,631,3,0
3540b,10770,635,4,0
5802b,10770,638,5,0
317b,10770,640,6,0
1364b,10770,642,7,0
7542b,10770,644,8,0
5560b,10770,650,9,0
5211b,10770,650,10,0
567b,10770,651,11,0
3348b,10770,652,12,0
186b,10770,653,13,0
1276b,10770,654,14,0
1513b,10770,655,15,0
1146b,10770,656,16,0
1451b,10770,657,17,0
6835b,10770,660,18,0
6837b,10770,662,19,0
6466b,10770,664,20,0
6463b,10770,666,21,0
5956b,10770,668,22,0
6685b,10770,670,23,0
3007b,10770,672,24,1
3007b,10739,1195,1,0
5955b,10739,1196,2,0
6464b,10739,1198,3,0
6465b,10739,1200,4,0
6838b,10739,1201,5,0
6836b,10739,1202,6,0
387b,10739,1206,7,0
38b,10739,1207,8,0
445b,10739,1208,9,0
801b,10739,1209,10,0
1164b,10739,1209,11,0
3329b,10739,1210,12,0
1404b,10739,1211,13,0
5210b,10739,1212,14,0
4124b,10739,1213,15,0
7541b,10739,1216,16,0
3608b,10739,1217,17,0
3609b,10739,1218,18,0
5801b,10739,1220,19,0
3788b,10739,1221,20,0
3825b,10739,1228,21,0
2247b,10739,1228,22,0
3826b,10739,1232,23,0
7572b,10739,1235,24,1
3007b,19235,450,1,0
5955b,19235,451,2,0
6464b,19235,452,3,0
6465b,19235,454,4,0
6838b,19235,455,5,0
6836b,19235,456,6,0
387b,19235,460,7,0
38b,19235,461,8,0
445b,19235,462,9,0
801b,19235,463,10,0
1164b,19235,463,11,0
3329b,19235,465,12,0
1404b,19235,466,13,0
5210b,19235,467,14,0
4124b,19235,468,15,0
7541b,19235,471,16,0
3608b,19235,472,17,0
3609b,19235,473,18,0
5801b,19235,475,19,0
3788b,19235,476,20,0
3825b,19235,483,21,0
2247b,19235,483,22,0
3826b,19235,486,23,0
7572b,19235,489,24,1
3007b,19264,673,1,0
5955b,19264,674,2,0
6464b,19264,677,3,0
6465b,19264,679,4,0
6838b,19264,680,5,0
6836b,19264,681,6,0
387b,19264,685,7,0
38b,19264,686,8,0
445b,19264,688,9,0
801b,19264,689,10,0
1164b,19264,689,11,0
3329b,19264,691,12,0
1404b,19264,692,13,0
5210b,19264,693,14,0
4124b,19264,694,15,0
7541b,19264,697,16,0
3608b,19264,698,17,0
3609b,19264,699,18,0
5801b,19264,701,19,0
3788b,19264,702,20,0
3825b,19264,710,21,0
2247b,19264,710,22,0
3826b,19264,714,23,0
7572b,19264,717,24,1
3007b,20241,695,1,0
5955b,20241,696,2,0
6464b,20241,698,3,0
6465b,20241,700,4,0
6838b,20241,701,5,0
6836b,20241,702,6,0
387b,20241,706,7,0
38b,20241,707,8,0
445b,20241,708,9,0
801b,20241,709,10,0
1164b,20241,709,11,0
3329b,20241,711,12,0
1404b,20241,712,13,0
5210b,20241,713,14,0
4124b,20241,714,15,0
7541b,20241,717,16,0
3608b,20241,719,17,0
3609b,20241,720,18,0
5801b,20241,722,19,0
3788b,20241,723,20,0
3825b,20241,730,21,0
2247b,20241,730,22,0
3826b,20241,734,23,0
7572b,20241,737,24,1
7572b,22951,565,1,0
5661b,22951,569,2,0
3542b,22951,570,3,0
3540b,22951,574,4,0
5802b,22951,577,5,0
317b,22951,579,6,0
1364b,22951,581,7,0
7542b,22951,583,8,0
5560b,22951,589,9,0
5211b,22951,589,10,0
567b,22951,590,11,0
3348b,22951,591,12,0
186b,22951,592,13,0
1276b,22951,593,14,0
1513b,22951,594,15,0
1146b,22951,595,16,0
1451b,22951,596,17,0
6835b,22951,601,18,0
6837b,22951,604,19,0
6466b,22951,607,20,0
6463b,22951,609,21,0
5956b,22951,611,22,0
6685b,22951,613,23,0
3007b,22951,615,24,1
7572b,10938,795,1,0
5661b,10938,799,2,0
3542b,10938,800,3,0
3540b,10938,804,4,0
5802b,10938,807,5,0
317b,10938,809,6,0
1364b,10938,810,7,0
7542b,10938,812,8,0
5560b,10938,818,9,0
5211b,10938,818,10,0
567b,10938,819,11,0
3348b,10938,819,12,0
186b,10938,820,13,0
1276b,10938,821,14,0
1513b,10938,822,15,0
1146b,10938,823,16,0
1451b,10938,824,17,0
6835b,10938,827,18,0
6837b,10938,829,19,0
6466b,10938,831,20,0
6463b,10938,833,21,0
5956b,10938,834,22,0
6685b,10938,836,23,0
3007b,10938,838,24,1
7572b,19476,630,1,0
5661b,19476,632,2,0
3542b,19476,633,3,0
3540b,19476,637,4,0
5802b,19476,641,5,0
317b,19476,643,6,0
1364b,19476,644,7,0
7542b,19476,646,8,0
5560b,19476,651,9,0
5211b,19476,651,10,0
567b,19476,652,11,0
3348b,19476,652,12,0
186b,19476,653,13,0
1276b,19476,654,14,0
1513b,19476,655,15,0
1146b,19476,655,16,0
1451b,19476,656,17,0
6835b,19476,659,18,0
6837b,19476,660,19,0
6466b,19476,662,20,0
6463b,19476,664,21,0
5956b,19476,665,22,0
6685b,19476,667,23,0
3007b,19476,669,24,1
7572b,20432,1110,1,0
5661b,20432,1114,2,0
3542b,20432,1115,3,0
3540b,20432,1119,4,0
5802b,20432,1122,5,0
317b,20432,1125,6,0
1364b,20432,1126,7,0
7542b,20432,1128,8,0
5560b,20432,1135,9,0
5211b,20432,1135,10,0
567b,20432,1136,11,0
3348b,20432,1137,12,0
186b,20432,1138,13,0
1276b,20432,1139,14,0
1513b,20432,1140,15,0
1146b,20432,1141,16,0
1451b,20432,1142,17,0
6835b,20432,1146,18,0
6837b,20432,1148,19,0
6466b,20432,1151,20,0
6463b,20432,1153,21,0
5956b,20432,1155,22,0
6685b,20432,1157,23,0
3007b,20432,1159,24,1
3007b,20495,755,1,0
5955b,20495,756,2,0
6464b,20495,758,3,0
6465b,20495,760,4,0
6838b,20495,761,5,0
6836b,20495,762,6,0
387b,20495,766,7,0
38b,20495,767,8,0
445b,20495,768,9,0
801b,20495,769,10,0
1164b,20495,769,11,0
3329b,20495,771,12,0
1404b,20495,772,13,0
5210b,20495,773,14,0
4124b,20495,774,15,0
7541b,20495,777,16,0
3608b,20495,779,17,0
3609b,20495,780,18,0
5801b,20495,782,19,0
3788b,20495,783,20,0
3825b,20495,790,21,0
2247b,20495,790,22,0
3826b,20495,794,23,0
7572b,20495,797,24,1
7572b,20478,495,1,0
5661b,20478,498,2,0
3542b,20478,499,3,0
3540b,20478,503,4,0
5802b,20478,506,5,0
317b,20478,508,6,0
1364b,20478,509,7,0
7542b,20478,511,8,0
5560b,20478,517,9,0
5211b,20478,517,10,0
567b,20478,517,11,0
3348b,20478,518,12,0
186b,20478,519,13,0
1276b,20478,519,14,0
1513b,20478,520,15,0
1146b,20478,521,16,0
1451b,20478,522,17,0
6835b,20478,525,18,0
6837b,20478,527,19,0
6466b,20478,529,20,0
6463b,20478,531,21,0
5956b,20478,532,22,0
6685b,20478,534,23,0
3007b,20478,536,24,1
7572b,20582,720,1,0
5661b,20582,722,2,0
3542b,20582,723,3,0
3540b,20582,727,4,0
5802b,20582,731,5,0
317b,20582,733,6,0
1364b,20582,734,7,0
7542b,20582,736,8,0
5560b,20582,741,9,0
5211b,20582,741,10,0
567b,20582,742,11,0
3348b,20582,742,12,0
186b,20582,743,13,0
1276b,20582,744,14,0
1513b,20582,745,15,0
1146b,20582,745,16,0
1451b,20582,746,17,0
6835b,20582,749,18,0
6837b,20582,750,19,0
6466b,20582,752,20,0
6463b,20582,754,21,0
5956b,20582,755,22,0
6685b,20582,757,23,0
3007b,20582,759,24,1
3007b,20699,590,1,0
5955b,20699,591,2,0
6464b,20699,594,3,0
6465b,20699,596,4,0
6838b,20699,597,5,0
6836b,20699,598,6,0
387b,20699,602,7,0
38b,20699,603,8,0
445b,20699,605,9,0
801b,20699,606,10,0
1164b,20699,606,11,0
3329b,20699,608,12,0
1404b,20699,609,13,0
5210b,20699,610,14,0
4124b,20699,611,15,0
7541b,20699,614,16,0
3608b,20699,616,17,0
3609b,20699,617,18,0
5801b,20699,619,19,0
3788b,20699,620,20,0
3825b,20699,628,21,0
2247b,20699,628,22,0
3826b,20699,632,23,0
7572b,20699,636,24,1
3007b,17131,855,1,0
5955b,17131,856,2,0
6464b,17131,857,3,0
6465b,17131,859,4,0
6838b,17131,860,5,0
6836b,17131,861,6,0
387b,17131,865,7,0
38b,17131,866,8,0
445b,17131,868,9,0
801b,17131,869,10,0
1164b,17131,869,11,0
3329b,17131,871,12,0
1404b,17131,872,13,0
5210b,17131,873,14,0
4124b,17131,874,15,0
7541b,17131,877,16,0
3608b,17131,878,17,0
3609b,17131,879,18,0
5801b,17131,881,19,0
3788b,17131,882,20,0
3825b,17131,888,21,0
2247b,17131,888,22,0
3826b,17131,891,23,0
7572b,17131,894,24,1
7572b,20756,1065,1,0
5661b,20756,1069,2,0
3542b,20756,1070,3,0
3540b,20756,1074,4,0
5802b,20756,1077,5,0
317b,20756,1079,6,0
1364b,20756,1080,7,0
7542b,20756,1082,8,0
5560b,20756,1088,9,0
5211b,20756,1088,10,0
567b,20756,1089,11,0
3348b,20756,1089,12,0
186b,20756,1090,13,0
1276b,20756,1091,14,0
1513b,20756,1092,15,0
1146b,20756,1093,16,0
1451b,20756,1094,17,0
6835b,20756,1098,18,0
6837b,20756,1099,19,0
6466b,20756,1102,20,0
6463b,20756,1104,21,0
5956b,20756,1105,22,0
6685b,20756,1107,23,0
3007b,20756,1109,24,1
3007b,8484,875,1,0
5955b,8484,876,2,0
6464b,8484,878,3,0
6465b,8484,880,4,0
6838b,8484,881,5,0
6836b,8484,882,6,0
387b,8484,886,7,0
38b,8484,887,8,0
445b,8484,888,9,0
801b,8484,889,10,0
1164b,8484,889,11,0
3329b,8484,891,12,0
1404b,8484,892,13,0
5210b,8484,893,14,0
4124b,8484,894,15,0
7541b,8484,897,16,0
3608b,8484,899,17,0
3609b,8484,900,18,0
5801b,8484,902,19,0
3788b,8484,903,20,0
3825b,8484,910,21,0
2247b,8484,910,22,0
3826b,8484,914,23,0
7572b,8484,917,24,1
7572b,17282,765,1,0
5661b,17282,769,2,0
3542b,17282,770,3,0
3540b,17282,774,4,0
5802b,17282,777,5,0
317b,17282,779,6,0
1364b,17282,780,7,0
7542b,17282,782,8,0
5560b,17282,788,9,0
5211b,17282,788,10,0
567b,17282,789,11,0
3348b,17282,789,12,0
186b,17282,790,13,0
1276b,17282,791,14,0
1513b,17282,792,15,0
1146b,17282,793,16,0
1451b,17282,794,17,0
6835b,17282,797,18,0
6837b,17282,799,19,0
6466b,17282,801,20,0
6463b,17282,803,21,0
5956b,17282,804,22,0
6685b,17282,806,23,0
3007b,17282,808,24,1
7572b,19859,606,1,0
5661b,19859,609,2,0
3542b,19859,610,3,0
3540b,19859,614,4,0
5802b,19859,617,5,0
317b,19859,619,6,0
1364b,19859,621,7,0
7542b,19859,623,8,0
5560b,19859,629,9,0
5211b,19859,629,10,0
567b,19859,630,11,0
3348b,19859,631,12,0
186b,19859,632,13,0
1276b,19859,633,14,0
1513b,19859,634,15,0
1146b,19859,635,16,0
1451b,19859,636,17,0
6835b,19859,639,18,0
6837b,19859,641,19,0
6466b,19859,643,20,0
6463b,19859,645,21,0
5956b,19859,647,22,0
6685b,19859,649,23,0
3007b,19859,651,24,1
3007b,19812,1215,1,0
5955b,19812,1216,2,0
6464b,19812,1218,3,0
6465b,19812,1220,4,0
6838b,19812,1221,5,0
6836b,19812,1222,6,0
387b,19812,1226,7,0
38b,19812,1227,8,0
445b,19812,1228,9,0
801b,19812,1229,10,0
1164b,19812,1229,11,0
3329b,19812,1230,12,0
1404b,19812,1231,13,0
5210b,19812,1232,14,0
4124b,19812,1233,15,0
7541b,19812,1236,16,0
3608b,19812,1237,17,0
3609b,19812,1238,18,0
5801b,19812,1240,19,0
3788b,19812,1241,20,0
3825b,19812,1247,21,0
2247b,19812,1247,22,0
3826b,19812,1251,23,0
7572b,19812,1254,24,1
7572b,19983,690,1,0
5661b,19983,693,2,0
3542b,19983,694,3,0
3540b,19983,698,4,0
5802b,19983,701,5,0
317b,19983,703,6,0
1364b,19983,704,7,0
7542b,19983,706,8,0
5560b,19983,711,9,0
5211b,19983,711,10,0
567b,19983,712,11,0
3348b,19983,713,12,0
186b,19983,714,13,0
1276b,19983,715,14,0
1513b,19983,716,15,0
1146b,19983,717,16,0
1451b,19983,718,17,0
6835b,19983,721,18,0
6837b,19983,723,19,0
6466b,19983,725,20,0
6463b,19983,727,21,0
5956b,19983,729,22,0
6685b,19983,731,23,0
3007b,19983,733,24,1
7572b,17334,790,1,0
5661b,17334,793,2,0
3542b,17334,794,3,0
3540b,17334,798,4,0
5802b,17334,801,5,0
317b,17334,803,6,0
1364b,17334,804,7,0
7542b,17334,806,8,0
5560b,17334,811,9,0
5211b,17334,811,10,0
567b,17334,812,11,0
3348b,17334,813,12,0
186b,17334,814,13,0
1276b,17334,815,14,0
1513b,17334,816,15,0
1146b,17334,817,16,0
1451b,17334,818,17,0
6835b,17334,821,18,0
6837b,17334,823,19,0
6466b,17334,825,20,0
6463b,17334,827,21,0
5956b,17334,829,22,0
6685b,17334,831,23,0
3007b,17334,833,24,1
7572b,20905,1185,1,0
5661b,20905,1188,2,0
3542b,20905,1189,3,0
3540b,20905,1193,4,0
5802b,20905,1196,5,0
317b,20905,1197,6,0
1364b,20905,1198,7,0
7542b,20905,1200,8,0
5560b,20905,1204,9,0
5211b,20905,1204,10,0
567b,20905,1205,11,0
3348b,20905,1205,12,0
186b,20905,1206,13,0
1276b,20905,1207,14,0
1513b,20905,1208,15,0
1146b,20905,1209,16,0
1451b,20905,1210,17,0
6835b,20905,1214,18,0
6837b,20905,1215,19,0
6466b,20905,1218,20,0
6463b,20905,1220,21,0
5956b,20905,1221,22,0
6685b,20905,1223,23,0
3007b,20905,1225,24,1
7572b,20922,555,1,0
5661b,20922,558,2,0
3542b,20922,559,3,0
3540b,20922,563,4,0
5802b,20922,566,5,0
317b,20922,568,6,0
1364b,20922,569,7,0
7542b,20922,571,8,0
5560b,20922,577,9,0
5211b,20922,577,10,0
567b,20922,578,11,0
3348b,20922,578,12,0
186b,20922,579,13,0
1276b,20922,580,14,0
1513b,20922,581,15,0
1146b,20922,582,16,0
1451b,20922,583,17,0
6835b,20922,586,18,0
6837b,20922,588,19,0
6466b,20922,590,20,0
6463b,20922,592,21,0
5956b,20922,593,22,0
6685b,20922,595,23,0
3007b,20922,597,24,1
7572b,8728,1030,1,0
5661b,8728,1035,2,0
3542b,8728,1036,3,0
3540b,8728,1040,4,0
5802b,8728,1043,5,0
317b,8728,1046,6,0
1364b,8728,1047,7,0
7542b,8728,1049,8,0
5560b,8728,1056,9,0
5211b,8728,1056,10,0
567b,8728,1057,11,0
3348b,8728,1059,12,0
186b,8728,1060,13,0
1276b,8728,1061,14,0
1513b,8728,1063,15,0
1146b,8728,1065,16,0
1451b,8728,1067,17,0
6835b,8728,1071,18,0
6837b,8728,1073,19,0
6466b,8728,1076,20,0
6463b,8728,1079,21,0
5956b,8728,1081,22,0
6685b,8728,1084,23,0
3007b,8728,1086,24,1
3007b,8742,1210,1,0
5955b,8742,1211,2,0
6464b,8742,1212,3,0
6465b,8742,1214,4,0
6838b,8742,1215,5,0
6836b,8742,1216,6,0
387b,8742,1220,7,0
38b,8742,1221,8,0
445b,8742,1222,9,0
801b,8742,1223,10,0
1164b,8742,1223,11,0
3329b,8742,1224,12,0
1404b,8742,1225,13,0
5210b,8742,1226,14,0
4124b,8742,1227,15,0
7541b,8742,1230,16,0
3608b,8742,1231,17,0
3609b,8742,1232,18,0
5801b,8742,1234,19,0
3788b,8742,1235,20,0
3825b,8742,1241,21,0
2247b,8742,1241,22,0
3826b,8742,1244,23,0
7572b,8742,1247,24,1
3007b,8807,350,1,0
5955b,8807,351,2,0
6464b,8807,352,3,0
6465b,8807,354,4,0
6838b,8807,355,5,0
6836b,8807,356,6,0
387b,8807,359,7,0
38b,8807,360,8,0
445b,8807,361,9,0
801b,8807,362,10,0
1164b,8807,362,11,0
3329b,8807,363,12,0
1404b,8807,364,13,0
5210b,8807,365,14,0
4124b,8807,366,15,0
7541b,8807,369,16,0
3608b,8807,370,17,0
3609b,8807,371,18,0
5801b,8807,373,19,0
3788b,8807,374,20,0
3825b,8807,379,21,0
2247b,8807,379,22,0
3826b,8807,383,23,0
7572b,8807,386,24,1
3007b,8886,540,1,0
5955b,8886,541,2,0
6464b,8886,543,3,0
6465b,8886,545,4,0
6838b,8886,546,5,0
6836b,8886,547,6,0
387b,8886,551,7,0
38b,8886,552,8,0
445b,8886,553,9,0
801b,8886,554,10,0
1164b,8886,554,11,0
3329b,8886,556,12,0
1404b,8886,557,13,0
5210b,8886,558,14,0
4124b,8886,559,15,0
7541b,8886,562,16,0
3608b,8886,564,17,0
3609b,8886,565,18,0
5801b,8886,567,19,0
3788b,8886,568,20,0
3825b,8886,575,21,0
2247b,8886,575,22,0
3826b,8886,579,23,0
7572b,8886,582,24,1
3007b,6231,390,1,0
5955b,6231,391,2,0
6464b,6231,392,3,0
6465b,6231,394,4,0
6838b,6231,395,5,0
6836b,6231,396,6,0
387b,6231,400,7,0
38b,6231,401,8,0
445b,6231,403,9,0
801b,6231,404,10,0
1164b,6231,404,11,0
3329b,6231,406,12,0
1404b,6231,407,13,0
5210b,6231,408,14,0
4124b,6231,409,15,0
7541b,6231,412,16,0
3608b,6231,413,17,0
3609b,6231,414,18,0
5801b,6231,416,19,0
3788b,6231,418,20,0
3825b,6231,426,21,0
2247b,6231,426,22,0
3826b,6231,430,23,0
7572b,6231,433,24,1
7572b,17579,405,1,0
5661b,17579,408,2,0
3542b,17579,409,3,0
3540b,17579,412,4,0
5802b,17579,415,5,0
317b,17579,417,6,0
1364b,17579,418,7,0
7542b,17579,419,8,0
5560b,17579,424,9,0
5211b,17579,424,10,0
567b,17579,425,11,0
3348b,17579,426,12,0
186b,17579,427,13,0
1276b,17579,428,14,0
1513b,17579,429,15,0
1146b,17579,430,16,0
1451b,17579,431,17,0
6835b,17579,434,18,0
6837b,17579,435,19,0
6466b,17579,437,20,0
6463b,17579,440,21,0
5956b,17579,442,22,0
6685b,17579,445,23,0
3007b,17579,447,24,1
3007b,17537,1120,1,0
5955b,17537,1121,2,0
6464b,17537,1122,3,0
6465b,17537,1124,4,0
6838b,17537,1125,5,0
6836b,17537,1126,6,0
387b,17537,1130,7,0
38b,17537,1131,8,0
445b,17537,1132,9,0
801b,17537,1133,10,0
1164b,17537,1133,11,0
3329b,17537,1135,12,0
1404b,17537,1136,13,0
5210b,17537,1137,14,0
4124b,17537,1138,15,0
7541b,17537,1141,16,0
3608b,17537,1143,17,0
3609b,17537,1144,18,0
5801b,17537,1146,19,0
3788b,17537,1147,20,0
3825b,17537,1154,21,0
2247b,17537,1154,22,0
3826b,17537,1157,23,0
7572b,17537,1160,24,1
7572b,15052,850,1,0
5661b,15052,853,2,0
3542b,15052,854,3,0
3540b,15052,858,4,0
5802b,15052,861,5,0
317b,15052,863,6,0
1364b,15052,864,7,0
7542b,15052,866,8,0
5560b,15052,871,9,0
5211b,15052,871,10,0
567b,15052,872,11,0
3348b,15052,873,12,0
186b,15052,874,13,0
1276b,15052,875,14,0
1513b,15052,876,15,0
1146b,15052,877,16,0
1451b,15052,878,17,0
6835b,15052,881,18,0
6837b,15052,883,19,0
6466b,15052,885,20,0
6463b,15052,887,21,0
5956b,15052,889,22,0
6685b,15052,891,23,0
3007b,15052,893,24,1
7572b,17697,950,1,0
5661b,17697,954,2,0
3542b,17697,955,3,0
3540b,17697,959,4,0
5802b,17697,962,5,0
317b,17697,965,6,0
1364b,17697,966,7,0
7542b,17697,968,8,0
5560b,17697,975,9,0
5211b,17697,975,10,0
567b,17697,976,11,0
3348b,17697,977,12,0
186b,17697,978,13,0
1276b,17697,979,14,0
1513b,17697,980,15,0
1146b,17697,981,16,0
1451b,17697,982,17,0
6835b,17697,986,18,0
6837b,17697,988,19,0
6466b,17697,991,20,0
6463b,17697,993,21,0
5956b,17697,995,22,0
6685b,17697,997,23,0
3007b,17697,999,24,1
3007b,15036,530,1,0
5955b,15036,531,2,0
6464b,15036,534,3,0
6465b,15036,537,4,0
6838b,15036,538,5,0
6836b,15036,540,6,0
387b,15036,545,7,0
38b,15036,546,8,0
445b,15036,548,9,0
801b,15036,549,10,0
1164b,15036,549,11,0
3329b,15036,551,12,0
1404b,15036,552,13,0
5210b,15036,553,14,0
4124b,15036,554,15,0
7541b,15036,557,16,0
3608b,15036,559,17,0
3609b,15036,560,18,0
5801b,15036,562,19,0
3788b,15036,564,20,0
3825b,15036,572,21,0
2247b,15036,572,22,0
3826b,15036,576,23,0
7572b,15036,580,24,1
7572b,6467,505,1,0
5661b,6467,509,2,0
3542b,6467,510,3,0
3540b,6467,514,4,0
5802b,6467,517,5,0
317b,6467,519,6,0
1364b,6467,521,7,0
7542b,6467,523,8,0
5560b,6467,529,9,0
5211b,6467,529,10,0
567b,6467,530,11,0
3348b,6467,531,12,0
186b,6467,532,13,0
1276b,6467,533,14,0
1513b,6467,534,15,0
1146b,6467,535,16,0
1451b,6467,536,17,0
6835b,6467,541,18,0
6837b,6467,544,19,0
6466b,6467,547,20,0
6463b,6467,549,21,0
5956b,6467,551,22,0
6685b,6467,553,23,0
3007b,6467,555,24,1
7572b,6472,1230,1,0
5661b,6472,1233,2,0
3542b,6472,1234,3,0
3540b,6472,1237,4,0
5802b,6472,1240,5,0
317b,6472,1242,6,0
1364b,6472,1243,7,0
7542b,6472,1244,8,0
5560b,6472,1249,9,0
5211b,6472,1249,10,0
567b,6472,1250,11,0
3348b,6472,1251,12,0
186b,6472,1252,13,0
1276b,6472,1253,14,0
1513b,6472,1254,15,0
1146b,6472,1255,16,0
1451b,6472,1256,17,0
6835b,6472,1259,18,0
6837b,6472,1260,19,0
6466b,6472,1262,20,0
6463b,6472,1263,21,0
5956b,6472,1264,22,0
6685b,6472,1266,23,0
3007b,6472,1268,24,1
7572b,17725,940,1,0
5661b,17725,942,2,0
3542b,17725,943,3,0
3540b,17725,947,4,0
5802b,17725,951,5,0
317b,17725,953,6,0
1364b,17725,954,7,0
7542b,17725,956,8,0
5560b,17725,961,9,0
5211b,17725,961,10,0
567b,17725,962,11,0
3348b,17725,962,12,0
186b,17725,963,13,0
1276b,17725,964,14,0
1513b,17725,965,15,0
1146b,17725,965,16,0
1451b,17725,966,17,0
6835b,17725,969,18,0
6837b,17725,970,19,0
6466b,17725,972,20,0
6463b,17725,974,21,0
5956b,17725,975,22,0
6685b,17725,977,23,0
3007b,17725,979,24,1
7572b,17748,915,1,0
5661b,17748,919,2,0
3542b,17748,920,3,0
3540b,17748,924,4,0
5802b,17748,927,5,0
317b,17748,929,6,0
1364b,17748,930,7,0
7542b,17748,932,8,0
5560b,17748,938,9,0
5211b,17748,938,10,0
567b,17748,939,11,0
3348b,17748,939,12,0
186b,17748,940,13,0
1276b,17748,941,14,0
1513b,17748,942,15,0
1146b,17748,943,16,0
1451b,17748,944,17,0
6835b,17748,948,18,0
6837b,17748,949,19,0
6466b,17748,952,20,0
6463b,17748,954,21,0
5956b,17748,955,22,0
6685b,17748,957,23,0
3007b,17748,959,24,1
7572b,15244,1170,1,0
5661b,15244,1173,2,0
3542b,15244,1174,3,0
3540b,15244,1178,4,0
5802b,15244,1181,5,0
317b,15244,1183,6,0
1364b,15244,1184,7,0
7542b,15244,1185,8,0
5560b,15244,1190,9,0
5211b,15244,1190,10,0
567b,15244,1191,11,0
3348b,15244,1192,12,0
186b,15244,1193,13,0
1276b,15244,1194,14,0
1513b,15244,1195,15,0
1146b,15244,1196,16,0
1451b,15244,1197,17,0
6835b,15244,1200,18,0
6837b,15244,1201,19,0
6466b,15244,1203,20,0
6463b,15244,1205,21,0
5956b,15244,1207,22,0
6685b,15244,1209,23,0
3007b,15244,1211,24,1
7572b,15313,1030,1,0
5661b,15313,1032,2,0
3542b,15313,1033,3,0
3540b,15313,1037,4,0
5802b,15313,1041,5,0
317b,15313,1043,6,0
1364b,15313,1044,7,0
7542b,15313,1046,8,0
5560b,15313,1051,9,0
5211b,15313,1051,10,0
567b,15313,1052,11,0
3348b,15313,1053,12,0
186b,15313,1054,13,0
1276b,15313,1055,14,0
1513b,15313,1056,15,0
1146b,15313,1057,16,0
1451b,15313,1058,17,0
6835b,15313,1061,18,0
6837b,15313,1063,19,0
6466b,15313,1065,20,0
6463b,15313,1067,21,0
5956b,15313,1068,22,0
6685b,15313,1070,23,0
3007b,15313,1072,24,1
3007b,17903,490,1,0
5955b,17903,491,2,0
6464b,17903,494,3,0
6465b,17903,497,4,0
6838b,17903,498,5,0
6836b,17903,500,6,0
387b,17903,505,7,0
38b,17903,506,8,0
445b,17903,508,9,0
801b,17903,509,10,0
1164b,17903,509,11,0
3329b,17903,511,12,0
1404b,17903,512,13,0
5210b,17903,513,14,0
4124b,17903,514,15,0
7541b,17903,517,16,0
3608b,17903,519,17,0
3609b,17903,520,18,0
5801b,17903,522,19,0
3788b,17903,524,20,0
3825b,17903,532,21,0
2247b,17903,532,22,0
3826b,17903,536,23,0
7572b,17903,540,24,1
3007b,17917,935,1,0
5955b,17917,936,2,0
6464b,17917,939,3,0
6465b,17917,941,4,0
6838b,17917,942,5,0
6836b,17917,944,6,0
387b,17917,949,7,0
38b,17917,950,8,0
445b,17917,952,9,0
801b,17917,953,10,0
1164b,17917,953,11,0
3329b,17917,955,12,0
1404b,17917,956,13,0
5210b,17917,957,14,0
4124b,17917,958,15,0
7541b,17917,961,16,0
3608b,17917,963,17,0
3609b,17917,964,18,0
5801b,17917,966,19,0
3788b,17917,968,20,0
3825b,17917,976,21,0
2247b,17917,976,22,0
3826b,17917,980,23,0
7572b,17917,984,24,1
7572b,6707,810,1,0
5661b,6707,813,2,0
3542b,6707,814,3,0
3540b,6707,818,4,0
5802b,6707,821,5,0
317b,6707,823,6,0
1364b,6707,824,7,0
7542b,6707,826,8,0
5560b,6707,831,9,0
5211b,6707,831,10,0
567b,6707,832,11,0
3348b,6707,833,12,0
186b,6707,834,13,0
1276b,6707,835,14,0
1513b,6707,836,15,0
1146b,6707,837,16,0
1451b,6707,838,17,0
6835b,6707,841,18,0
6837b,6707,843,19,0
6466b,6707,845,20,0
6463b,6707,847,21,0
5956b,6707,849,22,0
6685b,6707,851,23,0
3007b,6707,853,24,1
7572b,4191,675,1,0
5661b,4191,677,2,0
3542b,4191,678,3,0
3540b,4191,682,4,0
5802b,4191,686,5,0
317b,4191,688,6,0
1364b,4191,689,7,0
7542b,4191,691,8,0
5560b,4191,696,9,0
5211b,4191,696,10,0
567b,4191,697,11,0
3348b,4191,697,12,0
186b,4191,698,13,0
1276b,4191,699,14,0
1513b,4191,700,15,0
1146b,4191,700,16,0
1451b,4191,701,17,0
6835b,4191,704,18,0
6837b,4191,705,19,0
6466b,4191,707,20,0
6463b,4191,709,21,0
5956b,4191,710,22,0
6685b,4191,712,23,0
3007b,4191,714,24,1
3007b,15475,370,1,0
5955b,15475,371,2,0
6464b,15475,372,3,0
6465b,15475,374,4,0
6838b,15475,375,5,0
6836b,15475,376,6,0
387b,15475,379,7,0
38b,15475,380,8,0
445b,15475,381,9,0
801b,15475,382,10,0
1164b,15475,382,11,0
3329b,15475,383,12,0
1404b,15475,384,13,0
5210b,15475,385,14,0
4124b,15475,386,15,0
7541b,15475,389,16,0
3608b,15475,390,17,0
3609b,15475,391,18,0
5801b,15475,393,19,0
3788b,15475,394,20,0
3825b,15475,399,21,0
2247b,15475,399,22,0
3826b,15475,403,23,0
7572b,15475,406,24,1
7572b,6843,930,1,0
5661b,6843,934,2,0
3542b,6843,935,3,0
3540b,6843,939,4,0
5802b,6843,942,5,0
317b,6843,944,6,0
1364b,6843,945,7,0
7542b,6843,947,8,0
5560b,6843,953,9,0
5211b,6843,953,10,0
567b,6843,954,11,0
3348b,6843,955,12,0
186b,6843,956,13,0
1276b,6843,957,14,0
1513b,6843,958,15,0
1146b,6843,959,16,0
1451b,6843,960,17,0
6835b,6843,964,18,0
6837b,6843,966,19,0
6466b,6843,969,20,0
6463b,6843,971,21,0
5956b,6843,973,22,0
6685b,6843,975,23,0
3007b,6843,977,24,1
3007b,4217,815,1,0
5955b,4217,816,2,0
6464b,4217,818,3,0
6465b,4217,820,4,0
6838b,4217,821,5,0
6836b,4217,822,6,0
387b,4217,826,7,0
38b,4217,827,8,0
445b,4217,828,9,0
801b,4217,829,10,0
1164b,4217,829,11,0
3329b,4217,831,12,0
1404b,4217,832,13,0
5210b,4217,833,14,0
4124b,4217,834,15,0
7541b,4217,837,16,0
3608b,4217,839,17,0
3609b,4217,840,18,0
5801b,4217,842,19,0
3788b,4217,843,20,0
3825b,4217,850,21,0
2247b,4217,850,22,0
3826b,4217,854,23,0
7572b,4217,857,24,1
7572b,15556,1010,1,0
5661b,15556,1015,2,0
3542b,15556,1016,3,0
3540b,15556,1020,4,0
5802b,15556,1023,5,0
317b,15556,1026,6,0
1364b,15556,1027,7,0
7542b,15556,1029,8,0
5560b,15556,1036,9,0
5211b,15556,1036,10,0
567b,15556,1037,11,0
3348b,15556,1039,12,0
186b,15556,1040,13,0
1276b,15556,1041,14,0
1513b,15556,1043,15,0
1146b,15556,1045,16,0
1451b,15556,1047,17,0
6835b,15556,1051,18,0
6837b,15556,1053,19,0
6466b,15556,1056,20,0
6463b,15556,1059,21,0
5956b,15556,1061,22,0
6685b,15556,1064,23,0
3007b,15556,1066,24,1
3007b,13086,1035,1,0
5955b,13086,1036,2,0
6464b,13086,1038,3,0
6465b,13086,1040,4,0
6838b,13086,1041,5,0
6836b,13086,1042,6,0
387b,13086,1046,7,0
38b,13086,1047,8,0
445b,13086,1049,9,0
801b,13086,1050,10,0
1164b,13086,1050,11,0
3329b,13086,1052,12,0
1404b,13086,1053,13,0
5210b,13086,1054,14,0
4124b,13086,1055,15,0
7541b,13086,1058,16,0
3608b,13086,1059,17,0
3609b,13086,1060,18,0
5801b,13086,1062,19,0
3788b,13086,1063,20,0
3825b,13086,1069,21,0
2247b,13086,1069,22,0
3826b,13086,1072,23,0
7572b,13086,1075,24,1
3007b,15738,570,1,0
5955b,15738,571,2,0
6464b,15738,573,3,0
6465b,15738,575,4,0
6838b,15738,576,5,0
6836b,15738,577,6,0
387b,15738,581,7,0
38b,15738,582,8,0
445b,15738,583,9,0
801b,15738,584,10,0
1164b,15738,584,11,0
3329b,15738,586,12,0
1404b,15738,587,13,0
5210b,15738,588,14,0
4124b,15738,589,15,0
7541b,15738,592,16,0
3608b,15738,594,17,0
3609b,15738,595,18,0
5801b,15738,597,19,0
3788b,15738,598,20,0
3825b,15738,605,21,0
2247b,15738,605,22,0
3826b,15738,609,23,0
7572b,15738,612,24,1
3007b,4580,1150,1,0
5955b,4580,1151,2,0
6464b,4580,1152,3,0
6465b,4580,1154,4,0
6838b,4580,1155,5,0
6836b,4580,1156,6,0
387b,4580,1160,7,0
38b,4580,1161,8,0
445b,4580,1162,9,0
801b,4580,1163,10,0
1164b,4580,1163,11,0
3329b,4580,1165,12,0
1404b,4580,1166,13,0
5210b,4580,1167,14,0
4124b,4580,1168,15,0
7541b,4580,1171,16,0
3608b,4580,1173,17,0
3609b,4580,1174,18,0
5801b,4580,1176,19,0
3788b,4580,1177,20,0
3825b,4580,1184,21,0
2247b,4580,1184,22,0
3826b,4580,1187,23,0
7572b,4580,1190,24,1
3007b,13277,500,1,0
5955b,13277,501,2,0
6464b,13277,502,3,0
6465b,13277,504,4,0
6838b,13277,505,5,0
6836b,13277,506,6,0
387b,13277,509,7,0
38b,13277,510,8,0
445b,13277,512,9,0
801b,13277,513,10,0
1164b,13277,513,11,0
3329b,13277,515,12,0
1404b,13277,516,13,0
5210b,13277,517,14,0
4124b,13277,518,15,0
7541b,13277,521,16,0
3608b,13277,522,17,0
3609b,13277,523,18,0
5801b,13277,525,19,0
3788b,13277,526,20,0
3825b,13277,532,21,0
2247b,13277,532,22,0
3826b,13277,535,23,0
7572b,13277,537,24,1
3007b,4619,1095,1,0
5955b,4619,1096,2,0
6464b,4619,1099,3,0
6465b,4619,1102,4,0
6838b,4619,1103,5,0
6836b,4619,1105,6,0
387b,4619,1109,7,0
38b,4619,1110,8,0
445b,4619,1112,9,0
801b,4619,1113,10,0
1164b,4619,1113,11,0
3329b,4619,1115,12,0
1404b,4619,1116,13,0
5210b,4619,1117,14,0
4124b,4619,1118,15,0
7541b,4619,1121,16,0
3608b,4619,1123,17,0
3609b,4619,1124,18,0
5801b,4619,1126,19,0
3788b,4619,1128,20,0
3825b,4619,1136,21,0
2247b,4619,1136,22,0
3826b,4619,1140,23,0
7572b,4619,1144,24,1
7572b,4686,1130,1,0
5661b,4686,1134,2,0
3542b,4686,1135,3,0
3540b,4686,1139,4,0
5802b,4686,1142,5,0
317b,4686,1145,6,0
1364b,4686,1146,7,0
7542b,4686,1148,8,0
5560b,4686,1155,9,0
5211b,4686,1155,10,0
567b,4686,1156,11,0
3348b,4686,1157,12,0
186b,4686,1158,13,0
1276b,4686,1159,14,0
1513b,4686,1160,15,0
1146b,4686,1161,16,0
1451b,4686,1162,17,0
6835b,4686,1166,18,0
6837b,4686,1168,19,0
6466b,4686,1171,20,0
6463b,4686,1173,21,0
5956b,4686,1175,22,0
6685b,4686,1177,23,0
3007b,4686,1179,24,1
3007b,13342,785,1,0
5955b,13342,786,2,0
6464b,13342,788,3,0
6465b,13342,790,4,0
6838b,13342,791,5,0
6836b,13342,792,6,0
387b,13342,796,7,0
38b,13342,797,8,0
445b,13342,798,9,0
801b,13342,799,10,0
1164b,13342,799,11,0
3329b,13342,801,12,0
1404b,13342,802,13,0
5210b,13342,803,14,0
4124b,13342,804,15,0
7541b,13342,807,16,0
3608b,13342,809,17,0
3609b,13342,810,18,0
5801b,13342,812,19,0
3788b,13342,813,20,0
3825b,13342,820,21,0
2247b,13342,820,22,0
3826b,13342,824,23,0
7572b,13342,827,24,1
3007b,2153,735,1,0
5955b,2153,736,2,0
6464b,2153,739,3,0
6465b,2153,741,4,0
6838b,2153,742,5,0
6836b,2153,743,6,0
387b,2153,747,7,0
38b,2153,748,8,0
445b,2153,750,9,0
801b,2153,751,10,0
1164b,2153,751,11,0
3329b,2153,753,12,0
1404b,2153,754,13,0
5210b,2153,755,14,0
4124b,2153,756,15,0
7541b,2153,759,16,0
3608b,2153,760,17,0
3609b,2153,761,18,0
5801b,2153,763,19,0
3788b,2153,764,20,0
3825b,2153,772,21,0
2247b,2153,772,22,0
3826b,2153,776,23,0
7572b,2153,779,24,1
3007b,25490,900,1,0
5955b,25490,901,2,0
6464b,25490,903,3,0
6465b,25490,905,4,0
6838b,25490,906,5,0
6836b,25490,907,6,0
387b,25490,911,7,0
38b,25490,912,8,0
445b,25490,914,9,0
801b,25490,915,10,0
1164b,25490,915,11,0
3329b,25490,917,12,0
1404b,25490,918,13,0
5210b,25490,919,14,0
4124b,25490,920,15,0
7541b,25490,923,16,0
3608b,25490,924,17,0
3609b,25490,925,18,0
5801b,25490,927,19,0
3788b,25490,928,20,0
3825b,25490,934,21,0
2247b,25490,934,22,0
3826b,25490,937,23,0
7572b,25490,940,24,1
3007b,25494,410,1,0
5955b,25494,411,2,0
6464b,25494,412,3,0
6465b,25494,414,4,0
6838b,25494,415,5,0
6836b,25494,416,6,0
387b,25494,420,7,0
38b,25494,421,8,0
445b,25494,423,9,0
801b,25494,424,10,0
1164b,25494,424,11,0
3329b,25494,426,12,0
1404b,25494,427,13,0
5210b,25494,428,14,0
4124b,25494,429,15,0
7541b,25494,432,16,0
3608b,25494,433,17,0
3609b,25494,434,18,0
5801b,25494,436,19,0
3788b,25494,438,20,0
3825b,25494,446,21,0
2247b,25494,446,22,0
3826b,25494,450,23,0
7572b,25494,453,24,1
7572b,25546,545,1,0
5661b,25546,549,2,0
3542b,25546,550,3,0
3540b,25546,554,4,0
5802b,25546,557,5,0
317b,25546,559,6,0
1364b,25546,561,7,0
7542b,25546,563,8,0
5560b,25546,569,9,0
5211b,25546,569,10,0
567b,25546,570,11,0
3348b,25546,571,12,0
186b,25546,572,13,0
1276b,25546,573,14,0
1513b,25546,574,15,0
1146b,25546,575,16,0
1451b,25546,576,17,0
6835b,25546,581,18,0
6837b,25546,584,19,0
6466b,25546,587,20,0
6463b,25546,589,21,0
5956b,25546,591,22,0
6685b,25546,593,23,0
3007b,25546,595,24,1
7572b,13765,585,1,0
5661b,13765,588,2,0
3542b,13765,589,3,0
3540b,13765,593,4,0
5802b,13765,596,5,0
317b,13765,598,6,0
1364b,13765,599,7,0
7542b,13765,601,8,0
5560b,13765,607,9,0
5211b,13765,607,10,0
567b,13765,608,11,0
3348b,13765,608,12,0
186b,13765,609,13,0
1276b,13765,610,14,0
1513b,13765,611,15,0
1146b,13765,612,16,0
1451b,13765,613,17,0
6835b,13765,616,18,0
6837b,13765,618,19,0
6466b,13765,620,20,0
6463b,13765,622,21,0
5956b,13765,623,22,0
6685b,13765,625,23,0
3007b,13765,627,24,1
3007b,13743,1055,1,0
5955b,13743,1056,2,0
6464b,13743,1059,3,0
6465b,13743,1062,4,0
6838b,13743,1063,5,0
6836b,13743,1065,6,0
387b,13743,1070,7,0
38b,13743,1071,8,0
445b,13743,1073,9,0
801b,13743,1074,10,0
1164b,13743,1074,11,0
3329b,13743,1076,12,0
1404b,13743,1077,13,0
5210b,13743,1078,14,0
4124b,13743,1079,15,0
7541b,13743,1082,16,0
3608b,13743,1084,17,0
3609b,13743,1085,18,0
5801b,13743,1087,19,0
3788b,13743,1089,20,0
3825b,13743,1097,21,0
2247b,13743,1097,22,0
3826b,13743,1101,23,0
7572b,13743,1105,24,1
3007b,23092,815,1,0
5955b,23092,816,2,0
6464b,23092,819,3,0
6465b,23092,821,4,0
6838b,23092,822,5,0
6836b,23092,823,6,0
387b,23092,827,7,0
38b,23092,828,8,0
445b,23092,830,9,0
801b,23092,831,10,0
1164b,23092,831,11,0
3329b,23092,833,12,0
1404b,23092,834,13,0
5210b,23092,835,14,0
4124b,23092,836,15,0
7541b,23092,839,16,0
3608b,23092,840,17,0
3609b,23092,841,18,0
5801b,23092,843,19,0
3788b,23092,844,20,0
3825b,23092,852,21,0
2247b,23092,852,22,0
3826b,23092,856,23,0
7572b,23092,859,24,1
7572b,2406,985,1,0
5661b,2406,987,2,0
3542b,2406,988,3,0
3540b,2406,992,4,0
5802b,2406,996,5,0
317b,2406,998,6,0
1364b,2406,999,7,0
7542b,2406,1001,8,0
5560b,2406,1006,9,0
5211b,2406,1006,10,0
567b,2406,1007,11,0
3348b,2406,1007,12,0
186b,2406,1008,13,0
1276b,2406,1009,14,0
1513b,2406,1010,15,0
1146b,2406,1010,16,0
1451b,2406,1011,17,0
6835b,2406,1014,18,0
6837b,2406,1016,19,0
6466b,2406,1018,20,0
6463b,2406,1020,21,0
5956b,2406,1021,22,0
6685b,2406,1023,23,0
3007b,2406,1025,24,1
7572b,2425,910,1,0
5661b,2425,914,2,0
3542b,2425,915,3,0
3540b,2425,919,4,0
5802b,2425,922,5,0
317b,2425,924,6,0
1364b,2425,925,7,0
7542b,2425,927,8,0
5560b,2425,933,9,0
5211b,2425,933,10,0
567b,2425,934,11,0
3348b,2425,935,12,0
186b,2425,936,13,0
1276b,2425,937,14,0
1513b,2425,938,15,0
1146b,2425,939,16,0
1451b,2425,940,17,0
6835b,2425,943,18,0
6837b,2425,945,19,0
6466b,2425,947,20,0
6463b,2425,949,21,0
5956b,2425,951,22,0
6685b,2425,953,23,0
3007b,2425,955,24,1
3007b,25874,855,1,0
5955b,25874,856,2,0
6464b,25874,859,3,0
6465b,25874,861,4,0
6838b,25874,862,5,0
6836b,25874,863,6,0
387b,25874,867,7,0
38b,25874,868,8,0
445b,25874,870,9,0
801b,25874,871,10,0
1164b,25874,871,11,0
3329b,25874,873,12,0
1404b,25874,874,13,0
5210b,25874,875,14,0
4124b,25874,876,15,0
7541b,25874,879,16,0
3608b,25874,880,17,0
3609b,25874,881,18,0
5801b,25874,883,19,0
3788b,25874,884,20,0
3825b,25874,892,21,0
2247b,25874,892,22,0
3826b,25874,896,23,0
7572b,25874,899,24,1
7572b,13893,345,1,0
5661b,13893,348,2,0
3542b,13893,349,3,0
3540b,13893,352,4,0
5802b,13893,355,5,0
317b,13893,357,6,0
1364b,13893,358,7,0
7542b,13893,359,8,0
5560b,13893,364,9,0
5211b,13893,364,10,0
567b,13893,365,11,0
3348b,13893,366,12,0
186b,13893,367,13,0
1276b,13893,368,14,0
1513b,13893,369,15,0
1146b,13893,370,16,0
1451b,13893,371,17,0
6835b,13893,374,18,0
6837b,13893,375,19,0
6466b,13893,377,20,0
6463b,13893,378,21,0
5956b,13893,379,22,0
6685b,13893,381,23,0
3007b,13893,383,24,1
7572b,11201,1070,1,0
5661b,11201,1075,2,0
3542b,11201,1076,3,0
3540b,11201,1080,4,0
5802b,11201,1083,5,0
317b,11201,1086,6,0
1364b,11201,1087,7,0
7542b,11201,1089,8,0
5560b,11201,1096,9,0
5211b,11201,1096,10,0
567b,11201,1097,11,0
3348b,11201,1099,12,0
186b,11201,1100,13,0
1276b,11201,1101,14,0
1513b,11201,1103,15,0
1146b,11201,1105,16,0
1451b,11201,1107,17,0
6835b,11201,1111,18,0
6837b,11201,1113,19,0
6466b,11201,1116,20,0
6463b,11201,1119,21,0
5956b,11201,1121,22,0
6685b,11201,1124,23,0
3007b,11201,1126,24,1
3007b,11177,1000,1,0
5955b,11177,1001,2,0
6464b,11177,1003,3,0
6465b,11177,1005,4,0
6838b,11177,1006,5,0
6836b,11177,1007,6,0
387b,11177,1011,7,0
38b,11177,1012,8,0
445b,11177,1013,9,0
801b,11177,1014,10,0
1164b,11177,1014,11,0
3329b,11177,1016,12,0
1404b,11177,1017,13,0
5210b,11177,1018,14,0
4124b,11177,1019,15,0
7541b,11177,1022,16,0
3608b,11177,1024,17,0
3609b,11177,1025,18,0
5801b,11177,1027,19,0
3788b,11177,1028,20,0
3825b,11177,1035,21,0
2247b,11177,1035,22,0
3826b,11177,1039,23,0
7572b,11177,1042,24,1
7572b,13933,705,1,0
5661b,13933,709,2,0
3542b,13933,710,3,0
3540b,13933,714,4,0
5802b,13933,717,5,0
317b,13933,719,6,0
1364b,13933,720,7,0
7542b,13933,722,8,0
5560b,13933,728,9,0
5211b,13933,728,10,0
567b,13933,729,11,0
3348b,13933,729,12,0
186b,13933,730,13,0
1276b,13933,731,14,0
1513b,13933,732,15,0
1146b,13933,733,16,0
1451b,13933,734,17,0
6835b,13933,737,18,0
6837b,13933,739,19,0
6466b,13933,741,20,0
6463b,13933,743,21,0
5956b,13933,744,22,0
6685b,13933,746,23,0
3007b,13933,748,24,1
7572b,2568,525,1,0
5661b,2568,529,2,0
3542b,2568,530,3,0
3540b,2568,534,4,0
5802b,2568,537,5,0
317b,2568,539,6,0
1364b,2568,541,7,0
7542b,2568,543,8,0
5560b,2568,549,9,0
5211b,2568,549,10,0
567b,2568,550,11,0
3348b,2568,551,12,0
186b,2568,552,13,0
1276b,2568,553,14,0
1513b,2568,554,15,0
1146b,2568,555,16,0
1451b,2568,556,17,0
6835b,2568,561,18,0
6837b,2568,564,19,0
6466b,2568,567,20,0
6463b,2568,569,21,0
5956b,2568,571,22,0
6685b,2568,573,23,0
3007b,2568,575,24,1
3007b,25983,835,1,0
5955b,25983,836,2,0
6464b,25983,839,3,0
6465b,25983,841,4,0
6838b,25983,842,5,0
6836b,25983,843,6,0
387b,25983,847,7,0
38b,25983,848,8,0
445b,25983,850,9,0
801b,25983,851,10,0
1164b,25983,851,11,0
3329b,25983,853,12,0
1404b,25983,854,13,0
5210b,25983,855,14,0
4124b,25983,856,15,0
7541b,25983,859,16,0
3608b,25983,860,17,0
3609b,25983,861,18,0
5801b,25983,863,19,0
3788b,25983,864,20,0
3825b,25983,872,21,0
2247b,25983,872,22,0
3826b,25983,876,23,0
7572b,25983,879,24,1
7572b,23294,895,1,0
5661b,23294,897,2,0
3542b,23294,898,3,0
3540b,23294,902,4,0
5802b,23294,906,5,0
317b,23294,908,6,0
1364b,23294,909,7,0
7542b,23294,911,8,0
5560b,23294,916,9,0
5211b,23294,916,10,0
567b,23294,917,11,0
3348b,23294,917,12,0
186b,23294,918,13,0
1276b,23294,919,14,0
1513b,23294,920,15,0
1146b,23294,920,16,0
1451b,23294,921,17,0
6835b,23294,924,18,0
6837b,23294,925,19,0
6466b,23294,927,20,0
6463b,23294,929,21,0
5956b,23294,930,22,0
6685b,23294,932,23,0
3007b,23294,934,24,1
3007b,11247,755,1,0
5955b,11247,756,2,0
6464b,11247,759,3,0
6465b,11247,761,4,0
6838b,11247,762,5,0
6836b,11247,763,6,0
387b,11247,767,7,0
38b,11247,768,8,0
445b,11247,770,9,0
801b,11247,771,10,0
1164b,11247,771,11,0
3329b,11247,773,12,0
1404b,11247,774,13,0
5210b,11247,775,14,0
4124b,11247,776,15,0
7541b,11247,779,16,0
3608b,11247,780,17,0
3609b,11247,781,18,0
5801b,11247,783,19,0
3788b,11247,784,20,0
3825b,11247,792,21,0
2247b,11247,792,22,0
3826b,11247,796,23,0
7572b,11247,799,24,1
3007b,23452,1030,1,0
5955b,23452,1031,2,0
6464b,23452,1033,3,0
6465b,23452,1035,4,0
6838b,23452,1036,5,0
6836b,23452,1037,6,0
387b,23452,1041,7,0
38b,23452,1042,8,0
445b,23452,1043,9,0
801b,23452,1044,10,0
1164b,23452,1044,11,0
3329b,23452,1046,12,0
1404b,23452,1047,13,0
5210b,23452,1048,14,0
4124b,23452,1049,15,0
7541b,23452,1052,16,0
3608b,23452,1054,17,0
3609b,23452,1055,18,0
5801b,23452,1057,19,0
3788b,23452,1058,20,0
3825b,23452,1065,21,0
2247b,23452,1065,22,0
3826b,23452,1069,23,0
7572b,23452,1072,24,1
7572b,23406,870,1,0
5661b,23406,873,2,0
3542b,23406,874,3,0
3540b,23406,878,4,0
5802b,23406,881,5,0
317b,23406,883,6,0
1364b,23406,884,7,0
7542b,23406,886,8,0
5560b,23406,891,9,0
5211b,23406,891,10,0
567b,23406,892,11,0
3348b,23406,893,12,0
186b,23406,894,13,0
1276b,23406,895,14,0
1513b,23406,896,15,0
1146b,23406,897,16,0
1451b,23406,898,17,0
6835b,23406,901,18,0
6837b,23406,903,19,0
6466b,23406,905,20,0
6463b,23406,907,21,0
5956b,23406,909,22,0
6685b,23406,911,23,0
3007b,23406,913,24,1
3007b,23577,420,1,0
5955b,23577,421,2,0
6464b,23577,422,3,0
6465b,23577,424,4,0
6838b,23577,425,5,0
6836b,23577,426,6,0
387b,23577,430,7,0
38b,23577,431,8,0
445b,23577,432,9,0
801b,23577,433,10,0
1164b,23577,433,11,0
3329b,23577,435,12,0
1404b,23577,436,13,0
5210b,23577,437,14,0
4124b,23577,438,15,0
7541b,23577,441,16,0
3608b,23577,442,17,0
3609b,23577,443,18,0
5801b,23577,445,19,0
3788b,23577,446,20,0
3825b,23577,453,21,0
2247b,23577,453,22,0
3826b,23577,456,23,0
7572b,23577,459,24,1
7572b,11537,465,1,0
5661b,11537,468,2,0
3542b,11537,469,3,0
3540b,11537,473,4,0
5802b,11537,476,5,0
317b,11537,478,6,0
1364b,11537,479,7,0
7542b,11537,481,8,0
5560b,11537,487,9,0
5211b,11537,487,10,0
567b,11537,487,11,0
3348b,11537,488,12,0
186b,11537,489,13,0
1276b,11537,489,14,0
1513b,11537,490,15,0
1146b,11537,491,16,0
1451b,11537,492,17,0
6835b,11537,495,18,0
6837b,11537,497,19,0
6466b,11537,499,20,0
6463b,11537,501,21,0
5956b,11537,502,22,0
6685b,11537,504,23,0
3007b,11537,506,24,1
7572b,23474,825,1,0
5661b,23474,829,2,0
3542b,23474,830,3,0
3540b,23474,834,4,0
5802b,23474,837,5,0
317b,23474,839,6,0
1364b,23474,840,7,0
7542b,23474,842,8,0
5560b,23474,848,9,0
5211b,23474,848,10,0
567b,23474,849,11,0
3348b,23474,849,12,0
186b,23474,850,13,0
1276b,23474,851,14,0
1513b,23474,852,15,0
1146b,23474,853,16,0
1451b,23474,854,17,0
6835b,23474,857,18,0
6837b,23474,859,19,0
6466b,23474,861,20,0
6463b,23474,863,21,0
5956b,23474,864,22,0
6685b,23474,866,23,0
3007b,23474,868,24,1
7572b,23598,830,1,0
5661b,23598,833,2,0
3542b,23598,834,3,0
3540b,23598,838,4,0
5802b,23598,841,5,0
317b,23598,843,6,0
1364b,23598,844,7,0
7542b,23598,846,8,0
5560b,23598,851,9,0
5211b,23598,851,10,0
567b,23598,852,11,0
3348b,23598,853,12,0
186b,23598,854,13,0
1276b,23598,855,14,0
1513b,23598,856,15,0
1146b,23598,857,16,0
1451b,23598,858,17,0
6835b,23598,861,18,0
6837b,23598,863,19,0
6466b,23598,865,20,0
6463b,23598,867,21,0
5956b,23598,869,22,0
6685b,23598,871,23,0
3007b,23598,873,24,1
3007b,23739,935,1,0
5955b,23739,936,2,0
6464b,23739,938,3,0
6465b,23739,940,4,0
6838b,23739,941,5,0
6836b,23739,942,6,0
387b,23739,946,7,0
38b,23739,947,8,0
445b,23739,948,9,0
801b,23739,949,10,0
1164b,23739,949,11,0
3329b,23739,951,12,0
1404b,23739,952,13,0
5210b,23739,953,14,0
4124b,23739,954,15,0
7541b,23739,957,16,0
3608b,23739,959,17,0
3609b,23739,960,18,0
5801b,23739,962,19,0
3788b,23739,963,20,0
3825b,23739,970,21,0
2247b,23739,970,22,0
3826b,23739,974,23,0
7572b,23739,977,24,1
7572b,23761,465,1,0
5661b,23761,470,2,0
3542b,23761,471,3,0
3540b,23761,475,4,0
5802b,23761,478,5,0
317b,23761,480,6,0
1364b,23761,482,7,0
7542b,23761,484,8,0
5560b,23761,490,9,0
5211b,23761,490,10,0
567b,23761,491,11,0
3348b,23761,493,12,0
186b,23761,494,13,0
1276b,23761,495,14,0
1513b,23761,497,15,0
1146b,23761,499,16,0
1451b,23761,501,17,0
6835b,23761,506,18,0
6837b,23761,509,19,0
6466b,23761,512,20,0
6463b,23761,515,21,0
5956b,23761,517,22,0
6685b,23761,520,23,0
3007b,23761,522,24,1
7572b,23754,540,1,0
5661b,23754,542,2,0
3542b,23754,543,3,0
3540b,23754,547,4,0
5802b,23754,551,5,0
317b,23754,553,6,0
1364b,23754,554,7,0
7542b,23754,556,8,0
5560b,23754,561,9,0
5211b,23754,561,10,0
567b,23754,562,11,0
3348b,23754,562,12,0
186b,23754,563,13,0
1276b,23754,564,14,0
1513b,23754,565,15,0
1146b,23754,565,16,0
1451b,23754,566,17,0
6835b,23754,569,18,0
6837b,23754,570,19,0
6466b,23754,572,20,0
6463b,23754,574,21,0
5956b,23754,575,22,0
6685b,23754,577,23,0
3007b,23754,579,24,1
3007b,11874,480,1,0
5955b,11874,481,2,0
6464b,11874,482,3,0
6465b,11874,484,4,0
6838b,11874,485,5,0
6836b,11874,486,6,0
387b,11874,490,7,0
38b,11874,491,8,0
445b,11874,492,9,0
801b,11874,493,10,0
1164b,11874,493,11,0
3329b,11874,495,12,0
1404b,11874,496,13,0
5210b,11874,497,14,0
4124b,11874,498,15,0
7541b,11874,501,16,0
3608b,11874,503,17,0
3609b,11874,504,18,0
5801b,11874,506,19,0
3788b,11874,507,20,0
3825b,11874,514,21,0
2247b,11874,514,22,0
3826b,11874,518,23,0
7572b,11874,521,24,1
3007b,11822,1170,1,0
5955b,11822,1171,2,0
6464b,11822,1172,3,0
6465b,11822,1174,4,0
6838b,11822,1175,5,0
6836b,11822,1176,6,0
387b,11822,1180,7,0
38b,11822,1181,8,0
445b,11822,1183,9,0
801b,11822,1184,10,0
1164b,11822,1184,11,0
3329b,11822,1186,12,0
1404b,11822,1187,13,0
5210b,11822,1188,14,0
4124b,11822,1189,15,0
7541b,11822,1192,16,0
3608b,11822,1193,17,0
3609b,11822,1194,18,0
5801b,11822,1196,19,0
3788b,11822,1197,20,0
3825b,11822,1203,21,0
2247b,11822,1203,22,0
3826b,11822,1206,23,0
7572b,11822,1208,24,1
3007b,11812,330,1,0
5955b,11812,331,2,0
6464b,11812,332,3,0
6465b,11812,334,4,0
6838b,11812,335,5,0
6836b,11812,336,6,0
387b,11812,339,7,0
38b,11812,340,8,0
445b,11812,341,9,0
801b,11812,342,10,0
1164b,11812,342,11,0
3329b,11812,343,12,0
1404b,11812,344,13,0
5210b,11812,345,14,0
4124b,11812,346,15,0
7541b,11812,349,16,0
3608b,11812,350,17,0
3609b,11812,351,18,0
5801b,11812,353,19,0
3788b,11812,354,20,0
3825b,11812,359,21,0
2247b,11812,359,22,0
3826b,11812,363,23,0
7572b,11812,366,24,1
7572b,23896,735,1,0
5661b,23896,739,2,0
3542b,23896,740,3,0
3540b,23896,744,4,0
5802b,23896,747,5,0
317b,23896,749,6,0
1364b,23896,750,7,0
7542b,23896,752,8,0
5560b,23896,758,9,0
5211b,23896,758,10,0
567b,23896,759,11,0
3348b,23896,759,12,0
186b,23896,760,13,0
1276b,23896,761,14,0
1513b,23896,762,15,0
1146b,23896,763,16,0
1451b,23896,764,17,0
6835b,23896,767,18,0
6837b,23896,769,19,0
6466b,23896,771,20,0
6463b,23896,773,21,0
5956b,23896,774,22,0
6685b,23896,776,23,0
3007b,23896,778,24,1
3007b,23963,510,1,0
5955b,23963,511,2,0
6464b,23963,513,3,0
6465b,23963,515,4,0
6838b,23963,516,5,0
6836b,23963,517,6,0
387b,23963,521,7,0
38b,23963,522,8,0
445b,23963,523,9,0
801b,23963,524,10,0
1164b,23963,524,11,0
3329b,23963,526,12,0
1404b,23963,527,13,0
5210b,23963,528,14,0
4124b,23963,529,15,0
7541b,23963,532,16,0
3608b,23963,534,17,0
3609b,23963,535,18,0
5801b,23963,537,19,0
3788b,23963,538,20,0
3825b,23963,545,21,0
2247b,23963,545,22,0
3826b,23963,549,23,0
7572b,23963,552,24,1
3007b,21318,895,1,0
5955b,21318,896,2,0
6464b,21318,899,3,0
6465b,21318,901,4,0
6838b,21318,902,5,0
6836b,21318,903,6,0
387b,21318,907,7,0
38b,21318,908,8,0
445b,21318,910,9,0
801b,21318,911,10,0
1164b,21318,911,11,0
3329b,21318,913,12,0
1404b,21318,914,13,0
5210b,21318,915,14,0
4124b,21318,916,15,0
7541b,21318,919,16,0
3608b,21318,920,17,0
3609b,21318,921,18,0
5801b,21318,923,19,0
3788b,21318,924,20,0
3825b,21318,932,21,0
2247b,21318,932,22,0
3826b,21318,936,23,0
7572b,21318,939,24,1
3007b,11957,665,1,0
5955b,11957,666,2,0
6464b,11957,668,3,0
6465b,11957,670,4,0
6838b,11957,671,5,0
6836b,11957,672,6,0
387b,11957,676,7,0
38b,11957,677,8,0
445b,11957,678,9,0
801b,11957,679,10,0
1164b,11957,679,11,0
3329b,11957,681,12,0
1404b,11957,682,13,0
5210b,11957,683,14,0
4124b,11957,684,15,0
7541b,11957,687,16,0
3608b,11957,689,17,0
3609b,11957,690,18,0
5801b,11957,692,19,0
3788b,11957,693,20,0
3825b,11957,700,21,0
2247b,11957,700,22,0
3826b,11957,704,23,0
7572b,11957,707,24,1
7572b,21407,675,1,0
5661b,21407,679,2,0
3542b,21407,680,3,0
3540b,21407,684,4,0
5802b,21407,687,5,0
317b,21407,689,6,0
1364b,21407,690,7,0
7542b,21407,692,8,0
5560b,21407,698,9,0
5211b,21407,698,10,0
567b,21407,699,11,0
3348b,21407,699,12,0
186b,21407,700,13,0
1276b,21407,701,14,0
1513b,21407,702,15,0
1146b,21407,703,16,0
1451b,21407,704,17,0
6835b,21407,707,18,0
6837b,21407,709,19,0
6466b,21407,711,20,0
6463b,21407,713,21,0
5956b,21407,714,22,0
6685b,21407,716,23,0
3007b,21407,718,24,1
7572b,21612,1165,1,0
5661b,21612,1167,2,0
3542b,21612,1168,3,0
3540b,21612,1172,4,0
5802b,21612,1176,5,0
317b,21612,1178,6,0
1364b,21612,1179,7,0
7542b,21612,1181,8,0
5560b,21612,1186,9,0
5211b,21612,1186,10,0
567b,21612,1187,11,0
3348b,21612,1188,12,0
186b,21612,1189,13,0
1276b,21612,1190,14,0
1513b,21612,1191,15,0
1146b,21612,1192,16,0
1451b,21612,1193,17,0
6835b,21612,1196,18,0
6837b,21612,1197,19,0
6466b,21612,1199,20,0
6463b,21612,1201,21,0
5956b,21612,1202,22,0
6685b,21612,1204,23,0
3007b,21612,1206,24,1
3007b,21687,450,1,0
5955b,21687,451,2,0
6464b,21687,454,3,0
6465b,21687,456,4,0
6838b,21687,457,5,0
6836b,21687,459,6,0
387b,21687,464,7,0
38b,21687,465,8,0
445b,21687,467,9,0
801b,21687,468,10,0
1164b,21687,468,11,0
3329b,21687,470,12,0
1404b,21687,471,13,0
5210b,21687,472,14,0
4124b,21687,473,15,0
7541b,21687,476,16,0
3608b,21687,478,17,0
3609b,21687,479,18,0
5801b,21687,481,19,0
3788b,21687,483,20,0
3825b,21687,491,21,0
2247b,21687,491,22,0
3826b,21687,495,23,0
7572b,21687,499,24,1
3007b,21680,675,1,0
5955b,21680,676,2,0
6464b,21680,678,3,0
6465b,21680,680,4,0
6838b,21680,681,5,0
6836b,21680,682,6,0
387b,21680,686,7,0
38b,21680,687,8,0
445b,21680,689,9,0
801b,21680,690,10,0
1164b,21680,690,11,0
3329b,21680,692,12,0
1404b,21680,693,13,0
5210b,21680,694,14,0
4124b,21680,695,15,0
7541b,21680,698,16,0
3608b,21680,699,17,0
3609b,21680,700,18,0
5801b,21680,702,19,0
3788b,21680,703,20,0
3825b,21680,709,21,0
2247b,21680,709,22,0
3826b,21680,712,23,0
7572b,21680,714,24,1
3007b,21755,975,1,0
5955b,21755,976,2,0
6464b,21755,979,3,0
6465b,21755,982,4,0
6838b,21755,983,5,0
6836b,21755,985,6,0
387b,21755,990,7,0
38b,21755,991,8,0
445b,21755,993,9,0
801b,21755,994,10,0
1164b,21755,994,11,0
3329b,21755,996,12,0
1404b,21755,997,13,0
5210b,21755,998,14,0
4124b,21755,999,15,0
7541b,21755,1002,16,0
3608b,21755,1004,17,0
3609b,21755,1005,18,0
5801b,21755,1007,19,0
3788b,21755,1009,20,0
3825b,21755,1017,21,0
2247b,21755,1017,22,0
3826b,21755,1021,23,0
7572b,21755,1025,24,1
7572b,21739,385,1,0
5661b,21739,388,2,0
3542b,21739,389,3,0
3540b,21739,392,4,0
5802b,21739,395,5,0
317b,21739,397,6,0
1364b,21739,398,7,0
7542b,21739,399,8,0
5560b,21739,404,9,0
5211b,21739,404,10,0
567b,21739,405,11,0
3348b,21739,406,12,0
186b,21739,407,13,0
1276b,21739,408,14,0
1513b,21739,409,15,0
1146b,21739,410,16,0
1451b,21739,411,17,0
6835b,21739,414,18,0
6837b,21739,415,19,0
6466b,21739,417,20,0
6463b,21739,418,21,0
5956b,21739,419,22,0
6685b,21739,421,23,0
3007b,21739,423,24,1
7572b,9475,1090,1,0
5661b,9475,1095,2,0
3542b,9475,1096,3,0
3540b,9475,1100,4,0
5802b,9475,1103,5,0
317b,9475,1106,6,0
1364b,9475,1107,7,0
7542b,9475,1109,8,0
5560b,9475,1116,9,0
5211b,9475,1116,10,0
567b,9475,1117,11,0
3348b,9475,1118,12,0
186b,9475,1119,13,0
1276b,9475,1120,14,0
1513b,9475,1121,15,0
1146b,9475,1122,16,0
1451b,9475,1123,17,0
6835b,9475,1127,18,0
6837b,9475,1129,19,0
6466b,9475,1132,20,0
6463b,9475,1135,21,0
5956b,9475,1137,22,0
6685b,9475,1140,23,0
3007b,9475,1142,24,1
3007b,9479,630,1,0
5955b,9479,631,2,0
6464b,9479,633,3,0
6465b,9479,635,4,0
6838b,9479,636,5,0
6836b,9479,637,6,0
387b,9479,641,7,0
38b,9479,642,8,0
445b,9479,644,9,0
801b,9479,645,10,0
1164b,9479,645,11,0
3329b,9479,647,12,0
1404b,9479,648,13,0
5210b,9479,649,14,0
4124b,9479,650,15,0
7541b,9479,653,16,0
3608b,9479,654,17,0
3609b,9479,655,18,0
5801b,9479,657,19,0
3788b,9479,658,20,0
3825b,9479,664,21,0
2247b,9479,664,22,0
3826b,9479,667,23,0
7572b,9479,669,24,1
3007b,9559,775,1,0
5955b,9559,776,2,0
6464b,9559,779,3,0
6465b,9559,781,4,0
6838b,9559,782,5,0
6836b,9559,783,6,0
387b,9559,787,7,0
38b,9559,788,8,0
445b,9559,790,9,0
801b,9559,791,10,0
1164b,9559,791,11,0
3329b,9559,793,12,0
1404b,9559,794,13,0
5210b,9559,795,14,0
4124b,9559,796,15,0
7541b,9559,799,16,0
3608b,9559,800,17,0
3609b,9559,801,18,0
5801b,9559,803,19,0
3788b,9559,804,20,0
3825b,9559,812,21,0
2247b,9559,812,22,0
3826b,9559,816,23,0
7572b,9559,819,24,1
3007b,9665,1075,1,0
5955b,9665,1076,2,0
6464b,9665,1079,3,0
6465b,9665,1082,4,0
6838b,9665,1083,5,0
6836b,9665,1085,6,0
387b,9665,1089,7,0
38b,9665,1090,8,0
445b,9665,1092,9,0
801b,9665,1093,10,0
1164b,9665,1093,11,0
3329b,9665,1095,12,0
1404b,9665,1096,13,0
5210b,9665,1097,14,0
4124b,9665,1098,15,0
7541b,9665,1101,16,0
3608b,9665,1103,17,0
3609b,9665,1104,18,0
5801b,9665,1106,19,0
3788b,9665,1108,20,0
3825b,9665,1116,21,0
2247b,9665,1116,22,0
3826b,9665,1120,23,0
7572b,9665,1124,24,1
7572b,7043,1125,1,0
5661b,7043,1129,2,0
3542b,7043,1130,3,0
3540b,7043,1134,4,0
5802b,7043,1137,5,0
317b,7043,1139,6,0
1364b,7043,1140,7,0
7542b,7043,1142,8,0
5560b,7043,1148,9,0
5211b,7043,1148,10,0
567b,7043,1149,11,0
3348b,7043,1149,12,0
186b,7043,1150,13,0
1276b,7043,1151,14,0
1513b,7043,1152,15,0
1146b,7043,1153,16,0
1451b,7043,1154,17,0
6835b,7043,1158,18,0
6837b,7043,1159,19,0
6466b,7043,1162,20,0
6463b,7043,1164,21,0
5956b,7043,1165,22,0
6685b,7043,1167,23,0
3007b,7043,1169,24,1
7572b,18532,810,1,0
5661b,18532,812,2,0
3542b,18532,813,3,0
3540b,18532,817,4,0
5802b,18532,821,5,0
317b,18532,823,6,0
1364b,18532,824,7,0
7542b,18532,826,8,0
5560b,18532,831,9,0
5211b,18532,831,10,0
567b,18532,832,11,0
3348b,18532,832,12,0
186b,18532,833,13,0
1276b,18532,834,14,0
1513b,18532,835,15,0
1146b,18532,835,16,0
1451b,18532,836,17,0
6835b,18532,839,18,0
6837b,18532,840,19,0
6466b,18532,842,20,0
6463b,18532,844,21,0
5956b,18532,845,22,0
6685b,18532,847,23,0
3007b,18532,849,24,1
3007b,28061,550,1,0
5955b,28061,551,2,0
6464b,28061,554,3,0
6465b,28061,557,4,0
6838b,28061,558,5,0
6836b,28061,559,6,0
387b,28061,563,7,0
38b,28061,564,8,0
445b,28061,566,9,0
801b,28061,567,10,0
1164b,28061,567,11,0
3329b,28061,569,12,0
1404b,28061,570,13,0
5210b,28061,571,14,0
4124b,28061,572,15,0
7541b,28061,575,16,0
3608b,28061,577,17,0
3609b,28061,578,18,0
5801b,28061,580,19,0
3788b,28061,581,20,0
3825b,28061,589,21,0
2247b,28061,589,22,0
3826b,28061,593,23,0
7572b,28061,597,24,1
3007b,28013,1125,1,0
5955b,28013,1126,2,0
6464b,28013,1127,3,0
6465b,28013,1129,4,0
6838b,28013,1130,5,0
6836b,28013,1131,6,0
387b,28013,1135,7,0
38b,28013,1136,8,0
445b,28013,1138,9,0
801b,28013,1139,10,0
1164b,28013,1139,11,0
3329b,28013,1141,12,0
1404b,28013,1142,13,0
5210b,28013,1143,14,0
4124b,28013,1144,15,0
7541b,28013,1147,16,0
3608b,28013,1148,17,0
3609b,28013,1149,18,0
5801b,28013,1151,19,0
3788b,28013,1152,20,0
3825b,28013,1158,21,0
2247b,28013,1158,22,0
3826b,28013,1161,23,0
7572b,28013,1164,24,1
7572b,28023,970,1,0
5661b,28023,975,2,0
3542b,28023,976,3,0
3540b,28023,980,4,0
5802b,28023,983,5,0
317b,28023,986,6,0
1364b,28023,987,7,0
7542b,28023,989,8,0
5560b,28023,996,9,0
5211b,28023,996,10,0
567b,28023,997,11,0
3348b,28023,998,12,0
186b,28023,999,13,0
1276b,28023,1000,14,0
1513b,28023,1001,15,0
1146b,28023,1002,16,0
1451b,28023,1003,17,0
6835b,28023,1007,18,0
6837b,28023,1009,19,0
6466b,28023,1012,20,0
6463b,28023,1014,21,0
5956b,28023,1016,22,0
6685b,28023,1018,23,0
3007b,28023,1020,24,1
7572b,9902,495,1,0
5661b,9902,497,2,0
3542b,9902,498,3,0
3540b,9902,502,4,0
5802b,9902,506,5,0
317b,9902,508,6,0
1364b,9902,509,7,0
7542b,9902,511,8,0
5560b,9902,516,9,0
5211b,9902,516,10,0
567b,9902,517,11,0
3348b,9902,517,12,0
186b,9902,518,13,0
1276b,9902,519,14,0
1513b,9902,520,15,0
1146b,9902,520,16,0
1451b,9902,521,17,0
6835b,9902,524,18,0
6837b,9902,525,19,0
6466b,9902,527,20,0
6463b,9902,529,21,0
5956b,9902,530,22,0
6685b,9902,532,23,0
3007b,9902,534,24,1
3007b,9954,610,1,0
5955b,9954,611,2,0
6464b,9954,614,3,0
6465b,9954,616,4,0
6838b,9954,617,5,0
6836b,9954,618,6,0
387b,9954,622,7,0
38b,9954,623,8,0
445b,9954,625,9,0
801b,9954,626,10,0
1164b,9954,626,11,0
3329b,9954,628,12,0
1404b,9954,629,13,0
5210b,9954,630,14,0
4124b,9954,631,15,0
7541b,9954,634,16,0
3608b,9954,636,17,0
3609b,9954,637,18,0
5801b,9954,639,19,0
3788b,9954,640,20,0
3825b,9954,648,21,0
2247b,9954,648,22,0
3826b,9954,652,23,0
7572b,9954,656,24,1
3007b,18799,970,1,0
5955b,18799,971,2,0
6464b,18799,973,3,0
6465b,18799,975,4,0
6838b,18799,976,5,0
6836b,18799,977,6,0
387b,18799,981,7,0
38b,18799,982,8,0
445b,18799,983,9,0
801b,18799,984,10,0
1164b,18799,984,11,0
3329b,18799,986,12,0
1404b,18799,987,13,0
5210b,18799,988,14,0
4124b,18799,989,15,0
7541b,18799,992,16,0
3608b,18799,994,17,0
3609b,18799,995,18,0
5801b,18799,997,19,0
3788b,18799,998,20,0
3825b,18799,1005,21,0
2247b,18799,1005,22,0
3826b,18799,1009,23,0
7572b,18799,1012,24,1
3007b,428,540,1,0
5955b,428,541,2,0
6464b,428,542,3,0
6465b,428,544,4,0
6838b,428,545,5,0
6836b,428,546,6,0
387b,428,549,7,0
38b,428,550,8,0
445b,428,552,9,0
801b,428,553,10,0
1164b,428,553,11,0
3329b,428,555,12,0
1404b,428,556,13,0
5210b,428,557,14,0
4124b,428,558,15,0
7541b,428,561,16,0
3608b,428,562,17,0
3609b,428,563,18,0
5801b,428,565,19,0
3788b,428,566,20,0
3825b,428,572,21,0
2247b,428,572,22,0
3826b,428,575,23,0
7572b,428,577,24,1
3007b,18765,765,1,0
5955b,18765,766,2,0
6464b,18765,767,3,0
6465b,18765,769,4,0
6838b,18765,770,5,0
6836b,18765,771,6,0
387b,18765,775,7,0
38b,18765,776,8,0
445b,18765,778,9,0
801b,18765,779,10,0
1164b,18765,779,11,0
3329b,18765,781,12,0
1404b,18765,782,13,0
5210b,18765,783,14,0
4124b,18765,784,15,0
7541b,18765,787,16,0
3608b,18765,788,17,0
3609b,18765,789,18,0
5801b,18765,791,19,0
3788b,18765,792,20,0
3825b,18765,798,21,0
2247b,18765,798,22,0
3826b,18765,801,23,0
7572b,18765,803,24,1
7572b,28266,645,1,0
5661b,28266,649,2,0
3542b,28266,650,3,0
3540b,28266,654,4,0
5802b,28266,657,5,0
317b,28266,659,6,0
1364b,28266,660,7,0
7542b,28266,662,8,0
5560b,28266,668,9,0
5211b,28266,668,10,0
567b,28266,669,11,0
3348b,28266,669,12,0
186b,28266,670,13,0
1276b,28266,671,14,0
1513b,28266,672,15,0
1146b,28266,673,16,0
1451b,28266,674,17,0
6835b,28266,677,18,0
6837b,28266,679,19,0
6466b,28266,681,20,0
6463b,28266,683,21,0
5956b,28266,684,22,0
6685b,28266,686,23,0
3007b,28266,688,24,1
7572b,28249,1035,1,0
5661b,28249,1039,2,0
3542b,28249,1040,3,0
3540b,28249,1044,4,0
5802b,28249,1047,5,0
317b,28249,1049,6,0
1364b,28249,1050,7,0
7542b,28249,1052,8,0
5560b,28249,1058,9,0
5211b,28249,1058,10,0
567b,28249,1059,11,0
3348b,28249,1059,12,0
186b,28249,1060,13,0
1276b,28249,1061,14,0
1513b,28249,1062,15,0
1146b,28249,1063,16,0
1451b,28249,1064,17,0
6835b,28249,1068,18,0
6837b,28249,1069,19,0
6466b,28249,1072,20,0
6463b,28249,1074,21,0
5956b,28249,1075,22,0
6685b,28249,1077,23,0
3007b,28249,1079,24,1
3007b,529,1060,1,0
5955b,529,1061,2,0
6464b,529,1063,3,0
6465b,529,1065,4,0
6838b,529,1066,5,0
6836b,529,1067,6,0
387b,529,1071,7,0
38b,529,1072,8,0
445b,529,1073,9,0
801b,529,1074,10,0
1164b,529,1074,11,0
3329b,529,1076,12,0
1404b,529,1077,13,0
5210b,529,1078,14,0
4124b,529,1079,15,0
7541b,529,1082,16,0
3608b,529,1084,17,0
3609b,529,1085,18,0
5801b,529,1087,19,0
3788b,529,1088,20,0
3825b,529,1095,21,0
2247b,529,1095,22,0
3826b,529,1099,23,0
7572b,529,1102,24,1
7572b,531,1210,1,0
5661b,531,1213,2,0
3542b,531,1214,3,0
3540b,531,1218,4,0
5802b,531,1221,5,0
317b,531,1223,6,0
1364b,531,1224,7,0
7542b,531,1225,8,0
5560b,531,1230,9,0
5211b,531,1230,10,0
567b,531,1231,11,0
3348b,531,1232,12,0
186b,531,1233,13,0
1276b,531,1234,14,0
1513b,531,1235,15,0
1146b,531,1236,16,0
1451b,531,1237,17,0
6835b,531,1240,18,0
6837b,531,1241,19,0
6466b,531,1243,20,0
6463b,531,1244,21,0
5956b,531,1245,22,0
6685b,531,1247,23,0
3007b,531,1249,24,1
7572b,7546,1216,1,0
5661b,7546,1219,2,0
3542b,7546,1220,3,0
3540b,7546,1224,4,0
5802b,7546,1227,5,0
317b,7546,1228,6,0
1364b,7546,1229,7,0
7542b,7546,1230,8,0
5560b,7546,1234,9,0
5211b,7546,1234,10,0
567b,7546,1234,11,0
3348b,7546,1235,12,0
186b,7546,1236,13,0
1276b,7546,1236,14,0
1513b,7546,1237,15,0
1146b,7546,1238,16,0
1451b,7546,1239,17,0
6835b,7546,1242,18,0
6837b,7546,1243,19,0
6466b,7546,1245,20,0
6463b,7546,1247,21,0
5956b,7546,1248,22,0
6685b,7546,1250,23,0
3007b,7546,1252,24,1
7572b,7549,585,1,0
5661b,7549,587,2,0
3542b,7549,588,3,0
3540b,7549,592,4,0
5802b,7549,596,5,0
317b,7549,598,6,0
1364b,7549,599,7,0
7542b,7549,601,8,0
5560b,7549,606,9,0
5211b,7549,606,10,0
567b,7549,607,11,0
3348b,7549,607,12,0
186b,7549,608,13,0
1276b,7549,609,14,0
1513b,7549,610,15,0
1146b,7549,610,16,0
1451b,7549,611,17,0
6835b,7549,614,18,0
6837b,7549,615,19,0
6466b,7549,617,20,0
6463b,7549,619,21,0
5956b,7549,620,22,0
6685b,7549,622,23,0
3007b,7549,624,24,1
3007b,18821,1115,1,0
5955b,18821,1116,2,0
6464b,18821,1119,3,0
6465b,18821,1121,4,0
6838b,18821,1122,5,0
6836b,18821,1124,6,0
387b,18821,1128,7,0
38b,18821,1129,8,0
445b,18821,1131,9,0
801b,18821,1132,10,0
1164b,18821,1132,11,0
3329b,18821,1134,12,0
1404b,18821,1135,13,0
5210b,18821,1136,14,0
4124b,18821,1137,15,0
7541b,18821,1140,16,0
3608b,18821,1142,17,0
3609b,18821,1143,18,0
5801b,18821,1145,19,0
3788b,18821,1147,20,0
3825b,18821,1155,21,0
2247b,18821,1155,22,0
3826b,18821,1159,23,0
7572b,18821,1163,24,1
7572b,18844,730,1,0
5661b,18844,733,2,0
3542b,18844,734,3,0
3540b,18844,738,4,0
5802b,18844,741,5,0
317b,18844,743,6,0
1364b,18844,744,7,0
7542b,18844,746,8,0
5560b,18844,751,9,0
5211b,18844,751,10,0
567b,18844,752,11,0
3348b,18844,753,12,0
186b,18844,754,13,0
1276b,18844,755,14,0
1513b,18844,756,15,0
1146b,18844,757,16,0
1451b,18844,758,17,0
6835b,18844,761,18,0
6837b,18844,763,19,0
6466b,18844,765,20,0
6463b,18844,767,21,0
5956b,18844,769,22,0
6685b,18844,771,23,0
3007b,18844,773,24,1
3007b,647,631,1,0
5955b,647,632,2,0
6464b,647,635,3,0
6465b,647,637,4,0
6838b,647,638,5,0
6836b,647,639,6,0
387b,647,643,7,0
38b,647,644,8,0
445b,647,646,9,0
801b,647,647,10,0
1164b,647,647,11,0
3329b,647,649,12,0
1404b,647,650,13,0
5210b,647,651,14,0
4124b,647,652,15,0
7541b,647,655,16,0
3608b,647,657,17,0
3609b,647,658,18,0
5801b,647,660,19,0
3788b,647,661,20,0
3825b,647,669,21,0
2247b,647,669,22,0
3826b,647,673,23,0
7572b,647,677,24,1
3007b,5001,630,1,0
5955b,5001,631,2,0
6464b,5001,633,3,0
6465b,5001,635,4,0
6838b,5001,636,5,0
6836b,5001,637,6,0
387b,5001,641,7,0
38b,5001,642,8,0
445b,5001,643,9,0
801b,5001,644,10,0
1164b,5001,644,11,0
3329b,5001,646,12,0
1404b,5001,647,13,0
5210b,5001,648,14,0
4124b,5001,649,15,0
7541b,5001,652,16,0
3608b,5001,654,17,0
3609b,5001,655,18,0
5801b,5001,657,19,0
3788b,5001,658,20,0
3825b,5001,665,21,0
2247b,5001,665,22,0
3826b,5001,669,23,0
7572b,5001,672,24,1
3007b,18904,845,1,0
5955b,18904,846,2,0
6464b,18904,848,3,0
6465b,18904,850,4,0
6838b,18904,851,5,0
6836b,18904,852,6,0
387b,18904,856,7,0
38b,18904,857,8,0
445b,18904,858,9,0
801b,18904,859,10,0
1164b,18904,859,11,0
3329b,18904,861,12,0
1404b,18904,862,13,0
5210b,18904,863,14,0
4124b,18904,864,15,0
7541b,18904,867,16,0
3608b,18904,869,17,0
3609b,18904,870,18,0
5801b,18904,872,19,0
3788b,18904,873,20,0
3825b,18904,880,21,0
2247b,18904,880,22,0
3826b,18904,884,23,0
7572b,18904,887,24,1
7572b,18900,710,1,0
5661b,18900,713,2,0
3542b,18900,714,3,0
3540b,18900,718,4,0
5802b,18900,721,5,0
317b,18900,723,6,0
1364b,18900,724,7,0
7542b,18900,726,8,0
5560b,18900,731,9,0
5211b,18900,731,10,0
567b,18900,732,11,0
3348b,18900,733,12,0
186b,18900,734,13,0
1276b,18900,735,14,0
1513b,18900,736,15,0
1146b,18900,737,16,0
1451b,18900,738,17,0
6835b,18900,741,18,0
6837b,18900,743,19,0
6466b,18900,745,20,0
6463b,18900,747,21,0
5956b,18900,749,22,0
6685b,18900,751,23,0
3007b,18900,753,24,1
3007b,28340,990,1,0
5955b,28340,991,2,0
6464b,28340,993,3,0
6465b,28340,995,4,0
6838b,28340,996,5,0
6836b,28340,997,6,0
387b,28340,1001,7,0
38b,28340,1002,8,0
445b,28340,1004,9,0
801b,28340,1005,10,0
1164b,28340,1005,11,0
3329b,28340,1007,12,0
1404b,28340,1008,13,0
5210b,28340,1009,14,0
4124b,28340,1010,15,0
7541b,28340,1013,16,0
3608b,28340,1014,17,0
3609b,28340,1015,18,0
5801b,28340,1017,19,0
3788b,28340,1018,20,0
3825b,28340,1024,21,0
2247b,28340,1024,22,0
3826b,28340,1027,23,0
7572b,28340,1030,24,1
7572b,28326,365,1,0
5661b,28326,368,2,0
3542b,28326,369,3,0
3540b,28326,372,4,0
5802b,28326,375,5,0
317b,28326,377,6,0
1364b,28326,378,7,0
7542b,28326,379,8,0
5560b,28326,384,9,0
5211b,28326,384,10,0
567b,28326,385,11,0
3348b,28326,386,12,0
186b,28326,387,13,0
1276b,28326,388,14,0
1513b,28326,389,15,0
1146b,28326,390,16,0
1451b,28326,391,17,0
6835b,28326,394,18,0
6837b,28326,395,19,0
6466b,28326,397,20,0
6463b,28326,398,21,0
5956b,28326,399,22,0
6685b,28326,401,23,0
3007b,28326,403,24,1
7572b,28321,1155,1,0
5661b,28321,1159,2,0
3542b,28321,1160,3,0
3540b,28321,1164,4,0
5802b,28321,1167,5,0
317b,28321,1168,6,0
1364b,28321,1169,7,0
7542b,28321,1171,8,0
5560b,28321,1175,9,0
5211b,28321,1175,10,0
567b,28321,1176,11,0
3348b,28321,1176,12,0
186b,28321,1177,13,0
1276b,28321,1178,14,0
1513b,28321,1179,15,0
1146b,28321,1180,16,0
1451b,28321,1181,17,0
6835b,28321,1185,18,0
6837b,28321,1186,19,0
6466b,28321,1189,20,0
6463b,28321,1191,21,0
5956b,28321,1192,22,0
6685b,28321,1194,23,0
3007b,28321,1196,24,1
7572b,28475,1075,1,0
5661b,28475,1077,2,0
3542b,28475,1078,3,0
3540b,28475,1082,4,0
5802b,28475,1086,5,0
317b,28475,1088,6,0
1364b,28475,1089,7,0
7542b,28475,1091,8,0
5560b,28475,1096,9,0
5211b,28475,1096,10,0
567b,28475,1097,11,0
3348b,28475,1098,12,0
186b,28475,1099,13,0
1276b,28475,1100,14,0
1513b,28475,1101,15,0
1146b,28475,1102,16,0
1451b,28475,1103,17,0
6835b,28475,1106,18,0
6837b,28475,1108,19,0
6466b,28475,1110,20,0
6463b,28475,1112,21,0
5956b,28475,1113,22,0
6685b,28475,1115,23,0
3007b,28475,1117,24,1
7572b,7763,855,1,0
5661b,7763,857,2,0
3542b,7763,858,3,0
3540b,7763,862,4,0
5802b,7763,866,5,0
317b,7763,868,6,0
1364b,7763,869,7,0
7542b,7763,871,8,0
5560b,7763,876,9,0
5211b,7763,876,10,0
567b,7763,877,11,0
3348b,7763,877,12,0
186b,7763,878,13,0
1276b,7763,879,14,0
1513b,7763,880,15,0
1146b,7763,880,16,0
1451b,7763,881,17,0
6835b,7763,884,18,0
6837b,7763,885,19,0
6466b,7763,887,20,0
6463b,7763,889,21,0
5956b,7763,890,22,0
6685b,7763,892,23,0
3007b,7763,894,24,1
3007b,28462,430,1,0
5955b,28462,431,2,0
6464b,28462,433,3,0
6465b,28462,435,4,0
6838b,28462,436,5,0
6836b,28462,438,6,0
387b,28462,443,7,0
38b,28462,444,8,0
445b,28462,446,9,0
801b,28462,447,10,0
1164b,28462,447,11,0
3329b,28462,449,12,0
1404b,28462,450,13,0
5210b,28462,451,14,0
4124b,28462,452,15,0
7541b,28462,455,16,0
3608b,28462,456,17,0
3609b,28462,457,18,0
5801b,28462,459,19,0
3788b,28462,461,20,0
3825b,28462,469,21,0
2247b,28462,469,22,0
3826b,28462,473,23,0
7572b,28462,477,24,1
7572b,843,485,1,0
5661b,843,489,2,0
3542b,843,490,3,0
3540b,843,494,4,0
5802b,843,497,5,0
317b,843,499,6,0
1364b,843,501,7,0
7542b,843,503,8,0
5560b,843,509,9,0
5211b,843,509,10,0
567b,843,510,11,0
3348b,843,512,12,0
186b,843,513,13,0
1276b,843,514,14,0
1513b,843,516,15,0
1146b,843,518,16,0
1451b,843,520,17,0
6835b,843,525,18,0
6837b,843,528,19,0
6466b,843,531,20,0
6463b,843,534,21,0
5956b,843,536,22,0
6685b,843,539,23,0
3007b,843,541,24,1
7572b,7840,770,1,0
5661b,7840,773,2,0
3542b,7840,774,3,0
3540b,7840,778,4,0
5802b,7840,781,5,0
317b,7840,783,6,0
1364b,7840,784,7,0
7542b,7840,786,8,0
5560b,7840,791,9,0
5211b,7840,791,10,0
567b,7840,792,11,0
3348b,7840,793,12,0
186b,7840,794,13,0
1276b,7840,795,14,0
1513b,7840,796,15,0
1146b,7840,797,16,0
1451b,7840,798,17,0
6835b,7840,801,18,0
6837b,7840,803,19,0
6466b,7840,805,20,0
6463b,7840,807,21,0
5956b,7840,809,22,0
6685b,7840,811,23,0
3007b,7840,813,24,1
7572b,992,750,1,0
5661b,992,753,2,0
3542b,992,754,3,0
3540b,992,758,4,0
5802b,992,761,5,0
317b,992,763,6,0
1364b,992,764,7,0
7542b,992,766,8,0
5560b,992,771,9,0
5211b,992,771,10,0
567b,992,772,11,0
3348b,992,773,12,0
186b,992,774,13,0
1276b,992,775,14,0
1513b,992,776,15,0
1146b,992,777,16,0
1451b,992,778,17,0
6835b,992,781,18,0
6837b,992,783,19,0
6466b,992,785,20,0
6463b,992,787,21,0
5956b,992,789,22,0
6685b,992,791,23,0
3007b,992,793,24,1
3007b,5427,720,1,0
5955b,5427,721,2,0
6464b,5427,722,3,0
6465b,5427,724,4,0
6838b,5427,725,5,0
6836b,5427,726,6,0
387b,5427,730,7,0
38b,5427,731,8,0
445b,5427,733,9,0
801b,5427,734,10,0
1164b,5427,734,11,0
3329b,5427,736,12,0
1404b,5427,737,13,0
5210b,5427,738,14,0
4124b,5427,739,15,0
7541b,5427,742,16,0
3608b,5427,743,17,0
3609b,5427,744,18,0
5801b,5427,746,19,0
3788b,5427,747,20,0
3825b,5427,753,21,0
2247b,5427,753,22,0
3826b,5427,756,23,0
7572b,5427,758,24,1
3007b,5452,470,1,0
5955b,5452,471,2,0
6464b,5452,474,3,0
6465b,5452,476,4,0
6838b,5452,477,5,0
6836b,5452,479,6,0
387b,5452,484,7,0
38b,5452,485,8,0
445b,5452,487,9,0
801b,5452,488,10,0
1164b,5452,488,11,0
3329b,5452,490,12,0
1404b,5452,491,13,0
5210b,5452,492,14,0
4124b,5452,493,15,0
7541b,5452,496,16,0
3608b,5452,498,17,0
3609b,5452,499,18,0
5801b,5452,501,19,0
3788b,5452,503,20,0
3825b,5452,511,21,0
2247b,5452,511,22,0
3826b,5452,515,23,0
7572b,5452,519,24,1
7572b,14209,1095,1,0
5661b,14209,1099,2,0
3542b,14209,1100,3,0
3540b,14209,1104,4,0
5802b,14209,1107,5,0
317b,14209,1109,6,0
1364b,14209,1110,7,0
7542b,14209,1112,8,0
5560b,14209,1118,9,0
5211b,14209,1118,10,0
567b,14209,1119,11,0
3348b,14209,1119,12,0
186b,14209,1120,13,0
1276b,14209,1121,14,0
1513b,14209,1122,15,0
1146b,14209,1123,16,0
1451b,14209,1124,17,0
6835b,14209,1128,18,0
6837b,14209,1129,19,0
6466b,14209,1132,20,0
6463b,14209,1134,21,0
5956b,14209,1135,22,0
6685b,14209,1137,23,0
3007b,14209,1139,24,1
3007b,16849,995,1,0
5955b,16849,996,2,0
6464b,16849,999,3,0
6465b,16849,1002,4,0
6838b,16849,1003,5,0
6836b,16849,1005,6,0
387b,16849,1010,7,0
38b,16849,1011,8,0
445b,16849,1013,9,0
801b,16849,1014,10,0
1164b,16849,1014,11,0
3329b,16849,1016,12,0
1404b,16849,1017,13,0
5210b,16849,1018,14,0
4124b,16849,1019,15,0
7541b,16849,1022,16,0
3608b,16849,1024,17,0
3609b,16849,1025,18,0
5801b,16849,1027,19,0
3788b,16849,1029,20,0
3825b,16849,1037,21,0
2247b,16849,1037,22,0
3826b,16849,1041,23,0
7572b,16849,1045,24,1
3007b,14288,1175,1,0
5955b,14288,1176,2,0
6464b,14288,1178,3,0
6465b,14288,1180,4,0
6838b,14288,1181,5,0
6836b,14288,1182,6,0
387b,14288,1186,7,0
38b,14288,1187,8,0
445b,14288,1189,9,0
801b,14288,1190,10,0
1164b,14288,1190,11,0
3329b,14288,1192,12,0
1404b,14288,1193,13,0
5210b,14288,1194,14,0
4124b,14288,1195,15,0
7541b,14288,1198,16,0
3608b,14288,1199,17,0
3609b,14288,1200,18,0
5801b,14288,1202,19,0
3788b,14288,1203,20,0
3825b,14288,1210,21,0
2247b,14288,1210,22,0
3826b,14288,1214,23,0
7572b,14288,1217,24,1
7572b,5634,435,1,0
5661b,5634,438,2,0
3542b,5634,439,3,0
3540b,5634,443,4,0
5802b,5634,446,5,0
317b,5634,448,6,0
1364b,5634,449,7,0
7542b,5634,451,8,0
5560b,5634,456,9,0
5211b,5634,456,10,0
567b,5634,456,11,0
3348b,5634,457,12,0
186b,5634,458,13,0
1276b,5634,458,14,0
1513b,5634,459,15,0
1146b,5634,460,16,0
1451b,5634,461,17,0
6835b,5634,464,18,0
6837b,5634,466,19,0
6466b,5634,468,20,0
6463b,5634,470,21,0
5956b,5634,471,22,0
6685b,5634,473,23,0
3007b,5634,475,24,1
3007b,5692,694,1,0
5955b,5692,695,2,0
6464b,5692,698,3,0
6465b,5692,700,4,0
6838b,5692,701,5,0
6836b,5692,702,6,0
387b,5692,706,7,0
38b,5692,707,8,0
445b,5692,709,9,0
801b,5692,710,10,0
1164b,5692,710,11,0
3329b,5692,712,12,0
1404b,5692,713,13,0
5210b,5692,714,14,0
4124b,5692,715,15,0
7541b,5692,718,16,0
3608b,5692,719,17,0
3609b,5692,720,18,0
5801b,5692,722,19,0
3788b,5692,723,20,0
3825b,5692,731,21,0
2247b,5692,731,22,0
3826b,5692,735,23,0
7572b,5692,738,24,1
7572b,3065,1005,1,0
5661b,3065,1009,2,0
3542b,3065,1010,3,0
3540b,3065,1014,4,0
5802b,3065,1017,5,0
317b,3065,1019,6,0
1364b,3065,1020,7,0
7542b,3065,1022,8,0
5560b,3065,1028,9,0
5211b,3065,1028,10,0
567b,3065,1029,11,0
3348b,3065,1029,12,0
186b,3065,1030,13,0
1276b,3065,1031,14,0
1513b,3065,1032,15,0
1146b,3065,1033,16,0
1451b,3065,1034,17,0
6835b,3065,1038,18,0
6837b,3065,1039,19,0
6466b,3065,1042,20,0
6463b,3065,1044,21,0
5956b,3065,1045,22,0
6685b,3065,1047,23,0
3007b,3065,1049,24,1
7572b,26430,425,1,0
5661b,26430,429,2,0
3542b,26430,430,3,0
3540b,26430,434,4,0
5802b,26430,437,5,0
317b,26430,439,6,0
1364b,26430,441,7,0
7542b,26430,443,8,0
5560b,26430,449,9,0
5211b,26430,449,10,0
567b,26430,450,11,0
3348b,26430,451,12,0
186b,26430,452,13,0
1276b,26430,453,14,0
1513b,26430,454,15,0
1146b,26430,455,16,0
1451b,26430,456,17,0
6835b,26430,459,18,0
6837b,26430,460,19,0
6466b,26430,462,20,0
6463b,26430,465,21,0
5956b,26430,467,22,0
6685b,26430,470,23,0
3007b,26430,472,24,1
3007b,14469,725,1,0
5955b,14469,726,2,0
6464b,14469,728,3,0
6465b,14469,730,4,0
6838b,14469,731,5,0
6836b,14469,732,6,0
387b,14469,736,7,0
38b,14469,737,8,0
445b,14469,738,9,0
801b,14469,739,10,0
1164b,14469,739,11,0
3329b,14469,741,12,0
1404b,14469,742,13,0
5210b,14469,743,14,0
4124b,14469,744,15,0
7541b,14469,747,16,0
3608b,14469,749,17,0
3609b,14469,750,18,0
5801b,14469,752,19,0
3788b,14469,753,20,0
3825b,14469,760,21,0
2247b,14469,760,22,0
3826b,14469,764,23,0
7572b,14469,767,24,1
3007b,14554,1155,1,0
5955b,14554,1156,2,0
6464b,14554,1159,3,0
6465b,14554,1161,4,0
6838b,14554,1162,5,0
6836b,14554,1164,6,0
387b,14554,1168,7,0
38b,14554,1169,8,0
445b,14554,1171,9,0
801b,14554,1172,10,0
1164b,14554,1172,11,0
3329b,14554,1174,12,0
1404b,14554,1175,13,0
5210b,14554,1176,14,0
4124b,14554,1177,15,0
7541b,14554,1180,16,0
3608b,14554,1181,17,0
3609b,14554,1182,18,0
5801b,14554,1184,19,0
3788b,14554,1185,20,0
3825b,14554,1193,21,0
2247b,14554,1193,22,0
3826b,14554,1197,23,0
7572b,14554,1201,24,1
3007b,26525,1215,1,0
5955b,26525,1216,2,0
6464b,26525,1217,3,0
6465b,26525,1219,4,0
6838b,26525,1220,5,0
6836b,26525,1221,6,0
387b,26525,1225,7,0
38b,26525,1225,8,0
445b,26525,1226,9,0
801b,26525,1226,10,0
1164b,26525,1226,11,0
3329b,26525,1227,12,0
1404b,26525,1228,13,0
5210b,26525,1228,14,0
4124b,26525,1229,15,0
7541b,26525,1232,16,0
3608b,26525,1233,17,0
3609b,26525,1234,18,0
5801b,26525,1236,19,0
3788b,26525,1237,20,0
3825b,26525,1243,21,0
2247b,26525,1243,22,0
3826b,26525,1246,23,0
7572b,26525,1248,24,1
3007b,5928,1135,1,0
5955b,5928,1136,2,0
6464b,5928,1139,3,0
6465b,5928,1141,4,0
6838b,5928,1142,5,0
6836b,5928,1144,6,0
387b,5928,1148,7,0
38b,5928,1149,8,0
445b,5928,1151,9,0
801b,5928,1152,10,0
1164b,5928,1152,11,0
3329b,5928,1154,12,0
1404b,5928,1155,13,0
5210b,5928,1156,14,0
4124b,5928,1157,15,0
7541b,5928,1160,16,0
3608b,5928,1162,17,0
3609b,5928,1163,18,0
5801b,5928,1165,19,0
3788b,5928,1167,20,0
3825b,5928,1175,21,0
2247b,5928,1175,22,0
3826b,5928,1179,23,0
7572b,5928,1183,24,1
7572b,3371,855,1,0
5661b,3371,859,2,0
3542b,3371,860,3,0
3540b,3371,864,4,0
5802b,3371,867,5,0
317b,3371,869,6,0
1364b,3371,870,7,0
7542b,3371,872,8,0
5560b,3371,878,9,0
5211b,3371,878,10,0
567b,3371,879,11,0
3348b,3371,879,12,0
186b,3371,880,13,0
1276b,3371,881,14,0
1513b,3371,882,15,0
1146b,3371,883,16,0
1451b,3371,884,17,0
6835b,3371,887,18,0
6837b,3371,889,19,0
6466b,3371,891,20,0
6463b,3371,893,21,0
5956b,3371,894,22,0
6685b,3371,896,23,0
3007b,3371,898,24,1
3007b,24084,460,1,0
5955b,24084,461,2,0
6464b,24084,462,3,0
6465b,24084,464,4,0
6838b,24084,465,5,0
6836b,24084,466,6,0
387b,24084,469,7,0
38b,24084,470,8,0
445b,24084,472,9,0
801b,24084,473,10,0
1164b,24084,473,11,0
3329b,24084,475,12,0
1404b,24084,476,13,0
5210b,24084,477,14,0
4124b,24084,478,15,0
7541b,24084,481,16,0
3608b,24084,482,17,0
3609b,24084,483,18,0
5801b,24084,485,19,0
3788b,24084,486,20,0
3825b,24084,492,21,0
2247b,24084,492,22,0
3826b,24084,495,23,0
7572b,24084,497,24,1
7572b,14862,525,1,0
5661b,14862,528,2,0
3542b,14862,529,3,0
3540b,14862,533,4,0
5802b,14862,536,5,0
317b,14862,538,6,0
1364b,14862,539,7,0
7542b,14862,541,8,0
5560b,14862,547,9,0
5211b,14862,547,10,0
567b,14862,547,11,0
3348b,14862,548,12,0
186b,14862,549,13,0
1276b,14862,549,14,0
1513b,14862,550,15,0
1146b,14862,551,16,0
1451b,14862,552,17,0
6835b,14862,555,18,0
6837b,14862,557,19,0
6466b,14862,559,20,0
6463b,14862,561,21,0
5956b,14862,562,22,0
6685b,14862,564,23,0
3007b,14862,566,24,1
3007b,12206,652,1,0
5955b,12206,653,2,0
6464b,12206,656,3,0
6465b,12206,658,4,0
6838b,12206,659,5,0
6836b,12206,660,6,0
387b,12206,664,7,0
38b,12206,665,8,0
445b,12206,667,9,0
801b,12206,668,10,0
1164b,12206,668,11,0
3329b,12206,670,12,0
1404b,12206,671,13,0
5210b,12206,672,14,0
4124b,12206,673,15,0
7541b,12206,676,16,0
3608b,12206,678,17,0
3609b,12206,679,18,0
5801b,12206,681,19,0
3788b,12206,682,20,0
3825b,12206,690,21,0
2247b,12206,690,22,0
3826b,12206,694,23,0
7572b,12206,697,24,1
3007b,3498,570,1,0
5955b,3498,571,2,0
6464b,3498,574,3,0
6465b,3498,576,4,0
6838b,3498,577,5,0
6836b,3498,578,6,0
387b,3498,582,7,0
38b,3498,583,8,0
445b,3498,585,9,0
801b,3498,586,10,0
1164b,3498,586,11,0
3329b,3498,588,12,0
1404b,3498,589,13,0
5210b,3498,590,14,0
4124b,3498,591,15,0
7541b,3498,594,16,0
3608b,3498,596,17,0
3609b,3498,597,18,0
5801b,3498,599,19,0
3788b,3498,600,20,0
3825b,3498,608,21,0
2247b,3498,608,22,0
3826b,3498,612,23,0
7572b,3498,616,24,1
7572b,26763,1150,1,0
5661b,26763,1154,2,0
3542b,26763,1155,3,0
3540b,26763,1159,4,0
5802b,26763,1162,5,0
317b,26763,1165,6,0
1364b,26763,1166,7,0
7542b,26763,1168,8,0
5560b,26763,1175,9,0
5211b,26763,1175,10,0
567b,26763,1176,11,0
3348b,26763,1177,12,0
186b,26763,1178,13,0
1276b,26763,1179,14,0
1513b,26763,1180,15,0
1146b,26763,1181,16,0
1451b,26763,1182,17,0
6835b,26763,1185,18,0
6837b,26763,1186,19,0
6466b,26763,1188,20,0
6463b,26763,1190,21,0
5956b,26763,1192,22,0
6685b,26763,1194,23,0
3007b,26763,1196,24,1
3007b,12186,585,1,0
5955b,12186,586,2,0
6464b,12186,587,3,0
6465b,12186,589,4,0
6838b,12186,590,5,0
6836b,12186,591,6,0
387b,12186,594,7,0
38b,12186,595,8,0
445b,12186,597,9,0
801b,12186,598,10,0
1164b,12186,598,11,0
3329b,12186,600,12,0
1404b,12186,601,13,0
5210b,12186,602,14,0
4124b,12186,603,15,0
7541b,12186,606,16,0
3608b,12186,607,17,0
3609b,12186,608,18,0
5801b,12186,610,19,0
3788b,12186,611,20,0
3825b,12186,617,21,0
2247b,12186,617,22,0
3826b,12186,620,23,0
7572b,12186,622,24,1
7572b,24160,990,1,0
5661b,24160,995,2,0
3542b,24160,996,3,0
3540b,24160,1000,4,0
5802b,24160,1003,5,0
317b,24160,1006,6,0
1364b,24160,1007,7,0
7542b,24160,1009,8,0
5560b,24160,1016,9,0
5211b,24160,1016,10,0
567b,24160,1017,11,0
3348b,24160,1018,12,0
186b,24160,1019,13,0
1276b,24160,1020,14,0
1513b,24160,1021,15,0
1146b,24160,1022,16,0
1451b,24160,1023,17,0
6835b,24160,1027,18,0
6837b,24160,1029,19,0
6466b,24160,1032,20,0
6463b,24160,1035,21,0
5956b,24160,1037,22,0
6685b,24160,1040,23,0
3007b,24160,1042,24,1
3007b,26966,600,1,0
5955b,26966,601,2,0
6464b,26966,603,3,0
6465b,26966,605,4,0
6838b,26966,606,5,0
6836b,26966,607,6,0
387b,26966,611,7,0
38b,26966,612,8,0
445b,26966,613,9,0
801b,26966,614,10,0
1164b,26966,614,11,0
3329b,26966,616,12,0
1404b,26966,617,13,0
5210b,26966,618,14,0
4124b,26966,619,15,0
7541b,26966,622,16,0
3608b,26966,624,17,0
3609b,26966,625,18,0
5801b,26966,627,19,0
3788b,26966,628,20,0
3825b,26966,635,21,0
2247b,26966,635,22,0
3826b,26966,639,23,0
7572b,26966,642,24,1
7572b,12287,1050,1,0
5661b,12287,1055,2,0
3542b,12287,1056,3,0
3540b,12287,1060,4,0
5802b,12287,1063,5,0
317b,12287,1066,6,0
1364b,12287,1067,7,0
7542b,12287,1069,8,0
5560b,12287,1076,9,0
5211b,12287,1076,10,0
567b,12287,1077,11,0
3348b,12287,1079,12,0
186b,12287,1080,13,0
1276b,12287,1081,14,0
1513b,12287,1083,15,0
1146b,12287,1085,16,0
1451b,12287,1087,17,0
6835b,12287,1091,18,0
6837b,12287,1093,19,0
6466b,12287,1096,20,0
6463b,12287,1099,21,0
5956b,12287,1101,22,0
6685b,12287,1104,23,0
3007b,12287,1106,24,1
