arret_id,trajet_id,heure_depart,stop_sequence,terminus
1269b,9660,395,1,0
3259b,9660,395,2,0
164b,9660,396,3,0
1683b,9660,397,4,0
1495b,9660,399,5,0
383b,9660,399,6,0
1912b,9660,400,7,0
1498b,9660,401,8,0
5983b,9660,401,9,0
3477b,9660,402,10,0
2902b,9660,403,11,0
1515b,9660,403,12,0
1541b,9660,403,13,0
790b,9660,404,14,0
2522b,9660,404,15,0
1888b,9660,404,16,0
1677b,9660,405,17,0
1376b,9660,405,18,0
1443b,9660,406,19,0
54b,9660,406,20,0
1903b,9660,406,21,0
1684b,9660,407,22,0
1675b,9660,409,23,0
1915b,9660,410,24,0
1682b,9660,410,25,0
668b,9660,411,26,0
1732b,9660,413,27,0
1346b,9660,413,28,0
1303b,9660,415,29,0
1751b,9660,415,30,0
5767b,9660,417,31,0
3943b,9660,418,32,0
3942b,9660,418,33,0
5419b,9660,420,34,0
3940b,9660,421,35,0
2143b,9660,423,36,0
106b,9660,424,37,0
2201b,9660,424,38,0
2147b,9660,425,39,0
5773b,9660,426,40,0
2656b,9660,426,41,0
2146b,9660,427,42,0
1821b,9660,428,43,0
5644b,9660,428,44,0
2019b,9660,429,45,0
2229b,9660,430,46,0
2173b,9660,431,47,0
2230b,9660,431,48,0
3662b,9660,432,49,0
2180b,9660,433,50,0
2175b,9660,434,51,0
1305b,9660,434,52,0
3890b,9660,435,53,0
127b,9660,436,54,0
2253b,9660,438,55,0
2240b,9660,438,56,0
2245b,9660,440,57,0
5991b,9660,442,58,0
5989b,9660,443,59,0
5986b,9660,445,60,0
6425b,9660,446,61,0
5984b,9660,446,62,0
115b,9660,447,63,0
2836b,9660,448,64,0
805b,9660,455,65,1
1269b,36375,395,1,0
3259b,36375,395,2,0
164b,36375,396,3,0
1683b,36375,397,4,0
1495b,36375,399,5,0
383b,36375,399,6,0
1912b,36375,400,7,0
1498b,36375,401,8,0
5983b,36375,401,9,0
3477b,36375,402,10,0
2902b,36375,403,11,0
1515b,36375,403,12,0
1541b,36375,403,13,0
790b,36375,404,14,0
2522b,36375,404,15,0
1888b,36375,404,16,0
1677b,36375,405,17,0
1376b,36375,405,18,0
1443b,36375,406,19,0
54b,36375,406,20,0
1903b,36375,406,21,0
1684b,36375,407,22,0
1675b,36375,409,23,0
1915b,36375,410,24,0
1682b,36375,410,25,0
668b,36375,411,26,0
1732b,36375,413,27,0
1346b,36375,413,28,0
1303b,36375,415,29,0
1751b,36375,415,30,0
5767b,36375,417,31,0
3943b,36375,418,32,0
3942b,36375,418,33,0
5419b,36375,420,34,0
3940b,36375,421,35,0
2143b,36375,423,36,0
106b,36375,424,37,0
2201b,36375,424,38,0
2147b,36375,425,39,0
5773b,36375,426,40,0
2656b,36375,426,41,0
2146b,36375,427,42,0
1821b,36375,428,43,0
5644b,36375,428,44,0
2019b,36375,429,45,0
2229b,36375,430,46,0
2173b,36375,431,47,0
2230b,36375,431,48,0
3662b,36375,432,49,0
2180b,36375,433,50,0
2175b,36375,434,51,0
1305b,36375,434,52,0
3890b,36375,435,53,0
127b,36375,436,54,0
2253b,36375,438,55,0
2240b,36375,438,56,0
2245b,36375,440,57,0
5991b,36375,442,58,0
5989b,36375,443,59,0
5986b,36375,445,60,0
6425b,36375,446,61,0
5984b,36375,446,62,0
115b,36375,447,63,0
2836b,36375,448,64,0
805b,36375,455,65,1
1582b,38187,730,1,0
2295b,38187,730,2,0
973b,38187,731,3,0
5985b,38187,731,4,0
6426b,38187,732,5,0
5987b,38187,732,6,0
5988b,38187,734,7,0
5990b,38187,735,8,0
1790b,38187,737,9,0
2169b,38187,739,10,0
1785b,38187,740,11,0
1406b,38187,741,12,0
3891b,38187,742,13,0
950b,38187,743,14,0
1108b,38187,744,15,0
2028b,38187,745,16,0
3663b,38187,745,17,0
3666b,38187,746,18,0
3668b,38187,746,19,0
1995b,38187,749,20,0
2071b,38187,749,21,0
2056b,38187,750,22,0
1514b,38187,751,23,0
1820b,38187,752,24,0
2248b,38187,753,25,0
2656b,38187,753,26,0
2144b,38187,754,27,0
2150b,38187,755,28,0
1870b,38187,755,29,0
2151b,38187,755,30,0
2148b,38187,756,31,0
3939b,38187,757,32,0
5418b,38187,758,33,0
3941b,38187,760,34,0
4850b,38187,761,35,0
5766b,38187,761,36,0
1882b,38187,763,37,0
2160b,38187,763,38,0
1571b,38187,765,39,0
1523b,38187,766,40,0
726b,38187,768,41,0
247b,38187,769,42,0
2011b,38187,770,43,0
2118b,38187,772,44,0
2088b,38187,774,45,0
1399b,38187,775,46,0
1883b,38187,776,47,0
1958b,38187,776,48,0
1524b,38187,777,49,0
1428b,38187,777,50,0
3296b,38187,778,51,0
1090b,38187,779,52,0
305b,38187,779,53,0
2869b,38187,780,54,0
3475b,38187,780,55,0
3476b,38187,781,56,0
1909b,38187,782,57,0
1679b,38187,782,58,0
1391b,38187,783,59,0
1268b,38187,784,60,0
47b,38187,785,61,0
2683b,38187,786,62,0
121b,38187,787,63,0
1889b,38187,788,64,1
1269b,18432,405,1,0
3259b,18432,405,2,0
164b,18432,406,3,0
1683b,18432,407,4,0
1495b,18432,409,5,0
383b,18432,409,6,0
1912b,18432,410,7,0
1498b,18432,411,8,0
5983b,18432,411,9,0
3477b,18432,412,10,0
2902b,18432,413,11,0
1515b,18432,413,12,0
1541b,18432,413,13,0
790b,18432,414,14,0
2522b,18432,414,15,0
1888b,18432,414,16,0
1677b,18432,415,17,0
1376b,18432,415,18,0
1443b,18432,416,19,0
54b,18432,416,20,0
1903b,18432,416,21,0
1684b,18432,417,22,0
1675b,18432,419,23,0
1915b,18432,420,24,0
1682b,18432,420,25,0
668b,18432,421,26,0
1732b,18432,423,27,0
1346b,18432,423,28,0
1303b,18432,425,29,0
1751b,18432,425,30,0
5767b,18432,427,31,0
3943b,18432,428,32,0
3942b,18432,428,33,0
5419b,18432,430,34,0
3940b,18432,431,35,0
2143b,18432,433,36,0
106b,18432,434,37,0
2201b,18432,434,38,0
2147b,18432,435,39,0
5773b,18432,436,40,0
2656b,18432,436,41,0
2146b,18432,437,42,0
1821b,18432,438,43,0
5644b,18432,438,44,0
2019b,18432,439,45,0
2229b,18432,440,46,0
2173b,18432,441,47,0
2230b,18432,441,48,0
3662b,18432,442,49,0
2180b,18432,443,50,0
3663b,18432,444,51,0
3666b,18432,445,52,0
3668b,18432,445,53,0
2175b,18432,448,54,0
1305b,18432,448,55,0
3890b,18432,449,56,0
127b,18432,450,57,0
2253b,18432,452,58,0
2240b,18432,452,59,0
2245b,18432,454,60,0
5991b,18432,456,61,0
5989b,18432,457,62,0
5986b,18432,459,63,0
6425b,18432,460,64,0
5984b,18432,460,65,0
115b,18432,461,66,0
2836b,18432,462,67,0
805b,18432,469,68,1
1269b,18007,405,1,0
3259b,18007,405,2,0
164b,18007,406,3,0
1683b,18007,407,4,0
1495b,18007,409,5,0
383b,18007,409,6,0
1912b,18007,410,7,0
1498b,18007,411,8,0
5983b,18007,411,9,0
3477b,18007,412,10,0
2902b,18007,413,11,0
1515b,18007,413,12,0
1541b,18007,413,13,0
790b,18007,414,14,0
2522b,18007,414,15,0
1888b,18007,414,16,0
1677b,18007,415,17,0
1376b,18007,415,18,0
1443b,18007,416,19,0
54b,18007,416,20,0
1903b,18007,416,21,0
1684b,18007,417,22,0
1675b,18007,419,23,0
1915b,18007,420,24,0
1682b,18007,420,25,0
668b,18007,421,26,0
1732b,18007,423,27,0
1346b,18007,423,28,0
1303b,18007,425,29,0
1751b,18007,425,30,0
5767b,18007,427,31,0
3943b,18007,428,32,0
3942b,18007,428,33,0
5419b,18007,430,34,0
3940b,18007,431,35,0
2143b,18007,433,36,0
106b,18007,434,37,0
2201b,18007,434,38,0
2147b,18007,435,39,0
5773b,18007,436,40,0
2656b,18007,436,41,0
2146b,18007,437,42,0
1821b,18007,438,43,0
5644b,18007,438,44,0
2019b,18007,439,45,0
2229b,18007,440,46,0
2173b,18007,441,47,0
2230b,18007,441,48,0
3662b,18007,442,49,0
2180b,18007,443,50,0
3663b,18007,444,51,0
3666b,18007,445,52,0
3668b,18007,445,53,0
2175b,18007,448,54,0
1305b,18007,448,55,0
3890b,18007,449,56,0
127b,18007,450,57,0
2253b,18007,452,58,0
2240b,18007,452,59,0
2245b,18007,454,60,0
5991b,18007,456,61,0
5989b,18007,457,62,0
5986b,18007,459,63,0
6425b,18007,460,64,0
5984b,18007,460,65,0
115b,18007,461,66,0
2836b,18007,462,67,0
805b,18007,469,68,1
1582b,24110,1060,1,0
2295b,24110,1060,2,0
973b,24110,1061,3,0
5985b,24110,1061,4,0
6426b,24110,1062,5,0
5987b,24110,1062,6,0
5988b,24110,1064,7,0
5990b,24110,1065,8,0
1790b,24110,1067,9,0
2169b,24110,1069,10,0
1785b,24110,1070,11,0
1406b,24110,1071,12,0
3891b,24110,1072,13,0
950b,24110,1073,14,0
1108b,24110,1074,15,0
2028b,24110,1075,16,0
1995b,24110,1076,17,0
2071b,24110,1076,18,0
2056b,24110,1077,19,0
1514b,24110,1078,20,0
1820b,24110,1079,21,0
2248b,24110,1080,22,0
2656b,24110,1080,23,0
2144b,24110,1081,24,0
2150b,24110,1082,25,0
1870b,24110,1082,26,0
2151b,24110,1082,27,0
2148b,24110,1083,28,0
3939b,24110,1084,29,0
5418b,24110,1085,30,0
3941b,24110,1087,31,0
4850b,24110,1088,32,0
5766b,24110,1088,33,0
1882b,24110,1090,34,0
2160b,24110,1090,35,0
1571b,24110,1092,36,0
1523b,24110,1093,37,0
726b,24110,1095,38,0
247b,24110,1096,39,0
2011b,24110,1097,40,0
2118b,24110,1099,41,0
2088b,24110,1101,42,0
1399b,24110,1102,43,0
1883b,24110,1103,44,0
1958b,24110,1103,45,0
1524b,24110,1104,46,0
1428b,24110,1104,47,0
3296b,24110,1105,48,0
1090b,24110,1106,49,0
305b,24110,1106,50,0
2869b,24110,1107,51,0
3475b,24110,1107,52,0
3476b,24110,1108,53,0
1909b,24110,1109,54,0
1679b,24110,1109,55,0
1391b,24110,1110,56,0
1268b,24110,1111,57,0
47b,24110,1112,58,0
2683b,24110,1113,59,0
121b,24110,1114,60,0
1889b,24110,1115,61,1
