arret_id,trajet_id,heure_depart,stop_sequence,terminus
7992b,12603,580,1,0
7993b,12603,580,2,0
2216b,12603,582,3,0
2215b,12603,583,4,0
7925b,12603,584,5,0
2338b,12603,585,6,0
7991b,12603,593,7,0
5965b,12603,594,8,0
7994b,12603,595,9,1
7992b,1372,840,1,0
7993b,1372,840,2,0
2216b,1372,842,3,0
2215b,1372,843,4,0
7925b,1372,844,5,0
2338b,1372,845,6,0
7991b,1372,853,7,0
5965b,1372,854,8,0
7994b,1372,855,9,1
7992b,12817,920,1,0
7993b,12817,920,2,0
2216b,12817,922,3,0
2215b,12817,923,4,0
7925b,12817,924,5,0
2338b,12817,925,6,0
7991b,12817,933,7,0
5965b,12817,934,8,0
7994b,12817,935,9,1
7992b,12800,660,1,0
7993b,12800,660,2,0
2216b,12800,662,3,0
2215b,12800,663,4,0
7925b,12800,664,5,0
2338b,12800,665,6,0
7991b,12800,673,7,0
5965b,12800,674,8,0
7994b,12800,675,9,1
7992b,10254,1020,1,0
7993b,10254,1020,2,0
2216b,10254,1022,3,0
2215b,10254,1023,4,0
7925b,10254,1024,5,0
2338b,10254,1025,6,0
7991b,10254,1033,7,0
5965b,10254,1034,8,0
7994b,10254,1035,9,1
7992b,1537,940,1,0
7993b,1537,940,2,0
2216b,1537,942,3,0
2215b,1537,943,4,0
7925b,1537,944,5,0
2338b,1537,945,6,0
7991b,1537,953,7,0
5965b,1537,954,8,0
7994b,1537,955,9,1
7992b,22363,1000,1,0
7993b,22363,1000,2,0
2216b,22363,1002,3,0
2215b,22363,1003,4,0
7925b,22363,1004,5,0
2338b,22363,1005,6,0
7991b,22363,1013,7,0
5965b,22363,1014,8,0
7994b,22363,1015,9,1
7992b,22448,880,1,0
7993b,22448,880,2,0
2216b,22448,882,3,0
2215b,22448,883,4,0
7925b,22448,884,5,0
2338b,22448,885,6,0
7991b,22448,893,7,0
5965b,22448,894,8,0
7994b,22448,895,9,1
7992b,34707,1140,1,0
7993b,34707,1140,2,0
2216b,34707,1142,3,0
2215b,34707,1143,4,0
7925b,34707,1144,5,0
2338b,34707,1145,6,0
7991b,34707,1153,7,0
5965b,34707,1154,8,0
7994b,34707,1155,9,1
7992b,32182,1120,1,0
7993b,32182,1120,2,0
2216b,32182,1122,3,0
2215b,32182,1123,4,0
7925b,32182,1124,5,0
2338b,32182,1125,6,0
7991b,32182,1133,7,0
5965b,32182,1134,8,0
7994b,32182,1135,9,1
7992b,32355,860,1,0
7993b,32355,860,2,0
2216b,32355,862,3,0
2215b,32355,863,4,0
7925b,32355,864,5,0
2338b,32355,865,6,0
7991b,32355,873,7,0
5965b,32355,874,8,0
7994b,32355,875,9,1
7992b,20462,1060,1,0
7993b,20462,1060,2,0
2216b,20462,1062,3,0
2215b,20462,1063,4,0
7925b,20462,1064,5,0
2338b,20462,1065,6,0
7991b,20462,1073,7,0
5965b,20462,1074,8,0
7994b,20462,1075,9,1
7992b,8105,760,1,0
7993b,8105,760,2,0
2216b,8105,762,3,0
2215b,8105,763,4,0
7925b,8105,764,5,0
2338b,8105,765,6,0
7991b,8105,773,7,0
5965b,8105,774,8,0
7994b,8105,775,9,1
7992b,20653,820,1,0
7993b,20653,820,2,0
2216b,20653,822,3,0
2215b,20653,823,4,0
7925b,20653,824,5,0
2338b,20653,825,6,0
7991b,20653,833,7,0
5965b,20653,834,8,0
7994b,20653,835,9,1
7992b,29125,960,1,0
7993b,29125,960,2,0
2216b,29125,962,3,0
2215b,29125,963,4,0
7925b,29125,964,5,0
2338b,29125,965,6,0
7991b,29125,973,7,0
5965b,29125,974,8,0
7994b,29125,975,9,1
7992b,29198,620,1,0
7993b,29198,620,2,0
2216b,29198,622,3,0
2215b,29198,623,4,0
7925b,29198,624,5,0
2338b,29198,625,6,0
7991b,29198,633,7,0
5965b,29198,634,8,0
7994b,29198,635,9,1
7992b,29264,1080,1,0
7993b,29264,1080,2,0
2216b,29264,1082,3,0
2215b,29264,1083,4,0
7925b,29264,1084,5,0
2338b,29264,1085,6,0
7991b,29264,1093,7,0
5965b,29264,1094,8,0
7994b,29264,1095,9,1
7992b,17322,1040,1,0
7993b,17322,1040,2,0
2216b,17322,1042,3,0
2215b,17322,1043,4,0
7925b,17322,1044,5,0
2338b,17322,1045,6,0
7991b,17322,1053,7,0
5965b,17322,1054,8,0
7994b,17322,1055,9,1
7992b,19947,720,1,0
7993b,19947,720,2,0
2216b,19947,722,3,0
2215b,19947,723,4,0
7925b,19947,724,5,0
2338b,19947,725,6,0
7991b,19947,733,7,0
5965b,19947,734,8,0
7994b,19947,735,9,1
7992b,30449,600,1,0
7993b,30449,600,2,0
2216b,30449,602,3,0
2215b,30449,603,4,0
7925b,30449,604,5,0
2338b,30449,605,6,0
7991b,30449,613,7,0
5965b,30449,614,8,0
7994b,30449,615,9,1
7992b,29699,740,1,0
7993b,29699,740,2,0
2216b,29699,742,3,0
2215b,29699,743,4,0
7925b,29699,744,5,0
2338b,29699,745,6,0
7991b,29699,753,7,0
5965b,29699,754,8,0
7994b,29699,755,9,1
7992b,29676,760,1,0
7993b,29676,760,2,0
2216b,29676,762,3,0
2215b,29676,763,4,0
7925b,29676,764,5,0
2338b,29676,765,6,0
7991b,29676,773,7,0
5965b,29676,774,8,0
7994b,29676,775,9,1
7992b,15146,780,1,0
7993b,15146,780,2,0
2216b,15146,782,3,0
2215b,15146,783,4,0
7925b,15146,784,5,0
2338b,15146,785,6,0
7991b,15146,793,7,0
5965b,15146,794,8,0
7994b,15146,795,9,1
7992b,15237,900,1,0
7993b,15237,900,2,0
2216b,15237,902,3,0
2215b,15237,903,4,0
7925b,15237,904,5,0
2338b,15237,905,6,0
7991b,15237,913,7,0
5965b,15237,914,8,0
7994b,15237,915,9,1
7992b,29930,860,1,0
7993b,29930,860,2,0
2216b,29930,862,3,0
2215b,29930,863,4,0
7925b,29930,864,5,0
2338b,29930,865,6,0
7991b,29930,873,7,0
5965b,29930,874,8,0
7994b,29930,875,9,1
7992b,27542,1100,1,0
7993b,27542,1100,2,0
2216b,27542,1102,3,0
2215b,27542,1103,4,0
7925b,27542,1104,5,0
2338b,27542,1105,6,0
7991b,27542,1113,7,0
5965b,27542,1114,8,0
7994b,27542,1115,9,1
7992b,27682,640,1,0
7993b,27682,640,2,0
2216b,27682,642,3,0
2215b,27682,643,4,0
7925b,27682,644,5,0
2338b,27682,645,6,0
7991b,27682,653,7,0
5965b,27682,654,8,0
7994b,27682,655,9,1
7992b,37193,660,1,0
7993b,37193,660,2,0
2216b,37193,662,3,0
2215b,37193,663,4,0
7925b,37193,664,5,0
2338b,37193,665,6,0
7991b,37193,673,7,0
5965b,37193,674,8,0
7994b,37193,675,9,1
7992b,25219,1140,1,0
7993b,25219,1140,2,0
2216b,25219,1142,3,0
2215b,25219,1143,4,0
7925b,25219,1144,5,0
2338b,25219,1145,6,0
7991b,25219,1153,7,0
5965b,25219,1154,8,0
7994b,25219,1155,9,1
7992b,4629,620,1,0
7993b,4629,620,2,0
2216b,4629,622,3,0
2215b,4629,623,4,0
7925b,4629,624,5,0
2338b,4629,625,6,0
7991b,4629,633,7,0
5965b,4629,634,8,0
7994b,4629,635,9,1
7992b,25317,820,1,0
7993b,25317,820,2,0
2216b,25317,822,3,0
2215b,25317,823,4,0
7925b,25317,824,5,0
2338b,25317,825,6,0
7991b,25317,833,7,0
5965b,25317,834,8,0
7994b,25317,835,9,1
7992b,25418,800,1,0
7993b,25418,800,2,0
2216b,25418,802,3,0
2215b,25418,803,4,0
7925b,25418,804,5,0
2338b,25418,805,6,0
7991b,25418,813,7,0
5965b,25418,814,8,0
7994b,25418,815,9,1
7992b,25483,880,1,0
7993b,25483,880,2,0
2216b,25483,882,3,0
2215b,25483,883,4,0
7925b,25483,884,5,0
2338b,25483,885,6,0
7991b,25483,893,7,0
5965b,25483,894,8,0
7994b,25483,895,9,1
7992b,13576,920,1,0
7993b,13576,920,2,0
2216b,13576,922,3,0
2215b,13576,923,4,0
7925b,13576,924,5,0
2338b,13576,925,6,0
7991b,13576,933,7,0
5965b,13576,934,8,0
7994b,13576,935,9,1
7992b,2335,580,1,0
7993b,2335,580,2,0
2216b,2335,582,3,0
2215b,2335,583,4,0
7925b,2335,584,5,0
2338b,2335,585,6,0
7991b,2335,593,7,0
5965b,2335,594,8,0
7994b,2335,595,9,1
7992b,25744,700,1,0
7993b,25744,700,2,0
2216b,25744,702,3,0
2215b,25744,703,4,0
7925b,25744,704,5,0
2338b,25744,705,6,0
7991b,25744,713,7,0
5965b,25744,714,8,0
7994b,25744,715,9,1
7992b,13896,960,1,0
7993b,13896,960,2,0
2216b,13896,962,3,0
2215b,13896,963,4,0
7925b,13896,964,5,0
2338b,13896,965,6,0
7991b,13896,973,7,0
5965b,13896,974,8,0
7994b,13896,975,9,1
7992b,25958,1000,1,0
7993b,25958,1000,2,0
2216b,25958,1002,3,0
2215b,25958,1003,4,0
7925b,25958,1004,5,0
2338b,25958,1005,6,0
7991b,25958,1013,7,0
5965b,25958,1014,8,0
7994b,25958,1015,9,1
7992b,35408,1020,1,0
7993b,35408,1020,2,0
2216b,35408,1022,3,0
2215b,35408,1023,4,0
7925b,35408,1024,5,0
2338b,35408,1025,6,0
7991b,35408,1033,7,0
5965b,35408,1034,8,0
7994b,35408,1035,9,1
7992b,35638,720,1,0
7993b,35638,720,2,0
2216b,35638,722,3,0
2215b,35638,723,4,0
7925b,35638,724,5,0
2338b,35638,725,6,0
7991b,35638,733,7,0
5965b,35638,734,8,0
7994b,35638,735,9,1
7992b,18139,640,1,0
7993b,18139,640,2,0
2216b,18139,642,3,0
2215b,18139,643,4,0
7925b,18139,644,5,0
2338b,18139,645,6,0
7991b,18139,653,7,0
5965b,18139,654,8,0
7994b,18139,655,9,1
7992b,21714,980,1,0
7993b,21714,980,2,0
2216b,21714,982,3,0
2215b,21714,983,4,0
7925b,21714,984,5,0
2338b,21714,985,6,0
7991b,21714,993,7,0
5965b,21714,994,8,0
7994b,21714,995,9,1
7992b,18262,1060,1,0
7993b,18262,1060,2,0
2216b,18262,1062,3,0
2215b,18262,1063,4,0
7925b,18262,1064,5,0
2338b,18262,1065,6,0
7991b,18262,1073,7,0
5965b,18262,1074,8,0
7994b,18262,1075,9,1
7992b,21971,1040,1,0
7993b,21971,1040,2,0
2216b,21971,1042,3,0
2215b,21971,1043,4,0
7925b,21971,1044,5,0
2338b,21971,1045,6,0
7991b,21971,1053,7,0
5965b,21971,1054,8,0
7994b,21971,1055,9,1
7992b,18496,940,1,0
7993b,18496,940,2,0
2216b,18496,942,3,0
2215b,18496,943,4,0
7925b,18496,944,5,0
2338b,18496,945,6,0
7991b,18496,953,7,0
5965b,18496,954,8,0
7994b,18496,955,9,1
7992b,16117,1120,1,0
7993b,16117,1120,2,0
2216b,16117,1122,3,0
2215b,16117,1123,4,0
7925b,16117,1124,5,0
2338b,16117,1125,6,0
7991b,16117,1133,7,0
5965b,16117,1134,8,0
7994b,16117,1135,9,1
7992b,648,680,1,0
7993b,648,680,2,0
2216b,648,682,3,0
2215b,648,683,4,0
7925b,648,684,5,0
2338b,648,685,6,0
7991b,648,693,7,0
5965b,648,694,8,0
7994b,648,695,9,1
7992b,7674,1100,1,0
7993b,7674,1100,2,0
2216b,7674,1102,3,0
2215b,7674,1103,4,0
7925b,7674,1104,5,0
2338b,7674,1105,6,0
7991b,7674,1113,7,0
5965b,7674,1114,8,0
7994b,7674,1115,9,1
7992b,5081,680,1,0
7993b,5081,680,2,0
2216b,5081,682,3,0
2215b,5081,683,4,0
7925b,5081,684,5,0
2338b,5081,685,6,0
7991b,5081,693,7,0
5965b,5081,694,8,0
7994b,5081,695,9,1
7992b,799,840,1,0
7993b,799,840,2,0
2216b,799,842,3,0
2215b,799,843,4,0
7925b,799,844,5,0
2338b,799,845,6,0
7991b,799,853,7,0
5965b,799,854,8,0
7994b,799,855,9,1
7992b,14015,1080,1,0
7993b,14015,1080,2,0
2216b,14015,1082,3,0
2215b,14015,1083,4,0
7925b,14015,1084,5,0
2338b,14015,1085,6,0
7991b,14015,1093,7,0
5965b,14015,1094,8,0
7994b,14015,1095,9,1
7992b,5580,980,1,0
7993b,5580,980,2,0
2216b,5580,982,3,0
2215b,5580,983,4,0
7925b,5580,984,5,0
2338b,5580,985,6,0
7991b,5580,993,7,0
5965b,5580,994,8,0
7994b,5580,995,9,1
7992b,16944,700,1,0
7993b,16944,700,2,0
2216b,16944,702,3,0
2215b,16944,703,4,0
7925b,16944,704,5,0
2338b,16944,705,6,0
7991b,16944,713,7,0
5965b,16944,714,8,0
7994b,16944,715,9,1
7992b,26339,780,1,0
7993b,26339,780,2,0
2216b,26339,782,3,0
2215b,26339,783,4,0
7925b,26339,784,5,0
2338b,26339,785,6,0
7991b,26339,793,7,0
5965b,26339,794,8,0
7994b,26339,795,9,1
7992b,14443,800,1,0
7993b,14443,800,2,0
2216b,14443,802,3,0
2215b,14443,803,4,0
7925b,14443,804,5,0
2338b,14443,805,6,0
7991b,14443,813,7,0
5965b,14443,814,8,0
7994b,14443,815,9,1
7992b,5892,900,1,0
7993b,5892,900,2,0
2216b,5892,902,3,0
2215b,5892,903,4,0
7925b,5892,904,5,0
2338b,5892,905,6,0
7991b,5892,913,7,0
5965b,5892,914,8,0
7994b,5892,915,9,1
7992b,3584,600,1,0
7993b,3584,600,2,0
2216b,3584,602,3,0
2215b,3584,603,4,0
7925b,3584,604,5,0
2338b,3584,605,6,0
7991b,3584,613,7,0
5965b,3584,614,8,0
7994b,3584,615,9,1
7992b,36290,740,1,0
7993b,36290,740,2,0
2216b,36290,742,3,0
2215b,36290,743,4,0
7925b,36290,744,5,0
2338b,36290,745,6,0
7991b,36290,753,7,0
5965b,36290,754,8,0
7994b,36290,755,9,1
