arret_id,trajet_id,heure_depart,stop_sequence,terminus
4008b,35700,1110,1,0
3797b,35700,1110,2,0
1614b,35700,1111,3,0
1671b,35700,1112,4,0
562b,35700,1113,5,0
475b,35700,1115,6,0
2868b,35700,1116,7,0
626b,35700,1118,8,0
1617b,35700,1119,9,0
555b,35700,1120,10,0
1621b,35700,1121,11,0
4075b,35700,1121,12,0
1544b,35700,1122,13,0
3807b,35700,1123,14,0
3809b,35700,1125,15,0
245b,35700,1125,16,0
7832b,35700,1126,17,0
3522b,35700,1128,18,0
390b,35700,1129,19,0
59b,35700,1131,20,0
4043b,35700,1132,21,1
4043b,22530,1170,1,0
1b,22530,1171,2,0
1348b,22530,1171,3,0
3521b,22530,1172,4,0
7831b,22530,1173,5,0
1069b,22530,1174,6,0
3810b,22530,1175,7,0
3808b,22530,1175,8,0
174b,22530,1177,9,0
4074b,22530,1177,10,0
4044b,22530,1178,11,0
846b,22530,1178,12,0
1551b,22530,1179,13,0
1815b,22530,1179,14,0
1665b,22530,1181,15,0
841b,22530,1182,16,0
451b,22530,1183,17,0
2633b,22530,1184,18,0
1634b,22530,1185,19,0
371b,22530,1187,20,0
4008b,22530,1188,21,1
4043b,24679,1020,1,0
1b,24679,1021,2,0
1348b,24679,1022,3,0
3521b,24679,1023,4,0
7831b,24679,1025,5,0
1069b,24679,1026,6,0
3810b,24679,1027,7,0
3808b,24679,1028,8,0
174b,24679,1029,9,0
4074b,24679,1030,10,0
4044b,24679,1031,11,0
846b,24679,1031,12,0
1551b,24679,1032,13,0
1815b,24679,1033,14,0
1665b,24679,1036,15,0
841b,24679,1037,16,0
451b,24679,1039,17,0
2633b,24679,1041,18,0
1634b,24679,1042,19,0
371b,24679,1044,20,0
4008b,24679,1045,21,1
4008b,24769,1050,1,0
3797b,24769,1050,2,0
1614b,24769,1051,3,0
1671b,24769,1052,4,0
562b,24769,1053,5,0
475b,24769,1055,6,0
2868b,24769,1057,7,0
626b,24769,1059,8,0
1617b,24769,1060,9,0
555b,24769,1061,10,0
1621b,24769,1063,11,0
4075b,24769,1063,12,0
1544b,24769,1064,13,0
3807b,24769,1066,14,0
3809b,24769,1067,15,0
245b,24769,1068,16,0
7832b,24769,1069,17,0
3522b,24769,1070,18,0
390b,24769,1072,19,0
59b,24769,1073,20,0
4043b,24769,1075,21,1
4008b,24580,840,1,0
3797b,24580,840,2,0
1614b,24580,841,3,0
1671b,24580,842,4,0
562b,24580,843,5,0
475b,24580,845,6,0
2868b,24580,847,7,0
626b,24580,849,8,0
1617b,24580,850,9,0
555b,24580,851,10,0
1621b,24580,852,11,0
4075b,24580,852,12,0
1544b,24580,853,13,0
3807b,24580,854,14,0
3809b,24580,855,15,0
245b,24580,856,16,0
7832b,24580,857,17,0
3522b,24580,858,18,0
390b,24580,859,19,0
59b,24580,861,20,0
4043b,24580,862,21,1
4008b,14999,690,1,0
3797b,14999,690,2,0
1614b,14999,691,3,0
1671b,14999,692,4,0
562b,14999,693,5,0
475b,14999,695,6,0
2868b,14999,696,7,0
626b,14999,698,8,0
1617b,14999,699,9,0
555b,14999,700,10,0
1621b,14999,701,11,0
4075b,14999,701,12,0
1544b,14999,702,13,0
3807b,14999,703,14,0
3809b,14999,704,15,0
245b,14999,705,16,0
7832b,14999,706,17,0
3522b,14999,707,18,0
390b,14999,708,19,0
59b,14999,710,20,0
4043b,14999,711,21,1
4043b,35546,610,1,0
1b,35546,611,2,0
1348b,35546,612,3,0
3521b,35546,613,4,0
7831b,35546,614,5,0
1069b,35546,615,6,0
3810b,35546,615,7,0
3808b,35546,616,8,0
174b,35546,617,9,0
4074b,35546,618,10,0
4044b,35546,619,11,0
846b,35546,619,12,0
1551b,35546,620,13,0
1815b,35546,621,14,0
1665b,35546,622,15,0
841b,35546,624,16,0
451b,35546,625,17,0
2633b,35546,626,18,0
1634b,35546,627,19,0
371b,35546,629,20,0
4008b,35546,630,21,1
4008b,24495,665,1,0
3797b,24495,665,2,0
1614b,24495,667,3,0
1671b,24495,668,4,0
562b,24495,669,5,0
475b,24495,671,6,0
2868b,24495,672,7,0
626b,24495,674,8,0
1617b,24495,675,9,0
555b,24495,676,10,0
1621b,24495,677,11,0
4075b,24495,677,12,0
1544b,24495,678,13,0
3807b,24495,679,14,0
3809b,24495,681,15,0
245b,24495,681,16,0
7832b,24495,682,17,0
3522b,24495,684,18,0
390b,24495,685,19,0
59b,24495,687,20,0
4043b,24495,688,21,1
4008b,24516,1200,1,0
3797b,24516,1200,2,0
1614b,24516,1202,3,0
1671b,24516,1203,4,0
562b,24516,1204,5,0
475b,24516,1206,6,0
2868b,24516,1207,7,0
626b,24516,1209,8,0
1617b,24516,1210,9,0
555b,24516,1211,10,0
1621b,24516,1212,11,0
4075b,24516,1212,12,0
1544b,24516,1213,13,0
3807b,24516,1214,14,0
3809b,24516,1215,15,0
245b,24516,1216,16,0
7832b,24516,1217,17,0
3522b,24516,1218,18,0
390b,24516,1219,19,0
59b,24516,1221,20,0
4043b,24516,1222,21,1
4008b,31243,985,1,0
3797b,31243,986,2,0
1614b,31243,987,3,0
1671b,31243,988,4,0
562b,31243,990,5,0
475b,31243,992,6,0
2868b,31243,994,7,0
626b,31243,997,8,0
1617b,31243,998,9,0
555b,31243,999,10,0
1621b,31243,1000,11,0
4075b,31243,1000,12,0
1544b,31243,1001,13,0
3807b,31243,1003,14,0
3809b,31243,1004,15,0
245b,31243,1005,16,0
7832b,31243,1007,17,0
3522b,31243,1008,18,0
390b,31243,1010,19,0
59b,31243,1011,20,0
4043b,31243,1013,21,1
4043b,10607,1170,1,0
1b,10607,1171,2,0
1348b,10607,1171,3,0
3521b,10607,1172,4,0
7831b,10607,1173,5,0
1069b,10607,1174,6,0
3810b,10607,1175,7,0
3808b,10607,1175,8,0
174b,10607,1177,9,0
4074b,10607,1177,10,0
4044b,10607,1178,11,0
846b,10607,1178,12,0
1551b,10607,1179,13,0
1815b,10607,1179,14,0
1665b,10607,1181,15,0
841b,10607,1182,16,0
451b,10607,1183,17,0
2633b,10607,1184,18,0
1634b,10607,1185,19,0
371b,10607,1187,20,0
4008b,10607,1188,21,1
4043b,12934,450,1,0
1b,12934,451,2,0
1348b,12934,452,3,0
3521b,12934,453,4,0
7831b,12934,454,5,0
1069b,12934,455,6,0
3810b,12934,455,7,0
3808b,12934,456,8,0
174b,12934,457,9,0
4074b,12934,458,10,0
4044b,12934,459,11,0
846b,12934,459,12,0
1551b,12934,460,13,0
1815b,12934,460,14,0
1665b,12934,462,15,0
841b,12934,463,16,0
451b,12934,464,17,0
2633b,12934,466,18,0
1634b,12934,467,19,0
371b,12934,469,20,0
4008b,12934,470,21,1
4043b,31124,445,1,0
1b,31124,446,2,0
1348b,31124,447,3,0
3521b,31124,448,4,0
7831b,31124,450,5,0
1069b,31124,451,6,0
3810b,31124,452,7,0
3808b,31124,453,8,0
174b,31124,454,9,0
4074b,31124,455,10,0
4044b,31124,456,11,0
846b,31124,456,12,0
1551b,31124,457,13,0
1815b,31124,458,14,0
1665b,31124,459,15,0
841b,31124,461,16,0
451b,31124,462,17,0
2633b,31124,464,18,0
1634b,31124,465,19,0
371b,31124,467,20,0
4008b,31124,468,21,1
4043b,35303,550,1,0
1b,35303,551,2,0
1348b,35303,552,3,0
3521b,35303,553,4,0
7831b,35303,554,5,0
1069b,35303,555,6,0
3810b,35303,556,7,0
3808b,35303,557,8,0
174b,35303,558,9,0
4074b,35303,559,10,0
4044b,35303,560,11,0
846b,35303,560,12,0
1551b,35303,561,13,0
1815b,35303,562,14,0
1665b,35303,563,15,0
841b,35303,565,16,0
451b,35303,566,17,0
2633b,35303,567,18,0
1634b,35303,568,19,0
371b,35303,570,20,0
4008b,35303,571,21,1
4043b,12664,760,1,0
1b,12664,761,2,0
1348b,12664,762,3,0
3521b,12664,763,4,0
7831b,12664,764,5,0
1069b,12664,765,6,0
3810b,12664,765,7,0
3808b,12664,766,8,0
174b,12664,767,9,0
4074b,12664,768,10,0
4044b,12664,769,11,0
846b,12664,769,12,0
1551b,12664,770,13,0
1815b,12664,771,14,0
1665b,12664,772,15,0
841b,12664,774,16,0
451b,12664,775,17,0
2633b,12664,777,18,0
1634b,12664,778,19,0
371b,12664,780,20,0
4008b,12664,781,21,1
4043b,7107,1230,1,0
1b,7107,1231,2,0
1348b,7107,1232,3,0
3521b,7107,1233,4,0
7831b,7107,1234,5,0
1069b,7107,1235,6,0
3810b,7107,1235,7,0
3808b,7107,1236,8,0
174b,7107,1237,9,0
4074b,7107,1238,10,0
4044b,7107,1239,11,0
846b,7107,1239,12,0
1551b,7107,1240,13,0
1815b,7107,1241,14,0
1665b,7107,1242,15,0
841b,7107,1244,16,0
451b,7107,1245,17,0
2633b,7107,1246,18,0
1634b,7107,1247,19,0
371b,7107,1249,20,0
4008b,7107,1250,21,1
4043b,12333,540,1,0
1b,12333,541,2,0
1348b,12333,542,3,0
3521b,12333,543,4,0
7831b,12333,544,5,0
1069b,12333,545,6,0
3810b,12333,545,7,0
3808b,12333,546,8,0
174b,12333,547,9,0
4074b,12333,548,10,0
4044b,12333,549,11,0
846b,12333,549,12,0
1551b,12333,550,13,0
1815b,12333,550,14,0
1665b,12333,552,15,0
841b,12333,553,16,0
451b,12333,554,17,0
2633b,12333,555,18,0
1634b,12333,556,19,0
371b,12333,558,20,0
4008b,12333,559,21,1
4008b,12501,630,1,0
3797b,12501,630,2,0
1614b,12501,631,3,0
1671b,12501,632,4,0
562b,12501,633,5,0
475b,12501,634,6,0
2868b,12501,636,7,0
626b,12501,638,8,0
1617b,12501,639,9,0
555b,12501,640,10,0
1621b,12501,641,11,0
4075b,12501,641,12,0
1544b,12501,642,13,0
3807b,12501,643,14,0
3809b,12501,644,15,0
245b,12501,645,16,0
7832b,12501,646,17,0
3522b,12501,647,18,0
390b,12501,648,19,0
59b,12501,650,20,0
4043b,12501,651,21,1
4043b,24827,880,1,0
1b,24827,881,2,0
1348b,24827,882,3,0
3521b,24827,883,4,0
7831b,24827,884,5,0
1069b,24827,885,6,0
3810b,24827,885,7,0
3808b,24827,886,8,0
174b,24827,887,9,0
4074b,24827,888,10,0
4044b,24827,889,11,0
846b,24827,889,12,0
1551b,24827,890,13,0
1815b,24827,891,14,0
1665b,24827,892,15,0
841b,24827,894,16,0
451b,24827,895,17,0
2633b,24827,897,18,0
1634b,24827,898,19,0
371b,24827,900,20,0
4008b,24827,901,21,1
4008b,24819,755,1,0
3797b,24819,756,2,0
1614b,24819,757,3,0
1671b,24819,758,4,0
562b,24819,760,5,0
475b,24819,762,6,0
2868b,24819,764,7,0
626b,24819,766,8,0
1617b,24819,767,9,0
555b,24819,768,10,0
1621b,24819,769,11,0
4075b,24819,769,12,0
1544b,24819,770,13,0
3807b,24819,771,14,0
3809b,24819,773,15,0
245b,24819,773,16,0
7832b,24819,774,17,0
3522b,24819,776,18,0
390b,24819,777,19,0
59b,24819,779,20,0
4043b,24819,780,21,1
4008b,35187,1200,1,0
3797b,35187,1200,2,0
1614b,35187,1201,3,0
1671b,35187,1202,4,0
562b,35187,1203,5,0
475b,35187,1205,6,0
2868b,35187,1206,7,0
626b,35187,1208,8,0
1617b,35187,1209,9,0
555b,35187,1210,10,0
1621b,35187,1211,11,0
4075b,35187,1211,12,0
1544b,35187,1212,13,0
3807b,35187,1213,14,0
3809b,35187,1214,15,0
245b,35187,1214,16,0
7832b,35187,1215,17,0
3522b,35187,1216,18,0
390b,35187,1218,19,0
59b,35187,1219,20,0
4043b,35187,1220,21,1
4008b,33551,1020,1,0
3797b,33551,1020,2,0
1614b,33551,1021,3,0
1671b,33551,1022,4,0
562b,33551,1023,5,0
475b,33551,1025,6,0
2868b,33551,1027,7,0
626b,33551,1029,8,0
1617b,33551,1030,9,0
555b,33551,1031,10,0
1621b,33551,1033,11,0
4075b,33551,1033,12,0
1544b,33551,1034,13,0
3807b,33551,1036,14,0
3809b,33551,1037,15,0
245b,33551,1038,16,0
7832b,33551,1039,17,0
3522b,33551,1040,18,0
390b,33551,1042,19,0
59b,33551,1043,20,0
4043b,33551,1045,21,1
4043b,33556,450,1,0
1b,33556,451,2,0
1348b,33556,451,3,0
3521b,33556,452,4,0
7831b,33556,453,5,0
1069b,33556,454,6,0
3810b,33556,455,7,0
3808b,33556,455,8,0
174b,33556,457,9,0
4074b,33556,457,10,0
4044b,33556,458,11,0
846b,33556,458,12,0
1551b,33556,459,13,0
1815b,33556,459,14,0
1665b,33556,461,15,0
841b,33556,462,16,0
451b,33556,463,17,0
2633b,33556,464,18,0
1634b,33556,465,19,0
371b,33556,467,20,0
4008b,33556,468,21,1
4008b,17684,605,1,0
3797b,17684,606,2,0
1614b,17684,607,3,0
1671b,17684,608,4,0
562b,17684,610,5,0
475b,17684,612,6,0
2868b,17684,614,7,0
626b,17684,616,8,0
1617b,17684,617,9,0
555b,17684,618,10,0
1621b,17684,619,11,0
4075b,17684,619,12,0
1544b,17684,620,13,0
3807b,17684,621,14,0
3809b,17684,623,15,0
245b,17684,623,16,0
7832b,17684,624,17,0
3522b,17684,626,18,0
390b,17684,627,19,0
59b,17684,629,20,0
4043b,17684,630,21,1
4043b,17621,870,1,0
1b,17621,871,2,0
1348b,17621,872,3,0
3521b,17621,873,4,0
7831b,17621,874,5,0
1069b,17621,875,6,0
3810b,17621,875,7,0
3808b,17621,876,8,0
174b,17621,877,9,0
4074b,17621,878,10,0
4044b,17621,879,11,0
846b,17621,879,12,0
1551b,17621,880,13,0
1815b,17621,880,14,0
1665b,17621,882,15,0
841b,17621,883,16,0
451b,17621,884,17,0
2633b,17621,885,18,0
1634b,17621,886,19,0
371b,17621,888,20,0
4008b,17621,889,21,1
4008b,17747,785,1,0
3797b,17747,786,2,0
1614b,17747,787,3,0
1671b,17747,788,4,0
562b,17747,790,5,0
475b,17747,792,6,0
2868b,17747,794,7,0
626b,17747,796,8,0
1617b,17747,797,9,0
555b,17747,798,10,0
1621b,17747,799,11,0
4075b,17747,799,12,0
1544b,17747,800,13,0
3807b,17747,801,14,0
3809b,17747,803,15,0
245b,17747,803,16,0
7832b,17747,804,17,0
3522b,17747,806,18,0
390b,17747,807,19,0
59b,17747,809,20,0
4043b,17747,810,21,1
4008b,33494,1085,1,0
3797b,33494,1086,2,0
1614b,33494,1088,3,0
1671b,33494,1089,4,0
562b,33494,1091,5,0
475b,33494,1093,6,0
2868b,33494,1095,7,0
626b,33494,1098,8,0
1617b,33494,1099,9,0
555b,33494,1100,10,0
1621b,33494,1102,11,0
4075b,33494,1102,12,0
1544b,33494,1103,13,0
3807b,33494,1105,14,0
3809b,33494,1106,15,0
245b,33494,1107,16,0
7832b,33494,1109,17,0
3522b,33494,1110,18,0
390b,33494,1112,19,0
59b,33494,1113,20,0
4043b,33494,1115,21,1
4008b,9482,1020,1,0
3797b,9482,1020,2,0
1614b,9482,1021,3,0
1671b,9482,1022,4,0
562b,9482,1023,5,0
475b,9482,1025,6,0
2868b,9482,1026,7,0
626b,9482,1028,8,0
1617b,9482,1029,9,0
555b,9482,1030,10,0
1621b,9482,1032,11,0
4075b,9482,1032,12,0
1544b,9482,1033,13,0
3807b,9482,1034,14,0
3809b,9482,1036,15,0
245b,9482,1036,16,0
7832b,9482,1037,17,0
3522b,9482,1039,18,0
390b,9482,1040,19,0
59b,9482,1042,20,0
4043b,9482,1043,21,1
4008b,2064,600,1,0
3797b,2064,600,2,0
1614b,2064,601,3,0
1671b,2064,602,4,0
562b,2064,603,5,0
475b,2064,604,6,0
2868b,2064,606,7,0
626b,2064,608,8,0
1617b,2064,609,9,0
555b,2064,610,10,0
1621b,2064,611,11,0
4075b,2064,611,12,0
1544b,2064,612,13,0
3807b,2064,613,14,0
3809b,2064,614,15,0
245b,2064,615,16,0
7832b,2064,616,17,0
3522b,2064,617,18,0
390b,2064,618,19,0
59b,2064,620,20,0
4043b,2064,621,21,1
4043b,33390,1140,1,0
1b,33390,1141,2,0
1348b,33390,1142,3,0
3521b,33390,1143,4,0
7831b,33390,1144,5,0
1069b,33390,1145,6,0
3810b,33390,1145,7,0
3808b,33390,1146,8,0
174b,33390,1147,9,0
4074b,33390,1148,10,0
4044b,33390,1149,11,0
846b,33390,1149,12,0
1551b,33390,1150,13,0
1815b,33390,1151,14,0
1665b,33390,1152,15,0
841b,33390,1154,16,0
451b,33390,1155,17,0
2633b,33390,1156,18,0
1634b,33390,1157,19,0
371b,33390,1159,20,0
4008b,33390,1160,21,1
4043b,33945,640,1,0
1b,33945,641,2,0
1348b,33945,642,3,0
3521b,33945,643,4,0
7831b,33945,644,5,0
1069b,33945,645,6,0
3810b,33945,645,7,0
3808b,33945,646,8,0
174b,33945,647,9,0
4074b,33945,648,10,0
4044b,33945,649,11,0
846b,33945,649,12,0
1551b,33945,650,13,0
1815b,33945,651,14,0
1665b,33945,652,15,0
841b,33945,654,16,0
451b,33945,655,17,0
2633b,33945,656,18,0
1634b,33945,657,19,0
371b,33945,659,20,0
4008b,33945,660,21,1
4043b,17237,930,1,0
1b,17237,931,2,0
1348b,17237,932,3,0
3521b,17237,933,4,0
7831b,17237,934,5,0
1069b,17237,935,6,0
3810b,17237,935,7,0
3808b,17237,936,8,0
174b,17237,937,9,0
4074b,17237,938,10,0
4044b,17237,939,11,0
846b,17237,939,12,0
1551b,17237,940,13,0
1815b,17237,940,14,0
1665b,17237,942,15,0
841b,17237,943,16,0
451b,17237,944,17,0
2633b,17237,945,18,0
1634b,17237,946,19,0
371b,17237,948,20,0
4008b,17237,949,21,1
4008b,9360,750,1,0
3797b,9360,750,2,0
1614b,9360,751,3,0
1671b,9360,752,4,0
562b,9360,753,5,0
475b,9360,755,6,0
2868b,9360,757,7,0
626b,9360,759,8,0
1617b,9360,760,9,0
555b,9360,761,10,0
1621b,9360,762,11,0
4075b,9360,762,12,0
1544b,9360,763,13,0
3807b,9360,764,14,0
3809b,9360,765,15,0
245b,9360,766,16,0
7832b,9360,767,17,0
3522b,9360,768,18,0
390b,9360,769,19,0
59b,9360,771,20,0
4043b,9360,772,21,1
4043b,22981,910,1,0
1b,22981,911,2,0
1348b,22981,912,3,0
3521b,22981,913,4,0
7831b,22981,914,5,0
1069b,22981,915,6,0
3810b,22981,915,7,0
3808b,22981,916,8,0
174b,22981,917,9,0
4074b,22981,918,10,0
4044b,22981,919,11,0
846b,22981,919,12,0
1551b,22981,920,13,0
1815b,22981,921,14,0
1665b,22981,922,15,0
841b,22981,924,16,0
451b,22981,925,17,0
2633b,22981,927,18,0
1634b,22981,928,19,0
371b,22981,930,20,0
4008b,22981,931,21,1
4043b,9186,1230,1,0
1b,9186,1231,2,0
1348b,9186,1231,3,0
3521b,9186,1232,4,0
7831b,9186,1233,5,0
1069b,9186,1234,6,0
3810b,9186,1235,7,0
3808b,9186,1235,8,0
174b,9186,1237,9,0
4074b,9186,1237,10,0
4044b,9186,1238,11,0
846b,9186,1238,12,0
1551b,9186,1239,13,0
1815b,9186,1239,14,0
1665b,9186,1241,15,0
841b,9186,1242,16,0
451b,9186,1243,17,0
2633b,9186,1244,18,0
1634b,9186,1245,19,0
371b,9186,1247,20,0
4008b,9186,1248,21,1
4043b,17337,840,1,0
1b,17337,841,2,0
1348b,17337,841,3,0
3521b,17337,842,4,0
7831b,17337,843,5,0
1069b,17337,844,6,0
3810b,17337,845,7,0
3808b,17337,845,8,0
174b,17337,847,9,0
4074b,17337,847,10,0
4044b,17337,848,11,0
846b,17337,848,12,0
1551b,17337,849,13,0
1815b,17337,849,14,0
1665b,17337,851,15,0
841b,17337,852,16,0
451b,17337,853,17,0
2633b,17337,855,18,0
1634b,17337,856,19,0
371b,17337,858,20,0
4008b,17337,859,21,1
4043b,35980,810,1,0
1b,35980,811,2,0
1348b,35980,811,3,0
3521b,35980,812,4,0
7831b,35980,813,5,0
1069b,35980,814,6,0
3810b,35980,815,7,0
3808b,35980,815,8,0
174b,35980,817,9,0
4074b,35980,817,10,0
4044b,35980,818,11,0
846b,35980,818,12,0
1551b,35980,819,13,0
1815b,35980,819,14,0
1665b,35980,821,15,0
841b,35980,822,16,0
451b,35980,823,17,0
2633b,35980,825,18,0
1634b,35980,826,19,0
371b,35980,828,20,0
4008b,35980,829,21,1
4008b,33832,570,1,0
3797b,33832,570,2,0
1614b,33832,571,3,0
1671b,33832,572,4,0
562b,33832,573,5,0
475b,33832,574,6,0
2868b,33832,576,7,0
626b,33832,578,8,0
1617b,33832,579,9,0
555b,33832,580,10,0
1621b,33832,581,11,0
4075b,33832,581,12,0
1544b,33832,582,13,0
3807b,33832,583,14,0
3809b,33832,584,15,0
245b,33832,585,16,0
7832b,33832,586,17,0
3522b,33832,587,18,0
390b,33832,588,19,0
59b,33832,590,20,0
4043b,33832,591,21,1
4043b,17536,790,1,0
1b,17536,791,2,0
1348b,17536,792,3,0
3521b,17536,793,4,0
7831b,17536,794,5,0
1069b,17536,795,6,0
3810b,17536,795,7,0
3808b,17536,796,8,0
174b,17536,797,9,0
4074b,17536,798,10,0
4044b,17536,799,11,0
846b,17536,799,12,0
1551b,17536,800,13,0
1815b,17536,801,14,0
1665b,17536,802,15,0
841b,17536,804,16,0
451b,17536,805,17,0
2633b,17536,807,18,0
1634b,17536,808,19,0
371b,17536,810,20,0
4008b,17536,811,21,1
4043b,1827,430,1,0
1b,1827,431,2,0
1348b,1827,432,3,0
3521b,1827,433,4,0
7831b,1827,435,5,0
1069b,1827,436,6,0
3810b,1827,437,7,0
3808b,1827,438,8,0
174b,1827,439,9,0
4074b,1827,440,10,0
4044b,1827,441,11,0
846b,1827,441,12,0
1551b,1827,442,13,0
1815b,1827,443,14,0
1665b,1827,444,15,0
841b,1827,446,16,0
451b,1827,447,17,0
2633b,1827,448,18,0
1634b,1827,449,19,0
371b,1827,451,20,0
4008b,1827,452,21,1
4043b,1898,1110,1,0
1b,1898,1111,2,0
1348b,1898,1112,3,0
3521b,1898,1113,4,0
7831b,1898,1114,5,0
1069b,1898,1115,6,0
3810b,1898,1115,7,0
3808b,1898,1116,8,0
174b,1898,1117,9,0
4074b,1898,1118,10,0
4044b,1898,1119,11,0
846b,1898,1119,12,0
1551b,1898,1120,13,0
1815b,1898,1120,14,0
1665b,1898,1122,15,0
841b,1898,1123,16,0
451b,1898,1124,17,0
2633b,1898,1126,18,0
1634b,1898,1127,19,0
371b,1898,1129,20,0
4008b,1898,1130,21,1
4008b,19185,480,1,0
3797b,19185,480,2,0
1614b,19185,481,3,0
1671b,19185,482,4,0
562b,19185,483,5,0
475b,19185,484,6,0
2868b,19185,486,7,0
626b,19185,488,8,0
1617b,19185,489,9,0
555b,19185,490,10,0
1621b,19185,491,11,0
4075b,19185,491,12,0
1544b,19185,492,13,0
3807b,19185,493,14,0
3809b,19185,494,15,0
245b,19185,495,16,0
7832b,19185,496,17,0
3522b,19185,497,18,0
390b,19185,498,19,0
59b,19185,500,20,0
4043b,19185,501,21,1
4043b,1707,730,1,0
1b,1707,731,2,0
1348b,1707,732,3,0
3521b,1707,733,4,0
7831b,1707,734,5,0
1069b,1707,735,6,0
3810b,1707,735,7,0
3808b,1707,736,8,0
174b,1707,737,9,0
4074b,1707,738,10,0
4044b,1707,739,11,0
846b,1707,739,12,0
1551b,1707,740,13,0
1815b,1707,741,14,0
1665b,1707,742,15,0
841b,1707,744,16,0
451b,1707,745,17,0
2633b,1707,747,18,0
1634b,1707,748,19,0
371b,1707,750,20,0
4008b,1707,751,21,1
4008b,19008,1230,1,0
3797b,19008,1230,2,0
1614b,19008,1231,3,0
1671b,19008,1232,4,0
562b,19008,1233,5,0
475b,19008,1234,6,0
2868b,19008,1235,7,0
626b,19008,1237,8,0
1617b,19008,1237,9,0
555b,19008,1238,10,0
1621b,19008,1239,11,0
4075b,19008,1239,12,0
1544b,19008,1240,13,0
3807b,19008,1241,14,0
3809b,19008,1242,15,0
245b,19008,1242,16,0
7832b,19008,1243,17,0
3522b,19008,1244,18,0
390b,19008,1246,19,0
59b,19008,1247,20,0
4043b,19008,1248,21,1
4008b,19046,600,1,0
3797b,19046,600,2,0
1614b,19046,601,3,0
1671b,19046,602,4,0
562b,19046,603,5,0
475b,19046,604,6,0
2868b,19046,605,7,0
626b,19046,607,8,0
1617b,19046,608,9,0
555b,19046,609,10,0
1621b,19046,610,11,0
4075b,19046,610,12,0
1544b,19046,611,13,0
3807b,19046,612,14,0
3809b,19046,613,15,0
245b,19046,614,16,0
7832b,19046,615,17,0
3522b,19046,616,18,0
390b,19046,617,19,0
59b,19046,619,20,0
4043b,19046,620,21,1
4043b,19054,630,1,0
1b,19054,631,2,0
1348b,19054,631,3,0
3521b,19054,632,4,0
7831b,19054,633,5,0
1069b,19054,634,6,0
3810b,19054,635,7,0
3808b,19054,635,8,0
174b,19054,637,9,0
4074b,19054,637,10,0
4044b,19054,638,11,0
846b,19054,638,12,0
1551b,19054,639,13,0
1815b,19054,639,14,0
1665b,19054,641,15,0
841b,19054,642,16,0
451b,19054,643,17,0
2633b,19054,644,18,0
1634b,19054,645,19,0
371b,19054,647,20,0
4008b,19054,648,21,1
4043b,19063,480,1,0
1b,19063,481,2,0
1348b,19063,482,3,0
3521b,19063,483,4,0
7831b,19063,484,5,0
1069b,19063,485,6,0
3810b,19063,485,7,0
3808b,19063,486,8,0
174b,19063,487,9,0
4074b,19063,488,10,0
4044b,19063,489,11,0
846b,19063,489,12,0
1551b,19063,490,13,0
1815b,19063,490,14,0
1665b,19063,492,15,0
841b,19063,493,16,0
451b,19063,494,17,0
2633b,19063,496,18,0
1634b,19063,497,19,0
371b,19063,499,20,0
4008b,19063,500,21,1
4008b,17198,390,1,0
3797b,17198,390,2,0
1614b,17198,391,3,0
1671b,17198,392,4,0
562b,17198,393,5,0
475b,17198,395,6,0
2868b,17198,396,7,0
626b,17198,398,8,0
1617b,17198,398,9,0
555b,17198,399,10,0
1621b,17198,400,11,0
4075b,17198,400,12,0
1544b,17198,401,13,0
3807b,17198,402,14,0
3809b,17198,403,15,0
245b,17198,404,16,0
7832b,17198,405,17,0
3522b,17198,406,18,0
390b,17198,407,19,0
59b,17198,409,20,0
4043b,17198,410,21,1
4008b,5951,1260,1,0
3797b,5951,1260,2,0
1614b,5951,1261,3,0
1671b,5951,1262,4,0
562b,5951,1263,5,0
475b,5951,1264,6,0
2868b,5951,1265,7,0
626b,5951,1267,8,0
1617b,5951,1267,9,0
555b,5951,1268,10,0
1621b,5951,1269,11,0
4075b,5951,1269,12,0
1544b,5951,1270,13,0
3807b,5951,1271,14,0
3809b,5951,1272,15,0
245b,5951,1272,16,0
7832b,5951,1273,17,0
3522b,5951,1274,18,0
390b,5951,1276,19,0
59b,5951,1277,20,0
4043b,5951,1278,21,1
4008b,27856,660,1,0
3797b,27856,660,2,0
1614b,27856,661,3,0
1671b,27856,662,4,0
562b,27856,663,5,0
475b,27856,664,6,0
2868b,27856,665,7,0
626b,27856,667,8,0
1617b,27856,668,9,0
555b,27856,669,10,0
1621b,27856,670,11,0
4075b,27856,670,12,0
1544b,27856,671,13,0
3807b,27856,672,14,0
3809b,27856,673,15,0
245b,27856,674,16,0
7832b,27856,675,17,0
3522b,27856,676,18,0
390b,27856,677,19,0
59b,27856,679,20,0
4043b,27856,680,21,1
4008b,27830,960,1,0
3797b,27830,960,2,0
1614b,27830,961,3,0
1671b,27830,962,4,0
562b,27830,963,5,0
475b,27830,965,6,0
2868b,27830,966,7,0
626b,27830,968,8,0
1617b,27830,969,9,0
555b,27830,970,10,0
1621b,27830,971,11,0
4075b,27830,971,12,0
1544b,27830,972,13,0
3807b,27830,973,14,0
3809b,27830,975,15,0
245b,27830,975,16,0
7832b,27830,976,17,0
3522b,27830,978,18,0
390b,27830,979,19,0
59b,27830,981,20,0
4043b,27830,982,21,1
4008b,1553,1045,1,0
3797b,1553,1046,2,0
1614b,1553,1048,3,0
1671b,1553,1049,4,0
562b,1553,1051,5,0
475b,1553,1053,6,0
2868b,1553,1055,7,0
626b,1553,1058,8,0
1617b,1553,1059,9,0
555b,1553,1060,10,0
1621b,1553,1062,11,0
4075b,1553,1062,12,0
1544b,1553,1063,13,0
3807b,1553,1065,14,0
3809b,1553,1066,15,0
245b,1553,1067,16,0
7832b,1553,1069,17,0
3522b,1553,1070,18,0
390b,1553,1072,19,0
59b,1553,1073,20,0
4043b,1553,1075,21,1
4008b,5866,450,1,0
3797b,5866,450,2,0
1614b,5866,451,3,0
1671b,5866,452,4,0
562b,5866,453,5,0
475b,5866,454,6,0
2868b,5866,456,7,0
626b,5866,458,8,0
1617b,5866,459,9,0
555b,5866,460,10,0
1621b,5866,461,11,0
4075b,5866,461,12,0
1544b,5866,462,13,0
3807b,5866,463,14,0
3809b,5866,464,15,0
245b,5866,465,16,0
7832b,5866,466,17,0
3522b,5866,467,18,0
390b,5866,468,19,0
59b,5866,470,20,0
4043b,5866,471,21,1
4043b,17004,960,1,0
1b,17004,961,2,0
1348b,17004,961,3,0
3521b,17004,962,4,0
7831b,17004,963,5,0
1069b,17004,964,6,0
3810b,17004,965,7,0
3808b,17004,965,8,0
174b,17004,967,9,0
4074b,17004,967,10,0
4044b,17004,968,11,0
846b,17004,968,12,0
1551b,17004,969,13,0
1815b,17004,969,14,0
1665b,17004,971,15,0
841b,17004,972,16,0
451b,17004,973,17,0
2633b,17004,975,18,0
1634b,17004,976,19,0
371b,17004,978,20,0
4008b,17004,979,21,1
4008b,27781,435,1,0
3797b,27781,435,2,0
1614b,27781,437,3,0
1671b,27781,438,4,0
562b,27781,439,5,0
475b,27781,441,6,0
2868b,27781,442,7,0
626b,27781,444,8,0
1617b,27781,444,9,0
555b,27781,445,10,0
1621b,27781,446,11,0
4075b,27781,446,12,0
1544b,27781,447,13,0
3807b,27781,448,14,0
3809b,27781,449,15,0
245b,27781,450,16,0
7832b,27781,451,17,0
3522b,27781,452,18,0
390b,27781,453,19,0
59b,27781,455,20,0
4043b,27781,456,21,1
4008b,15351,1025,1,0
3797b,15351,1026,2,0
1614b,15351,1028,3,0
1671b,15351,1029,4,0
562b,15351,1031,5,0
475b,15351,1033,6,0
2868b,15351,1035,7,0
626b,15351,1038,8,0
1617b,15351,1039,9,0
555b,15351,1040,10,0
1621b,15351,1042,11,0
4075b,15351,1042,12,0
1544b,15351,1043,13,0
3807b,15351,1045,14,0
3809b,15351,1046,15,0
245b,15351,1047,16,0
7832b,15351,1049,17,0
3522b,15351,1050,18,0
390b,15351,1052,19,0
59b,15351,1053,20,0
4043b,15351,1055,21,1
4008b,15332,510,1,0
3797b,15332,510,2,0
1614b,15332,511,3,0
1671b,15332,512,4,0
562b,15332,513,5,0
475b,15332,514,6,0
2868b,15332,516,7,0
626b,15332,518,8,0
1617b,15332,519,9,0
555b,15332,520,10,0
1621b,15332,521,11,0
4075b,15332,521,12,0
1544b,15332,522,13,0
3807b,15332,523,14,0
3809b,15332,524,15,0
245b,15332,525,16,0
7832b,15332,526,17,0
3522b,15332,527,18,0
390b,15332,528,19,0
59b,15332,530,20,0
4043b,15332,531,21,1
4043b,19593,1170,1,0
1b,19593,1171,2,0
1348b,19593,1172,3,0
3521b,19593,1173,4,0
7831b,19593,1174,5,0
1069b,19593,1175,6,0
3810b,19593,1175,7,0
3808b,19593,1176,8,0
174b,19593,1177,9,0
4074b,19593,1178,10,0
4044b,19593,1179,11,0
846b,19593,1179,12,0
1551b,19593,1180,13,0
1815b,19593,1181,14,0
1665b,19593,1182,15,0
841b,19593,1184,16,0
451b,19593,1185,17,0
2633b,19593,1186,18,0
1634b,19593,1187,19,0
371b,19593,1189,20,0
4008b,19593,1190,21,1
4008b,5735,990,1,0
3797b,5735,990,2,0
1614b,5735,991,3,0
1671b,5735,992,4,0
562b,5735,993,5,0
475b,5735,995,6,0
2868b,5735,997,7,0
626b,5735,999,8,0
1617b,5735,1000,9,0
555b,5735,1001,10,0
1621b,5735,1002,11,0
4075b,5735,1002,12,0
1544b,5735,1003,13,0
3807b,5735,1005,14,0
3809b,5735,1006,15,0
245b,5735,1007,16,0
7832b,5735,1008,17,0
3522b,5735,1009,18,0
390b,5735,1011,19,0
59b,5735,1012,20,0
4043b,5735,1014,21,1
4043b,19501,870,1,0
1b,19501,871,2,0
1348b,19501,871,3,0
3521b,19501,872,4,0
7831b,19501,873,5,0
1069b,19501,874,6,0
3810b,19501,875,7,0
3808b,19501,875,8,0
174b,19501,877,9,0
4074b,19501,877,10,0
4044b,19501,878,11,0
846b,19501,878,12,0
1551b,19501,879,13,0
1815b,19501,879,14,0
1665b,19501,881,15,0
841b,19501,882,16,0
451b,19501,883,17,0
2633b,19501,885,18,0
1634b,19501,886,19,0
371b,19501,888,20,0
4008b,19501,889,21,1
4008b,1319,870,1,0
3797b,1319,870,2,0
1614b,1319,871,3,0
1671b,1319,872,4,0
562b,1319,873,5,0
475b,1319,875,6,0
2868b,1319,877,7,0
626b,1319,879,8,0
1617b,1319,880,9,0
555b,1319,881,10,0
1621b,1319,882,11,0
4075b,1319,882,12,0
1544b,1319,883,13,0
3807b,1319,884,14,0
3809b,1319,885,15,0
245b,1319,886,16,0
7832b,1319,887,17,0
3522b,1319,888,18,0
390b,1319,889,19,0
59b,1319,891,20,0
4043b,1319,892,21,1
4043b,27695,1120,1,0
1b,27695,1121,2,0
1348b,27695,1122,3,0
3521b,27695,1123,4,0
7831b,27695,1124,5,0
1069b,27695,1125,6,0
3810b,27695,1126,7,0
3808b,27695,1127,8,0
174b,27695,1128,9,0
4074b,27695,1129,10,0
4044b,27695,1130,11,0
846b,27695,1130,12,0
1551b,27695,1131,13,0
1815b,27695,1132,14,0
1665b,27695,1134,15,0
841b,27695,1135,16,0
451b,27695,1137,17,0
2633b,27695,1139,18,0
1634b,27695,1140,19,0
371b,27695,1142,20,0
4008b,27695,1143,21,1
4008b,19424,495,1,0
3797b,19424,496,2,0
1614b,19424,498,3,0
1671b,19424,499,4,0
562b,19424,501,5,0
475b,19424,503,6,0
2868b,19424,505,7,0
626b,19424,508,8,0
1617b,19424,509,9,0
555b,19424,510,10,0
1621b,19424,511,11,0
4075b,19424,511,12,0
1544b,19424,512,13,0
3807b,19424,514,14,0
3809b,19424,515,15,0
245b,19424,516,16,0
7832b,19424,517,17,0
3522b,19424,518,18,0
390b,19424,520,19,0
59b,19424,521,20,0
4043b,19424,523,21,1
4043b,19454,930,1,0
1b,19454,931,2,0
1348b,19454,931,3,0
3521b,19454,932,4,0
7831b,19454,933,5,0
1069b,19454,934,6,0
3810b,19454,935,7,0
3808b,19454,935,8,0
174b,19454,937,9,0
4074b,19454,937,10,0
4044b,19454,938,11,0
846b,19454,938,12,0
1551b,19454,939,13,0
1815b,19454,939,14,0
1665b,19454,941,15,0
841b,19454,942,16,0
451b,19454,943,17,0
2633b,19454,945,18,0
1634b,19454,946,19,0
371b,19454,948,20,0
4008b,19454,949,21,1
4008b,1293,840,1,0
3797b,1293,840,2,0
1614b,1293,841,3,0
1671b,1293,842,4,0
562b,1293,843,5,0
475b,1293,845,6,0
2868b,1293,846,7,0
626b,1293,848,8,0
1617b,1293,849,9,0
555b,1293,850,10,0
1621b,1293,851,11,0
4075b,1293,851,12,0
1544b,1293,852,13,0
3807b,1293,853,14,0
3809b,1293,854,15,0
245b,1293,855,16,0
7832b,1293,856,17,0
3522b,1293,857,18,0
390b,1293,858,19,0
59b,1293,860,20,0
4043b,1293,861,21,1
4008b,27442,720,1,0
3797b,27442,720,2,0
1614b,27442,721,3,0
1671b,27442,722,4,0
562b,27442,723,5,0
475b,27442,725,6,0
2868b,27442,726,7,0
626b,27442,728,8,0
1617b,27442,729,9,0
555b,27442,730,10,0
1621b,27442,731,11,0
4075b,27442,731,12,0
1544b,27442,732,13,0
3807b,27442,733,14,0
3809b,27442,734,15,0
245b,27442,735,16,0
7832b,27442,736,17,0
3522b,27442,737,18,0
390b,27442,738,19,0
59b,27442,740,20,0
4043b,27442,741,21,1
4043b,9918,750,1,0
1b,9918,751,2,0
1348b,9918,751,3,0
3521b,9918,752,4,0
7831b,9918,753,5,0
1069b,9918,754,6,0
3810b,9918,755,7,0
3808b,9918,755,8,0
174b,9918,757,9,0
4074b,9918,757,10,0
4044b,9918,758,11,0
846b,9918,758,12,0
1551b,9918,759,13,0
1815b,9918,759,14,0
1665b,9918,761,15,0
841b,9918,762,16,0
451b,9918,763,17,0
2633b,9918,764,18,0
1634b,9918,765,19,0
371b,9918,767,20,0
4008b,9918,768,21,1
4008b,9945,1260,1,0
3797b,9945,1260,2,0
1614b,9945,1261,3,0
1671b,9945,1262,4,0
562b,9945,1263,5,0
475b,9945,1264,6,0
2868b,9945,1265,7,0
626b,9945,1267,8,0
1617b,9945,1267,9,0
555b,9945,1268,10,0
1621b,9945,1269,11,0
4075b,9945,1269,12,0
1544b,9945,1270,13,0
3807b,9945,1271,14,0
3809b,9945,1272,15,0
245b,9945,1272,16,0
7832b,9945,1273,17,0
3522b,9945,1274,18,0
390b,9945,1276,19,0
59b,9945,1277,20,0
4043b,9945,1278,21,1
4043b,9983,690,1,0
1b,9983,691,2,0
1348b,9983,691,3,0
3521b,9983,692,4,0
7831b,9983,693,5,0
1069b,9983,694,6,0
3810b,9983,695,7,0
3808b,9983,695,8,0
174b,9983,697,9,0
4074b,9983,697,10,0
4044b,9983,698,11,0
846b,9983,698,12,0
1551b,9983,699,13,0
1815b,9983,699,14,0
1665b,9983,701,15,0
841b,9983,702,16,0
451b,9983,703,17,0
2633b,9983,704,18,0
1634b,9983,705,19,0
371b,9983,707,20,0
4008b,9983,708,21,1
4043b,5465,1000,1,0
1b,5465,1001,2,0
1348b,5465,1002,3,0
3521b,5465,1003,4,0
7831b,5465,1005,5,0
1069b,5465,1006,6,0
3810b,5465,1007,7,0
3808b,5465,1008,8,0
174b,5465,1009,9,0
4074b,5465,1010,10,0
4044b,5465,1011,11,0
846b,5465,1011,12,0
1551b,5465,1012,13,0
1815b,5465,1013,14,0
1665b,5465,1015,15,0
841b,5465,1016,16,0
451b,5465,1018,17,0
2633b,5465,1020,18,0
1634b,5465,1021,19,0
371b,5465,1023,20,0
4008b,5465,1024,21,1
4043b,27398,530,1,0
1b,27398,531,2,0
1348b,27398,532,3,0
3521b,27398,533,4,0
7831b,27398,534,5,0
1069b,27398,535,6,0
3810b,27398,536,7,0
3808b,27398,537,8,0
174b,27398,538,9,0
4074b,27398,539,10,0
4044b,27398,540,11,0
846b,27398,540,12,0
1551b,27398,541,13,0
1815b,27398,542,14,0
1665b,27398,543,15,0
841b,27398,545,16,0
451b,27398,546,17,0
2633b,27398,547,18,0
1634b,27398,548,19,0
371b,27398,550,20,0
4008b,27398,551,21,1
4008b,7591,875,1,0
3797b,7591,875,2,0
1614b,7591,877,3,0
1671b,7591,878,4,0
562b,7591,879,5,0
475b,7591,881,6,0
2868b,7591,882,7,0
626b,7591,884,8,0
1617b,7591,885,9,0
555b,7591,886,10,0
1621b,7591,887,11,0
4075b,7591,887,12,0
1544b,7591,888,13,0
3807b,7591,889,14,0
3809b,7591,891,15,0
245b,7591,891,16,0
7832b,7591,892,17,0
3522b,7591,894,18,0
390b,7591,895,19,0
59b,7591,897,20,0
4043b,7591,898,21,1
4043b,29531,510,1,0
1b,29531,511,2,0
1348b,29531,512,3,0
3521b,29531,513,4,0
7831b,29531,514,5,0
1069b,29531,515,6,0
3810b,29531,516,7,0
3808b,29531,517,8,0
174b,29531,518,9,0
4074b,29531,519,10,0
4044b,29531,520,11,0
846b,29531,520,12,0
1551b,29531,521,13,0
1815b,29531,522,14,0
1665b,29531,523,15,0
841b,29531,525,16,0
451b,29531,526,17,0
2633b,29531,528,18,0
1634b,29531,529,19,0
371b,29531,531,20,0
4008b,29531,532,21,1
4008b,29575,900,1,0
3797b,29575,900,2,0
1614b,29575,901,3,0
1671b,29575,902,4,0
562b,29575,903,5,0
475b,29575,905,6,0
2868b,29575,907,7,0
626b,29575,909,8,0
1617b,29575,910,9,0
555b,29575,911,10,0
1621b,29575,912,11,0
4075b,29575,912,12,0
1544b,29575,913,13,0
3807b,29575,914,14,0
3809b,29575,916,15,0
245b,29575,916,16,0
7832b,29575,917,17,0
3522b,29575,919,18,0
390b,29575,920,19,0
59b,29575,922,20,0
4043b,29575,923,21,1
4043b,29499,780,1,0
1b,29499,781,2,0
1348b,29499,781,3,0
3521b,29499,782,4,0
7831b,29499,783,5,0
1069b,29499,784,6,0
3810b,29499,785,7,0
3808b,29499,785,8,0
174b,29499,787,9,0
4074b,29499,787,10,0
4044b,29499,788,11,0
846b,29499,788,12,0
1551b,29499,789,13,0
1815b,29499,789,14,0
1665b,29499,791,15,0
841b,29499,792,16,0
451b,29499,793,17,0
2633b,29499,795,18,0
1634b,29499,796,19,0
371b,29499,798,20,0
4008b,29499,799,21,1
4008b,27105,1200,1,0
3797b,27105,1200,2,0
1614b,27105,1201,3,0
1671b,27105,1202,4,0
562b,27105,1203,5,0
475b,27105,1205,6,0
2868b,27105,1206,7,0
626b,27105,1208,8,0
1617b,27105,1209,9,0
555b,27105,1210,10,0
1621b,27105,1211,11,0
4075b,27105,1211,12,0
1544b,27105,1212,13,0
3807b,27105,1213,14,0
3809b,27105,1214,15,0
245b,27105,1214,16,0
7832b,27105,1215,17,0
3522b,27105,1216,18,0
390b,27105,1218,19,0
59b,27105,1219,20,0
4043b,27105,1220,21,1
4043b,5148,1200,1,0
1b,5148,1201,2,0
1348b,5148,1202,3,0
3521b,5148,1203,4,0
7831b,5148,1204,5,0
1069b,5148,1205,6,0
3810b,5148,1205,7,0
3808b,5148,1206,8,0
174b,5148,1207,9,0
4074b,5148,1208,10,0
4044b,5148,1209,11,0
846b,5148,1209,12,0
1551b,5148,1210,13,0
1815b,5148,1211,14,0
1665b,5148,1212,15,0
841b,5148,1214,16,0
451b,5148,1215,17,0
2633b,5148,1216,18,0
1634b,5148,1217,19,0
371b,5148,1219,20,0
4008b,5148,1220,21,1
4043b,27075,850,1,0
1b,27075,851,2,0
1348b,27075,852,3,0
3521b,27075,853,4,0
7831b,27075,854,5,0
1069b,27075,855,6,0
3810b,27075,855,7,0
3808b,27075,856,8,0
174b,27075,857,9,0
4074b,27075,858,10,0
4044b,27075,859,11,0
846b,27075,859,12,0
1551b,27075,860,13,0
1815b,27075,861,14,0
1665b,27075,862,15,0
841b,27075,864,16,0
451b,27075,865,17,0
2633b,27075,867,18,0
1634b,27075,868,19,0
371b,27075,870,20,0
4008b,27075,871,21,1
4043b,5013,720,1,0
1b,5013,721,2,0
1348b,5013,721,3,0
3521b,5013,722,4,0
7831b,5013,723,5,0
1069b,5013,724,6,0
3810b,5013,725,7,0
3808b,5013,725,8,0
174b,5013,727,9,0
4074b,5013,727,10,0
4044b,5013,728,11,0
846b,5013,728,12,0
1551b,5013,729,13,0
1815b,5013,729,14,0
1665b,5013,731,15,0
841b,5013,732,16,0
451b,5013,733,17,0
2633b,5013,735,18,0
1634b,5013,736,19,0
371b,5013,738,20,0
4008b,5013,739,21,1
4043b,21011,1050,1,0
1b,21011,1051,2,0
1348b,21011,1052,3,0
3521b,21011,1053,4,0
7831b,21011,1054,5,0
1069b,21011,1055,6,0
3810b,21011,1055,7,0
3808b,21011,1056,8,0
174b,21011,1057,9,0
4074b,21011,1058,10,0
4044b,21011,1059,11,0
846b,21011,1059,12,0
1551b,21011,1060,13,0
1815b,21011,1060,14,0
1665b,21011,1062,15,0
841b,21011,1063,16,0
451b,21011,1064,17,0
2633b,21011,1065,18,0
1634b,21011,1066,19,0
371b,21011,1068,20,0
4008b,21011,1069,21,1
4008b,21025,780,1,0
3797b,21025,780,2,0
1614b,21025,781,3,0
1671b,21025,782,4,0
562b,21025,783,5,0
475b,21025,785,6,0
2868b,21025,786,7,0
626b,21025,788,8,0
1617b,21025,789,9,0
555b,21025,790,10,0
1621b,21025,791,11,0
4075b,21025,791,12,0
1544b,21025,792,13,0
3807b,21025,793,14,0
3809b,21025,794,15,0
245b,21025,795,16,0
7832b,21025,796,17,0
3522b,21025,797,18,0
390b,21025,798,19,0
59b,21025,800,20,0
4043b,21025,801,21,1
4008b,31740,930,1,0
3797b,31740,930,2,0
1614b,31740,931,3,0
1671b,31740,932,4,0
562b,31740,933,5,0
475b,31740,935,6,0
2868b,31740,937,7,0
626b,31740,939,8,0
1617b,31740,940,9,0
555b,31740,941,10,0
1621b,31740,942,11,0
4075b,31740,942,12,0
1544b,31740,943,13,0
3807b,31740,944,14,0
3809b,31740,946,15,0
245b,31740,946,16,0
7832b,31740,947,17,0
3522b,31740,949,18,0
390b,31740,950,19,0
59b,31740,952,20,0
4043b,31740,953,21,1
4043b,29887,510,1,0
1b,29887,511,2,0
1348b,29887,512,3,0
3521b,29887,513,4,0
7831b,29887,514,5,0
1069b,29887,515,6,0
3810b,29887,515,7,0
3808b,29887,516,8,0
174b,29887,517,9,0
4074b,29887,518,10,0
4044b,29887,519,11,0
846b,29887,519,12,0
1551b,29887,520,13,0
1815b,29887,520,14,0
1665b,29887,522,15,0
841b,29887,523,16,0
451b,29887,524,17,0
2633b,29887,526,18,0
1634b,29887,527,19,0
371b,29887,529,20,0
4008b,29887,530,21,1
4008b,7828,815,1,0
3797b,7828,816,2,0
1614b,7828,817,3,0
1671b,7828,818,4,0
562b,7828,820,5,0
475b,7828,822,6,0
2868b,7828,824,7,0
626b,7828,826,8,0
1617b,7828,827,9,0
555b,7828,828,10,0
1621b,7828,829,11,0
4075b,7828,829,12,0
1544b,7828,830,13,0
3807b,7828,831,14,0
3809b,7828,833,15,0
245b,7828,833,16,0
7832b,7828,834,17,0
3522b,7828,836,18,0
390b,7828,837,19,0
59b,7828,839,20,0
4043b,7828,840,21,1
4043b,25212,690,1,0
1b,25212,691,2,0
1348b,25212,691,3,0
3521b,25212,692,4,0
7831b,25212,693,5,0
1069b,25212,694,6,0
3810b,25212,695,7,0
3808b,25212,695,8,0
174b,25212,697,9,0
4074b,25212,697,10,0
4044b,25212,698,11,0
846b,25212,698,12,0
1551b,25212,699,13,0
1815b,25212,699,14,0
1665b,25212,701,15,0
841b,25212,702,16,0
451b,25212,703,17,0
2633b,25212,705,18,0
1634b,25212,706,19,0
371b,25212,708,20,0
4008b,25212,709,21,1
4043b,25341,600,1,0
1b,25341,601,2,0
1348b,25341,601,3,0
3521b,25341,602,4,0
7831b,25341,603,5,0
1069b,25341,604,6,0
3810b,25341,605,7,0
3808b,25341,605,8,0
174b,25341,607,9,0
4074b,25341,607,10,0
4044b,25341,608,11,0
846b,25341,608,12,0
1551b,25341,609,13,0
1815b,25341,609,14,0
1665b,25341,611,15,0
841b,25341,612,16,0
451b,25341,613,17,0
2633b,25341,614,18,0
1634b,25341,615,19,0
371b,25341,617,20,0
4008b,25341,618,21,1
4043b,25352,570,1,0
1b,25352,571,2,0
1348b,25352,571,3,0
3521b,25352,572,4,0
7831b,25352,573,5,0
1069b,25352,574,6,0
3810b,25352,575,7,0
3808b,25352,575,8,0
174b,25352,577,9,0
4074b,25352,577,10,0
4044b,25352,578,11,0
846b,25352,578,12,0
1551b,25352,579,13,0
1815b,25352,579,14,0
1665b,25352,581,15,0
841b,25352,582,16,0
451b,25352,583,17,0
2633b,25352,584,18,0
1634b,25352,585,19,0
371b,25352,587,20,0
4008b,25352,588,21,1
4008b,31631,960,1,0
3797b,31631,960,2,0
1614b,31631,961,3,0
1671b,31631,962,4,0
562b,31631,963,5,0
475b,31631,965,6,0
2868b,31631,967,7,0
626b,31631,969,8,0
1617b,31631,970,9,0
555b,31631,971,10,0
1621b,31631,972,11,0
4075b,31631,972,12,0
1544b,31631,973,13,0
3807b,31631,975,14,0
3809b,31631,976,15,0
245b,31631,977,16,0
7832b,31631,978,17,0
3522b,31631,979,18,0
390b,31631,981,19,0
59b,31631,982,20,0
4043b,31631,984,21,1
4043b,1941,1080,1,0
1b,1941,1081,2,0
1348b,1941,1082,3,0
3521b,1941,1083,4,0
7831b,1941,1084,5,0
1069b,1941,1085,6,0
3810b,1941,1085,7,0
3808b,1941,1086,8,0
174b,1941,1087,9,0
4074b,1941,1088,10,0
4044b,1941,1089,11,0
846b,1941,1089,12,0
1551b,1941,1090,13,0
1815b,1941,1090,14,0
1665b,1941,1092,15,0
841b,1941,1093,16,0
451b,1941,1094,17,0
2633b,1941,1096,18,0
1634b,1941,1097,19,0
371b,1941,1099,20,0
4008b,1941,1100,21,1
4008b,23693,575,1,0
3797b,23693,576,2,0
1614b,23693,577,3,0
1671b,23693,578,4,0
562b,23693,580,5,0
475b,23693,582,6,0
2868b,23693,584,7,0
626b,23693,586,8,0
1617b,23693,587,9,0
555b,23693,588,10,0
1621b,23693,589,11,0
4075b,23693,589,12,0
1544b,23693,590,13,0
3807b,23693,591,14,0
3809b,23693,593,15,0
245b,23693,593,16,0
7832b,23693,594,17,0
3522b,23693,596,18,0
390b,23693,597,19,0
59b,23693,599,20,0
4043b,23693,600,21,1
4043b,23521,750,1,0
1b,23521,751,2,0
1348b,23521,751,3,0
3521b,23521,752,4,0
7831b,23521,753,5,0
1069b,23521,754,6,0
3810b,23521,755,7,0
3808b,23521,755,8,0
174b,23521,757,9,0
4074b,23521,757,10,0
4044b,23521,758,11,0
846b,23521,758,12,0
1551b,23521,759,13,0
1815b,23521,759,14,0
1665b,23521,761,15,0
841b,23521,762,16,0
451b,23521,763,17,0
2633b,23521,765,18,0
1634b,23521,766,19,0
371b,23521,768,20,0
4008b,23521,769,21,1
4008b,25686,1260,1,0
3797b,25686,1260,2,0
1614b,25686,1261,3,0
1671b,25686,1262,4,0
562b,25686,1263,5,0
475b,25686,1265,6,0
2868b,25686,1266,7,0
626b,25686,1268,8,0
1617b,25686,1268,9,0
555b,25686,1269,10,0
1621b,25686,1270,11,0
4075b,25686,1270,12,0
1544b,25686,1271,13,0
3807b,25686,1272,14,0
3809b,25686,1273,15,0
245b,25686,1274,16,0
7832b,25686,1275,17,0
3522b,25686,1276,18,0
390b,25686,1277,19,0
59b,25686,1279,20,0
4043b,25686,1280,21,1
4043b,11970,1080,1,0
1b,11970,1081,2,0
1348b,11970,1082,3,0
3521b,11970,1083,4,0
7831b,11970,1084,5,0
1069b,11970,1085,6,0
3810b,11970,1086,7,0
3808b,11970,1087,8,0
174b,11970,1088,9,0
4074b,11970,1089,10,0
4044b,11970,1090,11,0
846b,11970,1090,12,0
1551b,11970,1091,13,0
1815b,11970,1092,14,0
1665b,11970,1095,15,0
841b,11970,1096,16,0
451b,11970,1098,17,0
2633b,11970,1100,18,0
1634b,11970,1101,19,0
371b,11970,1103,20,0
4008b,11970,1104,21,1
4043b,34531,700,1,0
1b,34531,701,2,0
1348b,34531,702,3,0
3521b,34531,703,4,0
7831b,34531,704,5,0
1069b,34531,705,6,0
3810b,34531,705,7,0
3808b,34531,706,8,0
174b,34531,707,9,0
4074b,34531,708,10,0
4044b,34531,709,11,0
846b,34531,709,12,0
1551b,34531,710,13,0
1815b,34531,711,14,0
1665b,34531,712,15,0
841b,34531,714,16,0
451b,34531,715,17,0
2633b,34531,717,18,0
1634b,34531,718,19,0
371b,34531,720,20,0
4008b,34531,721,21,1
4008b,25948,720,1,0
3797b,25948,720,2,0
1614b,25948,721,3,0
1671b,25948,722,4,0
562b,25948,723,5,0
475b,25948,725,6,0
2868b,25948,727,7,0
626b,25948,729,8,0
1617b,25948,730,9,0
555b,25948,731,10,0
1621b,25948,732,11,0
4075b,25948,732,12,0
1544b,25948,733,13,0
3807b,25948,734,14,0
3809b,25948,735,15,0
245b,25948,736,16,0
7832b,25948,737,17,0
3522b,25948,738,18,0
390b,25948,739,19,0
59b,25948,741,20,0
4043b,25948,742,21,1
4043b,23150,990,1,0
1b,23150,991,2,0
1348b,23150,992,3,0
3521b,23150,993,4,0
7831b,23150,994,5,0
1069b,23150,995,6,0
3810b,23150,996,7,0
3808b,23150,997,8,0
174b,23150,998,9,0
4074b,23150,999,10,0
4044b,23150,1000,11,0
846b,23150,1000,12,0
1551b,23150,1001,13,0
1815b,23150,1001,14,0
1665b,23150,1003,15,0
841b,23150,1004,16,0
451b,23150,1005,17,0
2633b,23150,1007,18,0
1634b,23150,1008,19,0
371b,23150,1010,20,0
4008b,23150,1011,21,1
4008b,13859,1065,1,0
3797b,13859,1066,2,0
1614b,13859,1068,3,0
1671b,13859,1069,4,0
562b,13859,1071,5,0
475b,13859,1073,6,0
2868b,13859,1075,7,0
626b,13859,1078,8,0
1617b,13859,1079,9,0
555b,13859,1080,10,0
1621b,13859,1082,11,0
4075b,13859,1082,12,0
1544b,13859,1083,13,0
3807b,13859,1085,14,0
3809b,13859,1086,15,0
245b,13859,1087,16,0
7832b,13859,1089,17,0
3522b,13859,1090,18,0
390b,13859,1092,19,0
59b,13859,1093,20,0
4043b,13859,1095,21,1
4008b,23007,1140,1,0
3797b,23007,1140,2,0
1614b,23007,1141,3,0
1671b,23007,1142,4,0
562b,23007,1143,5,0
475b,23007,1145,6,0
2868b,23007,1146,7,0
626b,23007,1148,8,0
1617b,23007,1149,9,0
555b,23007,1150,10,0
1621b,23007,1151,11,0
4075b,23007,1151,12,0
1544b,23007,1152,13,0
3807b,23007,1153,14,0
3809b,23007,1155,15,0
245b,23007,1155,16,0
7832b,23007,1156,17,0
3522b,23007,1158,18,0
390b,23007,1159,19,0
59b,23007,1161,20,0
4043b,23007,1162,21,1
4043b,23411,990,1,0
1b,23411,991,2,0
1348b,23411,992,3,0
3521b,23411,993,4,0
7831b,23411,994,5,0
1069b,23411,995,6,0
3810b,23411,995,7,0
3808b,23411,996,8,0
174b,23411,997,9,0
4074b,23411,998,10,0
4044b,23411,999,11,0
846b,23411,999,12,0
1551b,23411,1000,13,0
1815b,23411,1000,14,0
1665b,23411,1002,15,0
841b,23411,1003,16,0
451b,23411,1004,17,0
2633b,23411,1005,18,0
1634b,23411,1006,19,0
371b,23411,1008,20,0
4008b,23411,1009,21,1
4043b,8219,420,1,0
1b,8219,421,2,0
1348b,8219,422,3,0
3521b,8219,423,4,0
7831b,8219,424,5,0
1069b,8219,425,6,0
3810b,8219,425,7,0
3808b,8219,426,8,0
174b,8219,427,9,0
4074b,8219,428,10,0
4044b,8219,429,11,0
846b,8219,429,12,0
1551b,8219,430,13,0
1815b,8219,430,14,0
1665b,8219,432,15,0
841b,8219,433,16,0
451b,8219,434,17,0
2633b,8219,435,18,0
1634b,8219,436,19,0
371b,8219,438,20,0
4008b,8219,439,21,1
4043b,8231,570,1,0
1b,8231,571,2,0
1348b,8231,571,3,0
3521b,8231,572,4,0
7831b,8231,573,5,0
1069b,8231,574,6,0
3810b,8231,575,7,0
3808b,8231,575,8,0
174b,8231,577,9,0
4074b,8231,577,10,0
4044b,8231,578,11,0
846b,8231,578,12,0
1551b,8231,579,13,0
1815b,8231,579,14,0
1665b,8231,581,15,0
841b,8231,582,16,0
451b,8231,583,17,0
2633b,8231,584,18,0
1634b,8231,585,19,0
371b,8231,587,20,0
4008b,8231,588,21,1
4008b,11152,965,1,0
3797b,11152,966,2,0
1614b,11152,967,3,0
1671b,11152,968,4,0
562b,11152,970,5,0
475b,11152,972,6,0
2868b,11152,974,7,0
626b,11152,977,8,0
1617b,11152,978,9,0
555b,11152,979,10,0
1621b,11152,980,11,0
4075b,11152,980,12,0
1544b,11152,981,13,0
3807b,11152,983,14,0
3809b,11152,984,15,0
245b,11152,985,16,0
7832b,11152,987,17,0
3522b,11152,988,18,0
390b,11152,990,19,0
59b,11152,991,20,0
4043b,11152,993,21,1
4043b,11198,1040,1,0
1b,11198,1041,2,0
1348b,11198,1042,3,0
3521b,11198,1043,4,0
7831b,11198,1045,5,0
1069b,11198,1046,6,0
3810b,11198,1047,7,0
3808b,11198,1048,8,0
174b,11198,1049,9,0
4074b,11198,1050,10,0
4044b,11198,1051,11,0
846b,11198,1052,12,0
1551b,11198,1053,13,0
1815b,11198,1054,14,0
1665b,11198,1056,15,0
841b,11198,1058,16,0
451b,11198,1060,17,0
2633b,11198,1062,18,0
1634b,11198,1063,19,0
371b,11198,1065,20,0
4008b,11198,1066,21,1
4008b,8120,1125,1,0
3797b,8120,1126,2,0
1614b,8120,1127,3,0
1671b,8120,1128,4,0
562b,8120,1130,5,0
475b,8120,1132,6,0
2868b,8120,1133,7,0
626b,8120,1135,8,0
1617b,8120,1136,9,0
555b,8120,1137,10,0
1621b,8120,1138,11,0
4075b,8120,1138,12,0
1544b,8120,1139,13,0
3807b,8120,1141,14,0
3809b,8120,1142,15,0
245b,8120,1143,16,0
7832b,8120,1144,17,0
3522b,8120,1145,18,0
390b,8120,1147,19,0
59b,8120,1148,20,0
4043b,8120,1150,21,1
4043b,32103,1060,1,0
1b,32103,1061,2,0
1348b,32103,1062,3,0
3521b,32103,1063,4,0
7831b,32103,1065,5,0
1069b,32103,1066,6,0
3810b,32103,1067,7,0
3808b,32103,1068,8,0
174b,32103,1069,9,0
4074b,32103,1070,10,0
4044b,32103,1071,11,0
846b,32103,1072,12,0
1551b,32103,1073,13,0
1815b,32103,1074,14,0
1665b,32103,1076,15,0
841b,32103,1078,16,0
451b,32103,1080,17,0
2633b,32103,1082,18,0
1634b,32103,1083,19,0
371b,32103,1085,20,0
4008b,32103,1086,21,1
4008b,32221,1145,1,0
3797b,32221,1146,2,0
1614b,32221,1147,3,0
1671b,32221,1148,4,0
562b,32221,1150,5,0
475b,32221,1152,6,0
2868b,32221,1153,7,0
626b,32221,1155,8,0
1617b,32221,1156,9,0
555b,32221,1157,10,0
1621b,32221,1158,11,0
4075b,32221,1158,12,0
1544b,32221,1159,13,0
3807b,32221,1161,14,0
3809b,32221,1162,15,0
245b,32221,1163,16,0
7832b,32221,1164,17,0
3522b,32221,1165,18,0
390b,32221,1167,19,0
59b,32221,1168,20,0
4043b,32221,1170,21,1
4008b,11361,905,1,0
3797b,11361,905,2,0
1614b,11361,907,3,0
1671b,11361,908,4,0
562b,11361,909,5,0
475b,11361,911,6,0
2868b,11361,913,7,0
626b,11361,915,8,0
1617b,11361,916,9,0
555b,11361,917,10,0
1621b,11361,918,11,0
4075b,11361,918,12,0
1544b,11361,919,13,0
3807b,11361,921,14,0
3809b,11361,922,15,0
245b,11361,923,16,0
7832b,11361,924,17,0
3522b,11361,925,18,0
390b,11361,927,19,0
59b,11361,928,20,0
4043b,11361,930,21,1
4043b,18914,810,1,0
1b,18914,811,2,0
1348b,18914,811,3,0
3521b,18914,812,4,0
7831b,18914,813,5,0
1069b,18914,814,6,0
3810b,18914,815,7,0
3808b,18914,815,8,0
174b,18914,817,9,0
4074b,18914,817,10,0
4044b,18914,818,11,0
846b,18914,818,12,0
1551b,18914,819,13,0
1815b,18914,819,14,0
1665b,18914,821,15,0
841b,18914,822,16,0
451b,18914,823,17,0
2633b,18914,824,18,0
1634b,18914,825,19,0
371b,18914,827,20,0
4008b,18914,828,21,1
4008b,18975,1005,1,0
3797b,18975,1006,2,0
1614b,18975,1007,3,0
1671b,18975,1008,4,0
562b,18975,1010,5,0
475b,18975,1012,6,0
2868b,18975,1014,7,0
626b,18975,1017,8,0
1617b,18975,1018,9,0
555b,18975,1019,10,0
1621b,18975,1020,11,0
4075b,18975,1020,12,0
1544b,18975,1021,13,0
3807b,18975,1023,14,0
3809b,18975,1024,15,0
245b,18975,1025,16,0
7832b,18975,1027,17,0
3522b,18975,1028,18,0
390b,18975,1030,19,0
59b,18975,1031,20,0
4043b,18975,1033,21,1
4008b,11298,1170,1,0
3797b,11298,1170,2,0
1614b,11298,1171,3,0
1671b,11298,1172,4,0
562b,11298,1173,5,0
475b,11298,1175,6,0
2868b,11298,1176,7,0
626b,11298,1178,8,0
1617b,11298,1179,9,0
555b,11298,1180,10,0
1621b,11298,1181,11,0
4075b,11298,1181,12,0
1544b,11298,1182,13,0
3807b,11298,1183,14,0
3809b,11298,1185,15,0
245b,11298,1185,16,0
7832b,11298,1186,17,0
3522b,11298,1188,18,0
390b,11298,1189,19,0
59b,11298,1191,20,0
4043b,11298,1192,21,1
4043b,32414,820,1,0
1b,32414,821,2,0
1348b,32414,822,3,0
3521b,32414,823,4,0
7831b,32414,824,5,0
1069b,32414,825,6,0
3810b,32414,825,7,0
3808b,32414,826,8,0
174b,32414,827,9,0
4074b,32414,828,10,0
4044b,32414,829,11,0
846b,32414,829,12,0
1551b,32414,830,13,0
1815b,32414,831,14,0
1665b,32414,832,15,0
841b,32414,834,16,0
451b,32414,835,17,0
2633b,32414,837,18,0
1634b,32414,838,19,0
371b,32414,840,20,0
4008b,32414,841,21,1
4043b,3636,1140,1,0
1b,3636,1141,2,0
1348b,3636,1141,3,0
3521b,3636,1142,4,0
7831b,3636,1143,5,0
1069b,3636,1144,6,0
3810b,3636,1145,7,0
3808b,3636,1145,8,0
174b,3636,1147,9,0
4074b,3636,1147,10,0
4044b,3636,1148,11,0
846b,3636,1148,12,0
1551b,3636,1149,13,0
1815b,3636,1149,14,0
1665b,3636,1151,15,0
841b,3636,1152,16,0
451b,3636,1153,17,0
2633b,3636,1154,18,0
1634b,3636,1155,19,0
371b,3636,1157,20,0
4008b,3636,1158,21,1
4008b,3706,725,1,0
3797b,3706,726,2,0
1614b,3706,727,3,0
1671b,3706,728,4,0
562b,3706,730,5,0
475b,3706,732,6,0
2868b,3706,734,7,0
626b,3706,736,8,0
1617b,3706,737,9,0
555b,3706,738,10,0
1621b,3706,739,11,0
4075b,3706,739,12,0
1544b,3706,740,13,0
3807b,3706,741,14,0
3809b,3706,743,15,0
245b,3706,743,16,0
7832b,3706,744,17,0
3522b,3706,746,18,0
390b,3706,747,19,0
59b,3706,749,20,0
4043b,3706,750,21,1
4008b,18856,1080,1,0
3797b,18856,1080,2,0
1614b,18856,1081,3,0
1671b,18856,1082,4,0
562b,18856,1083,5,0
475b,18856,1085,6,0
2868b,18856,1086,7,0
626b,18856,1088,8,0
1617b,18856,1089,9,0
555b,18856,1090,10,0
1621b,18856,1092,11,0
4075b,18856,1092,12,0
1544b,18856,1093,13,0
3807b,18856,1094,14,0
3809b,18856,1096,15,0
245b,18856,1096,16,0
7832b,18856,1097,17,0
3522b,18856,1099,18,0
390b,18856,1100,19,0
59b,18856,1102,20,0
4043b,18856,1103,21,1
4008b,11508,415,1,0
3797b,11508,415,2,0
1614b,11508,416,3,0
1671b,11508,417,4,0
562b,11508,418,5,0
475b,11508,420,6,0
2868b,11508,421,7,0
626b,11508,423,8,0
1617b,11508,423,9,0
555b,11508,424,10,0
1621b,11508,425,11,0
4075b,11508,425,12,0
1544b,11508,426,13,0
3807b,11508,427,14,0
3809b,11508,428,15,0
245b,11508,429,16,0
7832b,11508,430,17,0
3522b,11508,431,18,0
390b,11508,432,19,0
59b,11508,434,20,0
4043b,11508,435,21,1
4043b,107,630,1,0
1b,107,631,2,0
1348b,107,631,3,0
3521b,107,632,4,0
7831b,107,633,5,0
1069b,107,634,6,0
3810b,107,635,7,0
3808b,107,635,8,0
174b,107,637,9,0
4074b,107,637,10,0
4044b,107,638,11,0
846b,107,638,12,0
1551b,107,639,13,0
1815b,107,639,14,0
1665b,107,641,15,0
841b,107,642,16,0
451b,107,643,17,0
2633b,107,644,18,0
1634b,107,645,19,0
371b,107,647,20,0
4008b,107,648,21,1
4043b,34868,465,1,0
1b,34868,466,2,0
1348b,34868,467,3,0
3521b,34868,468,4,0
7831b,34868,470,5,0
1069b,34868,471,6,0
3810b,34868,472,7,0
3808b,34868,473,8,0
174b,34868,474,9,0
4074b,34868,475,10,0
4044b,34868,476,11,0
846b,34868,476,12,0
1551b,34868,477,13,0
1815b,34868,478,14,0
1665b,34868,479,15,0
841b,34868,481,16,0
451b,34868,482,17,0
2633b,34868,484,18,0
1634b,34868,485,19,0
371b,34868,487,20,0
4008b,34868,488,21,1
4043b,3105,1200,1,0
1b,3105,1201,2,0
1348b,3105,1201,3,0
3521b,3105,1202,4,0
7831b,3105,1203,5,0
1069b,3105,1204,6,0
3810b,3105,1205,7,0
3808b,3105,1205,8,0
174b,3105,1207,9,0
4074b,3105,1207,10,0
4044b,3105,1208,11,0
846b,3105,1208,12,0
1551b,3105,1209,13,0
1815b,3105,1209,14,0
1665b,3105,1211,15,0
841b,3105,1212,16,0
451b,3105,1213,17,0
2633b,3105,1214,18,0
1634b,3105,1215,19,0
371b,3105,1217,20,0
4008b,3105,1218,21,1
4008b,3999,1140,1,0
3797b,3999,1140,2,0
1614b,3999,1141,3,0
1671b,3999,1142,4,0
562b,3999,1143,5,0
475b,3999,1145,6,0
2868b,3999,1146,7,0
626b,3999,1148,8,0
1617b,3999,1149,9,0
555b,3999,1150,10,0
1621b,3999,1151,11,0
4075b,3999,1151,12,0
1544b,3999,1152,13,0
3807b,3999,1153,14,0
3809b,3999,1155,15,0
245b,3999,1155,16,0
7832b,3999,1156,17,0
3522b,3999,1158,18,0
390b,3999,1159,19,0
59b,3999,1161,20,0
4043b,3999,1162,21,1
4043b,18429,1110,1,0
1b,18429,1111,2,0
1348b,18429,1112,3,0
3521b,18429,1113,4,0
7831b,18429,1114,5,0
1069b,18429,1115,6,0
3810b,18429,1115,7,0
3808b,18429,1116,8,0
174b,18429,1117,9,0
4074b,18429,1118,10,0
4044b,18429,1119,11,0
846b,18429,1119,12,0
1551b,18429,1120,13,0
1815b,18429,1120,14,0
1665b,18429,1122,15,0
841b,18429,1123,16,0
451b,18429,1124,17,0
2633b,18429,1125,18,0
1634b,18429,1126,19,0
371b,18429,1128,20,0
4008b,18429,1129,21,1
4043b,4712,1050,1,0
1b,4712,1051,2,0
1348b,4712,1052,3,0
3521b,4712,1053,4,0
7831b,4712,1054,5,0
1069b,4712,1055,6,0
3810b,4712,1056,7,0
3808b,4712,1057,8,0
174b,4712,1058,9,0
4074b,4712,1059,10,0
4044b,4712,1060,11,0
846b,4712,1060,12,0
1551b,4712,1061,13,0
1815b,4712,1061,14,0
1665b,4712,1063,15,0
841b,4712,1064,16,0
451b,4712,1065,17,0
2633b,4712,1067,18,0
1634b,4712,1068,19,0
371b,4712,1070,20,0
4008b,4712,1071,21,1
4043b,4620,1020,1,0
1b,4620,1021,2,0
1348b,4620,1022,3,0
3521b,4620,1023,4,0
7831b,4620,1024,5,0
1069b,4620,1025,6,0
3810b,4620,1026,7,0
3808b,4620,1027,8,0
174b,4620,1028,9,0
4074b,4620,1029,10,0
4044b,4620,1030,11,0
846b,4620,1030,12,0
1551b,4620,1031,13,0
1815b,4620,1031,14,0
1665b,4620,1033,15,0
841b,4620,1034,16,0
451b,4620,1035,17,0
2633b,4620,1037,18,0
1634b,4620,1038,19,0
371b,4620,1040,20,0
4008b,4620,1041,21,1
4008b,18467,1170,1,0
3797b,18467,1171,2,0
1614b,18467,1172,3,0
1671b,18467,1173,4,0
562b,18467,1175,5,0
475b,18467,1177,6,0
2868b,18467,1178,7,0
626b,18467,1180,8,0
1617b,18467,1181,9,0
555b,18467,1182,10,0
1621b,18467,1183,11,0
4075b,18467,1183,12,0
1544b,18467,1184,13,0
3807b,18467,1186,14,0
3809b,18467,1187,15,0
245b,18467,1188,16,0
7832b,18467,1189,17,0
3522b,18467,1190,18,0
390b,18467,1192,19,0
59b,18467,1193,20,0
4043b,18467,1195,21,1
4008b,20561,420,1,0
3797b,20561,420,2,0
1614b,20561,421,3,0
1671b,20561,422,4,0
562b,20561,423,5,0
475b,20561,424,6,0
2868b,20561,425,7,0
626b,20561,427,8,0
1617b,20561,427,9,0
555b,20561,428,10,0
1621b,20561,429,11,0
4075b,20561,429,12,0
1544b,20561,430,13,0
3807b,20561,431,14,0
3809b,20561,432,15,0
245b,20561,432,16,0
7832b,20561,433,17,0
3522b,20561,434,18,0
390b,20561,436,19,0
59b,20561,437,20,0
4043b,20561,438,21,1
4008b,2870,845,1,0
3797b,2870,846,2,0
1614b,2870,847,3,0
1671b,2870,848,4,0
562b,2870,850,5,0
475b,2870,852,6,0
2868b,2870,853,7,0
626b,2870,855,8,0
1617b,2870,856,9,0
555b,2870,857,10,0
1621b,2870,858,11,0
4075b,2870,858,12,0
1544b,2870,859,13,0
3807b,2870,860,14,0
3809b,2870,862,15,0
245b,2870,862,16,0
7832b,2870,863,17,0
3522b,2870,865,18,0
390b,2870,866,19,0
59b,2870,868,20,0
4043b,2870,869,21,1
4008b,6718,1230,1,0
3797b,6718,1230,2,0
1614b,6718,1231,3,0
1671b,6718,1232,4,0
562b,6718,1233,5,0
475b,6718,1235,6,0
2868b,6718,1236,7,0
626b,6718,1238,8,0
1617b,6718,1238,9,0
555b,6718,1239,10,0
1621b,6718,1240,11,0
4075b,6718,1240,12,0
1544b,6718,1241,13,0
3807b,6718,1242,14,0
3809b,6718,1243,15,0
245b,6718,1244,16,0
7832b,6718,1245,17,0
3522b,6718,1246,18,0
390b,6718,1247,19,0
59b,6718,1249,20,0
4043b,6718,1250,21,1
4008b,4542,935,1,0
3797b,4542,935,2,0
1614b,4542,937,3,0
1671b,4542,938,4,0
562b,4542,939,5,0
475b,4542,941,6,0
2868b,4542,943,7,0
626b,4542,945,8,0
1617b,4542,946,9,0
555b,4542,947,10,0
1621b,4542,948,11,0
4075b,4542,948,12,0
1544b,4542,949,13,0
3807b,4542,951,14,0
3809b,4542,952,15,0
245b,4542,953,16,0
7832b,4542,954,17,0
3522b,4542,955,18,0
390b,4542,957,19,0
59b,4542,958,20,0
4043b,4542,960,21,1
4043b,14077,390,1,0
1b,14077,391,2,0
1348b,14077,392,3,0
3521b,14077,393,4,0
7831b,14077,394,5,0
1069b,14077,395,6,0
3810b,14077,395,7,0
3808b,14077,396,8,0
174b,14077,397,9,0
4074b,14077,398,10,0
4044b,14077,399,11,0
846b,14077,399,12,0
1551b,14077,400,13,0
1815b,14077,400,14,0
1665b,14077,402,15,0
841b,14077,403,16,0
451b,14077,404,17,0
2633b,14077,405,18,0
1634b,14077,406,19,0
371b,14077,408,20,0
4008b,14077,409,21,1
4008b,4921,480,1,0
3797b,4921,480,2,0
1614b,4921,481,3,0
1671b,4921,482,4,0
562b,4921,483,5,0
475b,4921,484,6,0
2868b,4921,485,7,0
626b,4921,487,8,0
1617b,4921,488,9,0
555b,4921,489,10,0
1621b,4921,490,11,0
4075b,4921,490,12,0
1544b,4921,491,13,0
3807b,4921,492,14,0
3809b,4921,493,15,0
245b,4921,494,16,0
7832b,4921,495,17,0
3522b,4921,496,18,0
390b,4921,497,19,0
59b,4921,499,20,0
4043b,4921,500,21,1
4008b,227,810,1,0
3797b,227,810,2,0
1614b,227,811,3,0
1671b,227,812,4,0
562b,227,813,5,0
475b,227,815,6,0
2868b,227,817,7,0
626b,227,819,8,0
1617b,227,820,9,0
555b,227,821,10,0
1621b,227,822,11,0
4075b,227,822,12,0
1544b,227,823,13,0
3807b,227,824,14,0
3809b,227,825,15,0
245b,227,826,16,0
7832b,227,827,17,0
3522b,227,828,18,0
390b,227,829,19,0
59b,227,831,20,0
4043b,227,832,21,1
4043b,20799,980,1,0
1b,20799,981,2,0
1348b,20799,982,3,0
3521b,20799,983,4,0
7831b,20799,984,5,0
1069b,20799,985,6,0
3810b,20799,985,7,0
3808b,20799,986,8,0
174b,20799,987,9,0
4074b,20799,988,10,0
4044b,20799,989,11,0
846b,20799,989,12,0
1551b,20799,990,13,0
1815b,20799,991,14,0
1665b,20799,992,15,0
841b,20799,994,16,0
451b,20799,995,17,0
2633b,20799,997,18,0
1634b,20799,998,19,0
371b,20799,1000,20,0
4008b,20799,1001,21,1
4008b,16145,545,1,0
3797b,16145,546,2,0
1614b,16145,547,3,0
1671b,16145,548,4,0
562b,16145,550,5,0
475b,16145,552,6,0
2868b,16145,554,7,0
626b,16145,556,8,0
1617b,16145,557,9,0
555b,16145,558,10,0
1621b,16145,559,11,0
4075b,16145,559,12,0
1544b,16145,560,13,0
3807b,16145,561,14,0
3809b,16145,563,15,0
245b,16145,563,16,0
7832b,16145,564,17,0
3522b,16145,566,18,0
390b,16145,567,19,0
59b,16145,569,20,0
4043b,16145,570,21,1
4008b,984,780,1,0
3797b,984,780,2,0
1614b,984,781,3,0
1671b,984,782,4,0
562b,984,783,5,0
475b,984,785,6,0
2868b,984,787,7,0
626b,984,789,8,0
1617b,984,790,9,0
555b,984,791,10,0
1621b,984,792,11,0
4075b,984,792,12,0
1544b,984,793,13,0
3807b,984,794,14,0
3809b,984,795,15,0
245b,984,796,16,0
7832b,984,797,17,0
3522b,984,798,18,0
390b,984,799,19,0
59b,984,801,20,0
4043b,984,802,21,1
4043b,28898,960,1,0
1b,28898,961,2,0
1348b,28898,962,3,0
3521b,28898,963,4,0
7831b,28898,964,5,0
1069b,28898,965,6,0
3810b,28898,965,7,0
3808b,28898,966,8,0
174b,28898,967,9,0
4074b,28898,968,10,0
4044b,28898,969,11,0
846b,28898,969,12,0
1551b,28898,970,13,0
1815b,28898,971,14,0
1665b,28898,972,15,0
841b,28898,974,16,0
451b,28898,975,17,0
2633b,28898,977,18,0
1634b,28898,978,19,0
371b,28898,980,20,0
4008b,28898,981,21,1
4008b,8593,900,1,0
3797b,8593,900,2,0
1614b,8593,901,3,0
1671b,8593,902,4,0
562b,8593,903,5,0
475b,8593,905,6,0
2868b,8593,906,7,0
626b,8593,908,8,0
1617b,8593,909,9,0
555b,8593,910,10,0
1621b,8593,911,11,0
4075b,8593,911,12,0
1544b,8593,912,13,0
3807b,8593,913,14,0
3809b,8593,915,15,0
245b,8593,915,16,0
7832b,8593,916,17,0
3522b,8593,918,18,0
390b,8593,919,19,0
59b,8593,921,20,0
4043b,8593,922,21,1
4008b,8645,695,1,0
3797b,8645,695,2,0
1614b,8645,697,3,0
1671b,8645,698,4,0
562b,8645,699,5,0
475b,8645,701,6,0
2868b,8645,702,7,0
626b,8645,704,8,0
1617b,8645,705,9,0
555b,8645,706,10,0
1621b,8645,707,11,0
4075b,8645,707,12,0
1544b,8645,708,13,0
3807b,8645,709,14,0
3809b,8645,711,15,0
245b,8645,711,16,0
7832b,8645,712,17,0
3522b,8645,714,18,0
390b,8645,715,19,0
59b,8645,717,20,0
4043b,8645,718,21,1
4008b,20142,1105,1,0
3797b,20142,1106,2,0
1614b,20142,1108,3,0
1671b,20142,1109,4,0
562b,20142,1111,5,0
475b,20142,1113,6,0
2868b,20142,1114,7,0
626b,20142,1116,8,0
1617b,20142,1117,9,0
555b,20142,1118,10,0
1621b,20142,1119,11,0
4075b,20142,1119,12,0
1544b,20142,1120,13,0
3807b,20142,1122,14,0
3809b,20142,1123,15,0
245b,20142,1124,16,0
7832b,20142,1125,17,0
3522b,20142,1126,18,0
390b,20142,1128,19,0
59b,20142,1129,20,0
4043b,20142,1131,21,1
4043b,12025,390,1,0
1b,12025,391,2,0
1348b,12025,392,3,0
3521b,12025,393,4,0
7831b,12025,394,5,0
1069b,12025,395,6,0
3810b,12025,396,7,0
3808b,12025,397,8,0
174b,12025,398,9,0
4074b,12025,399,10,0
4044b,12025,400,11,0
846b,12025,400,12,0
1551b,12025,401,13,0
1815b,12025,402,14,0
1665b,12025,403,15,0
841b,12025,405,16,0
451b,12025,406,17,0
2633b,12025,407,18,0
1634b,12025,408,19,0
371b,12025,410,20,0
4008b,12025,411,21,1
4043b,12047,670,1,0
1b,12047,671,2,0
1348b,12047,672,3,0
3521b,12047,673,4,0
7831b,12047,674,5,0
1069b,12047,675,6,0
3810b,12047,675,7,0
3808b,12047,676,8,0
174b,12047,677,9,0
4074b,12047,678,10,0
4044b,12047,679,11,0
846b,12047,679,12,0
1551b,12047,680,13,0
1815b,12047,681,14,0
1665b,12047,682,15,0
841b,12047,684,16,0
451b,12047,685,17,0
2633b,12047,687,18,0
1634b,12047,688,19,0
371b,12047,690,20,0
4008b,12047,691,21,1
4043b,8685,510,1,0
1b,8685,511,2,0
1348b,8685,511,3,0
3521b,8685,512,4,0
7831b,8685,513,5,0
1069b,8685,514,6,0
3810b,8685,515,7,0
3808b,8685,515,8,0
174b,8685,517,9,0
4074b,8685,517,10,0
4044b,8685,518,11,0
846b,8685,518,12,0
1551b,8685,519,13,0
1815b,8685,519,14,0
1665b,8685,521,15,0
841b,8685,522,16,0
451b,8685,523,17,0
2633b,8685,524,18,0
1634b,8685,525,19,0
371b,8685,527,20,0
4008b,8685,528,21,1
4043b,28945,660,1,0
1b,28945,661,2,0
1348b,28945,661,3,0
3521b,28945,662,4,0
7831b,28945,663,5,0
1069b,28945,664,6,0
3810b,28945,665,7,0
3808b,28945,665,8,0
174b,28945,667,9,0
4074b,28945,667,10,0
4044b,28945,668,11,0
846b,28945,668,12,0
1551b,28945,669,13,0
1815b,28945,669,14,0
1665b,28945,671,15,0
841b,28945,672,16,0
451b,28945,673,17,0
2633b,28945,675,18,0
1634b,28945,676,19,0
371b,28945,678,20,0
4008b,28945,679,21,1
4008b,28910,455,1,0
3797b,28910,456,2,0
1614b,28910,458,3,0
1671b,28910,459,4,0
562b,28910,461,5,0
475b,28910,463,6,0
2868b,28910,465,7,0
626b,28910,467,8,0
1617b,28910,468,9,0
555b,28910,469,10,0
1621b,28910,470,11,0
4075b,28910,470,12,0
1544b,28910,471,13,0
3807b,28910,473,14,0
3809b,28910,474,15,0
245b,28910,475,16,0
7832b,28910,476,17,0
3522b,28910,477,18,0
390b,28910,479,19,0
59b,28910,480,20,0
4043b,28910,482,21,1
4043b,8854,1230,1,0
1b,8854,1231,2,0
1348b,8854,1231,3,0
3521b,8854,1232,4,0
7831b,8854,1233,5,0
1069b,8854,1234,6,0
3810b,8854,1235,7,0
3808b,8854,1235,8,0
174b,8854,1237,9,0
4074b,8854,1237,10,0
4044b,8854,1238,11,0
846b,8854,1238,12,0
1551b,8854,1239,13,0
1815b,8854,1239,14,0
1665b,8854,1241,15,0
841b,8854,1242,16,0
451b,8854,1243,17,0
2633b,8854,1244,18,0
1634b,8854,1245,19,0
371b,8854,1247,20,0
4008b,8854,1248,21,1
4043b,4312,1100,1,0
1b,4312,1101,2,0
1348b,4312,1102,3,0
3521b,4312,1103,4,0
7831b,4312,1104,5,0
1069b,4312,1105,6,0
3810b,4312,1106,7,0
3808b,4312,1107,8,0
174b,4312,1108,9,0
4074b,4312,1109,10,0
4044b,4312,1110,11,0
846b,4312,1110,12,0
1551b,4312,1111,13,0
1815b,4312,1112,14,0
1665b,4312,1114,15,0
841b,4312,1115,16,0
451b,4312,1117,17,0
2633b,4312,1119,18,0
1634b,4312,1120,19,0
371b,4312,1122,20,0
4008b,4312,1123,21,1
4043b,6063,940,1,0
1b,6063,941,2,0
1348b,6063,942,3,0
3521b,6063,943,4,0
7831b,6063,944,5,0
1069b,6063,945,6,0
3810b,6063,945,7,0
3808b,6063,946,8,0
174b,6063,947,9,0
4074b,6063,948,10,0
4044b,6063,949,11,0
846b,6063,949,12,0
1551b,6063,950,13,0
1815b,6063,951,14,0
1665b,6063,952,15,0
841b,6063,954,16,0
451b,6063,955,17,0
2633b,6063,957,18,0
1634b,6063,958,19,0
371b,6063,960,20,0
4008b,6063,961,21,1
4043b,16827,900,1,0
1b,16827,901,2,0
1348b,16827,901,3,0
3521b,16827,902,4,0
7831b,16827,903,5,0
1069b,16827,904,6,0
3810b,16827,905,7,0
3808b,16827,905,8,0
174b,16827,907,9,0
4074b,16827,907,10,0
4044b,16827,908,11,0
846b,16827,908,12,0
1551b,16827,909,13,0
1815b,16827,909,14,0
1665b,16827,911,15,0
841b,16827,912,16,0
451b,16827,913,17,0
2633b,16827,915,18,0
1634b,16827,916,19,0
371b,16827,918,20,0
4008b,16827,919,21,1
4008b,24087,540,1,0
3797b,24087,540,2,0
1614b,24087,541,3,0
1671b,24087,542,4,0
562b,24087,543,5,0
475b,24087,544,6,0
2868b,24087,546,7,0
626b,24087,548,8,0
1617b,24087,549,9,0
555b,24087,550,10,0
1621b,24087,551,11,0
4075b,24087,551,12,0
1544b,24087,552,13,0
3807b,24087,553,14,0
3809b,24087,554,15,0
245b,24087,555,16,0
7832b,24087,556,17,0
3522b,24087,557,18,0
390b,24087,558,19,0
59b,24087,560,20,0
4043b,24087,561,21,1
4008b,28373,540,1,0
3797b,28373,540,2,0
1614b,28373,541,3,0
1671b,28373,542,4,0
562b,28373,543,5,0
475b,28373,544,6,0
2868b,28373,545,7,0
626b,28373,547,8,0
1617b,28373,548,9,0
555b,28373,549,10,0
1621b,28373,550,11,0
4075b,28373,550,12,0
1544b,28373,551,13,0
3807b,28373,552,14,0
3809b,28373,553,15,0
245b,28373,554,16,0
7832b,28373,555,17,0
3522b,28373,556,18,0
390b,28373,557,19,0
59b,28373,559,20,0
4043b,28373,560,21,1
4008b,6201,510,1,0
3797b,6201,511,2,0
1614b,6201,512,3,0
1671b,6201,513,4,0
562b,6201,515,5,0
475b,6201,517,6,0
2868b,6201,519,7,0
626b,6201,522,8,0
1617b,6201,523,9,0
555b,6201,524,10,0
1621b,6201,525,11,0
4075b,6201,525,12,0
1544b,6201,526,13,0
3807b,6201,528,14,0
3809b,6201,529,15,0
245b,6201,530,16,0
7832b,6201,531,17,0
3522b,6201,532,18,0
390b,6201,534,19,0
59b,6201,535,20,0
4043b,6201,537,21,1
4043b,26301,410,1,0
1b,26301,411,2,0
1348b,26301,412,3,0
3521b,26301,413,4,0
7831b,26301,414,5,0
1069b,26301,415,6,0
3810b,26301,416,7,0
3808b,26301,417,8,0
174b,26301,418,9,0
4074b,26301,419,10,0
4044b,26301,420,11,0
846b,26301,420,12,0
1551b,26301,421,13,0
1815b,26301,422,14,0
1665b,26301,423,15,0
841b,26301,425,16,0
451b,26301,426,17,0
2633b,26301,427,18,0
1634b,26301,428,19,0
371b,26301,430,20,0
4008b,26301,431,21,1
4008b,30824,475,1,0
3797b,30824,476,2,0
1614b,30824,478,3,0
1671b,30824,479,4,0
562b,30824,481,5,0
475b,30824,483,6,0
2868b,30824,485,7,0
626b,30824,488,8,0
1617b,30824,489,9,0
555b,30824,490,10,0
1621b,30824,491,11,0
4075b,30824,491,12,0
1544b,30824,492,13,0
3807b,30824,494,14,0
3809b,30824,495,15,0
245b,30824,496,16,0
7832b,30824,497,17,0
3522b,30824,498,18,0
390b,30824,500,19,0
59b,30824,501,20,0
4043b,30824,503,21,1
4008b,26398,390,1,0
3797b,26398,390,2,0
1614b,26398,391,3,0
1671b,26398,392,4,0
562b,26398,393,5,0
475b,26398,394,6,0
2868b,26398,395,7,0
626b,26398,397,8,0
1617b,26398,397,9,0
555b,26398,398,10,0
1621b,26398,399,11,0
4075b,26398,399,12,0
1544b,26398,400,13,0
3807b,26398,401,14,0
3809b,26398,402,15,0
245b,26398,402,16,0
7832b,26398,403,17,0
3522b,26398,404,18,0
390b,26398,406,19,0
59b,26398,407,20,0
4043b,26398,408,21,1
4043b,6151,490,1,0
1b,6151,491,2,0
1348b,6151,492,3,0
3521b,6151,493,4,0
7831b,6151,495,5,0
1069b,6151,496,6,0
3810b,6151,497,7,0
3808b,6151,498,8,0
174b,6151,499,9,0
4074b,6151,500,10,0
4044b,6151,501,11,0
846b,6151,501,12,0
1551b,6151,502,13,0
1815b,6151,503,14,0
1665b,6151,504,15,0
841b,6151,506,16,0
451b,6151,507,17,0
2633b,6151,509,18,0
1634b,6151,510,19,0
371b,6151,512,20,0
4008b,6151,513,21,1
4043b,28542,580,1,0
1b,28542,581,2,0
1348b,28542,582,3,0
3521b,28542,583,4,0
7831b,28542,584,5,0
1069b,28542,585,6,0
3810b,28542,585,7,0
3808b,28542,586,8,0
174b,28542,587,9,0
4074b,28542,588,10,0
4044b,28542,589,11,0
846b,28542,589,12,0
1551b,28542,590,13,0
1815b,28542,591,14,0
1665b,28542,592,15,0
841b,28542,594,16,0
451b,28542,595,17,0
2633b,28542,596,18,0
1634b,28542,597,19,0
371b,28542,599,20,0
4008b,28542,600,21,1
4008b,30937,635,1,0
3797b,30937,636,2,0
1614b,30937,637,3,0
1671b,30937,638,4,0
562b,30937,640,5,0
475b,30937,642,6,0
2868b,30937,644,7,0
626b,30937,646,8,0
1617b,30937,647,9,0
555b,30937,648,10,0
1621b,30937,649,11,0
4075b,30937,649,12,0
1544b,30937,650,13,0
3807b,30937,651,14,0
3809b,30937,653,15,0
245b,30937,653,16,0
7832b,30937,654,17,0
3522b,30937,656,18,0
390b,30937,657,19,0
59b,30937,659,20,0
4043b,30937,660,21,1
4008b,14800,525,1,0
3797b,14800,526,2,0
1614b,14800,527,3,0
1671b,14800,528,4,0
562b,14800,530,5,0
475b,14800,532,6,0
2868b,14800,534,7,0
626b,14800,537,8,0
1617b,14800,538,9,0
555b,14800,539,10,0
1621b,14800,540,11,0
4075b,14800,540,12,0
1544b,14800,541,13,0
3807b,14800,542,14,0
3809b,14800,544,15,0
245b,14800,544,16,0
7832b,14800,545,17,0
3522b,14800,547,18,0
390b,14800,548,19,0
59b,14800,550,20,0
4043b,14800,551,21,1
4008b,26922,660,1,0
3797b,26922,660,2,0
1614b,26922,661,3,0
1671b,26922,662,4,0
562b,26922,663,5,0
475b,26922,665,6,0
2868b,26922,666,7,0
626b,26922,668,8,0
1617b,26922,669,9,0
555b,26922,670,10,0
1621b,26922,671,11,0
4075b,26922,671,12,0
1544b,26922,672,13,0
3807b,26922,673,14,0
3809b,26922,674,15,0
245b,26922,675,16,0
7832b,26922,676,17,0
3522b,26922,677,18,0
390b,26922,678,19,0
59b,26922,680,20,0
4043b,26922,681,21,1
4008b,28194,1080,1,0
3797b,28194,1080,2,0
1614b,28194,1081,3,0
1671b,28194,1082,4,0
562b,28194,1083,5,0
475b,28194,1085,6,0
2868b,28194,1087,7,0
626b,28194,1089,8,0
1617b,28194,1090,9,0
555b,28194,1091,10,0
1621b,28194,1093,11,0
4075b,28194,1093,12,0
1544b,28194,1094,13,0
3807b,28194,1096,14,0
3809b,28194,1097,15,0
245b,28194,1098,16,0
7832b,28194,1099,17,0
3522b,28194,1100,18,0
390b,28194,1102,19,0
59b,28194,1103,20,0
4043b,28194,1105,21,1
