arret_id,trajet_id,heure_depart,stop_sequence,terminus
8025b,3644,511,1,0
8023b,3644,523,2,1
8025b,24371,803,1,0
8023b,24371,815,2,1
8023b,3704,802,1,0
8025b,3704,814,2,1
8025b,3708,924,1,0
8023b,3708,936,2,1
8025b,1102,1004,1,0
8023b,1102,1016,2,1
8023b,3764,974,1,0
8025b,3764,986,2,1
8023b,3787,518,1,0
8025b,3787,530,2,1
8023b,1174,746,1,0
8025b,1174,758,2,1
8023b,34,538,1,0
8025b,34,550,2,1
8025b,12477,607,1,0
8023b,12477,619,2,1
8025b,24439,872,1,0
8023b,24439,884,2,1
8023b,3891,870,1,0
8025b,3891,882,2,1
8023b,24633,882,1,0
8025b,24633,894,2,1
8023b,24604,514,1,0
8025b,24604,526,2,1
8023b,3934,1190,1,0
8025b,3934,1202,2,1
8025b,12721,1008,1,0
8023b,12721,1020,2,1
8023b,24751,1034,1,0
8025b,24751,1046,2,1
8023b,22021,1198,1,0
8025b,22021,1210,2,1
8023b,1405,702,1,0
8025b,1405,714,2,1
8023b,12848,1026,1,0
8025b,12848,1038,2,1
8023b,12823,1054,1,0
8025b,12823,1066,2,1
8023b,24878,926,1,0
8025b,24878,938,2,1
8025b,24867,523,1,0
8023b,24867,535,2,1
8023b,10224,822,1,0
8025b,10224,834,2,1
8023b,22194,650,1,0
8025b,22194,662,2,1
8025b,22176,848,1,0
8023b,22176,860,2,1
8025b,12944,663,1,0
8023b,12944,675,2,1
8025b,22304,896,1,0
8023b,22304,908,2,1
8023b,10449,1194,1,0
8025b,10449,1206,2,1
8023b,22529,774,1,0
8025b,22529,786,2,1
8025b,10545,687,1,0
8023b,10545,699,2,1
8025b,22502,619,1,0
8023b,22502,631,2,1
8025b,22595,1012,1,0
8023b,22595,1024,2,1
8023b,22538,854,1,0
8025b,22538,866,2,1
8025b,1859,635,1,0
8023b,1859,647,2,1
8023b,10664,558,1,0
8025b,10664,570,2,1
8025b,10665,920,1,0
8023b,10665,932,2,1
8025b,22754,495,1,0
8023b,22754,507,2,1
8025b,22714,916,1,0
8023b,22714,928,2,1
8025b,10710,755,1,0
8023b,10710,767,2,1
8023b,20166,694,1,0
8025b,20166,706,2,1
8023b,10887,534,1,0
8025b,10887,546,2,1
8025b,22836,807,1,0
8023b,22836,819,2,1
8023b,22810,754,1,0
8025b,22810,766,2,1
8025b,20294,679,1,0
8023b,20294,691,2,1
8023b,20288,922,1,0
8025b,20288,934,2,1
8023b,22802,1178,1,0
8025b,22802,1190,2,1
8023b,10984,846,1,0
8025b,10984,858,2,1
8023b,22907,1002,1,0
8025b,22907,1014,2,1
8023b,22925,550,1,0
8025b,22925,562,2,1
8023b,8067,1154,1,0
8025b,8067,1166,2,1
8023b,20419,638,1,0
8025b,20419,650,2,1
8023b,8290,878,1,0
8025b,8290,890,2,1
8023b,29014,722,1,0
8025b,29014,734,2,1
8025b,19661,559,1,0
8023b,19661,571,2,1
8025b,17089,976,1,0
8023b,17089,988,2,1
8025b,30048,655,1,0
8023b,30048,667,2,1
8025b,20792,727,1,0
8023b,20792,739,2,1
8023b,30190,682,1,0
8025b,30190,694,2,1
8023b,8499,866,1,0
8025b,8499,878,2,1
8023b,19740,1042,1,0
8025b,19740,1054,2,1
8025b,19755,972,1,0
8023b,19755,984,2,1
8023b,19758,1138,1,0
8025b,19758,1150,2,1
8023b,20712,570,1,0
8025b,20712,582,2,1
8023b,20727,990,1,0
8025b,20727,1002,2,1
8023b,30247,1094,1,0
8025b,30247,1106,2,1
8025b,29213,844,1,0
8023b,29213,856,2,1
8025b,30283,723,1,0
8023b,30283,735,2,1
8025b,19867,747,1,0
8023b,19867,759,2,1
8025b,30330,763,1,0
8023b,30330,775,2,1
8023b,29331,790,1,0
8025b,29331,802,2,1
8023b,19904,522,1,0
8025b,19904,534,2,1
8023b,19985,590,1,0
8025b,19985,602,2,1
8023b,20978,982,1,0
8025b,20978,994,2,1
8025b,6073,759,1,0
8023b,6073,771,2,1
8023b,30306,750,1,0
8025b,30306,762,2,1
8023b,17311,690,1,0
8025b,17311,702,2,1
8025b,17318,623,1,0
8023b,17318,635,2,1
8025b,20917,503,1,0
8023b,20917,515,2,1
8025b,17488,751,1,0
8023b,17488,763,2,1
8023b,30430,1046,1,0
8025b,30430,1058,2,1
8025b,8787,507,1,0
8023b,8787,519,2,1
8025b,6190,964,1,0
8023b,6190,976,2,1
8023b,29424,566,1,0
8025b,29424,578,2,1
8025b,17404,639,1,0
8023b,17404,651,2,1
8023b,29582,858,1,0
8025b,29582,870,2,1
8025b,29594,499,1,0
8023b,29594,511,2,1
8025b,17567,683,1,0
8023b,17567,695,2,1
8023b,17554,734,1,0
8025b,17554,746,2,1
8025b,15083,892,1,0
8023b,15083,904,2,1
8025b,15071,743,1,0
8023b,15071,755,2,1
8023b,8905,1142,1,0
8025b,8905,1154,2,1
8023b,8942,1170,1,0
8025b,8942,1182,2,1
8023b,27005,698,1,0
8025b,27005,710,2,1
8025b,30701,539,1,0
8023b,30701,551,2,1
8025b,29793,1016,1,0
8023b,29793,1028,2,1
8023b,15298,654,1,0
8025b,15298,666,2,1
8025b,27273,775,1,0
8023b,27273,787,2,1
8025b,6526,827,1,0
8023b,6526,839,2,1
8023b,29887,594,1,0
8025b,29887,606,2,1
8023b,15205,798,1,0
8025b,15205,810,2,1
8025b,27396,603,1,0
8023b,27396,615,2,1
8023b,30944,634,1,0
8025b,30944,646,2,1
8025b,29938,791,1,0
8023b,29938,803,2,1
8023b,27470,1174,1,0
8025b,27470,1186,2,1
8025b,27430,940,1,0
8023b,27430,952,2,1
8025b,4229,868,1,0
8023b,4229,880,2,1
8023b,4274,1038,1,0
8025b,4274,1050,2,1
8025b,15509,968,1,0
8023b,15509,980,2,1
8025b,27565,711,1,0
8023b,27565,723,2,1
8023b,27563,778,1,0
8025b,27563,790,2,1
8025b,4390,904,1,0
8023b,4390,916,2,1
8023b,13010,918,1,0
8025b,13010,930,2,1
8023b,27616,674,1,0
8025b,27616,686,2,1
8023b,13088,614,1,0
8025b,13088,626,2,1
8023b,13067,1126,1,0
8025b,13067,1138,2,1
8023b,25050,966,1,0
8025b,25050,978,2,1
8023b,27689,1006,1,0
8025b,27689,1018,2,1
8023b,25023,658,1,0
8025b,25023,670,2,1
8023b,15802,986,1,0
8025b,15802,998,2,1
8025b,15775,767,1,0
8023b,15775,779,2,1
8025b,27724,527,1,0
8023b,27724,539,2,1
8023b,25156,938,1,0
8025b,25156,950,2,1
8025b,13143,771,1,0
8023b,13143,783,2,1
8023b,27783,554,1,0
8025b,27783,566,2,1
8023b,13149,718,1,0
8025b,13149,730,2,1
8023b,4527,934,1,0
8025b,4527,946,2,1
8025b,25214,956,1,0
8023b,25214,968,2,1
8023b,27845,886,1,0
8025b,27845,898,2,1
8023b,27822,1074,1,0
8025b,27822,1086,2,1
8023b,4611,970,1,0
8025b,4611,982,2,1
8023b,4633,706,1,0
8025b,4633,718,2,1
8023b,2010,958,1,0
8025b,2010,970,2,1
8025b,2097,948,1,0
8023b,2097,960,2,1
8023b,25355,646,1,0
8025b,25355,658,2,1
8023b,25326,950,1,0
8025b,25326,962,2,1
8025b,25311,900,1,0
8023b,25311,912,2,1
8023b,13315,906,1,0
8025b,13315,918,2,1
8023b,4799,1150,1,0
8025b,4799,1162,2,1
8023b,13539,1066,1,0
8025b,13539,1078,2,1
8023b,2173,1146,1,0
8025b,2173,1158,2,1
8023b,2198,786,1,0
8025b,2198,798,2,1
8025b,4838,699,1,0
8023b,4838,711,2,1
8025b,4866,984,1,0
8023b,4866,996,2,1
8023b,25611,994,1,0
8025b,25611,1006,2,1
8025b,25526,912,1,0
8023b,25526,924,2,1
8023b,4970,542,1,0
8025b,4970,554,2,1
8023b,2388,1166,1,0
8025b,2388,1178,2,1
8023b,25758,978,1,0
8025b,25758,990,2,1
8023b,25717,842,1,0
8025b,25717,854,2,1
8025b,13738,547,1,0
8023b,13738,559,2,1
8023b,23030,1158,1,0
8025b,23030,1170,2,1
8025b,11080,691,1,0
8023b,11080,703,2,1
8025b,2430,651,1,0
8023b,2430,663,2,1
8023b,2425,806,1,0
8025b,2425,818,2,1
8025b,13810,703,1,0
8023b,13810,715,2,1
8025b,2466,515,1,0
8023b,2466,527,2,1
8023b,11221,782,1,0
8025b,11221,794,2,1
8023b,25837,618,1,0
8025b,25837,630,2,1
8025b,13827,519,1,0
8023b,13827,531,2,1
8025b,23153,787,1,0
8023b,23153,799,2,1
8023b,23131,1090,1,0
8025b,23131,1102,2,1
8023b,23109,962,1,0
8025b,23109,974,2,1
8023b,2509,874,1,0
8025b,2509,886,2,1
8025b,25911,1000,1,0
8023b,25911,1012,2,1
8025b,2558,823,1,0
8023b,2558,835,2,1
8025b,2570,884,1,0
8023b,2570,896,2,1
8023b,2567,1082,1,0
8025b,2567,1094,2,1
8025b,13968,567,1,0
8023b,13968,579,2,1
8025b,13941,932,1,0
8023b,13941,944,2,1
8025b,23275,719,1,0
8023b,23275,731,2,1
8023b,23408,678,1,0
8025b,23408,690,2,1
8023b,23389,610,1,0
8025b,23389,622,2,1
8023b,23372,1030,1,0
8025b,23372,1042,2,1
8023b,2745,890,1,0
8025b,2745,902,2,1
8025b,2768,531,1,0
8023b,2768,543,2,1
8023b,23528,814,1,0
8025b,23528,826,2,1
8025b,23462,936,1,0
8023b,23462,948,2,1
8025b,11489,647,1,0
8023b,11489,659,2,1
8023b,2833,582,1,0
8025b,2833,594,2,1
8023b,2849,1014,1,0
8025b,2849,1026,2,1
8025b,11613,715,1,0
8023b,11613,727,2,1
8023b,23666,1022,1,0
8025b,23666,1034,2,1
8025b,2983,735,1,0
8023b,2983,747,2,1
8025b,21156,795,1,0
8023b,21156,807,2,1
8023b,23752,794,1,0
8025b,23752,806,2,1
8023b,21073,862,1,0
8025b,21073,874,2,1
8025b,11819,675,1,0
8023b,11819,687,2,1
8025b,21171,856,1,0
8023b,21171,868,2,1
8023b,11975,850,1,0
8025b,11975,862,2,1
8025b,23918,888,1,0
8023b,23918,900,2,1
8025b,21477,579,1,0
8023b,21477,591,2,1
8023b,9109,810,1,0
8025b,9109,822,2,1
8023b,9193,670,1,0
8025b,9193,682,2,1
8023b,21515,530,1,0
8025b,21515,542,2,1
8023b,9272,562,1,0
8025b,9272,574,2,1
8023b,21638,510,1,0
8025b,21638,522,2,1
8025b,31059,615,1,0
8023b,31059,627,2,1
8025b,18052,667,1,0
8023b,18052,679,2,1
8025b,9324,944,1,0
8023b,9324,956,2,1
8023b,9396,598,1,0
8025b,9396,610,2,1
8025b,21789,876,1,0
8023b,21789,888,2,1
8023b,31111,710,1,0
8025b,31111,722,2,1
8023b,21737,1050,1,0
8025b,21737,1062,2,1
8025b,31157,831,1,0
8023b,31157,843,2,1
8023b,9432,1078,1,0
8025b,9432,1090,2,1
8023b,9440,630,1,0
8025b,9440,642,2,1
8023b,9472,1086,1,0
8025b,9472,1098,2,1
8023b,31237,1134,1,0
8025b,31237,1146,2,1
8025b,9571,535,1,0
8023b,9571,547,2,1
8023b,21829,714,1,0
8025b,21829,726,2,1
8025b,18378,583,1,0
8023b,18378,595,2,1
8023b,21996,942,1,0
8025b,21996,954,2,1
8023b,9660,1098,1,0
8025b,9660,1110,2,1
8023b,9676,586,1,0
8025b,9676,598,2,1
8023b,9677,1010,1,0
8025b,9677,1022,2,1
8023b,21940,686,1,0
8025b,21940,698,2,1
8023b,21901,1130,1,0
8025b,21901,1142,2,1
8025b,122,988,1,0
8023b,122,1000,2,1
8023b,9766,894,1,0
8025b,9766,906,2,1
8025b,159,695,1,0
8023b,159,707,2,1
8025b,7159,571,1,0
8023b,7159,583,2,1
8025b,9864,980,1,0
8023b,9864,992,2,1
8023b,28050,898,1,0
8025b,28050,910,2,1
8023b,9923,602,1,0
8025b,9923,614,2,1
8023b,323,914,1,0
8025b,323,926,2,1
8025b,7329,992,1,0
8023b,7329,1004,2,1
8023b,399,1058,1,0
8025b,399,1070,2,1
8025b,16171,852,1,0
8023b,16171,864,2,1
8023b,16163,758,1,0
8025b,16163,770,2,1
8023b,16130,1118,1,0
8025b,16130,1130,2,1
8025b,443,555,1,0
8023b,443,567,2,1
8023b,28190,1162,1,0
8025b,28190,1174,2,1
8025b,490,611,1,0
8023b,490,623,2,1
8023b,28284,662,1,0
8025b,28284,674,2,1
8023b,28237,606,1,0
8025b,28237,618,2,1
8023b,16219,902,1,0
8025b,16219,914,2,1
8025b,16392,543,1,0
8023b,16392,555,2,1
8025b,28364,643,1,0
8023b,28364,655,2,1
8023b,643,762,1,0
8025b,643,774,2,1
8025b,7665,659,1,0
8023b,7665,671,2,1
8025b,5056,799,1,0
8023b,5056,811,2,1
8025b,28344,952,1,0
8023b,28344,964,2,1
8023b,16325,1070,1,0
8025b,16325,1082,2,1
8023b,749,827,1,0
8025b,749,839,2,1
8023b,5149,1186,1,0
8025b,5149,1198,2,1
8023b,16452,526,1,0
8025b,16452,538,2,1
8025b,16444,835,1,0
8023b,16444,847,2,1
8025b,809,839,1,0
8023b,809,851,2,1
8025b,825,779,1,0
8023b,825,791,2,1
8025b,5234,928,1,0
8023b,5234,940,2,1
8025b,7923,731,1,0
8023b,7923,743,2,1
8025b,14077,811,1,0
8023b,14077,823,2,1
8023b,7981,574,1,0
8025b,7981,586,2,1
8023b,5329,766,1,0
8025b,5329,778,2,1
8023b,14023,770,1,0
8025b,14023,782,2,1
8023b,26177,738,1,0
8025b,26177,750,2,1
8025b,16725,707,1,0
8023b,16725,719,2,1
8023b,14170,837,1,0
8025b,14170,849,2,1
8025b,26122,860,1,0
8023b,26122,872,2,1
8025b,28755,960,1,0
8023b,28755,972,2,1
8025b,26251,631,1,0
8023b,26251,643,2,1
8025b,26219,551,1,0
8023b,26219,563,2,1
8025b,16896,599,1,0
8023b,16896,611,2,1
8023b,14238,1182,1,0
8025b,14238,1194,2,1
8023b,5649,832,1,0
8025b,5649,844,2,1
8025b,5660,591,1,0
8023b,5660,603,2,1
8025b,3010,908,1,0
8023b,3010,920,2,1
8023b,3066,1018,1,0
8025b,3066,1030,2,1
8023b,3079,1106,1,0
8025b,3079,1118,2,1
8023b,3078,998,1,0
8025b,3078,1010,2,1
8023b,3080,954,1,0
8025b,3080,966,2,1
8023b,16935,818,1,0
8025b,16935,830,2,1
8023b,26354,910,1,0
8025b,26354,922,2,1
8025b,26400,563,1,0
8023b,26400,575,2,1
8025b,14496,996,1,0
8023b,14496,1008,2,1
8025b,5826,739,1,0
8023b,5826,751,2,1
8023b,5852,1110,1,0
8025b,5852,1122,2,1
8025b,3282,864,1,0
8023b,3282,876,2,1
8025b,26542,671,1,0
8023b,26542,683,2,1
8023b,14516,946,1,0
8025b,14516,958,2,1
8023b,3317,578,1,0
8025b,3317,590,2,1
8023b,3319,642,1,0
8025b,3319,654,2,1
8025b,14740,595,1,0
8023b,14740,607,2,1
8025b,24015,587,1,0
8023b,24015,599,2,1
8023b,12029,742,1,0
8025b,12029,754,2,1
8023b,14634,546,1,0
8025b,14634,558,2,1
8023b,12072,1102,1,0
8025b,12072,1114,2,1
8023b,24066,726,1,0
8025b,24066,738,2,1
8023b,3420,1202,1,0
8025b,3420,1214,2,1
8023b,3465,930,1,0
8025b,3465,942,2,1
8023b,26803,1062,1,0
8025b,26803,1074,2,1
8025b,24138,815,1,0
8023b,24138,827,2,1
8023b,14778,1114,1,0
8025b,14778,1126,2,1
8025b,12124,783,1,0
8023b,12124,795,2,1
8023b,3503,622,1,0
8025b,3503,634,2,1
8025b,3541,880,1,0
8023b,3541,892,2,1
8025b,3546,819,1,0
8023b,3546,831,2,1
8023b,3583,1122,1,0
8025b,3583,1134,2,1
8023b,12328,730,1,0
8025b,12328,742,2,1
8023b,12302,626,1,0
8025b,12302,638,2,1
8025b,26918,627,1,0
8023b,26918,639,2,1
8025b,24217,575,1,0
8023b,24217,587,2,1
8023b,3608,666,1,0
8025b,3608,678,2,1
