arret_id,trajet_id,heure_depart,stop_sequence,terminus
3825b,3634,1120,1,0
8131b,3634,1124,2,0
8042b,3634,1134,3,1
3825b,1011,1160,1,0
8131b,1011,1164,2,0
8042b,1011,1174,3,1
3825b,3674,1130,1,0
8131b,3674,1134,2,0
8042b,3674,1144,3,1
3825b,12400,885,1,0
8131b,12400,889,2,0
8042b,12400,899,3,1
3825b,24364,1086,1,0
8131b,24364,1090,2,0
8042b,24364,1100,3,1
8042b,24348,1358,1,0
8132b,24348,1367,2,0
3825b,24348,1373,3,1
8042b,1199,1245,1,0
8132b,1199,1254,2,0
3825b,1199,1260,3,1
8042b,24502,1361,1,0
8132b,24502,1370,2,0
3825b,24502,1376,3,1
8042b,36483,1385,1,0
8132b,36483,1394,2,0
3825b,36483,1400,3,1
3825b,12491,1035,1,0
8131b,12491,1039,2,0
8042b,12491,1049,3,1
8042b,24474,1055,1,0
8132b,24474,1064,2,0
3825b,24474,1070,3,1
8042b,12498,1365,1,0
8132b,12498,1374,2,0
3825b,12498,1380,3,1
3825b,57,1265,1,0
8131b,57,1269,2,0
8042b,57,1279,3,1
8042b,24438,1410,1,0
8132b,24438,1419,2,0
3825b,24438,1425,3,1
3825b,36416,1335,1,0
8131b,36416,1339,2,0
8042b,36416,1349,3,1
3825b,3859,1265,1,0
8131b,3859,1269,2,0
8042b,3859,1279,3,1
8042b,12655,1361,1,0
8132b,12655,1370,2,0
3825b,12655,1376,3,1
3825b,24597,1135,1,0
8131b,24597,1139,2,0
8042b,24597,1149,3,1
8042b,1346,1405,1,0
8132b,1346,1414,2,0
3825b,1346,1420,3,1
3825b,1360,1140,1,0
8131b,1360,1144,2,0
8042b,1360,1154,3,1
3825b,22122,1265,1,0
8131b,22122,1269,2,0
8042b,22122,1279,3,1
3825b,12775,1110,1,0
8131b,12775,1114,2,0
8042b,12775,1124,3,1
3825b,12848,1140,1,0
8131b,12848,1144,2,0
8042b,12848,1154,3,1
3825b,1492,1152,1,0
8131b,1492,1156,2,0
8042b,1492,1166,3,1
8042b,22213,1090,1,0
8132b,22213,1099,2,0
3825b,22213,1105,3,1
8042b,36861,1364,1,0
8132b,36861,1373,2,0
3825b,36861,1379,3,1
3825b,12875,900,1,0
8131b,12875,904,2,0
8042b,12875,914,3,1
3825b,10220,1300,1,0
8131b,10220,1304,2,0
8042b,10220,1314,3,1
3825b,12855,1300,1,0
8131b,12855,1304,2,0
8042b,12855,1314,3,1
8042b,22188,1250,1,0
8132b,22188,1259,2,0
3825b,22188,1265,3,1
3825b,1552,1190,1,0
8131b,1552,1194,2,0
8042b,1552,1204,3,1
3825b,36917,1140,1,0
8131b,36917,1144,2,0
8042b,36917,1154,3,1
8042b,12935,1065,1,0
8132b,12935,1074,2,0
3825b,12935,1080,3,1
3825b,24968,1185,1,0
8131b,24968,1189,2,0
8042b,24968,1199,3,1
3825b,10320,1116,1,0
8131b,10320,1120,2,0
8042b,10320,1130,3,1
3825b,34284,1143,1,0
8131b,34284,1147,2,0
8042b,34284,1157,3,1
3825b,22266,1146,1,0
8131b,22266,1150,2,0
8042b,22266,1160,3,1
3825b,10393,1167,1,0
8131b,10393,1171,2,0
8042b,10393,1181,3,1
8042b,22555,1250,1,0
8132b,22555,1259,2,0
3825b,22555,1265,3,1
3825b,10559,1215,1,0
8131b,10559,1219,2,0
8042b,10559,1229,3,1
8042b,1839,1405,1,0
8132b,1839,1414,2,0
3825b,1839,1420,3,1
3825b,1871,855,1,0
8131b,1871,859,2,0
8042b,1871,869,3,1
3825b,22614,1170,1,0
8131b,22614,1174,2,0
8042b,22614,1184,3,1
8042b,22628,1285,1,0
8132b,22628,1294,2,0
3825b,22628,1300,3,1
3825b,10608,1140,1,0
8131b,10608,1144,2,0
8042b,10608,1154,3,1
8042b,32040,1360,1,0
8132b,32040,1369,2,0
3825b,32040,1375,3,1
8042b,1981,1375,1,0
8132b,1981,1384,2,0
3825b,1981,1390,3,1
3825b,22768,1120,1,0
8131b,22768,1124,2,0
8042b,22768,1134,3,1
3825b,10782,890,1,0
8131b,10782,894,2,0
8042b,10782,904,3,1
8042b,34726,1385,1,0
8132b,34726,1394,2,0
3825b,34726,1400,3,1
8042b,10736,1373,1,0
8132b,10736,1382,2,0
3825b,10736,1388,3,1
8042b,20158,1358,1,0
8132b,20158,1367,2,0
3825b,20158,1373,3,1
3825b,34788,1115,1,0
8131b,34788,1119,2,0
8042b,34788,1129,3,1
3825b,32102,1116,1,0
8131b,32102,1120,2,0
8042b,32102,1130,3,1
3825b,19131,1167,1,0
8131b,19131,1171,2,0
8042b,19131,1181,3,1
8042b,34752,1379,1,0
8132b,34752,1388,2,0
3825b,34752,1394,3,1
8042b,32074,1385,1,0
8132b,32074,1394,2,0
3825b,32074,1400,3,1
8042b,22872,1397,1,0
8132b,22872,1406,2,0
3825b,22872,1412,3,1
3825b,34862,1080,1,0
8131b,34862,1084,2,0
8042b,34862,1094,3,1
3825b,22867,815,1,0
8131b,22867,819,2,0
8042b,22867,829,3,1
3825b,32271,840,1,0
8131b,32271,844,2,0
8042b,32271,854,3,1
3825b,20274,1145,1,0
8131b,20274,1149,2,0
8042b,20274,1159,3,1
3825b,22899,1270,1,0
8131b,22899,1274,2,0
8042b,22899,1284,3,1
3825b,32210,1110,1,0
8131b,32210,1114,2,0
8042b,32210,1124,3,1
3825b,10823,1210,1,0
8131b,10823,1214,2,0
8042b,10823,1224,3,1
3825b,34976,1335,1,0
8131b,34976,1339,2,0
8042b,34976,1349,3,1
3825b,22986,1200,1,0
8131b,22986,1204,2,0
8042b,22986,1214,3,1
3825b,22966,780,1,0
8131b,22966,784,2,0
8042b,22966,794,3,1
3825b,34933,1090,1,0
8131b,34933,1094,2,0
8042b,34933,1104,3,1
8042b,34921,1395,1,0
8132b,34921,1404,2,0
3825b,34921,1410,3,1
8042b,22944,1409,1,0
8132b,22944,1418,2,0
3825b,22944,1424,3,1
3825b,19378,1100,1,0
8131b,19378,1104,2,0
8042b,19378,1114,3,1
8042b,22906,1290,1,0
8132b,22906,1299,2,0
3825b,22906,1305,3,1
8042b,19462,1115,1,0
8132b,19462,1124,2,0
3825b,19462,1130,3,1
3825b,20467,1125,1,0
8131b,20467,1129,2,0
8042b,20467,1139,3,1
3825b,20429,1188,1,0
8131b,20429,1192,2,0
8042b,20429,1202,3,1
8042b,32473,1406,1,0
8132b,32473,1415,2,0
3825b,32473,1421,3,1
8042b,19493,1395,1,0
8132b,19493,1404,2,0
3825b,19493,1410,3,1
8042b,8147,1367,1,0
8132b,8147,1376,2,0
3825b,8147,1382,3,1
8042b,8155,1376,1,0
8132b,8155,1385,2,0
3825b,8155,1391,3,1
3825b,8231,1115,1,0
8131b,8231,1119,2,0
8042b,8231,1129,3,1
3825b,8236,1130,1,0
8131b,8236,1134,2,0
8042b,8236,1144,3,1
3825b,8247,1110,1,0
8131b,8247,1114,2,0
8042b,8247,1124,3,1
8042b,8283,1070,1,0
8132b,8283,1079,2,0
3825b,8283,1085,3,1
3825b,30029,1200,1,0
8131b,30029,1204,2,0
8042b,30029,1214,3,1
3825b,32668,1130,1,0
8131b,32668,1134,2,0
8042b,32668,1144,3,1
8042b,17005,1355,1,0
8132b,17005,1364,2,0
3825b,17005,1370,3,1
3825b,19643,1160,1,0
8131b,19643,1164,2,0
8042b,19643,1174,3,1
3825b,20633,1170,1,0
8131b,20633,1174,2,0
8042b,20633,1184,3,1
8042b,17085,1385,1,0
8132b,17085,1394,2,0
3825b,17085,1400,3,1
8042b,30049,1075,1,0
8132b,30049,1084,2,0
3825b,30049,1090,3,1
3825b,29051,1135,1,0
8131b,29051,1139,2,0
8042b,29051,1149,3,1
3825b,8308,1335,1,0
8131b,8308,1339,2,0
8042b,8308,1349,3,1
3825b,8333,1194,1,0
8131b,8333,1198,2,0
8042b,8333,1208,3,1
3825b,19627,1195,1,0
8131b,19627,1199,2,0
8042b,19627,1209,3,1
3825b,8384,1300,1,0
8131b,8384,1304,2,0
8042b,8384,1314,3,1
8042b,30149,1085,1,0
8132b,30149,1094,2,0
3825b,30149,1100,3,1
3825b,20799,1190,1,0
8131b,20799,1194,2,0
8042b,20799,1204,3,1
8042b,32765,1355,1,0
8132b,32765,1364,2,0
3825b,32765,1370,3,1
3825b,29105,1165,1,0
8131b,29105,1169,2,0
8042b,29105,1179,3,1
3825b,20786,1160,1,0
8131b,20786,1164,2,0
8042b,20786,1174,3,1
3825b,32743,1230,1,0
8131b,32743,1234,2,0
8042b,32743,1244,3,1
8042b,30157,1110,1,0
8132b,30157,1119,2,0
3825b,30157,1125,3,1
3825b,20710,1170,1,0
8131b,20710,1174,2,0
8042b,20710,1184,3,1
3825b,20706,820,1,0
8131b,20706,824,2,0
8042b,20706,834,3,1
3825b,30208,1190,1,0
8131b,30208,1194,2,0
8042b,30208,1204,3,1
3825b,17239,1145,1,0
8131b,17239,1149,2,0
8042b,17239,1159,3,1
8042b,29288,1415,1,0
8132b,29288,1424,2,0
3825b,29288,1430,3,1
3825b,8562,1120,1,0
8131b,8562,1124,2,0
8042b,8562,1134,3,1
8042b,19852,1405,1,0
8132b,19852,1414,2,0
3825b,19852,1420,3,1
8042b,20819,985,1,0
8132b,20819,994,2,0
3825b,20819,1000,3,1
3825b,20804,1188,1,0
8131b,20804,1192,2,0
8042b,20804,1202,3,1
8042b,29339,1373,1,0
8132b,29339,1382,2,0
3825b,29339,1388,3,1
3825b,8616,1230,1,0
8131b,8616,1234,2,0
8042b,8616,1244,3,1
8042b,20902,1020,1,0
8132b,20902,1029,2,0
3825b,20902,1035,3,1
3825b,29301,1180,1,0
8131b,29301,1184,2,0
8042b,29301,1194,3,1
3825b,29311,1200,1,0
8131b,29311,1204,2,0
8042b,29311,1214,3,1
3825b,32959,1092,1,0
8131b,32959,1096,2,0
8042b,32959,1106,3,1
8042b,17313,1375,1,0
8132b,17313,1384,2,0
3825b,17313,1390,3,1
8042b,32920,1355,1,0
8132b,32920,1364,2,0
3825b,32920,1370,3,1
3825b,19959,1119,1,0
8131b,19959,1123,2,0
8042b,19959,1133,3,1
8042b,19955,1400,1,0
8132b,19955,1409,2,0
3825b,19955,1415,3,1
3825b,20923,1155,1,0
8131b,20923,1159,2,0
8042b,20923,1169,3,1
3825b,30467,1230,1,0
8131b,30467,1234,2,0
8042b,30467,1244,3,1
3825b,6106,870,1,0
8131b,6106,874,2,0
8042b,6106,884,3,1
3825b,6105,1185,1,0
8131b,6105,1189,2,0
8042b,6105,1199,3,1
8042b,6183,1250,1,0
8132b,6183,1259,2,0
3825b,6183,1265,3,1
3825b,29431,1122,1,0
8131b,29431,1126,2,0
8042b,29431,1136,3,1
8042b,29415,1390,1,0
8132b,29415,1399,2,0
3825b,29415,1405,3,1
8042b,8813,1388,1,0
8132b,8813,1397,2,0
3825b,8813,1403,3,1
3825b,8842,850,1,0
8131b,8842,854,2,0
8042b,8842,864,3,1
3825b,8865,1110,1,0
8131b,8865,1114,2,0
8042b,8865,1124,3,1
3825b,29541,1080,1,0
8131b,29541,1084,2,0
8042b,29541,1094,3,1
3825b,17577,895,1,0
8131b,17577,899,2,0
8042b,17577,909,3,1
8042b,29523,1230,1,0
8132b,29523,1239,2,0
3825b,29523,1245,3,1
3825b,27076,1140,1,0
8131b,27076,1144,2,0
8042b,27076,1154,3,1
3825b,27040,1180,1,0
8131b,27040,1184,2,0
8042b,27040,1194,3,1
8042b,15070,1060,1,0
8132b,15070,1069,2,0
3825b,15070,1075,3,1
8042b,8977,1415,1,0
8132b,8977,1424,2,0
3825b,8977,1430,3,1
3825b,29667,1191,1,0
8131b,29667,1195,2,0
8042b,29667,1205,3,1
3825b,15027,1335,1,0
8131b,15027,1339,2,0
8042b,15027,1349,3,1
8042b,29640,1320,1,0
8132b,29640,1329,2,0
3825b,29640,1335,3,1
3825b,17675,1125,1,0
8131b,17675,1129,2,0
8042b,17675,1139,3,1
3825b,17672,1119,1,0
8131b,17672,1123,2,0
8042b,17672,1133,3,1
8042b,17678,1379,1,0
8132b,17678,1388,2,0
3825b,17678,1394,3,1
3825b,30632,1220,1,0
8131b,30632,1224,2,0
8042b,30632,1234,3,1
8042b,6406,1395,1,0
8132b,6406,1404,2,0
3825b,6406,1410,3,1
8042b,6453,1355,1,0
8132b,6453,1364,2,0
3825b,6453,1370,3,1
3825b,17717,1160,1,0
8131b,17717,1164,2,0
8042b,17717,1174,3,1
3825b,30717,1130,1,0
8131b,30717,1134,2,0
8042b,30717,1144,3,1
3825b,27267,1122,1,0
8131b,27267,1126,2,0
8042b,27267,1136,3,1
8042b,6510,1385,1,0
8132b,6510,1394,2,0
3825b,6510,1400,3,1
3825b,6581,1230,1,0
8131b,6581,1234,2,0
8042b,6581,1244,3,1
8042b,15274,1215,1,0
8132b,15274,1224,2,0
3825b,15274,1230,3,1
8042b,15248,1355,1,0
8132b,15248,1364,2,0
3825b,15248,1370,3,1
3825b,17881,1158,1,0
8131b,17881,1162,2,0
8042b,17881,1172,3,1
3825b,30838,1104,1,0
8131b,30838,1108,2,0
8042b,30838,1118,3,1
8042b,30836,1395,1,0
8132b,30836,1404,2,0
3825b,30836,1410,3,1
3825b,6610,1145,1,0
8131b,6610,1149,2,0
8042b,6610,1159,3,1
3825b,4020,1125,1,0
8131b,4020,1129,2,0
8042b,4020,1139,3,1
8042b,4047,1367,1,0
8132b,4047,1376,2,0
3825b,4047,1382,3,1
3825b,4038,1086,1,0
8131b,4038,1090,2,0
8042b,4038,1100,3,1
8042b,17976,1400,1,0
8132b,17976,1409,2,0
3825b,17976,1415,3,1
8042b,30994,1400,1,0
8132b,30994,1409,2,0
3825b,30994,1415,3,1
3825b,27353,1150,1,0
8131b,27353,1154,2,0
8042b,27353,1164,3,1
8042b,15355,1215,1,0
8132b,15355,1224,2,0
3825b,15355,1230,3,1
3825b,30974,810,1,0
8131b,30974,814,2,0
8042b,30974,824,3,1
8042b,6727,1375,1,0
8132b,6727,1384,2,0
3825b,6727,1390,3,1
3825b,6746,1179,1,0
8131b,6746,1183,2,0
8042b,6746,1193,3,1
3825b,4158,1179,1,0
8131b,4158,1183,2,0
8042b,4158,1193,3,1
8042b,15456,1415,1,0
8132b,15456,1424,2,0
3825b,15456,1430,3,1
8042b,4204,1320,1,0
8132b,4204,1329,2,0
3825b,4204,1335,3,1
8042b,6892,1365,1,0
8132b,6892,1374,2,0
3825b,6892,1380,3,1
8042b,27511,1320,1,0
8132b,27511,1329,2,0
3825b,27511,1335,3,1
3825b,27580,1200,1,0
8131b,27580,1204,2,0
8042b,27580,1214,3,1
3825b,15596,1092,1,0
8131b,15596,1096,2,0
8042b,15596,1106,3,1
3825b,25088,1100,1,0
8131b,25088,1104,2,0
8042b,25088,1114,3,1
8042b,6985,1385,1,0
8132b,6985,1394,2,0
3825b,6985,1400,3,1
3825b,15614,830,1,0
8131b,15614,834,2,0
8042b,15614,844,3,1
8042b,37047,1370,1,0
8132b,37047,1379,2,0
3825b,37047,1385,3,1
3825b,25078,1191,1,0
8131b,25078,1195,2,0
8042b,25078,1205,3,1
3825b,4419,1100,1,0
8131b,4419,1104,2,0
8042b,4419,1114,3,1
8042b,4418,1415,1,0
8132b,4418,1424,2,0
3825b,4418,1430,3,1
8042b,15754,1365,1,0
8132b,15754,1374,2,0
3825b,15754,1380,3,1
3825b,27705,1150,1,0
8131b,27705,1154,2,0
8042b,27705,1164,3,1
8042b,15739,1390,1,0
8132b,15739,1399,2,0
3825b,15739,1405,3,1
3825b,13197,1120,1,0
8131b,13197,1124,2,0
8042b,13197,1134,3,1
3825b,37111,1170,1,0
8131b,37111,1174,2,0
8042b,37111,1184,3,1
8042b,27904,1285,1,0
8132b,27904,1294,2,0
3825b,27904,1300,3,1
8042b,15901,1355,1,0
8132b,15901,1364,2,0
3825b,15901,1370,3,1
8042b,27866,1395,1,0
8132b,27866,1404,2,0
3825b,27866,1410,3,1
8042b,25287,1215,1,0
8132b,25287,1224,2,0
3825b,25287,1230,3,1
3825b,25292,1110,1,0
8131b,25292,1114,2,0
8042b,25292,1124,3,1
8042b,4601,1418,1,0
8132b,4601,1427,2,0
3825b,4601,1433,3,1
8042b,2045,915,1,0
8132b,2045,924,2,0
3825b,2045,930,3,1
3825b,13378,1230,1,0
8131b,13378,1234,2,0
8042b,13378,1244,3,1
3825b,13333,1170,1,0
8131b,13333,1174,2,0
8042b,13333,1184,3,1
3825b,37371,1150,1,0
8131b,37371,1154,2,0
8042b,37371,1164,3,1
8042b,25397,1215,1,0
8132b,25397,1224,2,0
3825b,25397,1230,3,1
3825b,13385,1110,1,0
8131b,13385,1114,2,0
8042b,13385,1124,3,1
3825b,13397,1235,1,0
8131b,13397,1239,2,0
8042b,13397,1249,3,1
3825b,2125,1110,1,0
8131b,2125,1114,2,0
8042b,2125,1124,3,1
3825b,2185,1180,1,0
8131b,2185,1184,2,0
8042b,2185,1194,3,1
3825b,13462,1128,1,0
8131b,13462,1132,2,0
8042b,13462,1142,3,1
8042b,13475,1409,1,0
8132b,13475,1418,2,0
3825b,13475,1424,3,1
3825b,4818,1150,1,0
8131b,4818,1154,2,0
8042b,4818,1164,3,1
8042b,37466,1285,1,0
8132b,37466,1294,2,0
3825b,37466,1300,3,1
8042b,37612,1365,1,0
8132b,37612,1374,2,0
3825b,37612,1380,3,1
3825b,13652,1164,1,0
8131b,13652,1168,2,0
8042b,13652,1178,3,1
8042b,37601,1397,1,0
8132b,37601,1406,2,0
3825b,37601,1412,3,1
3825b,37543,1140,1,0
8131b,37543,1144,2,0
8042b,37543,1154,3,1
3825b,25541,880,1,0
8131b,25541,884,2,0
8042b,25541,894,3,1
8042b,13564,1370,1,0
8132b,13564,1379,2,0
3825b,13564,1385,3,1
8042b,4925,1375,1,0
8132b,4925,1384,2,0
3825b,4925,1390,3,1
8042b,4979,1364,1,0
8132b,4979,1373,2,0
3825b,4979,1379,3,1
8042b,2347,1360,1,0
8132b,2347,1369,2,0
3825b,2347,1375,3,1
3825b,2358,1098,1,0
8131b,2358,1102,2,0
8042b,2358,1112,3,1
3825b,2355,1197,1,0
8131b,2355,1201,2,0
8042b,2355,1211,3,1
8042b,25741,1415,1,0
8132b,25741,1424,2,0
3825b,25741,1430,3,1
8042b,13705,1365,1,0
8132b,13705,1374,2,0
3825b,13705,1380,3,1
8042b,37677,1215,1,0
8132b,37677,1224,2,0
3825b,37677,1230,3,1
3825b,37668,1230,1,0
8131b,37668,1234,2,0
8042b,37668,1244,3,1
3825b,13672,860,1,0
8131b,13672,864,2,0
8042b,13672,874,3,1
3825b,37622,1230,1,0
8131b,37622,1234,2,0
8042b,37622,1244,3,1
3825b,11231,1170,1,0
8131b,11231,1174,2,0
8042b,11231,1184,3,1
3825b,25801,1176,1,0
8131b,25801,1180,2,0
8042b,25801,1190,3,1
8042b,35155,1320,1,0
8132b,35155,1329,2,0
3825b,35155,1335,3,1
8042b,23167,1400,1,0
8132b,23167,1409,2,0
3825b,23167,1415,3,1
8042b,35123,1250,1,0
8132b,35123,1259,2,0
3825b,35123,1265,3,1
3825b,25780,1305,1,0
8131b,25780,1309,2,0
8042b,25780,1319,3,1
3825b,11149,1149,1,0
8131b,11149,1153,2,0
8042b,11149,1163,3,1
3825b,23135,1180,1,0
8131b,23135,1184,2,0
8042b,23135,1194,3,1
3825b,37764,1300,1,0
8131b,37764,1304,2,0
8042b,37764,1314,3,1
3825b,11354,1300,1,0
8131b,11354,1304,2,0
8042b,11354,1314,3,1
3825b,25970,1120,1,0
8131b,25970,1124,2,0
8042b,25970,1134,3,1
3825b,23299,1175,1,0
8131b,23299,1179,2,0
8042b,23299,1189,3,1
3825b,23293,1152,1,0
8131b,23293,1156,2,0
8042b,23293,1166,3,1
8042b,37880,1390,1,0
8132b,37880,1399,2,0
3825b,37880,1405,3,1
3825b,11246,1225,1,0
8131b,11246,1229,2,0
8042b,11246,1239,3,1
3825b,2646,1161,1,0
8131b,2646,1165,2,0
8042b,2646,1175,3,1
3825b,2674,1105,1,0
8131b,2674,1109,2,0
8042b,2674,1119,3,1
3825b,2712,1205,1,0
8131b,2712,1209,2,0
8042b,2712,1219,3,1
3825b,11506,1195,1,0
8131b,11506,1199,2,0
8042b,11506,1209,3,1
3825b,11594,1149,1,0
8131b,11594,1153,2,0
8042b,11594,1163,3,1
3825b,23527,1200,1,0
8131b,23527,1204,2,0
8042b,23527,1214,3,1
3825b,35496,1134,1,0
8131b,35496,1138,2,0
8042b,35496,1148,3,1
3825b,23480,1225,1,0
8131b,23480,1229,2,0
8042b,23480,1239,3,1
3825b,35466,1150,1,0
8131b,35466,1154,2,0
8042b,35466,1164,3,1
8042b,11606,1415,1,0
8132b,11606,1424,2,0
3825b,11606,1430,3,1
3825b,33017,1180,1,0
8131b,33017,1184,2,0
8042b,33017,1194,3,1
3825b,35678,1155,1,0
8131b,35678,1159,2,0
8042b,35678,1169,3,1
8042b,21036,1375,1,0
8132b,21036,1384,2,0
3825b,21036,1390,3,1
3825b,33001,930,1,0
8131b,33001,934,2,0
8042b,33001,944,3,1
8042b,21005,1320,1,0
8132b,21005,1329,2,0
3825b,21005,1335,3,1
3825b,11699,1110,1,0
8131b,11699,1114,2,0
8042b,11699,1124,3,1
8042b,11679,1370,1,0
8132b,11679,1379,2,0
3825b,11679,1385,3,1
3825b,23587,1098,1,0
8131b,23587,1102,2,0
8042b,23587,1112,3,1
8042b,23580,1285,1,0
8132b,23580,1294,2,0
3825b,23580,1300,3,1
3825b,35715,1220,1,0
8131b,35715,1224,2,0
8042b,35715,1234,3,1
3825b,23734,1090,1,0
8131b,23734,1094,2,0
8042b,23734,1104,3,1
8042b,35769,1290,1,0
8132b,35769,1299,2,0
3825b,35769,1305,3,1
3825b,35823,1164,1,0
8131b,35823,1168,2,0
8042b,35823,1178,3,1
3825b,11828,1182,1,0
8131b,11828,1186,2,0
8042b,11828,1196,3,1
8042b,21256,1405,1,0
8132b,21256,1414,2,0
3825b,21256,1420,3,1
8042b,33210,1382,1,0
8132b,33210,1391,2,0
3825b,33210,1397,3,1
3825b,33218,1080,1,0
8131b,33218,1084,2,0
8042b,33218,1094,3,1
3825b,35879,1113,1,0
8131b,35879,1117,2,0
8042b,35879,1127,3,1
3825b,33193,1080,1,0
8131b,33193,1084,2,0
8042b,33193,1094,3,1
3825b,21184,1185,1,0
8131b,21184,1189,2,0
8042b,21184,1199,3,1
8042b,33166,1405,1,0
8132b,33166,1414,2,0
3825b,33166,1420,3,1
8042b,11965,1285,1,0
8132b,11965,1294,2,0
3825b,11965,1300,3,1
8042b,35932,1410,1,0
8132b,35932,1419,2,0
3825b,35932,1425,3,1
3825b,35903,1210,1,0
8131b,35903,1214,2,0
8042b,35903,1224,3,1
3825b,21384,1140,1,0
8131b,21384,1144,2,0
8042b,21384,1154,3,1
3825b,33368,1090,1,0
8131b,33368,1094,2,0
8042b,33368,1104,3,1
3825b,21355,1115,1,0
8131b,21355,1119,2,0
8042b,21355,1129,3,1
3825b,33321,1137,1,0
8131b,33321,1141,2,0
8042b,33321,1151,3,1
8042b,23994,1382,1,0
8132b,23994,1391,2,0
3825b,23994,1397,3,1
8042b,9095,1405,1,0
8132b,9095,1414,2,0
3825b,9095,1420,3,1
3825b,21488,1335,1,0
8131b,21488,1339,2,0
8042b,21488,1349,3,1
3825b,33461,875,1,0
8131b,33461,879,2,0
8042b,33461,889,3,1
3825b,33465,1175,1,0
8131b,33465,1179,2,0
8042b,33465,1189,3,1
3825b,33463,1150,1,0
8131b,33463,1154,2,0
8042b,33463,1164,3,1
3825b,33445,1210,1,0
8131b,33445,1214,2,0
8042b,33445,1224,3,1
3825b,9101,1158,1,0
8131b,9101,1162,2,0
8042b,9101,1172,3,1
3825b,21557,1113,1,0
8131b,21557,1117,2,0
8042b,21557,1127,3,1
3825b,21509,1160,1,0
8131b,21509,1164,2,0
8042b,21509,1174,3,1
8042b,33554,1355,1,0
8132b,33554,1364,2,0
3825b,33554,1370,3,1
3825b,33544,1176,1,0
8131b,33544,1180,2,0
8042b,33544,1190,3,1
8042b,9286,1250,1,0
8132b,9286,1259,2,0
3825b,9286,1265,3,1
3825b,33646,1125,1,0
8131b,33646,1129,2,0
8042b,33646,1139,3,1
3825b,33639,1170,1,0
8131b,33639,1174,2,0
8042b,33639,1184,3,1
8042b,33609,1360,1,0
8132b,33609,1369,2,0
3825b,33609,1375,3,1
3825b,21605,845,1,0
8131b,21605,849,2,0
8042b,21605,859,3,1
8042b,31076,1285,1,0
8132b,31076,1294,2,0
3825b,31076,1300,3,1
3825b,31049,1335,1,0
8131b,31049,1339,2,0
8042b,31049,1349,3,1
3825b,21692,1100,1,0
8131b,21692,1104,2,0
8042b,21692,1114,3,1
3825b,9316,1275,1,0
8131b,9316,1279,2,0
8042b,9316,1289,3,1
3825b,9332,1265,1,0
8131b,9332,1269,2,0
8042b,9332,1279,3,1
8042b,9353,1403,1,0
8132b,9353,1412,2,0
3825b,9353,1418,3,1
3825b,21786,1165,1,0
8131b,21786,1169,2,0
8042b,21786,1179,3,1
3825b,33754,1095,1,0
8131b,33754,1099,2,0
8042b,33754,1109,3,1
3825b,18124,1000,1,0
8131b,18124,1004,2,0
8042b,18124,1014,3,1
8042b,18163,1391,1,0
8132b,18163,1400,2,0
3825b,18163,1406,3,1
8042b,9403,950,1,0
8132b,9403,959,2,0
3825b,9403,965,3,1
3825b,9424,800,1,0
8131b,9424,804,2,0
8042b,9424,814,3,1
3825b,31089,1190,1,0
8131b,31089,1194,2,0
8042b,31089,1204,3,1
8042b,9488,1395,1,0
8132b,9488,1404,2,0
3825b,9488,1410,3,1
3825b,31207,1215,1,0
8131b,31207,1219,2,0
8042b,31207,1229,3,1
8042b,18217,1320,1,0
8132b,18217,1329,2,0
3825b,18217,1335,3,1
8042b,33842,1410,1,0
8132b,33842,1419,2,0
3825b,33842,1425,3,1
8042b,18207,1380,1,0
8132b,18207,1389,2,0
3825b,18207,1395,3,1
3825b,31278,1300,1,0
8131b,31278,1304,2,0
8042b,31278,1314,3,1
8042b,9583,1355,1,0
8132b,9583,1364,2,0
3825b,9583,1370,3,1
3825b,9597,1143,1,0
8131b,9597,1147,2,0
8042b,9597,1157,3,1
3825b,33997,795,1,0
8131b,33997,799,2,0
8042b,33997,809,3,1
3825b,31331,1200,1,0
8131b,31331,1204,2,0
8042b,31331,1214,3,1
3825b,31300,1155,1,0
8131b,31300,1159,2,0
8042b,31300,1169,3,1
8042b,33959,1380,1,0
8132b,33959,1389,2,0
3825b,33959,1395,3,1
8042b,31379,1380,1,0
8132b,31379,1389,2,0
3825b,31379,1395,3,1
3825b,9654,1265,1,0
8131b,9654,1269,2,0
8042b,9654,1279,3,1
3825b,21921,1131,1,0
8131b,21921,1135,2,0
8042b,21921,1145,3,1
8042b,18492,1391,1,0
8132b,18492,1400,2,0
3825b,18492,1406,3,1
3825b,18457,1335,1,0
8131b,18457,1339,2,0
8042b,18457,1349,3,1
8042b,18462,1388,1,0
8132b,18462,1397,2,0
3825b,18462,1403,3,1
8042b,31482,1385,1,0
8132b,31482,1394,2,0
3825b,31482,1400,3,1
3825b,9766,790,1,0
8131b,9766,794,2,0
8042b,9766,804,3,1
3825b,161,1205,1,0
8131b,161,1209,2,0
8042b,161,1219,3,1
3825b,167,1120,1,0
8131b,167,1124,2,0
8042b,167,1134,3,1
8042b,185,1370,1,0
8132b,185,1379,2,0
3825b,185,1385,3,1
8042b,7168,1245,1,0
8132b,7168,1254,2,0
3825b,7168,1260,3,1
3825b,18580,1195,1,0
8131b,18580,1199,2,0
8042b,18580,1209,3,1
3825b,9802,1140,1,0
8131b,9802,1144,2,0
8042b,9802,1154,3,1
8042b,18542,1365,1,0
8132b,18542,1374,2,0
3825b,18542,1380,3,1
3825b,16017,1182,1,0
8131b,16017,1186,2,0
8042b,16017,1196,3,1
8042b,9909,1394,1,0
8132b,9909,1403,2,0
3825b,9909,1409,3,1
3825b,305,1130,1,0
8131b,305,1134,2,0
8042b,305,1144,3,1
3825b,317,1146,1,0
8131b,317,1150,2,0
8042b,317,1160,3,1
8042b,28096,1255,1,0
8132b,28096,1264,2,0
3825b,28096,1270,3,1
8042b,16095,1375,1,0
8132b,16095,1384,2,0
3825b,16095,1390,3,1
3825b,7305,1200,1,0
8131b,7305,1204,2,0
8042b,7305,1214,3,1
8042b,7353,1394,1,0
8132b,7353,1403,2,0
3825b,7353,1409,3,1
3825b,7377,1170,1,0
8131b,7377,1174,2,0
8042b,7377,1184,3,1
3825b,16003,1130,1,0
8131b,16003,1134,2,0
8042b,16003,1144,3,1
3825b,28184,1131,1,0
8131b,28184,1135,2,0
8042b,28184,1145,3,1
3825b,16184,1160,1,0
8131b,16184,1164,2,0
8042b,16184,1174,3,1
8042b,457,1080,1,0
8132b,457,1089,2,0
3825b,457,1095,3,1
8042b,7459,1375,1,0
8132b,7459,1384,2,0
3825b,7459,1390,3,1
3825b,31755,1230,1,0
8131b,31755,1234,2,0
8042b,31755,1244,3,1
3825b,16105,1128,1,0
8131b,16105,1132,2,0
8042b,16105,1142,3,1
8042b,28217,1385,1,0
8132b,28217,1394,2,0
3825b,28217,1400,3,1
3825b,16246,1180,1,0
8131b,16246,1184,2,0
8042b,16246,1194,3,1
8042b,31860,1395,1,0
8132b,31860,1404,2,0
3825b,31860,1410,3,1
3825b,18831,1200,1,0
8131b,18831,1204,2,0
8042b,18831,1214,3,1
3825b,619,1265,1,0
8131b,619,1269,2,0
8042b,619,1279,3,1
8042b,16384,1406,1,0
8132b,16384,1415,2,0
3825b,16384,1421,3,1
8042b,7629,1415,1,0
8132b,7629,1424,2,0
3825b,7629,1430,3,1
3825b,31989,1305,1,0
8131b,31989,1309,2,0
8042b,31989,1319,3,1
3825b,18974,1300,1,0
8131b,18974,1304,2,0
8042b,18974,1314,3,1
8042b,31929,1285,1,0
8132b,31929,1294,2,0
3825b,31929,1300,3,1
8042b,754,1418,1,0
8132b,754,1427,2,0
3825b,754,1433,3,1
3825b,7715,1200,1,0
8131b,7715,1204,2,0
8042b,7715,1214,3,1
3825b,7718,1155,1,0
8131b,7718,1159,2,0
8042b,7718,1169,3,1
3825b,5193,965,1,0
8131b,5193,969,2,0
8042b,5193,979,3,1
3825b,7881,1190,1,0
8131b,7881,1194,2,0
8042b,7881,1204,3,1
3825b,7886,1110,1,0
8131b,7886,1114,2,0
8042b,7886,1124,3,1
8042b,5264,1320,1,0
8132b,5264,1329,2,0
3825b,5264,1335,3,1
8042b,28571,1400,1,0
8132b,28571,1409,2,0
3825b,28571,1415,3,1
3825b,28577,1160,1,0
8131b,28577,1164,2,0
8042b,28577,1174,3,1
3825b,16541,1185,1,0
8131b,16541,1189,2,0
8042b,16541,1199,3,1
3825b,909,1175,1,0
8131b,909,1179,2,0
8042b,909,1189,3,1
3825b,26094,865,1,0
8131b,26094,869,2,0
8042b,26094,879,3,1
3825b,14092,1085,1,0
8131b,14092,1089,2,0
8042b,14092,1099,3,1
8042b,14073,1385,1,0
8132b,14073,1394,2,0
3825b,14073,1400,3,1
3825b,5346,1220,1,0
8131b,5346,1224,2,0
8042b,5346,1234,3,1
3825b,14163,1130,1,0
8131b,14163,1134,2,0
8042b,14163,1144,3,1
3825b,26108,1150,1,0
8131b,26108,1154,2,0
8042b,26108,1164,3,1
3825b,5530,785,1,0
8131b,5530,789,2,0
8042b,5530,799,3,1
3825b,16888,1197,1,0
8131b,16888,1201,2,0
8042b,16888,1211,3,1
3825b,14205,1104,1,0
8131b,14205,1108,2,0
8042b,14205,1118,3,1
3825b,14283,1135,1,0
8131b,14283,1139,2,0
8042b,14283,1149,3,1
3825b,14262,1190,1,0
8131b,14262,1194,2,0
8042b,14262,1204,3,1
3825b,16898,1180,1,0
8131b,16898,1184,2,0
8042b,16898,1194,3,1
8042b,5654,1215,1,0
8132b,5654,1224,2,0
3825b,5654,1230,3,1
3825b,3058,1170,1,0
8131b,3058,1174,2,0
8042b,3058,1184,3,1
8042b,26310,1376,1,0
8132b,26310,1385,2,0
3825b,26310,1391,3,1
3825b,14339,1120,1,0
8131b,14339,1124,2,0
8042b,14339,1134,3,1
8042b,14340,1260,1,0
8132b,14340,1269,2,0
3825b,14340,1275,3,1
8042b,26309,1415,1,0
8132b,26309,1424,2,0
3825b,26309,1430,3,1
8042b,28937,1370,1,0
8132b,28937,1379,2,0
3825b,28937,1385,3,1
3825b,28944,1134,1,0
8131b,28944,1138,2,0
8042b,28944,1148,3,1
8042b,3111,1365,1,0
8132b,3111,1374,2,0
3825b,3111,1380,3,1
8042b,3127,1105,1,0
8132b,3127,1114,2,0
3825b,3127,1120,3,1
3825b,3189,1155,1,0
8131b,3189,1159,2,0
8042b,3189,1169,3,1
3825b,5871,1161,1,0
8131b,5871,1165,2,0
8042b,5871,1175,3,1
8042b,3265,1403,1,0
8132b,3265,1412,2,0
3825b,3265,1418,3,1
3825b,3277,1137,1,0
8131b,3277,1141,2,0
8042b,3277,1151,3,1
8042b,5901,1100,1,0
8132b,5901,1109,2,0
3825b,5901,1115,3,1
3825b,5912,835,1,0
8131b,5912,839,2,0
8042b,5912,849,3,1
8042b,3353,1320,1,0
8132b,3353,1329,2,0
3825b,3353,1335,3,1
3825b,3345,1165,1,0
8131b,3345,1169,2,0
8042b,3345,1179,3,1
8042b,26688,1415,1,0
8132b,26688,1424,2,0
3825b,26688,1430,3,1
3825b,26666,1173,1,0
8131b,26666,1177,2,0
8042b,26666,1187,3,1
8042b,26611,1355,1,0
8132b,26611,1364,2,0
3825b,26611,1370,3,1
3825b,26625,1185,1,0
8131b,26625,1189,2,0
8042b,26625,1199,3,1
3825b,3440,1090,1,0
8131b,3440,1094,2,0
8042b,3440,1104,3,1
3825b,3464,1173,1,0
8131b,3464,1177,2,0
8042b,3464,1187,3,1
3825b,14861,1194,1,0
8131b,14861,1198,2,0
8042b,14861,1208,3,1
8042b,26819,1412,1,0
8132b,26819,1421,2,0
3825b,26819,1427,3,1
3825b,26820,1245,1,0
8131b,26820,1249,2,0
8042b,26820,1259,3,1
3825b,26794,805,1,0
8131b,26794,809,2,0
8042b,26794,819,3,1
3825b,36118,1265,1,0
8131b,36118,1269,2,0
8042b,36118,1279,3,1
3825b,36109,1125,1,0
8131b,36109,1129,2,0
8042b,36109,1139,3,1
3825b,14797,1080,1,0
8131b,14797,1084,2,0
8042b,14797,1094,3,1
8042b,24104,1405,1,0
8132b,24104,1414,2,0
3825b,24104,1420,3,1
3825b,24105,1335,1,0
8131b,24105,1339,2,0
8042b,24105,1349,3,1
3825b,12308,825,1,0
8131b,12308,829,2,0
8042b,12308,839,3,1
3825b,14966,1190,1,0
8131b,14966,1194,2,0
8042b,14966,1204,3,1
8042b,14934,1095,1,0
8132b,14934,1104,2,0
3825b,14934,1110,3,1
3825b,36225,1140,1,0
8131b,36225,1144,2,0
8042b,36225,1154,3,1
8042b,12299,1412,1,0
8132b,12299,1421,2,0
3825b,12299,1427,3,1
3825b,3618,1335,1,0
8131b,3618,1339,2,0
8042b,3618,1349,3,1
8042b,24286,1320,1,0
8132b,24286,1329,2,0
3825b,24286,1335,3,1
3825b,24287,1080,1,0
8131b,24287,1084,2,0
8042b,24287,1094,3,1
