arret_id,trajet_id,heure_depart,stop_sequence,terminus
4224b,24635,785,1,0
4217b,24635,787,2,0
2900b,24635,788,3,0
1130b,24635,789,4,0
3059b,24635,789,5,0
5334b,24635,790,6,0
4215b,24635,791,7,0
3976b,24635,791,8,0
4009b,24635,793,9,0
1133b,24635,793,10,0
1278b,24635,794,11,0
2554b,24635,795,12,0
744b,24635,795,13,0
1628b,24635,796,14,0
2584b,24635,796,15,0
2944b,24635,797,16,0
3302b,24635,797,17,0
2942b,24635,798,18,0
1939b,24635,799,19,0
2154b,24635,800,20,0
2033b,24635,803,21,0
6376b,24635,804,22,0
6378b,24635,804,23,0
5486b,24635,805,24,0
2967b,24635,806,25,0
1501b,24635,807,26,0
5691b,24635,807,27,0
1998b,24635,808,28,0
2012b,24635,809,29,0
3358b,24635,809,30,0
3256b,24635,810,31,0
3265b,24635,810,32,0
4941b,24635,811,33,0
3421b,24635,811,34,0
3419b,24635,813,35,0
6400b,24635,816,36,0
5931b,24635,817,37,0
5606b,24635,819,38,0
4129b,24635,820,39,0
3654b,24635,822,40,0
3653b,24635,823,41,0
4700b,24635,824,42,0
3003b,24635,825,43,0
3981b,24635,827,44,0
3650b,24635,830,45,0
378b,24635,832,46,0
6470b,24635,835,47,1
4224b,24373,1080,1,0
4217b,24373,1082,2,0
2900b,24373,1083,3,0
1130b,24373,1084,4,0
3059b,24373,1085,5,0
5334b,24373,1086,6,0
4215b,24373,1086,7,0
3976b,24373,1087,8,0
4009b,24373,1088,9,0
1133b,24373,1089,10,0
1278b,24373,1090,11,0
2554b,24373,1090,12,0
744b,24373,1091,13,0
1628b,24373,1092,14,0
2584b,24373,1092,15,0
2944b,24373,1093,16,0
3302b,24373,1093,17,0
2942b,24373,1094,18,0
1939b,24373,1095,19,0
2154b,24373,1096,20,0
2033b,24373,1098,21,0
6376b,24373,1099,22,0
6378b,24373,1100,23,0
5486b,24373,1100,24,0
2967b,24373,1101,25,0
1501b,24373,1102,26,0
5691b,24373,1102,27,0
1998b,24373,1104,28,0
2012b,24373,1104,29,0
3358b,24373,1105,30,0
3256b,24373,1105,31,0
3265b,24373,1106,32,0
4941b,24373,1107,33,0
3421b,24373,1107,34,0
3419b,24373,1109,35,0
6400b,24373,1113,36,0
5931b,24373,1114,37,0
5606b,24373,1116,38,0
4129b,24373,1118,39,0
3654b,24373,1120,40,0
3653b,24373,1121,41,0
4700b,24373,1122,42,0
3003b,24373,1123,43,0
3981b,24373,1125,44,0
3650b,24373,1128,45,0
378b,24373,1130,46,0
6470b,24373,1133,47,1
6470b,17875,840,1,0
3649b,17875,841,2,0
3980b,17875,842,3,0
806b,17875,843,4,0
4800b,17875,843,5,0
3652b,17875,844,6,0
288b,17875,845,7,0
4128b,17875,846,8,0
5607b,17875,848,9,0
5932b,17875,849,10,0
6399b,17875,850,11,0
3416b,17875,854,12,0
3420b,17875,855,13,0
4940b,17875,856,14,0
2560b,17875,857,15,0
3266b,17875,857,16,0
1933b,17875,858,17,0
2657b,17875,858,18,0
1788b,17875,859,19,0
5692b,17875,860,20,0
1092b,17875,861,21,0
5469b,17875,861,22,0
5485b,17875,862,23,0
6379b,17875,863,24,0
6377b,17875,863,25,0
952b,17875,864,26,0
2064b,17875,867,27,0
2021b,17875,869,28,0
3297b,17875,869,29,0
2943b,17875,870,30,0
2600b,17875,870,31,0
807b,17875,871,32,0
2576b,17875,872,33,0
1046b,17875,872,34,0
1559b,17875,873,35,0
206b,17875,874,36,0
2946b,17875,875,37,0
892b,17875,876,38,0
3975b,17875,877,39,0
3977b,17875,878,40,0
3979b,17875,879,41,0
2949b,17875,880,42,0
1149b,17875,880,43,0
213b,17875,881,44,0
4216b,17875,883,45,0
4224b,17875,889,46,1
6470b,9428,465,1,0
3649b,9428,466,2,0
3980b,9428,467,3,0
806b,9428,468,4,0
4800b,9428,468,5,0
3652b,9428,469,6,0
288b,9428,470,7,0
4128b,9428,472,8,0
5607b,9428,473,9,0
5932b,9428,475,10,0
6399b,9428,476,11,0
3416b,9428,480,12,0
3420b,9428,482,13,0
4940b,9428,483,14,0
2560b,9428,484,15,0
3266b,9428,484,16,0
1933b,9428,485,17,0
2657b,9428,486,18,0
1788b,9428,486,19,0
5692b,9428,488,20,0
1092b,9428,489,21,0
5469b,9428,489,22,0
5485b,9428,490,23,0
6379b,9428,491,24,0
6377b,9428,492,25,0
952b,9428,493,26,0
2064b,9428,496,27,0
2021b,9428,498,28,0
3297b,9428,498,29,0
2943b,9428,499,30,0
2600b,9428,499,31,0
807b,9428,500,32,0
2576b,9428,501,33,0
1046b,9428,501,34,0
1559b,9428,502,35,0
206b,9428,503,36,0
2946b,9428,504,37,0
892b,9428,505,38,0
3975b,9428,506,39,0
3977b,9428,507,40,0
3979b,9428,508,41,0
2949b,9428,509,42,0
1149b,9428,509,43,0
213b,9428,510,44,0
4216b,9428,512,45,0
4224b,9428,518,46,1
4224b,10445,500,1,0
4217b,10445,502,2,0
2900b,10445,503,3,0
1130b,10445,504,4,0
3059b,10445,505,5,0
5334b,10445,506,6,0
4215b,10445,506,7,0
3976b,10445,507,8,0
4009b,10445,508,9,0
1133b,10445,509,10,0
1278b,10445,510,11,0
2554b,10445,510,12,0
744b,10445,511,13,0
1628b,10445,512,14,0
2584b,10445,512,15,0
2944b,10445,513,16,0
3302b,10445,513,17,0
2942b,10445,514,18,0
1939b,10445,515,19,0
2154b,10445,517,20,0
2033b,10445,520,21,0
6376b,10445,521,22,0
6378b,10445,522,23,0
5486b,10445,523,24,0
2967b,10445,524,25,0
1501b,10445,525,26,0
5691b,10445,525,27,0
1998b,10445,526,28,0
2012b,10445,527,29,0
3358b,10445,527,30,0
3256b,10445,528,31,0
3265b,10445,528,32,0
4941b,10445,529,33,0
3421b,10445,529,34,0
3419b,10445,531,35,0
6400b,10445,534,36,0
5931b,10445,535,37,0
5606b,10445,537,38,0
4129b,10445,538,39,0
3654b,10445,540,40,0
3653b,10445,541,41,0
4700b,10445,542,42,0
3003b,10445,544,43,0
3981b,10445,546,44,0
3650b,10445,549,45,0
378b,10445,551,46,0
6470b,10445,554,47,1
4224b,22628,1030,1,0
4217b,22628,1032,2,0
2900b,22628,1033,3,0
1130b,22628,1034,4,0
3059b,22628,1035,5,0
5334b,22628,1036,6,0
4215b,22628,1036,7,0
3976b,22628,1037,8,0
4009b,22628,1038,9,0
1133b,22628,1039,10,0
1278b,22628,1040,11,0
2554b,22628,1040,12,0
744b,22628,1041,13,0
1628b,22628,1042,14,0
2584b,22628,1042,15,0
2944b,22628,1043,16,0
3302b,22628,1043,17,0
2942b,22628,1044,18,0
1939b,22628,1045,19,0
2154b,22628,1047,20,0
2033b,22628,1050,21,0
6376b,22628,1051,22,0
6378b,22628,1052,23,0
5486b,22628,1053,24,0
2967b,22628,1054,25,0
1501b,22628,1055,26,0
5691b,22628,1055,27,0
1998b,22628,1056,28,0
2012b,22628,1057,29,0
3358b,22628,1057,30,0
3256b,22628,1058,31,0
3265b,22628,1058,32,0
4941b,22628,1059,33,0
3421b,22628,1059,34,0
3419b,22628,1061,35,0
6400b,22628,1064,36,0
5931b,22628,1065,37,0
5606b,22628,1067,38,0
4129b,22628,1068,39,0
3654b,22628,1070,40,0
3653b,22628,1071,41,0
4700b,22628,1072,42,0
3003b,22628,1074,43,0
3981b,22628,1076,44,0
3650b,22628,1079,45,0
378b,22628,1081,46,0
6470b,22628,1084,47,1
6470b,19070,375,1,0
3649b,19070,376,2,0
3980b,19070,377,3,0
806b,19070,378,4,0
4800b,19070,378,5,0
3652b,19070,379,6,0
288b,19070,380,7,0
4128b,19070,381,8,0
5607b,19070,382,9,0
5932b,19070,383,10,0
6399b,19070,384,11,0
3416b,19070,387,12,0
3420b,19070,388,13,0
4940b,19070,389,14,0
2560b,19070,390,15,0
3266b,19070,390,16,0
1933b,19070,390,17,0
2657b,19070,391,18,0
1788b,19070,391,19,0
5692b,19070,392,20,0
1092b,19070,393,21,0
5469b,19070,393,22,0
5485b,19070,394,23,0
6379b,19070,394,24,0
6377b,19070,395,25,0
952b,19070,396,26,0
2064b,19070,398,27,0
2021b,19070,400,28,0
3297b,19070,400,29,0
2943b,19070,401,30,0
2600b,19070,401,31,0
807b,19070,402,32,0
2576b,19070,402,33,0
1046b,19070,403,34,0
1559b,19070,403,35,0
206b,19070,404,36,0
2946b,19070,405,37,0
892b,19070,406,38,0
3975b,19070,407,39,0
3977b,19070,408,40,0
3979b,19070,408,41,0
2949b,19070,409,42,0
1149b,19070,410,43,0
213b,19070,410,44,0
4216b,19070,412,45,0
4224b,19070,417,46,1
6470b,19349,960,1,0
3649b,19349,961,2,0
3980b,19349,962,3,0
806b,19349,963,4,0
4800b,19349,963,5,0
3652b,19349,964,6,0
288b,19349,965,7,0
4128b,19349,966,8,0
5607b,19349,968,9,0
5932b,19349,969,10,0
6399b,19349,970,11,0
3416b,19349,974,12,0
3420b,19349,975,13,0
4940b,19349,976,14,0
2560b,19349,977,15,0
3266b,19349,977,16,0
1933b,19349,978,17,0
2657b,19349,978,18,0
1788b,19349,979,19,0
5692b,19349,980,20,0
1092b,19349,981,21,0
5469b,19349,981,22,0
5485b,19349,982,23,0
6379b,19349,983,24,0
6377b,19349,983,25,0
952b,19349,984,26,0
2064b,19349,987,27,0
2021b,19349,989,28,0
3297b,19349,989,29,0
2943b,19349,990,30,0
2600b,19349,990,31,0
807b,19349,991,32,0
2576b,19349,992,33,0
1046b,19349,992,34,0
1559b,19349,993,35,0
206b,19349,994,36,0
2946b,19349,995,37,0
892b,19349,996,38,0
3975b,19349,997,39,0
3977b,19349,998,40,0
3979b,19349,999,41,0
2949b,19349,1000,42,0
1149b,19349,1000,43,0
213b,19349,1001,44,0
4216b,19349,1003,45,0
4224b,19349,1009,46,1
4224b,27964,960,1,0
4217b,27964,962,2,0
2900b,27964,963,3,0
1130b,27964,964,4,0
3059b,27964,965,5,0
5334b,27964,966,6,0
4215b,27964,966,7,0
3976b,27964,967,8,0
4009b,27964,968,9,0
1133b,27964,969,10,0
1278b,27964,970,11,0
2554b,27964,970,12,0
744b,27964,971,13,0
1628b,27964,972,14,0
2584b,27964,972,15,0
2944b,27964,973,16,0
3302b,27964,973,17,0
2942b,27964,974,18,0
1939b,27964,975,19,0
2154b,27964,976,20,0
2033b,27964,978,21,0
6376b,27964,979,22,0
6378b,27964,980,23,0
5486b,27964,980,24,0
2967b,27964,981,25,0
1501b,27964,982,26,0
5691b,27964,982,27,0
1998b,27964,984,28,0
2012b,27964,984,29,0
3358b,27964,985,30,0
3256b,27964,985,31,0
3265b,27964,986,32,0
4941b,27964,987,33,0
3421b,27964,987,34,0
3419b,27964,989,35,0
6400b,27964,993,36,0
5931b,27964,994,37,0
5606b,27964,996,38,0
4129b,27964,998,39,0
3654b,27964,1000,40,0
3653b,27964,1001,41,0
4700b,27964,1002,42,0
3003b,27964,1003,43,0
3981b,27964,1005,44,0
3650b,27964,1008,45,0
378b,27964,1010,46,0
6470b,27964,1013,47,1
6470b,21797,1080,1,0
3649b,21797,1081,2,0
3980b,21797,1082,3,0
806b,21797,1083,4,0
4800b,21797,1083,5,0
3652b,21797,1084,6,0
288b,21797,1085,7,0
4128b,21797,1087,8,0
5607b,21797,1088,9,0
5932b,21797,1089,10,0
6399b,21797,1090,11,0
3416b,21797,1094,12,0
3420b,21797,1096,13,0
4940b,21797,1097,14,0
2560b,21797,1098,15,0
3266b,21797,1098,16,0
1933b,21797,1099,17,0
2657b,21797,1099,18,0
1788b,21797,1100,19,0
5692b,21797,1101,20,0
1092b,21797,1102,21,0
5469b,21797,1102,22,0
5485b,21797,1103,23,0
6379b,21797,1104,24,0
6377b,21797,1104,25,0
952b,21797,1105,26,0
2064b,21797,1108,27,0
2021b,21797,1110,28,0
3297b,21797,1110,29,0
2943b,21797,1111,30,0
2600b,21797,1111,31,0
807b,21797,1112,32,0
2576b,21797,1113,33,0
1046b,21797,1113,34,0
1559b,21797,1114,35,0
206b,21797,1115,36,0
2946b,21797,1116,37,0
892b,21797,1117,38,0
3975b,21797,1118,39,0
3977b,21797,1119,40,0
3979b,21797,1120,41,0
2949b,21797,1121,42,0
1149b,21797,1121,43,0
213b,21797,1122,44,0
4216b,21797,1124,45,0
4224b,21797,1130,46,1
6470b,27868,725,1,0
3649b,27868,726,2,0
3980b,27868,727,3,0
806b,27868,728,4,0
4800b,27868,728,5,0
3652b,27868,729,6,0
288b,27868,730,7,0
4128b,27868,731,8,0
5607b,27868,732,9,0
5932b,27868,734,10,0
6399b,27868,735,11,0
3416b,27868,738,12,0
3420b,27868,740,13,0
4940b,27868,740,14,0
2560b,27868,741,15,0
3266b,27868,741,16,0
1933b,27868,742,17,0
2657b,27868,742,18,0
1788b,27868,743,19,0
5692b,27868,744,20,0
1092b,27868,745,21,0
5469b,27868,745,22,0
5485b,27868,746,23,0
6379b,27868,747,24,0
6377b,27868,748,25,0
952b,27868,749,26,0
2064b,27868,752,27,0
2021b,27868,754,28,0
3297b,27868,754,29,0
2943b,27868,755,30,0
2600b,27868,755,31,0
807b,27868,756,32,0
2576b,27868,757,33,0
1046b,27868,757,34,0
1559b,27868,758,35,0
206b,27868,759,36,0
2946b,27868,760,37,0
892b,27868,760,38,0
3975b,27868,762,39,0
3977b,27868,762,40,0
3979b,27868,763,41,0
2949b,27868,764,42,0
1149b,27868,764,43,0
213b,27868,765,44,0
4216b,27868,767,45,0
4224b,27868,772,46,1
4224b,27855,780,1,0
4217b,27855,782,2,0
2900b,27855,783,3,0
1130b,27855,784,4,0
3059b,27855,785,5,0
5334b,27855,786,6,0
4215b,27855,786,7,0
3976b,27855,787,8,0
4009b,27855,788,9,0
1133b,27855,789,10,0
1278b,27855,790,11,0
2554b,27855,790,12,0
744b,27855,791,13,0
1628b,27855,792,14,0
2584b,27855,792,15,0
2944b,27855,793,16,0
3302b,27855,793,17,0
2942b,27855,794,18,0
1939b,27855,795,19,0
2154b,27855,796,20,0
2033b,27855,798,21,0
6376b,27855,799,22,0
6378b,27855,800,23,0
5486b,27855,800,24,0
2967b,27855,801,25,0
1501b,27855,802,26,0
5691b,27855,802,27,0
1998b,27855,803,28,0
2012b,27855,804,29,0
3358b,27855,804,30,0
3256b,27855,805,31,0
3265b,27855,805,32,0
4941b,27855,806,33,0
3421b,27855,807,34,0
3419b,27855,808,35,0
6400b,27855,812,36,0
5931b,27855,813,37,0
5606b,27855,815,38,0
4129b,27855,816,39,0
3654b,27855,818,40,0
3653b,27855,819,41,0
4700b,27855,820,42,0
3003b,27855,821,43,0
3981b,27855,823,44,0
3650b,27855,826,45,0
378b,27855,828,46,0
6470b,27855,831,47,1
6470b,19560,440,1,0
3649b,19560,441,2,0
3980b,19560,442,3,0
806b,19560,443,4,0
4800b,19560,443,5,0
3652b,19560,444,6,0
288b,19560,445,7,0
4128b,19560,447,8,0
5607b,19560,448,9,0
5932b,19560,450,10,0
6399b,19560,451,11,0
3416b,19560,455,12,0
3420b,19560,457,13,0
4940b,19560,458,14,0
2560b,19560,459,15,0
3266b,19560,459,16,0
1933b,19560,460,17,0
2657b,19560,461,18,0
1788b,19560,461,19,0
5692b,19560,463,20,0
1092b,19560,464,21,0
5469b,19560,464,22,0
5485b,19560,465,23,0
6379b,19560,466,24,0
6377b,19560,467,25,0
952b,19560,468,26,0
2064b,19560,471,27,0
2021b,19560,473,28,0
3297b,19560,473,29,0
2943b,19560,474,30,0
2600b,19560,474,31,0
807b,19560,475,32,0
2576b,19560,476,33,0
1046b,19560,476,34,0
1559b,19560,477,35,0
206b,19560,478,36,0
2946b,19560,479,37,0
892b,19560,480,38,0
3975b,19560,481,39,0
3977b,19560,482,40,0
3979b,19560,483,41,0
2949b,19560,484,42,0
1149b,19560,484,43,0
213b,19560,485,44,0
4216b,19560,487,45,0
4224b,19560,493,46,1
6470b,27651,1120,1,0
3649b,27651,1121,2,0
3980b,27651,1122,3,0
806b,27651,1123,4,0
4800b,27651,1123,5,0
3652b,27651,1124,6,0
288b,27651,1125,7,0
4128b,27651,1126,8,0
5607b,27651,1127,9,0
5932b,27651,1128,10,0
6399b,27651,1129,11,0
3416b,27651,1133,12,0
3420b,27651,1134,13,0
4940b,27651,1135,14,0
2560b,27651,1135,15,0
3266b,27651,1136,16,0
1933b,27651,1136,17,0
2657b,27651,1137,18,0
1788b,27651,1137,19,0
5692b,27651,1138,20,0
1092b,27651,1139,21,0
5469b,27651,1139,22,0
5485b,27651,1140,23,0
6379b,27651,1140,24,0
6377b,27651,1141,25,0
952b,27651,1142,26,0
2064b,27651,1144,27,0
2021b,27651,1146,28,0
3297b,27651,1146,29,0
2943b,27651,1147,30,0
2600b,27651,1147,31,0
807b,27651,1148,32,0
2576b,27651,1148,33,0
1046b,27651,1149,34,0
1559b,27651,1149,35,0
206b,27651,1150,36,0
2946b,27651,1151,37,0
892b,27651,1152,38,0
3975b,27651,1153,39,0
3977b,27651,1154,40,0
3979b,27651,1154,41,0
2949b,27651,1155,42,0
1149b,27651,1156,43,0
213b,27651,1156,44,0
4216b,27651,1158,45,0
4224b,27651,1164,46,1
4224b,5680,1020,1,0
4217b,5680,1022,2,0
2900b,5680,1023,3,0
1130b,5680,1024,4,0
3059b,5680,1025,5,0
5334b,5680,1026,6,0
4215b,5680,1026,7,0
3976b,5680,1027,8,0
4009b,5680,1028,9,0
1133b,5680,1029,10,0
1278b,5680,1030,11,0
2554b,5680,1030,12,0
744b,5680,1031,13,0
1628b,5680,1032,14,0
2584b,5680,1032,15,0
2944b,5680,1033,16,0
3302b,5680,1033,17,0
2942b,5680,1034,18,0
1939b,5680,1035,19,0
2154b,5680,1036,20,0
2033b,5680,1038,21,0
6376b,5680,1039,22,0
6378b,5680,1040,23,0
5486b,5680,1040,24,0
2967b,5680,1041,25,0
1501b,5680,1042,26,0
5691b,5680,1042,27,0
1998b,5680,1044,28,0
2012b,5680,1044,29,0
3358b,5680,1045,30,0
3256b,5680,1045,31,0
3265b,5680,1046,32,0
4941b,5680,1047,33,0
3421b,5680,1047,34,0
3419b,5680,1049,35,0
6400b,5680,1053,36,0
5931b,5680,1054,37,0
5606b,5680,1056,38,0
4129b,5680,1058,39,0
3654b,5680,1060,40,0
3653b,5680,1061,41,0
4700b,5680,1062,42,0
3003b,5680,1063,43,0
3981b,5680,1065,44,0
3650b,5680,1068,45,0
378b,5680,1070,46,0
6470b,5680,1073,47,1
6470b,5521,1210,1,0
3649b,5521,1211,2,0
3980b,5521,1212,3,0
806b,5521,1213,4,0
4800b,5521,1213,5,0
3652b,5521,1214,6,0
288b,5521,1215,7,0
4128b,5521,1216,8,0
5607b,5521,1217,9,0
5932b,5521,1218,10,0
6399b,5521,1219,11,0
3416b,5521,1223,12,0
3420b,5521,1224,13,0
4940b,5521,1225,14,0
2560b,5521,1225,15,0
3266b,5521,1226,16,0
1933b,5521,1226,17,0
2657b,5521,1227,18,0
1788b,5521,1227,19,0
5692b,5521,1228,20,0
1092b,5521,1229,21,0
5469b,5521,1229,22,0
5485b,5521,1230,23,0
6379b,5521,1230,24,0
6377b,5521,1231,25,0
952b,5521,1232,26,0
2064b,5521,1234,27,0
2021b,5521,1236,28,0
3297b,5521,1236,29,0
2943b,5521,1237,30,0
2600b,5521,1237,31,0
807b,5521,1238,32,0
2576b,5521,1238,33,0
1046b,5521,1239,34,0
1559b,5521,1239,35,0
206b,5521,1240,36,0
2946b,5521,1241,37,0
892b,5521,1242,38,0
3975b,5521,1243,39,0
3977b,5521,1244,40,0
3979b,5521,1244,41,0
2949b,5521,1245,42,0
1149b,5521,1246,43,0
213b,5521,1246,44,0
4216b,5521,1248,45,0
4224b,5521,1253,46,1
6470b,27280,900,1,0
3649b,27280,901,2,0
3980b,27280,902,3,0
806b,27280,903,4,0
4800b,27280,903,5,0
3652b,27280,904,6,0
288b,27280,905,7,0
4128b,27280,906,8,0
5607b,27280,907,9,0
5932b,27280,909,10,0
6399b,27280,910,11,0
3416b,27280,913,12,0
3420b,27280,915,13,0
4940b,27280,915,14,0
2560b,27280,916,15,0
3266b,27280,916,16,0
1933b,27280,917,17,0
2657b,27280,917,18,0
1788b,27280,918,19,0
5692b,27280,919,20,0
1092b,27280,920,21,0
5469b,27280,920,22,0
5485b,27280,921,23,0
6379b,27280,922,24,0
6377b,27280,923,25,0
952b,27280,924,26,0
2064b,27280,927,27,0
2021b,27280,929,28,0
3297b,27280,929,29,0
2943b,27280,930,30,0
2600b,27280,930,31,0
807b,27280,931,32,0
2576b,27280,932,33,0
1046b,27280,932,34,0
1559b,27280,933,35,0
206b,27280,934,36,0
2946b,27280,935,37,0
892b,27280,935,38,0
3975b,27280,937,39,0
3977b,27280,937,40,0
3979b,27280,938,41,0
2949b,27280,939,42,0
1149b,27280,939,43,0
213b,27280,940,44,0
4216b,27280,942,45,0
4224b,27280,947,46,1
6470b,21010,1160,1,0
3649b,21010,1161,2,0
3980b,21010,1162,3,0
806b,21010,1163,4,0
4800b,21010,1163,5,0
3652b,21010,1164,6,0
288b,21010,1165,7,0
4128b,21010,1166,8,0
5607b,21010,1167,9,0
5932b,21010,1168,10,0
6399b,21010,1169,11,0
3416b,21010,1173,12,0
3420b,21010,1174,13,0
4940b,21010,1175,14,0
2560b,21010,1175,15,0
3266b,21010,1176,16,0
1933b,21010,1176,17,0
2657b,21010,1177,18,0
1788b,21010,1177,19,0
5692b,21010,1178,20,0
1092b,21010,1179,21,0
5469b,21010,1179,22,0
5485b,21010,1180,23,0
6379b,21010,1180,24,0
6377b,21010,1181,25,0
952b,21010,1182,26,0
2064b,21010,1184,27,0
2021b,21010,1186,28,0
3297b,21010,1186,29,0
2943b,21010,1187,30,0
2600b,21010,1187,31,0
807b,21010,1188,32,0
2576b,21010,1188,33,0
1046b,21010,1189,34,0
1559b,21010,1189,35,0
206b,21010,1190,36,0
2946b,21010,1191,37,0
892b,21010,1192,38,0
3975b,21010,1193,39,0
3977b,21010,1194,40,0
3979b,21010,1194,41,0
2949b,21010,1195,42,0
1149b,21010,1196,43,0
213b,21010,1196,44,0
4216b,21010,1198,45,0
4224b,21010,1203,46,1
6470b,15483,985,1,0
3649b,15483,986,2,0
3980b,15483,987,3,0
806b,15483,988,4,0
4800b,15483,988,5,0
3652b,15483,989,6,0
288b,15483,990,7,0
4128b,15483,992,8,0
5607b,15483,993,9,0
5932b,15483,995,10,0
6399b,15483,996,11,0
3416b,15483,1000,12,0
3420b,15483,1002,13,0
4940b,15483,1003,14,0
2560b,15483,1004,15,0
3266b,15483,1004,16,0
1933b,15483,1005,17,0
2657b,15483,1006,18,0
1788b,15483,1006,19,0
5692b,15483,1008,20,0
1092b,15483,1009,21,0
5469b,15483,1009,22,0
5485b,15483,1010,23,0
6379b,15483,1011,24,0
6377b,15483,1012,25,0
952b,15483,1013,26,0
2064b,15483,1016,27,0
2021b,15483,1018,28,0
3297b,15483,1018,29,0
2943b,15483,1019,30,0
2600b,15483,1019,31,0
807b,15483,1020,32,0
2576b,15483,1021,33,0
1046b,15483,1021,34,0
1559b,15483,1022,35,0
206b,15483,1024,36,0
2946b,15483,1025,37,0
892b,15483,1025,38,0
3975b,15483,1027,39,0
3977b,15483,1028,40,0
3979b,15483,1028,41,0
2949b,15483,1030,42,0
1149b,15483,1030,43,0
213b,15483,1031,44,0
4216b,15483,1033,45,0
4224b,15483,1040,46,1
6470b,29928,780,1,0
3649b,29928,781,2,0
3980b,29928,782,3,0
806b,29928,783,4,0
4800b,29928,783,5,0
3652b,29928,784,6,0
288b,29928,785,7,0
4128b,29928,786,8,0
5607b,29928,788,9,0
5932b,29928,789,10,0
6399b,29928,790,11,0
3416b,29928,794,12,0
3420b,29928,795,13,0
4940b,29928,796,14,0
2560b,29928,797,15,0
3266b,29928,797,16,0
1933b,29928,798,17,0
2657b,29928,798,18,0
1788b,29928,799,19,0
5692b,29928,800,20,0
1092b,29928,801,21,0
5469b,29928,801,22,0
5485b,29928,802,23,0
6379b,29928,803,24,0
6377b,29928,803,25,0
952b,29928,804,26,0
2064b,29928,807,27,0
2021b,29928,809,28,0
3297b,29928,809,29,0
2943b,29928,810,30,0
2600b,29928,811,31,0
807b,29928,812,32,0
2576b,29928,812,33,0
1046b,29928,813,34,0
1559b,29928,814,35,0
206b,29928,815,36,0
2946b,29928,816,37,0
892b,29928,817,38,0
3975b,29928,818,39,0
3977b,29928,819,40,0
3979b,29928,820,41,0
2949b,29928,821,42,0
1149b,29928,822,43,0
213b,29928,823,44,0
4216b,29928,825,45,0
4224b,29928,831,46,1
4224b,7689,1125,1,0
4217b,7689,1127,2,0
2900b,7689,1128,3,0
1130b,7689,1129,4,0
3059b,7689,1129,5,0
5334b,7689,1130,6,0
4215b,7689,1131,7,0
3976b,7689,1131,8,0
4009b,7689,1133,9,0
1133b,7689,1133,10,0
1278b,7689,1134,11,0
2554b,7689,1135,12,0
744b,7689,1135,13,0
1628b,7689,1136,14,0
2584b,7689,1136,15,0
2944b,7689,1137,16,0
3302b,7689,1137,17,0
2942b,7689,1138,18,0
1939b,7689,1139,19,0
2154b,7689,1140,20,0
2033b,7689,1142,21,0
6376b,7689,1143,22,0
6378b,7689,1144,23,0
5486b,7689,1144,24,0
2967b,7689,1145,25,0
1501b,7689,1146,26,0
5691b,7689,1146,27,0
1998b,7689,1147,28,0
2012b,7689,1148,29,0
3358b,7689,1148,30,0
3256b,7689,1149,31,0
3265b,7689,1149,32,0
4941b,7689,1150,33,0
3421b,7689,1150,34,0
3419b,7689,1152,35,0
6400b,7689,1155,36,0
5931b,7689,1156,37,0
5606b,7689,1158,38,0
4129b,7689,1159,39,0
3654b,7689,1161,40,0
3653b,7689,1162,41,0
4700b,7689,1163,42,0
3003b,7689,1164,43,0
3981b,7689,1166,44,0
3650b,7689,1169,45,0
378b,7689,1171,46,0
6470b,7689,1174,47,1
4224b,25787,730,1,0
4217b,25787,732,2,0
2900b,25787,733,3,0
1130b,25787,734,4,0
3059b,25787,734,5,0
5334b,25787,735,6,0
4215b,25787,736,7,0
3976b,25787,736,8,0
4009b,25787,738,9,0
1133b,25787,738,10,0
1278b,25787,739,11,0
2554b,25787,740,12,0
744b,25787,740,13,0
1628b,25787,741,14,0
2584b,25787,741,15,0
2944b,25787,742,16,0
3302b,25787,742,17,0
2942b,25787,743,18,0
1939b,25787,744,19,0
2154b,25787,745,20,0
2033b,25787,748,21,0
6376b,25787,749,22,0
6378b,25787,749,23,0
5486b,25787,750,24,0
2967b,25787,751,25,0
1501b,25787,752,26,0
5691b,25787,752,27,0
1998b,25787,753,28,0
2012b,25787,754,29,0
3358b,25787,754,30,0
3256b,25787,755,31,0
3265b,25787,755,32,0
4941b,25787,756,33,0
3421b,25787,756,34,0
3419b,25787,758,35,0
6400b,25787,761,36,0
5931b,25787,762,37,0
5606b,25787,764,38,0
4129b,25787,765,39,0
3654b,25787,767,40,0
3653b,25787,768,41,0
4700b,25787,769,42,0
3003b,25787,770,43,0
3981b,25787,772,44,0
3650b,25787,775,45,0
378b,25787,777,46,0
6470b,25787,780,47,1
4224b,11988,540,1,0
4217b,11988,542,2,0
2900b,11988,543,3,0
1130b,11988,544,4,0
3059b,11988,544,5,0
5334b,11988,545,6,0
4215b,11988,546,7,0
3976b,11988,546,8,0
4009b,11988,548,9,0
1133b,11988,548,10,0
1278b,11988,549,11,0
2554b,11988,550,12,0
744b,11988,550,13,0
1628b,11988,551,14,0
2584b,11988,551,15,0
2944b,11988,552,16,0
3302b,11988,552,17,0
2942b,11988,553,18,0
1939b,11988,554,19,0
2154b,11988,555,20,0
2033b,11988,558,21,0
6376b,11988,559,22,0
6378b,11988,559,23,0
5486b,11988,560,24,0
2967b,11988,561,25,0
1501b,11988,562,26,0
5691b,11988,562,27,0
1998b,11988,563,28,0
2012b,11988,564,29,0
3358b,11988,564,30,0
3256b,11988,565,31,0
3265b,11988,565,32,0
4941b,11988,566,33,0
3421b,11988,566,34,0
3419b,11988,568,35,0
6400b,11988,571,36,0
5931b,11988,572,37,0
5606b,11988,574,38,0
4129b,11988,575,39,0
3654b,11988,577,40,0
3653b,11988,578,41,0
4700b,11988,579,42,0
3003b,11988,580,43,0
3981b,11988,582,44,0
3650b,11988,585,45,0
378b,11988,587,46,0
6470b,11988,590,47,1
6470b,23390,945,1,0
3649b,23390,946,2,0
3980b,23390,947,3,0
806b,23390,948,4,0
4800b,23390,948,5,0
3652b,23390,949,6,0
288b,23390,950,7,0
4128b,23390,951,8,0
5607b,23390,952,9,0
5932b,23390,954,10,0
6399b,23390,955,11,0
3416b,23390,958,12,0
3420b,23390,960,13,0
4940b,23390,960,14,0
2560b,23390,961,15,0
3266b,23390,961,16,0
1933b,23390,962,17,0
2657b,23390,962,18,0
1788b,23390,963,19,0
5692b,23390,964,20,0
1092b,23390,965,21,0
5469b,23390,965,22,0
5485b,23390,966,23,0
6379b,23390,967,24,0
6377b,23390,968,25,0
952b,23390,969,26,0
2064b,23390,972,27,0
2021b,23390,974,28,0
3297b,23390,974,29,0
2943b,23390,975,30,0
2600b,23390,975,31,0
807b,23390,976,32,0
2576b,23390,977,33,0
1046b,23390,977,34,0
1559b,23390,978,35,0
206b,23390,980,36,0
2946b,23390,981,37,0
892b,23390,981,38,0
3975b,23390,983,39,0
3977b,23390,984,40,0
3979b,23390,984,41,0
2949b,23390,986,42,0
1149b,23390,986,43,0
213b,23390,987,44,0
4216b,23390,989,45,0
4224b,23390,994,46,1
4224b,23283,1150,1,0
4217b,23283,1152,2,0
2900b,23283,1153,3,0
1130b,23283,1154,4,0
3059b,23283,1154,5,0
5334b,23283,1155,6,0
4215b,23283,1156,7,0
3976b,23283,1156,8,0
4009b,23283,1158,9,0
1133b,23283,1158,10,0
1278b,23283,1159,11,0
2554b,23283,1160,12,0
744b,23283,1160,13,0
1628b,23283,1161,14,0
2584b,23283,1161,15,0
2944b,23283,1162,16,0
3302b,23283,1162,17,0
2942b,23283,1163,18,0
1939b,23283,1164,19,0
2154b,23283,1165,20,0
2033b,23283,1167,21,0
6376b,23283,1168,22,0
6378b,23283,1169,23,0
5486b,23283,1169,24,0
2967b,23283,1170,25,0
1501b,23283,1171,26,0
5691b,23283,1171,27,0
1998b,23283,1172,28,0
2012b,23283,1173,29,0
3358b,23283,1173,30,0
3256b,23283,1174,31,0
3265b,23283,1174,32,0
4941b,23283,1175,33,0
3421b,23283,1175,34,0
3419b,23283,1177,35,0
6400b,23283,1180,36,0
5931b,23283,1181,37,0
5606b,23283,1183,38,0
4129b,23283,1184,39,0
3654b,23283,1186,40,0
3653b,23283,1187,41,0
4700b,23283,1188,42,0
3003b,23283,1189,43,0
3981b,23283,1191,44,0
3650b,23283,1194,45,0
378b,23283,1196,46,0
6470b,23283,1199,47,1
4224b,23242,900,1,0
4217b,23242,902,2,0
2900b,23242,903,3,0
1130b,23242,904,4,0
3059b,23242,905,5,0
5334b,23242,906,6,0
4215b,23242,906,7,0
3976b,23242,907,8,0
4009b,23242,908,9,0
1133b,23242,909,10,0
1278b,23242,910,11,0
2554b,23242,910,12,0
744b,23242,911,13,0
1628b,23242,912,14,0
2584b,23242,912,15,0
2944b,23242,913,16,0
3302b,23242,913,17,0
2942b,23242,914,18,0
1939b,23242,915,19,0
2154b,23242,916,20,0
2033b,23242,918,21,0
6376b,23242,919,22,0
6378b,23242,920,23,0
5486b,23242,920,24,0
2967b,23242,921,25,0
1501b,23242,922,26,0
5691b,23242,922,27,0
1998b,23242,924,28,0
2012b,23242,924,29,0
3358b,23242,925,30,0
3256b,23242,925,31,0
3265b,23242,926,32,0
4941b,23242,927,33,0
3421b,23242,927,34,0
3419b,23242,929,35,0
6400b,23242,933,36,0
5931b,23242,934,37,0
5606b,23242,936,38,0
4129b,23242,938,39,0
3654b,23242,940,40,0
3653b,23242,941,41,0
4700b,23242,942,42,0
3003b,23242,943,43,0
3981b,23242,945,44,0
3650b,23242,948,45,0
378b,23242,950,46,0
6470b,23242,953,47,1
6470b,8103,500,1,0
3649b,8103,501,2,0
3980b,8103,502,3,0
806b,8103,503,4,0
4800b,8103,503,5,0
3652b,8103,504,6,0
288b,8103,505,7,0
4128b,8103,506,8,0
5607b,8103,507,9,0
5932b,8103,509,10,0
6399b,8103,510,11,0
3416b,8103,513,12,0
3420b,8103,515,13,0
4940b,8103,515,14,0
2560b,8103,516,15,0
3266b,8103,516,16,0
1933b,8103,517,17,0
2657b,8103,517,18,0
1788b,8103,518,19,0
5692b,8103,519,20,0
1092b,8103,520,21,0
5469b,8103,520,22,0
5485b,8103,521,23,0
6379b,8103,522,24,0
6377b,8103,523,25,0
952b,8103,524,26,0
2064b,8103,527,27,0
2021b,8103,529,28,0
3297b,8103,529,29,0
2943b,8103,530,30,0
2600b,8103,530,31,0
807b,8103,531,32,0
2576b,8103,532,33,0
1046b,8103,532,34,0
1559b,8103,533,35,0
206b,8103,534,36,0
2946b,8103,535,37,0
892b,8103,535,38,0
3975b,8103,537,39,0
3977b,8103,537,40,0
3979b,8103,538,41,0
2949b,8103,539,42,0
1149b,8103,539,43,0
213b,8103,540,44,0
4216b,8103,542,45,0
4224b,8103,548,46,1
4224b,3688,905,1,0
4217b,3688,907,2,0
2900b,3688,908,3,0
1130b,3688,909,4,0
3059b,3688,909,5,0
5334b,3688,910,6,0
4215b,3688,911,7,0
3976b,3688,911,8,0
4009b,3688,913,9,0
1133b,3688,913,10,0
1278b,3688,914,11,0
2554b,3688,915,12,0
744b,3688,915,13,0
1628b,3688,916,14,0
2584b,3688,916,15,0
2944b,3688,917,16,0
3302b,3688,917,17,0
2942b,3688,918,18,0
1939b,3688,919,19,0
2154b,3688,920,20,0
2033b,3688,923,21,0
6376b,3688,924,22,0
6378b,3688,924,23,0
5486b,3688,925,24,0
2967b,3688,926,25,0
1501b,3688,927,26,0
5691b,3688,927,27,0
1998b,3688,928,28,0
2012b,3688,929,29,0
3358b,3688,929,30,0
3256b,3688,930,31,0
3265b,3688,930,32,0
4941b,3688,931,33,0
3421b,3688,931,34,0
3419b,3688,933,35,0
6400b,3688,936,36,0
5931b,3688,937,37,0
5606b,3688,939,38,0
4129b,3688,940,39,0
3654b,3688,942,40,0
3653b,3688,943,41,0
4700b,3688,944,42,0
3003b,3688,945,43,0
3981b,3688,947,44,0
3650b,3688,950,45,0
378b,3688,952,46,0
6470b,3688,955,47,1
4224b,11491,670,1,0
4217b,11491,672,2,0
2900b,11491,673,3,0
1130b,11491,674,4,0
3059b,11491,674,5,0
5334b,11491,675,6,0
4215b,11491,676,7,0
3976b,11491,676,8,0
4009b,11491,678,9,0
1133b,11491,678,10,0
1278b,11491,679,11,0
2554b,11491,680,12,0
744b,11491,680,13,0
1628b,11491,681,14,0
2584b,11491,681,15,0
2944b,11491,682,16,0
3302b,11491,682,17,0
2942b,11491,683,18,0
1939b,11491,684,19,0
2154b,11491,685,20,0
2033b,11491,688,21,0
6376b,11491,689,22,0
6378b,11491,689,23,0
5486b,11491,690,24,0
2967b,11491,691,25,0
1501b,11491,692,26,0
5691b,11491,692,27,0
1998b,11491,693,28,0
2012b,11491,694,29,0
3358b,11491,694,30,0
3256b,11491,695,31,0
3265b,11491,695,32,0
4941b,11491,696,33,0
3421b,11491,696,34,0
3419b,11491,698,35,0
6400b,11491,701,36,0
5931b,11491,702,37,0
5606b,11491,704,38,0
4129b,11491,705,39,0
3654b,11491,707,40,0
3653b,11491,708,41,0
4700b,11491,709,42,0
3003b,11491,710,43,0
3981b,11491,712,44,0
3650b,11491,715,45,0
378b,11491,717,46,0
6470b,11491,720,47,1
4224b,3825,840,1,0
4217b,3825,842,2,0
2900b,3825,843,3,0
1130b,3825,844,4,0
3059b,3825,845,5,0
5334b,3825,846,6,0
4215b,3825,846,7,0
3976b,3825,847,8,0
4009b,3825,848,9,0
1133b,3825,849,10,0
1278b,3825,850,11,0
2554b,3825,850,12,0
744b,3825,851,13,0
1628b,3825,852,14,0
2584b,3825,852,15,0
2944b,3825,853,16,0
3302b,3825,853,17,0
2942b,3825,854,18,0
1939b,3825,855,19,0
2154b,3825,856,20,0
2033b,3825,858,21,0
6376b,3825,859,22,0
6378b,3825,860,23,0
5486b,3825,860,24,0
2967b,3825,861,25,0
1501b,3825,862,26,0
5691b,3825,862,27,0
1998b,3825,863,28,0
2012b,3825,864,29,0
3358b,3825,864,30,0
3256b,3825,865,31,0
3265b,3825,865,32,0
4941b,3825,866,33,0
3421b,3825,867,34,0
3419b,3825,868,35,0
6400b,3825,872,36,0
5931b,3825,873,37,0
5606b,3825,875,38,0
4129b,3825,876,39,0
3654b,3825,878,40,0
3653b,3825,879,41,0
4700b,3825,880,42,0
3003b,3825,881,43,0
3981b,3825,883,44,0
3650b,3825,886,45,0
378b,3825,888,46,0
6470b,3825,891,47,1
4224b,3991,1180,1,0
4217b,3991,1182,2,0
2900b,3991,1183,3,0
1130b,3991,1184,4,0
3059b,3991,1184,5,0
5334b,3991,1185,6,0
4215b,3991,1186,7,0
3976b,3991,1186,8,0
4009b,3991,1188,9,0
1133b,3991,1188,10,0
1278b,3991,1189,11,0
2554b,3991,1190,12,0
744b,3991,1190,13,0
1628b,3991,1191,14,0
2584b,3991,1191,15,0
2944b,3991,1192,16,0
3302b,3991,1192,17,0
2942b,3991,1193,18,0
1939b,3991,1194,19,0
2154b,3991,1195,20,0
2033b,3991,1197,21,0
6376b,3991,1198,22,0
6378b,3991,1199,23,0
5486b,3991,1199,24,0
2967b,3991,1200,25,0
1501b,3991,1201,26,0
5691b,3991,1201,27,0
1998b,3991,1202,28,0
2012b,3991,1203,29,0
3358b,3991,1203,30,0
3256b,3991,1204,31,0
3265b,3991,1204,32,0
4941b,3991,1205,33,0
3421b,3991,1205,34,0
3419b,3991,1207,35,0
6400b,3991,1210,36,0
5931b,3991,1211,37,0
5606b,3991,1213,38,0
4129b,3991,1214,39,0
3654b,3991,1216,40,0
3653b,3991,1217,41,0
4700b,3991,1218,42,0
3003b,3991,1219,43,0
3981b,3991,1221,44,0
3650b,3991,1224,45,0
378b,3991,1226,46,0
6470b,3991,1229,47,1
4224b,11801,1070,1,0
4217b,11801,1072,2,0
2900b,11801,1073,3,0
1130b,11801,1074,4,0
3059b,11801,1074,5,0
5334b,11801,1075,6,0
4215b,11801,1076,7,0
3976b,11801,1076,8,0
4009b,11801,1078,9,0
1133b,11801,1078,10,0
1278b,11801,1079,11,0
2554b,11801,1080,12,0
744b,11801,1080,13,0
1628b,11801,1081,14,0
2584b,11801,1081,15,0
2944b,11801,1082,16,0
3302b,11801,1082,17,0
2942b,11801,1083,18,0
1939b,11801,1084,19,0
2154b,11801,1085,20,0
2033b,11801,1087,21,0
6376b,11801,1088,22,0
6378b,11801,1089,23,0
5486b,11801,1089,24,0
2967b,11801,1090,25,0
1501b,11801,1091,26,0
5691b,11801,1091,27,0
1998b,11801,1092,28,0
2012b,11801,1093,29,0
3358b,11801,1093,30,0
3256b,11801,1094,31,0
3265b,11801,1094,32,0
4941b,11801,1095,33,0
3421b,11801,1095,34,0
3419b,11801,1097,35,0
6400b,11801,1100,36,0
5931b,11801,1101,37,0
5606b,11801,1103,38,0
4129b,11801,1104,39,0
3654b,11801,1106,40,0
3653b,11801,1107,41,0
4700b,11801,1108,42,0
3003b,11801,1110,43,0
3981b,11801,1112,44,0
3650b,11801,1115,45,0
378b,11801,1117,46,0
6470b,11801,1120,47,1
4224b,3971,970,1,0
4217b,3971,972,2,0
2900b,3971,973,3,0
1130b,3971,974,4,0
3059b,3971,975,5,0
5334b,3971,976,6,0
4215b,3971,976,7,0
3976b,3971,977,8,0
4009b,3971,978,9,0
1133b,3971,979,10,0
1278b,3971,980,11,0
2554b,3971,980,12,0
744b,3971,981,13,0
1628b,3971,982,14,0
2584b,3971,982,15,0
2944b,3971,983,16,0
3302b,3971,983,17,0
2942b,3971,984,18,0
1939b,3971,985,19,0
2154b,3971,986,20,0
2033b,3971,989,21,0
6376b,3971,990,22,0
6378b,3971,990,23,0
5486b,3971,991,24,0
2967b,3971,992,25,0
1501b,3971,993,26,0
5691b,3971,993,27,0
1998b,3971,994,28,0
2012b,3971,995,29,0
3358b,3971,995,30,0
3256b,3971,996,31,0
3265b,3971,996,32,0
4941b,3971,997,33,0
3421b,3971,997,34,0
3419b,3971,999,35,0
6400b,3971,1002,36,0
5931b,3971,1003,37,0
5606b,3971,1005,38,0
4129b,3971,1006,39,0
3654b,3971,1008,40,0
3653b,3971,1009,41,0
4700b,3971,1010,42,0
3003b,3971,1011,43,0
3981b,3971,1013,44,0
3650b,3971,1016,45,0
378b,3971,1018,46,0
6470b,3971,1021,47,1
4224b,18413,1140,1,0
4217b,18413,1142,2,0
2900b,18413,1143,3,0
1130b,18413,1144,4,0
3059b,18413,1145,5,0
5334b,18413,1146,6,0
4215b,18413,1146,7,0
3976b,18413,1147,8,0
4009b,18413,1148,9,0
1133b,18413,1149,10,0
1278b,18413,1150,11,0
2554b,18413,1150,12,0
744b,18413,1151,13,0
1628b,18413,1152,14,0
2584b,18413,1152,15,0
2944b,18413,1153,16,0
3302b,18413,1153,17,0
2942b,18413,1154,18,0
1939b,18413,1155,19,0
2154b,18413,1156,20,0
2033b,18413,1158,21,0
6376b,18413,1159,22,0
6378b,18413,1160,23,0
5486b,18413,1160,24,0
2967b,18413,1161,25,0
1501b,18413,1162,26,0
5691b,18413,1162,27,0
1998b,18413,1163,28,0
2012b,18413,1164,29,0
3358b,18413,1164,30,0
3256b,18413,1165,31,0
3265b,18413,1165,32,0
4941b,18413,1166,33,0
3421b,18413,1167,34,0
3419b,18413,1168,35,0
6400b,18413,1172,36,0
5931b,18413,1173,37,0
5606b,18413,1175,38,0
4129b,18413,1176,39,0
3654b,18413,1178,40,0
3653b,18413,1179,41,0
4700b,18413,1180,42,0
3003b,18413,1181,43,0
3981b,18413,1183,44,0
3650b,18413,1186,45,0
378b,18413,1188,46,0
6470b,18413,1191,47,1
6470b,4584,845,1,0
3649b,4584,846,2,0
3980b,4584,847,3,0
806b,4584,848,4,0
4800b,4584,848,5,0
3652b,4584,849,6,0
288b,4584,850,7,0
4128b,4584,851,8,0
5607b,4584,852,9,0
5932b,4584,854,10,0
6399b,4584,855,11,0
3416b,4584,858,12,0
3420b,4584,860,13,0
4940b,4584,860,14,0
2560b,4584,861,15,0
3266b,4584,861,16,0
1933b,4584,862,17,0
2657b,4584,862,18,0
1788b,4584,863,19,0
5692b,4584,864,20,0
1092b,4584,865,21,0
5469b,4584,865,22,0
5485b,4584,866,23,0
6379b,4584,867,24,0
6377b,4584,868,25,0
952b,4584,869,26,0
2064b,4584,872,27,0
2021b,4584,874,28,0
3297b,4584,874,29,0
2943b,4584,875,30,0
2600b,4584,875,31,0
807b,4584,876,32,0
2576b,4584,877,33,0
1046b,4584,877,34,0
1559b,4584,878,35,0
206b,4584,879,36,0
2946b,4584,880,37,0
892b,4584,880,38,0
3975b,4584,882,39,0
3977b,4584,882,40,0
3979b,4584,883,41,0
2949b,4584,884,42,0
1149b,4584,884,43,0
213b,4584,885,44,0
4216b,4584,887,45,0
4224b,4584,892,46,1
6470b,18105,1050,1,0
3649b,18105,1051,2,0
3980b,18105,1052,3,0
806b,18105,1053,4,0
4800b,18105,1053,5,0
3652b,18105,1054,6,0
288b,18105,1055,7,0
4128b,18105,1057,8,0
5607b,18105,1058,9,0
5932b,18105,1060,10,0
6399b,18105,1061,11,0
3416b,18105,1065,12,0
3420b,18105,1067,13,0
4940b,18105,1068,14,0
2560b,18105,1069,15,0
3266b,18105,1069,16,0
1933b,18105,1070,17,0
2657b,18105,1071,18,0
1788b,18105,1071,19,0
5692b,18105,1073,20,0
1092b,18105,1074,21,0
5469b,18105,1074,22,0
5485b,18105,1075,23,0
6379b,18105,1076,24,0
6377b,18105,1077,25,0
952b,18105,1078,26,0
2064b,18105,1081,27,0
2021b,18105,1083,28,0
3297b,18105,1083,29,0
2943b,18105,1084,30,0
2600b,18105,1084,31,0
807b,18105,1085,32,0
2576b,18105,1086,33,0
1046b,18105,1086,34,0
1559b,18105,1087,35,0
206b,18105,1089,36,0
2946b,18105,1090,37,0
892b,18105,1090,38,0
3975b,18105,1092,39,0
3977b,18105,1093,40,0
3979b,18105,1093,41,0
2949b,18105,1095,42,0
1149b,18105,1095,43,0
213b,18105,1096,44,0
4216b,18105,1098,45,0
4224b,18105,1104,46,1
4224b,20007,610,1,0
4217b,20007,612,2,0
2900b,20007,613,3,0
1130b,20007,614,4,0
3059b,20007,614,5,0
5334b,20007,615,6,0
4215b,20007,616,7,0
3976b,20007,616,8,0
4009b,20007,618,9,0
1133b,20007,618,10,0
1278b,20007,619,11,0
2554b,20007,620,12,0
744b,20007,620,13,0
1628b,20007,621,14,0
2584b,20007,621,15,0
2944b,20007,622,16,0
3302b,20007,622,17,0
2942b,20007,623,18,0
1939b,20007,624,19,0
2154b,20007,625,20,0
2033b,20007,628,21,0
6376b,20007,629,22,0
6378b,20007,629,23,0
5486b,20007,630,24,0
2967b,20007,631,25,0
1501b,20007,632,26,0
5691b,20007,632,27,0
1998b,20007,633,28,0
2012b,20007,634,29,0
3358b,20007,634,30,0
3256b,20007,635,31,0
3265b,20007,635,32,0
4941b,20007,636,33,0
3421b,20007,636,34,0
3419b,20007,638,35,0
6400b,20007,641,36,0
5931b,20007,642,37,0
5606b,20007,644,38,0
4129b,20007,645,39,0
3654b,20007,647,40,0
3653b,20007,648,41,0
4700b,20007,649,42,0
3003b,20007,650,43,0
3981b,20007,652,44,0
3650b,20007,655,45,0
378b,20007,657,46,0
6470b,20007,660,47,1
4224b,20142,430,1,0
4217b,20142,432,2,0
2900b,20142,433,3,0
1130b,20142,434,4,0
3059b,20142,435,5,0
5334b,20142,436,6,0
4215b,20142,436,7,0
3976b,20142,437,8,0
4009b,20142,438,9,0
1133b,20142,439,10,0
1278b,20142,440,11,0
2554b,20142,440,12,0
744b,20142,441,13,0
1628b,20142,442,14,0
2584b,20142,442,15,0
2944b,20142,443,16,0
3302b,20142,443,17,0
2942b,20142,444,18,0
1939b,20142,445,19,0
2154b,20142,447,20,0
2033b,20142,450,21,0
6376b,20142,451,22,0
6378b,20142,452,23,0
5486b,20142,453,24,0
2967b,20142,454,25,0
1501b,20142,455,26,0
5691b,20142,455,27,0
1998b,20142,457,28,0
2012b,20142,457,29,0
3358b,20142,458,30,0
3256b,20142,459,31,0
3265b,20142,459,32,0
4941b,20142,460,33,0
3421b,20142,461,34,0
3419b,20142,463,35,0
6400b,20142,467,36,0
5931b,20142,468,37,0
5606b,20142,470,38,0
4129b,20142,471,39,0
3654b,20142,474,40,0
3653b,20142,475,41,0
4700b,20142,476,42,0
3003b,20142,478,43,0
3981b,20142,480,44,0
3650b,20142,483,45,0
378b,20142,485,46,0
6470b,20142,488,47,1
6470b,2302,425,1,0
3649b,2302,426,2,0
3980b,2302,427,3,0
806b,2302,428,4,0
4800b,2302,428,5,0
3652b,2302,429,6,0
288b,2302,430,7,0
4128b,2302,432,8,0
5607b,2302,433,9,0
5932b,2302,435,10,0
6399b,2302,436,11,0
3416b,2302,440,12,0
3420b,2302,442,13,0
4940b,2302,443,14,0
2560b,2302,444,15,0
3266b,2302,444,16,0
1933b,2302,445,17,0
2657b,2302,446,18,0
1788b,2302,446,19,0
5692b,2302,448,20,0
1092b,2302,449,21,0
5469b,2302,449,22,0
5485b,2302,450,23,0
6379b,2302,451,24,0
6377b,2302,452,25,0
952b,2302,453,26,0
2064b,2302,456,27,0
2021b,2302,458,28,0
3297b,2302,458,29,0
2943b,2302,459,30,0
2600b,2302,459,31,0
807b,2302,460,32,0
2576b,2302,461,33,0
1046b,2302,461,34,0
1559b,2302,462,35,0
206b,2302,463,36,0
2946b,2302,464,37,0
892b,2302,465,38,0
3975b,2302,466,39,0
3977b,2302,467,40,0
3979b,2302,468,41,0
2949b,2302,469,42,0
1149b,2302,469,43,0
213b,2302,470,44,0
4216b,2302,472,45,0
4224b,2302,478,46,1
4224b,716,465,1,0
4217b,716,467,2,0
2900b,716,468,3,0
1130b,716,469,4,0
3059b,716,470,5,0
5334b,716,471,6,0
4215b,716,471,7,0
3976b,716,472,8,0
4009b,716,473,9,0
1133b,716,474,10,0
1278b,716,475,11,0
2554b,716,475,12,0
744b,716,476,13,0
1628b,716,477,14,0
2584b,716,477,15,0
2944b,716,478,16,0
3302b,716,478,17,0
2942b,716,479,18,0
1939b,716,480,19,0
2154b,716,482,20,0
2033b,716,485,21,0
6376b,716,486,22,0
6378b,716,487,23,0
5486b,716,488,24,0
2967b,716,489,25,0
1501b,716,490,26,0
5691b,716,490,27,0
1998b,716,492,28,0
2012b,716,492,29,0
3358b,716,493,30,0
3256b,716,494,31,0
3265b,716,494,32,0
4941b,716,495,33,0
3421b,716,496,34,0
3419b,716,498,35,0
6400b,716,502,36,0
5931b,716,503,37,0
5606b,716,505,38,0
4129b,716,506,39,0
3654b,716,509,40,0
3653b,716,510,41,0
4700b,716,511,42,0
3003b,716,513,43,0
3981b,716,515,44,0
3650b,716,518,45,0
378b,716,520,46,0
6470b,716,523,47,1
4224b,8823,935,1,0
4217b,8823,937,2,0
2900b,8823,938,3,0
1130b,8823,939,4,0
3059b,8823,939,5,0
5334b,8823,940,6,0
4215b,8823,941,7,0
3976b,8823,941,8,0
4009b,8823,943,9,0
1133b,8823,943,10,0
1278b,8823,944,11,0
2554b,8823,945,12,0
744b,8823,945,13,0
1628b,8823,946,14,0
2584b,8823,946,15,0
2944b,8823,947,16,0
3302b,8823,947,17,0
2942b,8823,948,18,0
1939b,8823,949,19,0
2154b,8823,950,20,0
2033b,8823,953,21,0
6376b,8823,954,22,0
6378b,8823,954,23,0
5486b,8823,955,24,0
2967b,8823,956,25,0
1501b,8823,957,26,0
5691b,8823,957,27,0
1998b,8823,958,28,0
2012b,8823,959,29,0
3358b,8823,959,30,0
3256b,8823,960,31,0
3265b,8823,960,32,0
4941b,8823,961,33,0
3421b,8823,961,34,0
3419b,8823,963,35,0
6400b,8823,966,36,0
5931b,8823,967,37,0
5606b,8823,969,38,0
4129b,8823,970,39,0
3654b,8823,972,40,0
3653b,8823,973,41,0
4700b,8823,974,42,0
3003b,8823,975,43,0
3981b,8823,977,44,0
3650b,8823,980,45,0
378b,8823,982,46,0
6470b,8823,985,47,1
6470b,642,405,1,0
3649b,642,406,2,0
3980b,642,407,3,0
806b,642,408,4,0
4800b,642,408,5,0
3652b,642,409,6,0
288b,642,410,7,0
4128b,642,411,8,0
5607b,642,412,9,0
5932b,642,413,10,0
6399b,642,414,11,0
3416b,642,417,12,0
3420b,642,418,13,0
4940b,642,419,14,0
2560b,642,420,15,0
3266b,642,420,16,0
1933b,642,420,17,0
2657b,642,421,18,0
1788b,642,421,19,0
5692b,642,422,20,0
1092b,642,423,21,0
5469b,642,423,22,0
5485b,642,424,23,0
6379b,642,425,24,0
6377b,642,426,25,0
952b,642,427,26,0
2064b,642,430,27,0
2021b,642,432,28,0
3297b,642,432,29,0
2943b,642,433,30,0
2600b,642,433,31,0
807b,642,434,32,0
2576b,642,435,33,0
1046b,642,435,34,0
1559b,642,436,35,0
206b,642,437,36,0
2946b,642,438,37,0
892b,642,439,38,0
3975b,642,440,39,0
3977b,642,441,40,0
3979b,642,442,41,0
2949b,642,443,42,0
1149b,642,443,43,0
213b,642,444,44,0
4216b,642,446,45,0
4224b,642,452,46,1
4224b,12239,1005,1,0
4217b,12239,1007,2,0
2900b,12239,1008,3,0
1130b,12239,1009,4,0
3059b,12239,1010,5,0
5334b,12239,1011,6,0
4215b,12239,1011,7,0
3976b,12239,1012,8,0
4009b,12239,1013,9,0
1133b,12239,1014,10,0
1278b,12239,1015,11,0
2554b,12239,1015,12,0
744b,12239,1016,13,0
1628b,12239,1017,14,0
2584b,12239,1017,15,0
2944b,12239,1018,16,0
3302b,12239,1018,17,0
2942b,12239,1019,18,0
1939b,12239,1020,19,0
2154b,12239,1022,20,0
2033b,12239,1025,21,0
6376b,12239,1026,22,0
6378b,12239,1027,23,0
5486b,12239,1028,24,0
2967b,12239,1029,25,0
1501b,12239,1030,26,0
5691b,12239,1030,27,0
1998b,12239,1031,28,0
2012b,12239,1032,29,0
3358b,12239,1032,30,0
3256b,12239,1033,31,0
3265b,12239,1033,32,0
4941b,12239,1034,33,0
3421b,12239,1034,34,0
3419b,12239,1036,35,0
6400b,12239,1039,36,0
5931b,12239,1040,37,0
5606b,12239,1042,38,0
4129b,12239,1043,39,0
3654b,12239,1045,40,0
3653b,12239,1046,41,0
4700b,12239,1047,42,0
3003b,12239,1049,43,0
3981b,12239,1051,44,0
3650b,12239,1054,45,0
378b,12239,1056,46,0
6470b,12239,1059,47,1
6470b,12241,605,1,0
3649b,12241,606,2,0
3980b,12241,607,3,0
806b,12241,608,4,0
4800b,12241,608,5,0
3652b,12241,609,6,0
288b,12241,610,7,0
4128b,12241,611,8,0
5607b,12241,612,9,0
5932b,12241,614,10,0
6399b,12241,615,11,0
3416b,12241,618,12,0
3420b,12241,620,13,0
4940b,12241,620,14,0
2560b,12241,621,15,0
3266b,12241,621,16,0
1933b,12241,622,17,0
2657b,12241,622,18,0
1788b,12241,623,19,0
5692b,12241,624,20,0
1092b,12241,625,21,0
5469b,12241,625,22,0
5485b,12241,626,23,0
6379b,12241,627,24,0
6377b,12241,628,25,0
952b,12241,629,26,0
2064b,12241,632,27,0
2021b,12241,634,28,0
3297b,12241,634,29,0
2943b,12241,635,30,0
2600b,12241,635,31,0
807b,12241,636,32,0
2576b,12241,637,33,0
1046b,12241,637,34,0
1559b,12241,638,35,0
206b,12241,639,36,0
2946b,12241,640,37,0
892b,12241,640,38,0
3975b,12241,642,39,0
3977b,12241,642,40,0
3979b,12241,643,41,0
2949b,12241,644,42,0
1149b,12241,644,43,0
213b,12241,645,44,0
4216b,12241,647,45,0
4224b,12241,652,46,1
4224b,2589,1090,1,0
4217b,2589,1092,2,0
2900b,2589,1093,3,0
1130b,2589,1094,4,0
3059b,2589,1094,5,0
5334b,2589,1095,6,0
4215b,2589,1096,7,0
3976b,2589,1096,8,0
4009b,2589,1098,9,0
1133b,2589,1098,10,0
1278b,2589,1099,11,0
2554b,2589,1100,12,0
744b,2589,1100,13,0
1628b,2589,1101,14,0
2584b,2589,1101,15,0
2944b,2589,1102,16,0
3302b,2589,1102,17,0
2942b,2589,1103,18,0
1939b,2589,1104,19,0
2154b,2589,1105,20,0
2033b,2589,1107,21,0
6376b,2589,1108,22,0
6378b,2589,1109,23,0
5486b,2589,1109,24,0
2967b,2589,1110,25,0
1501b,2589,1111,26,0
5691b,2589,1111,27,0
1998b,2589,1112,28,0
2012b,2589,1113,29,0
3358b,2589,1113,30,0
3256b,2589,1114,31,0
3265b,2589,1114,32,0
4941b,2589,1115,33,0
3421b,2589,1115,34,0
3419b,2589,1117,35,0
6400b,2589,1120,36,0
5931b,2589,1121,37,0
5606b,2589,1123,38,0
4129b,2589,1124,39,0
3654b,2589,1126,40,0
3653b,2589,1127,41,0
4700b,2589,1128,42,0
3003b,2589,1130,43,0
3981b,2589,1132,44,0
3650b,2589,1135,45,0
378b,2589,1137,46,0
6470b,2589,1140,47,1
4224b,6090,370,1,0
4217b,6090,372,2,0
2900b,6090,373,3,0
1130b,6090,374,4,0
3059b,6090,374,5,0
5334b,6090,375,6,0
4215b,6090,376,7,0
3976b,6090,376,8,0
4009b,6090,378,9,0
1133b,6090,378,10,0
1278b,6090,379,11,0
2554b,6090,380,12,0
744b,6090,380,13,0
1628b,6090,381,14,0
2584b,6090,381,15,0
2944b,6090,382,16,0
3302b,6090,382,17,0
2942b,6090,383,18,0
1939b,6090,384,19,0
2154b,6090,385,20,0
2033b,6090,387,21,0
6376b,6090,387,22,0
6378b,6090,388,23,0
5486b,6090,389,24,0
2967b,6090,389,25,0
1501b,6090,390,26,0
5691b,6090,390,27,0
1998b,6090,391,28,0
2012b,6090,392,29,0
3358b,6090,392,30,0
3256b,6090,393,31,0
3265b,6090,393,32,0
4941b,6090,394,33,0
3421b,6090,394,34,0
3419b,6090,396,35,0
6400b,6090,399,36,0
5931b,6090,399,37,0
5606b,6090,401,38,0
4129b,6090,402,39,0
3654b,6090,404,40,0
3653b,6090,405,41,0
4700b,6090,406,42,0
3003b,6090,407,43,0
3981b,6090,409,44,0
3650b,6090,412,45,0
378b,6090,414,46,0
6470b,6090,416,47,1
4224b,16926,845,1,0
4217b,16926,847,2,0
2900b,16926,848,3,0
1130b,16926,849,4,0
3059b,16926,849,5,0
5334b,16926,850,6,0
4215b,16926,851,7,0
3976b,16926,851,8,0
4009b,16926,853,9,0
1133b,16926,853,10,0
1278b,16926,854,11,0
2554b,16926,855,12,0
744b,16926,855,13,0
1628b,16926,856,14,0
2584b,16926,856,15,0
2944b,16926,857,16,0
3302b,16926,857,17,0
2942b,16926,858,18,0
1939b,16926,859,19,0
2154b,16926,860,20,0
2033b,16926,863,21,0
6376b,16926,864,22,0
6378b,16926,864,23,0
5486b,16926,865,24,0
2967b,16926,866,25,0
1501b,16926,867,26,0
5691b,16926,867,27,0
1998b,16926,868,28,0
2012b,16926,869,29,0
3358b,16926,869,30,0
3256b,16926,870,31,0
3265b,16926,870,32,0
4941b,16926,871,33,0
3421b,16926,871,34,0
3419b,16926,873,35,0
6400b,16926,876,36,0
5931b,16926,877,37,0
5606b,16926,879,38,0
4129b,16926,880,39,0
3654b,16926,882,40,0
3653b,16926,883,41,0
4700b,16926,884,42,0
3003b,16926,885,43,0
3981b,16926,887,44,0
3650b,16926,890,45,0
378b,16926,892,46,0
6470b,16926,895,47,1
6470b,6030,665,1,0
3649b,6030,666,2,0
3980b,6030,667,3,0
806b,6030,668,4,0
4800b,6030,668,5,0
3652b,6030,669,6,0
288b,6030,670,7,0
4128b,6030,671,8,0
5607b,6030,672,9,0
5932b,6030,674,10,0
6399b,6030,675,11,0
3416b,6030,678,12,0
3420b,6030,680,13,0
4940b,6030,680,14,0
2560b,6030,681,15,0
3266b,6030,681,16,0
1933b,6030,682,17,0
2657b,6030,682,18,0
1788b,6030,683,19,0
5692b,6030,684,20,0
1092b,6030,685,21,0
5469b,6030,685,22,0
5485b,6030,686,23,0
6379b,6030,687,24,0
6377b,6030,688,25,0
952b,6030,689,26,0
2064b,6030,692,27,0
2021b,6030,694,28,0
3297b,6030,694,29,0
2943b,6030,695,30,0
2600b,6030,695,31,0
807b,6030,696,32,0
2576b,6030,697,33,0
1046b,6030,697,34,0
1559b,6030,698,35,0
206b,6030,699,36,0
2946b,6030,700,37,0
892b,6030,700,38,0
3975b,6030,702,39,0
3977b,6030,702,40,0
3979b,6030,703,41,0
2949b,6030,704,42,0
1149b,6030,704,43,0
213b,6030,705,44,0
4216b,6030,707,45,0
4224b,6030,712,46,1
4224b,28465,400,1,0
4217b,28465,402,2,0
2900b,28465,403,3,0
1130b,28465,404,4,0
3059b,28465,404,5,0
5334b,28465,405,6,0
4215b,28465,406,7,0
3976b,28465,406,8,0
4009b,28465,408,9,0
1133b,28465,408,10,0
1278b,28465,409,11,0
2554b,28465,410,12,0
744b,28465,410,13,0
1628b,28465,411,14,0
2584b,28465,411,15,0
2944b,28465,412,16,0
3302b,28465,412,17,0
2942b,28465,413,18,0
1939b,28465,414,19,0
2154b,28465,415,20,0
2033b,28465,417,21,0
6376b,28465,417,22,0
6378b,28465,418,23,0
5486b,28465,419,24,0
2967b,28465,419,25,0
1501b,28465,420,26,0
5691b,28465,420,27,0
1998b,28465,422,28,0
2012b,28465,422,29,0
3358b,28465,423,30,0
3256b,28465,424,31,0
3265b,28465,424,32,0
4941b,28465,425,33,0
3421b,28465,426,34,0
3419b,28465,428,35,0
6400b,28465,432,36,0
5931b,28465,433,37,0
5606b,28465,435,38,0
4129b,28465,436,39,0
3654b,28465,439,40,0
3653b,28465,440,41,0
4700b,28465,441,42,0
3003b,28465,443,43,0
3981b,28465,445,44,0
3650b,28465,448,45,0
378b,28465,450,46,0
6470b,28465,453,47,1
6470b,16888,545,1,0
3649b,16888,546,2,0
3980b,16888,547,3,0
806b,16888,548,4,0
4800b,16888,548,5,0
3652b,16888,549,6,0
288b,16888,550,7,0
4128b,16888,551,8,0
5607b,16888,552,9,0
5932b,16888,554,10,0
6399b,16888,555,11,0
3416b,16888,558,12,0
3420b,16888,560,13,0
4940b,16888,560,14,0
2560b,16888,561,15,0
3266b,16888,561,16,0
1933b,16888,562,17,0
2657b,16888,562,18,0
1788b,16888,563,19,0
5692b,16888,564,20,0
1092b,16888,565,21,0
5469b,16888,565,22,0
5485b,16888,566,23,0
6379b,16888,567,24,0
6377b,16888,568,25,0
952b,16888,569,26,0
2064b,16888,572,27,0
2021b,16888,574,28,0
3297b,16888,574,29,0
2943b,16888,575,30,0
2600b,16888,575,31,0
807b,16888,576,32,0
2576b,16888,577,33,0
1046b,16888,577,34,0
1559b,16888,578,35,0
206b,16888,579,36,0
2946b,16888,580,37,0
892b,16888,580,38,0
3975b,16888,582,39,0
3977b,16888,582,40,0
3979b,16888,583,41,0
2949b,16888,584,42,0
1149b,16888,584,43,0
213b,16888,585,44,0
4216b,16888,587,45,0
4224b,16888,592,46,1
6470b,24061,1085,1,0
3649b,24061,1086,2,0
3980b,24061,1087,3,0
806b,24061,1088,4,0
4800b,24061,1088,5,0
3652b,24061,1089,6,0
288b,24061,1090,7,0
4128b,24061,1091,8,0
5607b,24061,1092,9,0
5932b,24061,1093,10,0
6399b,24061,1094,11,0
3416b,24061,1098,12,0
3420b,24061,1099,13,0
4940b,24061,1100,14,0
2560b,24061,1100,15,0
3266b,24061,1101,16,0
1933b,24061,1101,17,0
2657b,24061,1102,18,0
1788b,24061,1102,19,0
5692b,24061,1103,20,0
1092b,24061,1104,21,0
5469b,24061,1104,22,0
5485b,24061,1105,23,0
6379b,24061,1105,24,0
6377b,24061,1106,25,0
952b,24061,1107,26,0
2064b,24061,1109,27,0
2021b,24061,1111,28,0
3297b,24061,1111,29,0
2943b,24061,1112,30,0
2600b,24061,1112,31,0
807b,24061,1113,32,0
2576b,24061,1113,33,0
1046b,24061,1114,34,0
1559b,24061,1114,35,0
206b,24061,1115,36,0
2946b,24061,1116,37,0
892b,24061,1117,38,0
3975b,24061,1118,39,0
3977b,24061,1119,40,0
3979b,24061,1119,41,0
2949b,24061,1120,42,0
1149b,24061,1121,43,0
213b,24061,1121,44,0
4216b,24061,1123,45,0
4224b,24061,1129,46,1
6470b,6147,1015,1,0
3649b,6147,1016,2,0
3980b,6147,1017,3,0
806b,6147,1018,4,0
4800b,6147,1018,5,0
3652b,6147,1019,6,0
288b,6147,1020,7,0
4128b,6147,1022,8,0
5607b,6147,1023,9,0
5932b,6147,1025,10,0
6399b,6147,1026,11,0
3416b,6147,1030,12,0
3420b,6147,1032,13,0
4940b,6147,1033,14,0
2560b,6147,1034,15,0
3266b,6147,1034,16,0
1933b,6147,1035,17,0
2657b,6147,1036,18,0
1788b,6147,1036,19,0
5692b,6147,1038,20,0
1092b,6147,1039,21,0
5469b,6147,1039,22,0
5485b,6147,1040,23,0
6379b,6147,1041,24,0
6377b,6147,1042,25,0
952b,6147,1043,26,0
2064b,6147,1046,27,0
2021b,6147,1048,28,0
3297b,6147,1048,29,0
2943b,6147,1049,30,0
2600b,6147,1049,31,0
807b,6147,1050,32,0
2576b,6147,1051,33,0
1046b,6147,1051,34,0
1559b,6147,1052,35,0
206b,6147,1054,36,0
2946b,6147,1055,37,0
892b,6147,1055,38,0
3975b,6147,1057,39,0
3977b,6147,1058,40,0
3979b,6147,1058,41,0
2949b,6147,1060,42,0
1149b,6147,1060,43,0
213b,6147,1061,44,0
4216b,6147,1063,45,0
4224b,6147,1070,46,1
6470b,24268,1200,1,0
3649b,24268,1201,2,0
3980b,24268,1202,3,0
806b,24268,1203,4,0
4800b,24268,1203,5,0
3652b,24268,1204,6,0
288b,24268,1205,7,0
4128b,24268,1206,8,0
5607b,24268,1207,9,0
5932b,24268,1208,10,0
6399b,24268,1209,11,0
3416b,24268,1213,12,0
3420b,24268,1214,13,0
4940b,24268,1215,14,0
2560b,24268,1215,15,0
3266b,24268,1216,16,0
1933b,24268,1216,17,0
2657b,24268,1217,18,0
1788b,24268,1217,19,0
5692b,24268,1218,20,0
1092b,24268,1219,21,0
5469b,24268,1219,22,0
5485b,24268,1220,23,0
6379b,24268,1220,24,0
6377b,24268,1221,25,0
952b,24268,1222,26,0
2064b,24268,1224,27,0
2021b,24268,1226,28,0
3297b,24268,1226,29,0
2943b,24268,1227,30,0
2600b,24268,1227,31,0
807b,24268,1228,32,0
2576b,24268,1228,33,0
1046b,24268,1229,34,0
1559b,24268,1229,35,0
206b,24268,1230,36,0
2946b,24268,1231,37,0
892b,24268,1232,38,0
3975b,24268,1233,39,0
3977b,24268,1234,40,0
3979b,24268,1234,41,0
2949b,24268,1235,42,0
1149b,24268,1236,43,0
213b,24268,1236,44,0
4216b,24268,1238,45,0
4224b,24268,1244,46,1
6470b,28541,1140,1,0
3649b,28541,1141,2,0
3980b,28541,1142,3,0
806b,28541,1143,4,0
4800b,28541,1143,5,0
3652b,28541,1144,6,0
288b,28541,1145,7,0
4128b,28541,1147,8,0
5607b,28541,1148,9,0
5932b,28541,1149,10,0
6399b,28541,1150,11,0
3416b,28541,1154,12,0
3420b,28541,1156,13,0
4940b,28541,1157,14,0
2560b,28541,1158,15,0
3266b,28541,1158,16,0
1933b,28541,1159,17,0
2657b,28541,1159,18,0
1788b,28541,1160,19,0
5692b,28541,1161,20,0
1092b,28541,1162,21,0
5469b,28541,1162,22,0
5485b,28541,1163,23,0
6379b,28541,1164,24,0
6377b,28541,1164,25,0
952b,28541,1165,26,0
2064b,28541,1168,27,0
2021b,28541,1170,28,0
3297b,28541,1170,29,0
2943b,28541,1171,30,0
2600b,28541,1171,31,0
807b,28541,1172,32,0
2576b,28541,1172,33,0
1046b,28541,1173,34,0
1559b,28541,1173,35,0
206b,28541,1174,36,0
2946b,28541,1175,37,0
892b,28541,1176,38,0
3975b,28541,1177,39,0
3977b,28541,1178,40,0
3979b,28541,1178,41,0
2949b,28541,1179,42,0
1149b,28541,1180,43,0
213b,28541,1180,44,0
4216b,28541,1182,45,0
4224b,28541,1188,46,1
6470b,14272,1020,1,0
3649b,14272,1021,2,0
3980b,14272,1022,3,0
806b,14272,1023,4,0
4800b,14272,1023,5,0
3652b,14272,1024,6,0
288b,14272,1025,7,0
4128b,14272,1027,8,0
5607b,14272,1028,9,0
5932b,14272,1029,10,0
6399b,14272,1030,11,0
3416b,14272,1034,12,0
3420b,14272,1036,13,0
4940b,14272,1037,14,0
2560b,14272,1038,15,0
3266b,14272,1038,16,0
1933b,14272,1039,17,0
2657b,14272,1039,18,0
1788b,14272,1040,19,0
5692b,14272,1041,20,0
1092b,14272,1042,21,0
5469b,14272,1042,22,0
5485b,14272,1043,23,0
6379b,14272,1044,24,0
6377b,14272,1044,25,0
952b,14272,1045,26,0
2064b,14272,1048,27,0
2021b,14272,1050,28,0
3297b,14272,1050,29,0
2943b,14272,1051,30,0
2600b,14272,1051,31,0
807b,14272,1052,32,0
2576b,14272,1053,33,0
1046b,14272,1053,34,0
1559b,14272,1054,35,0
206b,14272,1055,36,0
2946b,14272,1056,37,0
892b,14272,1057,38,0
3975b,14272,1058,39,0
3977b,14272,1059,40,0
3979b,14272,1060,41,0
2949b,14272,1061,42,0
1149b,14272,1061,43,0
213b,14272,1062,44,0
4216b,14272,1064,45,0
4224b,14272,1070,46,1
6470b,26604,785,1,0
3649b,26604,786,2,0
3980b,26604,787,3,0
806b,26604,788,4,0
4800b,26604,788,5,0
3652b,26604,789,6,0
288b,26604,790,7,0
4128b,26604,791,8,0
5607b,26604,792,9,0
5932b,26604,794,10,0
6399b,26604,795,11,0
3416b,26604,798,12,0
3420b,26604,800,13,0
4940b,26604,800,14,0
2560b,26604,801,15,0
3266b,26604,801,16,0
1933b,26604,802,17,0
2657b,26604,802,18,0
1788b,26604,803,19,0
5692b,26604,804,20,0
1092b,26604,805,21,0
5469b,26604,805,22,0
5485b,26604,806,23,0
6379b,26604,807,24,0
6377b,26604,808,25,0
952b,26604,809,26,0
2064b,26604,812,27,0
2021b,26604,814,28,0
3297b,26604,814,29,0
2943b,26604,815,30,0
2600b,26604,815,31,0
807b,26604,816,32,0
2576b,26604,817,33,0
1046b,26604,817,34,0
1559b,26604,818,35,0
206b,26604,819,36,0
2946b,26604,820,37,0
892b,26604,820,38,0
3975b,26604,822,39,0
3977b,26604,822,40,0
3979b,26604,823,41,0
2949b,26604,824,42,0
1149b,26604,824,43,0
213b,26604,825,44,0
4216b,26604,827,45,0
4224b,26604,832,46,1
6470b,26722,900,1,0
3649b,26722,901,2,0
3980b,26722,902,3,0
806b,26722,903,4,0
4800b,26722,903,5,0
3652b,26722,904,6,0
288b,26722,905,7,0
4128b,26722,906,8,0
5607b,26722,908,9,0
5932b,26722,909,10,0
6399b,26722,910,11,0
3416b,26722,914,12,0
3420b,26722,915,13,0
4940b,26722,916,14,0
2560b,26722,917,15,0
3266b,26722,917,16,0
1933b,26722,918,17,0
2657b,26722,918,18,0
1788b,26722,919,19,0
5692b,26722,920,20,0
1092b,26722,921,21,0
5469b,26722,921,22,0
5485b,26722,922,23,0
6379b,26722,923,24,0
6377b,26722,923,25,0
952b,26722,924,26,0
2064b,26722,927,27,0
2021b,26722,929,28,0
3297b,26722,929,29,0
2943b,26722,930,30,0
2600b,26722,930,31,0
807b,26722,931,32,0
2576b,26722,932,33,0
1046b,26722,932,34,0
1559b,26722,933,35,0
206b,26722,934,36,0
2946b,26722,935,37,0
892b,26722,936,38,0
3975b,26722,937,39,0
3977b,26722,938,40,0
3979b,26722,939,41,0
2949b,26722,940,42,0
1149b,26722,940,43,0
213b,26722,941,44,0
4216b,26722,943,45,0
4224b,26722,949,46,1
