arret_id,trajet_id,heure_depart,stop_sequence,terminus
3443b,31347,585,1,0
7772b,31347,598,2,0
6901b,31347,607,3,0
6902b,31347,618,4,0
6903b,31347,622,5,1
3443b,12815,675,1,0
7772b,12815,688,2,0
6901b,12815,697,3,0
6902b,12815,708,4,0
6903b,12815,712,5,1
6902b,10617,532,1,0
6903b,10617,536,2,1
6902b,31104,1170,1,0
6901b,31104,1182,2,0
3443b,31104,1197,3,1
6902b,31170,1132,1,0
6903b,31170,1136,2,1
3443b,29035,1020,1,0
6901b,29035,1039,2,0
6902b,29035,1047,3,1
3443b,29087,615,1,0
7772b,29087,628,2,0
6901b,29087,637,3,0
6902b,29087,648,4,0
6903b,29087,652,5,1
6903b,12583,615,1,0
6902b,12583,622,2,0
6901b,12583,634,3,0
7772b,12583,643,4,0
3443b,12583,653,5,1
6902b,12599,810,1,0
7772b,12599,827,2,0
3443b,12599,837,3,1
3443b,29104,975,1,0
7772b,29104,988,2,0
6901b,29104,997,3,0
6902b,29104,1008,4,0
6903b,29104,1012,5,1
6902b,29108,472,1,0
6903b,29108,476,2,1
6902b,12759,757,1,0
6903b,12759,761,2,1
3443b,29175,780,1,0
7772b,29175,793,2,0
6902b,29175,807,3,1
3443b,24977,1020,1,0
7772b,24977,1033,2,0
6901b,24977,1042,3,0
6902b,24977,1053,4,0
6903b,24977,1057,5,1
3443b,2173,660,1,0
7772b,2173,673,2,0
6901b,2173,682,3,0
6902b,2173,693,4,0
6903b,2173,697,5,1
6903b,17654,765,1,0
6902b,17654,769,2,1
6903b,9709,660,1,0
6902b,9709,667,2,0
6901b,9709,679,3,0
7772b,9709,688,4,0
3443b,9709,698,5,1
6903b,17627,825,1,0
6902b,17627,829,2,1
6902b,9725,1162,1,0
6903b,9725,1166,2,1
6903b,17605,705,1,0
6902b,17605,712,2,0
6901b,17605,724,3,0
7772b,17605,733,4,0
3443b,17605,743,5,1
3443b,10134,525,1,0
7772b,10134,538,2,0
6901b,10134,547,3,0
6902b,10134,558,4,0
6903b,10134,562,5,1
6903b,9601,720,1,0
6902b,9601,724,2,1
6903b,17748,810,1,0
6902b,17748,814,2,1
6903b,17730,930,1,0
6902b,17730,937,2,0
6901b,17730,949,3,0
7772b,17730,958,4,0
3443b,17730,968,5,1
6903b,17990,735,1,0
6902b,17990,739,2,1
6903b,17277,1020,1,0
6902b,17277,1024,2,1
6902b,17214,1042,1,0
6903b,17214,1046,2,1
3443b,17483,885,1,0
7772b,17483,898,2,0
6901b,17483,907,3,0
6902b,17483,918,4,0
6903b,17483,922,5,1
6903b,9073,1065,1,0
6902b,9073,1072,2,0
6901b,9073,1084,3,0
7772b,9073,1093,4,0
3443b,9073,1103,5,1
3443b,10382,930,1,0
7772b,10382,943,2,0
6901b,10382,952,3,0
6902b,10382,963,4,0
6903b,10382,967,5,1
6903b,22688,1125,1,0
6902b,22688,1129,2,1
3443b,1827,1155,1,0
7772b,1827,1168,2,0
6901b,1827,1177,3,0
6902b,1827,1188,4,0
6903b,1827,1192,5,1
3443b,1850,975,1,0
7772b,1850,988,2,0
6901b,1850,997,3,0
6902b,1850,1008,4,0
6903b,1850,1012,5,1
3443b,1884,1155,1,0
7772b,1884,1168,2,0
6901b,1884,1177,3,0
6902b,1884,1188,4,0
6903b,1884,1192,5,1
6903b,1873,750,1,0
6902b,1873,757,2,0
6901b,1873,769,3,0
7772b,1873,778,4,0
3443b,1873,788,5,1
3443b,21940,930,1,0
7772b,21940,943,2,0
6901b,21940,952,3,0
6902b,21940,963,4,0
6903b,21940,967,5,1
6902b,19038,772,1,0
6903b,19038,776,2,1
3443b,19349,1200,1,0
7772b,19349,1213,2,0
6901b,19349,1222,3,0
6902b,19349,1233,4,0
6903b,19349,1237,5,1
6903b,1651,570,1,0
6902b,1651,577,2,0
6901b,1651,589,3,0
7772b,1651,598,4,0
3443b,1651,608,5,1
6903b,19367,1065,1,0
6902b,19367,1069,2,1
6902b,1575,450,1,0
6901b,1575,462,2,0
3443b,1575,477,3,1
3443b,5931,630,1,0
7772b,5931,643,2,0
6901b,5931,652,3,0
6902b,5931,663,4,0
6903b,5931,667,5,1
6903b,1529,840,1,0
6902b,1529,847,2,0
6901b,1529,859,3,0
7772b,1529,868,4,0
3443b,1529,878,5,1
6903b,1548,1020,1,0
6902b,1548,1027,2,0
6901b,1548,1039,3,0
7772b,1548,1048,4,0
3443b,1548,1058,5,1
3443b,27921,930,1,0
7772b,27921,943,2,0
6901b,27921,952,3,0
6902b,27921,963,4,0
6903b,27921,967,5,1
6903b,21515,495,1,0
6902b,21515,499,2,1
6903b,19559,660,1,0
6902b,19559,667,2,0
6901b,19559,679,3,0
7772b,19559,688,4,0
3443b,19559,698,5,1
3443b,27727,705,1,0
7772b,27727,718,2,0
6901b,27727,727,3,0
6902b,27727,738,4,0
6903b,27727,742,5,1
3443b,27769,420,1,0
6901b,27769,439,2,0
6902b,27769,447,3,1
6902b,21632,817,1,0
6903b,21632,821,2,1
6902b,21650,1110,1,0
7772b,21650,1127,2,0
3443b,21650,1137,3,1
3443b,1230,795,1,0
7772b,1230,808,2,0
6901b,1230,817,3,0
6902b,1230,828,4,0
6903b,1230,832,5,1
6903b,15114,840,1,0
6902b,15114,847,2,0
6901b,15114,859,3,0
7772b,15114,868,4,0
3443b,15114,878,5,1
6902b,21378,787,1,0
6903b,21378,791,2,1
6903b,19745,1020,1,0
6902b,19745,1027,2,0
6901b,19745,1039,3,0
7772b,19745,1048,4,0
3443b,19745,1058,5,1
6902b,5514,510,1,0
6901b,5514,522,2,0
3443b,5514,537,3,1
6903b,9928,1170,1,0
6902b,9928,1174,2,1
3443b,1049,885,1,0
7772b,1049,898,2,0
6901b,1049,907,3,0
6902b,1049,918,4,0
6903b,1049,922,5,1
6902b,15071,1050,1,0
6901b,15071,1062,2,0
3443b,15071,1077,3,1
6903b,5336,885,1,0
6902b,5336,892,2,0
6901b,5336,904,3,0
7772b,5336,913,4,0
3443b,5336,923,5,1
6903b,13563,1110,1,0
6902b,13563,1117,2,0
6901b,13563,1129,3,0
7772b,13563,1138,4,0
3443b,13563,1148,5,1
6903b,13609,795,1,0
6902b,13609,799,2,1
6903b,25065,795,1,0
6902b,25065,802,2,0
6901b,25065,814,3,0
7772b,25065,823,4,0
3443b,25065,833,5,1
6903b,15792,525,1,0
6902b,15792,532,2,0
6901b,15792,544,3,0
7772b,15792,553,4,0
3443b,15792,563,5,1
3443b,27363,750,1,0
7772b,27363,763,2,0
6901b,27363,772,3,0
6902b,27363,783,4,0
6903b,27363,787,5,1
6903b,21208,1110,1,0
6902b,21208,1114,2,1
6902b,15670,802,1,0
6903b,15670,806,2,1
6902b,29244,1087,1,0
6903b,29244,1091,2,1
3443b,27010,840,1,0
7772b,27010,853,2,0
6901b,27010,862,3,0
6902b,27010,873,4,0
6903b,27010,877,5,1
6903b,7984,885,1,0
6902b,7984,892,2,0
6901b,7984,904,3,0
7772b,7984,913,4,0
3443b,7984,923,5,1
6902b,7958,457,1,0
6903b,7958,461,2,1
6903b,25628,570,1,0
6902b,25628,577,2,0
6901b,25628,589,3,0
7772b,25628,598,4,0
3443b,25628,608,5,1
3443b,25537,1200,1,0
7772b,25537,1213,2,0
6901b,25537,1222,3,0
6902b,25537,1233,4,0
6903b,25537,1237,5,1
6903b,15916,1080,1,0
6902b,15916,1084,2,1
3443b,23592,1110,1,0
7772b,23592,1123,2,0
6901b,23592,1132,3,0
6902b,23592,1143,4,0
6903b,23592,1147,5,1
6902b,23884,1057,1,0
6903b,23884,1061,2,1
6903b,23807,975,1,0
6902b,23807,982,2,0
6901b,23807,994,3,0
7772b,23807,1003,4,0
3443b,23807,1013,5,1
6903b,13855,1140,1,0
6902b,13855,1144,2,1
6903b,23351,750,1,0
6902b,23351,754,2,1
3443b,8247,660,1,0
7772b,8247,673,2,0
6901b,8247,682,3,0
6902b,8247,693,4,0
6903b,8247,697,5,1
3443b,3236,1065,1,0
7772b,3236,1078,2,0
6901b,3236,1087,3,0
6902b,3236,1098,4,0
6903b,3236,1102,5,1
6902b,8261,742,1,0
6903b,8261,746,2,1
6903b,3374,1200,1,0
6902b,3374,1207,2,0
6901b,3374,1219,3,0
7772b,3374,1228,4,0
3443b,3374,1238,5,1
6902b,8199,750,1,0
6901b,8199,762,2,0
3443b,8199,777,3,1
6903b,3314,975,1,0
6902b,3314,982,2,0
6901b,3314,994,3,0
7772b,3314,1003,4,0
3443b,3314,1013,5,1
3443b,8492,525,1,0
7772b,8492,538,2,0
6901b,8492,547,3,0
6902b,8492,558,4,0
6903b,8492,562,5,1
6903b,3611,1200,1,0
6902b,3611,1207,2,0
6901b,3611,1219,3,0
7772b,3611,1228,4,0
3443b,3611,1238,5,1
6903b,3061,525,1,0
6902b,3061,529,2,1
6903b,11812,930,1,0
6902b,11812,937,2,0
6901b,11812,949,3,0
7772b,11812,958,4,0
3443b,11812,968,5,1
6903b,3995,1035,1,0
6902b,3995,1039,2,1
6903b,3187,540,1,0
6902b,3187,547,2,0
6901b,3187,559,3,0
7772b,3187,568,4,0
3443b,3187,578,5,1
6902b,16046,1027,1,0
6903b,16046,1031,2,1
6903b,6790,1110,1,0
6902b,6790,1117,2,0
6901b,6790,1129,3,0
7772b,6790,1138,4,0
3443b,6790,1148,5,1
6903b,457,1065,1,0
6902b,457,1072,2,0
6901b,457,1084,3,0
7772b,457,1093,4,0
3443b,457,1103,5,1
6902b,20504,832,1,0
6903b,20504,836,2,1
3443b,4591,885,1,0
7772b,4591,898,2,0
6901b,4591,907,3,0
6902b,4591,918,4,0
6903b,4591,922,5,1
6903b,16225,465,1,0
6902b,16225,469,2,1
6902b,18259,1177,1,0
6903b,18259,1181,2,1
6903b,14028,525,1,0
6902b,14028,532,2,0
6901b,14028,544,3,0
7772b,14028,553,4,0
3443b,14028,563,5,1
6902b,18297,1072,1,0
6903b,18297,1076,2,1
6903b,16266,885,1,0
6902b,16266,892,2,0
6901b,16266,904,3,0
7772b,16266,913,4,0
3443b,16266,923,5,1
6903b,14033,840,1,0
6902b,14033,847,2,0
6901b,14033,859,3,0
7772b,14033,868,4,0
3443b,14033,878,5,1
6902b,16101,1147,1,0
6903b,16101,1151,2,1
6903b,16194,585,1,0
6902b,16194,592,2,0
6901b,16194,604,3,0
7772b,16194,613,4,0
3443b,16194,623,5,1
6903b,916,930,1,0
6902b,916,937,2,0
6901b,916,949,3,0
7772b,916,958,4,0
3443b,916,968,5,1
6903b,20019,450,1,0
6902b,20019,454,2,1
3443b,16433,1080,1,0
7772b,16433,1093,2,0
6902b,16433,1107,3,1
6903b,28907,750,1,0
6902b,28907,757,2,0
6901b,28907,769,3,0
7772b,28907,778,4,0
3443b,28907,788,5,1
6903b,18007,1155,1,0
6902b,18007,1159,2,1
6903b,20143,1095,1,0
6902b,20143,1099,2,1
6902b,20145,1117,1,0
6903b,20145,1121,2,1
3443b,12014,570,1,0
7772b,12014,583,2,0
6901b,12014,592,3,0
6902b,12014,603,4,0
6903b,12014,607,5,1
6903b,12034,615,1,0
6902b,12034,622,2,0
6901b,12034,634,3,0
7772b,12034,643,4,0
3443b,12034,653,5,1
6903b,8652,1050,1,0
6902b,8652,1054,2,1
3443b,12056,840,1,0
7772b,12056,853,2,0
6901b,12056,862,3,0
6902b,12056,873,4,0
6903b,12056,877,5,1
3443b,12065,975,1,0
7772b,12065,988,2,0
6901b,12065,997,3,0
6902b,12065,1008,4,0
6903b,12065,1012,5,1
3443b,16645,1110,1,0
7772b,16645,1123,2,0
6901b,16645,1132,3,0
6902b,16645,1143,4,0
6903b,16645,1147,5,1
3443b,8709,1065,1,0
7772b,8709,1078,2,0
6901b,8709,1087,3,0
6902b,8709,1098,4,0
6903b,8709,1102,5,1
6902b,4452,517,1,0
6903b,4452,521,2,1
6903b,2688,705,1,0
6902b,2688,712,2,0
6901b,2688,724,3,0
7772b,2688,733,4,0
3443b,2688,743,5,1
3443b,608,705,1,0
7772b,608,718,2,0
6901b,608,727,3,0
6902b,608,738,4,0
6903b,608,742,5,1
6902b,8871,487,1,0
6903b,8871,491,2,1
6903b,2647,510,1,0
6902b,2647,514,2,1
6903b,646,1155,1,0
6902b,646,1162,2,0
6901b,646,1174,3,0
7772b,646,1183,4,0
3443b,646,1193,5,1
3443b,2600,750,1,0
7772b,2600,763,2,0
6901b,2600,772,3,0
6902b,2600,783,4,0
6903b,2600,787,5,1
3443b,12314,1140,1,0
6901b,12314,1159,2,0
6902b,12314,1167,3,1
3443b,12218,840,1,0
7772b,12218,853,2,0
6901b,12218,862,3,0
6902b,12218,873,4,0
6903b,12218,877,5,1
3443b,12272,720,1,0
6901b,12272,739,2,0
6902b,12272,747,3,1
6903b,4326,975,1,0
6902b,4326,982,2,0
6901b,4326,994,3,0
7772b,4326,1003,4,0
3443b,4326,1013,5,1
3443b,14649,1020,1,0
7772b,14649,1033,2,0
6901b,14649,1042,3,0
6902b,14649,1053,4,0
6903b,14649,1057,5,1
3443b,26197,570,1,0
7772b,26197,583,2,0
6901b,26197,592,3,0
6902b,26197,603,4,0
6903b,26197,607,5,1
6902b,28458,727,1,0
6903b,28458,731,2,1
6903b,16832,795,1,0
6902b,16832,802,2,0
6901b,16832,814,3,0
7772b,16832,823,4,0
3443b,16832,833,5,1
3443b,30794,795,1,0
7772b,30794,808,2,0
6901b,30794,817,3,0
6902b,30794,828,4,0
6903b,30794,832,5,1
6902b,6250,1102,1,0
6903b,6250,1106,2,1
6903b,14983,480,1,0
6902b,14983,484,2,1
6903b,14796,675,1,0
6902b,14796,682,2,0
6901b,14796,694,3,0
7772b,14796,703,4,0
3443b,14796,713,5,1
6903b,28539,780,1,0
6902b,28539,784,2,1
6902b,6479,502,1,0
6903b,6479,506,2,1
3443b,26541,480,1,0
6901b,26541,499,2,0
6902b,26541,507,3,1
6903b,30306,630,1,0
6902b,30306,637,2,0
6901b,30306,649,3,0
7772b,30306,658,4,0
3443b,30306,668,5,1
3443b,14481,540,1,0
7772b,14481,553,2,0
6901b,14481,562,3,0
6902b,14481,573,4,0
6903b,14481,577,5,1
6903b,30425,1155,1,0
6902b,30425,1162,2,0
6901b,30425,1174,3,0
7772b,30425,1183,4,0
3443b,30425,1193,5,1
3443b,30524,615,1,0
7772b,30524,628,2,0
6901b,30524,637,3,0
6902b,30524,648,4,0
6903b,30524,652,5,1
