arret_id,trajet_id,heure_depart,stop_sequence,terminus
3889b,33691,410,1,0
1913b,33691,410,2,0
1741b,33691,411,3,0
1542b,33691,411,4,0
1891b,33691,412,5,0
3913b,33691,413,6,0
1896b,33691,413,7,0
1457b,33691,414,8,0
4835b,33691,415,9,0
3912b,33691,417,10,0
979b,33691,418,11,0
1996b,33691,418,12,0
1837b,33691,419,13,0
2254b,33691,421,14,0
2573b,33691,422,15,0
2248b,33691,422,16,0
2251b,33691,423,17,0
2270b,33691,424,18,0
2256b,33691,424,19,0
2275b,33691,426,20,0
5506b,33691,429,21,0
5374b,33691,430,22,0
3662b,33691,430,23,0
2180b,33691,431,24,0
3663b,33691,432,25,0
3666b,33691,433,26,0
3668b,33691,434,27,0
2166b,33691,435,28,0
2179b,33691,436,29,0
1717b,33691,436,30,0
2181b,33691,437,31,0
2171b,33691,438,32,0
2172b,33691,439,33,0
1954b,33691,440,34,0
2231b,33691,441,35,0
3671b,33691,442,36,0
3673b,33691,444,37,0
3675b,33691,444,38,0
5991b,33691,449,39,0
5989b,33691,451,40,0
5986b,33691,454,41,0
6425b,33691,455,42,0
5984b,33691,456,43,0
115b,33691,457,44,0
7281b,33691,460,45,1
7281b,17205,1060,1,0
5985b,17205,1062,2,0
6426b,17205,1062,3,0
5987b,17205,1063,4,0
5988b,17205,1065,5,0
5990b,17205,1066,6,0
6331b,17205,1068,7,0
3674b,17205,1069,8,0
3672b,17205,1070,9,0
4831b,17205,1071,10,0
3313b,17205,1072,11,0
1849b,17205,1072,12,0
1987b,17205,1073,13,0
2142b,17205,1074,14,0
646b,17205,1075,15,0
943b,17205,1075,16,0
3670b,17205,1076,17,0
3669b,17205,1077,18,0
3667b,17205,1078,19,0
3664b,17205,1079,20,0
3665b,17205,1079,21,0
5509b,17205,1082,22,0
5507b,17205,1082,23,0
2170b,17205,1085,24,0
2548b,17205,1086,25,0
1853b,17205,1087,26,0
2656b,17205,1087,27,0
2146b,17205,1087,28,0
1821b,17205,1088,29,0
2099b,17205,1090,30,0
494b,17205,1091,31,0
2589b,17205,1092,32,0
2128b,17205,1093,33,0
3911b,17205,1093,34,0
4834b,17205,1097,35,0
1460b,17205,1098,36,0
1906b,17205,1098,37,0
3914b,17205,1099,38,0
1089b,17205,1100,39,0
3432b,17205,1102,40,0
1802b,17205,1103,41,0
903b,17205,1104,42,0
3889b,17205,1105,43,1
3889b,18788,400,1,0
1913b,18788,400,2,0
1741b,18788,401,3,0
1542b,18788,401,4,0
1891b,18788,402,5,0
3913b,18788,403,6,0
1896b,18788,403,7,0
1457b,18788,404,8,0
4835b,18788,405,9,0
3912b,18788,407,10,0
979b,18788,408,11,0
1996b,18788,408,12,0
1837b,18788,409,13,0
2254b,18788,411,14,0
2573b,18788,412,15,0
2248b,18788,412,16,0
2251b,18788,413,17,0
2270b,18788,414,18,0
2256b,18788,414,19,0
2275b,18788,416,20,0
5506b,18788,419,21,0
5374b,18788,420,22,0
3662b,18788,420,23,0
2180b,18788,421,24,0
3663b,18788,422,25,0
3666b,18788,423,26,0
3668b,18788,424,27,0
2166b,18788,425,28,0
2179b,18788,426,29,0
1717b,18788,426,30,0
2181b,18788,427,31,0
2171b,18788,428,32,0
2172b,18788,429,33,0
1954b,18788,430,34,0
2231b,18788,431,35,0
3671b,18788,432,36,0
3673b,18788,434,37,0
3675b,18788,434,38,0
5991b,18788,439,39,0
5989b,18788,441,40,0
5986b,18788,444,41,0
6425b,18788,445,42,0
5984b,18788,446,43,0
115b,18788,447,44,0
7281b,18788,450,45,1
7281b,30704,730,1,0
5985b,30704,732,2,0
6426b,30704,732,3,0
5987b,30704,733,4,0
5988b,30704,735,5,0
5990b,30704,736,6,0
6331b,30704,738,7,0
3674b,30704,739,8,0
3672b,30704,740,9,0
4831b,30704,741,10,0
3313b,30704,742,11,0
1849b,30704,742,12,0
1987b,30704,743,13,0
2142b,30704,744,14,0
646b,30704,745,15,0
943b,30704,745,16,0
3670b,30704,746,17,0
3669b,30704,747,18,0
3667b,30704,748,19,0
3664b,30704,749,20,0
3665b,30704,749,21,0
5509b,30704,752,22,0
5507b,30704,752,23,0
2170b,30704,755,24,0
2548b,30704,756,25,0
1853b,30704,757,26,0
2656b,30704,757,27,0
2146b,30704,757,28,0
1821b,30704,758,29,0
2099b,30704,760,30,0
494b,30704,761,31,0
2589b,30704,762,32,0
2128b,30704,763,33,0
3911b,30704,763,34,0
4834b,30704,767,35,0
1460b,30704,768,36,0
1906b,30704,768,37,0
3914b,30704,769,38,0
1089b,30704,770,39,0
3432b,30704,772,40,0
1802b,30704,773,41,0
903b,30704,774,42,0
3889b,30704,775,43,1
