arret_id,trajet_id,heure_depart,stop_sequence,terminus
15117b,7,537,1,0
1971b,7,541,2,0
459b,7,543,3,0
3173b,7,544,4,0
15095b,7,548,5,0
6685b,7,555,6,1
15117b,3658,770,1,0
1971b,3658,774,2,0
459b,3658,776,3,0
3173b,3658,777,4,0
15095b,3658,781,5,0
6685b,3658,788,6,1
6685b,3689,1475,1,0
6832b,3689,1477,2,0
15090b,3689,1479,3,0
1965b,3689,1484,4,0
713b,3689,1484,5,0
310b,3689,1486,6,0
917b,3689,1486,7,0
2442b,3689,1488,8,0
15117b,3689,1491,9,1
6685b,24416,1455,1,0
6832b,24416,1457,2,0
15090b,24416,1459,3,0
1965b,24416,1464,4,0
713b,24416,1464,5,0
310b,24416,1466,6,0
917b,24416,1466,7,0
2442b,24416,1468,8,0
15117b,24416,1471,9,1
6685b,1072,502,1,0
6832b,1072,504,2,0
15090b,1072,507,3,0
1965b,1072,513,4,0
713b,1072,514,5,0
310b,1072,515,6,0
917b,1072,516,7,0
2442b,1072,519,8,0
15117b,1072,522,9,1
6685b,12424,630,1,0
6832b,12424,632,2,0
15090b,12424,635,3,0
1965b,12424,641,4,0
713b,12424,642,5,0
310b,12424,643,6,0
917b,12424,644,7,0
2442b,12424,647,8,0
15117b,12424,650,9,1
15117b,12365,485,1,0
1971b,12365,489,2,0
459b,12365,491,3,0
3173b,12365,492,4,0
15095b,12365,496,5,0
6685b,12365,503,6,1
15117b,36304,927,1,0
1971b,36304,931,2,0
459b,36304,933,3,0
3173b,36304,934,4,0
15095b,36304,938,5,0
6685b,36304,945,6,1
15117b,36382,455,1,0
1971b,36382,459,2,0
459b,36382,461,3,0
3173b,36382,462,4,0
15095b,36382,466,5,0
6685b,36382,473,6,1
15117b,3774,1137,1,0
1971b,3774,1141,2,0
459b,3774,1143,3,0
3173b,3774,1144,4,0
15095b,3774,1148,5,0
6685b,3774,1155,6,1
6685b,54,442,1,0
6832b,54,444,2,0
15090b,54,447,3,0
1965b,54,453,4,0
713b,54,454,5,0
310b,54,455,6,0
917b,54,456,7,0
2442b,54,459,8,0
15117b,54,462,9,1
6685b,36432,1495,1,0
6832b,36432,1497,2,0
15090b,36432,1499,3,0
1965b,36432,1504,4,0
713b,36432,1504,5,0
310b,36432,1506,6,0
917b,36432,1506,7,0
2442b,36432,1508,8,0
15117b,36432,1511,9,1
6685b,36413,562,1,0
6832b,36413,564,2,0
15090b,36413,567,3,0
1965b,36413,573,4,0
713b,36413,574,5,0
310b,36413,575,6,0
917b,36413,576,7,0
2442b,36413,579,8,0
15117b,36413,582,9,1
15117b,3802,432,1,0
1971b,3802,436,2,0
459b,3802,438,3,0
3173b,3802,439,4,0
15095b,3802,443,5,0
6685b,3802,450,6,1
15117b,36631,1115,1,0
1971b,36631,1119,2,0
459b,36631,1121,3,0
3173b,36631,1122,4,0
15095b,36631,1126,5,0
6685b,36631,1133,6,1
15117b,12668,357,1,0
1971b,12668,360,2,0
459b,12668,362,3,0
3173b,12668,362,4,0
15095b,12668,366,5,0
6685b,12668,371,6,1
15117b,12616,1430,1,0
1971b,12616,1434,2,0
459b,12616,1435,3,0
3173b,12616,1436,4,0
15095b,12616,1440,5,0
6685b,12616,1446,6,1
15117b,24604,1010,1,0
1971b,24604,1014,2,0
459b,24604,1016,3,0
3173b,24604,1017,4,0
15095b,24604,1021,5,0
6685b,24604,1028,6,1
15117b,36541,530,1,0
1971b,36541,534,2,0
459b,36541,536,3,0
3173b,36541,537,4,0
15095b,36541,541,5,0
6685b,36541,548,6,1
15117b,24553,1130,1,0
1971b,24553,1134,2,0
459b,24553,1136,3,0
3173b,24553,1137,4,0
15095b,24553,1141,5,0
6685b,24553,1148,6,1
6685b,36533,1395,1,0
6832b,36533,1397,2,0
15090b,36533,1399,3,0
1965b,36533,1404,4,0
713b,36533,1404,5,0
310b,36533,1406,6,0
917b,36533,1406,7,0
2442b,36533,1408,8,0
15117b,36533,1411,9,1
15117b,12728,1220,1,0
1971b,12728,1224,2,0
459b,12728,1225,3,0
3173b,12728,1226,4,0
15095b,12728,1230,5,0
6685b,12728,1236,6,1
15117b,1384,680,1,0
1971b,1384,684,2,0
459b,1384,686,3,0
3173b,1384,687,4,0
15095b,1384,691,5,0
6685b,1384,698,6,1
6685b,22117,1162,1,0
6832b,22117,1164,2,0
15090b,22117,1167,3,0
1965b,22117,1172,4,0
713b,22117,1173,5,0
310b,22117,1174,6,0
917b,22117,1175,7,0
2442b,22117,1177,8,0
15117b,22117,1180,9,1
15117b,34101,1340,1,0
1971b,34101,1344,2,0
459b,34101,1345,3,0
3173b,34101,1346,4,0
15095b,34101,1350,5,0
6685b,34101,1356,6,1
6685b,36764,675,1,0
6832b,36764,677,2,0
15090b,36764,680,3,0
1965b,36764,686,4,0
713b,36764,687,5,0
310b,36764,688,6,0
917b,36764,689,7,0
2442b,36764,692,8,0
15117b,36764,695,9,1
6685b,22129,615,1,0
6832b,22129,617,2,0
15090b,22129,620,3,0
1965b,22129,626,4,0
713b,22129,627,5,0
310b,22129,628,6,0
917b,22129,629,7,0
2442b,22129,632,8,0
15117b,22129,635,9,1
6685b,24786,1325,1,0
6832b,24786,1327,2,0
15090b,24786,1329,3,0
1965b,24786,1334,4,0
713b,24786,1334,5,0
310b,24786,1336,6,0
917b,24786,1336,7,0
2442b,24786,1338,8,0
15117b,24786,1341,9,1
15117b,24756,1320,1,0
1971b,24756,1324,2,0
459b,24756,1325,3,0
3173b,24756,1326,4,0
15095b,24756,1330,5,0
6685b,24756,1336,6,1
15117b,24748,1062,1,0
1971b,24748,1066,2,0
459b,24748,1068,3,0
3173b,24748,1069,4,0
15095b,24748,1073,5,0
6685b,24748,1080,6,1
15117b,36714,342,1,0
1971b,36714,345,2,0
459b,36714,347,3,0
3173b,36714,347,4,0
15095b,36714,351,5,0
6685b,36714,356,6,1
15117b,12741,642,1,0
1971b,12741,646,2,0
459b,12741,648,3,0
3173b,12741,649,4,0
15095b,12741,653,5,0
6685b,12741,660,6,1
15117b,10093,1320,1,0
1971b,10093,1324,2,0
459b,10093,1325,3,0
3173b,10093,1326,4,0
15095b,10093,1330,5,0
6685b,10093,1336,6,1
15117b,22052,612,1,0
1971b,22052,616,2,0
459b,22052,618,3,0
3173b,22052,619,4,0
15095b,22052,623,5,0
6685b,22052,630,6,1
15117b,10051,575,1,0
1971b,10051,579,2,0
459b,10051,581,3,0
3173b,10051,582,4,0
15095b,10051,586,5,0
6685b,10051,593,6,1
6685b,22043,1285,1,0
6832b,22043,1287,2,0
15090b,22043,1289,3,0
1965b,22043,1294,4,0
713b,22043,1294,5,0
310b,22043,1296,6,0
917b,22043,1296,7,0
2442b,22043,1298,8,0
15117b,22043,1301,9,1
6685b,10040,1057,1,0
6832b,10040,1059,2,0
15090b,10040,1062,3,0
1965b,10040,1068,4,0
713b,10040,1069,5,0
310b,10040,1070,6,0
917b,10040,1071,7,0
2442b,10040,1074,8,0
15117b,10040,1077,9,1
6685b,1407,307,1,0
6832b,1407,309,2,0
15090b,1407,311,3,0
1965b,1407,316,4,0
713b,1407,316,5,0
310b,1407,318,6,0
917b,1407,318,7,0
2442b,1407,320,8,0
15117b,1407,323,9,1
6685b,1434,1395,1,0
6832b,1434,1397,2,0
15090b,1434,1399,3,0
1965b,1434,1404,4,0
713b,1434,1404,5,0
310b,1434,1406,6,0
917b,1434,1406,7,0
2442b,1434,1408,8,0
15117b,1434,1411,9,1
15117b,1439,1175,1,0
1971b,1439,1179,2,0
459b,1439,1180,3,0
3173b,1439,1181,4,0
15095b,1439,1185,5,0
6685b,1439,1191,6,1
15117b,24823,627,1,0
1971b,24823,631,2,0
459b,24823,633,3,0
3173b,24823,634,4,0
15095b,24823,638,5,0
6685b,24823,645,6,1
5619b,1469,1381,1,0
698b,1469,1382,2,0
15071b,1469,1383,3,0
15073b,1469,1384,4,0
3825b,1469,1386,5,1
6685b,12841,645,1,0
6832b,12841,647,2,0
15090b,12841,650,3,0
1965b,12841,656,4,0
713b,12841,657,5,0
310b,12841,658,6,0
917b,12841,659,7,0
2442b,12841,662,8,0
15117b,12841,665,9,1
6685b,12821,900,1,0
6832b,12821,902,2,0
15090b,12821,905,3,0
1965b,12821,911,4,0
713b,12821,912,5,0
310b,12821,913,6,0
917b,12821,914,7,0
2442b,12821,917,8,0
15117b,12821,920,9,1
6685b,12806,532,1,0
6832b,12806,534,2,0
15090b,12806,537,3,0
1965b,12806,543,4,0
713b,12806,544,5,0
310b,12806,545,6,0
917b,12806,546,7,0
2442b,12806,549,8,0
15117b,12806,552,9,1
6685b,36846,825,1,0
6832b,36846,827,2,0
15090b,36846,830,3,0
1965b,36846,836,4,0
713b,36846,837,5,0
310b,36846,838,6,0
917b,36846,839,7,0
2442b,36846,842,8,0
15117b,36846,845,9,1
6685b,10226,375,1,0
6832b,10226,377,2,0
15090b,10226,380,3,0
1965b,10226,385,4,0
713b,10226,386,5,0
310b,10226,387,6,0
917b,10226,388,7,0
2442b,10226,390,8,0
15117b,10226,393,9,1
15117b,24833,867,1,0
1971b,24833,871,2,0
459b,24833,873,3,0
3173b,24833,874,4,0
15095b,24833,878,5,0
6685b,24833,885,6,1
6685b,12862,780,1,0
6832b,12862,782,2,0
15090b,12862,785,3,0
1965b,12862,791,4,0
713b,12862,792,5,0
310b,12862,793,6,0
917b,12862,794,7,0
2442b,12862,797,8,0
15117b,12862,800,9,1
3825b,34172,1310,1,0
15074b,34172,1313,2,0
15075b,34172,1316,3,0
534b,34172,1321,4,0
5617b,34172,1325,5,1
6685b,34135,1042,1,0
6832b,34135,1044,2,0
15090b,34135,1047,3,0
1965b,34135,1053,4,0
713b,34135,1054,5,0
310b,34135,1055,6,0
917b,34135,1056,7,0
2442b,34135,1059,8,0
15117b,34135,1062,9,1
6685b,34113,457,1,0
6832b,34113,459,2,0
15090b,34113,462,3,0
1965b,34113,468,4,0
713b,34113,469,5,0
310b,34113,470,6,0
917b,34113,471,7,0
2442b,34113,474,8,0
15117b,34113,477,9,1
15117b,10166,852,1,0
1971b,10166,856,2,0
459b,10166,858,3,0
3173b,10166,859,4,0
15095b,10166,863,5,0
6685b,10166,870,6,1
15117b,1519,575,1,0
1971b,1519,579,2,0
459b,1519,581,3,0
3173b,1519,582,4,0
15095b,1519,586,5,0
6685b,1519,593,6,1
15117b,24923,1230,1,0
1971b,24923,1234,2,0
459b,24923,1235,3,0
3173b,24923,1236,4,0
15095b,24923,1240,5,0
6685b,24923,1246,6,1
6685b,24904,1505,1,0
6832b,24904,1507,2,0
15090b,24904,1509,3,0
1965b,24904,1514,4,0
713b,24904,1514,5,0
310b,24904,1516,6,0
917b,24904,1516,7,0
2442b,24904,1518,8,0
15117b,24904,1521,9,1
15117b,10375,702,1,0
1971b,10375,706,2,0
459b,10375,708,3,0
3173b,10375,709,4,0
15095b,10375,713,5,0
6685b,10375,720,6,1
6685b,22367,1265,1,0
6832b,22367,1267,2,0
15090b,22367,1269,3,0
1965b,22367,1274,4,0
713b,22367,1274,5,0
310b,22367,1276,6,0
917b,22367,1276,7,0
2442b,22367,1278,8,0
15117b,22367,1281,9,1
15117b,36979,1390,1,0
1971b,36979,1394,2,0
459b,36979,1395,3,0
3173b,36979,1396,4,0
15095b,36979,1400,5,0
6685b,36979,1406,6,1
15117b,36971,440,1,0
1971b,36971,444,2,0
459b,36971,446,3,0
3173b,36971,447,4,0
15095b,36971,451,5,0
6685b,36971,458,6,1
15117b,22316,1450,1,0
1971b,22316,1454,2,0
459b,22316,1455,3,0
3173b,22316,1456,4,0
15095b,22316,1460,5,0
6685b,22316,1466,6,1
15117b,24979,815,1,0
1971b,24979,819,2,0
459b,24979,821,3,0
3173b,24979,822,4,0
15095b,24979,826,5,0
6685b,24979,833,6,1
15117b,24985,1107,1,0
1971b,24985,1111,2,0
459b,24985,1113,3,0
3173b,24985,1114,4,0
15095b,24985,1118,5,0
6685b,24985,1125,6,1
6685b,10342,375,1,0
6832b,10342,377,2,0
15090b,10342,380,3,0
1965b,10342,385,4,0
713b,10342,386,5,0
310b,10342,387,6,0
917b,10342,388,7,0
2442b,10342,390,8,0
15117b,10342,393,9,1
15117b,12970,1290,1,0
1971b,12970,1294,2,0
459b,12970,1295,3,0
3173b,12970,1296,4,0
15095b,12970,1300,5,0
6685b,12970,1306,6,1
15117b,10314,507,1,0
1971b,10314,511,2,0
459b,10314,513,3,0
3173b,10314,514,4,0
15095b,10314,518,5,0
6685b,10314,525,6,1
6685b,12985,1117,1,0
6832b,12985,1119,2,0
15090b,12985,1122,3,0
1965b,12985,1128,4,0
713b,12985,1129,5,0
310b,12985,1130,6,0
917b,12985,1131,7,0
2442b,12985,1134,8,0
15117b,12985,1137,9,1
15117b,22297,500,1,0
1971b,22297,504,2,0
459b,22297,506,3,0
3173b,22297,507,4,0
15095b,22297,511,5,0
6685b,22297,518,6,1
15117b,22293,402,1,0
1971b,22293,406,2,0
459b,22293,407,3,0
3173b,22293,408,4,0
15095b,22293,412,5,0
6685b,22293,418,6,1
15117b,34274,837,1,0
1971b,34274,841,2,0
459b,34274,843,3,0
3173b,34274,844,4,0
15095b,34274,848,5,0
6685b,34274,855,6,1
15117b,1694,350,1,0
1971b,1694,353,2,0
459b,1694,355,3,0
3173b,1694,355,4,0
15095b,1694,359,5,0
6685b,1694,364,6,1
15117b,34450,1205,1,0
1971b,34450,1209,2,0
459b,34450,1210,3,0
3173b,34450,1211,4,0
15095b,34450,1215,5,0
6685b,34450,1221,6,1
6685b,34454,945,1,0
6832b,34454,947,2,0
15090b,34454,950,3,0
1965b,34454,956,4,0
713b,34454,957,5,0
310b,34454,958,6,0
917b,34454,959,7,0
2442b,34454,962,8,0
15117b,34454,965,9,1
6685b,10454,765,1,0
6832b,10454,767,2,0
15090b,10454,770,3,0
1965b,10454,776,4,0
713b,10454,777,5,0
310b,10454,778,6,0
917b,10454,779,7,0
2442b,10454,782,8,0
15117b,10454,785,9,1
6685b,22412,600,1,0
6832b,22412,602,2,0
15090b,22412,605,3,0
1965b,22412,611,4,0
713b,22412,612,5,0
310b,22412,613,6,0
917b,22412,614,7,0
2442b,22412,617,8,0
15117b,22412,620,9,1
6685b,22389,367,1,0
6832b,22389,369,2,0
15090b,22389,372,3,0
1965b,22389,377,4,0
713b,22389,378,5,0
310b,22389,379,6,0
917b,22389,380,7,0
2442b,22389,382,8,0
15117b,22389,385,9,1
15117b,34356,492,1,0
1971b,34356,496,2,0
459b,34356,498,3,0
3173b,34356,499,4,0
15095b,34356,503,5,0
6685b,34356,510,6,1
6685b,1789,1445,1,0
6832b,1789,1447,2,0
15090b,1789,1449,3,0
1965b,1789,1454,4,0
713b,1789,1454,5,0
310b,1789,1456,6,0
917b,1789,1456,7,0
2442b,1789,1458,8,0
15117b,1789,1461,9,1
15117b,10539,755,1,0
1971b,10539,759,2,0
459b,10539,761,3,0
3173b,10539,762,4,0
15095b,10539,766,5,0
6685b,10539,773,6,1
6685b,10502,472,1,0
6832b,10502,474,2,0
15090b,10502,477,3,0
1965b,10502,483,4,0
713b,10502,484,5,0
310b,10502,485,6,0
917b,10502,486,7,0
2442b,10502,489,8,0
15117b,10502,492,9,1
6685b,34576,817,1,0
6832b,34576,819,2,0
15090b,34576,822,3,0
1965b,34576,828,4,0
713b,34576,829,5,0
310b,34576,830,6,0
917b,34576,831,7,0
2442b,34576,834,8,0
15117b,34576,837,9,1
15117b,22557,1330,1,0
1971b,22557,1334,2,0
459b,22557,1335,3,0
3173b,22557,1336,4,0
15095b,22557,1340,5,0
6685b,22557,1346,6,1
15117b,1808,1420,1,0
1971b,1808,1424,2,0
459b,1808,1425,3,0
3173b,1808,1426,4,0
15095b,1808,1430,5,0
6685b,1808,1436,6,1
6685b,10646,960,1,0
6832b,10646,962,2,0
15090b,10646,965,3,0
1965b,10646,971,4,0
713b,10646,972,5,0
310b,10646,973,6,0
917b,10646,974,7,0
2442b,10646,977,8,0
15117b,10646,980,9,1
15117b,10626,950,1,0
1971b,10626,954,2,0
459b,10626,956,3,0
3173b,10626,957,4,0
15095b,10626,961,5,0
6685b,10626,968,6,1
15117b,20031,927,1,0
1971b,20031,931,2,0
459b,20031,933,3,0
3173b,20031,934,4,0
15095b,20031,938,5,0
6685b,20031,945,6,1
15117b,34655,845,1,0
1971b,34655,849,2,0
459b,34655,851,3,0
3173b,34655,852,4,0
15095b,34655,856,5,0
6685b,34655,863,6,1
6685b,19007,322,1,0
6832b,19007,324,2,0
15090b,19007,326,3,0
1965b,19007,331,4,0
713b,19007,331,5,0
310b,19007,333,6,0
917b,19007,333,7,0
2442b,19007,335,8,0
15117b,19007,338,9,1
15117b,20003,980,1,0
1971b,20003,984,2,0
459b,20003,986,3,0
3173b,20003,987,4,0
15095b,20003,991,5,0
6685b,20003,998,6,1
6685b,1901,480,1,0
6832b,1901,482,2,0
15090b,1901,485,3,0
1965b,1901,491,4,0
713b,1901,492,5,0
310b,1901,493,6,0
917b,1901,494,7,0
2442b,1901,497,8,0
15117b,1901,500,9,1
6685b,1918,1065,1,0
6832b,1918,1067,2,0
15090b,1918,1070,3,0
1965b,1918,1076,4,0
713b,1918,1077,5,0
310b,1918,1078,6,0
917b,1918,1079,7,0
2442b,1918,1082,8,0
15117b,1918,1085,9,1
6685b,22768,382,1,0
6832b,22768,384,2,0
15090b,22768,387,3,0
1965b,22768,392,4,0
713b,22768,393,5,0
310b,22768,394,6,0
917b,22768,395,7,0
2442b,22768,397,8,0
15117b,22768,400,9,1
6685b,32146,300,1,0
6832b,32146,302,2,0
15090b,32146,304,3,0
1965b,32146,309,4,0
713b,32146,309,5,0
310b,32146,311,6,0
917b,32146,311,7,0
2442b,32146,313,8,0
15117b,32146,316,9,1
15117b,20136,725,1,0
1971b,20136,729,2,0
459b,20136,731,3,0
3173b,20136,732,4,0
15095b,20136,736,5,0
6685b,20136,743,6,1
15117b,19145,1240,1,0
1971b,19145,1244,2,0
459b,19145,1245,3,0
3173b,19145,1246,4,0
15095b,19145,1250,5,0
6685b,19145,1256,6,1
6685b,34784,682,1,0
6832b,34784,684,2,0
15090b,34784,687,3,0
1965b,34784,693,4,0
713b,34784,694,5,0
310b,34784,695,6,0
917b,34784,696,7,0
2442b,34784,699,8,0
15117b,34784,702,9,1
6685b,20077,1125,1,0
6832b,20077,1127,2,0
15090b,20077,1130,3,0
1965b,20077,1136,4,0
713b,20077,1137,5,0
310b,20077,1138,6,0
917b,20077,1139,7,0
2442b,20077,1142,8,0
15117b,20077,1145,9,1
6685b,32054,997,1,0
6832b,32054,999,2,0
15090b,32054,1002,3,0
1965b,32054,1008,4,0
713b,32054,1009,5,0
310b,32054,1010,6,0
917b,32054,1011,7,0
2442b,32054,1014,8,0
15117b,32054,1017,9,1
6685b,10896,840,1,0
6832b,10896,842,2,0
15090b,10896,845,3,0
1965b,10896,851,4,0
713b,10896,852,5,0
310b,10896,853,6,0
917b,10896,854,7,0
2442b,10896,857,8,0
15117b,10896,860,9,1
6685b,10886,472,1,0
6832b,10886,474,2,0
15090b,10886,477,3,0
1965b,10886,483,4,0
713b,10886,484,5,0
310b,10886,485,6,0
917b,10886,486,7,0
2442b,10886,489,8,0
15117b,10886,492,9,1
6685b,10868,315,1,0
6832b,10868,317,2,0
15090b,10868,319,3,0
1965b,10868,324,4,0
713b,10868,324,5,0
310b,10868,326,6,0
917b,10868,326,7,0
2442b,10868,328,8,0
15117b,10868,331,9,1
6685b,34801,555,1,0
6832b,34801,557,2,0
15090b,34801,560,3,0
1965b,34801,566,4,0
713b,34801,567,5,0
310b,34801,568,6,0
917b,34801,569,7,0
2442b,34801,572,8,0
15117b,34801,575,9,1
6685b,20284,1215,1,0
6832b,20284,1217,2,0
15090b,20284,1220,3,0
1965b,20284,1225,4,0
713b,20284,1226,5,0
310b,20284,1227,6,0
917b,20284,1228,7,0
2442b,20284,1230,8,0
15117b,20284,1233,9,1
6685b,20253,990,1,0
6832b,20253,992,2,0
15090b,20253,995,3,0
1965b,20253,1001,4,0
713b,20253,1002,5,0
310b,20253,1003,6,0
917b,20253,1004,7,0
2442b,20253,1007,8,0
15117b,20253,1010,9,1
15117b,19261,635,1,0
1971b,19261,639,2,0
459b,19261,641,3,0
3173b,19261,642,4,0
15095b,19261,646,5,0
6685b,19261,653,6,1
15117b,32233,635,1,0
1971b,32233,639,2,0
459b,32233,641,3,0
3173b,32233,642,4,0
15095b,32233,646,5,0
6685b,32233,653,6,1
15117b,22897,672,1,0
1971b,22897,676,2,0
459b,22897,678,3,0
3173b,22897,679,4,0
15095b,22897,683,5,0
6685b,22897,690,6,1
6685b,34875,937,1,0
6832b,34875,939,2,0
15090b,34875,942,3,0
1965b,34875,948,4,0
713b,34875,949,5,0
310b,34875,950,6,0
917b,34875,951,7,0
2442b,34875,954,8,0
15117b,34875,957,9,1
5619b,32216,1351,1,0
698b,32216,1352,2,0
15071b,32216,1353,3,0
15073b,32216,1354,4,0
3825b,32216,1356,5,1
15117b,20196,545,1,0
1971b,20196,549,2,0
459b,20196,551,3,0
3173b,20196,552,4,0
15095b,20196,556,5,0
6685b,20196,563,6,1
6685b,34977,1195,1,0
6832b,34977,1197,2,0
15090b,34977,1200,3,0
1965b,34977,1205,4,0
713b,34977,1206,5,0
310b,34977,1207,6,0
917b,34977,1208,7,0
2442b,34977,1210,8,0
15117b,34977,1213,9,1
6685b,19309,345,1,0
6832b,19309,347,2,0
15090b,19309,349,3,0
1965b,19309,354,4,0
713b,19309,354,5,0
310b,19309,356,6,0
917b,19309,356,7,0
2442b,19309,358,8,0
15117b,19309,361,9,1
15117b,20302,1340,1,0
1971b,20302,1344,2,0
459b,20302,1345,3,0
3173b,20302,1346,4,0
15095b,20302,1350,5,0
6685b,20302,1356,6,1
15117b,10959,515,1,0
1971b,10959,519,2,0
459b,10959,521,3,0
3173b,10959,522,4,0
15095b,10959,526,5,0
6685b,10959,533,6,1
6685b,34909,1345,1,0
6832b,34909,1347,2,0
15090b,34909,1349,3,0
1965b,34909,1354,4,0
713b,34909,1354,5,0
310b,34909,1356,6,0
917b,34909,1356,7,0
2442b,34909,1358,8,0
15117b,34909,1361,9,1
6685b,32341,390,1,0
6832b,32341,392,2,0
15090b,32341,395,3,0
1965b,32341,400,4,0
713b,32341,401,5,0
310b,32341,402,6,0
917b,32341,403,7,0
2442b,32341,405,8,0
15117b,32341,408,9,1
15117b,19373,380,1,0
1971b,19373,384,2,0
459b,19373,385,3,0
3173b,19373,386,4,0
15095b,19373,390,5,0
6685b,19373,396,6,1
6685b,8017,420,1,0
6832b,8017,422,2,0
15090b,8017,425,3,0
1965b,8017,431,4,0
713b,8017,432,5,0
310b,8017,433,6,0
917b,8017,434,7,0
2442b,8017,437,8,0
15117b,8017,440,9,1
6685b,8036,1415,1,0
6832b,8036,1417,2,0
15090b,8036,1419,3,0
1965b,8036,1424,4,0
713b,8036,1424,5,0
310b,8036,1426,6,0
917b,8036,1426,7,0
2442b,8036,1428,8,0
15117b,8036,1431,9,1
6685b,32445,840,1,0
6832b,32445,842,2,0
15090b,32445,845,3,0
1965b,32445,851,4,0
713b,32445,852,5,0
310b,32445,853,6,0
917b,32445,854,7,0
2442b,32445,857,8,0
15117b,32445,860,9,1
6685b,32404,412,1,0
6832b,32404,414,2,0
15090b,32404,417,3,0
1965b,32404,422,4,0
713b,32404,423,5,0
310b,32404,424,6,0
917b,32404,425,7,0
2442b,32404,427,8,0
15117b,32404,430,9,1
6685b,19406,637,1,0
6832b,19406,639,2,0
15090b,19406,642,3,0
1965b,19406,648,4,0
713b,19406,649,5,0
310b,19406,650,6,0
917b,19406,651,7,0
2442b,19406,654,8,0
15117b,19406,657,9,1
15117b,20400,1122,1,0
1971b,20400,1126,2,0
459b,20400,1128,3,0
3173b,20400,1129,4,0
15095b,20400,1133,5,0
6685b,20400,1140,6,1
6685b,8136,435,1,0
6832b,8136,437,2,0
15090b,8136,440,3,0
1965b,8136,446,4,0
713b,8136,447,5,0
310b,8136,448,6,0
917b,8136,449,7,0
2442b,8136,452,8,0
15117b,8136,455,9,1
6685b,8154,1375,1,0
6832b,8154,1377,2,0
15090b,8154,1379,3,0
1965b,8154,1384,4,0
713b,8154,1384,5,0
310b,8154,1386,6,0
917b,8154,1386,7,0
2442b,8154,1388,8,0
15117b,8154,1391,9,1
15117b,32554,695,1,0
1971b,32554,699,2,0
459b,32554,701,3,0
3173b,32554,702,4,0
15095b,32554,706,5,0
6685b,32554,713,6,1
6685b,20532,577,1,0
6832b,20532,579,2,0
15090b,20532,582,3,0
1965b,20532,588,4,0
713b,20532,589,5,0
310b,20532,590,6,0
917b,20532,591,7,0
2442b,20532,594,8,0
15117b,20532,597,9,1
15117b,20540,1025,1,0
1971b,20540,1029,2,0
459b,20540,1031,3,0
3173b,20540,1032,4,0
15095b,20540,1036,5,0
6685b,20540,1043,6,1
15117b,8289,582,1,0
1971b,8289,586,2,0
459b,8289,588,3,0
3173b,8289,589,4,0
15095b,8289,593,5,0
6685b,8289,600,6,1
15117b,8285,1070,1,0
1971b,8285,1074,2,0
459b,8285,1076,3,0
3173b,8285,1077,4,0
15095b,8285,1081,5,0
6685b,8285,1088,6,1
15117b,30012,1032,1,0
1971b,30012,1036,2,0
459b,30012,1038,3,0
3173b,30012,1039,4,0
15095b,30012,1043,5,0
6685b,30012,1050,6,1
15117b,17022,1085,1,0
1971b,17022,1089,2,0
459b,17022,1091,3,0
3173b,17022,1092,4,0
15095b,17022,1096,5,0
6685b,17022,1103,6,1
15117b,19695,1410,1,0
1971b,19695,1414,2,0
459b,19695,1415,3,0
3173b,19695,1416,4,0
15095b,19695,1420,5,0
6685b,19695,1426,6,1
6685b,20653,1185,1,0
6832b,20653,1187,2,0
15090b,20653,1190,3,0
1965b,20653,1195,4,0
713b,20653,1196,5,0
310b,20653,1197,6,0
917b,20653,1198,7,0
2442b,20653,1200,8,0
15117b,20653,1203,9,1
15117b,17013,762,1,0
1971b,17013,766,2,0
459b,17013,768,3,0
3173b,17013,769,4,0
15095b,17013,773,5,0
6685b,17013,780,6,1
15117b,32620,320,1,0
1971b,32620,323,2,0
459b,32620,325,3,0
3173b,32620,325,4,0
15095b,32620,329,5,0
6685b,32620,334,6,1
6685b,32628,1325,1,0
6832b,32628,1327,2,0
15090b,32628,1329,3,0
1965b,32628,1334,4,0
713b,32628,1334,5,0
310b,32628,1336,6,0
917b,32628,1336,7,0
2442b,32628,1338,8,0
15117b,32628,1341,9,1
15117b,30079,1270,1,0
1971b,30079,1274,2,0
459b,30079,1275,3,0
3173b,30079,1276,4,0
15095b,30079,1280,5,0
6685b,30079,1286,6,1
15117b,29067,1047,1,0
1971b,29067,1051,2,0
459b,29067,1053,3,0
3173b,29067,1054,4,0
15095b,29067,1058,5,0
6685b,29067,1065,6,1
15117b,17093,807,1,0
1971b,17093,811,2,0
459b,17093,813,3,0
3173b,17093,814,4,0
15095b,17093,818,5,0
6685b,17093,825,6,1
15117b,17067,567,1,0
1971b,17067,571,2,0
459b,17067,573,3,0
3173b,17067,574,4,0
15095b,17067,578,5,0
6685b,17067,585,6,1
15117b,29055,1480,1,0
1971b,29055,1484,2,0
459b,29055,1485,3,0
3173b,29055,1486,4,0
15095b,29055,1490,5,0
6685b,29055,1496,6,1
6685b,8335,337,1,0
6832b,8335,339,2,0
15090b,8335,341,3,0
1965b,8335,346,4,0
713b,8335,346,5,0
310b,8335,348,6,0
917b,8335,348,7,0
2442b,8335,350,8,0
15117b,8335,353,9,1
15117b,19606,1212,1,0
1971b,19606,1216,2,0
459b,19606,1217,3,0
3173b,19606,1218,4,0
15095b,19606,1222,5,0
6685b,19606,1228,6,1
15117b,17175,1350,1,0
1971b,17175,1354,2,0
459b,17175,1355,3,0
3173b,17175,1356,4,0
15095b,17175,1360,5,0
6685b,17175,1366,6,1
15117b,29159,1145,1,0
1971b,29159,1149,2,0
459b,29159,1150,3,0
3173b,29159,1151,4,0
15095b,29159,1155,5,0
6685b,29159,1161,6,1
6685b,17151,1465,1,0
6832b,17151,1467,2,0
15090b,17151,1469,3,0
1965b,17151,1474,4,0
713b,17151,1474,5,0
310b,17151,1476,6,0
917b,17151,1476,7,0
2442b,17151,1478,8,0
15117b,17151,1481,9,1
15117b,29139,380,1,0
1971b,29139,384,2,0
459b,29139,385,3,0
3173b,29139,386,4,0
15095b,29139,390,5,0
6685b,29139,396,6,1
15117b,20776,507,1,0
1971b,20776,511,2,0
459b,20776,513,3,0
3173b,20776,514,4,0
15095b,20776,518,5,0
6685b,20776,525,6,1
6685b,29113,1155,1,0
6832b,29113,1157,2,0
15090b,29113,1160,3,0
1965b,29113,1165,4,0
713b,29113,1166,5,0
310b,29113,1167,6,0
917b,29113,1168,7,0
2442b,29113,1170,8,0
15117b,29113,1173,9,1
15117b,32749,785,1,0
1971b,32749,789,2,0
459b,32749,791,3,0
3173b,32749,792,4,0
15095b,32749,796,5,0
6685b,32749,803,6,1
6685b,17105,1065,1,0
6832b,17105,1067,2,0
15090b,17105,1070,3,0
1965b,17105,1076,4,0
713b,17105,1077,5,0
310b,17105,1078,6,0
917b,17105,1079,7,0
2442b,17105,1082,8,0
15117b,17105,1085,9,1
6685b,30189,1195,1,0
6832b,30189,1197,2,0
15090b,30189,1200,3,0
1965b,30189,1205,4,0
713b,30189,1206,5,0
310b,30189,1207,6,0
917b,30189,1208,7,0
2442b,30189,1210,8,0
15117b,30189,1213,9,1
6685b,29193,727,1,0
6832b,29193,729,2,0
15090b,29193,732,3,0
1965b,29193,738,4,0
713b,29193,739,5,0
310b,29193,740,6,0
917b,29193,741,7,0
2442b,29193,744,8,0
15117b,29193,747,9,1
6685b,29161,1385,1,0
6832b,29161,1387,2,0
15090b,29161,1389,3,0
1965b,29161,1394,4,0
713b,29161,1394,5,0
310b,29161,1396,6,0
917b,29161,1396,7,0
2442b,29161,1398,8,0
15117b,29161,1401,9,1
15117b,8406,710,1,0
1971b,8406,714,2,0
459b,8406,716,3,0
3173b,8406,717,4,0
15095b,8406,721,5,0
6685b,8406,728,6,1
15117b,8469,1260,1,0
1971b,8469,1264,2,0
459b,8469,1265,3,0
3173b,8469,1266,4,0
15095b,8469,1270,5,0
6685b,8469,1276,6,1
6685b,8472,997,1,0
6832b,8472,999,2,0
15090b,8472,1002,3,0
1965b,8472,1008,4,0
713b,8472,1009,5,0
310b,8472,1010,6,0
917b,8472,1011,7,0
2442b,8472,1014,8,0
15117b,8472,1017,9,1
15117b,20736,920,1,0
1971b,20736,924,2,0
459b,20736,926,3,0
3173b,20736,927,4,0
15095b,20736,931,5,0
6685b,20736,938,6,1
6685b,32728,825,1,0
6832b,32728,827,2,0
15090b,32728,830,3,0
1965b,32728,836,4,0
713b,32728,837,5,0
310b,32728,838,6,0
917b,32728,839,7,0
2442b,32728,842,8,0
15117b,32728,845,9,1
6685b,20749,1295,1,0
6832b,20749,1297,2,0
15090b,20749,1299,3,0
1965b,20749,1304,4,0
713b,20749,1304,5,0
310b,20749,1306,6,0
917b,20749,1306,7,0
2442b,20749,1308,8,0
15117b,20749,1311,9,1
15117b,20748,605,1,0
1971b,20748,609,2,0
459b,20748,611,3,0
3173b,20748,612,4,0
15095b,20748,616,5,0
6685b,20748,623,6,1
15117b,32700,987,1,0
1971b,32700,991,2,0
459b,32700,993,3,0
3173b,32700,994,4,0
15095b,32700,998,5,0
6685b,32700,1005,6,1
15117b,20724,1260,1,0
1971b,20724,1264,2,0
459b,20724,1265,3,0
3173b,20724,1266,4,0
15095b,20724,1270,5,0
6685b,20724,1276,6,1
15117b,20721,1280,1,0
1971b,20721,1284,2,0
459b,20721,1285,3,0
3173b,20721,1286,4,0
15095b,20721,1290,5,0
6685b,20721,1296,6,1
6685b,19716,442,1,0
6832b,19716,444,2,0
15090b,19716,447,3,0
1965b,19716,453,4,0
713b,19716,454,5,0
310b,19716,455,6,0
917b,19716,456,7,0
2442b,19716,459,8,0
15117b,19716,462,9,1
15117b,32898,717,1,0
1971b,32898,721,2,0
459b,32898,723,3,0
3173b,32898,724,4,0
15095b,32898,728,5,0
6685b,32898,735,6,1
15117b,20894,1077,1,0
1971b,20894,1081,2,0
459b,20894,1083,3,0
3173b,20894,1084,4,0
15095b,20894,1088,5,0
6685b,20894,1095,6,1
15117b,30210,567,1,0
1971b,30210,571,2,0
459b,30210,573,3,0
3173b,30210,574,4,0
15095b,30210,578,5,0
6685b,30210,585,6,1
15117b,29207,350,1,0
1971b,29207,353,2,0
459b,29207,355,3,0
3173b,29207,355,4,0
15095b,29207,359,5,0
6685b,29207,364,6,1
15117b,19896,732,1,0
1971b,19896,736,2,0
459b,19896,738,3,0
3173b,19896,739,4,0
15095b,19896,743,5,0
6685b,19896,750,6,1
15117b,32840,890,1,0
1971b,32840,894,2,0
459b,32840,896,3,0
3173b,32840,897,4,0
15095b,32840,901,5,0
6685b,32840,908,6,1
6685b,20860,757,1,0
6832b,20860,759,2,0
15090b,20860,762,3,0
1965b,20860,768,4,0
713b,20860,769,5,0
310b,20860,770,6,0
917b,20860,771,7,0
2442b,20860,774,8,0
15117b,20860,777,9,1
6685b,20844,930,1,0
6832b,20844,932,2,0
15090b,20844,935,3,0
1965b,20844,941,4,0
713b,20844,942,5,0
310b,20844,943,6,0
917b,20844,944,7,0
2442b,20844,947,8,0
15117b,20844,950,9,1
6685b,19834,870,1,0
6832b,19834,872,2,0
15090b,19834,875,3,0
1965b,19834,881,4,0
713b,19834,882,5,0
310b,19834,883,6,0
917b,19834,884,7,0
2442b,19834,887,8,0
15117b,19834,890,9,1
6685b,30364,1355,1,0
6832b,30364,1357,2,0
15090b,30364,1359,3,0
1965b,30364,1364,4,0
713b,30364,1364,5,0
310b,30364,1366,6,0
917b,30364,1366,7,0
2442b,30364,1368,8,0
15117b,30364,1371,9,1
15117b,17392,957,1,0
1971b,17392,961,2,0
459b,17392,963,3,0
3173b,17392,964,4,0
15095b,17392,968,5,0
6685b,17392,975,6,1
15117b,32986,590,1,0
1971b,32986,594,2,0
459b,32986,596,3,0
3173b,32986,597,4,0
15095b,32986,601,5,0
6685b,32986,608,6,1
15117b,6005,905,1,0
1971b,6005,909,2,0
459b,6005,911,3,0
3173b,6005,912,4,0
15095b,6005,916,5,0
6685b,6005,923,6,1
15117b,8680,822,1,0
1971b,8680,826,2,0
459b,8680,828,3,0
3173b,8680,829,4,0
15095b,8680,833,5,0
6685b,8680,840,6,1
6685b,6057,1005,1,0
6832b,6057,1007,2,0
15090b,6057,1010,3,0
1965b,6057,1016,4,0
713b,6057,1017,5,0
310b,6057,1018,6,0
917b,6057,1019,7,0
2442b,6057,1022,8,0
15117b,6057,1025,9,1
15117b,30300,672,1,0
1971b,30300,676,2,0
459b,30300,678,3,0
3173b,30300,679,4,0
15095b,30300,683,5,0
6685b,30300,690,6,1
15117b,20985,785,1,0
1971b,20985,789,2,0
459b,20985,791,3,0
3173b,20985,792,4,0
15095b,20985,796,5,0
6685b,20985,803,6,1
15117b,20965,417,1,0
1971b,20965,421,2,0
459b,20965,422,3,0
3173b,20965,423,4,0
15095b,20965,427,5,0
6685b,20965,433,6,1
15117b,17489,1070,1,0
1971b,17489,1074,2,0
459b,17489,1076,3,0
3173b,17489,1077,4,0
15095b,17489,1081,5,0
6685b,17489,1088,6,1
6685b,29452,607,1,0
6832b,29452,609,2,0
15090b,29452,612,3,0
1965b,29452,618,4,0
713b,29452,619,5,0
310b,29452,620,6,0
917b,29452,621,7,0
2442b,29452,624,8,0
15117b,29452,627,9,1
6685b,8705,660,1,0
6832b,8705,662,2,0
15090b,8705,665,3,0
1965b,8705,671,4,0
713b,8705,672,5,0
310b,8705,673,6,0
917b,8705,674,7,0
2442b,8705,677,8,0
15117b,8705,680,9,1
6685b,8761,1110,1,0
6832b,8761,1112,2,0
15090b,8761,1115,3,0
1965b,8761,1121,4,0
713b,8761,1122,5,0
310b,8761,1123,6,0
917b,8761,1124,7,0
2442b,8761,1127,8,0
15117b,8761,1130,9,1
6685b,6129,420,1,0
6832b,6129,422,2,0
15090b,6129,425,3,0
1965b,6129,431,4,0
713b,6129,432,5,0
310b,6129,433,6,0
917b,6129,434,7,0
2442b,6129,437,8,0
15117b,6129,440,9,1
15117b,30404,1182,1,0
1971b,30404,1186,2,0
459b,30404,1187,3,0
3173b,30404,1188,4,0
15095b,30404,1192,5,0
6685b,30404,1198,6,1
6685b,29577,1255,1,0
6832b,29577,1257,2,0
15090b,29577,1260,3,0
1965b,29577,1265,4,0
713b,29577,1266,5,0
310b,29577,1267,6,0
917b,29577,1268,7,0
2442b,29577,1270,8,0
15117b,29577,1273,9,1
6685b,30559,862,1,0
6832b,30559,864,2,0
15090b,30559,867,3,0
1965b,30559,873,4,0
713b,30559,874,5,0
310b,30559,875,6,0
917b,30559,876,7,0
2442b,30559,879,8,0
15117b,30559,882,9,1
6685b,8848,390,1,0
6832b,8848,392,2,0
15090b,8848,395,3,0
1965b,8848,400,4,0
713b,8848,401,5,0
310b,8848,402,6,0
917b,8848,403,7,0
2442b,8848,405,8,0
15117b,8848,408,9,1
6685b,6265,300,1,0
6832b,6265,302,2,0
15090b,6265,304,3,0
1965b,6265,309,4,0
713b,6265,309,5,0
310b,6265,311,6,0
917b,6265,311,7,0
2442b,6265,313,8,0
15117b,6265,316,9,1
5619b,6289,1411,1,0
698b,6289,1412,2,0
15071b,6289,1413,3,0
15073b,6289,1414,4,0
3825b,6289,1416,5,1
6685b,30546,570,1,0
6832b,30546,572,2,0
15090b,30546,575,3,0
1965b,30546,581,4,0
713b,30546,582,5,0
310b,30546,583,6,0
917b,30546,584,7,0
2442b,30546,587,8,0
15117b,30546,590,9,1
3825b,29528,1340,1,0
15074b,29528,1343,2,0
15075b,29528,1346,3,0
534b,29528,1351,4,0
5617b,29528,1355,5,1
15117b,29537,1380,1,0
1971b,29537,1384,2,0
459b,29537,1385,3,0
3173b,29537,1386,4,0
15095b,29537,1390,5,0
6685b,29537,1396,6,1
6685b,15086,1170,1,0
6832b,15086,1172,2,0
15090b,15086,1175,3,0
1965b,15086,1180,4,0
713b,15086,1181,5,0
310b,15086,1182,6,0
917b,15086,1183,7,0
2442b,15086,1185,8,0
15117b,15086,1188,9,1
6685b,27068,1035,1,0
6832b,27068,1037,2,0
15090b,27068,1040,3,0
1965b,27068,1046,4,0
713b,27068,1047,5,0
310b,27068,1048,6,0
917b,27068,1049,7,0
2442b,27068,1052,8,0
15117b,27068,1055,9,1
15117b,27055,1212,1,0
1971b,27055,1216,2,0
459b,27055,1217,3,0
3173b,27055,1218,4,0
15095b,27055,1222,5,0
6685b,27055,1228,6,1
15117b,15041,1002,1,0
1971b,15041,1006,2,0
459b,15041,1008,3,0
3173b,15041,1009,4,0
15095b,15041,1013,5,0
6685b,15041,1020,6,1
6685b,8907,922,1,0
6832b,8907,924,2,0
15090b,8907,927,3,0
1965b,8907,933,4,0
713b,8907,934,5,0
310b,8907,935,6,0
917b,8907,936,7,0
2442b,8907,939,8,0
15117b,8907,942,9,1
15117b,30680,740,1,0
1971b,30680,744,2,0
459b,30680,746,3,0
3173b,30680,747,4,0
15095b,30680,751,5,0
6685b,30680,758,6,1
15117b,8906,665,1,0
1971b,8906,669,2,0
459b,8906,671,3,0
3173b,8906,672,4,0
15095b,8906,676,5,0
6685b,8906,683,6,1
15117b,29692,1085,1,0
1971b,29692,1089,2,0
459b,29692,1091,3,0
3173b,29692,1092,4,0
15095b,29692,1096,5,0
6685b,29692,1103,6,1
6685b,30677,412,1,0
6832b,30677,414,2,0
15090b,30677,417,3,0
1965b,30677,422,4,0
713b,30677,423,5,0
310b,30677,424,6,0
917b,30677,425,7,0
2442b,30677,427,8,0
15117b,30677,430,9,1
15117b,6377,852,1,0
1971b,6377,856,2,0
459b,6377,858,3,0
3173b,6377,859,4,0
15095b,6377,863,5,0
6685b,6377,870,6,1
6685b,15022,1295,1,0
6832b,15022,1297,2,0
15090b,15022,1299,3,0
1965b,15022,1304,4,0
713b,15022,1304,5,0
310b,15022,1306,6,0
917b,15022,1306,7,0
2442b,15022,1308,8,0
15117b,15022,1311,9,1
6685b,27183,817,1,0
6832b,27183,819,2,0
15090b,27183,822,3,0
1965b,27183,828,4,0
713b,27183,829,5,0
310b,27183,830,6,0
917b,27183,831,7,0
2442b,27183,834,8,0
15117b,27183,837,9,1
6685b,29727,1405,1,0
6832b,29727,1407,2,0
15090b,29727,1409,3,0
1965b,29727,1414,4,0
713b,29727,1414,5,0
310b,29727,1416,6,0
917b,29727,1416,7,0
2442b,29727,1418,8,0
15117b,29727,1421,9,1
15117b,30710,310,1,0
1971b,30710,313,2,0
459b,30710,315,3,0
3173b,30710,315,4,0
15095b,30710,319,5,0
6685b,30710,324,6,1
6685b,6527,1215,1,0
6832b,6527,1217,2,0
15090b,6527,1220,3,0
1965b,6527,1225,4,0
713b,6527,1226,5,0
310b,6527,1227,6,0
917b,6527,1228,7,0
2442b,6527,1230,8,0
15117b,6527,1233,9,1
6685b,6556,742,1,0
6832b,6556,744,2,0
15090b,6556,747,3,0
1965b,6556,753,4,0
713b,6556,754,5,0
310b,6556,755,6,0
917b,6556,756,7,0
2442b,6556,759,8,0
15117b,6556,762,9,1
15117b,6583,740,1,0
1971b,6583,744,2,0
459b,6583,746,3,0
3173b,6583,747,4,0
15095b,6583,751,5,0
6685b,6583,758,6,1
5619b,17842,1391,1,0
698b,17842,1392,2,0
15071b,17842,1393,3,0
15073b,17842,1394,4,0
3825b,17842,1396,5,1
6685b,29806,1275,1,0
6832b,29806,1277,2,0
15090b,29806,1279,3,0
1965b,29806,1284,4,0
713b,29806,1284,5,0
310b,29806,1286,6,0
917b,29806,1286,7,0
2442b,29806,1288,8,0
15117b,29806,1291,9,1
15117b,29888,410,1,0
1971b,29888,414,2,0
459b,29888,415,3,0
3173b,29888,416,4,0
15095b,29888,420,5,0
6685b,29888,426,6,1
6685b,15225,592,1,0
6832b,15225,594,2,0
15090b,15225,597,3,0
1965b,15225,603,4,0
713b,15225,604,5,0
310b,15225,605,6,0
917b,15225,606,7,0
2442b,15225,609,8,0
15117b,15225,612,9,1
6685b,27384,1335,1,0
6832b,27384,1337,2,0
15090b,27384,1339,3,0
1965b,27384,1344,4,0
713b,27384,1344,5,0
310b,27384,1346,6,0
917b,27384,1346,7,0
2442b,27384,1348,8,0
15117b,27384,1351,9,1
6685b,27397,465,1,0
6832b,27397,467,2,0
15090b,27397,470,3,0
1965b,27397,476,4,0
713b,27397,477,5,0
310b,27397,478,6,0
917b,27397,479,7,0
2442b,27397,482,8,0
15117b,27397,485,9,1
6685b,6630,810,1,0
6832b,6630,812,2,0
15090b,6630,815,3,0
1965b,6630,821,4,0
713b,6630,822,5,0
310b,6630,823,6,0
917b,6630,824,7,0
2442b,6630,827,8,0
15117b,6630,830,9,1
6685b,6633,877,1,0
6832b,6633,879,2,0
15090b,6633,882,3,0
1965b,6633,888,4,0
713b,6633,889,5,0
310b,6633,890,6,0
917b,6633,891,7,0
2442b,6633,894,8,0
15117b,6633,897,9,1
15117b,6676,972,1,0
1971b,6676,976,2,0
459b,6676,978,3,0
3173b,6676,979,4,0
15095b,6676,983,5,0
6685b,6676,990,6,1
15117b,4027,1092,1,0
1971b,4027,1096,2,0
459b,4027,1098,3,0
3173b,4027,1099,4,0
15095b,4027,1103,5,0
6685b,4027,1110,6,1
15117b,17970,425,1,0
1971b,17970,429,2,0
459b,17970,431,3,0
3173b,17970,432,4,0
15095b,17970,436,5,0
6685b,17970,443,6,1
15117b,29952,897,1,0
1971b,29952,901,2,0
459b,29952,903,3,0
3173b,29952,904,4,0
15095b,29952,908,5,0
6685b,29952,915,6,1
6685b,15318,330,1,0
6832b,15318,332,2,0
15090b,15318,334,3,0
1965b,15318,339,4,0
713b,15318,339,5,0
310b,15318,341,6,0
917b,15318,341,7,0
2442b,15318,343,8,0
15117b,15318,346,9,1
6685b,29926,510,1,0
6832b,29926,512,2,0
15090b,29926,515,3,0
1965b,29926,521,4,0
713b,29926,522,5,0
310b,29926,523,6,0
917b,29926,524,7,0
2442b,29926,527,8,0
15117b,29926,530,9,1
15117b,30909,342,1,0
1971b,30909,345,2,0
459b,30909,347,3,0
3173b,30909,347,4,0
15095b,30909,351,5,0
6685b,30909,356,6,1
15117b,4098,1390,1,0
1971b,4098,1394,2,0
459b,4098,1395,3,0
3173b,4098,1396,4,0
15095b,4098,1400,5,0
6685b,4098,1406,6,1
15117b,4099,597,1,0
1971b,4099,601,2,0
459b,4099,603,3,0
3173b,4099,604,4,0
15095b,4099,608,5,0
6685b,4099,615,6,1
6685b,15393,427,1,0
6832b,15393,429,2,0
15090b,15393,432,3,0
1965b,15393,438,4,0
713b,15393,439,5,0
310b,15393,440,6,0
917b,15393,441,7,0
2442b,15393,444,8,0
15117b,15393,447,9,1
15117b,15360,1440,1,0
1971b,15360,1444,2,0
459b,15360,1445,3,0
3173b,15360,1446,4,0
15095b,15360,1450,5,0
6685b,15360,1456,6,1
5619b,27314,1311,1,0
698b,27314,1312,2,0
15071b,27314,1313,3,0
15073b,27314,1314,4,0
3825b,27314,1316,5,1
15117b,6730,972,1,0
1971b,6730,976,2,0
459b,6730,978,3,0
3173b,6730,979,4,0
15095b,6730,983,5,0
6685b,6730,990,6,1
6685b,4118,675,1,0
6832b,4118,677,2,0
15090b,4118,680,3,0
1965b,4118,686,4,0
713b,4118,687,5,0
310b,4118,688,6,0
917b,4118,689,7,0
2442b,4118,692,8,0
15117b,4118,695,9,1
15117b,6791,747,1,0
1971b,6791,751,2,0
459b,6791,753,3,0
3173b,6791,754,4,0
15095b,6791,758,5,0
6685b,6791,765,6,1
6685b,4135,502,1,0
6832b,4135,504,2,0
15090b,4135,507,3,0
1965b,4135,513,4,0
713b,4135,514,5,0
310b,4135,515,6,0
917b,4135,516,7,0
2442b,4135,519,8,0
15117b,4135,522,9,1
15117b,15407,1380,1,0
1971b,15407,1384,2,0
459b,15407,1385,3,0
3173b,15407,1386,4,0
15095b,15407,1390,5,0
6685b,15407,1396,6,1
6685b,15478,787,1,0
6832b,15478,789,2,0
15090b,15478,792,3,0
1965b,15478,798,4,0
713b,15478,799,5,0
310b,15478,800,6,0
917b,15478,801,7,0
2442b,15478,804,8,0
15117b,15478,807,9,1
15117b,27427,320,1,0
1971b,27427,323,2,0
459b,27427,325,3,0
3173b,27427,325,4,0
15095b,27427,329,5,0
6685b,27427,334,6,1
15117b,6841,620,1,0
1971b,6841,624,2,0
459b,6841,626,3,0
3173b,6841,627,4,0
15095b,6841,631,5,0
6685b,6841,638,6,1
15117b,6844,515,1,0
1971b,6844,519,2,0
459b,6844,521,3,0
3173b,6844,522,4,0
15095b,6844,526,5,0
6685b,6844,533,6,1
15117b,6867,1420,1,0
1971b,6867,1424,2,0
459b,6867,1425,3,0
3173b,6867,1426,4,0
15095b,6867,1430,5,0
6685b,6867,1436,6,1
6685b,6892,457,1,0
6832b,6892,459,2,0
15090b,6892,462,3,0
1965b,6892,468,4,0
713b,6892,469,5,0
310b,6892,470,6,0
917b,6892,471,7,0
2442b,6892,474,8,0
15117b,6892,477,9,1
15117b,4286,1230,1,0
1971b,4286,1234,2,0
459b,4286,1235,3,0
3173b,4286,1236,4,0
15095b,4286,1240,5,0
6685b,4286,1246,6,1
15117b,4292,1197,1,0
1971b,4292,1201,2,0
459b,4292,1202,3,0
3173b,4292,1203,4,0
15095b,4292,1207,5,0
6685b,4292,1213,6,1
6685b,27521,1080,1,0
6832b,27521,1082,2,0
15090b,27521,1085,3,0
1965b,27521,1091,4,0
713b,27521,1092,5,0
310b,27521,1093,6,0
917b,27521,1094,7,0
2442b,27521,1097,8,0
15117b,27521,1100,9,1
6685b,27503,615,1,0
6832b,27503,617,2,0
15090b,27503,620,3,0
1965b,27503,626,4,0
713b,27503,627,5,0
310b,27503,628,6,0
917b,27503,629,7,0
2442b,27503,632,8,0
15117b,27503,635,9,1
6685b,27505,735,1,0
6832b,27505,737,2,0
15090b,27505,740,3,0
1965b,27505,746,4,0
713b,27505,747,5,0
310b,27505,748,6,0
917b,27505,749,7,0
2442b,27505,752,8,0
15117b,27505,755,9,1
6685b,27518,697,1,0
6832b,27518,699,2,0
15090b,27518,702,3,0
1965b,27518,708,4,0
713b,27518,709,5,0
310b,27518,710,6,0
917b,27518,711,7,0
2442b,27518,714,8,0
15117b,27518,717,9,1
6685b,27583,802,1,0
6832b,27583,804,2,0
15090b,27583,807,3,0
1965b,27583,813,4,0
713b,27583,814,5,0
310b,27583,815,6,0
917b,27583,816,7,0
2442b,27583,819,8,0
15117b,27583,822,9,1
6685b,6906,525,1,0
6832b,6906,527,2,0
15090b,6906,530,3,0
1965b,6906,536,4,0
713b,6906,537,5,0
310b,6906,538,6,0
917b,6906,539,7,0
2442b,6906,542,8,0
15117b,6906,545,9,1
6685b,6915,855,1,0
6832b,6915,857,2,0
15090b,6915,860,3,0
1965b,6915,866,4,0
713b,6915,867,5,0
310b,6915,868,6,0
917b,6915,869,7,0
2442b,6915,872,8,0
15117b,6915,875,9,1
15117b,15702,807,1,0
1971b,15702,811,2,0
459b,15702,813,3,0
3173b,15702,814,4,0
15095b,15702,818,5,0
6685b,15702,825,6,1
15117b,27655,425,1,0
1971b,27655,429,2,0
459b,27655,431,3,0
3173b,27655,432,4,0
15095b,27655,436,5,0
6685b,27655,443,6,1
15117b,37047,372,1,0
1971b,37047,376,2,0
459b,37047,377,3,0
3173b,37047,378,4,0
15095b,37047,382,5,0
6685b,37047,388,6,1
15117b,25071,897,1,0
1971b,25071,901,2,0
459b,25071,903,3,0
3173b,25071,904,4,0
15095b,25071,908,5,0
6685b,25071,915,6,1
15117b,25025,590,1,0
1971b,25025,594,2,0
459b,25025,596,3,0
3173b,25025,597,4,0
15095b,25025,601,5,0
6685b,25025,608,6,1
15117b,13026,1122,1,0
1971b,13026,1126,2,0
459b,13026,1128,3,0
3173b,13026,1129,4,0
15095b,13026,1133,5,0
6685b,13026,1140,6,1
15117b,37191,725,1,0
1971b,37191,729,2,0
459b,37191,731,3,0
3173b,37191,732,4,0
15095b,37191,736,5,0
6685b,37191,743,6,1
15117b,4482,1152,1,0
1971b,4482,1156,2,0
459b,4482,1157,3,0
3173b,4482,1158,4,0
15095b,4482,1162,5,0
6685b,4482,1168,6,1
15117b,15760,800,1,0
1971b,15760,804,2,0
459b,15760,806,3,0
3173b,15760,807,4,0
15095b,15760,811,5,0
6685b,15760,818,6,1
6685b,27721,382,1,0
6832b,27721,384,2,0
15090b,27721,387,3,0
1965b,27721,392,4,0
713b,27721,393,5,0
310b,27721,394,6,0
917b,27721,395,7,0
2442b,27721,397,8,0
15117b,27721,400,9,1
6685b,27727,847,1,0
6832b,27727,849,2,0
15090b,27727,852,3,0
1965b,27727,858,4,0
713b,27727,859,5,0
310b,27727,860,6,0
917b,27727,861,7,0
2442b,27727,864,8,0
15117b,27727,867,9,1
6685b,27701,1465,1,0
6832b,27701,1467,2,0
15090b,27701,1469,3,0
1965b,27701,1474,4,0
713b,27701,1474,5,0
310b,27701,1476,6,0
917b,27701,1476,7,0
2442b,27701,1478,8,0
15117b,27701,1481,9,1
6685b,15732,907,1,0
6832b,15732,909,2,0
15090b,15732,912,3,0
1965b,15732,918,4,0
713b,15732,919,5,0
310b,15732,920,6,0
917b,15732,921,7,0
2442b,15732,924,8,0
15117b,15732,927,9,1
6685b,13189,1455,1,0
6832b,13189,1457,2,0
15090b,13189,1459,3,0
1965b,13189,1464,4,0
713b,13189,1464,5,0
310b,13189,1466,6,0
917b,13189,1466,7,0
2442b,13189,1468,8,0
15117b,13189,1471,9,1
6685b,13164,1225,1,0
6832b,13164,1227,2,0
15090b,13164,1230,3,0
1965b,13164,1235,4,0
713b,13164,1236,5,0
310b,13164,1237,6,0
917b,13164,1238,7,0
2442b,13164,1240,8,0
15117b,13164,1243,9,1
15117b,27916,1145,1,0
1971b,27916,1149,2,0
459b,27916,1150,3,0
3173b,27916,1151,4,0
15095b,27916,1155,5,0
6685b,27916,1161,6,1
6685b,15915,1012,1,0
6832b,15915,1014,2,0
15090b,15915,1017,3,0
1965b,15915,1023,4,0
713b,15915,1024,5,0
310b,15915,1025,6,0
917b,15915,1026,7,0
2442b,15915,1029,8,0
15117b,15915,1032,9,1
15117b,37209,1400,1,0
1971b,37209,1404,2,0
459b,37209,1405,3,0
3173b,37209,1406,4,0
15095b,37209,1410,5,0
6685b,37209,1416,6,1
6685b,25288,1205,1,0
6832b,25288,1207,2,0
15090b,25288,1210,3,0
1965b,25288,1215,4,0
713b,25288,1216,5,0
310b,25288,1217,6,0
917b,25288,1218,7,0
2442b,25288,1220,8,0
15117b,25288,1223,9,1
15117b,13284,1280,1,0
1971b,13284,1284,2,0
459b,13284,1285,3,0
3173b,13284,1286,4,0
15095b,13284,1290,5,0
6685b,13284,1296,6,1
15117b,25264,1410,1,0
1971b,25264,1414,2,0
459b,25264,1415,3,0
3173b,25264,1416,4,0
15095b,25264,1420,5,0
6685b,25264,1426,6,1
15117b,37238,687,1,0
1971b,37238,691,2,0
459b,37238,693,3,0
3173b,37238,694,4,0
15095b,37238,698,5,0
6685b,37238,705,6,1
6685b,4623,1205,1,0
6832b,4623,1207,2,0
15090b,4623,1210,3,0
1965b,4623,1215,4,0
713b,4623,1216,5,0
310b,4623,1217,6,0
917b,4623,1218,7,0
2442b,4623,1220,8,0
15117b,4623,1223,9,1
15117b,4637,1360,1,0
1971b,4637,1364,2,0
459b,4637,1365,3,0
3173b,4637,1366,4,0
15095b,4637,1370,5,0
6685b,4637,1376,6,1
15117b,4682,1002,1,0
1971b,4682,1006,2,0
459b,4682,1008,3,0
3173b,4682,1009,4,0
15095b,4682,1013,5,0
6685b,4682,1020,6,1
5619b,37305,1371,1,0
698b,37305,1372,2,0
15071b,37305,1373,3,0
15073b,37305,1374,4,0
3825b,37305,1376,5,1
3825b,25316,1360,1,0
15074b,25316,1363,2,0
15075b,25316,1366,3,0
534b,25316,1371,4,0
5617b,25316,1375,5,1
6685b,37392,832,1,0
6832b,37392,834,2,0
15090b,37392,837,3,0
1965b,37392,843,4,0
713b,37392,844,5,0
310b,37392,845,6,0
917b,37392,846,7,0
2442b,37392,849,8,0
15117b,37392,852,9,1
15117b,25390,582,1,0
1971b,25390,586,2,0
459b,25390,588,3,0
3173b,25390,589,4,0
15095b,25390,593,5,0
6685b,25390,600,6,1
6685b,37359,667,1,0
6832b,37359,669,2,0
15090b,37359,672,3,0
1965b,37359,678,4,0
713b,37359,679,5,0
310b,37359,680,6,0
917b,37359,681,7,0
2442b,37359,684,8,0
15117b,37359,687,9,1
15117b,4711,657,1,0
1971b,4711,661,2,0
459b,4711,663,3,0
3173b,4711,664,4,0
15095b,4711,668,5,0
6685b,4711,675,6,1
15117b,4725,830,1,0
1971b,4725,834,2,0
459b,4725,836,3,0
3173b,4725,837,4,0
15095b,4725,841,5,0
6685b,4725,848,6,1
15117b,2124,387,1,0
1971b,2124,391,2,0
459b,2124,392,3,0
3173b,2124,393,4,0
15095b,2124,397,5,0
6685b,2124,403,6,1
15117b,2138,1470,1,0
1971b,2138,1474,2,0
459b,2138,1475,3,0
3173b,2138,1476,4,0
15095b,2138,1480,5,0
6685b,2138,1486,6,1
15117b,13528,815,1,0
1971b,13528,819,2,0
459b,13528,821,3,0
3173b,13528,822,4,0
15095b,13528,826,5,0
6685b,13528,833,6,1
6685b,13520,1515,1,0
6832b,13520,1517,2,0
15090b,13520,1519,3,0
1965b,13520,1524,4,0
713b,13520,1524,5,0
310b,13520,1526,6,0
917b,13520,1526,7,0
2442b,13520,1528,8,0
15117b,13520,1531,9,1
15117b,13530,1167,1,0
1971b,13530,1171,2,0
459b,13530,1172,3,0
3173b,13530,1173,4,0
15095b,13530,1177,5,0
6685b,13530,1183,6,1
15117b,13502,1300,1,0
1971b,13502,1304,2,0
459b,13502,1305,3,0
3173b,13502,1306,4,0
15095b,13502,1310,5,0
6685b,13502,1316,6,1
6685b,13511,1405,1,0
6832b,13511,1407,2,0
15090b,13511,1409,3,0
1965b,13511,1414,4,0
713b,13511,1414,5,0
310b,13511,1416,6,0
917b,13511,1416,7,0
2442b,13511,1418,8,0
15117b,13511,1421,9,1
15117b,37451,995,1,0
1971b,37451,999,2,0
459b,37451,1001,3,0
3173b,37451,1002,4,0
15095b,37451,1006,5,0
6685b,37451,1013,6,1
6685b,37453,405,1,0
6832b,37453,407,2,0
15090b,37453,410,3,0
1965b,37453,415,4,0
713b,37453,416,5,0
310b,37453,417,6,0
917b,37453,418,7,0
2442b,37453,420,8,0
15117b,37453,423,9,1
6685b,25463,592,1,0
6832b,25463,594,2,0
15090b,25463,597,3,0
1965b,25463,603,4,0
713b,25463,604,5,0
310b,25463,605,6,0
917b,25463,606,7,0
2442b,25463,609,8,0
15117b,25463,612,9,1
15117b,13487,327,1,0
1971b,13487,330,2,0
459b,13487,332,3,0
3173b,13487,332,4,0
15095b,13487,336,5,0
6685b,13487,341,6,1
6685b,13468,1117,1,0
6832b,13468,1119,2,0
15090b,13468,1122,3,0
1965b,13468,1128,4,0
713b,13468,1129,5,0
310b,13468,1130,6,0
917b,13468,1131,7,0
2442b,13468,1134,8,0
15117b,13468,1137,9,1
6685b,25409,585,1,0
6832b,25409,587,2,0
15090b,25409,590,3,0
1965b,25409,596,4,0
713b,25409,597,5,0
310b,25409,598,6,0
917b,25409,599,7,0
2442b,25409,602,8,0
15117b,25409,605,9,1
6685b,25627,427,1,0
6832b,25627,429,2,0
15090b,25627,432,3,0
1965b,25627,438,4,0
713b,25627,439,5,0
310b,25627,440,6,0
917b,25627,441,7,0
2442b,25627,444,8,0
15117b,25627,447,9,1
6685b,25634,847,1,0
6832b,25634,849,2,0
15090b,25634,852,3,0
1965b,25634,858,4,0
713b,25634,859,5,0
310b,25634,860,6,0
917b,25634,861,7,0
2442b,25634,864,8,0
15117b,25634,867,9,1
6685b,25610,465,1,0
6832b,25610,467,2,0
15090b,25610,470,3,0
1965b,25610,476,4,0
713b,25610,477,5,0
310b,25610,478,6,0
917b,25610,479,7,0
2442b,25610,482,8,0
15117b,25610,485,9,1
6685b,13605,487,1,0
6832b,13605,489,2,0
15090b,13605,492,3,0
1965b,13605,498,4,0
713b,13605,499,5,0
310b,13605,500,6,0
917b,13605,501,7,0
2442b,13605,504,8,0
15117b,13605,507,9,1
6685b,25571,1080,1,0
6832b,25571,1082,2,0
15090b,25571,1085,3,0
1965b,25571,1091,4,0
713b,25571,1092,5,0
310b,25571,1093,6,0
917b,25571,1094,7,0
2442b,25571,1097,8,0
15117b,25571,1100,9,1
3825b,13565,1350,1,0
15074b,13565,1353,2,0
15075b,13565,1356,3,0
534b,13565,1361,4,0
5617b,13565,1365,5,1
6685b,37519,945,1,0
6832b,37519,947,2,0
15090b,37519,950,3,0
1965b,37519,956,4,0
713b,37519,957,5,0
310b,37519,958,6,0
917b,37519,959,7,0
2442b,37519,962,8,0
15117b,37519,965,9,1
6685b,37514,1335,1,0
6832b,37514,1337,2,0
15090b,37514,1339,3,0
1965b,37514,1344,4,0
713b,37514,1344,5,0
310b,37514,1346,6,0
917b,37514,1346,7,0
2442b,37514,1348,8,0
15117b,37514,1351,9,1
6685b,25536,495,1,0
6832b,25536,497,2,0
15090b,25536,500,3,0
1965b,25536,506,4,0
713b,25536,507,5,0
310b,25536,508,6,0
917b,25536,509,7,0
2442b,25536,512,8,0
15117b,25536,515,9,1
6685b,4954,1235,1,0
6832b,4954,1237,2,0
15090b,4954,1240,3,0
1965b,4954,1245,4,0
713b,4954,1246,5,0
310b,4954,1247,6,0
917b,4954,1248,7,0
2442b,4954,1250,8,0
15117b,4954,1253,9,1
6685b,4983,652,1,0
6832b,4983,654,2,0
15090b,4983,657,3,0
1965b,4983,663,4,0
713b,4983,664,5,0
310b,4983,665,6,0
917b,4983,666,7,0
2442b,4983,669,8,0
15117b,4983,672,9,1
15117b,4985,1430,1,0
1971b,4985,1434,2,0
459b,4985,1435,3,0
3173b,4985,1436,4,0
15095b,4985,1440,5,0
6685b,4985,1446,6,1
6685b,2373,1365,1,0
6832b,2373,1367,2,0
15090b,2373,1369,3,0
1965b,2373,1374,4,0
713b,2373,1374,5,0
310b,2373,1376,6,0
917b,2373,1376,7,0
2442b,2373,1378,8,0
15117b,2373,1381,9,1
6685b,2387,1147,1,0
6832b,2387,1149,2,0
15090b,2387,1152,3,0
1965b,2387,1157,4,0
713b,2387,1158,5,0
310b,2387,1159,6,0
917b,2387,1160,7,0
2442b,2387,1162,8,0
15117b,2387,1165,9,1
15117b,11103,860,1,0
1971b,11103,864,2,0
459b,11103,866,3,0
3173b,11103,867,4,0
15095b,11103,871,5,0
6685b,11103,878,6,1
6685b,13725,1305,1,0
6832b,13725,1307,2,0
15090b,13725,1309,3,0
1965b,13725,1314,4,0
713b,13725,1314,5,0
310b,13725,1316,6,0
917b,13725,1316,7,0
2442b,13725,1318,8,0
15117b,13725,1321,9,1
15117b,35037,680,1,0
1971b,35037,684,2,0
459b,35037,686,3,0
3173b,35037,687,4,0
15095b,35037,691,5,0
6685b,35037,698,6,1
6685b,37641,555,1,0
6832b,37641,557,2,0
15090b,37641,560,3,0
1965b,37641,566,4,0
713b,37641,567,5,0
310b,37641,568,6,0
917b,37641,569,7,0
2442b,37641,572,8,0
15117b,37641,575,9,1
6685b,23017,660,1,0
6832b,23017,662,2,0
15090b,23017,665,3,0
1965b,23017,671,4,0
713b,23017,672,5,0
310b,23017,673,6,0
917b,23017,674,7,0
2442b,23017,677,8,0
15117b,23017,680,9,1
6685b,13670,337,1,0
6832b,13670,339,2,0
15090b,13670,341,3,0
1965b,13670,346,4,0
713b,13670,346,5,0
310b,13670,348,6,0
917b,13670,348,7,0
2442b,13670,350,8,0
15117b,13670,353,9,1
6685b,37621,757,1,0
6832b,37621,759,2,0
15090b,37621,762,3,0
1965b,37621,768,4,0
713b,37621,769,5,0
310b,37621,770,6,0
917b,37621,771,7,0
2442b,37621,774,8,0
15117b,37621,777,9,1
15117b,35097,327,1,0
1971b,35097,330,2,0
459b,35097,332,3,0
3173b,35097,332,4,0
15095b,35097,336,5,0
6685b,35097,341,6,1
15117b,23096,1520,1,0
1971b,23096,1524,2,0
459b,23096,1525,3,0
3173b,23096,1526,4,0
15095b,23096,1530,5,0
6685b,23096,1536,6,1
15117b,35051,335,1,0
1971b,35051,338,2,0
459b,35051,340,3,0
3173b,35051,340,4,0
15095b,35051,344,5,0
6685b,35051,349,6,1
15117b,2422,477,1,0
1971b,2422,481,2,0
459b,2422,483,3,0
3173b,2422,484,4,0
15095b,2422,488,5,0
6685b,2422,495,6,1
15117b,13806,417,1,0
1971b,13806,421,2,0
459b,13806,422,3,0
3173b,13806,423,4,0
15095b,13806,427,5,0
6685b,13806,433,6,1
6685b,2449,967,1,0
6832b,2449,969,2,0
15090b,2449,972,3,0
1965b,2449,978,4,0
713b,2449,979,5,0
310b,2449,980,6,0
917b,2449,981,7,0
2442b,2449,984,8,0
15117b,2449,987,9,1
15117b,2473,1310,1,0
1971b,2473,1314,2,0
459b,2473,1315,3,0
3173b,2473,1316,4,0
15095b,2473,1320,5,0
6685b,2473,1326,6,1
6685b,25859,1425,1,0
6832b,25859,1427,2,0
15090b,25859,1429,3,0
1965b,25859,1434,4,0
713b,25859,1434,5,0
310b,25859,1436,6,0
917b,25859,1436,7,0
2442b,25859,1438,8,0
15117b,25859,1441,9,1
15117b,11183,1370,1,0
1971b,11183,1374,2,0
459b,11183,1375,3,0
3173b,11183,1376,4,0
15095b,11183,1380,5,0
6685b,11183,1386,6,1
6685b,23158,952,1,0
6832b,23158,954,2,0
15090b,23158,957,3,0
1965b,23158,963,4,0
713b,23158,964,5,0
310b,23158,965,6,0
917b,23158,966,7,0
2442b,23158,969,8,0
15117b,23158,972,9,1
15117b,35110,1480,1,0
1971b,35110,1484,2,0
459b,35110,1485,3,0
3173b,35110,1486,4,0
15095b,35110,1490,5,0
6685b,35110,1496,6,1
6685b,37769,1095,1,0
6832b,37769,1097,2,0
15090b,37769,1100,3,0
1965b,37769,1106,4,0
713b,37769,1107,5,0
310b,37769,1108,6,0
917b,37769,1109,7,0
2442b,37769,1112,8,0
15117b,37769,1115,9,1
15117b,35109,1047,1,0
1971b,35109,1051,2,0
459b,35109,1053,3,0
3173b,35109,1054,4,0
15095b,35109,1058,5,0
6685b,35109,1065,6,1
15117b,37759,837,1,0
1971b,37759,841,2,0
459b,37759,843,3,0
3173b,37759,844,4,0
15095b,37759,848,5,0
6685b,37759,855,6,1
15117b,2503,1490,1,0
1971b,2503,1494,2,0
459b,2503,1495,3,0
3173b,2503,1496,4,0
15095b,2503,1500,5,0
6685b,2503,1506,6,1
6685b,13904,315,1,0
6832b,13904,317,2,0
15090b,13904,319,3,0
1965b,13904,324,4,0
713b,13904,324,5,0
310b,13904,326,6,0
917b,13904,326,7,0
2442b,13904,328,8,0
15117b,13904,331,9,1
6685b,23320,990,1,0
6832b,23320,992,2,0
15090b,23320,995,3,0
1965b,23320,1001,4,0
713b,23320,1002,5,0
310b,23320,1003,6,0
917b,23320,1004,7,0
2442b,23320,1007,8,0
15117b,23320,1010,9,1
15117b,23333,1250,1,0
1971b,23333,1254,2,0
459b,23333,1255,3,0
3173b,23333,1256,4,0
15095b,23333,1260,5,0
6685b,23333,1266,6,1
6685b,11353,862,1,0
6832b,11353,864,2,0
15090b,11353,867,3,0
1965b,11353,873,4,0
713b,11353,874,5,0
310b,11353,875,6,0
917b,11353,876,7,0
2442b,11353,879,8,0
15117b,11353,882,9,1
5619b,11359,1361,1,0
698b,11359,1362,2,0
15071b,11359,1363,3,0
15073b,11359,1364,4,0
3825b,11359,1366,5,1
6685b,37956,937,1,0
6832b,37956,939,2,0
15090b,37956,942,3,0
1965b,37956,948,4,0
713b,37956,949,5,0
310b,37956,950,6,0
917b,37956,951,7,0
2442b,37956,954,8,0
15117b,37956,957,9,1
15117b,37937,485,1,0
1971b,37937,489,2,0
459b,37937,491,3,0
3173b,37937,492,4,0
15095b,37937,496,5,0
6685b,37937,503,6,1
15117b,35269,732,1,0
1971b,35269,736,2,0
459b,35269,738,3,0
3173b,35269,739,4,0
15095b,35269,743,5,0
6685b,35269,750,6,1
15117b,11261,957,1,0
1971b,11261,961,2,0
459b,11261,963,3,0
3173b,11261,964,4,0
15095b,11261,968,5,0
6685b,11261,975,6,1
15117b,35239,1400,1,0
1971b,35239,1404,2,0
459b,35239,1405,3,0
3173b,35239,1406,4,0
15095b,35239,1410,5,0
6685b,35239,1416,6,1
15117b,25893,395,1,0
1971b,25893,399,2,0
459b,25893,400,3,0
3173b,25893,401,4,0
15095b,25893,405,5,0
6685b,25893,411,6,1
15117b,11475,1460,1,0
1971b,11475,1464,2,0
459b,11475,1465,3,0
3173b,11475,1466,4,0
15095b,11475,1470,5,0
6685b,11475,1476,6,1
6685b,35396,397,1,0
6832b,35396,399,2,0
15090b,35396,402,3,0
1965b,35396,407,4,0
713b,35396,408,5,0
310b,35396,409,6,0
917b,35396,410,7,0
2442b,35396,412,8,0
15117b,35396,415,9,1
15117b,35391,1197,1,0
1971b,35391,1201,2,0
459b,35391,1202,3,0
3173b,35391,1203,4,0
15095b,35391,1207,5,0
6685b,35391,1213,6,1
6685b,35373,1035,1,0
6832b,35373,1037,2,0
15090b,35373,1040,3,0
1965b,35373,1046,4,0
713b,35373,1047,5,0
310b,35373,1048,6,0
917b,35373,1049,7,0
2442b,35373,1052,8,0
15117b,35373,1055,9,1
6685b,11376,742,1,0
6832b,11376,744,2,0
15090b,11376,747,3,0
1965b,11376,753,4,0
713b,11376,754,5,0
310b,11376,755,6,0
917b,11376,756,7,0
2442b,11376,759,8,0
15117b,11376,762,9,1
15117b,35517,1240,1,0
1971b,35517,1244,2,0
459b,35517,1245,3,0
3173b,35517,1246,4,0
15095b,35517,1250,5,0
6685b,35517,1256,6,1
15117b,35507,1350,1,0
1971b,35507,1354,2,0
459b,35507,1355,3,0
3173b,35507,1356,4,0
15095b,35507,1360,5,0
6685b,35507,1366,6,1
15117b,23514,522,1,0
1971b,23514,526,2,0
459b,23514,528,3,0
3173b,23514,529,4,0
15095b,23514,533,5,0
6685b,23514,540,6,1
15117b,11538,1010,1,0
1971b,11538,1014,2,0
459b,11538,1016,3,0
3173b,11538,1017,4,0
15095b,11538,1021,5,0
6685b,11538,1028,6,1
6685b,35483,1102,1,0
6832b,35483,1104,2,0
15090b,35483,1107,3,0
1965b,35483,1113,4,0
713b,35483,1114,5,0
310b,35483,1115,6,0
917b,35483,1116,7,0
2442b,35483,1119,8,0
15117b,35483,1122,9,1
6685b,23467,780,1,0
6832b,23467,782,2,0
15090b,23467,785,3,0
1965b,23467,791,4,0
713b,23467,792,5,0
310b,23467,793,6,0
917b,23467,794,7,0
2442b,23467,797,8,0
15117b,23467,800,9,1
6685b,35459,1315,1,0
6832b,35459,1317,2,0
15090b,35459,1319,3,0
1965b,35459,1324,4,0
713b,35459,1324,5,0
310b,35459,1326,6,0
917b,35459,1326,7,0
2442b,35459,1328,8,0
15117b,35459,1331,9,1
6685b,2856,1147,1,0
6832b,2856,1149,2,0
15090b,2856,1152,3,0
1965b,2856,1157,4,0
713b,2856,1158,5,0
310b,2856,1159,6,0
917b,2856,1160,7,0
2442b,2856,1162,8,0
15117b,2856,1165,9,1
15117b,2872,1460,1,0
1971b,2872,1464,2,0
459b,2872,1465,3,0
3173b,2872,1466,4,0
15095b,2872,1470,5,0
6685b,2872,1476,6,1
6685b,23604,1012,1,0
6832b,23604,1014,2,0
15090b,23604,1017,3,0
1965b,23604,1023,4,0
713b,23604,1024,5,0
310b,23604,1025,6,0
917b,23604,1026,7,0
2442b,23604,1029,8,0
15117b,23604,1032,9,1
15117b,11620,612,1,0
1971b,11620,616,2,0
459b,11620,618,3,0
3173b,11620,619,4,0
15095b,11620,623,5,0
6685b,11620,630,6,1
15117b,21038,965,1,0
1971b,21038,969,2,0
459b,21038,971,3,0
3173b,21038,972,4,0
15095b,21038,976,5,0
6685b,21038,983,6,1
15117b,21000,1062,1,0
1971b,21000,1066,2,0
459b,21000,1068,3,0
3173b,21000,1069,4,0
15095b,21000,1073,5,0
6685b,21000,1080,6,1
5619b,2906,1321,1,0
698b,2906,1322,2,0
15071b,2906,1323,3,0
15073b,2906,1324,4,0
3825b,2906,1326,5,1
6685b,2905,795,1,0
6832b,2905,797,2,0
15090b,2905,800,3,0
1965b,2905,806,4,0
713b,2905,807,5,0
310b,2905,808,6,0
917b,2905,809,7,0
2442b,2905,812,8,0
15117b,2905,815,9,1
6685b,35569,1140,1,0
6832b,35569,1142,2,0
15090b,35569,1145,3,0
1965b,35569,1150,4,0
713b,35569,1151,5,0
310b,35569,1152,6,0
917b,35569,1153,7,0
2442b,35569,1155,8,0
15117b,35569,1158,9,1
15117b,2943,890,1,0
1971b,2943,894,2,0
459b,2943,896,3,0
3173b,2943,897,4,0
15095b,2943,901,5,0
6685b,2943,908,6,1
15117b,11755,792,1,0
1971b,11755,796,2,0
459b,11755,798,3,0
3173b,11755,799,4,0
15095b,11755,803,5,0
6685b,11755,810,6,1
15117b,23715,552,1,0
1971b,23715,556,2,0
459b,23715,558,3,0
3173b,23715,559,4,0
15095b,23715,563,5,0
6685b,23715,570,6,1
6685b,11736,922,1,0
6832b,11736,924,2,0
15090b,11736,927,3,0
1965b,11736,933,4,0
713b,11736,934,5,0
310b,11736,935,6,0
917b,11736,936,7,0
2442b,11736,939,8,0
15117b,11736,942,9,1
6685b,35761,360,1,0
6832b,35761,362,2,0
15090b,35761,365,3,0
1965b,35761,370,4,0
713b,35761,371,5,0
310b,35761,372,6,0
917b,35761,373,7,0
2442b,35761,375,8,0
15117b,35761,378,9,1
15117b,35753,687,1,0
1971b,35753,691,2,0
459b,35753,693,3,0
3173b,35753,694,4,0
15095b,35753,698,5,0
6685b,35753,705,6,1
6685b,11785,1020,1,0
6832b,11785,1022,2,0
15090b,11785,1025,3,0
1965b,11785,1031,4,0
713b,11785,1032,5,0
310b,11785,1033,6,0
917b,11785,1034,7,0
2442b,11785,1037,8,0
15117b,11785,1040,9,1
6685b,21084,405,1,0
6832b,21084,407,2,0
15090b,21084,410,3,0
1965b,21084,415,4,0
713b,21084,416,5,0
310b,21084,417,6,0
917b,21084,418,7,0
2442b,21084,420,8,0
15117b,21084,423,9,1
6685b,21042,637,1,0
6832b,21042,639,2,0
15090b,21042,642,3,0
1965b,21042,648,4,0
713b,21042,649,5,0
310b,21042,650,6,0
917b,21042,651,7,0
2442b,21042,654,8,0
15117b,21042,657,9,1
15117b,11869,912,1,0
1971b,11869,916,2,0
459b,11869,918,3,0
3173b,11869,919,4,0
15095b,11869,923,5,0
6685b,11869,930,6,1
15117b,35839,522,1,0
1971b,35839,526,2,0
459b,35839,528,3,0
3173b,35839,529,4,0
15095b,35839,533,5,0
6685b,35839,540,6,1
5619b,23855,1331,1,0
698b,23855,1332,2,0
15071b,23855,1333,3,0
15073b,23855,1334,4,0
3825b,23855,1336,5,1
6685b,33244,547,1,0
6832b,33244,549,2,0
15090b,33244,552,3,0
1965b,33244,558,4,0
713b,33244,559,5,0
310b,33244,560,6,0
917b,33244,561,7,0
2442b,33244,564,8,0
15117b,33244,567,9,1
15117b,33243,875,1,0
1971b,33243,879,2,0
459b,33243,881,3,0
3173b,33243,882,4,0
15095b,33243,886,5,0
6685b,33243,893,6,1
6685b,33230,765,1,0
6832b,33230,767,2,0
15090b,33230,770,3,0
1965b,33230,776,4,0
713b,33230,777,5,0
310b,33230,778,6,0
917b,33230,779,7,0
2442b,33230,782,8,0
15117b,33230,785,9,1
6685b,23869,930,1,0
6832b,23869,932,2,0
15090b,23869,935,3,0
1965b,23869,941,4,0
713b,23869,942,5,0
310b,23869,943,6,0
917b,23869,944,7,0
2442b,23869,947,8,0
15117b,23869,950,9,1
15117b,35857,1530,1,0
1971b,35857,1534,2,0
459b,35857,1535,3,0
3173b,35857,1536,4,0
15095b,35857,1540,5,0
6685b,35857,1546,6,1
15117b,21218,695,1,0
1971b,21218,699,2,0
459b,21218,701,3,0
3173b,21218,702,4,0
15095b,21218,706,5,0
6685b,21218,713,6,1
15117b,21217,747,1,0
1971b,21217,751,2,0
459b,21217,753,3,0
3173b,21217,754,4,0
15095b,21217,758,5,0
6685b,21217,765,6,1
6685b,33144,570,1,0
6832b,33144,572,2,0
15090b,33144,575,3,0
1965b,33144,581,4,0
713b,33144,582,5,0
310b,33144,583,6,0
917b,33144,584,7,0
2442b,33144,587,8,0
15117b,33144,590,9,1
6685b,23935,1102,1,0
6832b,23935,1104,2,0
15090b,23935,1107,3,0
1965b,23935,1113,4,0
713b,23935,1114,5,0
310b,23935,1115,6,0
917b,23935,1116,7,0
2442b,23935,1119,8,0
15117b,23935,1122,9,1
6685b,33345,352,1,0
6832b,33345,354,2,0
15090b,33345,356,3,0
1965b,33345,361,4,0
713b,33345,361,5,0
310b,33345,363,6,0
917b,33345,363,7,0
2442b,33345,365,8,0
15117b,33345,368,9,1
15117b,33333,875,1,0
1971b,33333,879,2,0
459b,33333,881,3,0
3173b,33333,882,4,0
15095b,33333,886,5,0
6685b,33333,893,6,1
15117b,35985,1190,1,0
1971b,35985,1194,2,0
459b,35985,1195,3,0
3173b,35985,1196,4,0
15095b,35985,1200,5,0
6685b,35985,1206,6,1
15117b,33321,447,1,0
1971b,33321,451,2,0
459b,33321,453,3,0
3173b,33321,454,4,0
15095b,33321,458,5,0
6685b,33321,465,6,1
15117b,21299,1360,1,0
1971b,21299,1364,2,0
459b,21299,1365,3,0
3173b,21299,1366,4,0
15095b,21299,1370,5,0
6685b,21299,1376,6,1
6685b,9000,510,1,0
6832b,9000,512,2,0
15090b,9000,515,3,0
1965b,9000,521,4,0
713b,9000,522,5,0
310b,9000,523,6,0
917b,9000,524,7,0
2442b,9000,527,8,0
15117b,9000,530,9,1
6685b,33408,720,1,0
6832b,33408,722,2,0
15090b,33408,725,3,0
1965b,33408,731,4,0
713b,33408,732,5,0
310b,33408,733,6,0
917b,33408,734,7,0
2442b,33408,737,8,0
15117b,33408,740,9,1
6685b,33486,397,1,0
6832b,33486,399,2,0
15090b,33486,402,3,0
1965b,33486,407,4,0
713b,33486,408,5,0
310b,33486,409,6,0
917b,33486,410,7,0
2442b,33486,412,8,0
15117b,33486,415,9,1
6685b,33463,667,1,0
6832b,33463,669,2,0
15090b,33463,672,3,0
1965b,33463,678,4,0
713b,33463,679,5,0
310b,33463,680,6,0
917b,33463,681,7,0
2442b,33463,684,8,0
15117b,33463,687,9,1
6685b,21441,697,1,0
6832b,21441,699,2,0
15090b,21441,702,3,0
1965b,21441,708,4,0
713b,21441,709,5,0
310b,21441,710,6,0
917b,21441,711,7,0
2442b,21441,714,8,0
15117b,21441,717,9,1
15117b,21455,792,1,0
1971b,21455,796,2,0
459b,21455,798,3,0
3173b,21455,799,4,0
15095b,21455,803,5,0
6685b,21455,810,6,1
15117b,9147,395,1,0
1971b,9147,399,2,0
459b,9147,400,3,0
3173b,9147,401,4,0
15095b,9147,405,5,0
6685b,9147,411,6,1
15117b,21533,1017,1,0
1971b,21533,1021,2,0
459b,21533,1023,3,0
3173b,21533,1024,4,0
15095b,21533,1028,5,0
6685b,21533,1035,6,1
15117b,33507,830,1,0
1971b,33507,834,2,0
459b,33507,836,3,0
3173b,33507,837,4,0
15095b,33507,841,5,0
6685b,33507,848,6,1
15117b,33598,477,1,0
1971b,33598,481,2,0
459b,33598,483,3,0
3173b,33598,484,4,0
15095b,33598,488,5,0
6685b,33598,495,6,1
15117b,33566,650,1,0
1971b,33566,654,2,0
459b,33566,656,3,0
3173b,33566,657,4,0
15095b,33566,661,5,0
6685b,33566,668,6,1
6685b,9220,772,1,0
6832b,9220,774,2,0
15090b,9220,777,3,0
1965b,9220,783,4,0
713b,9220,784,5,0
310b,9220,785,6,0
917b,9220,786,7,0
2442b,9220,789,8,0
15117b,9220,792,9,1
6685b,9242,540,1,0
6832b,9242,542,2,0
15090b,9242,545,3,0
1965b,9242,551,4,0
713b,9242,552,5,0
310b,9242,553,6,0
917b,9242,554,7,0
2442b,9242,557,8,0
15117b,9242,560,9,1
6685b,9252,1005,1,0
6832b,9252,1007,2,0
15090b,9252,1010,3,0
1965b,9252,1016,4,0
713b,9252,1017,5,0
310b,9252,1018,6,0
917b,9252,1019,7,0
2442b,9252,1022,8,0
15117b,9252,1025,9,1
6685b,9253,1255,1,0
6832b,9253,1257,2,0
15090b,9253,1260,3,0
1965b,9253,1265,4,0
713b,9253,1266,5,0
310b,9253,1267,6,0
917b,9253,1268,7,0
2442b,9253,1270,8,0
15117b,9253,1273,9,1
6685b,9287,885,1,0
6832b,9287,887,2,0
15090b,9287,890,3,0
1965b,9287,896,4,0
713b,9287,897,5,0
310b,9287,898,6,0
917b,9287,899,7,0
2442b,9287,902,8,0
15117b,9287,905,9,1
6685b,9280,892,1,0
6832b,9280,894,2,0
15090b,9280,897,3,0
1965b,9280,903,4,0
713b,9280,904,5,0
310b,9280,905,6,0
917b,9280,906,7,0
2442b,9280,909,8,0
15117b,9280,912,9,1
6685b,33643,1385,1,0
6832b,33643,1387,2,0
15090b,33643,1389,3,0
1965b,33643,1394,4,0
713b,33643,1394,5,0
310b,33643,1396,6,0
917b,33643,1396,7,0
2442b,33643,1398,8,0
15117b,33643,1401,9,1
15117b,31069,1250,1,0
1971b,31069,1254,2,0
459b,31069,1255,3,0
3173b,31069,1256,4,0
15095b,31069,1260,5,0
6685b,31069,1266,6,1
15117b,31064,1055,1,0
1971b,31064,1059,2,0
459b,31064,1061,3,0
3173b,31064,1062,4,0
15095b,31064,1066,5,0
6685b,31064,1073,6,1
15117b,18085,1130,1,0
1971b,18085,1134,2,0
459b,18085,1136,3,0
3173b,18085,1137,4,0
15095b,18085,1141,5,0
6685b,18085,1148,6,1
15117b,9333,702,1,0
1971b,9333,706,2,0
459b,9333,708,3,0
3173b,9333,709,4,0
15095b,9333,713,5,0
6685b,9333,720,6,1
15117b,9341,1055,1,0
1971b,9341,1059,2,0
459b,9341,1061,3,0
3173b,9341,1062,4,0
15095b,9341,1066,5,0
6685b,9341,1073,6,1
6685b,21782,720,1,0
6832b,21782,722,2,0
15090b,21782,725,3,0
1965b,21782,731,4,0
713b,21782,732,5,0
310b,21782,733,6,0
917b,21782,734,7,0
2442b,21782,737,8,0
15117b,21782,740,9,1
15117b,21772,987,1,0
1971b,21772,991,2,0
459b,21772,993,3,0
3173b,21772,994,4,0
15095b,21772,998,5,0
6685b,21772,1005,6,1
15117b,33723,1032,1,0
1971b,33723,1036,2,0
459b,33723,1038,3,0
3173b,33723,1039,4,0
15095b,33723,1043,5,0
6685b,33723,1050,6,1
6685b,21735,892,1,0
6832b,21735,894,2,0
15090b,21735,897,3,0
1965b,21735,903,4,0
713b,21735,904,5,0
310b,21735,905,6,0
917b,21735,906,7,0
2442b,21735,909,8,0
15117b,21735,912,9,1
15117b,18185,1160,1,0
1971b,18185,1164,2,0
459b,18185,1165,3,0
3173b,18185,1166,4,0
15095b,18185,1170,5,0
6685b,18185,1176,6,1
15117b,18151,762,1,0
1971b,18151,766,2,0
459b,18151,768,3,0
3173b,18151,769,4,0
15095b,18151,773,5,0
6685b,18151,780,6,1
6685b,18166,1110,1,0
6832b,18166,1112,2,0
15090b,18166,1115,3,0
1965b,18166,1121,4,0
713b,18166,1122,5,0
310b,18166,1123,6,0
917b,18166,1124,7,0
2442b,18166,1127,8,0
15117b,18166,1130,9,1
6685b,31092,1095,1,0
6832b,31092,1097,2,0
15090b,31092,1100,3,0
1965b,31092,1106,4,0
713b,31092,1107,5,0
310b,31092,1108,6,0
917b,31092,1109,7,0
2442b,31092,1112,8,0
15117b,31092,1115,9,1
6685b,31091,1305,1,0
6832b,31091,1307,2,0
15090b,31091,1309,3,0
1965b,31091,1314,4,0
713b,31091,1314,5,0
310b,31091,1316,6,0
917b,31091,1316,7,0
2442b,31091,1318,8,0
15117b,31091,1321,9,1
6685b,9464,1155,1,0
6832b,9464,1157,2,0
15090b,9464,1160,3,0
1965b,9464,1165,4,0
713b,9464,1166,5,0
310b,9464,1167,6,0
917b,9464,1168,7,0
2442b,9464,1170,8,0
15117b,9464,1173,9,1
15117b,21700,905,1,0
1971b,21700,909,2,0
459b,21700,911,3,0
3173b,21700,912,4,0
15095b,21700,916,5,0
6685b,21700,923,6,1
6685b,9495,622,1,0
6832b,9495,624,2,0
15090b,9495,627,3,0
1965b,9495,633,4,0
713b,9495,634,5,0
310b,9495,635,6,0
917b,9495,636,7,0
2442b,9495,639,8,0
15117b,9495,642,9,1
6685b,18256,832,1,0
6832b,18256,834,2,0
15090b,18256,837,3,0
1965b,18256,843,4,0
713b,18256,844,5,0
310b,18256,845,6,0
917b,18256,846,7,0
2442b,18256,849,8,0
15117b,18256,852,9,1
15117b,18269,335,1,0
1971b,18269,338,2,0
459b,18269,340,3,0
3173b,18269,340,4,0
15095b,18269,344,5,0
6685b,18269,349,6,1
6685b,33886,1140,1,0
6832b,33886,1142,2,0
15090b,33886,1145,3,0
1965b,33886,1150,4,0
713b,33886,1151,5,0
310b,33886,1152,6,0
917b,33886,1153,7,0
2442b,33886,1155,8,0
15117b,33886,1158,9,1
15117b,21882,1440,1,0
1971b,21882,1444,2,0
459b,21882,1445,3,0
3173b,21882,1446,4,0
15095b,21882,1450,5,0
6685b,21882,1456,6,1
6685b,18241,1415,1,0
6832b,18241,1417,2,0
15090b,18241,1419,3,0
1965b,18241,1424,4,0
713b,18241,1424,5,0
310b,18241,1426,6,0
917b,18241,1426,7,0
2442b,18241,1428,8,0
15117b,18241,1431,9,1
6685b,21870,1245,1,0
6832b,21870,1247,2,0
15090b,21870,1250,3,0
1965b,21870,1255,4,0
713b,21870,1256,5,0
310b,21870,1257,6,0
917b,21870,1258,7,0
2442b,21870,1260,8,0
15117b,21870,1263,9,1
15117b,18207,1290,1,0
1971b,18207,1294,2,0
459b,18207,1295,3,0
3173b,18207,1296,4,0
15095b,18207,1300,5,0
6685b,18207,1306,6,1
6685b,9587,802,1,0
6832b,9587,804,2,0
15090b,9587,807,3,0
1965b,9587,813,4,0
713b,9587,814,5,0
310b,9587,815,6,0
917b,9587,816,7,0
2442b,9587,819,8,0
15117b,9587,822,9,1
15117b,33806,462,1,0
1971b,33806,466,2,0
459b,33806,468,3,0
3173b,33806,469,4,0
15095b,33806,473,5,0
6685b,33806,480,6,1
15117b,18385,492,1,0
1971b,18385,496,2,0
459b,18385,498,3,0
3173b,18385,499,4,0
15095b,18385,503,5,0
6685b,18385,510,6,1
6685b,21981,517,1,0
6832b,21981,519,2,0
15090b,21981,522,3,0
1965b,21981,528,4,0
713b,21981,529,5,0
310b,21981,530,6,0
917b,21981,531,7,0
2442b,21981,534,8,0
15117b,21981,537,9,1
15117b,33961,935,1,0
1971b,33961,939,2,0
459b,33961,941,3,0
3173b,33961,942,4,0
15095b,33961,946,5,0
6685b,33961,953,6,1
6685b,18313,480,1,0
6832b,18313,482,2,0
15090b,18313,485,3,0
1965b,18313,491,4,0
713b,18313,492,5,0
310b,18313,493,6,0
917b,18313,494,7,0
2442b,18313,497,8,0
15117b,18313,500,9,1
15117b,31368,627,1,0
1971b,31368,631,2,0
459b,31368,633,3,0
3173b,31368,634,4,0
15095b,31368,638,5,0
6685b,31368,645,6,1
6685b,9603,900,1,0
6832b,9603,902,2,0
15090b,9603,905,3,0
1965b,9603,911,4,0
713b,9603,912,5,0
310b,9603,913,6,0
917b,9603,914,7,0
2442b,9603,917,8,0
15117b,9603,920,9,1
15117b,9643,800,1,0
1971b,9643,804,2,0
459b,9643,806,3,0
3173b,9643,807,4,0
15095b,9643,811,5,0
6685b,9643,818,6,1
15117b,9698,1190,1,0
1971b,9698,1194,2,0
459b,9698,1195,3,0
3173b,9698,1196,4,0
15095b,9698,1200,5,0
6685b,9698,1206,6,1
15117b,7098,1137,1,0
1971b,7098,1141,2,0
459b,7098,1143,3,0
3173b,7098,1144,4,0
15095b,7098,1148,5,0
6685b,7098,1155,6,1
6685b,31439,1425,1,0
6832b,31439,1427,2,0
15090b,31439,1429,3,0
1965b,31439,1434,4,0
713b,31439,1434,5,0
310b,31439,1436,6,0
917b,31439,1436,7,0
2442b,31439,1438,8,0
15117b,31439,1441,9,1
6685b,18462,1020,1,0
6832b,18462,1022,2,0
15090b,18462,1025,3,0
1965b,18462,1031,4,0
713b,18462,1032,5,0
310b,18462,1033,6,0
917b,18462,1034,7,0
2442b,18462,1037,8,0
15117b,18462,1040,9,1
6685b,31412,1445,1,0
6832b,31412,1447,2,0
15090b,31412,1449,3,0
1965b,31412,1454,4,0
713b,31412,1454,5,0
310b,31412,1456,6,0
917b,31412,1456,7,0
2442b,31412,1458,8,0
15117b,31412,1461,9,1
6685b,31419,885,1,0
6832b,31419,887,2,0
15090b,31419,890,3,0
1965b,31419,896,4,0
713b,31419,897,5,0
310b,31419,898,6,0
917b,31419,899,7,0
2442b,31419,902,8,0
15117b,31419,905,9,1
5619b,9734,1401,1,0
698b,9734,1402,2,0
15071b,9734,1403,3,0
15073b,9734,1404,4,0
3825b,9734,1406,5,1
6685b,103,540,1,0
6832b,103,542,2,0
15090b,103,545,3,0
1965b,103,551,4,0
713b,103,552,5,0
310b,103,553,6,0
917b,103,554,7,0
2442b,103,557,8,0
15117b,103,560,9,1
15117b,7123,1017,1,0
1971b,7123,1021,2,0
459b,7123,1023,3,0
3173b,7123,1024,4,0
15095b,7123,1028,5,0
6685b,7123,1035,6,1
3825b,7124,1390,1,0
15074b,7124,1393,2,0
15075b,7124,1396,3,0
534b,7124,1401,4,0
5617b,7124,1405,5,1
6685b,7133,975,1,0
6832b,7133,977,2,0
15090b,7133,980,3,0
1965b,7133,986,4,0
713b,7133,987,5,0
310b,7133,988,6,0
917b,7133,989,7,0
2442b,7133,992,8,0
15117b,7133,995,9,1
15117b,18410,650,1,0
1971b,18410,654,2,0
459b,18410,656,3,0
3173b,18410,657,4,0
15095b,18410,661,5,0
6685b,18410,668,6,1
6685b,18417,1235,1,0
6832b,18417,1237,2,0
15090b,18417,1240,3,0
1965b,18417,1245,4,0
713b,18417,1246,5,0
310b,18417,1247,6,0
917b,18417,1248,7,0
2442b,18417,1250,8,0
15117b,18417,1253,9,1
6685b,7191,1225,1,0
6832b,7191,1227,2,0
15090b,7191,1230,3,0
1965b,7191,1235,4,0
713b,7191,1236,5,0
310b,7191,1237,6,0
917b,7191,1238,7,0
2442b,7191,1240,8,0
15117b,7191,1243,9,1
6685b,31540,1132,1,0
6832b,31540,1134,2,0
15090b,31540,1137,3,0
1965b,31540,1143,4,0
713b,31540,1144,5,0
310b,31540,1145,6,0
917b,31540,1146,7,0
2442b,31540,1149,8,0
15117b,31540,1152,9,1
15117b,9800,1450,1,0
1971b,9800,1454,2,0
459b,9800,1455,3,0
3173b,9800,1456,4,0
15095b,9800,1460,5,0
6685b,9800,1466,6,1
6685b,9820,960,1,0
6832b,9820,962,2,0
15090b,9820,965,3,0
1965b,9820,971,4,0
713b,9820,972,5,0
310b,9820,973,6,0
917b,9820,974,7,0
2442b,9820,977,8,0
15117b,9820,980,9,1
15117b,9882,1092,1,0
1971b,9882,1096,2,0
459b,9882,1098,3,0
3173b,9882,1099,4,0
15095b,9882,1103,5,0
6685b,9882,1110,6,1
15117b,7231,942,1,0
1971b,7231,946,2,0
459b,7231,948,3,0
3173b,7231,949,4,0
15095b,7231,953,5,0
6685b,7231,960,6,1
6685b,265,1435,1,0
6832b,265,1437,2,0
15090b,265,1439,3,0
1965b,265,1444,4,0
713b,265,1444,5,0
310b,265,1446,6,0
917b,265,1446,7,0
2442b,265,1448,8,0
15117b,265,1451,9,1
15117b,7240,1100,1,0
1971b,7240,1104,2,0
459b,7240,1106,3,0
3173b,7240,1107,4,0
15095b,7240,1111,5,0
6685b,7240,1118,6,1
15117b,289,447,1,0
1971b,289,451,2,0
459b,289,453,3,0
3173b,289,454,4,0
15095b,289,458,5,0
6685b,289,465,6,1
15117b,7275,1330,1,0
1971b,7275,1334,2,0
459b,7275,1335,3,0
3173b,7275,1336,4,0
15095b,7275,1340,5,0
6685b,7275,1346,6,1
6685b,16079,322,1,0
6832b,16079,324,2,0
15090b,16079,326,3,0
1965b,16079,331,4,0
713b,16079,331,5,0
310b,16079,333,6,0
917b,16079,333,7,0
2442b,16079,335,8,0
15117b,16079,338,9,1
6685b,16084,915,1,0
6832b,16084,917,2,0
15090b,16084,920,3,0
1965b,16084,926,4,0
713b,16084,927,5,0
310b,16084,928,6,0
917b,16084,929,7,0
2442b,16084,932,8,0
15117b,16084,935,9,1
15117b,16056,402,1,0
1971b,16056,406,2,0
459b,16056,407,3,0
3173b,16056,408,4,0
15095b,16056,412,5,0
6685b,16056,418,6,1
15117b,28035,942,1,0
1971b,28035,946,2,0
459b,28035,948,3,0
3173b,28035,949,4,0
15095b,28035,953,5,0
6685b,28035,960,6,1
15117b,28026,310,1,0
1971b,28026,313,2,0
459b,28026,315,3,0
3173b,28026,315,4,0
15095b,28026,319,5,0
6685b,28026,324,6,1
6685b,16017,1177,1,0
6832b,16017,1179,2,0
15090b,16017,1182,3,0
1965b,16017,1187,4,0
713b,16017,1188,5,0
310b,16017,1189,6,0
917b,16017,1190,7,0
2442b,16017,1192,8,0
15117b,16017,1195,9,1
6685b,16020,585,1,0
6832b,16020,587,2,0
15090b,16020,590,3,0
1965b,16020,596,4,0
713b,16020,597,5,0
310b,16020,598,6,0
917b,16020,599,7,0
2442b,16020,602,8,0
15117b,16020,605,9,1
6685b,305,1087,1,0
6832b,305,1089,2,0
15090b,305,1092,3,0
1965b,305,1098,4,0
713b,305,1099,5,0
310b,305,1100,6,0
917b,305,1101,7,0
2442b,305,1104,8,0
15117b,305,1107,9,1
15117b,371,1115,1,0
1971b,371,1119,2,0
459b,371,1121,3,0
3173b,371,1122,4,0
15095b,371,1126,5,0
6685b,371,1133,6,1
15117b,18665,605,1,0
1971b,18665,609,2,0
459b,18665,611,3,0
3173b,18665,612,4,0
15095b,18665,616,5,0
6685b,18665,623,6,1
15117b,16003,755,1,0
1971b,16003,759,2,0
459b,16003,761,3,0
3173b,16003,762,4,0
15095b,16003,766,5,0
6685b,16003,773,6,1
6685b,28138,1275,1,0
6832b,28138,1277,2,0
15090b,28138,1279,3,0
1965b,28138,1284,4,0
713b,28138,1284,5,0
310b,28138,1286,6,0
917b,28138,1286,7,0
2442b,28138,1288,8,0
15117b,28138,1291,9,1
15117b,31795,537,1,0
1971b,31795,541,2,0
459b,31795,543,3,0
3173b,31795,544,4,0
15095b,31795,548,5,0
6685b,31795,555,6,1
6685b,16166,1375,1,0
6832b,16166,1377,2,0
15090b,16166,1379,3,0
1965b,16166,1384,4,0
713b,16166,1384,5,0
310b,16166,1386,6,0
917b,16166,1386,7,0
2442b,16166,1388,8,0
15117b,16166,1391,9,1
6685b,446,1345,1,0
6832b,446,1347,2,0
15090b,446,1349,3,0
1965b,446,1354,4,0
713b,446,1354,5,0
310b,446,1356,6,0
917b,446,1356,7,0
2442b,446,1358,8,0
15117b,446,1361,9,1
6685b,31749,982,1,0
6832b,31749,984,2,0
15090b,31749,987,3,0
1965b,31749,993,4,0
713b,31749,994,5,0
310b,31749,995,6,0
917b,31749,996,7,0
2442b,31749,999,8,0
15117b,31749,1002,9,1
15117b,31728,1167,1,0
1971b,31728,1171,2,0
459b,31728,1172,3,0
3173b,31728,1173,4,0
15095b,31728,1177,5,0
6685b,31728,1183,6,1
15117b,28273,1100,1,0
1971b,28273,1104,2,0
459b,28273,1106,3,0
3173b,28273,1107,4,0
15095b,28273,1111,5,0
6685b,28273,1118,6,1
6685b,28281,577,1,0
6832b,28281,579,2,0
15090b,28281,582,3,0
1965b,28281,588,4,0
713b,28281,589,5,0
310b,28281,590,6,0
917b,28281,591,7,0
2442b,28281,594,8,0
15117b,28281,597,9,1
6685b,28259,345,1,0
6832b,28259,347,2,0
15090b,28259,349,3,0
1965b,28259,354,4,0
713b,28259,354,5,0
310b,28259,356,6,0
917b,28259,356,7,0
2442b,28259,358,8,0
15117b,28259,361,9,1
15117b,28268,440,1,0
1971b,28268,444,2,0
459b,28268,446,3,0
3173b,28268,447,4,0
15095b,28268,451,5,0
6685b,28268,458,6,1
15117b,525,642,1,0
1971b,525,646,2,0
459b,525,648,3,0
3173b,525,649,4,0
15095b,525,653,5,0
6685b,525,660,6,1
6685b,556,795,1,0
6832b,556,797,2,0
15090b,556,800,3,0
1965b,556,806,4,0
713b,556,807,5,0
310b,556,808,6,0
917b,556,809,7,0
2442b,556,812,8,0
15117b,556,815,9,1
15117b,18812,560,1,0
1971b,18812,564,2,0
459b,18812,566,3,0
3173b,18812,567,4,0
15095b,18812,571,5,0
6685b,18812,578,6,1
15117b,18809,1040,1,0
1971b,18809,1044,2,0
459b,18809,1046,3,0
3173b,18809,1047,4,0
15095b,18809,1051,5,0
6685b,18809,1058,6,1
15117b,28222,1370,1,0
1971b,28222,1374,2,0
459b,28222,1375,3,0
3173b,28222,1376,4,0
15095b,28222,1380,5,0
6685b,28222,1386,6,1
15117b,604,867,1,0
1971b,604,871,2,0
459b,604,873,3,0
3173b,604,874,4,0
15095b,604,878,5,0
6685b,604,885,6,1
15117b,631,1160,1,0
1971b,631,1164,2,0
459b,631,1165,3,0
3173b,631,1166,4,0
15095b,631,1170,5,0
6685b,631,1176,6,1
6685b,677,735,1,0
6832b,677,737,2,0
15090b,677,740,3,0
1965b,677,746,4,0
713b,677,747,5,0
310b,677,748,6,0
917b,677,749,7,0
2442b,677,752,8,0
15117b,677,755,9,1
6685b,7665,690,1,0
6832b,7665,692,2,0
15090b,7665,695,3,0
1965b,7665,701,4,0
713b,7665,702,5,0
310b,7665,703,6,0
917b,7665,704,7,0
2442b,7665,707,8,0
15117b,7665,710,9,1
15117b,7676,470,1,0
1971b,7676,474,2,0
459b,7676,476,3,0
3173b,7676,477,4,0
15095b,7676,481,5,0
6685b,7676,488,6,1
15117b,7681,1182,1,0
1971b,7681,1186,2,0
459b,7681,1187,3,0
3173b,7681,1188,4,0
15095b,7681,1192,5,0
6685b,7681,1198,6,1
6685b,31915,1132,1,0
6832b,31915,1134,2,0
15090b,31915,1137,3,0
1965b,31915,1143,4,0
713b,31915,1144,5,0
310b,31915,1145,6,0
917b,31915,1146,7,0
2442b,31915,1149,8,0
15117b,31915,1152,9,1
15117b,7692,1025,1,0
1971b,7692,1029,2,0
459b,7692,1031,3,0
3173b,7692,1032,4,0
15095b,7692,1036,5,0
6685b,7692,1043,6,1
6685b,5061,622,1,0
6832b,5061,624,2,0
15090b,5061,627,3,0
1965b,5061,633,4,0
713b,5061,634,5,0
310b,5061,635,6,0
917b,5061,636,7,0
2442b,5061,639,8,0
15117b,5061,642,9,1
6685b,5087,690,1,0
6832b,5087,692,2,0
15090b,5087,695,3,0
1965b,5087,701,4,0
713b,5087,702,5,0
310b,5087,703,6,0
917b,5087,704,7,0
2442b,5087,707,8,0
15117b,5087,710,9,1
6685b,16351,1435,1,0
6832b,16351,1437,2,0
15090b,16351,1439,3,0
1965b,16351,1444,4,0
713b,16351,1444,5,0
310b,16351,1446,6,0
917b,16351,1446,7,0
2442b,16351,1448,8,0
15117b,16351,1451,9,1
6685b,31991,877,1,0
6832b,31991,879,2,0
15090b,31991,882,3,0
1965b,31991,888,4,0
713b,31991,889,5,0
310b,31991,890,6,0
917b,31991,891,7,0
2442b,31991,894,8,0
15117b,31991,897,9,1
15117b,31985,1152,1,0
1971b,31985,1156,2,0
459b,31985,1157,3,0
3173b,31985,1158,4,0
15095b,31985,1162,5,0
6685b,31985,1168,6,1
15117b,31940,777,1,0
1971b,31940,781,2,0
459b,31940,783,3,0
3173b,31940,784,4,0
15095b,31940,788,5,0
6685b,31940,795,6,1
15117b,31924,1205,1,0
1971b,31924,1209,2,0
459b,31924,1210,3,0
3173b,31924,1211,4,0
15095b,31924,1215,5,0
6685b,31924,1221,6,1
6685b,16308,870,1,0
6832b,16308,872,2,0
15090b,16308,875,3,0
1965b,16308,881,4,0
713b,16308,882,5,0
310b,16308,883,6,0
917b,16308,884,7,0
2442b,16308,887,8,0
15117b,16308,890,9,1
6685b,735,1027,1,0
6832b,735,1029,2,0
15090b,735,1032,3,0
1965b,735,1038,4,0
713b,735,1039,5,0
310b,735,1040,6,0
917b,735,1041,7,0
2442b,735,1044,8,0
15117b,735,1047,9,1
15117b,16484,920,1,0
1971b,16484,924,2,0
459b,16484,926,3,0
3173b,16484,927,4,0
15095b,16484,931,5,0
6685b,16484,938,6,1
6685b,850,1125,1,0
6832b,850,1127,2,0
15090b,850,1130,3,0
1965b,850,1136,4,0
713b,850,1137,5,0
310b,850,1138,6,0
917b,850,1139,7,0
2442b,850,1142,8,0
15117b,850,1145,9,1
15117b,7817,935,1,0
1971b,7817,939,2,0
459b,7817,941,3,0
3173b,7817,942,4,0
15095b,7817,946,5,0
6685b,7817,953,6,1
6685b,892,1185,1,0
6832b,892,1187,2,0
15090b,892,1190,3,0
1965b,892,1195,4,0
713b,892,1196,5,0
310b,892,1197,6,0
917b,892,1198,7,0
2442b,892,1200,8,0
15117b,892,1203,9,1
15117b,5226,365,1,0
1971b,5226,369,2,0
459b,5226,370,3,0
3173b,5226,371,4,0
15095b,5226,375,5,0
6685b,5226,381,6,1
15117b,5288,717,1,0
1971b,5288,721,2,0
459b,5288,723,3,0
3173b,5288,724,4,0
15095b,5288,728,5,0
6685b,5288,735,6,1
6685b,28582,495,1,0
6832b,28582,497,2,0
15090b,28582,500,3,0
1965b,28582,506,4,0
713b,28582,507,5,0
310b,28582,508,6,0
917b,28582,509,7,0
2442b,28582,512,8,0
15117b,28582,515,9,1
6685b,16578,750,1,0
6832b,16578,752,2,0
15090b,16578,755,3,0
1965b,16578,761,4,0
713b,16578,762,5,0
310b,16578,763,6,0
917b,16578,764,7,0
2442b,16578,767,8,0
15117b,16578,770,9,1
3825b,913,1370,1,0
15074b,913,1373,2,0
15075b,913,1376,3,0
534b,913,1381,4,0
5617b,913,1385,5,1
15117b,968,410,1,0
1971b,968,414,2,0
459b,968,415,3,0
3173b,968,416,4,0
15095b,968,420,5,0
6685b,968,426,6,1
15117b,7926,1310,1,0
1971b,7926,1314,2,0
459b,7926,1315,3,0
3173b,7926,1316,4,0
15095b,7926,1320,5,0
6685b,7926,1326,6,1
6685b,26082,1072,1,0
6832b,26082,1074,2,0
15090b,26082,1077,3,0
1965b,26082,1083,4,0
713b,26082,1084,5,0
310b,26082,1085,6,0
917b,26082,1086,7,0
2442b,26082,1089,8,0
15117b,26082,1092,9,1
6685b,996,1087,1,0
6832b,996,1089,2,0
15090b,996,1092,3,0
1965b,996,1098,4,0
713b,996,1099,5,0
310b,996,1100,6,0
917b,996,1101,7,0
2442b,996,1104,8,0
15117b,996,1107,9,1
6685b,7955,307,1,0
6832b,7955,309,2,0
15090b,7955,311,3,0
1965b,7955,316,4,0
713b,7955,316,5,0
310b,7955,318,6,0
917b,7955,318,7,0
2442b,7955,320,8,0
15117b,7955,323,9,1
6685b,7964,772,1,0
6832b,7964,774,2,0
15090b,7964,777,3,0
1965b,7964,783,4,0
713b,7964,784,5,0
310b,7964,785,6,0
917b,7964,786,7,0
2442b,7964,789,8,0
15117b,7964,792,9,1
15117b,7996,500,1,0
1971b,7996,504,2,0
459b,7996,506,3,0
3173b,7996,507,4,0
15095b,7996,511,5,0
6685b,7996,518,6,1
6685b,5383,1042,1,0
6832b,5383,1044,2,0
15090b,5383,1047,3,0
1965b,5383,1053,4,0
713b,5383,1054,5,0
310b,5383,1055,6,0
917b,5383,1056,7,0
2442b,5383,1059,8,0
15117b,5383,1062,9,1
15117b,16630,912,1,0
1971b,16630,916,2,0
459b,16630,918,3,0
3173b,16630,919,4,0
15095b,16630,923,5,0
6685b,16630,930,6,1
6685b,16640,367,1,0
6832b,16640,369,2,0
15090b,16640,372,3,0
1965b,16640,377,4,0
713b,16640,378,5,0
310b,16640,379,6,0
917b,16640,380,7,0
2442b,16640,382,8,0
15117b,16640,385,9,1
6685b,28626,1315,1,0
6832b,28626,1317,2,0
15090b,28626,1319,3,0
1965b,28626,1324,4,0
713b,28626,1324,5,0
310b,28626,1326,6,0
917b,28626,1326,7,0
2442b,28626,1328,8,0
15117b,28626,1331,9,1
15117b,38011,882,1,0
1971b,38011,886,2,0
459b,38011,888,3,0
3173b,38011,889,4,0
15095b,38011,893,5,0
6685b,38011,900,6,1
15117b,28680,1470,1,0
1971b,28680,1474,2,0
459b,28680,1475,3,0
3173b,28680,1476,4,0
15095b,28680,1480,5,0
6685b,28680,1486,6,1
6685b,14013,1245,1,0
6832b,14013,1247,2,0
15090b,14013,1250,3,0
1965b,14013,1255,4,0
713b,14013,1256,5,0
310b,14013,1257,6,0
917b,14013,1258,7,0
2442b,14013,1260,8,0
15117b,14013,1263,9,1
6685b,38179,787,1,0
6832b,38179,789,2,0
15090b,38179,792,3,0
1965b,38179,798,4,0
713b,38179,799,5,0
310b,38179,800,6,0
917b,38179,801,7,0
2442b,38179,804,8,0
15117b,38179,807,9,1
6685b,14196,1057,1,0
6832b,14196,1059,2,0
15090b,14196,1062,3,0
1965b,14196,1068,4,0
713b,14196,1069,5,0
310b,14196,1070,6,0
917b,14196,1071,7,0
2442b,14196,1074,8,0
15117b,14196,1077,9,1
15117b,5435,432,1,0
1971b,5435,436,2,0
459b,5435,438,3,0
3173b,5435,439,4,0
15095b,5435,443,5,0
6685b,5435,450,6,1
15117b,28738,777,1,0
1971b,28738,781,2,0
459b,28738,783,3,0
3173b,28738,784,4,0
15095b,28738,788,5,0
6685b,28738,795,6,1
6685b,16757,750,1,0
6832b,16757,752,2,0
15090b,16757,755,3,0
1965b,16757,761,4,0
713b,16757,762,5,0
310b,16757,763,6,0
917b,16757,764,7,0
2442b,16757,767,8,0
15117b,16757,770,9,1
15117b,14100,1107,1,0
1971b,14100,1111,2,0
459b,14100,1113,3,0
3173b,14100,1114,4,0
15095b,14100,1118,5,0
6685b,14100,1125,6,1
6685b,16735,682,1,0
6832b,16735,684,2,0
15090b,16735,687,3,0
1965b,16735,693,4,0
713b,16735,694,5,0
310b,16735,695,6,0
917b,16735,696,7,0
2442b,16735,699,8,0
15117b,16735,702,9,1
6685b,16717,487,1,0
6832b,16717,489,2,0
15090b,16717,492,3,0
1965b,16717,498,4,0
713b,16717,499,5,0
310b,16717,500,6,0
917b,16717,501,7,0
2442b,16717,504,8,0
15117b,16717,507,9,1
6685b,16720,630,1,0
6832b,16720,632,2,0
15090b,16720,635,3,0
1965b,16720,641,4,0
713b,16720,642,5,0
310b,16720,643,6,0
917b,16720,644,7,0
2442b,16720,647,8,0
15117b,16720,650,9,1
6685b,38144,1050,1,0
6832b,38144,1052,2,0
15090b,38144,1055,3,0
1965b,38144,1061,4,0
713b,38144,1062,5,0
310b,38144,1063,6,0
917b,38144,1064,7,0
2442b,38144,1067,8,0
15117b,38144,1070,9,1
15117b,16798,965,1,0
1971b,16798,969,2,0
459b,16798,971,3,0
3173b,16798,972,4,0
15095b,16798,976,5,0
6685b,16798,983,6,1
15117b,26128,357,1,0
1971b,26128,360,2,0
459b,26128,362,3,0
3173b,26128,362,4,0
15095b,26128,366,5,0
6685b,26128,371,6,1
6685b,28769,705,1,0
6832b,28769,707,2,0
15090b,28769,710,3,0
1965b,28769,716,4,0
713b,28769,717,5,0
310b,28769,718,6,0
917b,28769,719,7,0
2442b,28769,722,8,0
15117b,28769,725,9,1
3825b,16906,1320,1,0
15074b,16906,1323,2,0
15075b,16906,1326,3,0
534b,16906,1331,4,0
5617b,16906,1335,5,1
6685b,16878,1355,1,0
6832b,16878,1357,2,0
15090b,16878,1359,3,0
1965b,16878,1364,4,0
713b,16878,1364,5,0
310b,16878,1366,6,0
917b,16878,1366,7,0
2442b,16878,1368,8,0
15117b,16878,1371,9,1
6685b,28831,607,1,0
6832b,28831,609,2,0
15090b,28831,612,3,0
1965b,28831,618,4,0
713b,28831,619,5,0
310b,28831,620,6,0
917b,28831,621,7,0
2442b,28831,624,8,0
15117b,28831,627,9,1
15117b,38241,882,1,0
1971b,38241,886,2,0
459b,38241,888,3,0
3173b,38241,889,4,0
15095b,38241,893,5,0
6685b,38241,900,6,1
15117b,16898,455,1,0
1971b,16898,459,2,0
459b,16898,461,3,0
3173b,16898,462,4,0
15095b,16898,466,5,0
6685b,16898,473,6,1
15117b,26224,1500,1,0
1971b,26224,1504,2,0
459b,26224,1505,3,0
3173b,26224,1506,4,0
15095b,26224,1510,5,0
6685b,26224,1516,6,1
6685b,5604,652,1,0
6832b,5604,654,2,0
15090b,5604,657,3,0
1965b,5604,663,4,0
713b,5604,664,5,0
310b,5604,665,6,0
917b,5604,666,7,0
2442b,5604,669,8,0
15117b,5604,672,9,1
15117b,5614,980,1,0
1971b,5614,984,2,0
459b,5614,986,3,0
3173b,5614,987,4,0
15095b,5614,991,5,0
6685b,5614,998,6,1
15117b,5653,620,1,0
1971b,5653,624,2,0
459b,5653,626,3,0
3173b,5653,627,4,0
15095b,5653,631,5,0
6685b,5653,638,6,1
15117b,5644,950,1,0
1971b,5644,954,2,0
459b,5644,956,3,0
3173b,5644,957,4,0
15095b,5644,961,5,0
6685b,5644,968,6,1
3825b,3082,1330,1,0
15074b,3082,1333,2,0
15075b,3082,1336,3,0
534b,3082,1341,4,0
5617b,3082,1345,5,1
15117b,38307,530,1,0
1971b,38307,534,2,0
459b,38307,536,3,0
3173b,38307,537,4,0
15095b,38307,541,5,0
6685b,38307,548,6,1
6685b,14343,1285,1,0
6832b,14343,1287,2,0
15090b,14343,1289,3,0
1965b,14343,1294,4,0
713b,14343,1294,5,0
310b,14343,1296,6,0
917b,14343,1296,7,0
2442b,14343,1298,8,0
15117b,14343,1301,9,1
6685b,16989,1177,1,0
6832b,16989,1179,2,0
15090b,16989,1182,3,0
1965b,16989,1187,4,0
713b,16989,1188,5,0
310b,16989,1189,6,0
917b,16989,1190,7,0
2442b,16989,1192,8,0
15117b,16989,1195,9,1
6685b,28931,1485,1,0
6832b,28931,1487,2,0
15090b,28931,1489,3,0
1965b,28931,1494,4,0
713b,28931,1494,5,0
310b,28931,1496,6,0
917b,28931,1496,7,0
2442b,28931,1498,8,0
15117b,28931,1501,9,1
15117b,28927,995,1,0
1971b,28927,999,2,0
459b,28927,1001,3,0
3173b,28927,1002,4,0
15095b,28927,1006,5,0
6685b,28927,1013,6,1
6685b,16942,435,1,0
6832b,16942,437,2,0
15090b,16942,440,3,0
1965b,16942,446,4,0
713b,16942,447,5,0
310b,16942,448,6,0
917b,16942,449,7,0
2442b,16942,452,8,0
15117b,16942,455,9,1
6685b,38382,982,1,0
6832b,38382,984,2,0
15090b,38382,987,3,0
1965b,38382,993,4,0
713b,38382,994,5,0
310b,38382,995,6,0
917b,38382,996,7,0
2442b,38382,999,8,0
15117b,38382,1002,9,1
6685b,38364,450,1,0
6832b,38364,452,2,0
15090b,38364,455,3,0
1965b,38364,461,4,0
713b,38364,462,5,0
310b,38364,463,6,0
917b,38364,464,7,0
2442b,38364,467,8,0
15117b,38364,470,9,1
3825b,38344,1410,1,0
15074b,38344,1413,2,0
15075b,38344,1416,3,0
534b,38344,1421,4,0
5617b,38344,1425,5,1
15117b,26368,1175,1,0
1971b,26368,1179,2,0
459b,26368,1180,3,0
3173b,26368,1181,4,0
15095b,26368,1185,5,0
6685b,26368,1191,6,1
15117b,14362,300,1,0
1971b,14362,303,2,0
459b,14362,305,3,0
3173b,14362,305,4,0
15095b,14362,309,5,0
6685b,14362,314,6,1
6685b,5741,915,1,0
6832b,5741,917,2,0
15090b,5741,920,3,0
1965b,5741,926,4,0
713b,5741,927,5,0
310b,5741,928,6,0
917b,5741,929,7,0
2442b,5741,932,8,0
15117b,5741,935,9,1
6685b,3177,517,1,0
6832b,3177,519,2,0
15090b,3177,522,3,0
1965b,3177,528,4,0
713b,3177,529,5,0
310b,3177,530,6,0
917b,3177,531,7,0
2442b,3177,534,8,0
15117b,3177,537,9,1
6685b,3188,1265,1,0
6832b,3188,1267,2,0
15090b,3188,1269,3,0
1965b,3188,1274,4,0
713b,3188,1274,5,0
310b,3188,1276,6,0
917b,3188,1276,7,0
2442b,3188,1278,8,0
15117b,3188,1281,9,1
6685b,14465,1072,1,0
6832b,14465,1074,2,0
15090b,14465,1077,3,0
1965b,14465,1083,4,0
713b,14465,1084,5,0
310b,14465,1085,6,0
917b,14465,1086,7,0
2442b,14465,1089,8,0
15117b,14465,1092,9,1
6685b,14429,1170,1,0
6832b,14429,1172,2,0
15090b,14429,1175,3,0
1965b,14429,1180,4,0
713b,14429,1181,5,0
310b,14429,1182,6,0
917b,14429,1183,7,0
2442b,14429,1185,8,0
15117b,14429,1188,9,1
6685b,26490,547,1,0
6832b,26490,549,2,0
15090b,26490,552,3,0
1965b,26490,558,4,0
713b,26490,559,5,0
310b,26490,560,6,0
917b,26490,561,7,0
2442b,26490,564,8,0
15117b,26490,567,9,1
15117b,26460,470,1,0
1971b,26460,474,2,0
459b,26460,476,3,0
3173b,26460,477,4,0
15095b,26460,481,5,0
6685b,26460,488,6,1
15117b,5822,597,1,0
1971b,5822,601,2,0
459b,5822,603,3,0
3173b,5822,604,4,0
15095b,5822,608,5,0
6685b,5822,615,6,1
15117b,5823,1270,1,0
1971b,5823,1274,2,0
459b,5823,1275,3,0
3173b,5823,1276,4,0
15095b,5823,1280,5,0
6685b,5823,1286,6,1
15117b,14613,560,1,0
1971b,14613,564,2,0
459b,14613,566,3,0
3173b,14613,567,4,0
15095b,14613,571,5,0
6685b,14613,578,6,1
6685b,3247,600,1,0
6832b,3247,602,2,0
15090b,3247,605,3,0
1965b,3247,611,4,0
713b,3247,612,5,0
310b,3247,613,6,0
917b,3247,614,7,0
2442b,3247,617,8,0
15117b,3247,620,9,1
3825b,14604,1400,1,0
15074b,14604,1403,2,0
15075b,14604,1406,3,0
534b,14604,1411,4,0
5617b,14604,1415,5,1
15117b,14581,1300,1,0
1971b,14581,1304,2,0
459b,14581,1305,3,0
3173b,14581,1306,4,0
15095b,14581,1310,5,0
6685b,14581,1316,6,1
6685b,26520,1162,1,0
6832b,26520,1164,2,0
15090b,26520,1167,3,0
1965b,26520,1172,4,0
713b,26520,1173,5,0
310b,26520,1174,6,0
917b,26520,1175,7,0
2442b,26520,1177,8,0
15117b,26520,1180,9,1
6685b,14735,525,1,0
6832b,14735,527,2,0
15090b,14735,530,3,0
1965b,14735,536,4,0
713b,14735,537,5,0
310b,14735,538,6,0
917b,14735,539,7,0
2442b,14735,542,8,0
15117b,14735,545,9,1
6685b,26686,952,1,0
6832b,26686,954,2,0
15090b,26686,957,3,0
1965b,26686,963,4,0
713b,26686,964,5,0
310b,26686,965,6,0
917b,26686,966,7,0
2442b,26686,969,8,0
15117b,26686,972,9,1
6685b,14659,712,1,0
6832b,14659,714,2,0
15090b,14659,717,3,0
1965b,14659,723,4,0
713b,14659,724,5,0
310b,14659,725,6,0
917b,14659,726,7,0
2442b,14659,729,8,0
15117b,14659,732,9,1
15117b,24094,770,1,0
1971b,24094,774,2,0
459b,24094,776,3,0
3173b,24094,777,4,0
15095b,24094,781,5,0
6685b,24094,788,6,1
15117b,36044,300,1,0
1971b,36044,303,2,0
459b,36044,305,3,0
3173b,36044,305,4,0
15095b,36044,309,5,0
6685b,36044,314,6,1
15117b,24061,462,1,0
1971b,24061,466,2,0
459b,24061,468,3,0
3173b,24061,469,4,0
15095b,24061,473,5,0
6685b,24061,480,6,1
15117b,24064,657,1,0
1971b,24064,661,2,0
459b,24064,663,3,0
3173b,24064,664,4,0
15095b,24064,668,5,0
6685b,24064,675,6,1
15117b,12062,372,1,0
1971b,12062,376,2,0
459b,12062,377,3,0
3173b,12062,378,4,0
15095b,12062,382,5,0
6685b,12062,388,6,1
15117b,3413,860,1,0
1971b,3413,864,2,0
459b,3413,866,3,0
3173b,3413,867,4,0
15095b,3413,871,5,0
6685b,3413,878,6,1
15117b,3429,665,1,0
1971b,3429,669,2,0
459b,3429,671,3,0
3173b,3429,672,4,0
15095b,3429,676,5,0
6685b,3429,683,6,1
6685b,26839,727,1,0
6832b,26839,729,2,0
15090b,26839,732,3,0
1965b,26839,738,4,0
713b,26839,739,5,0
310b,26839,740,6,0
917b,26839,741,7,0
2442b,26839,744,8,0
15117b,26839,747,9,1
6685b,26834,1050,1,0
6832b,26834,1052,2,0
15090b,26834,1055,3,0
1965b,26834,1061,4,0
713b,26834,1062,5,0
310b,26834,1063,6,0
917b,26834,1064,7,0
2442b,26834,1067,8,0
15117b,26834,1070,9,1
15117b,3476,710,1,0
1971b,3476,714,2,0
459b,3476,716,3,0
3173b,3476,717,4,0
15095b,3476,721,5,0
6685b,3476,728,6,1
15117b,3499,845,1,0
1971b,3499,849,2,0
459b,3499,851,3,0
3173b,3499,852,4,0
15095b,3499,856,5,0
6685b,3499,863,6,1
6685b,14831,975,1,0
6832b,14831,977,2,0
15090b,14831,980,3,0
1965b,14831,986,4,0
713b,14831,987,5,0
310b,14831,988,6,0
917b,14831,989,7,0
2442b,14831,992,8,0
15117b,14831,995,9,1
15117b,26826,822,1,0
1971b,26826,826,2,0
459b,26826,828,3,0
3173b,26826,829,4,0
15095b,26826,833,5,0
6685b,26826,840,6,1
15117b,14845,365,1,0
1971b,14845,369,2,0
459b,14845,370,3,0
3173b,14845,371,4,0
15095b,14845,375,5,0
6685b,14845,381,6,1
15117b,12142,552,1,0
1971b,12142,556,2,0
459b,12142,558,3,0
3173b,12142,559,4,0
15095b,12142,563,5,0
6685b,12142,570,6,1
3825b,26786,1380,1,0
15074b,26786,1383,2,0
15075b,26786,1386,3,0
534b,26786,1391,4,0
5617b,26786,1395,5,1
15117b,14780,1077,1,0
1971b,14780,1081,2,0
459b,14780,1083,3,0
3173b,14780,1084,4,0
15095b,14780,1088,5,0
6685b,14780,1095,6,1
15117b,26760,1510,1,0
1971b,26760,1514,2,0
459b,26760,1515,3,0
3173b,26760,1516,4,0
15095b,26760,1520,5,0
6685b,26760,1526,6,1
15117b,36155,1040,1,0
1971b,36155,1044,2,0
459b,36155,1046,3,0
3173b,36155,1047,4,0
15095b,36155,1051,5,0
6685b,36155,1058,6,1
6685b,3518,1027,1,0
6832b,3518,1029,2,0
15090b,3518,1032,3,0
1965b,3518,1038,4,0
713b,3518,1039,5,0
310b,3518,1040,6,0
917b,3518,1041,7,0
2442b,3518,1044,8,0
15117b,3518,1047,9,1
6685b,3529,562,1,0
6832b,3529,564,2,0
15090b,3529,567,3,0
1965b,3529,573,4,0
713b,3529,574,5,0
310b,3529,575,6,0
917b,3529,576,7,0
2442b,3529,579,8,0
15117b,3529,582,9,1
6685b,3572,855,1,0
6832b,3572,857,2,0
15090b,3572,860,3,0
1965b,3572,866,4,0
713b,3572,867,5,0
310b,3572,868,6,0
917b,3572,869,7,0
2442b,3572,872,8,0
15117b,3572,875,9,1
6685b,12323,645,1,0
6832b,12323,647,2,0
15090b,12323,650,3,0
1965b,12323,656,4,0
713b,12323,657,5,0
310b,12323,658,6,0
917b,12323,659,7,0
2442b,12323,662,8,0
15117b,12323,665,9,1
6685b,14986,907,1,0
6832b,14986,909,2,0
15090b,14986,912,3,0
1965b,14986,918,4,0
713b,14986,919,5,0
310b,14986,920,6,0
917b,14986,921,7,0
2442b,14986,924,8,0
15117b,14986,927,9,1
15117b,12308,387,1,0
1971b,12308,391,2,0
459b,12308,392,3,0
3173b,12308,393,4,0
15095b,12308,397,5,0
6685b,12308,403,6,1
6685b,14961,1365,1,0
6832b,14961,1367,2,0
15090b,14961,1369,3,0
1965b,14961,1374,4,0
713b,14961,1374,5,0
310b,14961,1376,6,0
917b,14961,1376,7,0
2442b,14961,1378,8,0
15117b,14961,1381,9,1
6685b,14933,330,1,0
6832b,14933,332,2,0
15090b,14933,334,3,0
1965b,14933,339,4,0
713b,14933,339,5,0
310b,14933,341,6,0
917b,14933,341,7,0
2442b,14933,343,8,0
15117b,14933,346,9,1
6685b,36241,712,1,0
6832b,36241,714,2,0
15090b,36241,717,3,0
1965b,36241,723,4,0
713b,36241,724,5,0
310b,36241,725,6,0
917b,36241,726,7,0
2442b,36241,729,8,0
15117b,36241,732,9,1
6685b,26895,967,1,0
6832b,26895,969,2,0
15090b,26895,972,3,0
1965b,26895,978,4,0
713b,26895,979,5,0
310b,26895,980,6,0
917b,26895,981,7,0
2442b,26895,984,8,0
15117b,26895,987,9,1
6685b,24238,360,1,0
6832b,24238,362,2,0
15090b,24238,365,3,0
1965b,24238,370,4,0
713b,24238,371,5,0
310b,24238,372,6,0
917b,24238,373,7,0
2442b,24238,375,8,0
15117b,24238,378,9,1
15117b,12259,1220,1,0
1971b,12259,1224,2,0
459b,12259,1225,3,0
3173b,12259,1226,4,0
15095b,12259,1230,5,0
6685b,12259,1236,6,1
6685b,12264,532,1,0
6832b,12264,534,2,0
15090b,12264,537,3,0
1965b,12264,543,4,0
713b,12264,544,5,0
310b,12264,545,6,0
917b,12264,546,7,0
2442b,12264,549,8,0
15117b,12264,552,9,1
15117b,26882,545,1,0
1971b,26882,549,2,0
459b,26882,551,3,0
3173b,26882,552,4,0
15095b,26882,556,5,0
6685b,26882,563,6,1
6685b,12244,705,1,0
6832b,12244,707,2,0
15090b,12244,710,3,0
1965b,12244,716,4,0
713b,12244,717,5,0
310b,12244,718,6,0
917b,12244,719,7,0
2442b,12244,722,8,0
15117b,12244,725,9,1
6685b,26851,810,1,0
6832b,26851,812,2,0
15090b,26851,815,3,0
1965b,26851,821,4,0
713b,26851,822,5,0
310b,26851,823,6,0
917b,26851,824,7,0
2442b,26851,827,8,0
15117b,26851,830,9,1
6685b,26866,450,1,0
6832b,26866,452,2,0
15090b,26866,455,3,0
1965b,26866,461,4,0
713b,26866,462,5,0
310b,26866,463,6,0
917b,26866,464,7,0
2442b,26866,467,8,0
15117b,26866,470,9,1
6685b,36284,352,1,0
6832b,36284,354,2,0
15090b,36284,356,3,0
1965b,36284,361,4,0
713b,36284,361,5,0
310b,36284,363,6,0
917b,36284,363,7,0
2442b,36284,365,8,0
15117b,36284,368,9,1
5619b,24275,1341,1,0
698b,24275,1342,2,0
15071b,24275,1343,3,0
15073b,24275,1344,4,0
3825b,24275,1346,5,1
