arret_id,trajet_id,heure_depart,stop_sequence,terminus
4224b,22209,740,1,0
1278b,22209,745,2,0
2554b,22209,746,3,0
744b,22209,747,4,0
1628b,22209,748,5,0
2584b,22209,748,6,0
2944b,22209,749,7,0
3302b,22209,750,8,0
2942b,22209,750,9,0
6398b,22209,750,10,0
7261b,22209,751,11,0
6482b,22209,751,12,0
6397b,22209,751,13,0
5196b,22209,752,14,0
5191b,22209,753,15,0
7092b,22209,754,16,0
5195b,22209,755,17,1
5195b,12595,380,1,0
6396b,12595,383,2,0
5196b,12595,384,3,0
5192b,12595,387,4,0
6483b,12595,388,5,0
7262b,12595,389,6,0
5193b,12595,389,7,0
3297b,12595,392,8,0
3302b,12595,392,9,0
2942b,12595,393,10,0
1157b,12595,394,11,0
1489b,12595,395,12,1
5195b,9340,410,1,0
6396b,9340,413,2,0
5196b,9340,414,3,0
5192b,9340,417,4,0
6483b,9340,418,5,0
7262b,9340,419,6,0
5193b,9340,419,7,0
3297b,9340,422,8,0
3302b,9340,422,9,0
2942b,9340,423,10,0
1157b,9340,424,11,0
1489b,9340,425,12,1
4224b,9384,1035,1,0
1278b,9384,1040,2,0
2554b,9384,1041,3,0
744b,9384,1042,4,0
1628b,9384,1043,5,0
2584b,9384,1043,6,0
2944b,9384,1044,7,0
3302b,9384,1045,8,0
2942b,9384,1045,9,0
6398b,9384,1046,10,0
7261b,9384,1047,11,0
6482b,9384,1047,12,0
6397b,9384,1048,13,0
5196b,9384,1050,14,0
5191b,9384,1051,15,0
7092b,9384,1053,16,0
5195b,9384,1055,17,1
4224b,26989,795,1,0
1278b,26989,800,2,0
2554b,26989,801,3,0
744b,26989,802,4,0
1628b,26989,803,5,0
2584b,26989,803,6,0
2944b,26989,804,7,0
3302b,26989,805,8,0
2942b,26989,805,9,0
6398b,26989,805,10,0
7261b,26989,806,11,0
6482b,26989,806,12,0
6397b,26989,806,13,0
5196b,26989,807,14,0
5191b,26989,808,15,0
7092b,26989,809,16,0
5195b,26989,810,17,1
10b,10269,1005,1,0
848b,10269,1006,2,0
3297b,10269,1008,3,0
3302b,10269,1010,4,0
2942b,10269,1010,5,0
6398b,10269,1011,6,0
7261b,10269,1012,7,0
6482b,10269,1012,8,0
6397b,10269,1013,9,0
5196b,10269,1015,10,0
5191b,10269,1016,11,0
7092b,10269,1018,12,0
5195b,10269,1020,13,1
4224b,15111,975,1,0
1278b,15111,980,2,0
2554b,15111,981,3,0
744b,15111,982,4,0
1628b,15111,983,5,0
2584b,15111,983,6,0
2944b,15111,984,7,0
3302b,15111,985,8,0
2942b,15111,985,9,0
6398b,15111,986,10,0
7261b,15111,987,11,0
6482b,15111,987,12,0
6397b,15111,988,13,0
5196b,15111,990,14,0
5191b,15111,991,15,0
7092b,15111,993,16,0
5195b,15111,995,17,1
5195b,1068,440,1,0
6396b,1068,443,2,0
5196b,1068,444,3,0
5192b,1068,447,4,0
6483b,1068,447,5,0
7262b,1068,448,6,0
5193b,1068,449,7,0
3297b,1068,451,8,0
2943b,1068,451,9,0
2600b,1068,451,10,0
807b,1068,452,11,0
2576b,1068,453,12,0
1046b,1068,453,13,0
1559b,1068,454,14,0
206b,1068,455,15,0
4224b,1068,460,16,1
4224b,328,1090,1,0
1278b,328,1095,2,0
2554b,328,1096,3,0
744b,328,1097,4,0
1628b,328,1098,5,0
2584b,328,1098,6,0
2944b,328,1099,7,0
3302b,328,1100,8,0
2942b,328,1100,9,0
6398b,328,1101,10,0
7261b,328,1102,11,0
6482b,328,1102,12,0
6397b,328,1103,13,0
5196b,328,1105,14,0
5191b,328,1106,15,0
7092b,328,1108,16,0
5195b,328,1110,17,1
5195b,16289,510,1,0
6396b,16289,513,2,0
5196b,16289,514,3,0
5192b,16289,517,4,0
6483b,16289,517,5,0
7262b,16289,518,6,0
5193b,16289,519,7,0
3297b,16289,521,8,0
2943b,16289,521,9,0
2600b,16289,521,10,0
807b,16289,522,11,0
2576b,16289,523,12,0
1046b,16289,523,13,0
1559b,16289,524,14,0
206b,16289,525,15,0
4224b,16289,530,16,1
10b,6935,1065,1,0
848b,6935,1066,2,0
3297b,6935,1068,3,0
3302b,6935,1070,4,0
2942b,6935,1070,5,0
6398b,6935,1071,6,0
7261b,6935,1072,7,0
6482b,6935,1072,8,0
6397b,6935,1073,9,0
5196b,6935,1075,10,0
5191b,6935,1076,11,0
7092b,6935,1078,12,0
5195b,6935,1080,13,1
5195b,20124,475,1,0
6396b,20124,478,2,0
5196b,20124,479,3,0
5192b,20124,482,4,0
6483b,20124,482,5,0
7262b,20124,483,6,0
5193b,20124,484,7,0
3297b,20124,486,8,0
2943b,20124,486,9,0
2600b,20124,486,10,0
807b,20124,487,11,0
2576b,20124,488,12,0
1046b,20124,488,13,0
1559b,20124,489,14,0
206b,20124,490,15,0
4224b,20124,495,16,1
