arret_id,trajet_id,heure_depart,stop_sequence,terminus
6449b,12335,960,1,0
4129b,12335,961,2,0
7623b,12335,963,3,1
7623b,24556,935,1,0
4128b,24556,936,2,0
7573b,24556,937,3,0
7796b,24556,938,4,0
6449b,24556,940,5,1
7623b,3914,1070,1,0
4128b,3914,1071,2,0
7573b,3914,1072,3,0
7796b,3914,1073,4,0
6449b,3914,1075,5,1
5479b,12723,1200,1,0
4024b,12723,1202,2,0
4010b,12723,1202,3,0
3118b,12723,1202,4,0
7292b,12723,1203,5,0
5448b,12723,1204,6,0
7796b,12723,1206,7,0
6449b,12723,1208,8,0
4129b,12723,1209,9,0
7623b,12723,1211,10,1
7623b,24784,585,1,0
4128b,24784,586,2,0
7573b,24784,588,3,0
7797b,24784,589,4,0
5449b,24784,591,5,0
7293b,24784,592,6,0
515b,24784,592,7,0
4011b,24784,593,8,0
4025b,24784,593,9,0
2679b,24784,596,10,0
43b,24784,596,11,0
1949b,24784,597,12,0
2034b,24784,598,13,0
2678b,24784,598,14,0
1578b,24784,599,15,0
5479b,24784,600,16,1
7623b,24760,505,1,0
4128b,24760,506,2,0
7573b,24760,508,3,0
7797b,24760,509,4,0
5449b,24760,511,5,0
7293b,24760,512,6,0
515b,24760,512,7,0
4011b,24760,513,8,0
4025b,24760,513,9,0
2679b,24760,516,10,0
43b,24760,516,11,0
1949b,24760,517,12,0
2034b,24760,518,13,0
2678b,24760,518,14,0
1578b,24760,519,15,0
5479b,24760,520,16,1
5479b,22011,1000,1,0
4024b,22011,1002,2,0
4010b,22011,1002,3,0
3118b,22011,1002,4,0
7292b,22011,1003,5,0
5448b,22011,1004,6,0
7796b,22011,1006,7,0
6449b,22011,1008,8,0
4129b,22011,1009,9,0
7623b,22011,1011,10,1
6449b,12845,640,1,0
4129b,12845,641,2,0
7623b,12845,643,3,1
7623b,10254,615,1,0
4128b,10254,616,2,0
7573b,10254,617,3,0
7796b,10254,618,4,0
6449b,10254,620,5,1
7623b,22225,1125,1,0
4128b,22225,1126,2,0
7573b,22225,1127,3,0
7796b,22225,1128,4,0
6449b,22225,1130,5,1
7623b,12921,1160,1,0
4128b,12921,1161,2,0
7573b,12921,1162,3,0
7796b,12921,1163,4,0
6449b,12921,1165,5,1
7623b,22513,1025,1,0
4128b,22513,1026,2,0
7573b,22513,1028,3,0
7797b,22513,1029,4,0
5449b,22513,1031,5,0
7293b,22513,1032,6,0
515b,22513,1032,7,0
4011b,22513,1033,8,0
4025b,22513,1033,9,0
2679b,22513,1036,10,0
43b,22513,1036,11,0
1949b,22513,1037,12,0
2034b,22513,1038,13,0
2678b,22513,1038,14,0
1578b,22513,1039,15,0
5479b,22513,1040,16,1
7623b,1935,1215,1,0
4128b,1935,1216,2,0
7573b,1935,1217,3,0
7796b,1935,1218,4,0
6449b,1935,1220,5,1
5479b,1996,1080,1,0
4024b,1996,1082,2,0
4010b,1996,1082,3,0
3118b,1996,1082,4,0
7292b,1996,1083,5,0
5448b,1996,1084,6,0
7796b,1996,1086,7,0
6449b,1996,1088,8,0
4129b,1996,1089,9,0
7623b,1996,1091,10,1
7623b,10759,1185,1,0
4128b,10759,1186,2,0
7573b,10759,1188,3,0
7797b,10759,1189,4,0
5449b,10759,1191,5,0
7293b,10759,1192,6,0
515b,10759,1192,7,0
4011b,10759,1193,8,0
4025b,10759,1193,9,0
2679b,10759,1196,10,0
43b,10759,1196,11,0
1949b,10759,1197,12,0
2034b,10759,1198,13,0
2678b,10759,1198,14,0
1578b,10759,1199,15,0
5479b,10759,1200,16,1
7623b,19088,1025,1,0
4128b,19088,1026,2,0
7573b,19088,1027,3,0
7796b,19088,1028,4,0
6449b,19088,1030,5,1
7623b,20198,865,1,0
4128b,20198,866,2,0
7573b,20198,868,3,0
7797b,20198,869,4,0
5449b,20198,871,5,0
7293b,20198,872,6,0
515b,20198,872,7,0
4011b,20198,873,8,0
4025b,20198,873,9,0
2679b,20198,876,10,0
43b,20198,876,11,0
1949b,20198,877,12,0
2034b,20198,878,13,0
2678b,20198,878,14,0
1578b,20198,879,15,0
5479b,20198,880,16,1
7623b,22971,625,1,0
4128b,22971,626,2,0
7573b,22971,628,3,0
7797b,22971,629,4,0
5449b,22971,631,5,0
7293b,22971,632,6,0
515b,22971,632,7,0
4011b,22971,633,8,0
4025b,22971,633,9,0
2679b,22971,636,10,0
43b,22971,636,11,0
1949b,22971,637,12,0
2034b,22971,638,13,0
2678b,22971,638,14,0
1578b,22971,639,15,0
5479b,22971,640,16,1
6449b,32344,640,1,0
4129b,32344,641,2,0
7623b,32344,643,3,1
7623b,10934,1065,1,0
4128b,10934,1066,2,0
7573b,10934,1068,3,0
7797b,10934,1069,4,0
5449b,10934,1071,5,0
7293b,10934,1072,6,0
515b,10934,1072,7,0
4011b,10934,1073,8,0
4025b,10934,1073,9,0
2679b,10934,1076,10,0
43b,10934,1076,11,0
1949b,10934,1077,12,0
2034b,10934,1078,13,0
2678b,10934,1078,14,0
1578b,10934,1079,15,0
5479b,10934,1080,16,1
6449b,8020,775,1,0
4129b,8020,776,2,0
7623b,8020,778,3,1
7623b,8143,1225,1,0
4128b,8143,1226,2,0
7573b,8143,1228,3,0
7797b,8143,1229,4,0
5449b,8143,1231,5,0
7293b,8143,1232,6,0
515b,8143,1232,7,0
4011b,8143,1233,8,0
4025b,8143,1233,9,0
2679b,8143,1236,10,0
43b,8143,1236,11,0
1949b,8143,1237,12,0
2034b,8143,1238,13,0
2678b,8143,1238,14,0
1578b,8143,1239,15,0
5479b,8143,1240,16,1
7623b,17052,1145,1,0
4128b,17052,1146,2,0
7573b,17052,1148,3,0
7797b,17052,1149,4,0
5449b,17052,1151,5,0
7293b,17052,1152,6,0
515b,17052,1152,7,0
4011b,17052,1153,8,0
4025b,17052,1153,9,0
2679b,17052,1156,10,0
43b,17052,1156,11,0
1949b,17052,1157,12,0
2034b,17052,1158,13,0
2678b,17052,1158,14,0
1578b,17052,1159,15,0
5479b,17052,1160,16,1
5479b,17005,600,1,0
4024b,17005,602,2,0
4010b,17005,602,3,0
3118b,17005,602,4,0
7292b,17005,603,5,0
5448b,17005,604,6,0
7796b,17005,606,7,0
6449b,17005,608,8,0
4129b,17005,609,9,0
7623b,17005,611,10,1
5479b,19660,760,1,0
4024b,19660,762,2,0
4010b,19660,762,3,0
3118b,19660,762,4,0
7292b,19660,763,5,0
5448b,19660,764,6,0
7796b,19660,766,7,0
6449b,19660,768,8,0
4129b,19660,769,9,0
7623b,19660,771,10,1
5479b,19645,920,1,0
4024b,19645,922,2,0
4010b,19645,922,3,0
3118b,19645,922,4,0
7292b,19645,923,5,0
5448b,19645,924,6,0
7796b,19645,926,7,0
6449b,19645,928,8,0
4129b,19645,929,9,0
7623b,19645,931,10,1
7623b,17171,495,1,0
4128b,17171,496,2,0
7573b,17171,497,3,0
7796b,17171,498,4,0
6449b,17171,500,5,1
7623b,20885,745,1,0
4128b,20885,746,2,0
7573b,20885,748,3,0
7797b,20885,749,4,0
5449b,20885,751,5,0
7293b,20885,752,6,0
515b,20885,752,7,0
4011b,20885,753,8,0
4025b,20885,753,9,0
2679b,20885,756,10,0
43b,20885,756,11,0
1949b,20885,757,12,0
2034b,20885,758,13,0
2678b,20885,758,14,0
1578b,20885,759,15,0
5479b,20885,760,16,1
5479b,30397,560,1,0
4024b,30397,562,2,0
4010b,30397,562,3,0
3118b,30397,562,4,0
7292b,30397,563,5,0
5448b,30397,564,6,0
7796b,30397,566,7,0
6449b,30397,568,8,0
4129b,30397,569,9,0
7623b,30397,571,10,1
7623b,6058,750,1,0
4128b,6058,751,2,0
7573b,6058,752,3,0
7796b,6058,753,4,0
6449b,6058,755,5,1
7623b,29464,570,1,0
4128b,29464,571,2,0
7573b,29464,572,3,0
7796b,29464,573,4,0
6449b,29464,575,5,1
5479b,8705,1120,1,0
4024b,8705,1122,2,0
4010b,8705,1122,3,0
3118b,8705,1122,4,0
7292b,8705,1123,5,0
5448b,8705,1124,6,0
7796b,8705,1126,7,0
6449b,8705,1128,8,0
4129b,8705,1129,9,0
7623b,8705,1131,10,1
5479b,30581,520,1,0
4024b,30581,522,2,0
4010b,30581,522,3,0
3118b,30581,522,4,0
7292b,30581,523,5,0
5448b,30581,524,6,0
7796b,30581,526,7,0
6449b,30581,528,8,0
4129b,30581,529,9,0
7623b,30581,531,10,1
6449b,6242,685,1,0
4129b,6242,686,2,0
7623b,6242,688,3,1
7623b,27047,675,1,0
4128b,27047,676,2,0
7573b,27047,677,3,0
7796b,27047,678,4,0
6449b,27047,680,5,1
6449b,15048,550,1,0
4129b,15048,551,2,0
7623b,15048,553,3,1
7623b,30659,855,1,0
4128b,30659,856,2,0
7573b,30659,857,3,0
7796b,30659,858,4,0
6449b,30659,860,5,1
7623b,30657,1170,1,0
4128b,30657,1171,2,0
7573b,30657,1172,3,0
7796b,30657,1173,4,0
6449b,30657,1175,5,1
6449b,15129,1050,1,0
4129b,15129,1051,2,0
7623b,15129,1053,3,1
6449b,30988,820,1,0
4129b,30988,821,2,0
7623b,30988,823,3,1
7623b,6750,840,1,0
4128b,6750,841,2,0
7573b,6750,842,3,0
7796b,6750,843,4,0
6449b,6750,845,5,1
7623b,6791,945,1,0
4128b,6791,946,2,0
7573b,6791,947,3,0
7796b,6791,948,4,0
6449b,6791,950,5,1
5479b,15474,840,1,0
4024b,15474,842,2,0
4010b,15474,842,3,0
3118b,15474,842,4,0
7292b,15474,843,5,0
5448b,15474,844,6,0
7796b,15474,846,7,0
6449b,15474,848,8,0
4129b,15474,849,9,0
7623b,15474,851,10,1
5479b,27572,1040,1,0
4024b,27572,1042,2,0
4010b,27572,1042,3,0
3118b,27572,1042,4,0
7292b,27572,1043,5,0
5448b,27572,1044,6,0
7796b,27572,1046,7,0
6449b,27572,1048,8,0
4129b,27572,1049,9,0
7623b,27572,1051,10,1
6449b,6931,955,1,0
4129b,6931,956,2,0
7623b,6931,958,3,1
7623b,27614,540,1,0
4128b,27614,541,2,0
7573b,27614,542,3,0
7796b,27614,543,4,0
6449b,27614,545,5,1
6449b,15800,910,1,0
4129b,15800,911,2,0
7623b,15800,913,3,1
5479b,27745,640,1,0
4024b,27745,642,2,0
4010b,27745,642,3,0
3118b,27745,642,4,0
7292b,27745,643,5,0
5448b,27745,644,6,0
7796b,27745,646,7,0
6449b,27745,648,8,0
4129b,27745,649,9,0
7623b,27745,651,10,1
7623b,27831,660,1,0
4128b,27831,661,2,0
7573b,27831,662,3,0
7796b,27831,663,4,0
6449b,27831,665,5,1
7623b,13363,585,1,0
4128b,13363,586,2,0
7573b,13363,587,3,0
7796b,13363,588,4,0
6449b,13363,590,5,1
7623b,13365,665,1,0
4128b,13365,666,2,0
7573b,13365,668,3,0
7797b,13365,669,4,0
5449b,13365,671,5,0
7293b,13365,672,6,0
515b,13365,672,7,0
4011b,13365,673,8,0
4025b,13365,673,9,0
2679b,13365,676,10,0
43b,13365,676,11,0
1949b,13365,677,12,0
2034b,13365,678,13,0
2678b,13365,678,14,0
1578b,13365,679,15,0
5479b,13365,680,16,1
7623b,13324,900,1,0
4128b,13324,901,2,0
7573b,13324,902,3,0
7796b,13324,903,4,0
6449b,13324,905,5,1
6449b,15995,730,1,0
4129b,15995,731,2,0
7623b,15995,733,3,1
6449b,13536,1090,1,0
4129b,13536,1091,2,0
7623b,13536,1093,3,1
6449b,2223,560,1,0
4129b,2223,561,2,0
7623b,2223,563,3,1
7623b,2249,545,1,0
4128b,2249,546,2,0
7573b,2249,548,3,0
7797b,2249,549,4,0
5449b,2249,551,5,0
7293b,2249,552,6,0
515b,2249,552,7,0
4011b,2249,553,8,0
4025b,2249,553,9,0
2679b,2249,556,10,0
43b,2249,556,11,0
1949b,2249,557,12,0
2034b,2249,558,13,0
2678b,2249,558,14,0
1578b,2249,559,15,0
5479b,2249,560,16,1
7623b,2260,825,1,0
4128b,2260,826,2,0
7573b,2260,828,3,0
7797b,2260,829,4,0
5449b,2260,831,5,0
7293b,2260,832,6,0
515b,2260,832,7,0
4011b,2260,833,8,0
4025b,2260,833,9,0
2679b,2260,836,10,0
43b,2260,836,11,0
1949b,2260,837,12,0
2034b,2260,838,13,0
2678b,2260,838,14,0
1578b,2260,839,15,0
5479b,2260,840,16,1
7623b,4916,630,1,0
4128b,4916,631,2,0
7573b,4916,632,3,0
7796b,4916,633,4,0
6449b,4916,635,5,1
6449b,25753,1005,1,0
4129b,25753,1006,2,0
7623b,25753,1008,3,1
7623b,13817,1080,1,0
4128b,13817,1081,2,0
7573b,13817,1082,3,0
7796b,13817,1083,4,0
6449b,13817,1085,5,1
5479b,23314,395,1,0
4024b,23314,397,2,0
4010b,23314,397,3,0
3118b,23314,397,4,0
7292b,23314,398,5,0
5448b,23314,399,6,0
7796b,23314,401,7,0
6449b,23314,403,8,0
4129b,23314,404,9,0
7623b,23314,406,10,1
7623b,23267,890,1,0
4128b,23267,891,2,0
7573b,23267,892,3,0
7796b,23267,893,4,0
6449b,23267,895,5,1
5479b,23413,960,1,0
4024b,23413,962,2,0
4010b,23413,962,3,0
3118b,23413,962,4,0
7292b,23413,963,5,0
5448b,23413,964,6,0
7796b,23413,966,7,0
6449b,23413,968,8,0
4129b,23413,969,9,0
7623b,23413,971,10,1
7623b,23690,1105,1,0
4128b,23690,1106,2,0
7573b,23690,1108,3,0
7797b,23690,1109,4,0
5449b,23690,1111,5,0
7293b,23690,1112,6,0
515b,23690,1112,7,0
4011b,23690,1113,8,0
4025b,23690,1113,9,0
2679b,23690,1116,10,0
43b,23690,1116,11,0
1949b,23690,1117,12,0
2034b,23690,1118,13,0
2678b,23690,1118,14,0
1578b,23690,1119,15,0
5479b,23690,1120,16,1
6449b,23692,595,1,0
4129b,23692,596,2,0
7623b,23692,598,3,1
6449b,23629,417,1,0
4129b,23629,418,2,0
7623b,23629,420,3,1
7623b,11658,450,1,0
4128b,11658,451,2,0
7573b,11658,452,3,0
7796b,11658,453,4,0
6449b,11658,455,5,1
6449b,21054,865,1,0
4129b,21054,866,2,0
7623b,21054,868,3,1
6449b,21278,1135,1,0
4129b,21278,1136,2,0
7623b,21278,1138,3,1
7623b,21335,705,1,0
4128b,21335,706,2,0
7573b,21335,707,3,0
7796b,21335,708,4,0
6449b,21335,710,5,1
5479b,9240,800,1,0
4024b,9240,802,2,0
4010b,9240,802,3,0
3118b,9240,802,4,0
7292b,9240,803,5,0
5448b,9240,804,6,0
7796b,9240,806,7,0
6449b,9240,808,8,0
4129b,9240,809,9,0
7623b,9240,811,10,1
6449b,9364,735,1,0
4129b,9364,736,2,0
7623b,9364,738,3,1
6449b,31216,1185,1,0
4129b,31216,1186,2,0
7623b,31216,1188,3,1
7623b,9516,765,1,0
4128b,9516,766,2,0
7573b,9516,767,3,0
7796b,9516,768,4,0
6449b,9516,770,5,1
6449b,18375,1140,1,0
4129b,18375,1141,2,0
7623b,18375,1143,3,1
7623b,9684,1035,1,0
4128b,9684,1036,2,0
7573b,9684,1037,3,0
7796b,9684,1038,4,0
6449b,9684,1040,5,1
6449b,7098,1045,1,0
4129b,7098,1046,2,0
7623b,7098,1048,3,1
6449b,31416,460,1,0
4129b,31416,461,2,0
7623b,31416,463,3,1
7623b,197,990,1,0
4128b,197,991,2,0
7573b,197,992,3,0
7796b,197,993,4,0
6449b,197,995,5,1
7623b,18596,465,1,0
4128b,18596,466,2,0
7573b,18596,468,3,0
7797b,18596,469,4,0
5449b,18596,471,5,0
7293b,18596,472,6,0
515b,18596,472,7,0
4011b,18596,473,8,0
4025b,18596,473,9,0
2679b,18596,476,10,0
43b,18596,476,11,0
1949b,18596,477,12,0
2034b,18596,478,13,0
2678b,18596,478,14,0
1578b,18596,479,15,0
5479b,18596,480,16,1
6449b,207,505,1,0
4129b,207,506,2,0
7623b,207,508,3,1
6449b,258,870,1,0
4129b,258,871,2,0
7623b,258,873,3,1
6449b,18799,915,1,0
4129b,18799,916,2,0
7623b,18799,918,3,1
6449b,28297,680,1,0
4129b,28297,681,2,0
7623b,28297,683,3,1
5479b,7525,680,1,0
4024b,7525,682,2,0
4010b,7525,682,3,0
3118b,7525,682,4,0
7292b,7525,683,5,0
5448b,7525,684,6,0
7796b,7525,686,7,0
6449b,7525,688,8,0
4129b,7525,689,9,0
7623b,7525,691,10,1
7623b,18897,1115,1,0
4128b,18897,1116,2,0
7573b,18897,1117,3,0
7796b,18897,1118,4,0
6449b,18897,1120,5,1
5479b,16394,1160,1,0
4024b,16394,1162,2,0
4010b,16394,1162,3,0
3118b,16394,1162,4,0
7292b,16394,1163,5,0
5448b,16394,1164,6,0
7796b,16394,1166,7,0
6449b,16394,1168,8,0
4129b,16394,1169,9,0
7623b,16394,1171,10,1
7623b,31920,1205,1,0
4128b,31920,1206,2,0
7573b,31920,1207,3,0
7796b,31920,1208,4,0
6449b,31920,1210,5,1
5479b,741,440,1,0
4024b,741,442,2,0
4010b,741,442,3,0
3118b,741,442,4,0
7292b,741,443,5,0
5448b,741,444,6,0
7796b,741,446,7,0
6449b,741,448,8,0
4129b,741,449,9,0
7623b,741,451,10,1
6449b,875,1000,1,0
4129b,875,1001,2,0
7623b,875,1003,3,1
7623b,7881,905,1,0
4128b,7881,906,2,0
7573b,7881,908,3,0
7797b,7881,909,4,0
5449b,7881,911,5,0
7293b,7881,912,6,0
515b,7881,912,7,0
4011b,7881,913,8,0
4025b,7881,913,9,0
2679b,7881,916,10,0
43b,7881,916,11,0
1949b,7881,917,12,0
2034b,7881,918,13,0
2678b,7881,918,14,0
1578b,7881,919,15,0
5479b,7881,920,16,1
6449b,5434,780,1,0
4129b,5434,781,2,0
7623b,5434,783,3,1
6449b,16754,590,1,0
4129b,16754,591,2,0
7623b,16754,593,3,1
7623b,28742,785,1,0
4128b,28742,786,2,0
7573b,28742,788,3,0
7797b,28742,789,4,0
5449b,28742,791,5,0
7293b,28742,792,6,0
515b,28742,792,7,0
4011b,28742,793,8,0
4025b,28742,793,9,0
2679b,28742,796,10,0
43b,28742,796,11,0
1949b,28742,797,12,0
2034b,28742,798,13,0
2678b,28742,798,14,0
1578b,28742,799,15,0
5479b,28742,800,16,1
7623b,16726,720,1,0
4128b,16726,721,2,0
7573b,16726,722,3,0
7796b,16726,723,4,0
6449b,16726,725,5,1
5479b,5550,720,1,0
4024b,5550,722,2,0
4010b,5550,722,3,0
3118b,5550,722,4,0
7292b,5550,723,5,0
5448b,5550,724,6,0
7796b,5550,726,7,0
6449b,5550,728,8,0
4129b,5550,729,9,0
7623b,5550,731,10,1
7623b,16846,795,1,0
4128b,16846,796,2,0
7573b,16846,797,3,0
7796b,16846,798,4,0
6449b,16846,800,5,1
7623b,5640,980,1,0
4128b,5640,981,2,0
7573b,5640,982,3,0
7796b,5640,983,4,0
6449b,5640,985,5,1
7623b,28985,425,1,0
4128b,28985,426,2,0
7573b,28985,428,3,0
7797b,28985,429,4,0
5449b,28985,431,5,0
7293b,28985,432,6,0
515b,28985,432,7,0
4011b,28985,433,8,0
4025b,28985,433,9,0
2679b,28985,436,10,0
43b,28985,436,11,0
1949b,28985,437,12,0
2034b,28985,438,13,0
2678b,28985,438,14,0
1578b,28985,439,15,0
5479b,28985,440,16,1
5479b,26377,480,1,0
4024b,26377,482,2,0
4010b,26377,482,3,0
3118b,26377,482,4,0
7292b,26377,483,5,0
5448b,26377,484,6,0
7796b,26377,486,7,0
6449b,26377,488,8,0
4129b,26377,489,9,0
7623b,26377,491,10,1
6449b,14438,1185,1,0
4129b,14438,1186,2,0
7623b,14438,1188,3,1
7623b,5878,985,1,0
4128b,5878,986,2,0
7573b,5878,988,3,0
7797b,5878,989,4,0
5449b,5878,991,5,0
7293b,5878,992,6,0
515b,5878,992,7,0
4011b,5878,993,8,0
4025b,5878,993,9,0
2679b,5878,996,10,0
43b,5878,996,11,0
1949b,5878,997,12,0
2034b,5878,998,13,0
2678b,5878,998,14,0
1578b,5878,999,15,0
5479b,5878,1000,16,1
5479b,3232,880,1,0
4024b,3232,882,2,0
4010b,3232,882,3,0
3118b,3232,882,4,0
7292b,3232,883,5,0
5448b,3232,884,6,0
7796b,3232,886,7,0
6449b,3232,888,8,0
4129b,3232,889,9,0
7623b,3232,891,10,1
7623b,5896,810,1,0
4128b,5896,811,2,0
7573b,5896,812,3,0
7796b,5896,813,4,0
6449b,5896,815,5,1
7623b,3347,945,1,0
4128b,3347,946,2,0
7573b,3347,948,3,0
7797b,3347,949,4,0
5449b,3347,951,5,0
7293b,3347,952,6,0
515b,3347,952,7,0
4011b,3347,953,8,0
4025b,3347,953,9,0
2679b,3347,956,10,0
43b,3347,956,11,0
1949b,3347,957,12,0
2034b,3347,958,13,0
2678b,3347,958,14,0
1578b,3347,959,15,0
5479b,3347,960,16,1
6449b,3470,1095,1,0
4129b,3470,1096,2,0
7623b,3470,1098,3,1
7623b,14862,705,1,0
4128b,14862,706,2,0
7573b,14862,708,3,0
7797b,14862,709,4,0
5449b,14862,711,5,0
7293b,14862,712,6,0
515b,14862,712,7,0
4011b,14862,713,8,0
4025b,14862,713,9,0
2679b,14862,716,10,0
43b,14862,716,11,0
1949b,14862,717,12,0
2034b,14862,718,13,0
2678b,14862,718,14,0
1578b,14862,719,15,0
5479b,14862,720,16,1
6449b,24275,825,1,0
4129b,24275,826,2,0
7623b,24275,828,3,1
