arret_id,trajet_id,heure_depart,stop_sequence,terminus
5447b,22176,1390,1,0
3125b,22176,1390,2,0
2635b,22176,1391,3,0
5010b,22176,1391,4,0
6641b,22176,1391,5,0
2593b,22176,1392,6,0
1973b,22176,1393,7,0
3121b,22176,1393,8,0
3119b,22176,1394,9,0
515b,22176,1394,10,0
6345b,22176,1395,11,0
588b,22176,1396,12,0
716b,22176,1396,13,0
4051b,22176,1397,14,0
1740b,22176,1399,15,0
2557b,22176,1402,16,0
3265b,22176,1403,17,0
2561b,22176,1405,18,0
1503b,22176,1406,19,0
5973b,22176,1406,20,0
6366b,22176,1407,21,0
5975b,22176,1409,22,0
700b,22176,1410,23,0
1773b,22176,1413,24,0
3415b,22176,1415,25,1
3415b,22027,1360,1,0
1834b,22027,1360,2,0
1833b,22027,1361,3,0
1093b,22027,1363,4,0
5976b,22027,1363,5,0
6365b,22027,1365,6,0
5974b,22027,1365,7,0
2655b,22027,1366,8,0
1755b,22027,1367,9,0
2560b,22027,1368,10,0
156b,22027,1370,11,0
2220b,22027,1372,12,0
4050b,22027,1375,13,0
749b,22027,1375,14,0
819b,22027,1376,15,0
6346b,22027,1377,16,0
3118b,22027,1377,17,0
3120b,22027,1378,18,0
1975b,22027,1379,19,0
2674b,22027,1380,20,0
520b,22027,1380,21,0
6642b,22027,1381,22,0
5011b,22027,1382,23,0
3124b,22027,1383,24,0
3277b,22027,1383,25,0
378b,22027,1384,26,0
5447b,22027,1385,27,1
3415b,17637,1360,1,0
1834b,17637,1360,2,0
1833b,17637,1361,3,0
1093b,17637,1363,4,0
5976b,17637,1363,5,0
6365b,17637,1365,6,0
5974b,17637,1365,7,0
2655b,17637,1366,8,0
1755b,17637,1367,9,0
2560b,17637,1368,10,0
156b,17637,1370,11,0
2220b,17637,1372,12,0
4050b,17637,1375,13,0
749b,17637,1375,14,0
819b,17637,1376,15,0
6346b,17637,1377,16,0
3118b,17637,1377,17,0
3120b,17637,1378,18,0
1975b,17637,1379,19,0
2674b,17637,1380,20,0
520b,17637,1380,21,0
6642b,17637,1381,22,0
5011b,17637,1382,23,0
3124b,17637,1383,24,0
3277b,17637,1383,25,0
378b,17637,1384,26,0
5447b,17637,1385,27,1
5447b,10466,1390,1,0
3125b,10466,1390,2,0
2635b,10466,1391,3,0
5010b,10466,1391,4,0
6641b,10466,1391,5,0
2593b,10466,1392,6,0
1973b,10466,1393,7,0
3121b,10466,1393,8,0
3119b,10466,1394,9,0
515b,10466,1394,10,0
6345b,10466,1395,11,0
588b,10466,1396,12,0
716b,10466,1396,13,0
4051b,10466,1397,14,0
1740b,10466,1399,15,0
2557b,10466,1402,16,0
3265b,10466,1403,17,0
2561b,10466,1405,18,0
1503b,10466,1406,19,0
5973b,10466,1406,20,0
6366b,10466,1407,21,0
5975b,10466,1409,22,0
700b,10466,1410,23,0
1773b,10466,1413,24,0
3415b,10466,1415,25,1
5447b,21539,1390,1,0
3125b,21539,1390,2,0
2635b,21539,1391,3,0
5010b,21539,1391,4,0
6641b,21539,1391,5,0
2593b,21539,1392,6,0
1973b,21539,1393,7,0
3121b,21539,1393,8,0
3119b,21539,1394,9,0
515b,21539,1394,10,0
6345b,21539,1395,11,0
588b,21539,1396,12,0
716b,21539,1396,13,0
4051b,21539,1397,14,0
1740b,21539,1399,15,0
2557b,21539,1402,16,0
3265b,21539,1403,17,0
2561b,21539,1405,18,0
1503b,21539,1406,19,0
5973b,21539,1406,20,0
6366b,21539,1407,21,0
5975b,21539,1409,22,0
700b,21539,1410,23,0
1773b,21539,1413,24,0
3415b,21539,1415,25,1
5447b,15304,1480,1,0
3125b,15304,1480,2,0
2635b,15304,1481,3,0
5010b,15304,1481,4,0
6641b,15304,1481,5,0
2593b,15304,1482,6,0
1973b,15304,1483,7,0
3121b,15304,1483,8,0
3119b,15304,1484,9,0
515b,15304,1484,10,0
6345b,15304,1485,11,0
588b,15304,1486,12,0
716b,15304,1486,13,0
4051b,15304,1487,14,0
1740b,15304,1489,15,0
2557b,15304,1492,16,0
3265b,15304,1493,17,0
2561b,15304,1495,18,0
1503b,15304,1496,19,0
5973b,15304,1496,20,0
6366b,15304,1497,21,0
5975b,15304,1499,22,0
700b,15304,1500,23,0
1773b,15304,1503,24,0
3415b,15304,1505,25,1
3415b,15712,1450,1,0
1834b,15712,1450,2,0
1833b,15712,1451,3,0
1093b,15712,1453,4,0
5976b,15712,1453,5,0
6365b,15712,1455,6,0
5974b,15712,1455,7,0
2655b,15712,1456,8,0
1755b,15712,1457,9,0
2560b,15712,1458,10,0
156b,15712,1460,11,0
2220b,15712,1462,12,0
4050b,15712,1465,13,0
749b,15712,1465,14,0
819b,15712,1466,15,0
6346b,15712,1467,16,0
3118b,15712,1467,17,0
3120b,15712,1468,18,0
1975b,15712,1469,19,0
2674b,15712,1470,20,0
520b,15712,1470,21,0
6642b,15712,1471,22,0
5011b,15712,1472,23,0
3124b,15712,1473,24,0
3277b,15712,1473,25,0
378b,15712,1474,26,0
5447b,15712,1475,27,1
3415b,13208,1450,1,0
1834b,13208,1450,2,0
1833b,13208,1451,3,0
1093b,13208,1453,4,0
5976b,13208,1453,5,0
6365b,13208,1455,6,0
5974b,13208,1455,7,0
2655b,13208,1456,8,0
1755b,13208,1457,9,0
2560b,13208,1458,10,0
156b,13208,1460,11,0
2220b,13208,1462,12,0
4050b,13208,1465,13,0
749b,13208,1465,14,0
819b,13208,1466,15,0
6346b,13208,1467,16,0
3118b,13208,1467,17,0
3120b,13208,1468,18,0
1975b,13208,1469,19,0
2674b,13208,1470,20,0
520b,13208,1470,21,0
6642b,13208,1471,22,0
5011b,13208,1472,23,0
3124b,13208,1473,24,0
3277b,13208,1473,25,0
378b,13208,1474,26,0
5447b,13208,1475,27,1
3415b,11251,1360,1,0
1834b,11251,1360,2,0
1833b,11251,1361,3,0
1093b,11251,1363,4,0
5976b,11251,1363,5,0
6365b,11251,1365,6,0
5974b,11251,1365,7,0
2655b,11251,1366,8,0
1755b,11251,1367,9,0
2560b,11251,1368,10,0
156b,11251,1370,11,0
2220b,11251,1372,12,0
4050b,11251,1375,13,0
749b,11251,1375,14,0
819b,11251,1376,15,0
6346b,11251,1377,16,0
3118b,11251,1377,17,0
3120b,11251,1378,18,0
1975b,11251,1379,19,0
2674b,11251,1380,20,0
520b,11251,1380,21,0
6642b,11251,1381,22,0
5011b,11251,1382,23,0
3124b,11251,1383,24,0
3277b,11251,1383,25,0
378b,11251,1384,26,0
5447b,11251,1385,27,1
3415b,3958,1450,1,0
1834b,3958,1450,2,0
1833b,3958,1451,3,0
1093b,3958,1453,4,0
5976b,3958,1453,5,0
6365b,3958,1455,6,0
5974b,3958,1455,7,0
2655b,3958,1456,8,0
1755b,3958,1457,9,0
2560b,3958,1458,10,0
156b,3958,1460,11,0
2220b,3958,1462,12,0
4050b,3958,1465,13,0
749b,3958,1465,14,0
819b,3958,1466,15,0
6346b,3958,1467,16,0
3118b,3958,1467,17,0
3120b,3958,1468,18,0
1975b,3958,1469,19,0
2674b,3958,1470,20,0
520b,3958,1470,21,0
6642b,3958,1471,22,0
5011b,3958,1472,23,0
3124b,3958,1473,24,0
3277b,3958,1473,25,0
378b,3958,1474,26,0
5447b,3958,1475,27,1
5447b,20450,1480,1,0
3125b,20450,1480,2,0
2635b,20450,1481,3,0
5010b,20450,1481,4,0
6641b,20450,1481,5,0
2593b,20450,1482,6,0
1973b,20450,1483,7,0
3121b,20450,1483,8,0
3119b,20450,1484,9,0
515b,20450,1484,10,0
6345b,20450,1485,11,0
588b,20450,1486,12,0
716b,20450,1486,13,0
4051b,20450,1487,14,0
1740b,20450,1489,15,0
2557b,20450,1492,16,0
3265b,20450,1493,17,0
2561b,20450,1495,18,0
1503b,20450,1496,19,0
5973b,20450,1496,20,0
6366b,20450,1497,21,0
5975b,20450,1499,22,0
700b,20450,1500,23,0
1773b,20450,1503,24,0
3415b,20450,1505,25,1
5447b,18492,1300,1,0
3125b,18492,1300,2,0
2635b,18492,1301,3,0
5010b,18492,1301,4,0
6641b,18492,1301,5,0
2593b,18492,1302,6,0
1973b,18492,1303,7,0
3121b,18492,1303,8,0
3119b,18492,1304,9,0
515b,18492,1304,10,0
6345b,18492,1305,11,0
588b,18492,1306,12,0
716b,18492,1306,13,0
4051b,18492,1307,14,0
1740b,18492,1309,15,0
2557b,18492,1312,16,0
3265b,18492,1313,17,0
2561b,18492,1315,18,0
1503b,18492,1316,19,0
5973b,18492,1316,20,0
6366b,18492,1317,21,0
5975b,18492,1319,22,0
700b,18492,1320,23,0
1773b,18492,1323,24,0
3415b,18492,1325,25,1
5447b,2885,1300,1,0
3125b,2885,1300,2,0
2635b,2885,1301,3,0
5010b,2885,1301,4,0
6641b,2885,1301,5,0
2593b,2885,1302,6,0
1973b,2885,1303,7,0
3121b,2885,1303,8,0
3119b,2885,1304,9,0
515b,2885,1304,10,0
6345b,2885,1305,11,0
588b,2885,1306,12,0
716b,2885,1306,13,0
4051b,2885,1307,14,0
1740b,2885,1309,15,0
2557b,2885,1312,16,0
3265b,2885,1313,17,0
2561b,2885,1315,18,0
1503b,2885,1316,19,0
5973b,2885,1316,20,0
6366b,2885,1317,21,0
5975b,2885,1319,22,0
700b,2885,1320,23,0
1773b,2885,1323,24,0
3415b,2885,1325,25,1
5447b,4545,1480,1,0
3125b,4545,1480,2,0
2635b,4545,1481,3,0
5010b,4545,1481,4,0
6641b,4545,1481,5,0
2593b,4545,1482,6,0
1973b,4545,1483,7,0
3121b,4545,1483,8,0
3119b,4545,1484,9,0
515b,4545,1484,10,0
6345b,4545,1485,11,0
588b,4545,1486,12,0
716b,4545,1486,13,0
4051b,4545,1487,14,0
1740b,4545,1489,15,0
2557b,4545,1492,16,0
3265b,4545,1493,17,0
2561b,4545,1495,18,0
1503b,4545,1496,19,0
5973b,4545,1496,20,0
6366b,4545,1497,21,0
5975b,4545,1499,22,0
700b,4545,1500,23,0
1773b,4545,1503,24,0
3415b,4545,1505,25,1
5447b,18259,1480,1,0
3125b,18259,1480,2,0
2635b,18259,1481,3,0
5010b,18259,1481,4,0
6641b,18259,1481,5,0
2593b,18259,1482,6,0
1973b,18259,1483,7,0
3121b,18259,1483,8,0
3119b,18259,1484,9,0
515b,18259,1484,10,0
6345b,18259,1485,11,0
588b,18259,1486,12,0
716b,18259,1486,13,0
4051b,18259,1487,14,0
1740b,18259,1489,15,0
2557b,18259,1492,16,0
3265b,18259,1493,17,0
2561b,18259,1495,18,0
1503b,18259,1496,19,0
5973b,18259,1496,20,0
6366b,18259,1497,21,0
5975b,18259,1499,22,0
700b,18259,1500,23,0
1773b,18259,1503,24,0
3415b,18259,1505,25,1
3415b,6910,1360,1,0
1834b,6910,1360,2,0
1833b,6910,1361,3,0
1093b,6910,1363,4,0
5976b,6910,1363,5,0
6365b,6910,1365,6,0
5974b,6910,1365,7,0
2655b,6910,1366,8,0
1755b,6910,1367,9,0
2560b,6910,1368,10,0
156b,6910,1370,11,0
2220b,6910,1372,12,0
4050b,6910,1375,13,0
749b,6910,1375,14,0
819b,6910,1376,15,0
6346b,6910,1377,16,0
3118b,6910,1377,17,0
3120b,6910,1378,18,0
1975b,6910,1379,19,0
2674b,6910,1380,20,0
520b,6910,1380,21,0
6642b,6910,1381,22,0
5011b,6910,1382,23,0
3124b,6910,1383,24,0
3277b,6910,1383,25,0
378b,6910,1384,26,0
5447b,6910,1385,27,1
5447b,932,1390,1,0
3125b,932,1390,2,0
2635b,932,1391,3,0
5010b,932,1391,4,0
6641b,932,1391,5,0
2593b,932,1392,6,0
1973b,932,1393,7,0
3121b,932,1393,8,0
3119b,932,1394,9,0
515b,932,1394,10,0
6345b,932,1395,11,0
588b,932,1396,12,0
716b,932,1396,13,0
4051b,932,1397,14,0
1740b,932,1399,15,0
2557b,932,1402,16,0
3265b,932,1403,17,0
2561b,932,1405,18,0
1503b,932,1406,19,0
5973b,932,1406,20,0
6366b,932,1407,21,0
5975b,932,1409,22,0
700b,932,1410,23,0
1773b,932,1413,24,0
3415b,932,1415,25,1
5447b,16888,1300,1,0
3125b,16888,1300,2,0
2635b,16888,1301,3,0
5010b,16888,1301,4,0
6641b,16888,1301,5,0
2593b,16888,1302,6,0
1973b,16888,1303,7,0
3121b,16888,1303,8,0
3119b,16888,1304,9,0
515b,16888,1304,10,0
6345b,16888,1305,11,0
588b,16888,1306,12,0
716b,16888,1306,13,0
4051b,16888,1307,14,0
1740b,16888,1309,15,0
2557b,16888,1312,16,0
3265b,16888,1313,17,0
2561b,16888,1315,18,0
1503b,16888,1316,19,0
5973b,16888,1316,20,0
6366b,16888,1317,21,0
5975b,16888,1319,22,0
700b,16888,1320,23,0
1773b,16888,1323,24,0
3415b,16888,1325,25,1
5447b,26265,1300,1,0
3125b,26265,1300,2,0
2635b,26265,1301,3,0
5010b,26265,1301,4,0
6641b,26265,1301,5,0
2593b,26265,1302,6,0
1973b,26265,1303,7,0
3121b,26265,1303,8,0
3119b,26265,1304,9,0
515b,26265,1304,10,0
6345b,26265,1305,11,0
588b,26265,1306,12,0
716b,26265,1306,13,0
4051b,26265,1307,14,0
1740b,26265,1309,15,0
2557b,26265,1312,16,0
3265b,26265,1313,17,0
2561b,26265,1315,18,0
1503b,26265,1316,19,0
5973b,26265,1316,20,0
6366b,26265,1317,21,0
5975b,26265,1319,22,0
700b,26265,1320,23,0
1773b,26265,1323,24,0
3415b,26265,1325,25,1
3415b,6209,1450,1,0
1834b,6209,1450,2,0
1833b,6209,1451,3,0
1093b,6209,1453,4,0
5976b,6209,1453,5,0
6365b,6209,1455,6,0
5974b,6209,1455,7,0
2655b,6209,1456,8,0
1755b,6209,1457,9,0
2560b,6209,1458,10,0
156b,6209,1460,11,0
2220b,6209,1462,12,0
4050b,6209,1465,13,0
749b,6209,1465,14,0
819b,6209,1466,15,0
6346b,6209,1467,16,0
3118b,6209,1467,17,0
3120b,6209,1468,18,0
1975b,6209,1469,19,0
2674b,6209,1470,20,0
520b,6209,1470,21,0
6642b,6209,1471,22,0
5011b,6209,1472,23,0
3124b,6209,1473,24,0
3277b,6209,1473,25,0
378b,6209,1474,26,0
5447b,6209,1475,27,1
