arret_id,trajet_id,heure_depart,stop_sequence,terminus
1021b,3665,565,1,0
6971b,3665,565,2,0
169b,3665,566,3,0
1736b,3665,567,4,0
1120b,3665,567,5,0
1834b,3665,568,6,0
5468b,3665,569,7,0
2823b,3665,569,8,0
2648b,3665,570,9,0
1845b,3665,571,10,0
2221b,3665,572,11,0
5594b,3665,572,12,0
1552b,3665,574,13,0
1833b,3665,574,14,0
1093b,3665,576,15,0
5976b,3665,577,16,0
6365b,3665,578,17,0
5974b,3665,579,18,0
7875b,3665,580,19,0
4026b,3665,582,20,0
2651b,3665,584,21,0
1092b,3665,585,22,0
5469b,3665,586,23,0
2053b,3665,587,24,0
3968b,3665,588,25,0
3959b,3665,588,26,0
4029b,3665,589,27,0
2010b,3665,589,28,0
1998b,3665,590,29,0
2012b,3665,591,30,0
3358b,3665,592,31,0
7874b,3665,595,32,1
1021b,1055,1170,1,0
6971b,1055,1170,2,0
169b,1055,1171,3,0
1736b,1055,1172,4,0
1120b,1055,1172,5,0
1834b,1055,1173,6,0
5468b,1055,1174,7,0
2823b,1055,1174,8,0
2648b,1055,1175,9,0
1845b,1055,1176,10,0
2221b,1055,1177,11,0
5594b,1055,1177,12,0
1552b,1055,1179,13,0
1833b,1055,1179,14,0
1093b,1055,1181,15,0
5976b,1055,1182,16,0
6365b,1055,1183,17,0
5974b,1055,1184,18,0
7875b,1055,1185,19,0
4026b,1055,1188,20,0
2651b,1055,1190,21,0
1092b,1055,1191,22,0
5469b,1055,1192,23,0
2053b,1055,1193,24,0
3968b,1055,1194,25,0
3959b,1055,1194,26,0
4029b,1055,1195,27,0
2010b,1055,1195,28,0
1998b,1055,1196,29,0
2012b,1055,1197,30,0
3358b,1055,1198,31,0
7874b,1055,1201,32,1
1021b,24429,1000,1,0
6971b,24429,1000,2,0
169b,24429,1001,3,0
1736b,24429,1002,4,0
1120b,24429,1003,5,0
1834b,24429,1003,6,0
5468b,24429,1004,7,0
2823b,24429,1005,8,0
2648b,24429,1006,9,0
1845b,24429,1007,10,0
2221b,24429,1007,11,0
5594b,24429,1008,12,0
1552b,24429,1010,13,0
1833b,24429,1010,14,0
1093b,24429,1013,15,0
5976b,24429,1013,16,0
6365b,24429,1015,17,0
5974b,24429,1016,18,0
7875b,24429,1017,19,0
4026b,24429,1019,20,0
2651b,24429,1021,21,0
1092b,24429,1022,22,0
5469b,24429,1023,23,0
2053b,24429,1024,24,0
3968b,24429,1025,25,0
3959b,24429,1025,26,0
4029b,24429,1026,27,0
2010b,24429,1026,28,0
1998b,24429,1027,29,0
2012b,24429,1028,30,0
3358b,24429,1029,31,0
7874b,24429,1032,32,1
1021b,1072,550,1,0
6971b,1072,550,2,0
169b,1072,551,3,0
1736b,1072,552,4,0
1120b,1072,552,5,0
1834b,1072,553,6,0
5468b,1072,554,7,0
2823b,1072,554,8,0
2648b,1072,555,9,0
1845b,1072,556,10,0
2221b,1072,557,11,0
5594b,1072,557,12,0
1552b,1072,559,13,0
1833b,1072,559,14,0
1093b,1072,561,15,0
5976b,1072,562,16,0
6365b,1072,563,17,0
5974b,1072,564,18,0
7875b,1072,565,19,0
4026b,1072,567,20,0
2651b,1072,569,21,0
1092b,1072,570,22,0
5469b,1072,571,23,0
2053b,1072,572,24,0
3968b,1072,573,25,0
3959b,1072,573,26,0
4029b,1072,574,27,0
2010b,1072,574,28,0
1998b,1072,575,29,0
2012b,1072,576,30,0
3358b,1072,577,31,0
7874b,1072,580,32,1
7874b,24366,1010,1,0
2560b,24366,1010,2,0
1933b,24366,1012,3,0
2657b,24366,1013,4,0
1788b,24366,1014,5,0
4030b,24366,1015,6,0
3960b,24366,1015,7,0
198b,24366,1017,8,0
2967b,24366,1018,9,0
1501b,24366,1019,10,0
723b,24366,1022,11,0
4027b,24366,1022,12,0
5939b,24366,1025,13,0
5973b,24366,1025,14,0
6366b,24366,1026,15,0
5975b,24366,1028,16,0
700b,24366,1028,17,0
1773b,24366,1031,18,0
811b,24366,1032,19,0
5593b,24366,1033,20,0
1731b,24366,1034,21,0
1979b,24366,1034,22,0
1961b,24366,1035,23,0
1772b,24366,1036,24,0
1994b,24366,1037,25,0
5467b,24366,1037,26,0
315b,24366,1038,27,0
2133b,24366,1039,28,0
176b,24366,1039,29,0
929b,24366,1041,30,0
1056b,24366,1042,31,0
1021b,24366,1044,32,1
1021b,24491,700,1,0
6971b,24491,700,2,0
169b,24491,701,3,0
1736b,24491,702,4,0
1120b,24491,702,5,0
1834b,24491,703,6,0
5468b,24491,704,7,0
2823b,24491,704,8,0
2648b,24491,705,9,0
1845b,24491,706,10,0
2221b,24491,707,11,0
5594b,24491,707,12,0
1552b,24491,709,13,0
1833b,24491,709,14,0
1093b,24491,711,15,0
5976b,24491,712,16,0
6365b,24491,713,17,0
5974b,24491,714,18,0
7875b,24491,715,19,0
4026b,24491,717,20,0
2651b,24491,719,21,0
1092b,24491,720,22,0
5469b,24491,721,23,0
2053b,24491,722,24,0
3968b,24491,723,25,0
3959b,24491,723,26,0
4029b,24491,724,27,0
2010b,24491,724,28,0
1998b,24491,725,29,0
2012b,24491,726,30,0
3358b,24491,727,31,0
7874b,24491,730,32,1
1021b,96,1030,1,0
6971b,96,1030,2,0
169b,96,1031,3,0
1736b,96,1032,4,0
1120b,96,1033,5,0
1834b,96,1033,6,0
5468b,96,1034,7,0
2823b,96,1035,8,0
2648b,96,1036,9,0
1845b,96,1037,10,0
2221b,96,1037,11,0
5594b,96,1038,12,0
1552b,96,1040,13,0
1833b,96,1040,14,0
1093b,96,1043,15,0
5976b,96,1043,16,0
6365b,96,1045,17,0
5974b,96,1046,18,0
7875b,96,1047,19,0
4026b,96,1050,20,0
2651b,96,1052,21,0
1092b,96,1053,22,0
5469b,96,1054,23,0
2053b,96,1055,24,0
3968b,96,1056,25,0
3959b,96,1056,26,0
4029b,96,1057,27,0
2010b,96,1057,28,0
1998b,96,1058,29,0
2012b,96,1059,30,0
3358b,96,1060,31,0
7874b,96,1063,32,1
7874b,3863,1205,1,0
2560b,3863,1205,2,0
1933b,3863,1206,3,0
2657b,3863,1207,4,0
1788b,3863,1208,5,0
4030b,3863,1209,6,0
3960b,3863,1210,7,0
198b,3863,1211,8,0
2967b,3863,1211,9,0
1501b,3863,1212,10,0
723b,3863,1214,11,0
4027b,3863,1214,12,0
5939b,3863,1217,13,0
5973b,3863,1217,14,0
6366b,3863,1218,15,0
5975b,3863,1219,16,0
700b,3863,1220,17,0
1773b,3863,1222,18,0
811b,3863,1223,19,0
5593b,3863,1224,20,0
1731b,3863,1225,21,0
1979b,3863,1225,22,0
1961b,3863,1226,23,0
1772b,3863,1226,24,0
1994b,3863,1227,25,0
5467b,3863,1228,26,0
315b,3863,1228,27,0
2133b,3863,1229,28,0
176b,3863,1230,29,0
929b,3863,1231,30,0
1056b,3863,1232,31,0
1021b,3863,1234,32,1
7874b,1213,1170,1,0
2560b,1213,1170,2,0
1933b,1213,1172,3,0
2657b,1213,1173,4,0
1788b,1213,1174,5,0
4030b,1213,1175,6,0
3960b,1213,1175,7,0
198b,1213,1177,8,0
2967b,1213,1178,9,0
1501b,1213,1179,10,0
723b,1213,1181,11,0
4027b,1213,1181,12,0
5939b,1213,1185,13,0
5973b,1213,1185,14,0
6366b,1213,1186,15,0
5975b,1213,1188,16,0
700b,1213,1188,17,0
1773b,1213,1191,18,0
811b,1213,1192,19,0
5593b,1213,1193,20,0
1731b,1213,1194,21,0
1979b,1213,1194,22,0
1961b,1213,1195,23,0
1772b,1213,1196,24,0
1994b,1213,1197,25,0
5467b,1213,1197,26,0
315b,1213,1198,27,0
2133b,1213,1199,28,0
176b,1213,1199,29,0
929b,1213,1201,30,0
1056b,1213,1202,31,0
1021b,1213,1204,32,1
1021b,3890,895,1,0
6971b,3890,895,2,0
169b,3890,896,3,0
1736b,3890,897,4,0
1120b,3890,898,5,0
1834b,3890,898,6,0
5468b,3890,899,7,0
2823b,3890,900,8,0
2648b,3890,901,9,0
1845b,3890,902,10,0
2221b,3890,902,11,0
5594b,3890,903,12,0
1552b,3890,905,13,0
1833b,3890,905,14,0
1093b,3890,908,15,0
5976b,3890,908,16,0
6365b,3890,910,17,0
5974b,3890,911,18,0
7875b,3890,912,19,0
4026b,3890,914,20,0
2651b,3890,916,21,0
1092b,3890,917,22,0
5469b,3890,918,23,0
2053b,3890,919,24,0
3968b,3890,920,25,0
3959b,3890,920,26,0
4029b,3890,921,27,0
2010b,3890,921,28,0
1998b,3890,922,29,0
2012b,3890,923,30,0
3358b,3890,924,31,0
7874b,3890,927,32,1
1021b,3891,460,1,0
6971b,3891,460,2,0
169b,3891,461,3,0
1736b,3891,462,4,0
1120b,3891,463,5,0
1834b,3891,463,6,0
5468b,3891,464,7,0
2823b,3891,465,8,0
2648b,3891,466,9,0
1845b,3891,467,10,0
2221b,3891,467,11,0
5594b,3891,468,12,0
1552b,3891,470,13,0
1833b,3891,470,14,0
1093b,3891,473,15,0
5976b,3891,474,16,0
6365b,3891,476,17,0
5974b,3891,476,18,0
7875b,3891,478,19,0
4026b,3891,481,20,0
2651b,3891,483,21,0
1092b,3891,484,22,0
5469b,3891,485,23,0
2053b,3891,486,24,0
3968b,3891,487,25,0
3959b,3891,487,26,0
4029b,3891,488,27,0
2010b,3891,488,28,0
1998b,3891,489,29,0
2012b,3891,490,30,0
3358b,3891,491,31,0
7874b,3891,494,32,1
1021b,12667,850,1,0
6971b,12667,850,2,0
169b,12667,851,3,0
1736b,12667,852,4,0
1120b,12667,852,5,0
1834b,12667,853,6,0
5468b,12667,854,7,0
2823b,12667,854,8,0
2648b,12667,855,9,0
1845b,12667,856,10,0
2221b,12667,857,11,0
5594b,12667,857,12,0
1552b,12667,859,13,0
1833b,12667,859,14,0
1093b,12667,861,15,0
5976b,12667,862,16,0
6365b,12667,863,17,0
5974b,12667,864,18,0
7875b,12667,865,19,0
4026b,12667,867,20,0
2651b,12667,869,21,0
1092b,12667,870,22,0
5469b,12667,871,23,0
2053b,12667,872,24,0
3968b,12667,873,25,0
3959b,12667,873,26,0
4029b,12667,874,27,0
2010b,12667,874,28,0
1998b,12667,875,29,0
2012b,12667,876,30,0
3358b,12667,877,31,0
7874b,12667,880,32,1
7874b,3992,825,1,0
2560b,3992,825,2,0
1933b,3992,826,3,0
2657b,3992,827,4,0
1788b,3992,828,5,0
4030b,3992,829,6,0
3960b,3992,830,7,0
198b,3992,831,8,0
2967b,3992,832,9,0
1501b,3992,833,10,0
723b,3992,835,11,0
4027b,3992,835,12,0
5939b,3992,838,13,0
5973b,3992,838,14,0
6366b,3992,839,15,0
5975b,3992,840,16,0
700b,3992,841,17,0
1773b,3992,843,18,0
811b,3992,844,19,0
5593b,3992,845,20,0
1731b,3992,846,21,0
1979b,3992,846,22,0
1961b,3992,847,23,0
1772b,3992,847,24,0
1994b,3992,848,25,0
5467b,3992,849,26,0
315b,3992,849,27,0
2133b,3992,850,28,0
176b,3992,851,29,0
929b,3992,852,30,0
1056b,3992,853,31,0
1021b,3992,855,32,1
1021b,22073,1260,1,0
6971b,22073,1260,2,0
169b,22073,1261,3,0
1736b,22073,1262,4,0
1120b,22073,1262,5,0
1834b,22073,1263,6,0
5468b,22073,1264,7,0
2823b,22073,1264,8,0
2648b,22073,1265,9,0
1845b,22073,1266,10,0
2221b,22073,1267,11,0
5594b,22073,1267,12,0
1552b,22073,1269,13,0
1833b,22073,1269,14,0
1093b,22073,1271,15,0
5976b,22073,1272,16,0
6365b,22073,1273,17,0
5974b,22073,1274,18,0
7875b,22073,1275,19,0
4026b,22073,1277,20,0
2651b,22073,1279,21,0
1092b,22073,1280,22,0
5469b,22073,1280,23,0
2053b,22073,1281,24,0
3968b,22073,1282,25,0
3959b,22073,1282,26,0
4029b,22073,1283,27,0
2010b,22073,1283,28,0
1998b,22073,1283,29,0
2012b,22073,1284,30,0
3358b,22073,1285,31,0
7874b,22073,1288,32,1
1021b,22086,1200,1,0
6971b,22086,1200,2,0
169b,22086,1201,3,0
1736b,22086,1202,4,0
1120b,22086,1202,5,0
1834b,22086,1203,6,0
5468b,22086,1204,7,0
2823b,22086,1204,8,0
2648b,22086,1205,9,0
1845b,22086,1206,10,0
2221b,22086,1207,11,0
5594b,22086,1207,12,0
1552b,22086,1209,13,0
1833b,22086,1209,14,0
1093b,22086,1211,15,0
5976b,22086,1212,16,0
6365b,22086,1213,17,0
5974b,22086,1214,18,0
7875b,22086,1215,19,0
4026b,22086,1217,20,0
2651b,22086,1219,21,0
1092b,22086,1220,22,0
5469b,22086,1221,23,0
2053b,22086,1222,24,0
3968b,22086,1223,25,0
3959b,22086,1223,26,0
4029b,22086,1224,27,0
2010b,22086,1224,28,0
1998b,22086,1225,29,0
2012b,22086,1226,30,0
3358b,22086,1227,31,0
7874b,22086,1230,32,1
1021b,22213,690,1,0
6971b,22213,690,2,0
169b,22213,691,3,0
1736b,22213,692,4,0
1120b,22213,693,5,0
1834b,22213,693,6,0
5468b,22213,694,7,0
2823b,22213,695,8,0
2648b,22213,696,9,0
1845b,22213,697,10,0
2221b,22213,697,11,0
5594b,22213,698,12,0
1552b,22213,700,13,0
1833b,22213,700,14,0
1093b,22213,703,15,0
5976b,22213,703,16,0
6365b,22213,705,17,0
5974b,22213,706,18,0
7875b,22213,707,19,0
4026b,22213,709,20,0
2651b,22213,711,21,0
1092b,22213,712,22,0
5469b,22213,713,23,0
2053b,22213,714,24,0
3968b,22213,715,25,0
3959b,22213,715,26,0
4029b,22213,716,27,0
2010b,22213,716,28,0
1998b,22213,717,29,0
2012b,22213,718,30,0
3358b,22213,719,31,0
7874b,22213,722,32,1
7874b,10188,870,1,0
2560b,10188,870,2,0
1933b,10188,871,3,0
2657b,10188,872,4,0
1788b,10188,873,5,0
4030b,10188,874,6,0
3960b,10188,875,7,0
198b,10188,876,8,0
2967b,10188,877,9,0
1501b,10188,878,10,0
723b,10188,880,11,0
4027b,10188,880,12,0
5939b,10188,883,13,0
5973b,10188,883,14,0
6366b,10188,884,15,0
5975b,10188,885,16,0
700b,10188,886,17,0
1773b,10188,888,18,0
811b,10188,889,19,0
5593b,10188,890,20,0
1731b,10188,891,21,0
1979b,10188,891,22,0
1961b,10188,892,23,0
1772b,10188,892,24,0
1994b,10188,893,25,0
5467b,10188,894,26,0
315b,10188,894,27,0
2133b,10188,895,28,0
176b,10188,896,29,0
929b,10188,897,30,0
1056b,10188,898,31,0
1021b,10188,900,32,1
7874b,1573,790,1,0
2560b,1573,790,2,0
1933b,1573,791,3,0
2657b,1573,792,4,0
1788b,1573,793,5,0
4030b,1573,794,6,0
3960b,1573,795,7,0
198b,1573,796,8,0
2967b,1573,797,9,0
1501b,1573,798,10,0
723b,1573,800,11,0
4027b,1573,800,12,0
5939b,1573,803,13,0
5973b,1573,803,14,0
6366b,1573,804,15,0
5975b,1573,805,16,0
700b,1573,806,17,0
1773b,1573,808,18,0
811b,1573,809,19,0
5593b,1573,810,20,0
1731b,1573,811,21,0
1979b,1573,811,22,0
1961b,1573,812,23,0
1772b,1573,812,24,0
1994b,1573,813,25,0
5467b,1573,814,26,0
315b,1573,814,27,0
2133b,1573,815,28,0
176b,1573,816,29,0
929b,1573,817,30,0
1056b,1573,818,31,0
1021b,1573,820,32,1
7874b,24918,1265,1,0
2560b,24918,1265,2,0
1933b,24918,1266,3,0
2657b,24918,1267,4,0
1788b,24918,1268,5,0
4030b,24918,1269,6,0
3960b,24918,1270,7,0
198b,24918,1271,8,0
2967b,24918,1271,9,0
1501b,24918,1272,10,0
723b,24918,1274,11,0
4027b,24918,1274,12,0
5939b,24918,1277,13,0
5973b,24918,1277,14,0
6366b,24918,1278,15,0
5975b,24918,1279,16,0
700b,24918,1280,17,0
1773b,24918,1282,18,0
811b,24918,1283,19,0
5593b,24918,1284,20,0
1731b,24918,1285,21,0
1979b,24918,1285,22,0
1961b,24918,1286,23,0
1772b,24918,1286,24,0
1994b,24918,1287,25,0
5467b,24918,1288,26,0
315b,24918,1288,27,0
2133b,24918,1289,28,0
176b,24918,1290,29,0
929b,24918,1291,30,0
1056b,24918,1292,31,0
1021b,24918,1294,32,1
7874b,10360,1190,1,0
2560b,10360,1190,2,0
1933b,10360,1192,3,0
2657b,10360,1193,4,0
1788b,10360,1194,5,0
4030b,10360,1195,6,0
3960b,10360,1195,7,0
198b,10360,1197,8,0
2967b,10360,1198,9,0
1501b,10360,1199,10,0
723b,10360,1202,11,0
4027b,10360,1202,12,0
5939b,10360,1205,13,0
5973b,10360,1205,14,0
6366b,10360,1206,15,0
5975b,10360,1208,16,0
700b,10360,1208,17,0
1773b,10360,1211,18,0
811b,10360,1212,19,0
5593b,10360,1213,20,0
1731b,10360,1214,21,0
1979b,10360,1214,22,0
1961b,10360,1215,23,0
1772b,10360,1216,24,0
1994b,10360,1217,25,0
5467b,10360,1217,26,0
315b,10360,1218,27,0
2133b,10360,1219,28,0
176b,10360,1219,29,0
929b,10360,1221,30,0
1056b,10360,1222,31,0
1021b,10360,1224,32,1
1021b,10654,780,1,0
6971b,10654,780,2,0
169b,10654,781,3,0
1736b,10654,782,4,0
1120b,10654,782,5,0
1834b,10654,783,6,0
5468b,10654,784,7,0
2823b,10654,784,8,0
2648b,10654,785,9,0
1845b,10654,786,10,0
2221b,10654,787,11,0
5594b,10654,787,12,0
1552b,10654,789,13,0
1833b,10654,789,14,0
1093b,10654,791,15,0
5976b,10654,792,16,0
6365b,10654,793,17,0
5974b,10654,794,18,0
7875b,10654,795,19,0
4026b,10654,797,20,0
2651b,10654,799,21,0
1092b,10654,800,22,0
5469b,10654,801,23,0
2053b,10654,802,24,0
3968b,10654,803,25,0
3959b,10654,803,26,0
4029b,10654,804,27,0
2010b,10654,804,28,0
1998b,10654,805,29,0
2012b,10654,806,30,0
3358b,10654,807,31,0
7874b,10654,810,32,1
1021b,1942,925,1,0
6971b,1942,925,2,0
169b,1942,926,3,0
1736b,1942,927,4,0
1120b,1942,928,5,0
1834b,1942,928,6,0
5468b,1942,929,7,0
2823b,1942,930,8,0
2648b,1942,931,9,0
1845b,1942,932,10,0
2221b,1942,932,11,0
5594b,1942,933,12,0
1552b,1942,935,13,0
1833b,1942,935,14,0
1093b,1942,938,15,0
5976b,1942,938,16,0
6365b,1942,940,17,0
5974b,1942,941,18,0
7875b,1942,942,19,0
4026b,1942,944,20,0
2651b,1942,946,21,0
1092b,1942,947,22,0
5469b,1942,948,23,0
2053b,1942,949,24,0
3968b,1942,950,25,0
3959b,1942,950,26,0
4029b,1942,951,27,0
2010b,1942,951,28,0
1998b,1942,952,29,0
2012b,1942,953,30,0
3358b,1942,954,31,0
7874b,1942,957,32,1
1021b,22791,730,1,0
6971b,22791,730,2,0
169b,22791,731,3,0
1736b,22791,732,4,0
1120b,22791,732,5,0
1834b,22791,733,6,0
5468b,22791,734,7,0
2823b,22791,734,8,0
2648b,22791,735,9,0
1845b,22791,736,10,0
2221b,22791,737,11,0
5594b,22791,737,12,0
1552b,22791,739,13,0
1833b,22791,739,14,0
1093b,22791,741,15,0
5976b,22791,742,16,0
6365b,22791,743,17,0
5974b,22791,744,18,0
7875b,22791,745,19,0
4026b,22791,747,20,0
2651b,22791,749,21,0
1092b,22791,750,22,0
5469b,22791,751,23,0
2053b,22791,752,24,0
3968b,22791,753,25,0
3959b,22791,753,26,0
4029b,22791,754,27,0
2010b,22791,754,28,0
1998b,22791,755,29,0
2012b,22791,756,30,0
3358b,22791,757,31,0
7874b,22791,760,32,1
1021b,20115,820,1,0
6971b,20115,820,2,0
169b,20115,821,3,0
1736b,20115,822,4,0
1120b,20115,822,5,0
1834b,20115,823,6,0
5468b,20115,824,7,0
2823b,20115,824,8,0
2648b,20115,825,9,0
1845b,20115,826,10,0
2221b,20115,827,11,0
5594b,20115,827,12,0
1552b,20115,829,13,0
1833b,20115,829,14,0
1093b,20115,831,15,0
5976b,20115,832,16,0
6365b,20115,833,17,0
5974b,20115,834,18,0
7875b,20115,835,19,0
4026b,20115,837,20,0
2651b,20115,839,21,0
1092b,20115,840,22,0
5469b,20115,841,23,0
2053b,20115,842,24,0
3968b,20115,843,25,0
3959b,20115,843,26,0
4029b,20115,844,27,0
2010b,20115,844,28,0
1998b,20115,845,29,0
2012b,20115,846,30,0
3358b,20115,847,31,0
7874b,20115,850,32,1
7874b,20099,1025,1,0
2560b,20099,1025,2,0
1933b,20099,1026,3,0
2657b,20099,1027,4,0
1788b,20099,1028,5,0
4030b,20099,1029,6,0
3960b,20099,1030,7,0
198b,20099,1031,8,0
2967b,20099,1032,9,0
1501b,20099,1033,10,0
723b,20099,1035,11,0
4027b,20099,1035,12,0
5939b,20099,1038,13,0
5973b,20099,1038,14,0
6366b,20099,1039,15,0
5975b,20099,1040,16,0
700b,20099,1041,17,0
1773b,20099,1043,18,0
811b,20099,1044,19,0
5593b,20099,1045,20,0
1731b,20099,1046,21,0
1979b,20099,1046,22,0
1961b,20099,1047,23,0
1772b,20099,1047,24,0
1994b,20099,1048,25,0
5467b,20099,1049,26,0
315b,20099,1049,27,0
2133b,20099,1050,28,0
176b,20099,1051,29,0
929b,20099,1052,30,0
1056b,20099,1053,31,0
1021b,20099,1055,32,1
7874b,19216,630,1,0
2560b,19216,630,2,0
1933b,19216,631,3,0
2657b,19216,632,4,0
1788b,19216,633,5,0
4030b,19216,634,6,0
3960b,19216,635,7,0
198b,19216,636,8,0
2967b,19216,637,9,0
1501b,19216,638,10,0
723b,19216,640,11,0
4027b,19216,640,12,0
5939b,19216,643,13,0
5973b,19216,643,14,0
6366b,19216,644,15,0
5975b,19216,645,16,0
700b,19216,646,17,0
1773b,19216,648,18,0
811b,19216,649,19,0
5593b,19216,650,20,0
1731b,19216,651,21,0
1979b,19216,651,22,0
1961b,19216,652,23,0
1772b,19216,652,24,0
1994b,19216,653,25,0
5467b,19216,654,26,0
315b,19216,654,27,0
2133b,19216,655,28,0
176b,19216,656,29,0
929b,19216,657,30,0
1056b,19216,658,31,0
1021b,19216,660,32,1
1021b,22949,970,1,0
6971b,22949,970,2,0
169b,22949,971,3,0
1736b,22949,972,4,0
1120b,22949,972,5,0
1834b,22949,973,6,0
5468b,22949,974,7,0
2823b,22949,974,8,0
2648b,22949,975,9,0
1845b,22949,976,10,0
2221b,22949,977,11,0
5594b,22949,977,12,0
1552b,22949,979,13,0
1833b,22949,979,14,0
1093b,22949,981,15,0
5976b,22949,982,16,0
6365b,22949,983,17,0
5974b,22949,984,18,0
7875b,22949,985,19,0
4026b,22949,987,20,0
2651b,22949,989,21,0
1092b,22949,990,22,0
5469b,22949,991,23,0
2053b,22949,992,24,0
3968b,22949,993,25,0
3959b,22949,993,26,0
4029b,22949,994,27,0
2010b,22949,994,28,0
1998b,22949,995,29,0
2012b,22949,996,30,0
3358b,22949,997,31,0
7874b,22949,1000,32,1
7874b,20355,920,1,0
2560b,20355,920,2,0
1933b,20355,921,3,0
2657b,20355,922,4,0
1788b,20355,923,5,0
4030b,20355,924,6,0
3960b,20355,925,7,0
198b,20355,926,8,0
2967b,20355,927,9,0
1501b,20355,928,10,0
723b,20355,930,11,0
4027b,20355,930,12,0
5939b,20355,933,13,0
5973b,20355,933,14,0
6366b,20355,934,15,0
5975b,20355,935,16,0
700b,20355,936,17,0
1773b,20355,938,18,0
811b,20355,939,19,0
5593b,20355,940,20,0
1731b,20355,941,21,0
1979b,20355,941,22,0
1961b,20355,942,23,0
1772b,20355,942,24,0
1994b,20355,943,25,0
5467b,20355,944,26,0
315b,20355,944,27,0
2133b,20355,945,28,0
176b,20355,946,29,0
929b,20355,947,30,0
1056b,20355,948,31,0
1021b,20355,950,32,1
1021b,20551,415,1,0
6971b,20551,415,2,0
169b,20551,416,3,0
1736b,20551,417,4,0
1120b,20551,417,5,0
1834b,20551,418,6,0
5468b,20551,419,7,0
2823b,20551,419,8,0
2648b,20551,420,9,0
1845b,20551,421,10,0
2221b,20551,422,11,0
5594b,20551,422,12,0
1552b,20551,424,13,0
1833b,20551,424,14,0
1093b,20551,426,15,0
5976b,20551,427,16,0
6365b,20551,428,17,0
5974b,20551,429,18,0
7875b,20551,430,19,0
4026b,20551,432,20,0
2651b,20551,434,21,0
1092b,20551,435,22,0
5469b,20551,435,23,0
2053b,20551,436,24,0
3968b,20551,437,25,0
3959b,20551,437,26,0
4029b,20551,438,27,0
2010b,20551,438,28,0
1998b,20551,438,29,0
2012b,20551,439,30,0
3358b,20551,440,31,0
7874b,20551,443,32,1
7874b,8260,560,1,0
2560b,8260,560,2,0
1933b,8260,561,3,0
2657b,8260,562,4,0
1788b,8260,563,5,0
4030b,8260,564,6,0
3960b,8260,565,7,0
198b,8260,566,8,0
2967b,8260,566,9,0
1501b,8260,567,10,0
723b,8260,569,11,0
4027b,8260,569,12,0
5939b,8260,572,13,0
5973b,8260,572,14,0
6366b,8260,573,15,0
5975b,8260,574,16,0
700b,8260,575,17,0
1773b,8260,577,18,0
811b,8260,578,19,0
5593b,8260,579,20,0
1731b,8260,580,21,0
1979b,8260,580,22,0
1961b,8260,581,23,0
1772b,8260,581,24,0
1994b,8260,582,25,0
5467b,8260,583,26,0
315b,8260,583,27,0
2133b,8260,584,28,0
176b,8260,585,29,0
929b,8260,586,30,0
1056b,8260,587,31,0
1021b,8260,589,32,1
7874b,8290,980,1,0
2560b,8290,980,2,0
1933b,8290,981,3,0
2657b,8290,982,4,0
1788b,8290,983,5,0
4030b,8290,984,6,0
3960b,8290,985,7,0
198b,8290,986,8,0
2967b,8290,987,9,0
1501b,8290,988,10,0
723b,8290,990,11,0
4027b,8290,990,12,0
5939b,8290,993,13,0
5973b,8290,993,14,0
6366b,8290,994,15,0
5975b,8290,996,16,0
700b,8290,996,17,0
1773b,8290,999,18,0
811b,8290,1000,19,0
5593b,8290,1001,20,0
1731b,8290,1002,21,0
1979b,8290,1002,22,0
1961b,8290,1003,23,0
1772b,8290,1004,24,0
1994b,8290,1005,25,0
5467b,8290,1005,26,0
315b,8290,1006,27,0
2133b,8290,1007,28,0
176b,8290,1007,29,0
929b,8290,1009,30,0
1056b,8290,1010,31,0
1021b,8290,1012,32,1
1021b,17126,580,1,0
6971b,17126,580,2,0
169b,17126,581,3,0
1736b,17126,582,4,0
1120b,17126,582,5,0
1834b,17126,583,6,0
5468b,17126,584,7,0
2823b,17126,584,8,0
2648b,17126,585,9,0
1845b,17126,586,10,0
2221b,17126,587,11,0
5594b,17126,587,12,0
1552b,17126,589,13,0
1833b,17126,589,14,0
1093b,17126,591,15,0
5976b,17126,592,16,0
6365b,17126,593,17,0
5974b,17126,594,18,0
7875b,17126,595,19,0
4026b,17126,597,20,0
2651b,17126,599,21,0
1092b,17126,600,22,0
5469b,17126,601,23,0
2053b,17126,602,24,0
3968b,17126,603,25,0
3959b,17126,603,26,0
4029b,17126,604,27,0
2010b,17126,604,28,0
1998b,17126,605,29,0
2012b,17126,606,30,0
3358b,17126,607,31,0
7874b,17126,610,32,1
1021b,19763,670,1,0
6971b,19763,670,2,0
169b,19763,671,3,0
1736b,19763,672,4,0
1120b,19763,672,5,0
1834b,19763,673,6,0
5468b,19763,674,7,0
2823b,19763,674,8,0
2648b,19763,675,9,0
1845b,19763,676,10,0
2221b,19763,677,11,0
5594b,19763,677,12,0
1552b,19763,679,13,0
1833b,19763,679,14,0
1093b,19763,681,15,0
5976b,19763,682,16,0
6365b,19763,683,17,0
5974b,19763,684,18,0
7875b,19763,685,19,0
4026b,19763,687,20,0
2651b,19763,689,21,0
1092b,19763,690,22,0
5469b,19763,691,23,0
2053b,19763,692,24,0
3968b,19763,693,25,0
3959b,19763,693,26,0
4029b,19763,694,27,0
2010b,19763,694,28,0
1998b,19763,695,29,0
2012b,19763,696,30,0
3358b,19763,697,31,0
7874b,19763,700,32,1
1021b,17107,1090,1,0
6971b,17107,1090,2,0
169b,17107,1091,3,0
1736b,17107,1092,4,0
1120b,17107,1092,5,0
1834b,17107,1093,6,0
5468b,17107,1094,7,0
2823b,17107,1094,8,0
2648b,17107,1095,9,0
1845b,17107,1096,10,0
2221b,17107,1097,11,0
5594b,17107,1097,12,0
1552b,17107,1099,13,0
1833b,17107,1099,14,0
1093b,17107,1102,15,0
5976b,17107,1103,16,0
6365b,17107,1105,17,0
5974b,17107,1105,18,0
7875b,17107,1107,19,0
4026b,17107,1110,20,0
2651b,17107,1112,21,0
1092b,17107,1113,22,0
5469b,17107,1114,23,0
2053b,17107,1115,24,0
3968b,17107,1116,25,0
3959b,17107,1116,26,0
4029b,17107,1117,27,0
2010b,17107,1117,28,0
1998b,17107,1118,29,0
2012b,17107,1119,30,0
3358b,17107,1120,31,0
7874b,17107,1123,32,1
7874b,17184,1065,1,0
2560b,17184,1065,2,0
1933b,17184,1066,3,0
2657b,17184,1067,4,0
1788b,17184,1068,5,0
4030b,17184,1069,6,0
3960b,17184,1070,7,0
198b,17184,1071,8,0
2967b,17184,1072,9,0
1501b,17184,1073,10,0
723b,17184,1075,11,0
4027b,17184,1075,12,0
5939b,17184,1078,13,0
5973b,17184,1078,14,0
6366b,17184,1079,15,0
5975b,17184,1080,16,0
700b,17184,1081,17,0
1773b,17184,1083,18,0
811b,17184,1084,19,0
5593b,17184,1085,20,0
1731b,17184,1086,21,0
1979b,17184,1086,22,0
1961b,17184,1087,23,0
1772b,17184,1087,24,0
1994b,17184,1088,25,0
5467b,17184,1089,26,0
315b,17184,1089,27,0
2133b,17184,1090,28,0
176b,17184,1091,29,0
929b,17184,1092,30,0
1056b,17184,1093,31,0
1021b,17184,1095,32,1
7874b,19704,665,1,0
2560b,19704,665,2,0
1933b,19704,666,3,0
2657b,19704,667,4,0
1788b,19704,668,5,0
4030b,19704,669,6,0
3960b,19704,670,7,0
198b,19704,671,8,0
2967b,19704,672,9,0
1501b,19704,673,10,0
723b,19704,675,11,0
4027b,19704,675,12,0
5939b,19704,678,13,0
5973b,19704,678,14,0
6366b,19704,679,15,0
5975b,19704,680,16,0
700b,19704,681,17,0
1773b,19704,683,18,0
811b,19704,684,19,0
5593b,19704,685,20,0
1731b,19704,686,21,0
1979b,19704,686,22,0
1961b,19704,687,23,0
1772b,19704,687,24,0
1994b,19704,688,25,0
5467b,19704,689,26,0
315b,19704,689,27,0
2133b,19704,690,28,0
176b,19704,691,29,0
929b,19704,692,30,0
1056b,19704,693,31,0
1021b,19704,695,32,1
7874b,20889,1200,1,0
2560b,20889,1200,2,0
1933b,20889,1202,3,0
2657b,20889,1203,4,0
1788b,20889,1204,5,0
4030b,20889,1205,6,0
3960b,20889,1205,7,0
198b,20889,1207,8,0
2967b,20889,1208,9,0
1501b,20889,1209,10,0
723b,20889,1211,11,0
4027b,20889,1211,12,0
5939b,20889,1214,13,0
5973b,20889,1214,14,0
6366b,20889,1215,15,0
5975b,20889,1216,16,0
700b,20889,1217,17,0
1773b,20889,1219,18,0
811b,20889,1220,19,0
5593b,20889,1221,20,0
1731b,20889,1222,21,0
1979b,20889,1222,22,0
1961b,20889,1223,23,0
1772b,20889,1223,24,0
1994b,20889,1224,25,0
5467b,20889,1225,26,0
315b,20889,1225,27,0
2133b,20889,1226,28,0
176b,20889,1227,29,0
929b,20889,1228,30,0
1056b,20889,1229,31,0
1021b,20889,1231,32,1
1021b,8660,820,1,0
6971b,8660,820,2,0
169b,8660,821,3,0
1736b,8660,822,4,0
1120b,8660,822,5,0
1834b,8660,823,6,0
5468b,8660,824,7,0
2823b,8660,824,8,0
2648b,8660,825,9,0
1845b,8660,826,10,0
2221b,8660,827,11,0
5594b,8660,827,12,0
1552b,8660,829,13,0
1833b,8660,829,14,0
1093b,8660,831,15,0
5976b,8660,832,16,0
6365b,8660,833,17,0
5974b,8660,834,18,0
7875b,8660,835,19,0
4026b,8660,837,20,0
2651b,8660,839,21,0
1092b,8660,840,22,0
5469b,8660,841,23,0
2053b,8660,842,24,0
3968b,8660,843,25,0
3959b,8660,843,26,0
4029b,8660,844,27,0
2010b,8660,844,28,0
1998b,8660,845,29,0
2012b,8660,846,30,0
3358b,8660,847,31,0
7874b,8660,850,32,1
7874b,17453,1140,1,0
2560b,17453,1140,2,0
1933b,17453,1142,3,0
2657b,17453,1143,4,0
1788b,17453,1144,5,0
4030b,17453,1145,6,0
3960b,17453,1145,7,0
198b,17453,1147,8,0
2967b,17453,1148,9,0
1501b,17453,1149,10,0
723b,17453,1151,11,0
4027b,17453,1151,12,0
5939b,17453,1155,13,0
5973b,17453,1155,14,0
6366b,17453,1156,15,0
5975b,17453,1158,16,0
700b,17453,1158,17,0
1773b,17453,1161,18,0
811b,17453,1162,19,0
5593b,17453,1163,20,0
1731b,17453,1164,21,0
1979b,17453,1164,22,0
1961b,17453,1165,23,0
1772b,17453,1166,24,0
1994b,17453,1167,25,0
5467b,17453,1167,26,0
315b,17453,1168,27,0
2133b,17453,1169,28,0
176b,17453,1169,29,0
929b,17453,1171,30,0
1056b,17453,1172,31,0
1021b,17453,1174,32,1
1021b,8811,430,1,0
6971b,8811,430,2,0
169b,8811,431,3,0
1736b,8811,432,4,0
1120b,8811,433,5,0
1834b,8811,433,6,0
5468b,8811,434,7,0
2823b,8811,435,8,0
2648b,8811,436,9,0
1845b,8811,437,10,0
2221b,8811,437,11,0
5594b,8811,438,12,0
1552b,8811,440,13,0
1833b,8811,440,14,0
1093b,8811,443,15,0
5976b,8811,443,16,0
6365b,8811,445,17,0
5974b,8811,446,18,0
7875b,8811,447,19,0
4026b,8811,450,20,0
2651b,8811,452,21,0
1092b,8811,453,22,0
5469b,8811,454,23,0
2053b,8811,455,24,0
3968b,8811,456,25,0
3959b,8811,456,26,0
4029b,8811,457,27,0
2010b,8811,457,28,0
1998b,8811,458,29,0
2012b,8811,459,30,0
3358b,8811,460,31,0
7874b,8811,463,32,1
7874b,6280,810,1,0
2560b,6280,810,2,0
1933b,6280,811,3,0
2657b,6280,812,4,0
1788b,6280,813,5,0
4030b,6280,814,6,0
3960b,6280,815,7,0
198b,6280,816,8,0
2967b,6280,817,9,0
1501b,6280,818,10,0
723b,6280,820,11,0
4027b,6280,820,12,0
5939b,6280,823,13,0
5973b,6280,823,14,0
6366b,6280,824,15,0
5975b,6280,825,16,0
700b,6280,826,17,0
1773b,6280,828,18,0
811b,6280,829,19,0
5593b,6280,830,20,0
1731b,6280,831,21,0
1979b,6280,831,22,0
1961b,6280,832,23,0
1772b,6280,832,24,0
1994b,6280,833,25,0
5467b,6280,834,26,0
315b,6280,834,27,0
2133b,6280,835,28,0
176b,6280,836,29,0
929b,6280,837,30,0
1056b,6280,838,31,0
1021b,6280,840,32,1
7874b,15084,780,1,0
2560b,15084,780,2,0
1933b,15084,781,3,0
2657b,15084,782,4,0
1788b,15084,783,5,0
4030b,15084,784,6,0
3960b,15084,785,7,0
198b,15084,786,8,0
2967b,15084,787,9,0
1501b,15084,788,10,0
723b,15084,790,11,0
4027b,15084,790,12,0
5939b,15084,793,13,0
5973b,15084,793,14,0
6366b,15084,794,15,0
5975b,15084,795,16,0
700b,15084,796,17,0
1773b,15084,798,18,0
811b,15084,799,19,0
5593b,15084,800,20,0
1731b,15084,801,21,0
1979b,15084,801,22,0
1961b,15084,802,23,0
1772b,15084,802,24,0
1994b,15084,803,25,0
5467b,15084,804,26,0
315b,15084,804,27,0
2133b,15084,805,28,0
176b,15084,806,29,0
929b,15084,807,30,0
1056b,15084,808,31,0
1021b,15084,810,32,1
7874b,15063,345,1,0
2560b,15063,345,2,0
1933b,15063,346,3,0
2657b,15063,347,4,0
1788b,15063,348,5,0
4030b,15063,349,6,0
3960b,15063,350,7,0
198b,15063,351,8,0
2967b,15063,351,9,0
1501b,15063,352,10,0
723b,15063,354,11,0
4027b,15063,354,12,0
5939b,15063,357,13,0
5973b,15063,357,14,0
6366b,15063,358,15,0
5975b,15063,359,16,0
700b,15063,360,17,0
1773b,15063,362,18,0
811b,15063,363,19,0
5593b,15063,364,20,0
1731b,15063,365,21,0
1979b,15063,365,22,0
1961b,15063,366,23,0
1772b,15063,366,24,0
1994b,15063,367,25,0
5467b,15063,368,26,0
315b,15063,368,27,0
2133b,15063,369,28,0
176b,15063,370,29,0
929b,15063,371,30,0
1056b,15063,372,31,0
1021b,15063,374,32,1
1021b,17666,490,1,0
6971b,17666,490,2,0
169b,17666,491,3,0
1736b,17666,492,4,0
1120b,17666,493,5,0
1834b,17666,493,6,0
5468b,17666,494,7,0
2823b,17666,495,8,0
2648b,17666,496,9,0
1845b,17666,497,10,0
2221b,17666,497,11,0
5594b,17666,498,12,0
1552b,17666,500,13,0
1833b,17666,500,14,0
1093b,17666,503,15,0
5976b,17666,503,16,0
6365b,17666,505,17,0
5974b,17666,506,18,0
7875b,17666,507,19,0
4026b,17666,510,20,0
2651b,17666,512,21,0
1092b,17666,513,22,0
5469b,17666,514,23,0
2053b,17666,515,24,0
3968b,17666,516,25,0
3959b,17666,516,26,0
4029b,17666,517,27,0
2010b,17666,517,28,0
1998b,17666,518,29,0
2012b,17666,519,30,0
3358b,17666,520,31,0
7874b,17666,523,32,1
7874b,17642,620,1,0
2560b,17642,620,2,0
1933b,17642,621,3,0
2657b,17642,622,4,0
1788b,17642,623,5,0
4030b,17642,624,6,0
3960b,17642,625,7,0
198b,17642,626,8,0
2967b,17642,627,9,0
1501b,17642,628,10,0
723b,17642,630,11,0
4027b,17642,630,12,0
5939b,17642,633,13,0
5973b,17642,633,14,0
6366b,17642,634,15,0
5975b,17642,635,16,0
700b,17642,636,17,0
1773b,17642,638,18,0
811b,17642,639,19,0
5593b,17642,640,20,0
1731b,17642,641,21,0
1979b,17642,641,22,0
1961b,17642,642,23,0
1772b,17642,642,24,0
1994b,17642,643,25,0
5467b,17642,644,26,0
315b,17642,644,27,0
2133b,17642,645,28,0
176b,17642,646,29,0
929b,17642,647,30,0
1056b,17642,648,31,0
1021b,17642,650,32,1
7874b,15142,440,1,0
2560b,15142,440,2,0
1933b,15142,441,3,0
2657b,15142,442,4,0
1788b,15142,443,5,0
4030b,15142,444,6,0
3960b,15142,445,7,0
198b,15142,446,8,0
2967b,15142,446,9,0
1501b,15142,447,10,0
723b,15142,449,11,0
4027b,15142,449,12,0
5939b,15142,452,13,0
5973b,15142,452,14,0
6366b,15142,453,15,0
5975b,15142,454,16,0
700b,15142,455,17,0
1773b,15142,457,18,0
811b,15142,458,19,0
5593b,15142,459,20,0
1731b,15142,460,21,0
1979b,15142,460,22,0
1961b,15142,461,23,0
1772b,15142,461,24,0
1994b,15142,462,25,0
5467b,15142,463,26,0
315b,15142,463,27,0
2133b,15142,464,28,0
176b,15142,465,29,0
929b,15142,466,30,0
1056b,15142,467,31,0
1021b,15142,469,32,1
7874b,6538,1105,1,0
2560b,6538,1105,2,0
1933b,6538,1106,3,0
2657b,6538,1107,4,0
1788b,6538,1108,5,0
4030b,6538,1109,6,0
3960b,6538,1110,7,0
198b,6538,1111,8,0
2967b,6538,1112,9,0
1501b,6538,1113,10,0
723b,6538,1115,11,0
4027b,6538,1115,12,0
5939b,6538,1118,13,0
5973b,6538,1118,14,0
6366b,6538,1119,15,0
5975b,6538,1120,16,0
700b,6538,1121,17,0
1773b,6538,1123,18,0
811b,6538,1124,19,0
5593b,6538,1125,20,0
1731b,6538,1126,21,0
1979b,6538,1126,22,0
1961b,6538,1127,23,0
1772b,6538,1127,24,0
1994b,6538,1128,25,0
5467b,6538,1129,26,0
315b,6538,1129,27,0
2133b,6538,1130,28,0
176b,6538,1131,29,0
929b,6538,1132,30,0
1056b,6538,1133,31,0
1021b,6538,1135,32,1
1021b,6593,555,1,0
6971b,6593,555,2,0
169b,6593,556,3,0
1736b,6593,557,4,0
1120b,6593,557,5,0
1834b,6593,558,6,0
5468b,6593,559,7,0
2823b,6593,559,8,0
2648b,6593,560,9,0
1845b,6593,561,10,0
2221b,6593,562,11,0
5594b,6593,562,12,0
1552b,6593,564,13,0
1833b,6593,564,14,0
1093b,6593,566,15,0
5976b,6593,567,16,0
6365b,6593,568,17,0
5974b,6593,569,18,0
7875b,6593,570,19,0
4026b,6593,572,20,0
2651b,6593,574,21,0
1092b,6593,575,22,0
5469b,6593,575,23,0
2053b,6593,576,24,0
3968b,6593,577,25,0
3959b,6593,577,26,0
4029b,6593,578,27,0
2010b,6593,578,28,0
1998b,6593,578,29,0
2012b,6593,579,30,0
3358b,6593,580,31,0
7874b,6593,583,32,1
1021b,4070,1047,1,0
6971b,4070,1047,2,0
169b,4070,1048,3,0
1736b,4070,1049,4,0
1120b,4070,1049,5,0
1834b,4070,1050,6,0
5468b,4070,1051,7,0
2823b,4070,1051,8,0
2648b,4070,1052,9,0
1845b,4070,1053,10,0
2221b,4070,1054,11,0
5594b,4070,1054,12,0
1552b,4070,1056,13,0
1833b,4070,1056,14,0
1093b,4070,1059,15,0
5976b,4070,1059,16,0
6365b,4070,1061,17,0
5974b,4070,1062,18,0
7875b,4070,1063,19,0
4026b,4070,1066,20,0
2651b,4070,1068,21,0
1092b,4070,1069,22,0
5469b,4070,1070,23,0
2053b,4070,1071,24,0
3968b,4070,1072,25,0
3959b,4070,1072,26,0
4029b,4070,1073,27,0
2010b,4070,1073,28,0
1998b,4070,1074,29,0
2012b,4070,1075,30,0
3358b,4070,1076,31,0
7874b,4070,1079,32,1
7874b,17921,945,1,0
2560b,17921,945,2,0
1933b,17921,946,3,0
2657b,17921,947,4,0
1788b,17921,948,5,0
4030b,17921,949,6,0
3960b,17921,950,7,0
198b,17921,951,8,0
2967b,17921,952,9,0
1501b,17921,953,10,0
723b,17921,955,11,0
4027b,17921,955,12,0
5939b,17921,958,13,0
5973b,17921,958,14,0
6366b,17921,959,15,0
5975b,17921,960,16,0
700b,17921,961,17,0
1773b,17921,963,18,0
811b,17921,964,19,0
5593b,17921,965,20,0
1731b,17921,966,21,0
1979b,17921,966,22,0
1961b,17921,967,23,0
1772b,17921,967,24,0
1994b,17921,968,25,0
5467b,17921,969,26,0
315b,17921,969,27,0
2133b,17921,970,28,0
176b,17921,971,29,0
929b,17921,972,30,0
1056b,17921,973,31,0
1021b,17921,975,32,1
1021b,15324,1260,1,0
6971b,15324,1260,2,0
169b,15324,1261,3,0
1736b,15324,1262,4,0
1120b,15324,1262,5,0
1834b,15324,1263,6,0
5468b,15324,1264,7,0
2823b,15324,1264,8,0
2648b,15324,1265,9,0
1845b,15324,1266,10,0
2221b,15324,1267,11,0
5594b,15324,1267,12,0
1552b,15324,1269,13,0
1833b,15324,1269,14,0
1093b,15324,1271,15,0
5976b,15324,1272,16,0
6365b,15324,1273,17,0
5974b,15324,1274,18,0
7875b,15324,1275,19,0
4026b,15324,1277,20,0
2651b,15324,1279,21,0
1092b,15324,1280,22,0
5469b,15324,1280,23,0
2053b,15324,1281,24,0
3968b,15324,1282,25,0
3959b,15324,1282,26,0
4029b,15324,1283,27,0
2010b,15324,1283,28,0
1998b,15324,1283,29,0
2012b,15324,1284,30,0
3358b,15324,1285,31,0
7874b,15324,1288,32,1
1021b,15444,835,1,0
6971b,15444,835,2,0
169b,15444,836,3,0
1736b,15444,837,4,0
1120b,15444,838,5,0
1834b,15444,838,6,0
5468b,15444,839,7,0
2823b,15444,840,8,0
2648b,15444,841,9,0
1845b,15444,842,10,0
2221b,15444,842,11,0
5594b,15444,843,12,0
1552b,15444,845,13,0
1833b,15444,845,14,0
1093b,15444,848,15,0
5976b,15444,848,16,0
6365b,15444,850,17,0
5974b,15444,851,18,0
7875b,15444,852,19,0
4026b,15444,854,20,0
2651b,15444,856,21,0
1092b,15444,857,22,0
5469b,15444,858,23,0
2053b,15444,859,24,0
3968b,15444,860,25,0
3959b,15444,860,26,0
4029b,15444,861,27,0
2010b,15444,861,28,0
1998b,15444,862,29,0
2012b,15444,863,30,0
3358b,15444,864,31,0
7874b,15444,867,32,1
1021b,6849,1140,1,0
6971b,6849,1140,2,0
169b,6849,1141,3,0
1736b,6849,1142,4,0
1120b,6849,1142,5,0
1834b,6849,1143,6,0
5468b,6849,1144,7,0
2823b,6849,1144,8,0
2648b,6849,1145,9,0
1845b,6849,1146,10,0
2221b,6849,1147,11,0
5594b,6849,1147,12,0
1552b,6849,1149,13,0
1833b,6849,1149,14,0
1093b,6849,1151,15,0
5976b,6849,1152,16,0
6365b,6849,1153,17,0
5974b,6849,1154,18,0
7875b,6849,1155,19,0
4026b,6849,1158,20,0
2651b,6849,1160,21,0
1092b,6849,1161,22,0
5469b,6849,1162,23,0
2053b,6849,1163,24,0
3968b,6849,1164,25,0
3959b,6849,1164,26,0
4029b,6849,1165,27,0
2010b,6849,1165,28,0
1998b,6849,1166,29,0
2012b,6849,1167,30,0
3358b,6849,1168,31,0
7874b,6849,1171,32,1
1021b,6892,955,1,0
6971b,6892,955,2,0
169b,6892,956,3,0
1736b,6892,957,4,0
1120b,6892,958,5,0
1834b,6892,958,6,0
5468b,6892,959,7,0
2823b,6892,960,8,0
2648b,6892,961,9,0
1845b,6892,962,10,0
2221b,6892,962,11,0
5594b,6892,963,12,0
1552b,6892,965,13,0
1833b,6892,965,14,0
1093b,6892,968,15,0
5976b,6892,968,16,0
6365b,6892,970,17,0
5974b,6892,971,18,0
7875b,6892,972,19,0
4026b,6892,974,20,0
2651b,6892,976,21,0
1092b,6892,977,22,0
5469b,6892,978,23,0
2053b,6892,979,24,0
3968b,6892,980,25,0
3959b,6892,980,26,0
4029b,6892,981,27,0
2010b,6892,981,28,0
1998b,6892,982,29,0
2012b,6892,983,30,0
3358b,6892,984,31,0
7874b,6892,987,32,1
7874b,15709,865,1,0
2560b,15709,865,2,0
1933b,15709,866,3,0
2657b,15709,867,4,0
1788b,15709,868,5,0
4030b,15709,869,6,0
3960b,15709,870,7,0
198b,15709,871,8,0
2967b,15709,872,9,0
1501b,15709,873,10,0
723b,15709,875,11,0
4027b,15709,875,12,0
5939b,15709,878,13,0
5973b,15709,878,14,0
6366b,15709,879,15,0
5975b,15709,880,16,0
700b,15709,881,17,0
1773b,15709,883,18,0
811b,15709,884,19,0
5593b,15709,885,20,0
1731b,15709,886,21,0
1979b,15709,886,22,0
1961b,15709,887,23,0
1772b,15709,887,24,0
1994b,15709,888,25,0
5467b,15709,889,26,0
315b,15709,889,27,0
2133b,15709,890,28,0
176b,15709,891,29,0
929b,15709,892,30,0
1056b,15709,893,31,0
1021b,15709,895,32,1
7874b,15674,1020,1,0
2560b,15674,1020,2,0
1933b,15674,1022,3,0
2657b,15674,1023,4,0
1788b,15674,1024,5,0
4030b,15674,1025,6,0
3960b,15674,1025,7,0
198b,15674,1027,8,0
2967b,15674,1028,9,0
1501b,15674,1029,10,0
723b,15674,1031,11,0
4027b,15674,1031,12,0
5939b,15674,1035,13,0
5973b,15674,1035,14,0
6366b,15674,1036,15,0
5975b,15674,1038,16,0
700b,15674,1038,17,0
1773b,15674,1041,18,0
811b,15674,1042,19,0
5593b,15674,1043,20,0
1731b,15674,1044,21,0
1979b,15674,1044,22,0
1961b,15674,1045,23,0
1772b,15674,1046,24,0
1994b,15674,1047,25,0
5467b,15674,1047,26,0
315b,15674,1048,27,0
2133b,15674,1049,28,0
176b,15674,1049,29,0
929b,15674,1051,30,0
1056b,15674,1052,31,0
1021b,15674,1054,32,1
7874b,25071,570,1,0
2560b,25071,570,2,0
1933b,25071,571,3,0
2657b,25071,572,4,0
1788b,25071,573,5,0
4030b,25071,574,6,0
3960b,25071,575,7,0
198b,25071,576,8,0
2967b,25071,577,9,0
1501b,25071,578,10,0
723b,25071,580,11,0
4027b,25071,580,12,0
5939b,25071,583,13,0
5973b,25071,583,14,0
6366b,25071,584,15,0
5975b,25071,585,16,0
700b,25071,586,17,0
1773b,25071,588,18,0
811b,25071,589,19,0
5593b,25071,590,20,0
1731b,25071,591,21,0
1979b,25071,591,22,0
1961b,25071,592,23,0
1772b,25071,592,24,0
1994b,25071,593,25,0
5467b,25071,594,26,0
315b,25071,594,27,0
2133b,25071,595,28,0
176b,25071,596,29,0
929b,25071,597,30,0
1056b,25071,598,31,0
1021b,25071,600,32,1
1021b,13063,1140,1,0
6971b,13063,1140,2,0
169b,13063,1141,3,0
1736b,13063,1142,4,0
1120b,13063,1142,5,0
1834b,13063,1143,6,0
5468b,13063,1144,7,0
2823b,13063,1144,8,0
2648b,13063,1145,9,0
1845b,13063,1146,10,0
2221b,13063,1147,11,0
5594b,13063,1147,12,0
1552b,13063,1149,13,0
1833b,13063,1149,14,0
1093b,13063,1151,15,0
5976b,13063,1152,16,0
6365b,13063,1153,17,0
5974b,13063,1154,18,0
7875b,13063,1155,19,0
4026b,13063,1157,20,0
2651b,13063,1159,21,0
1092b,13063,1160,22,0
5469b,13063,1161,23,0
2053b,13063,1162,24,0
3968b,13063,1163,25,0
3959b,13063,1163,26,0
4029b,13063,1164,27,0
2010b,13063,1164,28,0
1998b,13063,1165,29,0
2012b,13063,1166,30,0
3358b,13063,1167,31,0
7874b,13063,1170,32,1
1021b,15811,740,1,0
6971b,15811,740,2,0
169b,15811,741,3,0
1736b,15811,742,4,0
1120b,15811,742,5,0
1834b,15811,743,6,0
5468b,15811,744,7,0
2823b,15811,744,8,0
2648b,15811,745,9,0
1845b,15811,746,10,0
2221b,15811,747,11,0
5594b,15811,747,12,0
1552b,15811,749,13,0
1833b,15811,749,14,0
1093b,15811,751,15,0
5976b,15811,752,16,0
6365b,15811,753,17,0
5974b,15811,754,18,0
7875b,15811,755,19,0
4026b,15811,757,20,0
2651b,15811,759,21,0
1092b,15811,760,22,0
5469b,15811,761,23,0
2053b,15811,762,24,0
3968b,15811,763,25,0
3959b,15811,763,26,0
4029b,15811,764,27,0
2010b,15811,764,28,0
1998b,15811,765,29,0
2012b,15811,766,30,0
3358b,15811,767,31,0
7874b,15811,770,32,1
1021b,15726,900,1,0
6971b,15726,900,2,0
169b,15726,901,3,0
1736b,15726,902,4,0
1120b,15726,902,5,0
1834b,15726,903,6,0
5468b,15726,904,7,0
2823b,15726,904,8,0
2648b,15726,905,9,0
1845b,15726,906,10,0
2221b,15726,907,11,0
5594b,15726,907,12,0
1552b,15726,909,13,0
1833b,15726,909,14,0
1093b,15726,911,15,0
5976b,15726,912,16,0
6365b,15726,913,17,0
5974b,15726,914,18,0
7875b,15726,915,19,0
4026b,15726,917,20,0
2651b,15726,919,21,0
1092b,15726,920,22,0
5469b,15726,921,23,0
2053b,15726,922,24,0
3968b,15726,923,25,0
3959b,15726,923,26,0
4029b,15726,924,27,0
2010b,15726,924,28,0
1998b,15726,925,29,0
2012b,15726,926,30,0
3358b,15726,927,31,0
7874b,15726,930,32,1
7874b,13235,540,1,0
2560b,13235,540,2,0
1933b,13235,541,3,0
2657b,13235,542,4,0
1788b,13235,543,5,0
4030b,13235,544,6,0
3960b,13235,545,7,0
198b,13235,546,8,0
2967b,13235,547,9,0
1501b,13235,548,10,0
723b,13235,550,11,0
4027b,13235,550,12,0
5939b,13235,553,13,0
5973b,13235,553,14,0
6366b,13235,554,15,0
5975b,13235,555,16,0
700b,13235,556,17,0
1773b,13235,558,18,0
811b,13235,559,19,0
5593b,13235,560,20,0
1731b,13235,561,21,0
1979b,13235,561,22,0
1961b,13235,562,23,0
1772b,13235,562,24,0
1994b,13235,563,25,0
5467b,13235,564,26,0
315b,13235,564,27,0
2133b,13235,565,28,0
176b,13235,566,29,0
929b,13235,567,30,0
1056b,13235,568,31,0
1021b,13235,570,32,1
1021b,13285,400,1,0
6971b,13285,400,2,0
169b,13285,401,3,0
1736b,13285,402,4,0
1120b,13285,402,5,0
1834b,13285,403,6,0
5468b,13285,404,7,0
2823b,13285,404,8,0
2648b,13285,405,9,0
1845b,13285,406,10,0
2221b,13285,407,11,0
5594b,13285,407,12,0
1552b,13285,409,13,0
1833b,13285,409,14,0
1093b,13285,411,15,0
5976b,13285,412,16,0
6365b,13285,413,17,0
5974b,13285,414,18,0
7875b,13285,415,19,0
4026b,13285,417,20,0
2651b,13285,419,21,0
1092b,13285,420,22,0
5469b,13285,421,23,0
2053b,13285,422,24,0
3968b,13285,423,25,0
3959b,13285,423,26,0
4029b,13285,424,27,0
2010b,13285,424,28,0
1998b,13285,425,29,0
2012b,13285,426,30,0
3358b,13285,427,31,0
7874b,13285,430,32,1
1021b,25278,730,1,0
6971b,25278,730,2,0
169b,25278,731,3,0
1736b,25278,732,4,0
1120b,25278,733,5,0
1834b,25278,733,6,0
5468b,25278,734,7,0
2823b,25278,735,8,0
2648b,25278,736,9,0
1845b,25278,737,10,0
2221b,25278,737,11,0
5594b,25278,738,12,0
1552b,25278,740,13,0
1833b,25278,740,14,0
1093b,25278,743,15,0
5976b,25278,743,16,0
6365b,25278,745,17,0
5974b,25278,746,18,0
7875b,25278,747,19,0
4026b,25278,749,20,0
2651b,25278,751,21,0
1092b,25278,752,22,0
5469b,25278,753,23,0
2053b,25278,754,24,0
3968b,25278,755,25,0
3959b,25278,755,26,0
4029b,25278,756,27,0
2010b,25278,756,28,0
1998b,25278,757,29,0
2012b,25278,758,30,0
3358b,25278,759,31,0
7874b,25278,762,32,1
7874b,4672,500,1,0
2560b,4672,500,2,0
1933b,4672,501,3,0
2657b,4672,502,4,0
1788b,4672,503,5,0
4030b,4672,504,6,0
3960b,4672,505,7,0
198b,4672,506,8,0
2967b,4672,506,9,0
1501b,4672,507,10,0
723b,4672,509,11,0
4027b,4672,509,12,0
5939b,4672,512,13,0
5973b,4672,512,14,0
6366b,4672,513,15,0
5975b,4672,514,16,0
700b,4672,515,17,0
1773b,4672,517,18,0
811b,4672,518,19,0
5593b,4672,519,20,0
1731b,4672,520,21,0
1979b,4672,520,22,0
1961b,4672,521,23,0
1772b,4672,521,24,0
1994b,4672,522,25,0
5467b,4672,523,26,0
315b,4672,523,27,0
2133b,4672,524,28,0
176b,4672,525,29,0
929b,4672,526,30,0
1056b,4672,527,31,0
1021b,4672,529,32,1
7874b,2029,393,1,0
2560b,2029,393,2,0
1933b,2029,394,3,0
2657b,2029,395,4,0
1788b,2029,396,5,0
4030b,2029,397,6,0
3960b,2029,398,7,0
198b,2029,399,8,0
2967b,2029,399,9,0
1501b,2029,400,10,0
723b,2029,402,11,0
4027b,2029,402,12,0
5939b,2029,405,13,0
5973b,2029,405,14,0
6366b,2029,406,15,0
5975b,2029,407,16,0
700b,2029,408,17,0
1773b,2029,410,18,0
811b,2029,411,19,0
5593b,2029,412,20,0
1731b,2029,413,21,0
1979b,2029,413,22,0
1961b,2029,414,23,0
1772b,2029,414,24,0
1994b,2029,415,25,0
5467b,2029,416,26,0
315b,2029,416,27,0
2133b,2029,417,28,0
176b,2029,418,29,0
929b,2029,419,30,0
1056b,2029,420,31,0
1021b,2029,422,32,1
7874b,2084,380,1,0
2560b,2084,380,2,0
1933b,2084,381,3,0
2657b,2084,382,4,0
1788b,2084,383,5,0
4030b,2084,384,6,0
3960b,2084,385,7,0
198b,2084,386,8,0
2967b,2084,386,9,0
1501b,2084,387,10,0
723b,2084,389,11,0
4027b,2084,389,12,0
5939b,2084,392,13,0
5973b,2084,392,14,0
6366b,2084,393,15,0
5975b,2084,394,16,0
700b,2084,395,17,0
1773b,2084,397,18,0
811b,2084,398,19,0
5593b,2084,399,20,0
1731b,2084,400,21,0
1979b,2084,400,22,0
1961b,2084,401,23,0
1772b,2084,401,24,0
1994b,2084,402,25,0
5467b,2084,403,26,0
315b,2084,403,27,0
2133b,2084,404,28,0
176b,2084,405,29,0
929b,2084,406,30,0
1056b,2084,407,31,0
1021b,2084,409,32,1
1021b,25303,435,1,0
6971b,25303,435,2,0
169b,25303,436,3,0
1736b,25303,437,4,0
1120b,25303,437,5,0
1834b,25303,438,6,0
5468b,25303,439,7,0
2823b,25303,439,8,0
2648b,25303,440,9,0
1845b,25303,441,10,0
2221b,25303,442,11,0
5594b,25303,442,12,0
1552b,25303,444,13,0
1833b,25303,444,14,0
1093b,25303,446,15,0
5976b,25303,447,16,0
6365b,25303,448,17,0
5974b,25303,449,18,0
7875b,25303,450,19,0
4026b,25303,452,20,0
2651b,25303,454,21,0
1092b,25303,455,22,0
5469b,25303,455,23,0
2053b,25303,456,24,0
3968b,25303,457,25,0
3959b,25303,457,26,0
4029b,25303,458,27,0
2010b,25303,458,28,0
1998b,25303,458,29,0
2012b,25303,459,30,0
3358b,25303,460,31,0
7874b,25303,463,32,1
7874b,2115,905,1,0
2560b,2115,905,2,0
1933b,2115,906,3,0
2657b,2115,907,4,0
1788b,2115,908,5,0
4030b,2115,909,6,0
3960b,2115,910,7,0
198b,2115,911,8,0
2967b,2115,912,9,0
1501b,2115,913,10,0
723b,2115,915,11,0
4027b,2115,915,12,0
5939b,2115,918,13,0
5973b,2115,918,14,0
6366b,2115,919,15,0
5975b,2115,920,16,0
700b,2115,921,17,0
1773b,2115,923,18,0
811b,2115,924,19,0
5593b,2115,925,20,0
1731b,2115,926,21,0
1979b,2115,926,22,0
1961b,2115,927,23,0
1772b,2115,927,24,0
1994b,2115,928,25,0
5467b,2115,929,26,0
315b,2115,929,27,0
2133b,2115,930,28,0
176b,2115,931,29,0
929b,2115,932,30,0
1056b,2115,933,31,0
1021b,2115,935,32,1
7874b,4834,1040,1,0
2560b,4834,1040,2,0
1933b,4834,1042,3,0
2657b,4834,1043,4,0
1788b,4834,1044,5,0
4030b,4834,1045,6,0
3960b,4834,1045,7,0
198b,4834,1047,8,0
2967b,4834,1048,9,0
1501b,4834,1049,10,0
723b,4834,1052,11,0
4027b,4834,1052,12,0
5939b,4834,1055,13,0
5973b,4834,1055,14,0
6366b,4834,1056,15,0
5975b,4834,1058,16,0
700b,4834,1058,17,0
1773b,4834,1061,18,0
811b,4834,1062,19,0
5593b,4834,1063,20,0
1731b,4834,1064,21,0
1979b,4834,1064,22,0
1961b,4834,1065,23,0
1772b,4834,1066,24,0
1994b,4834,1067,25,0
5467b,4834,1067,26,0
315b,4834,1068,27,0
2133b,4834,1069,28,0
176b,4834,1069,29,0
929b,4834,1071,30,0
1056b,4834,1072,31,0
1021b,4834,1074,32,1
7874b,4858,480,1,0
2560b,4858,480,2,0
1933b,4858,482,3,0
2657b,4858,483,4,0
1788b,4858,484,5,0
4030b,4858,485,6,0
3960b,4858,485,7,0
198b,4858,487,8,0
2967b,4858,488,9,0
1501b,4858,489,10,0
723b,4858,491,11,0
4027b,4858,491,12,0
5939b,4858,495,13,0
5973b,4858,495,14,0
6366b,4858,496,15,0
5975b,4858,498,16,0
700b,4858,498,17,0
1773b,4858,501,18,0
811b,4858,502,19,0
5593b,4858,503,20,0
1731b,4858,504,21,0
1979b,4858,504,22,0
1961b,4858,505,23,0
1772b,4858,505,24,0
1994b,4858,506,25,0
5467b,4858,507,26,0
315b,4858,507,27,0
2133b,4858,508,28,0
176b,4858,509,29,0
929b,4858,510,30,0
1056b,4858,511,31,0
1021b,4858,513,32,1
7874b,4948,510,1,0
2560b,4948,510,2,0
1933b,4948,512,3,0
2657b,4948,513,4,0
1788b,4948,514,5,0
4030b,4948,515,6,0
3960b,4948,515,7,0
198b,4948,517,8,0
2967b,4948,518,9,0
1501b,4948,519,10,0
723b,4948,521,11,0
4027b,4948,521,12,0
5939b,4948,525,13,0
5973b,4948,525,14,0
6366b,4948,526,15,0
5975b,4948,528,16,0
700b,4948,528,17,0
1773b,4948,531,18,0
811b,4948,532,19,0
5593b,4948,533,20,0
1731b,4948,534,21,0
1979b,4948,534,22,0
1961b,4948,535,23,0
1772b,4948,535,24,0
1994b,4948,536,25,0
5467b,4948,537,26,0
315b,4948,537,27,0
2133b,4948,538,28,0
176b,4948,539,29,0
929b,4948,540,30,0
1056b,4948,541,31,0
1021b,4948,543,32,1
7874b,11065,890,1,0
2560b,11065,890,2,0
1933b,11065,891,3,0
2657b,11065,892,4,0
1788b,11065,893,5,0
4030b,11065,894,6,0
3960b,11065,895,7,0
198b,11065,896,8,0
2967b,11065,897,9,0
1501b,11065,898,10,0
723b,11065,900,11,0
4027b,11065,900,12,0
5939b,11065,903,13,0
5973b,11065,903,14,0
6366b,11065,904,15,0
5975b,11065,905,16,0
700b,11065,906,17,0
1773b,11065,908,18,0
811b,11065,909,19,0
5593b,11065,910,20,0
1731b,11065,911,21,0
1979b,11065,911,22,0
1961b,11065,912,23,0
1772b,11065,912,24,0
1994b,11065,913,25,0
5467b,11065,914,26,0
315b,11065,914,27,0
2133b,11065,915,28,0
176b,11065,916,29,0
929b,11065,917,30,0
1056b,11065,918,31,0
1021b,11065,920,32,1
7874b,11218,1070,1,0
2560b,11218,1070,2,0
1933b,11218,1072,3,0
2657b,11218,1073,4,0
1788b,11218,1074,5,0
4030b,11218,1075,6,0
3960b,11218,1075,7,0
198b,11218,1077,8,0
2967b,11218,1078,9,0
1501b,11218,1079,10,0
723b,11218,1082,11,0
4027b,11218,1082,12,0
5939b,11218,1085,13,0
5973b,11218,1085,14,0
6366b,11218,1086,15,0
5975b,11218,1088,16,0
700b,11218,1088,17,0
1773b,11218,1091,18,0
811b,11218,1092,19,0
5593b,11218,1093,20,0
1731b,11218,1094,21,0
1979b,11218,1094,22,0
1961b,11218,1095,23,0
1772b,11218,1096,24,0
1994b,11218,1097,25,0
5467b,11218,1097,26,0
315b,11218,1098,27,0
2133b,11218,1099,28,0
176b,11218,1099,29,0
929b,11218,1101,30,0
1056b,11218,1102,31,0
1021b,11218,1104,32,1
7874b,11315,600,1,0
2560b,11315,600,2,0
1933b,11315,601,3,0
2657b,11315,602,4,0
1788b,11315,603,5,0
4030b,11315,604,6,0
3960b,11315,605,7,0
198b,11315,606,8,0
2967b,11315,606,9,0
1501b,11315,607,10,0
723b,11315,609,11,0
4027b,11315,609,12,0
5939b,11315,612,13,0
5973b,11315,612,14,0
6366b,11315,613,15,0
5975b,11315,614,16,0
700b,11315,615,17,0
1773b,11315,617,18,0
811b,11315,618,19,0
5593b,11315,619,20,0
1731b,11315,620,21,0
1979b,11315,620,22,0
1961b,11315,621,23,0
1772b,11315,621,24,0
1994b,11315,622,25,0
5467b,11315,623,26,0
315b,11315,623,27,0
2133b,11315,624,28,0
176b,11315,625,29,0
929b,11315,626,30,0
1056b,11315,627,31,0
1021b,11315,629,32,1
7874b,23266,750,1,0
2560b,23266,750,2,0
1933b,23266,751,3,0
2657b,23266,752,4,0
1788b,23266,753,5,0
4030b,23266,754,6,0
3960b,23266,755,7,0
198b,23266,756,8,0
2967b,23266,757,9,0
1501b,23266,758,10,0
723b,23266,760,11,0
4027b,23266,760,12,0
5939b,23266,763,13,0
5973b,23266,763,14,0
6366b,23266,764,15,0
5975b,23266,765,16,0
700b,23266,766,17,0
1773b,23266,768,18,0
811b,23266,769,19,0
5593b,23266,770,20,0
1731b,23266,771,21,0
1979b,23266,771,22,0
1961b,23266,772,23,0
1772b,23266,772,24,0
1994b,23266,773,25,0
5467b,23266,774,26,0
315b,23266,774,27,0
2133b,23266,775,28,0
176b,23266,776,29,0
929b,23266,777,30,0
1056b,23266,778,31,0
1021b,23266,780,32,1
1021b,11266,1260,1,0
6971b,11266,1260,2,0
169b,11266,1261,3,0
1736b,11266,1262,4,0
1120b,11266,1262,5,0
1834b,11266,1263,6,0
5468b,11266,1264,7,0
2823b,11266,1264,8,0
2648b,11266,1265,9,0
1845b,11266,1266,10,0
2221b,11266,1267,11,0
5594b,11266,1267,12,0
1552b,11266,1269,13,0
1833b,11266,1269,14,0
1093b,11266,1271,15,0
5976b,11266,1272,16,0
6365b,11266,1273,17,0
5974b,11266,1274,18,0
7875b,11266,1275,19,0
4026b,11266,1277,20,0
2651b,11266,1279,21,0
1092b,11266,1280,22,0
5469b,11266,1280,23,0
2053b,11266,1281,24,0
3968b,11266,1282,25,0
3959b,11266,1282,26,0
4029b,11266,1283,27,0
2010b,11266,1283,28,0
1998b,11266,1283,29,0
2012b,11266,1284,30,0
3358b,11266,1285,31,0
7874b,11266,1288,32,1
1021b,2681,770,1,0
6971b,2681,770,2,0
169b,2681,771,3,0
1736b,2681,772,4,0
1120b,2681,773,5,0
1834b,2681,773,6,0
5468b,2681,774,7,0
2823b,2681,775,8,0
2648b,2681,776,9,0
1845b,2681,777,10,0
2221b,2681,777,11,0
5594b,2681,778,12,0
1552b,2681,780,13,0
1833b,2681,780,14,0
1093b,2681,783,15,0
5976b,2681,783,16,0
6365b,2681,785,17,0
5974b,2681,786,18,0
7875b,2681,787,19,0
4026b,2681,789,20,0
2651b,2681,791,21,0
1092b,2681,792,22,0
5469b,2681,793,23,0
2053b,2681,794,24,0
3968b,2681,795,25,0
3959b,2681,795,26,0
4029b,2681,796,27,0
2010b,2681,796,28,0
1998b,2681,797,29,0
2012b,2681,798,30,0
3358b,2681,799,31,0
7874b,2681,802,32,1
1021b,23433,865,1,0
6971b,23433,865,2,0
169b,23433,866,3,0
1736b,23433,867,4,0
1120b,23433,868,5,0
1834b,23433,868,6,0
5468b,23433,869,7,0
2823b,23433,870,8,0
2648b,23433,871,9,0
1845b,23433,872,10,0
2221b,23433,872,11,0
5594b,23433,873,12,0
1552b,23433,875,13,0
1833b,23433,875,14,0
1093b,23433,878,15,0
5976b,23433,878,16,0
6365b,23433,880,17,0
5974b,23433,881,18,0
7875b,23433,882,19,0
4026b,23433,884,20,0
2651b,23433,886,21,0
1092b,23433,887,22,0
5469b,23433,888,23,0
2053b,23433,889,24,0
3968b,23433,890,25,0
3959b,23433,890,26,0
4029b,23433,891,27,0
2010b,23433,891,28,0
1998b,23433,892,29,0
2012b,23433,893,30,0
3358b,23433,894,31,0
7874b,23433,897,32,1
1021b,23398,1077,1,0
6971b,23398,1077,2,0
169b,23398,1078,3,0
1736b,23398,1079,4,0
1120b,23398,1079,5,0
1834b,23398,1080,6,0
5468b,23398,1081,7,0
2823b,23398,1081,8,0
2648b,23398,1082,9,0
1845b,23398,1083,10,0
2221b,23398,1084,11,0
5594b,23398,1084,12,0
1552b,23398,1086,13,0
1833b,23398,1086,14,0
1093b,23398,1089,15,0
5976b,23398,1089,16,0
6365b,23398,1091,17,0
5974b,23398,1092,18,0
7875b,23398,1093,19,0
4026b,23398,1096,20,0
2651b,23398,1098,21,0
1092b,23398,1099,22,0
5469b,23398,1100,23,0
2053b,23398,1101,24,0
3968b,23398,1102,25,0
3959b,23398,1102,26,0
4029b,23398,1103,27,0
2010b,23398,1103,28,0
1998b,23398,1104,29,0
2012b,23398,1105,30,0
3358b,23398,1106,31,0
7874b,23398,1109,32,1
7874b,2718,1080,1,0
2560b,2718,1080,2,0
1933b,2718,1082,3,0
2657b,2718,1083,4,0
1788b,2718,1084,5,0
4030b,2718,1085,6,0
3960b,2718,1085,7,0
198b,2718,1087,8,0
2967b,2718,1088,9,0
1501b,2718,1089,10,0
723b,2718,1091,11,0
4027b,2718,1091,12,0
5939b,2718,1095,13,0
5973b,2718,1095,14,0
6366b,2718,1096,15,0
5975b,2718,1098,16,0
700b,2718,1098,17,0
1773b,2718,1101,18,0
811b,2718,1102,19,0
5593b,2718,1103,20,0
1731b,2718,1104,21,0
1979b,2718,1104,22,0
1961b,2718,1105,23,0
1772b,2718,1106,24,0
1994b,2718,1107,25,0
5467b,2718,1107,26,0
315b,2718,1108,27,0
2133b,2718,1109,28,0
176b,2718,1109,29,0
929b,2718,1111,30,0
1056b,2718,1112,31,0
1021b,2718,1114,32,1
7874b,11506,530,1,0
2560b,11506,530,2,0
1933b,11506,531,3,0
2657b,11506,532,4,0
1788b,11506,533,5,0
4030b,11506,534,6,0
3960b,11506,535,7,0
198b,11506,536,8,0
2967b,11506,536,9,0
1501b,11506,537,10,0
723b,11506,539,11,0
4027b,11506,539,12,0
5939b,11506,542,13,0
5973b,11506,542,14,0
6366b,11506,543,15,0
5975b,11506,544,16,0
700b,11506,545,17,0
1773b,11506,547,18,0
811b,11506,548,19,0
5593b,11506,549,20,0
1731b,11506,550,21,0
1979b,11506,550,22,0
1961b,11506,551,23,0
1772b,11506,551,24,0
1994b,11506,552,25,0
5467b,11506,553,26,0
315b,11506,553,27,0
2133b,11506,554,28,0
176b,11506,555,29,0
929b,11506,556,30,0
1056b,11506,557,31,0
1021b,11506,559,32,1
1021b,11574,1015,1,0
6971b,11574,1015,2,0
169b,11574,1016,3,0
1736b,11574,1017,4,0
1120b,11574,1017,5,0
1834b,11574,1018,6,0
5468b,11574,1019,7,0
2823b,11574,1019,8,0
2648b,11574,1020,9,0
1845b,11574,1021,10,0
2221b,11574,1022,11,0
5594b,11574,1022,12,0
1552b,11574,1024,13,0
1833b,11574,1024,14,0
1093b,11574,1027,15,0
5976b,11574,1027,16,0
6365b,11574,1029,17,0
5974b,11574,1030,18,0
7875b,11574,1031,19,0
4026b,11574,1034,20,0
2651b,11574,1036,21,0
1092b,11574,1037,22,0
5469b,11574,1038,23,0
2053b,11574,1039,24,0
3968b,11574,1040,25,0
3959b,11574,1040,26,0
4029b,11574,1041,27,0
2010b,11574,1041,28,0
1998b,11574,1042,29,0
2012b,11574,1043,30,0
3358b,11574,1044,31,0
7874b,11574,1047,32,1
1021b,11524,495,1,0
6971b,11524,495,2,0
169b,11524,496,3,0
1736b,11524,497,4,0
1120b,11524,497,5,0
1834b,11524,498,6,0
5468b,11524,499,7,0
2823b,11524,499,8,0
2648b,11524,500,9,0
1845b,11524,501,10,0
2221b,11524,502,11,0
5594b,11524,502,12,0
1552b,11524,504,13,0
1833b,11524,504,14,0
1093b,11524,506,15,0
5976b,11524,507,16,0
6365b,11524,508,17,0
5974b,11524,509,18,0
7875b,11524,510,19,0
4026b,11524,512,20,0
2651b,11524,514,21,0
1092b,11524,515,22,0
5469b,11524,515,23,0
2053b,11524,516,24,0
3968b,11524,517,25,0
3959b,11524,517,26,0
4029b,11524,518,27,0
2010b,11524,518,28,0
1998b,11524,518,29,0
2012b,11524,519,30,0
3358b,11524,520,31,0
7874b,11524,523,32,1
1021b,2897,880,1,0
6971b,2897,880,2,0
169b,2897,881,3,0
1736b,2897,882,4,0
1120b,2897,882,5,0
1834b,2897,883,6,0
5468b,2897,884,7,0
2823b,2897,884,8,0
2648b,2897,885,9,0
1845b,2897,886,10,0
2221b,2897,887,11,0
5594b,2897,887,12,0
1552b,2897,889,13,0
1833b,2897,889,14,0
1093b,2897,891,15,0
5976b,2897,892,16,0
6365b,2897,893,17,0
5974b,2897,894,18,0
7875b,2897,895,19,0
4026b,2897,897,20,0
2651b,2897,899,21,0
1092b,2897,900,22,0
5469b,2897,901,23,0
2053b,2897,902,24,0
3968b,2897,903,25,0
3959b,2897,903,26,0
4029b,2897,904,27,0
2010b,2897,904,28,0
1998b,2897,905,29,0
2012b,2897,906,30,0
3358b,2897,907,31,0
7874b,2897,910,32,1
7874b,21029,960,1,0
2560b,21029,960,2,0
1933b,21029,962,3,0
2657b,21029,963,4,0
1788b,21029,964,5,0
4030b,21029,965,6,0
3960b,21029,965,7,0
198b,21029,967,8,0
2967b,21029,968,9,0
1501b,21029,969,10,0
723b,21029,971,11,0
4027b,21029,971,12,0
5939b,21029,974,13,0
5973b,21029,974,14,0
6366b,21029,975,15,0
5975b,21029,976,16,0
700b,21029,977,17,0
1773b,21029,979,18,0
811b,21029,980,19,0
5593b,21029,981,20,0
1731b,21029,982,21,0
1979b,21029,982,22,0
1961b,21029,983,23,0
1772b,21029,983,24,0
1994b,21029,984,25,0
5467b,21029,985,26,0
315b,21029,985,27,0
2133b,21029,986,28,0
176b,21029,987,29,0
929b,21029,988,30,0
1056b,21029,989,31,0
1021b,21029,991,32,1
1021b,21013,520,1,0
6971b,21013,520,2,0
169b,21013,521,3,0
1736b,21013,522,4,0
1120b,21013,523,5,0
1834b,21013,523,6,0
5468b,21013,524,7,0
2823b,21013,525,8,0
2648b,21013,526,9,0
1845b,21013,527,10,0
2221b,21013,527,11,0
5594b,21013,528,12,0
1552b,21013,530,13,0
1833b,21013,530,14,0
1093b,21013,533,15,0
5976b,21013,533,16,0
6365b,21013,535,17,0
5974b,21013,536,18,0
7875b,21013,537,19,0
4026b,21013,540,20,0
2651b,21013,542,21,0
1092b,21013,543,22,0
5469b,21013,544,23,0
2053b,21013,545,24,0
3968b,21013,546,25,0
3959b,21013,546,26,0
4029b,21013,547,27,0
2010b,21013,547,28,0
1998b,21013,548,29,0
2012b,21013,549,30,0
3358b,21013,550,31,0
7874b,21013,553,32,1
1021b,11724,860,1,0
6971b,11724,860,2,0
169b,11724,861,3,0
1736b,11724,862,4,0
1120b,11724,862,5,0
1834b,11724,863,6,0
5468b,11724,864,7,0
2823b,11724,864,8,0
2648b,11724,865,9,0
1845b,11724,866,10,0
2221b,11724,867,11,0
5594b,11724,867,12,0
1552b,11724,869,13,0
1833b,11724,869,14,0
1093b,11724,871,15,0
5976b,11724,872,16,0
6365b,11724,873,17,0
5974b,11724,874,18,0
7875b,11724,875,19,0
4026b,11724,877,20,0
2651b,11724,879,21,0
1092b,11724,880,22,0
5469b,11724,881,23,0
2053b,11724,882,24,0
3968b,11724,883,25,0
3959b,11724,883,26,0
4029b,11724,884,27,0
2010b,11724,884,28,0
1998b,11724,885,29,0
2012b,11724,886,30,0
3358b,11724,887,31,0
7874b,11724,890,32,1
7874b,23797,720,1,0
2560b,23797,720,2,0
1933b,23797,721,3,0
2657b,23797,722,4,0
1788b,23797,723,5,0
4030b,23797,724,6,0
3960b,23797,725,7,0
198b,23797,726,8,0
2967b,23797,727,9,0
1501b,23797,728,10,0
723b,23797,730,11,0
4027b,23797,730,12,0
5939b,23797,733,13,0
5973b,23797,733,14,0
6366b,23797,734,15,0
5975b,23797,735,16,0
700b,23797,736,17,0
1773b,23797,738,18,0
811b,23797,739,19,0
5593b,23797,740,20,0
1731b,23797,741,21,0
1979b,23797,741,22,0
1961b,23797,742,23,0
1772b,23797,742,24,0
1994b,23797,743,25,0
5467b,23797,744,26,0
315b,23797,744,27,0
2133b,23797,745,28,0
176b,23797,746,29,0
929b,23797,747,30,0
1056b,23797,748,31,0
1021b,23797,750,32,1
1021b,23816,1200,1,0
6971b,23816,1200,2,0
169b,23816,1201,3,0
1736b,23816,1202,4,0
1120b,23816,1202,5,0
1834b,23816,1203,6,0
5468b,23816,1204,7,0
2823b,23816,1204,8,0
2648b,23816,1205,9,0
1845b,23816,1206,10,0
2221b,23816,1207,11,0
5594b,23816,1207,12,0
1552b,23816,1209,13,0
1833b,23816,1209,14,0
1093b,23816,1211,15,0
5976b,23816,1212,16,0
6365b,23816,1213,17,0
5974b,23816,1214,18,0
7875b,23816,1215,19,0
4026b,23816,1218,20,0
2651b,23816,1220,21,0
1092b,23816,1221,22,0
5469b,23816,1222,23,0
2053b,23816,1223,24,0
3968b,23816,1224,25,0
3959b,23816,1224,26,0
4029b,23816,1225,27,0
2010b,23816,1225,28,0
1998b,23816,1226,29,0
2012b,23816,1227,30,0
3358b,23816,1228,31,0
7874b,23816,1231,32,1
1021b,21252,760,1,0
6971b,21252,760,2,0
169b,21252,761,3,0
1736b,21252,762,4,0
1120b,21252,762,5,0
1834b,21252,763,6,0
5468b,21252,764,7,0
2823b,21252,764,8,0
2648b,21252,765,9,0
1845b,21252,766,10,0
2221b,21252,767,11,0
5594b,21252,767,12,0
1552b,21252,769,13,0
1833b,21252,769,14,0
1093b,21252,771,15,0
5976b,21252,772,16,0
6365b,21252,773,17,0
5974b,21252,774,18,0
7875b,21252,775,19,0
4026b,21252,777,20,0
2651b,21252,779,21,0
1092b,21252,780,22,0
5469b,21252,781,23,0
2053b,21252,782,24,0
3968b,21252,783,25,0
3959b,21252,783,26,0
4029b,21252,784,27,0
2010b,21252,784,28,0
1998b,21252,785,29,0
2012b,21252,786,30,0
3358b,21252,787,31,0
7874b,21252,790,32,1
7874b,11883,725,1,0
2560b,11883,725,2,0
1933b,11883,726,3,0
2657b,11883,727,4,0
1788b,11883,728,5,0
4030b,11883,729,6,0
3960b,11883,730,7,0
198b,11883,731,8,0
2967b,11883,732,9,0
1501b,11883,733,10,0
723b,11883,735,11,0
4027b,11883,735,12,0
5939b,11883,738,13,0
5973b,11883,738,14,0
6366b,11883,739,15,0
5975b,11883,740,16,0
700b,11883,741,17,0
1773b,11883,743,18,0
811b,11883,744,19,0
5593b,11883,745,20,0
1731b,11883,746,21,0
1979b,11883,746,22,0
1961b,11883,747,23,0
1772b,11883,747,24,0
1994b,11883,748,25,0
5467b,11883,749,26,0
315b,11883,749,27,0
2133b,11883,750,28,0
176b,11883,751,29,0
929b,11883,752,30,0
1056b,11883,753,31,0
1021b,11883,755,32,1
7874b,21167,1265,1,0
2560b,21167,1265,2,0
1933b,21167,1266,3,0
2657b,21167,1267,4,0
1788b,21167,1268,5,0
4030b,21167,1269,6,0
3960b,21167,1270,7,0
198b,21167,1271,8,0
2967b,21167,1271,9,0
1501b,21167,1272,10,0
723b,21167,1274,11,0
4027b,21167,1274,12,0
5939b,21167,1277,13,0
5973b,21167,1277,14,0
6366b,21167,1278,15,0
5975b,21167,1279,16,0
700b,21167,1280,17,0
1773b,21167,1282,18,0
811b,21167,1283,19,0
5593b,21167,1284,20,0
1731b,21167,1285,21,0
1979b,21167,1285,22,0
1961b,21167,1286,23,0
1772b,21167,1286,24,0
1994b,21167,1287,25,0
5467b,21167,1288,26,0
315b,21167,1288,27,0
2133b,21167,1289,28,0
176b,21167,1290,29,0
929b,21167,1291,30,0
1056b,21167,1292,31,0
1021b,21167,1294,32,1
7874b,23907,670,1,0
2560b,23907,670,2,0
1933b,23907,671,3,0
2657b,23907,672,4,0
1788b,23907,673,5,0
4030b,23907,674,6,0
3960b,23907,675,7,0
198b,23907,676,8,0
2967b,23907,677,9,0
1501b,23907,678,10,0
723b,23907,680,11,0
4027b,23907,680,12,0
5939b,23907,683,13,0
5973b,23907,683,14,0
6366b,23907,684,15,0
5975b,23907,685,16,0
700b,23907,686,17,0
1773b,23907,688,18,0
811b,23907,689,19,0
5593b,23907,690,20,0
1731b,23907,691,21,0
1979b,23907,691,22,0
1961b,23907,692,23,0
1772b,23907,692,24,0
1994b,23907,693,25,0
5467b,23907,694,26,0
315b,23907,694,27,0
2133b,23907,695,28,0
176b,23907,696,29,0
929b,23907,697,30,0
1056b,23907,698,31,0
1021b,23907,700,32,1
1021b,11924,1120,1,0
6971b,11924,1120,2,0
169b,11924,1121,3,0
1736b,11924,1122,4,0
1120b,11924,1122,5,0
1834b,11924,1123,6,0
5468b,11924,1124,7,0
2823b,11924,1124,8,0
2648b,11924,1125,9,0
1845b,11924,1126,10,0
2221b,11924,1127,11,0
5594b,11924,1127,12,0
1552b,11924,1129,13,0
1833b,11924,1129,14,0
1093b,11924,1132,15,0
5976b,11924,1132,16,0
6365b,11924,1134,17,0
5974b,11924,1135,18,0
7875b,11924,1136,19,0
4026b,11924,1138,20,0
2651b,11924,1140,21,0
1092b,11924,1141,22,0
5469b,11924,1142,23,0
2053b,11924,1143,24,0
3968b,11924,1144,25,0
3959b,11924,1144,26,0
4029b,11924,1145,27,0
2010b,11924,1145,28,0
1998b,11924,1146,29,0
2012b,11924,1147,30,0
3358b,11924,1148,31,0
7874b,11924,1151,32,1
7874b,9063,900,1,0
2560b,9063,900,2,0
1933b,9063,901,3,0
2657b,9063,902,4,0
1788b,9063,903,5,0
4030b,9063,904,6,0
3960b,9063,905,7,0
198b,9063,906,8,0
2967b,9063,907,9,0
1501b,9063,908,10,0
723b,9063,910,11,0
4027b,9063,910,12,0
5939b,9063,913,13,0
5973b,9063,913,14,0
6366b,9063,914,15,0
5975b,9063,915,16,0
700b,9063,916,17,0
1773b,9063,918,18,0
811b,9063,919,19,0
5593b,9063,920,20,0
1731b,9063,921,21,0
1979b,9063,921,22,0
1961b,9063,922,23,0
1772b,9063,922,24,0
1994b,9063,923,25,0
5467b,9063,924,26,0
315b,9063,924,27,0
2133b,9063,925,28,0
176b,9063,926,29,0
929b,9063,927,30,0
1056b,9063,928,31,0
1021b,9063,930,32,1
7874b,18081,1160,1,0
2560b,18081,1160,2,0
1933b,18081,1162,3,0
2657b,18081,1163,4,0
1788b,18081,1164,5,0
4030b,18081,1165,6,0
3960b,18081,1165,7,0
198b,18081,1167,8,0
2967b,18081,1168,9,0
1501b,18081,1169,10,0
723b,18081,1172,11,0
4027b,18081,1172,12,0
5939b,18081,1175,13,0
5973b,18081,1175,14,0
6366b,18081,1176,15,0
5975b,18081,1178,16,0
700b,18081,1178,17,0
1773b,18081,1181,18,0
811b,18081,1182,19,0
5593b,18081,1183,20,0
1731b,18081,1184,21,0
1979b,18081,1184,22,0
1961b,18081,1185,23,0
1772b,18081,1186,24,0
1994b,18081,1187,25,0
5467b,18081,1187,26,0
315b,18081,1188,27,0
2133b,18081,1189,28,0
176b,18081,1189,29,0
929b,18081,1191,30,0
1056b,18081,1192,31,0
1021b,18081,1194,32,1
7874b,18082,710,1,0
2560b,18082,710,2,0
1933b,18082,711,3,0
2657b,18082,712,4,0
1788b,18082,713,5,0
4030b,18082,714,6,0
3960b,18082,715,7,0
198b,18082,716,8,0
2967b,18082,717,9,0
1501b,18082,718,10,0
723b,18082,720,11,0
4027b,18082,720,12,0
5939b,18082,723,13,0
5973b,18082,723,14,0
6366b,18082,724,15,0
5975b,18082,725,16,0
700b,18082,726,17,0
1773b,18082,728,18,0
811b,18082,729,19,0
5593b,18082,730,20,0
1731b,18082,731,21,0
1979b,18082,731,22,0
1961b,18082,732,23,0
1772b,18082,732,24,0
1994b,18082,733,25,0
5467b,18082,734,26,0
315b,18082,734,27,0
2133b,18082,735,28,0
176b,18082,736,29,0
929b,18082,737,30,0
1056b,18082,738,31,0
1021b,18082,740,32,1
1021b,18066,625,1,0
6971b,18066,625,2,0
169b,18066,626,3,0
1736b,18066,627,4,0
1120b,18066,627,5,0
1834b,18066,628,6,0
5468b,18066,629,7,0
2823b,18066,629,8,0
2648b,18066,630,9,0
1845b,18066,631,10,0
2221b,18066,632,11,0
5594b,18066,632,12,0
1552b,18066,634,13,0
1833b,18066,634,14,0
1093b,18066,636,15,0
5976b,18066,637,16,0
6365b,18066,638,17,0
5974b,18066,639,18,0
7875b,18066,640,19,0
4026b,18066,642,20,0
2651b,18066,644,21,0
1092b,18066,645,22,0
5469b,18066,646,23,0
2053b,18066,647,24,0
3968b,18066,648,25,0
3959b,18066,648,26,0
4029b,18066,649,27,0
2010b,18066,649,28,0
1998b,18066,650,29,0
2012b,18066,651,30,0
3358b,18066,652,31,0
7874b,18066,655,32,1
1021b,18180,1060,1,0
6971b,18180,1060,2,0
169b,18180,1061,3,0
1736b,18180,1062,4,0
1120b,18180,1063,5,0
1834b,18180,1063,6,0
5468b,18180,1064,7,0
2823b,18180,1065,8,0
2648b,18180,1066,9,0
1845b,18180,1067,10,0
2221b,18180,1067,11,0
5594b,18180,1068,12,0
1552b,18180,1070,13,0
1833b,18180,1070,14,0
1093b,18180,1073,15,0
5976b,18180,1074,16,0
6365b,18180,1076,17,0
5974b,18180,1076,18,0
7875b,18180,1078,19,0
4026b,18180,1081,20,0
2651b,18180,1083,21,0
1092b,18180,1084,22,0
5469b,18180,1085,23,0
2053b,18180,1086,24,0
3968b,18180,1087,25,0
3959b,18180,1087,26,0
4029b,18180,1088,27,0
2010b,18180,1088,28,0
1998b,18180,1089,29,0
2012b,18180,1090,30,0
3358b,18180,1091,31,0
7874b,18180,1094,32,1
7874b,9421,660,1,0
2560b,9421,660,2,0
1933b,9421,661,3,0
2657b,9421,662,4,0
1788b,9421,663,5,0
4030b,9421,664,6,0
3960b,9421,665,7,0
198b,9421,666,8,0
2967b,9421,667,9,0
1501b,9421,668,10,0
723b,9421,670,11,0
4027b,9421,670,12,0
5939b,9421,673,13,0
5973b,9421,673,14,0
6366b,9421,674,15,0
5975b,9421,675,16,0
700b,9421,676,17,0
1773b,9421,678,18,0
811b,9421,679,19,0
5593b,9421,680,20,0
1731b,9421,681,21,0
1979b,9421,681,22,0
1961b,9421,682,23,0
1772b,9421,682,24,0
1994b,9421,683,25,0
5467b,9421,684,26,0
315b,9421,684,27,0
2133b,9421,685,28,0
176b,9421,686,29,0
929b,9421,687,30,0
1056b,9421,688,31,0
1021b,9421,690,32,1
1021b,9763,370,1,0
6971b,9763,370,2,0
169b,9763,371,3,0
1736b,9763,372,4,0
1120b,9763,372,5,0
1834b,9763,373,6,0
5468b,9763,374,7,0
2823b,9763,374,8,0
2648b,9763,375,9,0
1845b,9763,376,10,0
2221b,9763,377,11,0
5594b,9763,377,12,0
1552b,9763,379,13,0
1833b,9763,379,14,0
1093b,9763,381,15,0
5976b,9763,382,16,0
6365b,9763,383,17,0
5974b,9763,384,18,0
7875b,9763,385,19,0
4026b,9763,387,20,0
2651b,9763,389,21,0
1092b,9763,390,22,0
5469b,9763,390,23,0
2053b,9763,391,24,0
3968b,9763,392,25,0
3959b,9763,392,26,0
4029b,9763,393,27,0
2010b,9763,393,28,0
1998b,9763,394,29,0
2012b,9763,395,30,0
3358b,9763,396,31,0
7874b,9763,399,32,1
1021b,7140,985,1,0
6971b,7140,985,2,0
169b,7140,986,3,0
1736b,7140,987,4,0
1120b,7140,988,5,0
1834b,7140,988,6,0
5468b,7140,989,7,0
2823b,7140,990,8,0
2648b,7140,991,9,0
1845b,7140,992,10,0
2221b,7140,992,11,0
5594b,7140,993,12,0
1552b,7140,995,13,0
1833b,7140,995,14,0
1093b,7140,998,15,0
5976b,7140,998,16,0
6365b,7140,1000,17,0
5974b,7140,1001,18,0
7875b,7140,1002,19,0
4026b,7140,1005,20,0
2651b,7140,1007,21,0
1092b,7140,1008,22,0
5469b,7140,1009,23,0
2053b,7140,1010,24,0
3968b,7140,1011,25,0
3959b,7140,1011,26,0
4029b,7140,1012,27,0
2010b,7140,1012,28,0
1998b,7140,1013,29,0
2012b,7140,1014,30,0
3358b,7140,1015,31,0
7874b,7140,1018,32,1
1021b,7151,910,1,0
6971b,7151,910,2,0
169b,7151,911,3,0
1736b,7151,912,4,0
1120b,7151,912,5,0
1834b,7151,913,6,0
5468b,7151,914,7,0
2823b,7151,914,8,0
2648b,7151,915,9,0
1845b,7151,916,10,0
2221b,7151,917,11,0
5594b,7151,917,12,0
1552b,7151,919,13,0
1833b,7151,919,14,0
1093b,7151,921,15,0
5976b,7151,922,16,0
6365b,7151,923,17,0
5974b,7151,924,18,0
7875b,7151,925,19,0
4026b,7151,927,20,0
2651b,7151,929,21,0
1092b,7151,930,22,0
5469b,7151,931,23,0
2053b,7151,932,24,0
3968b,7151,933,25,0
3959b,7151,933,26,0
4029b,7151,934,27,0
2010b,7151,934,28,0
1998b,7151,935,29,0
2012b,7151,936,30,0
3358b,7151,937,31,0
7874b,7151,940,32,1
7874b,18591,1110,1,0
2560b,18591,1110,2,0
1933b,18591,1112,3,0
2657b,18591,1113,4,0
1788b,18591,1114,5,0
4030b,18591,1115,6,0
3960b,18591,1115,7,0
198b,18591,1117,8,0
2967b,18591,1118,9,0
1501b,18591,1119,10,0
723b,18591,1121,11,0
4027b,18591,1121,12,0
5939b,18591,1125,13,0
5973b,18591,1125,14,0
6366b,18591,1126,15,0
5975b,18591,1128,16,0
700b,18591,1128,17,0
1773b,18591,1131,18,0
811b,18591,1132,19,0
5593b,18591,1133,20,0
1731b,18591,1134,21,0
1979b,18591,1134,22,0
1961b,18591,1135,23,0
1772b,18591,1136,24,0
1994b,18591,1137,25,0
5467b,18591,1137,26,0
315b,18591,1138,27,0
2133b,18591,1139,28,0
176b,18591,1139,29,0
929b,18591,1141,30,0
1056b,18591,1142,31,0
1021b,18591,1144,32,1
1021b,7279,805,1,0
6971b,7279,805,2,0
169b,7279,806,3,0
1736b,7279,807,4,0
1120b,7279,808,5,0
1834b,7279,808,6,0
5468b,7279,809,7,0
2823b,7279,810,8,0
2648b,7279,811,9,0
1845b,7279,812,10,0
2221b,7279,812,11,0
5594b,7279,813,12,0
1552b,7279,815,13,0
1833b,7279,815,14,0
1093b,7279,818,15,0
5976b,7279,818,16,0
6365b,7279,820,17,0
5974b,7279,821,18,0
7875b,7279,822,19,0
4026b,7279,824,20,0
2651b,7279,826,21,0
1092b,7279,827,22,0
5469b,7279,828,23,0
2053b,7279,829,24,0
3968b,7279,830,25,0
3959b,7279,830,26,0
4029b,7279,831,27,0
2010b,7279,831,28,0
1998b,7279,832,29,0
2012b,7279,833,30,0
3358b,7279,834,31,0
7874b,7279,837,32,1
1021b,18520,1107,1,0
6971b,18520,1107,2,0
169b,18520,1108,3,0
1736b,18520,1109,4,0
1120b,18520,1109,5,0
1834b,18520,1110,6,0
5468b,18520,1111,7,0
2823b,18520,1111,8,0
2648b,18520,1112,9,0
1845b,18520,1113,10,0
2221b,18520,1114,11,0
5594b,18520,1114,12,0
1552b,18520,1116,13,0
1833b,18520,1116,14,0
1093b,18520,1118,15,0
5976b,18520,1119,16,0
6365b,18520,1120,17,0
5974b,18520,1121,18,0
7875b,18520,1122,19,0
4026b,18520,1125,20,0
2651b,18520,1127,21,0
1092b,18520,1128,22,0
5469b,18520,1129,23,0
2053b,18520,1130,24,0
3968b,18520,1131,25,0
3959b,18520,1131,26,0
4029b,18520,1132,27,0
2010b,18520,1132,28,0
1998b,18520,1133,29,0
2012b,18520,1134,30,0
3358b,18520,1135,31,0
7874b,18520,1138,32,1
1021b,9952,375,1,0
6971b,9952,375,2,0
169b,9952,376,3,0
1736b,9952,377,4,0
1120b,9952,377,5,0
1834b,9952,378,6,0
5468b,9952,379,7,0
2823b,9952,379,8,0
2648b,9952,380,9,0
1845b,9952,381,10,0
2221b,9952,382,11,0
5594b,9952,382,12,0
1552b,9952,384,13,0
1833b,9952,384,14,0
1093b,9952,386,15,0
5976b,9952,387,16,0
6365b,9952,388,17,0
5974b,9952,389,18,0
7875b,9952,390,19,0
4026b,9952,392,20,0
2651b,9952,394,21,0
1092b,9952,395,22,0
5469b,9952,395,23,0
2053b,9952,396,24,0
3968b,9952,397,25,0
3959b,9952,397,26,0
4029b,9952,398,27,0
2010b,9952,398,28,0
1998b,9952,398,29,0
2012b,9952,399,30,0
3358b,9952,400,31,0
7874b,9952,403,32,1
7874b,334,930,1,0
2560b,334,930,2,0
1933b,334,931,3,0
2657b,334,932,4,0
1788b,334,933,5,0
4030b,334,934,6,0
3960b,334,935,7,0
198b,334,936,8,0
2967b,334,937,9,0
1501b,334,938,10,0
723b,334,940,11,0
4027b,334,940,12,0
5939b,334,943,13,0
5973b,334,943,14,0
6366b,334,944,15,0
5975b,334,945,16,0
700b,334,946,17,0
1773b,334,948,18,0
811b,334,949,19,0
5593b,334,950,20,0
1731b,334,951,21,0
1979b,334,951,22,0
1961b,334,952,23,0
1772b,334,952,24,0
1994b,334,953,25,0
5467b,334,954,26,0
315b,334,954,27,0
2133b,334,955,28,0
176b,334,956,29,0
929b,334,957,30,0
1056b,334,958,31,0
1021b,334,960,32,1
7874b,352,450,1,0
2560b,352,450,2,0
1933b,352,451,3,0
2657b,352,452,4,0
1788b,352,453,5,0
4030b,352,454,6,0
3960b,352,455,7,0
198b,352,456,8,0
2967b,352,456,9,0
1501b,352,457,10,0
723b,352,459,11,0
4027b,352,459,12,0
5939b,352,462,13,0
5973b,352,462,14,0
6366b,352,463,15,0
5975b,352,464,16,0
700b,352,465,17,0
1773b,352,467,18,0
811b,352,468,19,0
5593b,352,469,20,0
1731b,352,470,21,0
1979b,352,470,22,0
1961b,352,471,23,0
1772b,352,471,24,0
1994b,352,472,25,0
5467b,352,473,26,0
315b,352,473,27,0
2133b,352,474,28,0
176b,352,475,29,0
929b,352,476,30,0
1056b,352,477,31,0
1021b,352,479,32,1
7874b,7333,425,1,0
2560b,7333,425,2,0
1933b,7333,427,3,0
2657b,7333,428,4,0
1788b,7333,429,5,0
4030b,7333,430,6,0
3960b,7333,430,7,0
198b,7333,432,8,0
2967b,7333,433,9,0
1501b,7333,434,10,0
723b,7333,436,11,0
4027b,7333,436,12,0
5939b,7333,439,13,0
5973b,7333,439,14,0
6366b,7333,440,15,0
5975b,7333,441,16,0
700b,7333,442,17,0
1773b,7333,444,18,0
811b,7333,445,19,0
5593b,7333,446,20,0
1731b,7333,447,21,0
1979b,7333,447,22,0
1961b,7333,448,23,0
1772b,7333,449,24,0
1994b,7333,450,25,0
5467b,7333,450,26,0
315b,7333,451,27,0
2133b,7333,452,28,0
176b,7333,452,29,0
929b,7333,454,30,0
1056b,7333,455,31,0
1021b,7333,457,32,1
1021b,18639,1060,1,0
6971b,18639,1060,2,0
169b,18639,1061,3,0
1736b,18639,1062,4,0
1120b,18639,1062,5,0
1834b,18639,1063,6,0
5468b,18639,1064,7,0
2823b,18639,1064,8,0
2648b,18639,1065,9,0
1845b,18639,1066,10,0
2221b,18639,1067,11,0
5594b,18639,1067,12,0
1552b,18639,1069,13,0
1833b,18639,1069,14,0
1093b,18639,1071,15,0
5976b,18639,1072,16,0
6365b,18639,1073,17,0
5974b,18639,1074,18,0
7875b,18639,1075,19,0
4026b,18639,1077,20,0
2651b,18639,1079,21,0
1092b,18639,1080,22,0
5469b,18639,1081,23,0
2053b,18639,1082,24,0
3968b,18639,1083,25,0
3959b,18639,1083,26,0
4029b,18639,1084,27,0
2010b,18639,1084,28,0
1998b,18639,1085,29,0
2012b,18639,1086,30,0
3358b,18639,1087,31,0
7874b,18639,1090,32,1
1021b,18606,495,1,0
6971b,18606,495,2,0
169b,18606,496,3,0
1736b,18606,497,4,0
1120b,18606,497,5,0
1834b,18606,498,6,0
5468b,18606,499,7,0
2823b,18606,499,8,0
2648b,18606,500,9,0
1845b,18606,501,10,0
2221b,18606,502,11,0
5594b,18606,502,12,0
1552b,18606,504,13,0
1833b,18606,504,14,0
1093b,18606,506,15,0
5976b,18606,507,16,0
6365b,18606,508,17,0
5974b,18606,509,18,0
7875b,18606,510,19,0
4026b,18606,512,20,0
2651b,18606,514,21,0
1092b,18606,515,22,0
5469b,18606,515,23,0
2053b,18606,516,24,0
3968b,18606,517,25,0
3959b,18606,517,26,0
4029b,18606,518,27,0
2010b,18606,518,28,0
1998b,18606,518,29,0
2012b,18606,519,30,0
3358b,18606,520,31,0
7874b,18606,523,32,1
7874b,440,950,1,0
2560b,440,950,2,0
1933b,440,951,3,0
2657b,440,952,4,0
1788b,440,953,5,0
4030b,440,954,6,0
3960b,440,955,7,0
198b,440,956,8,0
2967b,440,957,9,0
1501b,440,958,10,0
723b,440,960,11,0
4027b,440,960,12,0
5939b,440,963,13,0
5973b,440,963,14,0
6366b,440,964,15,0
5975b,440,965,16,0
700b,440,966,17,0
1773b,440,968,18,0
811b,440,969,19,0
5593b,440,970,20,0
1731b,440,971,21,0
1979b,440,971,22,0
1961b,440,972,23,0
1772b,440,972,24,0
1994b,440,973,25,0
5467b,440,974,26,0
315b,440,974,27,0
2133b,440,975,28,0
176b,440,976,29,0
929b,440,977,30,0
1056b,440,978,31,0
1021b,440,980,32,1
1021b,18775,610,1,0
6971b,18775,610,2,0
169b,18775,611,3,0
1736b,18775,612,4,0
1120b,18775,612,5,0
1834b,18775,613,6,0
5468b,18775,614,7,0
2823b,18775,614,8,0
2648b,18775,615,9,0
1845b,18775,616,10,0
2221b,18775,617,11,0
5594b,18775,617,12,0
1552b,18775,619,13,0
1833b,18775,619,14,0
1093b,18775,621,15,0
5976b,18775,622,16,0
6365b,18775,623,17,0
5974b,18775,624,18,0
7875b,18775,625,19,0
4026b,18775,627,20,0
2651b,18775,629,21,0
1092b,18775,630,22,0
5469b,18775,631,23,0
2053b,18775,632,24,0
3968b,18775,633,25,0
3959b,18775,633,26,0
4029b,18775,634,27,0
2010b,18775,634,28,0
1998b,18775,635,29,0
2012b,18775,636,30,0
3358b,18775,637,31,0
7874b,18775,640,32,1
1021b,641,790,1,0
6971b,641,790,2,0
169b,641,791,3,0
1736b,641,792,4,0
1120b,641,792,5,0
1834b,641,793,6,0
5468b,641,794,7,0
2823b,641,794,8,0
2648b,641,795,9,0
1845b,641,796,10,0
2221b,641,797,11,0
5594b,641,797,12,0
1552b,641,799,13,0
1833b,641,799,14,0
1093b,641,801,15,0
5976b,641,802,16,0
6365b,641,803,17,0
5974b,641,804,18,0
7875b,641,805,19,0
4026b,641,807,20,0
2651b,641,809,21,0
1092b,641,810,22,0
5469b,641,811,23,0
2053b,641,812,24,0
3968b,641,813,25,0
3959b,641,813,26,0
4029b,641,814,27,0
2010b,641,814,28,0
1998b,641,815,29,0
2012b,641,816,30,0
3358b,641,817,31,0
7874b,641,820,32,1
1021b,660,685,1,0
6971b,660,685,2,0
169b,660,686,3,0
1736b,660,687,4,0
1120b,660,687,5,0
1834b,660,688,6,0
5468b,660,689,7,0
2823b,660,689,8,0
2648b,660,690,9,0
1845b,660,691,10,0
2221b,660,692,11,0
5594b,660,692,12,0
1552b,660,694,13,0
1833b,660,694,14,0
1093b,660,696,15,0
5976b,660,697,16,0
6365b,660,698,17,0
5974b,660,699,18,0
7875b,660,700,19,0
4026b,660,702,20,0
2651b,660,704,21,0
1092b,660,705,22,0
5469b,660,706,23,0
2053b,660,707,24,0
3968b,660,708,25,0
3959b,660,708,26,0
4029b,660,709,27,0
2010b,660,709,28,0
1998b,660,710,29,0
2012b,660,711,30,0
3358b,660,712,31,0
7874b,660,715,32,1
7874b,7695,1100,1,0
2560b,7695,1100,2,0
1933b,7695,1102,3,0
2657b,7695,1103,4,0
1788b,7695,1104,5,0
4030b,7695,1105,6,0
3960b,7695,1105,7,0
198b,7695,1107,8,0
2967b,7695,1108,9,0
1501b,7695,1109,10,0
723b,7695,1112,11,0
4027b,7695,1112,12,0
5939b,7695,1115,13,0
5973b,7695,1115,14,0
6366b,7695,1116,15,0
5975b,7695,1118,16,0
700b,7695,1118,17,0
1773b,7695,1121,18,0
811b,7695,1122,19,0
5593b,7695,1123,20,0
1731b,7695,1124,21,0
1979b,7695,1124,22,0
1961b,7695,1125,23,0
1772b,7695,1126,24,0
1994b,7695,1127,25,0
5467b,7695,1127,26,0
315b,7695,1128,27,0
2133b,7695,1129,28,0
176b,7695,1129,29,0
929b,7695,1131,30,0
1056b,7695,1132,31,0
1021b,7695,1134,32,1
1021b,793,940,1,0
6971b,793,940,2,0
169b,793,941,3,0
1736b,793,942,4,0
1120b,793,942,5,0
1834b,793,943,6,0
5468b,793,944,7,0
2823b,793,944,8,0
2648b,793,945,9,0
1845b,793,946,10,0
2221b,793,947,11,0
5594b,793,947,12,0
1552b,793,949,13,0
1833b,793,949,14,0
1093b,793,951,15,0
5976b,793,952,16,0
6365b,793,953,17,0
5974b,793,954,18,0
7875b,793,955,19,0
4026b,793,957,20,0
2651b,793,959,21,0
1092b,793,960,22,0
5469b,793,961,23,0
2053b,793,962,24,0
3968b,793,963,25,0
3959b,793,963,26,0
4029b,793,964,27,0
2010b,793,964,28,0
1998b,793,965,29,0
2012b,793,966,30,0
3358b,793,967,31,0
7874b,793,970,32,1
1021b,7867,1100,1,0
6971b,7867,1100,2,0
169b,7867,1101,3,0
1736b,7867,1102,4,0
1120b,7867,1102,5,0
1834b,7867,1103,6,0
5468b,7867,1104,7,0
2823b,7867,1104,8,0
2648b,7867,1105,9,0
1845b,7867,1106,10,0
2221b,7867,1107,11,0
5594b,7867,1107,12,0
1552b,7867,1109,13,0
1833b,7867,1109,14,0
1093b,7867,1111,15,0
5976b,7867,1112,16,0
6365b,7867,1113,17,0
5974b,7867,1114,18,0
7875b,7867,1115,19,0
4026b,7867,1117,20,0
2651b,7867,1119,21,0
1092b,7867,1120,22,0
5469b,7867,1121,23,0
2053b,7867,1122,24,0
3968b,7867,1123,25,0
3959b,7867,1123,26,0
4029b,7867,1124,27,0
2010b,7867,1124,28,0
1998b,7867,1125,29,0
2012b,7867,1126,30,0
3358b,7867,1127,31,0
7874b,7867,1130,32,1
7874b,5217,985,1,0
2560b,5217,985,2,0
1933b,5217,986,3,0
2657b,5217,987,4,0
1788b,5217,988,5,0
4030b,5217,989,6,0
3960b,5217,990,7,0
198b,5217,991,8,0
2967b,5217,992,9,0
1501b,5217,993,10,0
723b,5217,995,11,0
4027b,5217,995,12,0
5939b,5217,998,13,0
5973b,5217,998,14,0
6366b,5217,999,15,0
5975b,5217,1000,16,0
700b,5217,1001,17,0
1773b,5217,1003,18,0
811b,5217,1004,19,0
5593b,5217,1005,20,0
1731b,5217,1006,21,0
1979b,5217,1006,22,0
1961b,5217,1007,23,0
1772b,5217,1007,24,0
1994b,5217,1008,25,0
5467b,5217,1009,26,0
315b,5217,1009,27,0
2133b,5217,1010,28,0
176b,5217,1011,29,0
929b,5217,1012,30,0
1056b,5217,1013,31,0
1021b,5217,1015,32,1
7874b,7896,750,1,0
2560b,7896,750,2,0
1933b,7896,751,3,0
2657b,7896,752,4,0
1788b,7896,753,5,0
4030b,7896,754,6,0
3960b,7896,755,7,0
198b,7896,756,8,0
2967b,7896,757,9,0
1501b,7896,758,10,0
723b,7896,760,11,0
4027b,7896,760,12,0
5939b,7896,763,13,0
5973b,7896,763,14,0
6366b,7896,764,15,0
5975b,7896,765,16,0
700b,7896,766,17,0
1773b,7896,768,18,0
811b,7896,769,19,0
5593b,7896,770,20,0
1731b,7896,771,21,0
1979b,7896,771,22,0
1961b,7896,772,23,0
1772b,7896,772,24,0
1994b,7896,773,25,0
5467b,7896,774,26,0
315b,7896,774,27,0
2133b,7896,775,28,0
176b,7896,776,29,0
929b,7896,777,30,0
1056b,7896,778,31,0
1021b,7896,780,32,1
7874b,16503,860,1,0
2560b,16503,860,2,0
1933b,16503,861,3,0
2657b,16503,862,4,0
1788b,16503,863,5,0
4030b,16503,864,6,0
3960b,16503,865,7,0
198b,16503,866,8,0
2967b,16503,867,9,0
1501b,16503,868,10,0
723b,16503,870,11,0
4027b,16503,870,12,0
5939b,16503,873,13,0
5973b,16503,873,14,0
6366b,16503,874,15,0
5975b,16503,875,16,0
700b,16503,876,17,0
1773b,16503,878,18,0
811b,16503,879,19,0
5593b,16503,880,20,0
1731b,16503,881,21,0
1979b,16503,881,22,0
1961b,16503,882,23,0
1772b,16503,882,24,0
1994b,16503,883,25,0
5467b,16503,884,26,0
315b,16503,884,27,0
2133b,16503,885,28,0
176b,16503,886,29,0
929b,16503,887,30,0
1056b,16503,888,31,0
1021b,16503,890,32,1
1021b,16550,650,1,0
6971b,16550,650,2,0
169b,16550,651,3,0
1736b,16550,652,4,0
1120b,16550,653,5,0
1834b,16550,653,6,0
5468b,16550,654,7,0
2823b,16550,655,8,0
2648b,16550,656,9,0
1845b,16550,657,10,0
2221b,16550,657,11,0
5594b,16550,658,12,0
1552b,16550,660,13,0
1833b,16550,660,14,0
1093b,16550,663,15,0
5976b,16550,663,16,0
6365b,16550,665,17,0
5974b,16550,666,18,0
7875b,16550,667,19,0
4026b,16550,669,20,0
2651b,16550,671,21,0
1092b,16550,672,22,0
5469b,16550,673,23,0
2053b,16550,674,24,0
3968b,16550,675,25,0
3959b,16550,675,26,0
4029b,16550,676,27,0
2010b,16550,676,28,0
1998b,16550,677,29,0
2012b,16550,678,30,0
3358b,16550,679,31,0
7874b,16550,682,32,1
1021b,7913,1150,1,0
6971b,7913,1150,2,0
169b,7913,1151,3,0
1736b,7913,1152,4,0
1120b,7913,1152,5,0
1834b,7913,1153,6,0
5468b,7913,1154,7,0
2823b,7913,1154,8,0
2648b,7913,1155,9,0
1845b,7913,1156,10,0
2221b,7913,1157,11,0
5594b,7913,1157,12,0
1552b,7913,1159,13,0
1833b,7913,1159,14,0
1093b,7913,1161,15,0
5976b,7913,1162,16,0
6365b,7913,1163,17,0
5974b,7913,1164,18,0
7875b,7913,1165,19,0
4026b,7913,1167,20,0
2651b,7913,1169,21,0
1092b,7913,1170,22,0
5469b,7913,1171,23,0
2053b,7913,1172,24,0
3968b,7913,1173,25,0
3959b,7913,1173,26,0
4029b,7913,1174,27,0
2010b,7913,1174,28,0
1998b,7913,1175,29,0
2012b,7913,1176,30,0
3358b,7913,1177,31,0
7874b,7913,1180,32,1
7874b,14086,1145,1,0
2560b,14086,1145,2,0
1933b,14086,1146,3,0
2657b,14086,1147,4,0
1788b,14086,1148,5,0
4030b,14086,1149,6,0
3960b,14086,1150,7,0
198b,14086,1151,8,0
2967b,14086,1152,9,0
1501b,14086,1153,10,0
723b,14086,1155,11,0
4027b,14086,1155,12,0
5939b,14086,1158,13,0
5973b,14086,1158,14,0
6366b,14086,1159,15,0
5975b,14086,1160,16,0
700b,14086,1161,17,0
1773b,14086,1163,18,0
811b,14086,1164,19,0
5593b,14086,1165,20,0
1731b,14086,1166,21,0
1979b,14086,1166,22,0
1961b,14086,1167,23,0
1772b,14086,1167,24,0
1994b,14086,1168,25,0
5467b,14086,1169,26,0
315b,14086,1169,27,0
2133b,14086,1170,28,0
176b,14086,1171,29,0
929b,14086,1172,30,0
1056b,14086,1173,31,0
1021b,14086,1175,32,1
1021b,14026,940,1,0
6971b,14026,940,2,0
169b,14026,941,3,0
1736b,14026,942,4,0
1120b,14026,942,5,0
1834b,14026,943,6,0
5468b,14026,944,7,0
2823b,14026,944,8,0
2648b,14026,945,9,0
1845b,14026,946,10,0
2221b,14026,947,11,0
5594b,14026,947,12,0
1552b,14026,949,13,0
1833b,14026,949,14,0
1093b,14026,951,15,0
5976b,14026,952,16,0
6365b,14026,953,17,0
5974b,14026,954,18,0
7875b,14026,955,19,0
4026b,14026,957,20,0
2651b,14026,959,21,0
1092b,14026,960,22,0
5469b,14026,961,23,0
2053b,14026,962,24,0
3968b,14026,963,25,0
3959b,14026,963,26,0
4029b,14026,964,27,0
2010b,14026,964,28,0
1998b,14026,965,29,0
2012b,14026,966,30,0
3358b,14026,967,31,0
7874b,14026,970,32,1
7874b,14182,1130,1,0
2560b,14182,1130,2,0
1933b,14182,1132,3,0
2657b,14182,1133,4,0
1788b,14182,1134,5,0
4030b,14182,1135,6,0
3960b,14182,1135,7,0
198b,14182,1137,8,0
2967b,14182,1138,9,0
1501b,14182,1139,10,0
723b,14182,1142,11,0
4027b,14182,1142,12,0
5939b,14182,1145,13,0
5973b,14182,1145,14,0
6366b,14182,1146,15,0
5975b,14182,1148,16,0
700b,14182,1148,17,0
1773b,14182,1151,18,0
811b,14182,1152,19,0
5593b,14182,1153,20,0
1731b,14182,1154,21,0
1979b,14182,1154,22,0
1961b,14182,1155,23,0
1772b,14182,1156,24,0
1994b,14182,1157,25,0
5467b,14182,1157,26,0
315b,14182,1158,27,0
2133b,14182,1159,28,0
176b,14182,1159,29,0
929b,14182,1161,30,0
1056b,14182,1162,31,0
1021b,14182,1164,32,1
7874b,5657,1220,1,0
2560b,5657,1220,2,0
1933b,5657,1222,3,0
2657b,5657,1223,4,0
1788b,5657,1224,5,0
4030b,5657,1225,6,0
3960b,5657,1225,7,0
198b,5657,1227,8,0
2967b,5657,1228,9,0
1501b,5657,1229,10,0
723b,5657,1232,11,0
4027b,5657,1232,12,0
5939b,5657,1235,13,0
5973b,5657,1235,14,0
6366b,5657,1236,15,0
5975b,5657,1238,16,0
700b,5657,1238,17,0
1773b,5657,1241,18,0
811b,5657,1242,19,0
5593b,5657,1243,20,0
1731b,5657,1244,21,0
1979b,5657,1244,22,0
1961b,5657,1245,23,0
1772b,5657,1245,24,0
1994b,5657,1246,25,0
5467b,5657,1247,26,0
315b,5657,1247,27,0
2133b,5657,1248,28,0
176b,5657,1249,29,0
929b,5657,1250,30,0
1056b,5657,1251,31,0
1021b,5657,1253,32,1
1021b,14310,980,1,0
6971b,14310,980,2,0
169b,14310,981,3,0
1736b,14310,982,4,0
1120b,14310,982,5,0
1834b,14310,983,6,0
5468b,14310,984,7,0
2823b,14310,984,8,0
2648b,14310,985,9,0
1845b,14310,986,10,0
2221b,14310,987,11,0
5594b,14310,987,12,0
1552b,14310,989,13,0
1833b,14310,989,14,0
1093b,14310,991,15,0
5976b,14310,992,16,0
6365b,14310,993,17,0
5974b,14310,994,18,0
7875b,14310,995,19,0
4026b,14310,997,20,0
2651b,14310,999,21,0
1092b,14310,1000,22,0
5469b,14310,1001,23,0
2053b,14310,1002,24,0
3968b,14310,1003,25,0
3959b,14310,1003,26,0
4029b,14310,1004,27,0
2010b,14310,1004,28,0
1998b,14310,1005,29,0
2012b,14310,1006,30,0
3358b,14310,1007,31,0
7874b,14310,1010,32,1
1021b,3151,640,1,0
6971b,3151,640,2,0
169b,3151,641,3,0
1736b,3151,642,4,0
1120b,3151,642,5,0
1834b,3151,643,6,0
5468b,3151,644,7,0
2823b,3151,644,8,0
2648b,3151,645,9,0
1845b,3151,646,10,0
2221b,3151,647,11,0
5594b,3151,647,12,0
1552b,3151,649,13,0
1833b,3151,649,14,0
1093b,3151,651,15,0
5976b,3151,652,16,0
6365b,3151,653,17,0
5974b,3151,654,18,0
7875b,3151,655,19,0
4026b,3151,657,20,0
2651b,3151,659,21,0
1092b,3151,660,22,0
5469b,3151,661,23,0
2053b,3151,662,24,0
3968b,3151,663,25,0
3959b,3151,663,26,0
4029b,3151,664,27,0
2010b,3151,664,28,0
1998b,3151,665,29,0
2012b,3151,666,30,0
3358b,3151,667,31,0
7874b,3151,670,32,1
7874b,3171,840,1,0
2560b,3171,840,2,0
1933b,3171,841,3,0
2657b,3171,842,4,0
1788b,3171,843,5,0
4030b,3171,844,6,0
3960b,3171,845,7,0
198b,3171,846,8,0
2967b,3171,847,9,0
1501b,3171,848,10,0
723b,3171,850,11,0
4027b,3171,850,12,0
5939b,3171,853,13,0
5973b,3171,853,14,0
6366b,3171,854,15,0
5975b,3171,855,16,0
700b,3171,856,17,0
1773b,3171,858,18,0
811b,3171,859,19,0
5593b,3171,860,20,0
1731b,3171,861,21,0
1979b,3171,861,22,0
1961b,3171,862,23,0
1772b,3171,862,24,0
1994b,3171,863,25,0
5467b,3171,864,26,0
315b,3171,864,27,0
2133b,3171,865,28,0
176b,3171,866,29,0
929b,3171,867,30,0
1056b,3171,868,31,0
1021b,3171,870,32,1
1021b,14426,1200,1,0
6971b,14426,1200,2,0
169b,14426,1201,3,0
1736b,14426,1202,4,0
1120b,14426,1202,5,0
1834b,14426,1203,6,0
5468b,14426,1204,7,0
2823b,14426,1204,8,0
2648b,14426,1205,9,0
1845b,14426,1206,10,0
2221b,14426,1207,11,0
5594b,14426,1207,12,0
1552b,14426,1209,13,0
1833b,14426,1209,14,0
1093b,14426,1211,15,0
5976b,14426,1212,16,0
6365b,14426,1213,17,0
5974b,14426,1214,18,0
7875b,14426,1215,19,0
4026b,14426,1217,20,0
2651b,14426,1219,21,0
1092b,14426,1220,22,0
5469b,14426,1220,23,0
2053b,14426,1221,24,0
3968b,14426,1222,25,0
3959b,14426,1222,26,0
4029b,14426,1223,27,0
2010b,14426,1223,28,0
1998b,14426,1223,29,0
2012b,14426,1224,30,0
3358b,14426,1225,31,0
7874b,14426,1228,32,1
7874b,14594,690,1,0
2560b,14594,690,2,0
1933b,14594,691,3,0
2657b,14594,692,4,0
1788b,14594,693,5,0
4030b,14594,694,6,0
3960b,14594,695,7,0
198b,14594,696,8,0
2967b,14594,697,9,0
1501b,14594,698,10,0
723b,14594,700,11,0
4027b,14594,700,12,0
5939b,14594,703,13,0
5973b,14594,703,14,0
6366b,14594,704,15,0
5975b,14594,705,16,0
700b,14594,706,17,0
1773b,14594,708,18,0
811b,14594,709,19,0
5593b,14594,710,20,0
1731b,14594,711,21,0
1979b,14594,711,22,0
1961b,14594,712,23,0
1772b,14594,712,24,0
1994b,14594,713,25,0
5467b,14594,714,26,0
315b,14594,714,27,0
2133b,14594,715,28,0
176b,14594,716,29,0
929b,14594,717,30,0
1056b,14594,718,31,0
1021b,14594,720,32,1
7874b,5995,990,1,0
2560b,5995,990,2,0
1933b,5995,992,3,0
2657b,5995,993,4,0
1788b,5995,994,5,0
4030b,5995,995,6,0
3960b,5995,995,7,0
198b,5995,997,8,0
2967b,5995,998,9,0
1501b,5995,999,10,0
723b,5995,1001,11,0
4027b,5995,1001,12,0
5939b,5995,1005,13,0
5973b,5995,1005,14,0
6366b,5995,1006,15,0
5975b,5995,1008,16,0
700b,5995,1008,17,0
1773b,5995,1011,18,0
811b,5995,1012,19,0
5593b,5995,1013,20,0
1731b,5995,1014,21,0
1979b,5995,1014,22,0
1961b,5995,1015,23,0
1772b,5995,1016,24,0
1994b,5995,1017,25,0
5467b,5995,1017,26,0
315b,5995,1018,27,0
2133b,5995,1019,28,0
176b,5995,1019,29,0
929b,5995,1021,30,0
1056b,5995,1022,31,0
1021b,5995,1024,32,1
1021b,24023,305,1,0
6971b,24023,305,2,0
169b,24023,306,3,0
1736b,24023,307,4,0
1120b,24023,307,5,0
1834b,24023,308,6,0
5468b,24023,309,7,0
2823b,24023,309,8,0
2648b,24023,310,9,0
1845b,24023,311,10,0
2221b,24023,312,11,0
5594b,24023,312,12,0
1552b,24023,314,13,0
1833b,24023,314,14,0
1093b,24023,316,15,0
5976b,24023,317,16,0
6365b,24023,318,17,0
5974b,24023,319,18,0
7875b,24023,320,19,0
4026b,24023,322,20,0
2651b,24023,324,21,0
1092b,24023,325,22,0
5469b,24023,325,23,0
2053b,24023,326,24,0
3968b,24023,327,25,0
3959b,24023,327,26,0
4029b,24023,328,27,0
2010b,24023,328,28,0
1998b,24023,328,29,0
2012b,24023,329,30,0
3358b,24023,330,31,0
7874b,24023,333,32,1
7874b,24078,830,1,0
2560b,24078,830,2,0
1933b,24078,831,3,0
2657b,24078,832,4,0
1788b,24078,833,5,0
4030b,24078,834,6,0
3960b,24078,835,7,0
198b,24078,836,8,0
2967b,24078,837,9,0
1501b,24078,838,10,0
723b,24078,840,11,0
4027b,24078,840,12,0
5939b,24078,843,13,0
5973b,24078,843,14,0
6366b,24078,844,15,0
5975b,24078,845,16,0
700b,24078,846,17,0
1773b,24078,848,18,0
811b,24078,849,19,0
5593b,24078,850,20,0
1731b,24078,851,21,0
1979b,24078,851,22,0
1961b,24078,852,23,0
1772b,24078,852,24,0
1994b,24078,853,25,0
5467b,24078,854,26,0
315b,24078,854,27,0
2133b,24078,855,28,0
176b,24078,856,29,0
929b,24078,857,30,0
1056b,24078,858,31,0
1021b,24078,860,32,1
7874b,3423,1265,1,0
2560b,3423,1265,2,0
1933b,3423,1266,3,0
2657b,3423,1267,4,0
1788b,3423,1268,5,0
4030b,3423,1269,6,0
3960b,3423,1270,7,0
198b,3423,1271,8,0
2967b,3423,1271,9,0
1501b,3423,1272,10,0
723b,3423,1274,11,0
4027b,3423,1274,12,0
5939b,3423,1277,13,0
5973b,3423,1277,14,0
6366b,3423,1278,15,0
5975b,3423,1279,16,0
700b,3423,1280,17,0
1773b,3423,1282,18,0
811b,3423,1283,19,0
5593b,3423,1284,20,0
1731b,3423,1285,21,0
1979b,3423,1285,22,0
1961b,3423,1286,23,0
1772b,3423,1286,24,0
1994b,3423,1287,25,0
5467b,3423,1288,26,0
315b,3423,1288,27,0
2133b,3423,1289,28,0
176b,3423,1290,29,0
929b,3423,1291,30,0
1056b,3423,1292,31,0
1021b,3423,1294,32,1
1021b,3490,1020,1,0
6971b,3490,1020,2,0
169b,3490,1021,3,0
1736b,3490,1022,4,0
1120b,3490,1022,5,0
1834b,3490,1023,6,0
5468b,3490,1024,7,0
2823b,3490,1024,8,0
2648b,3490,1025,9,0
1845b,3490,1026,10,0
2221b,3490,1027,11,0
5594b,3490,1027,12,0
1552b,3490,1029,13,0
1833b,3490,1029,14,0
1093b,3490,1031,15,0
5976b,3490,1032,16,0
6365b,3490,1033,17,0
5974b,3490,1034,18,0
7875b,3490,1035,19,0
4026b,3490,1037,20,0
2651b,3490,1039,21,0
1092b,3490,1040,22,0
5469b,3490,1041,23,0
2053b,3490,1042,24,0
3968b,3490,1043,25,0
3959b,3490,1043,26,0
4029b,3490,1044,27,0
2010b,3490,1044,28,0
1998b,3490,1045,29,0
2012b,3490,1046,30,0
3358b,3490,1047,31,0
7874b,3490,1050,32,1
7874b,14908,450,1,0
2560b,14908,450,2,0
1933b,14908,452,3,0
2657b,14908,453,4,0
1788b,14908,454,5,0
4030b,14908,455,6,0
3960b,14908,455,7,0
198b,14908,457,8,0
2967b,14908,458,9,0
1501b,14908,459,10,0
723b,14908,461,11,0
4027b,14908,461,12,0
5939b,14908,465,13,0
5973b,14908,465,14,0
6366b,14908,466,15,0
5975b,14908,468,16,0
700b,14908,468,17,0
1773b,14908,471,18,0
811b,14908,472,19,0
5593b,14908,473,20,0
1731b,14908,474,21,0
1979b,14908,474,22,0
1961b,14908,475,23,0
1772b,14908,476,24,0
1994b,14908,477,25,0
5467b,14908,477,26,0
315b,14908,478,27,0
2133b,14908,479,28,0
176b,14908,479,29,0
929b,14908,481,30,0
1056b,14908,482,31,0
1021b,14908,484,32,1
7874b,12272,1050,1,0
2560b,12272,1050,2,0
1933b,12272,1052,3,0
2657b,12272,1053,4,0
1788b,12272,1054,5,0
4030b,12272,1055,6,0
3960b,12272,1055,7,0
198b,12272,1057,8,0
2967b,12272,1058,9,0
1501b,12272,1059,10,0
723b,12272,1061,11,0
4027b,12272,1061,12,0
5939b,12272,1065,13,0
5973b,12272,1065,14,0
6366b,12272,1066,15,0
5975b,12272,1068,16,0
700b,12272,1068,17,0
1773b,12272,1071,18,0
811b,12272,1072,19,0
5593b,12272,1073,20,0
1731b,12272,1074,21,0
1979b,12272,1074,22,0
1961b,12272,1075,23,0
1772b,12272,1076,24,0
1994b,12272,1077,25,0
5467b,12272,1077,26,0
315b,12272,1078,27,0
2133b,12272,1079,28,0
176b,12272,1079,29,0
929b,12272,1081,30,0
1056b,12272,1082,31,0
1021b,12272,1084,32,1
1021b,14875,610,1,0
6971b,14875,610,2,0
169b,14875,611,3,0
1736b,14875,612,4,0
1120b,14875,613,5,0
1834b,14875,613,6,0
5468b,14875,614,7,0
2823b,14875,615,8,0
2648b,14875,616,9,0
1845b,14875,617,10,0
2221b,14875,617,11,0
5594b,14875,618,12,0
1552b,14875,620,13,0
1833b,14875,620,14,0
1093b,14875,623,15,0
5976b,14875,623,16,0
6365b,14875,625,17,0
5974b,14875,626,18,0
7875b,14875,627,19,0
4026b,14875,629,20,0
2651b,14875,631,21,0
1092b,14875,632,22,0
5469b,14875,633,23,0
2053b,14875,634,24,0
3968b,14875,635,25,0
3959b,14875,635,26,0
4029b,14875,636,27,0
2010b,14875,636,28,0
1998b,14875,637,29,0
2012b,14875,638,30,0
3358b,14875,639,31,0
7874b,14875,642,32,1
7874b,24296,785,1,0
2560b,24296,785,2,0
1933b,24296,786,3,0
2657b,24296,787,4,0
1788b,24296,788,5,0
4030b,24296,789,6,0
3960b,24296,790,7,0
198b,24296,791,8,0
2967b,24296,792,9,0
1501b,24296,793,10,0
723b,24296,795,11,0
4027b,24296,795,12,0
5939b,24296,798,13,0
5973b,24296,798,14,0
6366b,24296,799,15,0
5975b,24296,800,16,0
700b,24296,801,17,0
1773b,24296,803,18,0
811b,24296,804,19,0
5593b,24296,805,20,0
1731b,24296,806,21,0
1979b,24296,806,22,0
1961b,24296,807,23,0
1772b,24296,807,24,0
1994b,24296,808,25,0
5467b,24296,809,26,0
315b,24296,809,27,0
2133b,24296,810,28,0
176b,24296,811,29,0
929b,24296,812,30,0
1056b,24296,813,31,0
1021b,24296,815,32,1
7874b,3602,600,1,0
2560b,3602,600,2,0
1933b,3602,601,3,0
2657b,3602,602,4,0
1788b,3602,603,5,0
4030b,3602,604,6,0
3960b,3602,605,7,0
198b,3602,606,8,0
2967b,3602,607,9,0
1501b,3602,608,10,0
723b,3602,610,11,0
4027b,3602,610,12,0
5939b,3602,613,13,0
5973b,3602,613,14,0
6366b,3602,614,15,0
5975b,3602,615,16,0
700b,3602,616,17,0
1773b,3602,618,18,0
811b,3602,619,19,0
5593b,3602,620,20,0
1731b,3602,621,21,0
1979b,3602,621,22,0
1961b,3602,622,23,0
1772b,3602,622,24,0
1994b,3602,623,25,0
5467b,3602,624,26,0
315b,3602,624,27,0
2133b,3602,625,28,0
176b,3602,626,29,0
929b,3602,627,30,0
1056b,3602,628,31,0
1021b,3602,630,32,1
