arret_id,trajet_id,heure_depart,stop_sequence,terminus
7515b,37664,460,1,0
235b,37664,460,2,0
2935b,37664,461,3,0
7938b,37664,463,4,0
2956b,37664,464,5,0
2958b,37664,465,6,0
2961b,37664,465,7,0
2159b,37664,466,8,0
2963b,37664,468,9,0
236b,37664,469,10,0
2590b,37664,470,11,0
198b,37664,472,12,0
2967b,37664,473,13,0
1501b,37664,473,14,0
723b,37664,475,15,0
4027b,37664,476,16,0
2655b,37664,480,17,0
1755b,37664,482,18,1
5198b,33291,825,1,0
1092b,33291,826,2,0
5469b,33291,826,3,0
2053b,33291,827,4,0
2966b,33291,828,5,0
1588b,33291,829,6,0
2964b,33291,830,7,0
327b,33291,832,8,0
2962b,33291,833,9,0
2960b,33291,834,10,0
2959b,33291,835,11,0
7939b,33291,837,12,0
7497b,33291,840,13,0
7515b,33291,841,14,1
5198b,31092,1010,1,0
1092b,31092,1011,2,0
5469b,31092,1011,3,0
2053b,31092,1012,4,0
2966b,31092,1013,5,0
1588b,31092,1014,6,0
2964b,31092,1015,7,0
327b,31092,1017,8,0
2962b,31092,1018,9,0
2960b,31092,1019,10,0
2959b,31092,1020,11,0
7939b,31092,1022,12,0
7497b,31092,1025,13,0
7515b,31092,1026,14,1
5198b,21833,740,1,0
1092b,21833,741,2,0
5469b,21833,741,3,0
2053b,21833,742,4,0
2966b,21833,743,5,0
1588b,21833,744,6,0
2964b,21833,745,7,0
327b,21833,747,8,0
2962b,21833,748,9,0
2960b,21833,749,10,0
2959b,21833,750,11,0
7939b,21833,752,12,0
7497b,21833,755,13,0
7515b,21833,756,14,1
5198b,14812,1070,1,0
1092b,14812,1071,2,0
5469b,14812,1071,3,0
2053b,14812,1072,4,0
2966b,14812,1073,5,0
1588b,14812,1074,6,0
2964b,14812,1075,7,0
327b,14812,1077,8,0
2962b,14812,1078,9,0
2960b,14812,1079,10,0
2959b,14812,1080,11,0
7939b,14812,1082,12,0
7497b,14812,1085,13,0
7515b,14812,1086,14,1
