arret_id,trajet_id,heure_depart,stop_sequence,terminus
3605b,10980,1415,1,0
3788b,10980,1415,2,0
2161b,10980,1416,3,0
1716b,10980,1417,4,0
186b,10980,1417,5,0
1276b,10980,1418,6,0
1513b,10980,1418,7,0
1146b,10980,1419,8,0
1451b,10980,1419,9,0
606b,10980,1420,10,0
1726b,10980,1421,11,0
3314b,10980,1422,12,0
4750b,10980,1423,13,0
2195b,10980,1424,14,0
244b,10980,1424,15,0
1809b,10980,1425,16,0
2194b,10980,1426,17,0
1641b,10980,1429,18,0
2186b,10980,1430,19,0
3300b,10980,1430,20,0
1722b,10980,1432,21,0
6456b,10980,1433,22,0
5511b,10980,1437,23,0
5141b,10980,1438,24,0
3674b,10980,1438,25,0
3672b,10980,1439,26,0
4831b,10980,1440,27,0
937b,10980,1440,28,0
5513b,10980,1441,29,0
1406b,10980,1442,30,0
5516b,10980,1443,31,0
5518b,10980,1444,32,0
646b,10980,1445,33,0
943b,10980,1445,34,0
3670b,10980,1446,35,0
3669b,10980,1446,36,0
3667b,10980,1447,37,0
3664b,10980,1447,38,0
3665b,10980,1448,39,0
1995b,10980,1450,40,0
2071b,10980,1450,41,0
2056b,10980,1451,42,0
1514b,10980,1452,43,0
1820b,10980,1454,44,1
3605b,31385,1355,1,0
3788b,31385,1355,2,0
2161b,31385,1356,3,0
1716b,31385,1357,4,0
186b,31385,1357,5,0
1276b,31385,1358,6,0
1513b,31385,1358,7,0
1146b,31385,1359,8,0
1451b,31385,1359,9,0
606b,31385,1360,10,0
1726b,31385,1361,11,0
3314b,31385,1362,12,0
4750b,31385,1363,13,0
2195b,31385,1364,14,0
244b,31385,1364,15,0
1809b,31385,1365,16,0
2194b,31385,1366,17,0
1641b,31385,1369,18,0
2186b,31385,1370,19,0
3300b,31385,1370,20,0
1722b,31385,1372,21,0
6456b,31385,1373,22,0
5511b,31385,1377,23,0
5141b,31385,1378,24,0
3674b,31385,1378,25,0
3672b,31385,1379,26,0
4831b,31385,1380,27,0
937b,31385,1380,28,0
5513b,31385,1381,29,0
1406b,31385,1382,30,0
5516b,31385,1383,31,0
5518b,31385,1384,32,0
646b,31385,1385,33,0
943b,31385,1385,34,0
3670b,31385,1386,35,0
3669b,31385,1386,36,0
3667b,31385,1387,37,0
3664b,31385,1387,38,0
3665b,31385,1388,39,0
1995b,31385,1390,40,0
2071b,31385,1390,41,0
2056b,31385,1391,42,0
1514b,31385,1392,43,0
1820b,31385,1394,44,1
3605b,17339,1475,1,0
3788b,17339,1475,2,0
2161b,17339,1476,3,0
1716b,17339,1477,4,0
186b,17339,1477,5,0
1276b,17339,1478,6,0
1513b,17339,1478,7,0
1146b,17339,1479,8,0
1451b,17339,1479,9,0
606b,17339,1480,10,0
1726b,17339,1481,11,0
3314b,17339,1482,12,0
4750b,17339,1483,13,0
2195b,17339,1484,14,0
244b,17339,1484,15,0
1809b,17339,1485,16,0
2194b,17339,1486,17,0
1641b,17339,1489,18,0
2186b,17339,1490,19,0
3300b,17339,1490,20,0
1722b,17339,1492,21,0
6456b,17339,1493,22,0
5511b,17339,1497,23,0
5141b,17339,1498,24,0
3674b,17339,1498,25,0
3672b,17339,1499,26,0
4831b,17339,1500,27,0
937b,17339,1500,28,0
5513b,17339,1501,29,0
1406b,17339,1502,30,0
5516b,17339,1503,31,0
5518b,17339,1504,32,0
646b,17339,1505,33,0
943b,17339,1505,34,0
3670b,17339,1506,35,0
3669b,17339,1506,36,0
3667b,17339,1507,37,0
3664b,17339,1507,38,0
3665b,17339,1508,39,0
1995b,17339,1510,40,0
2071b,17339,1510,41,0
2056b,17339,1511,42,0
1514b,17339,1512,43,0
1820b,17339,1514,44,1
3605b,19277,1475,1,0
3788b,19277,1475,2,0
2161b,19277,1476,3,0
1716b,19277,1477,4,0
186b,19277,1477,5,0
1276b,19277,1478,6,0
1513b,19277,1478,7,0
1146b,19277,1479,8,0
1451b,19277,1479,9,0
606b,19277,1480,10,0
1726b,19277,1481,11,0
3314b,19277,1482,12,0
4750b,19277,1483,13,0
2195b,19277,1484,14,0
244b,19277,1484,15,0
1809b,19277,1485,16,0
2194b,19277,1486,17,0
1641b,19277,1489,18,0
2186b,19277,1490,19,0
3300b,19277,1490,20,0
1722b,19277,1492,21,0
6456b,19277,1493,22,0
5511b,19277,1497,23,0
5141b,19277,1498,24,0
3674b,19277,1498,25,0
3672b,19277,1499,26,0
4831b,19277,1500,27,0
937b,19277,1500,28,0
5513b,19277,1501,29,0
1406b,19277,1502,30,0
5516b,19277,1503,31,0
5518b,19277,1504,32,0
646b,19277,1505,33,0
943b,19277,1505,34,0
3670b,19277,1506,35,0
3669b,19277,1506,36,0
3667b,19277,1507,37,0
3664b,19277,1507,38,0
3665b,19277,1508,39,0
1995b,19277,1510,40,0
2071b,19277,1510,41,0
2056b,19277,1511,42,0
1514b,19277,1512,43,0
1820b,19277,1514,44,1
3605b,21808,1475,1,0
3788b,21808,1475,2,0
2161b,21808,1476,3,0
1716b,21808,1477,4,0
186b,21808,1477,5,0
1276b,21808,1478,6,0
1513b,21808,1478,7,0
1146b,21808,1479,8,0
1451b,21808,1479,9,0
606b,21808,1480,10,0
1726b,21808,1481,11,0
3314b,21808,1482,12,0
4750b,21808,1483,13,0
2195b,21808,1484,14,0
244b,21808,1484,15,0
1809b,21808,1485,16,0
2194b,21808,1486,17,0
1641b,21808,1489,18,0
2186b,21808,1490,19,0
3300b,21808,1490,20,0
1722b,21808,1492,21,0
6456b,21808,1493,22,0
5511b,21808,1497,23,0
5141b,21808,1498,24,0
3674b,21808,1498,25,0
3672b,21808,1499,26,0
4831b,21808,1500,27,0
937b,21808,1500,28,0
5513b,21808,1501,29,0
1406b,21808,1502,30,0
5516b,21808,1503,31,0
5518b,21808,1504,32,0
646b,21808,1505,33,0
943b,21808,1505,34,0
3670b,21808,1506,35,0
3669b,21808,1506,36,0
3667b,21808,1507,37,0
3664b,21808,1507,38,0
3665b,21808,1508,39,0
1995b,21808,1510,40,0
2071b,21808,1510,41,0
2056b,21808,1511,42,0
1514b,21808,1512,43,0
1820b,21808,1514,44,1
3605b,5715,1295,1,0
3788b,5715,1295,2,0
2161b,5715,1296,3,0
1716b,5715,1297,4,0
186b,5715,1297,5,0
1276b,5715,1298,6,0
1513b,5715,1298,7,0
1146b,5715,1299,8,0
1451b,5715,1299,9,0
606b,5715,1300,10,0
1726b,5715,1301,11,0
3314b,5715,1302,12,0
4750b,5715,1303,13,0
2195b,5715,1304,14,0
244b,5715,1304,15,0
1809b,5715,1305,16,0
2194b,5715,1306,17,0
1641b,5715,1309,18,0
2186b,5715,1310,19,0
3300b,5715,1310,20,0
1722b,5715,1312,21,0
6456b,5715,1313,22,0
5511b,5715,1317,23,0
5141b,5715,1318,24,0
3674b,5715,1318,25,0
3672b,5715,1319,26,0
4831b,5715,1320,27,0
937b,5715,1320,28,0
5513b,5715,1321,29,0
1406b,5715,1322,30,0
5516b,5715,1323,31,0
5518b,5715,1324,32,0
646b,5715,1325,33,0
943b,5715,1325,34,0
3670b,5715,1326,35,0
3669b,5715,1326,36,0
3667b,5715,1327,37,0
3664b,5715,1327,38,0
3665b,5715,1328,39,0
1995b,5715,1330,40,0
2071b,5715,1330,41,0
2056b,5715,1331,42,0
1514b,5715,1332,43,0
1820b,5715,1334,44,1
3605b,9829,1355,1,0
3788b,9829,1355,2,0
2161b,9829,1356,3,0
1716b,9829,1357,4,0
186b,9829,1357,5,0
1276b,9829,1358,6,0
1513b,9829,1358,7,0
1146b,9829,1359,8,0
1451b,9829,1359,9,0
606b,9829,1360,10,0
1726b,9829,1361,11,0
3314b,9829,1362,12,0
4750b,9829,1363,13,0
2195b,9829,1364,14,0
244b,9829,1364,15,0
1809b,9829,1365,16,0
2194b,9829,1366,17,0
1641b,9829,1369,18,0
2186b,9829,1370,19,0
3300b,9829,1370,20,0
1722b,9829,1372,21,0
6456b,9829,1373,22,0
5511b,9829,1377,23,0
5141b,9829,1378,24,0
3674b,9829,1378,25,0
3672b,9829,1379,26,0
4831b,9829,1380,27,0
937b,9829,1380,28,0
5513b,9829,1381,29,0
1406b,9829,1382,30,0
5516b,9829,1383,31,0
5518b,9829,1384,32,0
646b,9829,1385,33,0
943b,9829,1385,34,0
3670b,9829,1386,35,0
3669b,9829,1386,36,0
3667b,9829,1387,37,0
3664b,9829,1387,38,0
3665b,9829,1388,39,0
1995b,9829,1390,40,0
2071b,9829,1390,41,0
2056b,9829,1391,42,0
1514b,9829,1392,43,0
1820b,9829,1394,44,1
3605b,15713,1535,1,0
3788b,15713,1535,2,0
2161b,15713,1536,3,0
1716b,15713,1537,4,0
186b,15713,1537,5,0
1276b,15713,1538,6,0
1513b,15713,1538,7,0
1146b,15713,1539,8,0
1451b,15713,1539,9,0
606b,15713,1540,10,0
1726b,15713,1541,11,0
3314b,15713,1542,12,0
4750b,15713,1543,13,0
2195b,15713,1544,14,0
244b,15713,1544,15,0
1809b,15713,1545,16,0
2194b,15713,1546,17,0
1641b,15713,1549,18,0
2186b,15713,1550,19,0
3300b,15713,1550,20,0
1722b,15713,1552,21,0
6456b,15713,1553,22,0
5511b,15713,1557,23,0
5141b,15713,1558,24,0
3674b,15713,1558,25,0
3672b,15713,1559,26,0
4831b,15713,1560,27,0
937b,15713,1560,28,0
5513b,15713,1561,29,0
1406b,15713,1562,30,0
5516b,15713,1563,31,0
5518b,15713,1564,32,0
646b,15713,1565,33,0
943b,15713,1565,34,0
3670b,15713,1566,35,0
3669b,15713,1566,36,0
3667b,15713,1567,37,0
3664b,15713,1567,38,0
3665b,15713,1568,39,0
1995b,15713,1570,40,0
2071b,15713,1570,41,0
2056b,15713,1571,42,0
1514b,15713,1572,43,0
1820b,15713,1574,44,1
5644b,7903,1430,1,0
2019b,7903,1430,2,0
2229b,7903,1432,3,0
2173b,7903,1432,4,0
2230b,7903,1433,5,0
3662b,7903,1433,6,0
2180b,7903,1434,7,0
3663b,7903,1435,8,0
3667b,7903,1435,9,0
3668b,7903,1436,10,0
2166b,7903,1436,11,0
2179b,7903,1437,12,0
1717b,7903,1437,13,0
5517b,7903,1438,14,0
5515b,7903,1439,15,0
127b,7903,1439,16,0
5514b,7903,1440,17,0
2660b,7903,1441,18,0
2231b,7903,1442,19,0
3671b,7903,1442,20,0
3673b,7903,1443,21,0
3675b,7903,1443,22,0
5504b,7903,1445,23,0
6455b,7903,1446,24,0
3298b,7903,1447,25,0
786b,7903,1448,26,0
2532b,7903,1448,27,0
483b,7903,1449,28,0
261b,7903,1450,29,0
2196b,7903,1452,30,0
1512b,7903,1452,31,0
1805b,7903,1453,32,0
4055b,7903,1454,33,0
3309b,7903,1455,34,0
1192b,7903,1457,35,0
1144b,7903,1457,36,0
387b,7903,1459,37,0
38b,7903,1460,38,0
445b,7903,1461,39,0
801b,7903,1461,40,0
1164b,7903,1462,41,0
3888b,7903,1463,42,0
150b,7903,1464,43,0
3545b,7903,1465,44,1
5644b,31622,1490,1,0
2019b,31622,1490,2,0
2229b,31622,1492,3,0
2173b,31622,1492,4,0
2230b,31622,1493,5,0
3662b,31622,1493,6,0
2180b,31622,1494,7,0
3663b,31622,1495,8,0
3667b,31622,1495,9,0
3668b,31622,1496,10,0
2166b,31622,1496,11,0
2179b,31622,1497,12,0
1717b,31622,1497,13,0
5517b,31622,1498,14,0
5515b,31622,1499,15,0
127b,31622,1499,16,0
5514b,31622,1500,17,0
2660b,31622,1501,18,0
2231b,31622,1502,19,0
3671b,31622,1502,20,0
3673b,31622,1503,21,0
3675b,31622,1503,22,0
5504b,31622,1505,23,0
6455b,31622,1506,24,0
3298b,31622,1507,25,0
786b,31622,1508,26,0
2532b,31622,1508,27,0
483b,31622,1509,28,0
261b,31622,1510,29,0
2196b,31622,1512,30,0
1512b,31622,1512,31,0
1805b,31622,1513,32,0
4055b,31622,1514,33,0
3309b,31622,1515,34,0
1192b,31622,1517,35,0
1144b,31622,1517,36,0
387b,31622,1519,37,0
38b,31622,1520,38,0
445b,31622,1521,39,0
801b,31622,1521,40,0
1164b,31622,1522,41,0
3888b,31622,1523,42,0
150b,31622,1524,43,0
3545b,31622,1525,44,1
3605b,23600,1355,1,0
3788b,23600,1355,2,0
2161b,23600,1356,3,0
1716b,23600,1357,4,0
186b,23600,1357,5,0
1276b,23600,1358,6,0
1513b,23600,1358,7,0
1146b,23600,1359,8,0
1451b,23600,1359,9,0
606b,23600,1360,10,0
1726b,23600,1361,11,0
3314b,23600,1362,12,0
4750b,23600,1363,13,0
2195b,23600,1364,14,0
244b,23600,1364,15,0
1809b,23600,1365,16,0
2194b,23600,1366,17,0
1641b,23600,1369,18,0
2186b,23600,1370,19,0
3300b,23600,1370,20,0
1722b,23600,1372,21,0
6456b,23600,1373,22,0
5511b,23600,1377,23,0
5141b,23600,1378,24,0
3674b,23600,1378,25,0
3672b,23600,1379,26,0
4831b,23600,1380,27,0
937b,23600,1380,28,0
5513b,23600,1381,29,0
1406b,23600,1382,30,0
5516b,23600,1383,31,0
5518b,23600,1384,32,0
646b,23600,1385,33,0
943b,23600,1385,34,0
3670b,23600,1386,35,0
3669b,23600,1386,36,0
3667b,23600,1387,37,0
3664b,23600,1387,38,0
3665b,23600,1388,39,0
1995b,23600,1390,40,0
2071b,23600,1390,41,0
2056b,23600,1391,42,0
1514b,23600,1392,43,0
1820b,23600,1394,44,1
3605b,25753,1415,1,0
3788b,25753,1415,2,0
2161b,25753,1416,3,0
1716b,25753,1417,4,0
186b,25753,1417,5,0
1276b,25753,1418,6,0
1513b,25753,1418,7,0
1146b,25753,1419,8,0
1451b,25753,1419,9,0
606b,25753,1420,10,0
1726b,25753,1421,11,0
3314b,25753,1422,12,0
4750b,25753,1423,13,0
2195b,25753,1424,14,0
244b,25753,1424,15,0
1809b,25753,1425,16,0
2194b,25753,1426,17,0
1641b,25753,1429,18,0
2186b,25753,1430,19,0
3300b,25753,1430,20,0
1722b,25753,1432,21,0
6456b,25753,1433,22,0
5511b,25753,1437,23,0
5141b,25753,1438,24,0
3674b,25753,1438,25,0
3672b,25753,1439,26,0
4831b,25753,1440,27,0
937b,25753,1440,28,0
5513b,25753,1441,29,0
1406b,25753,1442,30,0
5516b,25753,1443,31,0
5518b,25753,1444,32,0
646b,25753,1445,33,0
943b,25753,1445,34,0
3670b,25753,1446,35,0
3669b,25753,1446,36,0
3667b,25753,1447,37,0
3664b,25753,1447,38,0
3665b,25753,1448,39,0
1995b,25753,1450,40,0
2071b,25753,1450,41,0
2056b,25753,1451,42,0
1514b,25753,1452,43,0
1820b,25753,1454,44,1
3605b,3376,1295,1,0
3788b,3376,1295,2,0
2161b,3376,1296,3,0
1716b,3376,1297,4,0
186b,3376,1297,5,0
1276b,3376,1298,6,0
1513b,3376,1298,7,0
1146b,3376,1299,8,0
1451b,3376,1299,9,0
606b,3376,1300,10,0
1726b,3376,1301,11,0
3314b,3376,1302,12,0
4750b,3376,1303,13,0
2195b,3376,1304,14,0
244b,3376,1304,15,0
1809b,3376,1305,16,0
2194b,3376,1306,17,0
1641b,3376,1309,18,0
2186b,3376,1310,19,0
3300b,3376,1310,20,0
1722b,3376,1312,21,0
6456b,3376,1313,22,0
5511b,3376,1317,23,0
5141b,3376,1318,24,0
3674b,3376,1318,25,0
3672b,3376,1319,26,0
4831b,3376,1320,27,0
937b,3376,1320,28,0
5513b,3376,1321,29,0
1406b,3376,1322,30,0
5516b,3376,1323,31,0
5518b,3376,1324,32,0
646b,3376,1325,33,0
943b,3376,1325,34,0
3670b,3376,1326,35,0
3669b,3376,1326,36,0
3667b,3376,1327,37,0
3664b,3376,1327,38,0
3665b,3376,1328,39,0
1995b,3376,1330,40,0
2071b,3376,1330,41,0
2056b,3376,1331,42,0
1514b,3376,1332,43,0
1820b,3376,1334,44,1
3605b,3354,1415,1,0
3788b,3354,1415,2,0
2161b,3354,1416,3,0
1716b,3354,1417,4,0
186b,3354,1417,5,0
1276b,3354,1418,6,0
1513b,3354,1418,7,0
1146b,3354,1419,8,0
1451b,3354,1419,9,0
606b,3354,1420,10,0
1726b,3354,1421,11,0
3314b,3354,1422,12,0
4750b,3354,1423,13,0
2195b,3354,1424,14,0
244b,3354,1424,15,0
1809b,3354,1425,16,0
2194b,3354,1426,17,0
1641b,3354,1429,18,0
2186b,3354,1430,19,0
3300b,3354,1430,20,0
1722b,3354,1432,21,0
6456b,3354,1433,22,0
5511b,3354,1437,23,0
5141b,3354,1438,24,0
3674b,3354,1438,25,0
3672b,3354,1439,26,0
4831b,3354,1440,27,0
937b,3354,1440,28,0
5513b,3354,1441,29,0
1406b,3354,1442,30,0
5516b,3354,1443,31,0
5518b,3354,1444,32,0
646b,3354,1445,33,0
943b,3354,1445,34,0
3670b,3354,1446,35,0
3669b,3354,1446,36,0
3667b,3354,1447,37,0
3664b,3354,1447,38,0
3665b,3354,1448,39,0
1995b,3354,1450,40,0
2071b,3354,1450,41,0
2056b,3354,1451,42,0
1514b,3354,1452,43,0
1820b,3354,1454,44,1
5644b,3739,1430,1,0
2019b,3739,1430,2,0
2229b,3739,1432,3,0
2173b,3739,1432,4,0
2230b,3739,1433,5,0
3662b,3739,1433,6,0
2180b,3739,1434,7,0
3663b,3739,1435,8,0
3667b,3739,1435,9,0
3668b,3739,1436,10,0
2166b,3739,1436,11,0
2179b,3739,1437,12,0
1717b,3739,1437,13,0
5517b,3739,1438,14,0
5515b,3739,1439,15,0
127b,3739,1439,16,0
5514b,3739,1440,17,0
2660b,3739,1441,18,0
2231b,3739,1442,19,0
3671b,3739,1442,20,0
3673b,3739,1443,21,0
3675b,3739,1443,22,0
5504b,3739,1445,23,0
6455b,3739,1446,24,0
3298b,3739,1447,25,0
786b,3739,1448,26,0
2532b,3739,1448,27,0
483b,3739,1449,28,0
261b,3739,1450,29,0
2196b,3739,1452,30,0
1512b,3739,1452,31,0
1805b,3739,1453,32,0
4055b,3739,1454,33,0
3309b,3739,1455,34,0
1192b,3739,1457,35,0
1144b,3739,1457,36,0
387b,3739,1459,37,0
38b,3739,1460,38,0
445b,3739,1461,39,0
801b,3739,1461,40,0
1164b,3739,1462,41,0
3888b,3739,1463,42,0
150b,3739,1464,43,0
3545b,3739,1465,44,1
5644b,11676,1430,1,0
2019b,11676,1430,2,0
2229b,11676,1432,3,0
2173b,11676,1432,4,0
2230b,11676,1433,5,0
3662b,11676,1433,6,0
2180b,11676,1434,7,0
3663b,11676,1435,8,0
3667b,11676,1435,9,0
3668b,11676,1436,10,0
2166b,11676,1436,11,0
2179b,11676,1437,12,0
1717b,11676,1437,13,0
5517b,11676,1438,14,0
5515b,11676,1439,15,0
127b,11676,1439,16,0
5514b,11676,1440,17,0
2660b,11676,1441,18,0
2231b,11676,1442,19,0
3671b,11676,1442,20,0
3673b,11676,1443,21,0
3675b,11676,1443,22,0
5504b,11676,1445,23,0
6455b,11676,1446,24,0
3298b,11676,1447,25,0
786b,11676,1448,26,0
2532b,11676,1448,27,0
483b,11676,1449,28,0
261b,11676,1450,29,0
2196b,11676,1452,30,0
1512b,11676,1452,31,0
1805b,11676,1453,32,0
4055b,11676,1454,33,0
3309b,11676,1455,34,0
1192b,11676,1457,35,0
1144b,11676,1457,36,0
387b,11676,1459,37,0
38b,11676,1460,38,0
445b,11676,1461,39,0
801b,11676,1461,40,0
1164b,11676,1462,41,0
3888b,11676,1463,42,0
150b,11676,1464,43,0
3545b,11676,1465,44,1
5644b,20886,1370,1,0
2019b,20886,1370,2,0
2229b,20886,1372,3,0
2173b,20886,1372,4,0
2230b,20886,1373,5,0
3662b,20886,1373,6,0
2180b,20886,1374,7,0
3663b,20886,1375,8,0
3667b,20886,1375,9,0
3668b,20886,1376,10,0
2166b,20886,1376,11,0
2179b,20886,1377,12,0
1717b,20886,1377,13,0
5517b,20886,1378,14,0
5515b,20886,1379,15,0
127b,20886,1379,16,0
5514b,20886,1380,17,0
2660b,20886,1381,18,0
2231b,20886,1382,19,0
3671b,20886,1382,20,0
3673b,20886,1383,21,0
3675b,20886,1383,22,0
5504b,20886,1385,23,0
6455b,20886,1386,24,0
3298b,20886,1387,25,0
786b,20886,1388,26,0
2532b,20886,1388,27,0
483b,20886,1389,28,0
261b,20886,1390,29,0
2196b,20886,1392,30,0
1512b,20886,1392,31,0
1805b,20886,1393,32,0
4055b,20886,1394,33,0
3309b,20886,1395,34,0
1192b,20886,1397,35,0
1144b,20886,1397,36,0
387b,20886,1399,37,0
38b,20886,1400,38,0
445b,20886,1401,39,0
801b,20886,1401,40,0
1164b,20886,1402,41,0
3888b,20886,1403,42,0
150b,20886,1404,43,0
3545b,20886,1405,44,1
3605b,20440,1355,1,0
3788b,20440,1355,2,0
2161b,20440,1356,3,0
1716b,20440,1357,4,0
186b,20440,1357,5,0
1276b,20440,1358,6,0
1513b,20440,1358,7,0
1146b,20440,1359,8,0
1451b,20440,1359,9,0
606b,20440,1360,10,0
1726b,20440,1361,11,0
3314b,20440,1362,12,0
4750b,20440,1363,13,0
2195b,20440,1364,14,0
244b,20440,1364,15,0
1809b,20440,1365,16,0
2194b,20440,1366,17,0
1641b,20440,1369,18,0
2186b,20440,1370,19,0
3300b,20440,1370,20,0
1722b,20440,1372,21,0
6456b,20440,1373,22,0
5511b,20440,1377,23,0
5141b,20440,1378,24,0
3674b,20440,1378,25,0
3672b,20440,1379,26,0
4831b,20440,1380,27,0
937b,20440,1380,28,0
5513b,20440,1381,29,0
1406b,20440,1382,30,0
5516b,20440,1383,31,0
5518b,20440,1384,32,0
646b,20440,1385,33,0
943b,20440,1385,34,0
3670b,20440,1386,35,0
3669b,20440,1386,36,0
3667b,20440,1387,37,0
3664b,20440,1387,38,0
3665b,20440,1388,39,0
1995b,20440,1390,40,0
2071b,20440,1390,41,0
2056b,20440,1391,42,0
1514b,20440,1392,43,0
1820b,20440,1394,44,1
5644b,2862,1370,1,0
2019b,2862,1370,2,0
2229b,2862,1372,3,0
2173b,2862,1372,4,0
2230b,2862,1373,5,0
3662b,2862,1373,6,0
2180b,2862,1374,7,0
3663b,2862,1375,8,0
3667b,2862,1375,9,0
3668b,2862,1376,10,0
2166b,2862,1376,11,0
2179b,2862,1377,12,0
1717b,2862,1377,13,0
5517b,2862,1378,14,0
5515b,2862,1379,15,0
127b,2862,1379,16,0
5514b,2862,1380,17,0
2660b,2862,1381,18,0
2231b,2862,1382,19,0
3671b,2862,1382,20,0
3673b,2862,1383,21,0
3675b,2862,1383,22,0
5504b,2862,1385,23,0
6455b,2862,1386,24,0
3298b,2862,1387,25,0
786b,2862,1388,26,0
2532b,2862,1388,27,0
483b,2862,1389,28,0
261b,2862,1390,29,0
2196b,2862,1392,30,0
1512b,2862,1392,31,0
1805b,2862,1393,32,0
4055b,2862,1394,33,0
3309b,2862,1395,34,0
1192b,2862,1397,35,0
1144b,2862,1397,36,0
387b,2862,1399,37,0
38b,2862,1400,38,0
445b,2862,1401,39,0
801b,2862,1401,40,0
1164b,2862,1402,41,0
3888b,2862,1403,42,0
150b,2862,1404,43,0
3545b,2862,1405,44,1
3605b,4731,1535,1,0
3788b,4731,1535,2,0
2161b,4731,1536,3,0
1716b,4731,1537,4,0
186b,4731,1537,5,0
1276b,4731,1538,6,0
1513b,4731,1538,7,0
1146b,4731,1539,8,0
1451b,4731,1539,9,0
606b,4731,1540,10,0
1726b,4731,1541,11,0
3314b,4731,1542,12,0
4750b,4731,1543,13,0
2195b,4731,1544,14,0
244b,4731,1544,15,0
1809b,4731,1545,16,0
2194b,4731,1546,17,0
1641b,4731,1549,18,0
2186b,4731,1550,19,0
3300b,4731,1550,20,0
1722b,4731,1552,21,0
6456b,4731,1553,22,0
5511b,4731,1557,23,0
5141b,4731,1558,24,0
3674b,4731,1558,25,0
3672b,4731,1559,26,0
4831b,4731,1560,27,0
937b,4731,1560,28,0
5513b,4731,1561,29,0
1406b,4731,1562,30,0
5516b,4731,1563,31,0
5518b,4731,1564,32,0
646b,4731,1565,33,0
943b,4731,1565,34,0
3670b,4731,1566,35,0
3669b,4731,1566,36,0
3667b,4731,1567,37,0
3664b,4731,1567,38,0
3665b,4731,1568,39,0
1995b,4731,1570,40,0
2071b,4731,1570,41,0
2056b,4731,1571,42,0
1514b,4731,1572,43,0
1820b,4731,1574,44,1
3605b,8659,1475,1,0
3788b,8659,1475,2,0
2161b,8659,1476,3,0
1716b,8659,1477,4,0
186b,8659,1477,5,0
1276b,8659,1478,6,0
1513b,8659,1478,7,0
1146b,8659,1479,8,0
1451b,8659,1479,9,0
606b,8659,1480,10,0
1726b,8659,1481,11,0
3314b,8659,1482,12,0
4750b,8659,1483,13,0
2195b,8659,1484,14,0
244b,8659,1484,15,0
1809b,8659,1485,16,0
2194b,8659,1486,17,0
1641b,8659,1489,18,0
2186b,8659,1490,19,0
3300b,8659,1490,20,0
1722b,8659,1492,21,0
6456b,8659,1493,22,0
5511b,8659,1497,23,0
5141b,8659,1498,24,0
3674b,8659,1498,25,0
3672b,8659,1499,26,0
4831b,8659,1500,27,0
937b,8659,1500,28,0
5513b,8659,1501,29,0
1406b,8659,1502,30,0
5516b,8659,1503,31,0
5518b,8659,1504,32,0
646b,8659,1505,33,0
943b,8659,1505,34,0
3670b,8659,1506,35,0
3669b,8659,1506,36,0
3667b,8659,1507,37,0
3664b,8659,1507,38,0
3665b,8659,1508,39,0
1995b,8659,1510,40,0
2071b,8659,1510,41,0
2056b,8659,1511,42,0
1514b,8659,1512,43,0
1820b,8659,1514,44,1
5644b,12053,1370,1,0
2019b,12053,1370,2,0
2229b,12053,1372,3,0
2173b,12053,1372,4,0
2230b,12053,1373,5,0
3662b,12053,1373,6,0
2180b,12053,1374,7,0
3663b,12053,1375,8,0
3667b,12053,1375,9,0
3668b,12053,1376,10,0
2166b,12053,1376,11,0
2179b,12053,1377,12,0
1717b,12053,1377,13,0
5517b,12053,1378,14,0
5515b,12053,1379,15,0
127b,12053,1379,16,0
5514b,12053,1380,17,0
2660b,12053,1381,18,0
2231b,12053,1382,19,0
3671b,12053,1382,20,0
3673b,12053,1383,21,0
3675b,12053,1383,22,0
5504b,12053,1385,23,0
6455b,12053,1386,24,0
3298b,12053,1387,25,0
786b,12053,1388,26,0
2532b,12053,1388,27,0
483b,12053,1389,28,0
261b,12053,1390,29,0
2196b,12053,1392,30,0
1512b,12053,1392,31,0
1805b,12053,1393,32,0
4055b,12053,1394,33,0
3309b,12053,1395,34,0
1192b,12053,1397,35,0
1144b,12053,1397,36,0
387b,12053,1399,37,0
38b,12053,1400,38,0
445b,12053,1401,39,0
801b,12053,1401,40,0
1164b,12053,1402,41,0
3888b,12053,1403,42,0
150b,12053,1404,43,0
3545b,12053,1405,44,1
5644b,16921,1430,1,0
2019b,16921,1430,2,0
2229b,16921,1432,3,0
2173b,16921,1432,4,0
2230b,16921,1433,5,0
3662b,16921,1433,6,0
2180b,16921,1434,7,0
3663b,16921,1435,8,0
3667b,16921,1435,9,0
3668b,16921,1436,10,0
2166b,16921,1436,11,0
2179b,16921,1437,12,0
1717b,16921,1437,13,0
5517b,16921,1438,14,0
5515b,16921,1439,15,0
127b,16921,1439,16,0
5514b,16921,1440,17,0
2660b,16921,1441,18,0
2231b,16921,1442,19,0
3671b,16921,1442,20,0
3673b,16921,1443,21,0
3675b,16921,1443,22,0
5504b,16921,1445,23,0
6455b,16921,1446,24,0
3298b,16921,1447,25,0
786b,16921,1448,26,0
2532b,16921,1448,27,0
483b,16921,1449,28,0
261b,16921,1450,29,0
2196b,16921,1452,30,0
1512b,16921,1452,31,0
1805b,16921,1453,32,0
4055b,16921,1454,33,0
3309b,16921,1455,34,0
1192b,16921,1457,35,0
1144b,16921,1457,36,0
387b,16921,1459,37,0
38b,16921,1460,38,0
445b,16921,1461,39,0
801b,16921,1461,40,0
1164b,16921,1462,41,0
3888b,16921,1463,42,0
150b,16921,1464,43,0
3545b,16921,1465,44,1
5644b,28471,1490,1,0
2019b,28471,1490,2,0
2229b,28471,1492,3,0
2173b,28471,1492,4,0
2230b,28471,1493,5,0
3662b,28471,1493,6,0
2180b,28471,1494,7,0
3663b,28471,1495,8,0
3667b,28471,1495,9,0
3668b,28471,1496,10,0
2166b,28471,1496,11,0
2179b,28471,1497,12,0
1717b,28471,1497,13,0
5517b,28471,1498,14,0
5515b,28471,1499,15,0
127b,28471,1499,16,0
5514b,28471,1500,17,0
2660b,28471,1501,18,0
2231b,28471,1502,19,0
3671b,28471,1502,20,0
3673b,28471,1503,21,0
3675b,28471,1503,22,0
5504b,28471,1505,23,0
6455b,28471,1506,24,0
3298b,28471,1507,25,0
786b,28471,1508,26,0
2532b,28471,1508,27,0
483b,28471,1509,28,0
261b,28471,1510,29,0
2196b,28471,1512,30,0
1512b,28471,1512,31,0
1805b,28471,1513,32,0
4055b,28471,1514,33,0
3309b,28471,1515,34,0
1192b,28471,1517,35,0
1144b,28471,1517,36,0
387b,28471,1519,37,0
38b,28471,1520,38,0
445b,28471,1521,39,0
801b,28471,1521,40,0
1164b,28471,1522,41,0
3888b,28471,1523,42,0
150b,28471,1524,43,0
3545b,28471,1525,44,1
3605b,4077,1415,1,0
3788b,4077,1415,2,0
2161b,4077,1416,3,0
1716b,4077,1417,4,0
186b,4077,1417,5,0
1276b,4077,1418,6,0
1513b,4077,1418,7,0
1146b,4077,1419,8,0
1451b,4077,1419,9,0
606b,4077,1420,10,0
1726b,4077,1421,11,0
3314b,4077,1422,12,0
4750b,4077,1423,13,0
2195b,4077,1424,14,0
244b,4077,1424,15,0
1809b,4077,1425,16,0
2194b,4077,1426,17,0
1641b,4077,1429,18,0
2186b,4077,1430,19,0
3300b,4077,1430,20,0
1722b,4077,1432,21,0
6456b,4077,1433,22,0
5511b,4077,1437,23,0
5141b,4077,1438,24,0
3674b,4077,1438,25,0
3672b,4077,1439,26,0
4831b,4077,1440,27,0
937b,4077,1440,28,0
5513b,4077,1441,29,0
1406b,4077,1442,30,0
5516b,4077,1443,31,0
5518b,4077,1444,32,0
646b,4077,1445,33,0
943b,4077,1445,34,0
3670b,4077,1446,35,0
3669b,4077,1446,36,0
3667b,4077,1447,37,0
3664b,4077,1447,38,0
3665b,4077,1448,39,0
1995b,4077,1450,40,0
2071b,4077,1450,41,0
2056b,4077,1451,42,0
1514b,4077,1452,43,0
1820b,4077,1454,44,1
3605b,6412,1295,1,0
3788b,6412,1295,2,0
2161b,6412,1296,3,0
1716b,6412,1297,4,0
186b,6412,1297,5,0
1276b,6412,1298,6,0
1513b,6412,1298,7,0
1146b,6412,1299,8,0
1451b,6412,1299,9,0
606b,6412,1300,10,0
1726b,6412,1301,11,0
3314b,6412,1302,12,0
4750b,6412,1303,13,0
2195b,6412,1304,14,0
244b,6412,1304,15,0
1809b,6412,1305,16,0
2194b,6412,1306,17,0
1641b,6412,1309,18,0
2186b,6412,1310,19,0
3300b,6412,1310,20,0
1722b,6412,1312,21,0
6456b,6412,1313,22,0
5511b,6412,1317,23,0
5141b,6412,1318,24,0
3674b,6412,1318,25,0
3672b,6412,1319,26,0
4831b,6412,1320,27,0
937b,6412,1320,28,0
5513b,6412,1321,29,0
1406b,6412,1322,30,0
5516b,6412,1323,31,0
5518b,6412,1324,32,0
646b,6412,1325,33,0
943b,6412,1325,34,0
3670b,6412,1326,35,0
3669b,6412,1326,36,0
3667b,6412,1327,37,0
3664b,6412,1327,38,0
3665b,6412,1328,39,0
1995b,6412,1330,40,0
2071b,6412,1330,41,0
2056b,6412,1331,42,0
1514b,6412,1332,43,0
1820b,6412,1334,44,1
5644b,14434,1370,1,0
2019b,14434,1370,2,0
2229b,14434,1372,3,0
2173b,14434,1372,4,0
2230b,14434,1373,5,0
3662b,14434,1373,6,0
2180b,14434,1374,7,0
3663b,14434,1375,8,0
3667b,14434,1375,9,0
3668b,14434,1376,10,0
2166b,14434,1376,11,0
2179b,14434,1377,12,0
1717b,14434,1377,13,0
5517b,14434,1378,14,0
5515b,14434,1379,15,0
127b,14434,1379,16,0
5514b,14434,1380,17,0
2660b,14434,1381,18,0
2231b,14434,1382,19,0
3671b,14434,1382,20,0
3673b,14434,1383,21,0
3675b,14434,1383,22,0
5504b,14434,1385,23,0
6455b,14434,1386,24,0
3298b,14434,1387,25,0
786b,14434,1388,26,0
2532b,14434,1388,27,0
483b,14434,1389,28,0
261b,14434,1390,29,0
2196b,14434,1392,30,0
1512b,14434,1392,31,0
1805b,14434,1393,32,0
4055b,14434,1394,33,0
3309b,14434,1395,34,0
1192b,14434,1397,35,0
1144b,14434,1397,36,0
387b,14434,1399,37,0
38b,14434,1400,38,0
445b,14434,1401,39,0
801b,14434,1401,40,0
1164b,14434,1402,41,0
3888b,14434,1403,42,0
150b,14434,1404,43,0
3545b,14434,1405,44,1
3605b,14315,1295,1,0
3788b,14315,1295,2,0
2161b,14315,1296,3,0
1716b,14315,1297,4,0
186b,14315,1297,5,0
1276b,14315,1298,6,0
1513b,14315,1298,7,0
1146b,14315,1299,8,0
1451b,14315,1299,9,0
606b,14315,1300,10,0
1726b,14315,1301,11,0
3314b,14315,1302,12,0
4750b,14315,1303,13,0
2195b,14315,1304,14,0
244b,14315,1304,15,0
1809b,14315,1305,16,0
2194b,14315,1306,17,0
1641b,14315,1309,18,0
2186b,14315,1310,19,0
3300b,14315,1310,20,0
1722b,14315,1312,21,0
6456b,14315,1313,22,0
5511b,14315,1317,23,0
5141b,14315,1318,24,0
3674b,14315,1318,25,0
3672b,14315,1319,26,0
4831b,14315,1320,27,0
937b,14315,1320,28,0
5513b,14315,1321,29,0
1406b,14315,1322,30,0
5516b,14315,1323,31,0
5518b,14315,1324,32,0
646b,14315,1325,33,0
943b,14315,1325,34,0
3670b,14315,1326,35,0
3669b,14315,1326,36,0
3667b,14315,1327,37,0
3664b,14315,1327,38,0
3665b,14315,1328,39,0
1995b,14315,1330,40,0
2071b,14315,1330,41,0
2056b,14315,1331,42,0
1514b,14315,1332,43,0
1820b,14315,1334,44,1
