arret_id,trajet_id,heure_depart,stop_sequence,terminus
3923b,10894,1050,1,0
2072b,10894,1050,2,0
1701b,10894,1051,3,0
1984b,10894,1051,4,0
1936b,10894,1052,5,0
3930b,10894,1053,6,0
3928b,10894,1054,7,0
3926b,10894,1055,8,0
6335b,10894,1055,9,0
2254b,10894,1057,10,0
2573b,10894,1058,11,0
2248b,10894,1059,12,0
2006b,10894,1063,13,0
6338b,10894,1070,14,1
3923b,10792,310,1,0
2072b,10792,310,2,0
1701b,10792,311,3,0
1984b,10792,311,4,0
1936b,10792,312,5,0
3930b,10792,313,6,0
3928b,10792,314,7,0
3926b,10792,315,8,0
6335b,10792,315,9,0
2254b,10792,317,10,0
2573b,10792,318,11,0
2248b,10792,319,12,0
2006b,10792,323,13,0
6338b,10792,330,14,1
3923b,12967,565,1,0
2072b,12967,565,2,0
1701b,12967,566,3,0
1984b,12967,566,4,0
1936b,12967,567,5,0
3930b,12967,568,6,0
3928b,12967,569,7,0
3926b,12967,570,8,0
6335b,12967,570,9,0
2254b,12967,572,10,0
2573b,12967,573,11,0
2248b,12967,574,12,0
2006b,12967,578,13,0
6338b,12967,585,14,1
3923b,12746,990,1,0
2072b,12746,990,2,0
1701b,12746,991,3,0
1984b,12746,991,4,0
1936b,12746,992,5,0
3930b,12746,993,6,0
3928b,12746,994,7,0
3926b,12746,995,8,0
6335b,12746,995,9,0
2254b,12746,997,10,0
2573b,12746,998,11,0
2248b,12746,999,12,0
2006b,12746,1003,13,0
6338b,12746,1010,14,1
6339b,12337,665,1,0
2146b,12337,666,2,0
1821b,12337,667,3,0
2099b,12337,668,4,0
6334b,12337,670,5,0
3925b,12337,671,6,0
3927b,12337,671,7,0
3929b,12337,672,8,0
1945b,12337,673,9,0
470b,12337,674,10,0
1920b,12337,674,11,0
2042b,12337,675,12,0
3923b,12337,676,13,1
3923b,10075,930,1,0
2072b,10075,930,2,0
1701b,10075,931,3,0
1984b,10075,931,4,0
1936b,10075,932,5,0
3930b,10075,933,6,0
3928b,10075,934,7,0
3926b,10075,935,8,0
6335b,10075,935,9,0
2254b,10075,937,10,0
2573b,10075,938,11,0
2248b,10075,939,12,0
2006b,10075,943,13,0
6338b,10075,950,14,1
3923b,2167,450,1,0
2072b,2167,450,2,0
1701b,2167,451,3,0
1984b,2167,451,4,0
1936b,2167,452,5,0
3930b,2167,453,6,0
3928b,2167,454,7,0
3926b,2167,455,8,0
6335b,2167,455,9,0
2254b,2167,457,10,0
2573b,2167,458,11,0
2248b,2167,459,12,0
2006b,2167,463,13,0
6338b,2167,470,14,1
6339b,11163,985,1,0
2146b,11163,986,2,0
1821b,11163,987,3,0
2099b,11163,988,4,0
6334b,11163,990,5,0
3925b,11163,991,6,0
3927b,11163,991,7,0
3929b,11163,992,8,0
1945b,11163,993,9,0
470b,11163,994,10,0
1920b,11163,994,11,0
2042b,11163,995,12,0
3923b,11163,996,13,1
6339b,11160,1030,1,0
2146b,11160,1031,2,0
1821b,11160,1032,3,0
2099b,11160,1033,4,0
6334b,11160,1035,5,0
3925b,11160,1036,6,0
3927b,11160,1036,7,0
3929b,11160,1037,8,0
1945b,11160,1038,9,0
470b,11160,1039,10,0
1920b,11160,1039,11,0
2042b,11160,1040,12,0
3923b,11160,1041,13,1
6339b,10145,370,1,0
2146b,10145,371,2,0
1821b,10145,372,3,0
2099b,10145,373,4,0
6334b,10145,375,5,0
3925b,10145,376,6,0
3927b,10145,376,7,0
3929b,10145,377,8,0
1945b,10145,378,9,0
470b,10145,379,10,0
1920b,10145,379,11,0
2042b,10145,380,12,0
3923b,10145,381,13,1
6339b,3354,625,1,0
2146b,3354,626,2,0
1821b,3354,627,3,0
2099b,3354,628,4,0
6334b,3354,630,5,0
3925b,3354,631,6,0
3927b,3354,631,7,0
3929b,3354,632,8,0
1945b,3354,633,9,0
470b,3354,634,10,0
1920b,3354,634,11,0
2042b,3354,635,12,0
3923b,3354,636,13,1
6339b,3444,685,1,0
2146b,3444,686,2,0
1821b,3444,687,3,0
2099b,3444,688,4,0
6334b,3444,690,5,0
3925b,3444,691,6,0
3927b,3444,691,7,0
3929b,3444,692,8,0
1945b,3444,693,9,0
470b,3444,694,10,0
1920b,3444,694,11,0
2042b,3444,695,12,0
3923b,3444,696,13,1
3923b,8358,1065,1,0
2072b,8358,1065,2,0
1701b,8358,1066,3,0
1984b,8358,1066,4,0
1936b,8358,1067,5,0
3930b,8358,1068,6,0
3928b,8358,1069,7,0
3926b,8358,1070,8,0
6335b,8358,1070,9,0
2254b,8358,1072,10,0
2573b,8358,1073,11,0
2248b,8358,1074,12,0
2006b,8358,1078,13,0
6338b,8358,1085,14,1
6339b,2027,545,1,0
2146b,2027,546,2,0
1821b,2027,547,3,0
2099b,2027,548,4,0
6334b,2027,550,5,0
3925b,2027,551,6,0
3927b,2027,551,7,0
3929b,2027,552,8,0
1945b,2027,553,9,0
470b,2027,554,10,0
1920b,2027,554,11,0
2042b,2027,555,12,0
3923b,2027,556,13,1
6339b,10590,505,1,0
2146b,10590,506,2,0
1821b,10590,507,3,0
2099b,10590,508,4,0
6334b,10590,510,5,0
3925b,10590,511,6,0
3927b,10590,511,7,0
3929b,10590,512,8,0
1945b,10590,513,9,0
470b,10590,514,10,0
1920b,10590,514,11,0
2042b,10590,515,12,0
3923b,10590,516,13,1
6339b,17215,970,1,0
2146b,17215,971,2,0
1821b,17215,972,3,0
2099b,17215,973,4,0
6334b,17215,975,5,0
3925b,17215,976,6,0
3927b,17215,976,7,0
3929b,17215,977,8,0
1945b,17215,978,9,0
470b,17215,979,10,0
1920b,17215,979,11,0
2042b,17215,980,12,0
3923b,17215,981,13,1
6339b,17308,865,1,0
2146b,17308,866,2,0
1821b,17308,867,3,0
2099b,17308,868,4,0
6334b,17308,870,5,0
3925b,17308,871,6,0
3927b,17308,871,7,0
3929b,17308,872,8,0
1945b,17308,873,9,0
470b,17308,874,10,0
1920b,17308,874,11,0
2042b,17308,875,12,0
3923b,17308,876,13,1
3923b,11589,885,1,0
2072b,11589,885,2,0
1701b,11589,886,3,0
1984b,11589,886,4,0
1936b,11589,887,5,0
3930b,11589,888,6,0
3928b,11589,889,7,0
3926b,11589,890,8,0
6335b,11589,890,9,0
2254b,11589,892,10,0
2573b,11589,893,11,0
2248b,11589,894,12,0
2006b,11589,898,13,0
6338b,11589,905,14,1
3923b,4979,1005,1,0
2072b,4979,1005,2,0
1701b,4979,1006,3,0
1984b,4979,1006,4,0
1936b,4979,1007,5,0
3930b,4979,1008,6,0
3928b,4979,1009,7,0
3926b,4979,1010,8,0
6335b,4979,1010,9,0
2254b,4979,1012,10,0
2573b,4979,1013,11,0
2248b,4979,1014,12,0
2006b,4979,1018,13,0
6338b,4979,1025,14,1
6339b,9151,445,1,0
2146b,9151,446,2,0
1821b,9151,447,3,0
2099b,9151,448,4,0
6334b,9151,450,5,0
3925b,9151,451,6,0
3927b,9151,451,7,0
3929b,9151,452,8,0
1945b,9151,453,9,0
470b,9151,454,10,0
1920b,9151,454,11,0
2042b,9151,455,12,0
3923b,9151,456,13,1
3923b,3041,825,1,0
2072b,3041,825,2,0
1701b,3041,826,3,0
1984b,3041,826,4,0
1936b,3041,827,5,0
3930b,3041,828,6,0
3928b,3041,829,7,0
3926b,3041,830,8,0
6335b,3041,830,9,0
2254b,3041,832,10,0
2573b,3041,833,11,0
2248b,3041,834,12,0
2006b,3041,838,13,0
6338b,3041,845,14,1
3923b,3910,1125,1,0
2072b,3910,1125,2,0
1701b,3910,1126,3,0
1984b,3910,1126,4,0
1936b,3910,1127,5,0
3930b,3910,1128,6,0
3928b,3910,1129,7,0
3926b,3910,1130,8,0
6335b,3910,1130,9,0
2254b,3910,1132,10,0
2573b,3910,1133,11,0
2248b,3910,1134,12,0
2006b,3910,1138,13,0
6338b,3910,1145,14,1
3923b,18666,945,1,0
2072b,18666,945,2,0
1701b,18666,946,3,0
1984b,18666,946,4,0
1936b,18666,947,5,0
3930b,18666,948,6,0
3928b,18666,949,7,0
3926b,18666,950,8,0
6335b,18666,950,9,0
2254b,18666,952,10,0
2573b,18666,953,11,0
2248b,18666,954,12,0
2006b,18666,958,13,0
6338b,18666,965,14,1
6339b,4582,910,1,0
2146b,4582,911,2,0
1821b,4582,912,3,0
2099b,4582,913,4,0
6334b,4582,915,5,0
3925b,4582,916,6,0
3927b,4582,916,7,0
3929b,4582,917,8,0
1945b,4582,918,9,0
470b,4582,919,10,0
1920b,4582,919,11,0
2042b,4582,920,12,0
3923b,4582,921,13,1
6339b,4946,385,1,0
2146b,4946,386,2,0
1821b,4946,387,3,0
2099b,4946,388,4,0
6334b,4946,390,5,0
3925b,4946,391,6,0
3927b,4946,391,7,0
3929b,4946,392,8,0
1945b,4946,393,9,0
470b,4946,394,10,0
1920b,4946,394,11,0
2042b,4946,395,12,0
3923b,4946,396,13,1
3923b,18261,345,1,0
2072b,18261,345,2,0
1701b,18261,346,3,0
1984b,18261,346,4,0
1936b,18261,347,5,0
3930b,18261,348,6,0
3928b,18261,349,7,0
3926b,18261,350,8,0
6335b,18261,350,9,0
2254b,18261,352,10,0
2573b,18261,353,11,0
2248b,18261,354,12,0
2006b,18261,358,13,0
6338b,18261,365,14,1
3923b,4845,465,1,0
2072b,4845,465,2,0
1701b,4845,466,3,0
1984b,4845,466,4,0
1936b,4845,467,5,0
3930b,4845,468,6,0
3928b,4845,469,7,0
3926b,4845,470,8,0
6335b,4845,470,9,0
2254b,4845,472,10,0
2573b,4845,473,11,0
2248b,4845,474,12,0
2006b,4845,478,13,0
6338b,4845,485,14,1
3923b,6906,685,1,0
2072b,6906,685,2,0
1701b,6906,686,3,0
1984b,6906,686,4,0
1936b,6906,687,5,0
3930b,6906,688,6,0
3928b,6906,689,7,0
3926b,6906,690,8,0
6335b,6906,690,9,0
2254b,6906,692,10,0
2573b,6906,693,11,0
2248b,6906,694,12,0
2006b,6906,698,13,0
6338b,6906,705,14,1
3923b,18104,340,1,0
2072b,18104,340,2,0
1701b,18104,341,3,0
1984b,18104,341,4,0
1936b,18104,342,5,0
3930b,18104,343,6,0
3928b,18104,344,7,0
3926b,18104,345,8,0
6335b,18104,345,9,0
2254b,18104,347,10,0
2573b,18104,348,11,0
2248b,18104,349,12,0
2006b,18104,353,13,0
6338b,18104,360,14,1
3923b,16164,765,1,0
2072b,16164,765,2,0
1701b,16164,766,3,0
1984b,16164,766,4,0
1936b,16164,767,5,0
3930b,16164,768,6,0
3928b,16164,769,7,0
3926b,16164,770,8,0
6335b,16164,770,9,0
2254b,16164,772,10,0
2573b,16164,773,11,0
2248b,16164,774,12,0
2006b,16164,778,13,0
6338b,16164,785,14,1
6339b,16407,925,1,0
2146b,16407,926,2,0
1821b,16407,927,3,0
2099b,16407,928,4,0
6334b,16407,930,5,0
3925b,16407,931,6,0
3927b,16407,931,7,0
3929b,16407,932,8,0
1945b,16407,933,9,0
470b,16407,934,10,0
1920b,16407,934,11,0
2042b,16407,935,12,0
3923b,16407,936,13,1
6339b,984,490,1,0
2146b,984,491,2,0
1821b,984,492,3,0
2099b,984,493,4,0
6334b,984,495,5,0
3925b,984,496,6,0
3927b,984,496,7,0
3929b,984,497,8,0
1945b,984,498,9,0
470b,984,499,10,0
1920b,984,499,11,0
2042b,984,500,12,0
3923b,984,501,13,1
6339b,18067,605,1,0
2146b,18067,606,2,0
1821b,18067,607,3,0
2099b,18067,608,4,0
6334b,18067,610,5,0
3925b,18067,611,6,0
3927b,18067,611,7,0
3929b,18067,612,8,0
1945b,18067,613,9,0
470b,18067,614,10,0
1920b,18067,614,11,0
2042b,18067,615,12,0
3923b,18067,616,13,1
3923b,879,405,1,0
2072b,879,405,2,0
1701b,879,406,3,0
1984b,879,406,4,0
1936b,879,407,5,0
3930b,879,408,6,0
3928b,879,409,7,0
3926b,879,410,8,0
6335b,879,410,9,0
2254b,879,412,10,0
2573b,879,413,11,0
2248b,879,414,12,0
2006b,879,418,13,0
6338b,879,425,14,1
3923b,2385,280,1,0
2072b,2385,280,2,0
1701b,2385,281,3,0
1984b,2385,281,4,0
1936b,2385,282,5,0
3930b,2385,283,6,0
3928b,2385,284,7,0
3926b,2385,285,8,0
6335b,2385,285,9,0
2254b,2385,287,10,0
2573b,2385,288,11,0
2248b,2385,289,12,0
2006b,2385,293,13,0
6338b,2385,300,14,1
6339b,5661,1100,1,0
2146b,5661,1101,2,0
1821b,5661,1102,3,0
2099b,5661,1103,4,0
6334b,5661,1105,5,0
3925b,5661,1106,6,0
3927b,5661,1106,7,0
3929b,5661,1107,8,0
1945b,5661,1108,9,0
470b,5661,1109,10,0
1920b,5661,1109,11,0
2042b,5661,1110,12,0
3923b,5661,1111,13,1
3923b,5656,810,1,0
2072b,5656,810,2,0
1701b,5656,811,3,0
1984b,5656,811,4,0
1936b,5656,812,5,0
3930b,5656,813,6,0
3928b,5656,814,7,0
3926b,5656,815,8,0
6335b,5656,815,9,0
2254b,5656,817,10,0
2573b,5656,818,11,0
2248b,5656,819,12,0
2006b,5656,823,13,0
6338b,5656,830,14,1
6339b,2775,725,1,0
2146b,2775,726,2,0
1821b,2775,727,3,0
2099b,2775,728,4,0
6334b,2775,730,5,0
3925b,2775,731,6,0
3927b,2775,731,7,0
3929b,2775,732,8,0
1945b,2775,733,9,0
470b,2775,734,10,0
1920b,2775,734,11,0
2042b,2775,735,12,0
3923b,2775,736,13,1
6339b,4496,565,1,0
2146b,4496,566,2,0
1821b,4496,567,3,0
2099b,4496,568,4,0
6334b,4496,570,5,0
3925b,4496,571,6,0
3927b,4496,571,7,0
3929b,4496,572,8,0
1945b,4496,573,9,0
470b,4496,574,10,0
1920b,4496,574,11,0
2042b,4496,575,12,0
3923b,4496,576,13,1
6339b,12190,1045,1,0
2146b,12190,1046,2,0
1821b,12190,1047,3,0
2099b,12190,1048,4,0
6334b,12190,1050,5,0
3925b,12190,1051,6,0
3927b,12190,1051,7,0
3929b,12190,1052,8,0
1945b,12190,1053,9,0
470b,12190,1054,10,0
1920b,12190,1054,11,0
2042b,12190,1055,12,0
3923b,12190,1056,13,1
3923b,621,1110,1,0
2072b,621,1110,2,0
1701b,621,1111,3,0
1984b,621,1111,4,0
1936b,621,1112,5,0
3930b,621,1113,6,0
3928b,621,1114,7,0
3926b,621,1115,8,0
6335b,621,1115,9,0
2254b,621,1117,10,0
2573b,621,1118,11,0
2248b,621,1119,12,0
2006b,621,1123,13,0
6338b,621,1130,14,1
3923b,8845,585,1,0
2072b,8845,585,2,0
1701b,8845,586,3,0
1984b,8845,586,4,0
1936b,8845,587,5,0
3930b,8845,588,6,0
3928b,8845,589,7,0
3926b,8845,590,8,0
6335b,8845,590,9,0
2254b,8845,592,10,0
2573b,8845,593,11,0
2248b,8845,594,12,0
2006b,8845,598,13,0
6338b,8845,605,14,1
3923b,9957,390,1,0
2072b,9957,390,2,0
1701b,9957,391,3,0
1984b,9957,391,4,0
1936b,9957,392,5,0
3930b,9957,393,6,0
3928b,9957,394,7,0
3926b,9957,395,8,0
6335b,9957,395,9,0
2254b,9957,397,10,0
2573b,9957,398,11,0
2248b,9957,399,12,0
2006b,9957,403,13,0
6338b,9957,410,14,1
6339b,12294,1210,1,0
2146b,12294,1211,2,0
1821b,12294,1212,3,0
2099b,12294,1213,4,0
6334b,12294,1215,5,0
3925b,12294,1216,6,0
3927b,12294,1216,7,0
3929b,12294,1217,8,0
1945b,12294,1218,9,0
470b,12294,1219,10,0
1920b,12294,1219,11,0
2042b,12294,1220,12,0
3923b,12294,1221,13,1
3923b,5366,870,1,0
2072b,5366,870,2,0
1701b,5366,871,3,0
1984b,5366,871,4,0
1936b,5366,872,5,0
3930b,5366,873,6,0
3928b,5366,874,7,0
3926b,5366,875,8,0
6335b,5366,875,9,0
2254b,5366,877,10,0
2573b,5366,878,11,0
2248b,5366,879,12,0
2006b,5366,883,13,0
6338b,5366,890,14,1
6339b,14561,1160,1,0
2146b,14561,1161,2,0
1821b,14561,1162,3,0
2099b,14561,1163,4,0
6334b,14561,1165,5,0
3925b,14561,1166,6,0
3927b,14561,1166,7,0
3929b,14561,1167,8,0
1945b,14561,1168,9,0
470b,14561,1169,10,0
1920b,14561,1169,11,0
2042b,14561,1170,12,0
3923b,14561,1171,13,1
3923b,7461,745,1,0
2072b,7461,745,2,0
1701b,7461,746,3,0
1984b,7461,746,4,0
1936b,7461,747,5,0
3930b,7461,748,6,0
3928b,7461,749,7,0
3926b,7461,750,8,0
6335b,7461,750,9,0
2254b,7461,752,10,0
2573b,7461,753,11,0
2248b,7461,754,12,0
2006b,7461,758,13,0
6338b,7461,765,14,1
3923b,14885,625,1,0
2072b,14885,625,2,0
1701b,14885,626,3,0
1984b,14885,626,4,0
1936b,14885,627,5,0
3930b,14885,628,6,0
3928b,14885,629,7,0
3926b,14885,630,8,0
6335b,14885,630,9,0
2254b,14885,632,10,0
2573b,14885,633,11,0
2248b,14885,634,12,0
2006b,14885,638,13,0
6338b,14885,645,14,1
6339b,5132,850,1,0
2146b,5132,851,2,0
1821b,5132,852,3,0
2099b,5132,853,4,0
6334b,5132,855,5,0
3925b,5132,856,6,0
3927b,5132,856,7,0
3929b,5132,857,8,0
1945b,5132,858,9,0
470b,5132,859,10,0
1920b,5132,859,11,0
2042b,5132,860,12,0
3923b,5132,861,13,1
3923b,13301,705,1,0
2072b,13301,705,2,0
1701b,13301,706,3,0
1984b,13301,706,4,0
1936b,13301,707,5,0
3930b,13301,708,6,0
3928b,13301,709,7,0
3926b,13301,710,8,0
6335b,13301,710,9,0
2254b,13301,712,10,0
2573b,13301,713,11,0
2248b,13301,714,12,0
2006b,13301,718,13,0
6338b,13301,725,14,1
6339b,4092,805,1,0
2146b,4092,806,2,0
1821b,4092,807,3,0
2099b,4092,808,4,0
6334b,4092,810,5,0
3925b,4092,811,6,0
3927b,4092,811,7,0
3929b,4092,812,8,0
1945b,4092,813,9,0
470b,4092,814,10,0
1920b,4092,814,11,0
2042b,4092,815,12,0
3923b,4092,816,13,1
3923b,14904,525,1,0
2072b,14904,525,2,0
1701b,14904,526,3,0
1984b,14904,526,4,0
1936b,14904,527,5,0
3930b,14904,528,6,0
3928b,14904,529,7,0
3926b,14904,530,8,0
6335b,14904,530,9,0
2254b,14904,532,10,0
2573b,14904,533,11,0
2248b,14904,534,12,0
2006b,14904,538,13,0
6338b,14904,545,14,1
3923b,5181,645,1,0
2072b,5181,645,2,0
1701b,5181,646,3,0
1984b,5181,646,4,0
1936b,5181,647,5,0
3930b,5181,648,6,0
3928b,5181,649,7,0
3926b,5181,650,8,0
6335b,5181,650,9,0
2254b,5181,652,10,0
2573b,5181,653,11,0
2248b,5181,654,12,0
2006b,5181,658,13,0
6338b,5181,665,14,1
6339b,5199,1090,1,0
2146b,5199,1091,2,0
1821b,5199,1092,3,0
2099b,5199,1093,4,0
6334b,5199,1095,5,0
3925b,5199,1096,6,0
3927b,5199,1096,7,0
3929b,5199,1097,8,0
1945b,5199,1098,9,0
470b,5199,1099,10,0
1920b,5199,1099,11,0
2042b,5199,1100,12,0
3923b,5199,1101,13,1
6339b,7256,790,1,0
2146b,7256,791,2,0
1821b,7256,792,3,0
2099b,7256,793,4,0
6334b,7256,795,5,0
3925b,7256,796,6,0
3927b,7256,796,7,0
3929b,7256,797,8,0
1945b,7256,798,9,0
470b,7256,799,10,0
1920b,7256,799,11,0
2042b,7256,800,12,0
3923b,7256,801,13,1
6339b,13221,1150,1,0
2146b,13221,1151,2,0
1821b,13221,1152,3,0
2099b,13221,1153,4,0
6334b,13221,1155,5,0
3925b,13221,1156,6,0
3927b,13221,1156,7,0
3929b,13221,1157,8,0
1945b,13221,1158,9,0
470b,13221,1159,10,0
1920b,13221,1159,11,0
2042b,13221,1160,12,0
3923b,13221,1161,13,1
6339b,13003,745,1,0
2146b,13003,746,2,0
1821b,13003,747,3,0
2099b,13003,748,4,0
6334b,13003,750,5,0
3925b,13003,751,6,0
3927b,13003,751,7,0
3929b,13003,752,8,0
1945b,13003,753,9,0
470b,13003,754,10,0
1920b,13003,754,11,0
2042b,13003,755,12,0
3923b,13003,756,13,1
3923b,15905,1170,1,0
2072b,15905,1170,2,0
1701b,15905,1171,3,0
1984b,15905,1171,4,0
1936b,15905,1172,5,0
3930b,15905,1173,6,0
3928b,15905,1174,7,0
3926b,15905,1175,8,0
6335b,15905,1175,9,0
2254b,15905,1177,10,0
2573b,15905,1178,11,0
2248b,15905,1179,12,0
2006b,15905,1183,13,0
6338b,15905,1190,14,1
6339b,15916,430,1,0
2146b,15916,431,2,0
1821b,15916,432,3,0
2099b,15916,433,4,0
6334b,15916,435,5,0
3925b,15916,436,6,0
3927b,15916,436,7,0
3929b,15916,437,8,0
1945b,15916,438,9,0
470b,15916,439,10,0
1920b,15916,439,11,0
2042b,15916,440,12,0
3923b,15916,441,13,1
3923b,7620,510,1,0
2072b,7620,510,2,0
1701b,7620,511,3,0
1984b,7620,511,4,0
1936b,7620,512,5,0
3930b,7620,513,6,0
3928b,7620,514,7,0
3926b,7620,515,8,0
6335b,7620,515,9,0
2254b,7620,517,10,0
2573b,7620,518,11,0
2248b,7620,519,12,0
2006b,7620,523,13,0
6338b,7620,530,14,1
