arret_id,trajet_id,heure_depart,stop_sequence,terminus
4059b,10914,524,1,0
3648b,10914,525,2,0
335b,10914,529,3,0
1657b,10914,529,4,0
921b,10914,530,5,0
1650b,10914,531,6,0
1115b,10914,533,7,0
2330b,10914,535,8,0
549b,10914,535,9,0
1459b,10914,538,10,0
69b,10914,538,11,0
1967b,10914,539,12,0
2208b,10914,540,13,0
1720b,10914,541,14,0
1963b,10914,541,15,0
767b,10914,542,16,0
449b,10914,544,17,0
2290b,10914,544,18,0
2205b,10914,545,19,0
1875b,10914,546,20,0
1081b,10914,547,21,0
414b,10914,547,22,0
2207b,10914,548,23,0
999b,10914,549,24,0
5936b,10914,550,25,0
5942b,10914,551,26,0
3779b,10914,552,27,0
3781b,10914,554,28,0
6349b,10914,555,29,0
2954b,10914,555,30,0
2956b,10914,557,31,0
2958b,10914,558,32,0
2961b,10914,559,33,0
2159b,10914,559,34,0
2963b,10914,560,35,0
236b,10914,561,36,0
2590b,10914,562,37,0
198b,10914,563,38,0
2967b,10914,564,39,0
1501b,10914,564,40,0
723b,10914,565,41,0
4027b,10914,566,42,0
3974b,10914,568,43,0
4275b,10914,568,44,0
5471b,10914,569,45,0
4142b,10914,570,46,0
5473b,10914,571,47,0
5452b,10914,572,48,1
4059b,12884,1154,1,0
3648b,12884,1155,2,0
335b,12884,1159,3,0
1657b,12884,1159,4,0
921b,12884,1160,5,0
1650b,12884,1161,6,0
1115b,12884,1163,7,0
2330b,12884,1164,8,0
549b,12884,1165,9,0
1459b,12884,1167,10,0
69b,12884,1167,11,0
1967b,12884,1168,12,0
2208b,12884,1169,13,0
1720b,12884,1170,14,0
1963b,12884,1170,15,0
767b,12884,1171,16,0
449b,12884,1173,17,0
2290b,12884,1173,18,0
2205b,12884,1174,19,0
1875b,12884,1175,20,0
1081b,12884,1176,21,0
414b,12884,1176,22,0
2207b,12884,1177,23,0
999b,12884,1178,24,0
5936b,12884,1179,25,0
5942b,12884,1180,26,0
3779b,12884,1181,27,0
3781b,12884,1183,28,0
6349b,12884,1184,29,0
2954b,12884,1184,30,0
2956b,12884,1186,31,0
2958b,12884,1187,32,0
2961b,12884,1188,33,0
4206b,12884,1189,34,0
3680b,12884,1190,35,1
4059b,24434,434,1,0
3648b,24434,435,2,0
335b,24434,437,3,0
1657b,24434,437,4,0
921b,24434,438,5,0
1650b,24434,439,6,0
1115b,24434,440,7,0
2330b,24434,441,8,0
549b,24434,441,9,0
1459b,24434,443,10,0
69b,24434,443,11,0
1967b,24434,444,12,0
2208b,24434,444,13,0
1720b,24434,445,14,0
1963b,24434,445,15,0
767b,24434,445,16,0
449b,24434,447,17,0
2290b,24434,447,18,0
2205b,24434,448,19,0
1875b,24434,449,20,0
1081b,24434,450,21,0
414b,24434,450,22,0
2207b,24434,451,23,0
999b,24434,451,24,0
5936b,24434,452,25,0
5942b,24434,454,26,0
3779b,24434,454,27,0
3781b,24434,456,28,0
6349b,24434,457,29,0
2954b,24434,457,30,0
2956b,24434,458,31,0
2958b,24434,459,32,0
2961b,24434,460,33,0
2159b,24434,460,34,0
2963b,24434,461,35,0
236b,24434,462,36,1
4059b,31230,434,1,0
3648b,31230,435,2,0
335b,31230,438,3,0
1657b,31230,438,4,0
921b,31230,439,5,0
1650b,31230,440,6,0
1115b,31230,442,7,0
2330b,31230,443,8,0
549b,31230,444,9,0
1459b,31230,446,10,0
69b,31230,446,11,0
1967b,31230,447,12,0
2208b,31230,448,13,0
1720b,31230,448,14,0
1963b,31230,449,15,0
767b,31230,449,16,0
449b,31230,451,17,0
2290b,31230,451,18,0
2205b,31230,452,19,0
1875b,31230,453,20,0
1081b,31230,454,21,0
414b,31230,454,22,0
2207b,31230,455,23,0
999b,31230,456,24,0
5936b,31230,457,25,0
5942b,31230,458,26,0
3779b,31230,459,27,0
3781b,31230,461,28,0
6349b,31230,462,29,0
2954b,31230,462,30,0
2956b,31230,464,31,0
2958b,31230,465,32,0
2961b,31230,466,33,0
4206b,31230,467,34,0
3680b,31230,468,35,1
2964b,24332,790,1,0
327b,24332,790,2,0
2962b,24332,791,3,0
2960b,24332,792,4,0
2959b,24332,792,5,0
2957b,24332,793,6,0
2955b,24332,793,7,0
6344b,24332,794,8,0
5938b,24332,795,9,0
3780b,24332,795,10,0
5943b,24332,796,11,0
5937b,24332,797,12,0
2213b,24332,798,13,0
2210b,24332,798,14,0
1879b,24332,799,15,0
512b,24332,799,16,0
2209b,24332,800,17,0
2211b,24332,800,18,0
1476b,24332,801,19,0
936b,24332,801,20,0
2645b,24332,802,21,0
204b,24332,803,22,0
1686b,24332,803,23,0
2212b,24332,804,24,0
1878b,24332,804,25,0
2216b,24332,805,26,0
2215b,24332,806,27,0
505b,24332,807,28,0
94b,24332,808,29,0
2643b,24332,808,30,0
837b,24332,810,31,0
1649b,24332,811,32,0
2443b,24332,812,33,0
1705b,24332,814,34,0
3647b,24332,816,35,0
4059b,24332,819,36,1
2964b,22228,870,1,0
327b,22228,870,2,0
2962b,22228,871,3,0
2960b,22228,872,4,0
2959b,22228,872,5,0
2957b,22228,873,6,0
2955b,22228,873,7,0
6344b,22228,874,8,0
5938b,22228,875,9,0
3780b,22228,875,10,0
5943b,22228,876,11,0
5937b,22228,877,12,0
2213b,22228,878,13,0
2210b,22228,878,14,0
1879b,22228,879,15,0
512b,22228,879,16,0
2209b,22228,880,17,0
2211b,22228,880,18,0
1476b,22228,881,19,0
936b,22228,882,20,0
2645b,22228,883,21,0
204b,22228,884,22,0
1686b,22228,884,23,0
2212b,22228,885,24,0
1878b,22228,885,25,0
2216b,22228,886,26,0
2215b,22228,887,27,0
505b,22228,889,28,0
94b,22228,890,29,0
2643b,22228,891,30,0
837b,22228,892,31,0
1649b,22228,894,32,0
2443b,22228,895,33,0
1705b,22228,897,34,0
3647b,22228,899,35,0
4059b,22228,902,36,1
2964b,31153,830,1,0
327b,31153,830,2,0
2962b,31153,831,3,0
2960b,31153,832,4,0
2959b,31153,832,5,0
2957b,31153,833,6,0
2955b,31153,833,7,0
6344b,31153,834,8,0
5938b,31153,835,9,0
3780b,31153,835,10,0
5943b,31153,836,11,0
5937b,31153,837,12,0
2213b,31153,838,13,0
2210b,31153,838,14,0
1879b,31153,839,15,0
512b,31153,839,16,0
2209b,31153,840,17,0
2211b,31153,840,18,0
1476b,31153,841,19,0
936b,31153,842,20,0
2645b,31153,843,21,0
204b,31153,844,22,0
1686b,31153,844,23,0
2212b,31153,845,24,0
1878b,31153,845,25,0
2216b,31153,846,26,0
2215b,31153,847,27,0
505b,31153,849,28,0
94b,31153,850,29,0
2643b,31153,851,30,0
837b,31153,852,31,0
1649b,31153,854,32,0
2443b,31153,855,33,0
1705b,31153,857,34,0
3647b,31153,859,35,0
4059b,31153,862,36,1
2964b,22067,740,1,0
327b,22067,740,2,0
2962b,22067,741,3,0
2960b,22067,742,4,0
2959b,22067,742,5,0
2957b,22067,743,6,0
2955b,22067,743,7,0
6344b,22067,744,8,0
5938b,22067,745,9,0
3780b,22067,745,10,0
5943b,22067,746,11,0
5937b,22067,747,12,0
2213b,22067,748,13,0
2210b,22067,748,14,0
1879b,22067,749,15,0
512b,22067,749,16,0
2209b,22067,750,17,0
2211b,22067,750,18,0
1476b,22067,751,19,0
936b,22067,751,20,0
2645b,22067,752,21,0
204b,22067,753,22,0
1686b,22067,753,23,0
2212b,22067,754,24,0
1878b,22067,754,25,0
2216b,22067,755,26,0
2215b,22067,756,27,0
505b,22067,757,28,0
94b,22067,758,29,0
2643b,22067,758,30,0
837b,22067,760,31,0
1649b,22067,761,32,0
2443b,22067,762,33,0
1705b,22067,764,34,0
3647b,22067,766,35,0
4059b,22067,769,36,1
2964b,12745,465,1,0
327b,12745,465,2,0
2962b,12745,466,3,0
2960b,12745,467,4,0
2959b,12745,467,5,0
2957b,12745,468,6,0
2955b,12745,468,7,0
6344b,12745,469,8,0
5938b,12745,470,9,0
3780b,12745,470,10,0
5943b,12745,471,11,0
5937b,12745,472,12,0
2213b,12745,473,13,0
2210b,12745,473,14,0
1879b,12745,474,15,0
512b,12745,474,16,0
2209b,12745,475,17,0
2211b,12745,475,18,0
1476b,12745,476,19,0
936b,12745,476,20,0
2645b,12745,477,21,0
204b,12745,478,22,0
1686b,12745,478,23,0
2212b,12745,479,24,0
1878b,12745,479,25,0
2216b,12745,480,26,0
2215b,12745,481,27,0
505b,12745,482,28,0
94b,12745,483,29,0
2643b,12745,483,30,0
837b,12745,485,31,0
1649b,12745,486,32,0
2443b,12745,487,33,0
1705b,12745,488,34,0
3647b,12745,490,35,0
4059b,12745,492,36,1
5452b,7164,799,1,0
5474b,7164,799,2,0
4141b,7164,800,3,0
5472b,7164,801,4,0
4274b,7164,802,5,0
5454b,7164,803,6,0
4026b,7164,804,7,0
2651b,7164,804,8,0
1092b,7164,805,9,0
5469b,7164,806,10,0
2053b,7164,806,11,0
2966b,7164,807,12,0
1588b,7164,807,13,0
2964b,7164,808,14,0
327b,7164,808,15,0
2962b,7164,809,16,0
2960b,7164,810,17,0
2959b,7164,810,18,0
2957b,7164,811,19,0
2955b,7164,812,20,0
6344b,7164,813,21,0
5938b,7164,814,22,0
3780b,7164,815,23,0
5943b,7164,815,24,0
5937b,7164,817,25,0
2213b,7164,817,26,0
2210b,7164,818,27,0
1879b,7164,819,28,0
512b,7164,819,29,0
2209b,7164,820,30,0
2211b,7164,820,31,0
1476b,7164,821,32,0
936b,7164,822,33,0
2645b,7164,823,34,0
204b,7164,824,35,0
1686b,7164,824,36,0
2212b,7164,825,37,0
1878b,7164,825,38,0
2216b,7164,826,39,0
2215b,7164,827,40,0
505b,7164,829,41,0
94b,7164,830,42,0
2643b,7164,831,43,0
837b,7164,832,44,0
1649b,7164,834,45,0
2443b,7164,835,46,0
1705b,7164,837,47,0
3647b,7164,839,48,0
4059b,7164,842,49,1
5452b,24975,439,1,0
5474b,24975,439,2,0
4141b,24975,440,3,0
5472b,24975,441,4,0
4274b,24975,442,5,0
5454b,24975,443,6,0
4026b,24975,444,7,0
2651b,24975,444,8,0
1092b,24975,445,9,0
5469b,24975,446,10,0
2053b,24975,446,11,0
2966b,24975,447,12,0
1588b,24975,447,13,0
2964b,24975,448,14,0
327b,24975,448,15,0
2962b,24975,449,16,0
2960b,24975,450,17,0
2959b,24975,450,18,0
2957b,24975,451,19,0
2955b,24975,452,20,0
6344b,24975,453,21,0
5938b,24975,454,22,0
3780b,24975,455,23,0
5943b,24975,455,24,0
5937b,24975,457,25,0
2213b,24975,457,26,0
2210b,24975,458,27,0
1879b,24975,459,28,0
512b,24975,459,29,0
2209b,24975,460,30,0
2211b,24975,460,31,0
1476b,24975,461,32,0
936b,24975,462,33,0
2645b,24975,463,34,0
204b,24975,464,35,0
1686b,24975,464,36,0
2212b,24975,465,37,0
1878b,24975,465,38,0
2216b,24975,466,39,0
2215b,24975,467,40,0
505b,24975,468,41,0
94b,24975,469,42,0
2643b,24975,469,43,0
837b,24975,471,44,0
1649b,24975,472,45,0
2443b,24975,473,46,0
1705b,24975,474,47,0
3647b,24975,476,48,0
4059b,24975,479,49,1
2964b,12475,900,1,0
327b,12475,900,2,0
2962b,12475,901,3,0
2960b,12475,902,4,0
2959b,12475,902,5,0
2957b,12475,903,6,0
2955b,12475,903,7,0
6344b,12475,904,8,0
5938b,12475,905,9,0
3780b,12475,905,10,0
5943b,12475,906,11,0
5937b,12475,907,12,0
2213b,12475,908,13,0
2210b,12475,908,14,0
1879b,12475,909,15,0
512b,12475,909,16,0
2209b,12475,910,17,0
2211b,12475,910,18,0
1476b,12475,911,19,0
936b,12475,911,20,0
2645b,12475,912,21,0
204b,12475,913,22,0
1686b,12475,913,23,0
2212b,12475,914,24,0
1878b,12475,914,25,0
2216b,12475,915,26,0
2215b,12475,916,27,0
505b,12475,917,28,0
94b,12475,918,29,0
2643b,12475,918,30,0
837b,12475,920,31,0
1649b,12475,921,32,0
2443b,12475,922,33,0
1705b,12475,924,34,0
3647b,12475,926,35,0
4059b,12475,928,36,1
4059b,2121,824,1,0
3648b,2121,825,2,0
335b,2121,829,3,0
1657b,2121,829,4,0
921b,2121,830,5,0
1650b,2121,831,6,0
1115b,2121,833,7,0
2330b,2121,834,8,0
549b,2121,835,9,0
1459b,2121,837,10,0
69b,2121,837,11,0
1967b,2121,838,12,0
2208b,2121,839,13,0
1720b,2121,839,14,0
1963b,2121,840,15,0
767b,2121,840,16,0
449b,2121,842,17,0
2290b,2121,842,18,0
2205b,2121,843,19,0
1875b,2121,844,20,0
1081b,2121,845,21,0
414b,2121,845,22,0
2207b,2121,846,23,0
999b,2121,847,24,0
5936b,2121,848,25,0
5942b,2121,849,26,0
3779b,2121,850,27,0
3781b,2121,852,28,0
6349b,2121,853,29,0
2954b,2121,853,30,0
2956b,2121,855,31,0
2958b,2121,856,32,0
2961b,2121,857,33,0
2159b,2121,857,34,0
2963b,2121,858,35,0
236b,2121,859,36,0
2590b,2121,860,37,0
198b,2121,861,38,0
2967b,2121,862,39,0
1501b,2121,862,40,0
723b,2121,863,41,0
4027b,2121,864,42,0
3974b,2121,866,43,0
4275b,2121,866,44,0
5471b,2121,867,45,0
4142b,2121,868,46,0
5473b,2121,869,47,0
5452b,2121,870,48,1
2964b,2207,420,1,0
327b,2207,420,2,0
2962b,2207,421,3,0
2960b,2207,422,4,0
2959b,2207,422,5,0
2957b,2207,423,6,0
2955b,2207,423,7,0
6344b,2207,424,8,0
5938b,2207,425,9,0
3780b,2207,425,10,0
5943b,2207,426,11,0
5937b,2207,427,12,0
2213b,2207,427,13,0
2210b,2207,427,14,0
1879b,2207,428,15,0
512b,2207,428,16,0
2209b,2207,429,17,0
2211b,2207,429,18,0
1476b,2207,430,19,0
936b,2207,430,20,0
2645b,2207,431,21,0
204b,2207,432,22,0
1686b,2207,432,23,0
2212b,2207,433,24,0
1878b,2207,433,25,0
2216b,2207,434,26,0
2215b,2207,435,27,0
505b,2207,436,28,0
94b,2207,437,29,0
2643b,2207,437,30,0
837b,2207,439,31,0
1649b,2207,440,32,0
2443b,2207,441,33,0
1705b,2207,442,34,0
3647b,2207,444,35,0
4059b,2207,446,36,1
5452b,33617,499,1,0
5474b,33617,499,2,0
4141b,33617,500,3,0
5472b,33617,501,4,0
4274b,33617,502,5,0
5454b,33617,503,6,0
4026b,33617,504,7,0
2651b,33617,504,8,0
1092b,33617,505,9,0
5469b,33617,506,10,0
2053b,33617,506,11,0
2966b,33617,507,12,0
1588b,33617,507,13,0
2964b,33617,508,14,0
327b,33617,508,15,0
2962b,33617,509,16,0
2960b,33617,510,17,0
2959b,33617,510,18,0
2957b,33617,511,19,0
2955b,33617,512,20,0
6344b,33617,513,21,0
5938b,33617,514,22,0
3780b,33617,515,23,0
5943b,33617,515,24,0
5937b,33617,517,25,0
2213b,33617,517,26,0
2210b,33617,518,27,0
1879b,33617,519,28,0
512b,33617,519,29,0
2209b,33617,520,30,0
2211b,33617,520,31,0
1476b,33617,521,32,0
936b,33617,522,33,0
2645b,33617,523,34,0
204b,33617,524,35,0
1686b,33617,524,36,0
2212b,33617,525,37,0
1878b,33617,525,38,0
2216b,33617,526,39,0
2215b,33617,527,40,0
505b,33617,529,41,0
94b,33617,530,42,0
2643b,33617,531,43,0
837b,33617,532,44,0
1649b,33617,534,45,0
2443b,33617,535,46,0
1705b,33617,537,47,0
3647b,33617,539,48,0
4059b,33617,542,49,1
4059b,9325,554,1,0
3648b,9325,555,2,0
335b,9325,559,3,0
1657b,9325,559,4,0
921b,9325,560,5,0
1650b,9325,561,6,0
1115b,9325,563,7,0
2330b,9325,565,8,0
549b,9325,565,9,0
1459b,9325,568,10,0
69b,9325,568,11,0
1967b,9325,569,12,0
2208b,9325,570,13,0
1720b,9325,571,14,0
1963b,9325,571,15,0
767b,9325,572,16,0
449b,9325,574,17,0
2290b,9325,574,18,0
2205b,9325,575,19,0
1875b,9325,576,20,0
1081b,9325,577,21,0
414b,9325,577,22,0
2207b,9325,578,23,0
999b,9325,579,24,0
5936b,9325,580,25,0
5942b,9325,581,26,0
3779b,9325,582,27,0
3781b,9325,584,28,0
6349b,9325,585,29,0
2954b,9325,585,30,0
2956b,9325,587,31,0
2958b,9325,588,32,0
2961b,9325,589,33,0
4206b,9325,590,34,0
3680b,9325,591,35,1
5452b,22985,919,1,0
5474b,22985,919,2,0
4141b,22985,920,3,0
5472b,22985,921,4,0
4274b,22985,922,5,0
5454b,22985,923,6,0
4026b,22985,924,7,0
2651b,22985,924,8,0
1092b,22985,925,9,0
5469b,22985,926,10,0
2053b,22985,926,11,0
2966b,22985,927,12,0
1588b,22985,927,13,0
2964b,22985,928,14,0
327b,22985,928,15,0
2962b,22985,929,16,0
2960b,22985,930,17,0
2959b,22985,930,18,0
2957b,22985,931,19,0
2955b,22985,932,20,0
6344b,22985,933,21,0
5938b,22985,934,22,0
3780b,22985,935,23,0
5943b,22985,935,24,0
5937b,22985,937,25,0
2213b,22985,937,26,0
2210b,22985,938,27,0
1879b,22985,939,28,0
512b,22985,939,29,0
2209b,22985,940,30,0
2211b,22985,940,31,0
1476b,22985,941,32,0
936b,22985,942,33,0
2645b,22985,943,34,0
204b,22985,944,35,0
1686b,22985,944,36,0
2212b,22985,945,37,0
1878b,22985,945,38,0
2216b,22985,946,39,0
2215b,22985,947,40,0
505b,22985,949,41,0
94b,22985,950,42,0
2643b,22985,951,43,0
837b,22985,952,44,0
1649b,22985,954,45,0
2443b,22985,955,46,0
1705b,22985,957,47,0
3647b,22985,959,48,0
4059b,22985,962,49,1
4059b,22834,424,1,0
3648b,22834,425,2,0
335b,22834,428,3,0
1657b,22834,428,4,0
921b,22834,428,5,0
1650b,22834,429,6,0
1115b,22834,430,7,0
2330b,22834,431,8,0
549b,22834,431,9,0
1459b,22834,433,10,0
69b,22834,433,11,0
1967b,22834,434,12,0
2208b,22834,434,13,0
1720b,22834,435,14,0
1963b,22834,435,15,0
767b,22834,435,16,0
449b,22834,437,17,0
2290b,22834,437,18,0
2205b,22834,438,19,0
1875b,22834,439,20,0
1081b,22834,440,21,0
414b,22834,440,22,0
2207b,22834,441,23,0
999b,22834,441,24,0
5936b,22834,442,25,0
5942b,22834,444,26,0
3779b,22834,444,27,0
3781b,22834,446,28,0
6349b,22834,447,29,0
2954b,22834,447,30,0
2956b,22834,449,31,0
2958b,22834,450,32,0
2961b,22834,451,33,0
2159b,22834,451,34,0
2963b,22834,452,35,0
236b,22834,453,36,1
4059b,33707,1234,1,0
3648b,33707,1235,2,0
335b,33707,1238,3,0
1657b,33707,1238,4,0
921b,33707,1239,5,0
1650b,33707,1240,6,0
1115b,33707,1241,7,0
2330b,33707,1242,8,0
549b,33707,1242,9,0
1459b,33707,1244,10,0
69b,33707,1244,11,0
1967b,33707,1245,12,0
2208b,33707,1245,13,0
1720b,33707,1246,14,0
1963b,33707,1246,15,0
767b,33707,1246,16,0
449b,33707,1248,17,0
2290b,33707,1248,18,0
2205b,33707,1249,19,0
1875b,33707,1250,20,0
1081b,33707,1251,21,0
414b,33707,1251,22,0
2207b,33707,1252,23,0
999b,33707,1252,24,0
5936b,33707,1253,25,0
5942b,33707,1255,26,0
3779b,33707,1255,27,0
3781b,33707,1257,28,0
6349b,33707,1258,29,0
2954b,33707,1258,30,0
2956b,33707,1259,31,0
2958b,33707,1260,32,0
2961b,33707,1261,33,0
2159b,33707,1261,34,0
2963b,33707,1262,35,0
236b,33707,1263,36,1
4059b,10161,919,1,0
3648b,10161,920,2,0
335b,10161,924,3,0
1657b,10161,924,4,0
921b,10161,925,5,0
1650b,10161,926,6,0
1115b,10161,927,7,0
2330b,10161,928,8,0
549b,10161,928,9,0
1459b,10161,930,10,0
69b,10161,930,11,0
1967b,10161,931,12,0
2208b,10161,932,13,0
1720b,10161,932,14,0
1963b,10161,933,15,0
767b,10161,933,16,0
449b,10161,935,17,0
2290b,10161,936,18,0
2205b,10161,937,19,0
1875b,10161,938,20,0
1081b,10161,939,21,0
414b,10161,939,22,0
2207b,10161,940,23,0
999b,10161,940,24,0
5936b,10161,941,25,0
5942b,10161,943,26,0
3779b,10161,943,27,0
3781b,10161,945,28,0
6349b,10161,946,29,0
2954b,10161,946,30,0
2956b,10161,948,31,0
2958b,10161,949,32,0
2961b,10161,950,33,0
2159b,10161,950,34,0
2963b,10161,951,35,0
236b,10161,952,36,1
5452b,9022,379,1,0
5474b,9022,379,2,0
4141b,9022,380,3,0
5472b,9022,381,4,0
4274b,9022,382,5,0
5454b,9022,383,6,0
4026b,9022,384,7,0
2651b,9022,384,8,0
1092b,9022,385,9,0
5469b,9022,386,10,0
2053b,9022,386,11,0
2966b,9022,387,12,0
1588b,9022,387,13,0
2964b,9022,388,14,0
327b,9022,388,15,0
2962b,9022,389,16,0
2960b,9022,390,17,0
2959b,9022,390,18,0
2957b,9022,391,19,0
2955b,9022,392,20,0
6344b,9022,393,21,0
5938b,9022,394,22,0
3780b,9022,395,23,0
5943b,9022,395,24,0
5937b,9022,397,25,0
2213b,9022,397,26,0
2210b,9022,398,27,0
1879b,9022,399,28,0
512b,9022,399,29,0
2209b,9022,400,30,0
2211b,9022,400,31,0
1476b,9022,401,32,0
936b,9022,401,33,0
2645b,9022,402,34,0
204b,9022,403,35,0
1686b,9022,403,36,0
2212b,9022,404,37,0
1878b,9022,404,38,0
2216b,9022,405,39,0
2215b,9022,406,40,0
505b,9022,407,41,0
94b,9022,408,42,0
2643b,9022,408,43,0
837b,9022,410,44,0
1649b,9022,411,45,0
2443b,9022,412,46,0
1705b,9022,413,47,0
3647b,9022,415,48,0
4059b,9022,418,49,1
4059b,10268,374,1,0
3648b,10268,375,2,0
335b,10268,378,3,0
1657b,10268,378,4,0
921b,10268,379,5,0
1650b,10268,380,6,0
1115b,10268,381,7,0
2330b,10268,382,8,0
549b,10268,382,9,0
1459b,10268,384,10,0
69b,10268,384,11,0
1967b,10268,385,12,0
2208b,10268,386,13,0
1720b,10268,386,14,0
1963b,10268,387,15,0
767b,10268,387,16,0
449b,10268,389,17,0
2290b,10268,389,18,0
2205b,10268,390,19,0
1875b,10268,390,20,0
1081b,10268,391,21,0
414b,10268,391,22,0
2207b,10268,392,23,0
999b,10268,392,24,0
5936b,10268,393,25,0
5942b,10268,395,26,0
3779b,10268,395,27,0
3781b,10268,397,28,0
6349b,10268,398,29,0
2954b,10268,398,30,0
2956b,10268,400,31,0
2958b,10268,401,32,0
2961b,10268,402,33,0
4206b,10268,403,34,0
3680b,10268,404,35,1
4059b,17562,469,1,0
3648b,17562,470,2,0
335b,17562,473,3,0
1657b,17562,473,4,0
921b,17562,474,5,0
1650b,17562,475,6,0
1115b,17562,476,7,0
2330b,17562,477,8,0
549b,17562,477,9,0
1459b,17562,479,10,0
69b,17562,479,11,0
1967b,17562,480,12,0
2208b,17562,481,13,0
1720b,17562,481,14,0
1963b,17562,482,15,0
767b,17562,482,16,0
449b,17562,484,17,0
2290b,17562,484,18,0
2205b,17562,485,19,0
1875b,17562,486,20,0
1081b,17562,487,21,0
414b,17562,487,22,0
2207b,17562,488,23,0
999b,17562,488,24,0
5936b,17562,489,25,0
5942b,17562,491,26,0
3779b,17562,491,27,0
3781b,17562,493,28,0
6349b,17562,494,29,0
2954b,17562,494,30,0
2956b,17562,496,31,0
2958b,17562,497,32,0
2961b,17562,498,33,0
2159b,17562,498,34,0
2963b,17562,499,35,0
236b,17562,500,36,1
4059b,1702,1009,1,0
3648b,1702,1010,2,0
335b,1702,1014,3,0
1657b,1702,1014,4,0
921b,1702,1015,5,0
1650b,1702,1016,6,0
1115b,1702,1017,7,0
2330b,1702,1018,8,0
549b,1702,1018,9,0
1459b,1702,1020,10,0
69b,1702,1020,11,0
1967b,1702,1021,12,0
2208b,1702,1022,13,0
1720b,1702,1022,14,0
1963b,1702,1023,15,0
767b,1702,1023,16,0
449b,1702,1025,17,0
2290b,1702,1026,18,0
2205b,1702,1027,19,0
1875b,1702,1028,20,0
1081b,1702,1029,21,0
414b,1702,1029,22,0
2207b,1702,1030,23,0
999b,1702,1030,24,0
5936b,1702,1031,25,0
5942b,1702,1033,26,0
3779b,1702,1033,27,0
3781b,1702,1035,28,0
6349b,1702,1036,29,0
2954b,1702,1036,30,0
2956b,1702,1038,31,0
2958b,1702,1039,32,0
2961b,1702,1040,33,0
2159b,1702,1040,34,0
2963b,1702,1041,35,0
236b,1702,1042,36,1
4059b,19385,914,1,0
3648b,19385,915,2,0
335b,19385,917,3,0
1657b,19385,917,4,0
921b,19385,918,5,0
1650b,19385,919,6,0
1115b,19385,920,7,0
2330b,19385,921,8,0
549b,19385,921,9,0
1459b,19385,923,10,0
69b,19385,923,11,0
1967b,19385,924,12,0
2208b,19385,925,13,0
1720b,19385,925,14,0
1963b,19385,926,15,0
767b,19385,926,16,0
449b,19385,928,17,0
2290b,19385,928,18,0
2205b,19385,929,19,0
1875b,19385,930,20,0
1081b,19385,931,21,0
414b,19385,931,22,0
2207b,19385,932,23,0
999b,19385,932,24,0
5936b,19385,933,25,0
5942b,19385,935,26,0
3779b,19385,935,27,0
3781b,19385,937,28,0
6349b,19385,938,29,0
2954b,19385,938,30,0
2956b,19385,940,31,0
2958b,19385,941,32,0
2961b,19385,942,33,0
2159b,19385,942,34,0
2963b,19385,943,35,0
236b,19385,944,36,1
4059b,19395,1189,1,0
3648b,19395,1190,2,0
335b,19395,1193,3,0
1657b,19395,1193,4,0
921b,19395,1194,5,0
1650b,19395,1195,6,0
1115b,19395,1196,7,0
2330b,19395,1197,8,0
549b,19395,1197,9,0
1459b,19395,1199,10,0
69b,19395,1199,11,0
1967b,19395,1200,12,0
2208b,19395,1200,13,0
1720b,19395,1201,14,0
1963b,19395,1201,15,0
767b,19395,1201,16,0
449b,19395,1203,17,0
2290b,19395,1203,18,0
2205b,19395,1204,19,0
1875b,19395,1205,20,0
1081b,19395,1206,21,0
414b,19395,1206,22,0
2207b,19395,1207,23,0
999b,19395,1207,24,0
5936b,19395,1208,25,0
5942b,19395,1210,26,0
3779b,19395,1210,27,0
3781b,19395,1212,28,0
6349b,19395,1213,29,0
2954b,19395,1213,30,0
2956b,19395,1214,31,0
2958b,19395,1215,32,0
2961b,19395,1216,33,0
2159b,19395,1216,34,0
2963b,19395,1217,35,0
236b,19395,1218,36,1
2964b,17177,510,1,0
327b,17177,510,2,0
2962b,17177,511,3,0
2960b,17177,512,4,0
2959b,17177,512,5,0
2957b,17177,513,6,0
2955b,17177,513,7,0
6344b,17177,514,8,0
5938b,17177,515,9,0
3780b,17177,515,10,0
5943b,17177,516,11,0
5937b,17177,517,12,0
2213b,17177,518,13,0
2210b,17177,518,14,0
1879b,17177,519,15,0
512b,17177,519,16,0
2209b,17177,520,17,0
2211b,17177,520,18,0
1476b,17177,521,19,0
936b,17177,521,20,0
2645b,17177,522,21,0
204b,17177,523,22,0
1686b,17177,523,23,0
2212b,17177,524,24,0
1878b,17177,524,25,0
2216b,17177,525,26,0
2215b,17177,526,27,0
505b,17177,527,28,0
94b,17177,528,29,0
2643b,17177,528,30,0
837b,17177,530,31,0
1649b,17177,531,32,0
2443b,17177,532,33,0
1705b,17177,533,34,0
3647b,17177,535,35,0
4059b,17177,537,36,1
2964b,17113,555,1,0
327b,17113,555,2,0
2962b,17113,556,3,0
2960b,17113,557,4,0
2959b,17113,557,5,0
2957b,17113,558,6,0
2955b,17113,558,7,0
6344b,17113,559,8,0
5938b,17113,560,9,0
3780b,17113,560,10,0
5943b,17113,561,11,0
5937b,17113,562,12,0
2213b,17113,563,13,0
2210b,17113,563,14,0
1879b,17113,564,15,0
512b,17113,564,16,0
2209b,17113,565,17,0
2211b,17113,565,18,0
1476b,17113,566,19,0
936b,17113,566,20,0
2645b,17113,567,21,0
204b,17113,568,22,0
1686b,17113,568,23,0
2212b,17113,569,24,0
1878b,17113,569,25,0
2216b,17113,570,26,0
2215b,17113,571,27,0
505b,17113,572,28,0
94b,17113,573,29,0
2643b,17113,573,30,0
837b,17113,575,31,0
1649b,17113,576,32,0
2443b,17113,577,33,0
1705b,17113,579,34,0
3647b,17113,581,35,0
4059b,17113,584,36,1
4059b,17110,1244,1,0
3648b,17110,1245,2,0
335b,17110,1248,3,0
1657b,17110,1248,4,0
921b,17110,1249,5,0
1650b,17110,1250,6,0
1115b,17110,1252,7,0
2330b,17110,1253,8,0
549b,17110,1253,9,0
1459b,17110,1255,10,0
69b,17110,1255,11,0
1967b,17110,1256,12,0
2208b,17110,1257,13,0
1720b,17110,1257,14,0
1963b,17110,1258,15,0
767b,17110,1258,16,0
449b,17110,1260,17,0
2290b,17110,1260,18,0
2205b,17110,1261,19,0
1875b,17110,1262,20,0
1081b,17110,1263,21,0
414b,17110,1263,22,0
2207b,17110,1264,23,0
999b,17110,1264,24,0
5936b,17110,1265,25,0
5942b,17110,1267,26,0
3779b,17110,1267,27,0
3781b,17110,1269,28,0
6349b,17110,1270,29,0
2954b,17110,1270,30,0
2956b,17110,1272,31,0
2958b,17110,1273,32,0
2961b,17110,1274,33,0
4206b,17110,1275,34,0
3680b,17110,1276,35,1
2964b,27853,1140,1,0
327b,27853,1140,2,0
2962b,27853,1141,3,0
2960b,27853,1142,4,0
2959b,27853,1142,5,0
2957b,27853,1143,6,0
2955b,27853,1143,7,0
6344b,27853,1144,8,0
5938b,27853,1145,9,0
3780b,27853,1145,10,0
5943b,27853,1146,11,0
5937b,27853,1147,12,0
2213b,27853,1147,13,0
2210b,27853,1147,14,0
1879b,27853,1148,15,0
512b,27853,1148,16,0
2209b,27853,1149,17,0
2211b,27853,1149,18,0
1476b,27853,1150,19,0
936b,27853,1150,20,0
2645b,27853,1151,21,0
204b,27853,1152,22,0
1686b,27853,1152,23,0
2212b,27853,1153,24,0
1878b,27853,1153,25,0
2216b,27853,1154,26,0
2215b,27853,1155,27,0
505b,27853,1156,28,0
94b,27853,1157,29,0
2643b,27853,1157,30,0
837b,27853,1159,31,0
1649b,27853,1160,32,0
2443b,27853,1161,33,0
1705b,27853,1162,34,0
3647b,27853,1164,35,0
4059b,27853,1166,36,1
3680b,21854,1079,1,0
4207b,21854,1080,2,0
2960b,21854,1081,3,0
2959b,21854,1082,4,0
2957b,21854,1083,5,0
2955b,21854,1083,6,0
6344b,21854,1084,7,0
5938b,21854,1086,8,0
3780b,21854,1087,9,0
5943b,21854,1087,10,0
5937b,21854,1089,11,0
2213b,21854,1089,12,0
2210b,21854,1090,13,0
1879b,21854,1091,14,0
512b,21854,1091,15,0
2209b,21854,1092,16,0
2211b,21854,1092,17,0
1476b,21854,1093,18,0
936b,21854,1094,19,0
2645b,21854,1095,20,0
204b,21854,1096,21,0
1686b,21854,1096,22,0
2212b,21854,1097,23,0
1878b,21854,1097,24,0
2216b,21854,1098,25,0
2215b,21854,1099,26,0
505b,21854,1101,27,0
94b,21854,1102,28,0
2643b,21854,1103,29,0
837b,21854,1104,30,0
1649b,21854,1106,31,0
2443b,21854,1107,32,0
1705b,21854,1109,33,0
3647b,21854,1111,34,0
4059b,21854,1114,35,1
5452b,27902,1099,1,0
5474b,27902,1099,2,0
4141b,27902,1100,3,0
5472b,27902,1101,4,0
4274b,27902,1102,5,0
5454b,27902,1103,6,0
4026b,27902,1104,7,0
2651b,27902,1104,8,0
1092b,27902,1105,9,0
5469b,27902,1106,10,0
2053b,27902,1106,11,0
2966b,27902,1107,12,0
1588b,27902,1107,13,0
2964b,27902,1108,14,0
327b,27902,1108,15,0
2962b,27902,1109,16,0
2960b,27902,1110,17,0
2959b,27902,1111,18,0
2957b,27902,1112,19,0
2955b,27902,1112,20,0
6344b,27902,1113,21,0
5938b,27902,1115,22,0
3780b,27902,1116,23,0
5943b,27902,1116,24,0
5937b,27902,1118,25,0
2213b,27902,1118,26,0
2210b,27902,1119,27,0
1879b,27902,1120,28,0
512b,27902,1120,29,0
2209b,27902,1121,30,0
2211b,27902,1121,31,0
1476b,27902,1122,32,0
936b,27902,1123,33,0
2645b,27902,1124,34,0
204b,27902,1125,35,0
1686b,27902,1125,36,0
2212b,27902,1126,37,0
1878b,27902,1126,38,0
2216b,27902,1127,39,0
2215b,27902,1128,40,0
505b,27902,1130,41,0
94b,27902,1131,42,0
2643b,27902,1132,43,0
837b,27902,1133,44,0
1649b,27902,1135,45,0
2443b,27902,1136,46,0
1705b,27902,1138,47,0
3647b,27902,1140,48,0
4059b,27902,1143,49,1
4059b,21528,734,1,0
3648b,21528,735,2,0
335b,21528,739,3,0
1657b,21528,739,4,0
921b,21528,740,5,0
1650b,21528,741,6,0
1115b,21528,743,7,0
2330b,21528,744,8,0
549b,21528,745,9,0
1459b,21528,747,10,0
69b,21528,747,11,0
1967b,21528,748,12,0
2208b,21528,749,13,0
1720b,21528,749,14,0
1963b,21528,750,15,0
767b,21528,750,16,0
449b,21528,752,17,0
2290b,21528,752,18,0
2205b,21528,753,19,0
1875b,21528,754,20,0
1081b,21528,755,21,0
414b,21528,755,22,0
2207b,21528,756,23,0
999b,21528,757,24,0
5936b,21528,758,25,0
5942b,21528,759,26,0
3779b,21528,760,27,0
3781b,21528,762,28,0
6349b,21528,763,29,0
2954b,21528,763,30,0
2956b,21528,765,31,0
2958b,21528,766,32,0
2961b,21528,767,33,0
4206b,21528,768,34,0
3680b,21528,769,35,1
2964b,21576,695,1,0
327b,21576,695,2,0
2962b,21576,696,3,0
2960b,21576,697,4,0
2959b,21576,697,5,0
2957b,21576,698,6,0
2955b,21576,698,7,0
6344b,21576,699,8,0
5938b,21576,700,9,0
3780b,21576,700,10,0
5943b,21576,701,11,0
5937b,21576,702,12,0
2213b,21576,703,13,0
2210b,21576,703,14,0
1879b,21576,704,15,0
512b,21576,704,16,0
2209b,21576,705,17,0
2211b,21576,705,18,0
1476b,21576,706,19,0
936b,21576,706,20,0
2645b,21576,707,21,0
204b,21576,708,22,0
1686b,21576,708,23,0
2212b,21576,709,24,0
1878b,21576,709,25,0
2216b,21576,710,26,0
2215b,21576,711,27,0
505b,21576,712,28,0
94b,21576,713,29,0
2643b,21576,713,30,0
837b,21576,715,31,0
1649b,21576,716,32,0
2443b,21576,717,33,0
1705b,21576,719,34,0
3647b,21576,721,35,0
4059b,21576,724,36,1
4059b,5751,1034,1,0
3648b,5751,1035,2,0
335b,5751,1037,3,0
1657b,5751,1037,4,0
921b,5751,1038,5,0
1650b,5751,1039,6,0
1115b,5751,1040,7,0
2330b,5751,1041,8,0
549b,5751,1041,9,0
1459b,5751,1043,10,0
69b,5751,1043,11,0
1967b,5751,1044,12,0
2208b,5751,1045,13,0
1720b,5751,1045,14,0
1963b,5751,1046,15,0
767b,5751,1046,16,0
449b,5751,1048,17,0
2290b,5751,1048,18,0
2205b,5751,1049,19,0
1875b,5751,1050,20,0
1081b,5751,1051,21,0
414b,5751,1051,22,0
2207b,5751,1052,23,0
999b,5751,1052,24,0
5936b,5751,1053,25,0
5942b,5751,1055,26,0
3779b,5751,1055,27,0
3781b,5751,1057,28,0
6349b,5751,1058,29,0
2954b,5751,1058,30,0
2956b,5751,1060,31,0
2958b,5751,1061,32,0
2961b,5751,1062,33,0
2159b,5751,1062,34,0
2963b,5751,1063,35,0
236b,5751,1064,36,1
2964b,21622,600,1,0
327b,21622,600,2,0
2962b,21622,601,3,0
2960b,21622,602,4,0
2959b,21622,602,5,0
2957b,21622,603,6,0
2955b,21622,603,7,0
6344b,21622,604,8,0
5938b,21622,605,9,0
3780b,21622,605,10,0
5943b,21622,606,11,0
5937b,21622,607,12,0
2213b,21622,608,13,0
2210b,21622,608,14,0
1879b,21622,609,15,0
512b,21622,609,16,0
2209b,21622,610,17,0
2211b,21622,610,18,0
1476b,21622,611,19,0
936b,21622,611,20,0
2645b,21622,612,21,0
204b,21622,613,22,0
1686b,21622,613,23,0
2212b,21622,614,24,0
1878b,21622,614,25,0
2216b,21622,615,26,0
2215b,21622,616,27,0
505b,21622,617,28,0
94b,21622,618,29,0
2643b,21622,618,30,0
837b,21622,620,31,0
1649b,21622,621,32,0
2443b,21622,622,33,0
1705b,21622,623,34,0
3647b,21622,625,35,0
4059b,21622,627,36,1
4059b,1296,494,1,0
3648b,1296,495,2,0
335b,1296,497,3,0
1657b,1296,497,4,0
921b,1296,498,5,0
1650b,1296,499,6,0
1115b,1296,500,7,0
2330b,1296,501,8,0
549b,1296,501,9,0
1459b,1296,503,10,0
69b,1296,503,11,0
1967b,1296,504,12,0
2208b,1296,504,13,0
1720b,1296,505,14,0
1963b,1296,505,15,0
767b,1296,505,16,0
449b,1296,507,17,0
2290b,1296,507,18,0
2205b,1296,508,19,0
1875b,1296,509,20,0
1081b,1296,510,21,0
414b,1296,510,22,0
2207b,1296,511,23,0
999b,1296,511,24,0
5936b,1296,512,25,0
5942b,1296,514,26,0
3779b,1296,514,27,0
3781b,1296,516,28,0
6349b,1296,517,29,0
2954b,1296,517,30,0
2956b,1296,518,31,0
2958b,1296,519,32,0
2961b,1296,520,33,0
2159b,1296,520,34,0
2963b,1296,521,35,0
236b,1296,522,36,1
4059b,15298,584,1,0
3648b,15298,585,2,0
335b,15298,589,3,0
1657b,15298,589,4,0
921b,15298,590,5,0
1650b,15298,591,6,0
1115b,15298,593,7,0
2330b,15298,594,8,0
549b,15298,595,9,0
1459b,15298,597,10,0
69b,15298,597,11,0
1967b,15298,598,12,0
2208b,15298,599,13,0
1720b,15298,599,14,0
1963b,15298,600,15,0
767b,15298,600,16,0
449b,15298,602,17,0
2290b,15298,602,18,0
2205b,15298,603,19,0
1875b,15298,604,20,0
1081b,15298,605,21,0
414b,15298,605,22,0
2207b,15298,606,23,0
999b,15298,607,24,0
5936b,15298,608,25,0
5942b,15298,609,26,0
3779b,15298,610,27,0
3781b,15298,612,28,0
6349b,15298,613,29,0
2954b,15298,613,30,0
2956b,15298,615,31,0
2958b,15298,616,32,0
2961b,15298,617,33,0
2159b,15298,617,34,0
2963b,15298,618,35,0
236b,15298,619,36,0
2590b,15298,620,37,0
198b,15298,621,38,0
2967b,15298,622,39,0
1501b,15298,622,40,0
723b,15298,623,41,0
4027b,15298,624,42,0
3974b,15298,626,43,0
4275b,15298,626,44,0
5471b,15298,627,45,0
4142b,15298,628,46,0
5473b,15298,629,47,0
5452b,15298,630,48,1
3680b,9807,1168,1,0
4207b,9807,1169,2,0
2960b,9807,1170,3,0
2959b,9807,1170,4,0
2957b,9807,1171,5,0
2955b,9807,1172,6,0
6344b,9807,1173,7,0
5938b,9807,1174,8,0
3780b,9807,1174,9,0
5943b,9807,1175,10,0
5937b,9807,1176,11,0
2213b,9807,1177,12,0
2210b,9807,1177,13,0
1879b,9807,1178,14,0
512b,9807,1178,15,0
2209b,9807,1179,16,0
2211b,9807,1179,17,0
1476b,9807,1180,18,0
936b,9807,1180,19,0
2645b,9807,1181,20,0
204b,9807,1182,21,0
1686b,9807,1182,22,0
2212b,9807,1183,23,0
1878b,9807,1183,24,0
2216b,9807,1184,25,0
2215b,9807,1185,26,0
505b,9807,1186,27,0
94b,9807,1187,28,0
2643b,9807,1187,29,0
837b,9807,1189,30,0
1649b,9807,1190,31,0
2443b,9807,1191,32,0
1705b,9807,1192,33,0
3647b,9807,1194,34,0
4059b,9807,1197,35,1
4059b,15015,764,1,0
3648b,15015,765,2,0
335b,15015,769,3,0
1657b,15015,769,4,0
921b,15015,770,5,0
1650b,15015,771,6,0
1115b,15015,773,7,0
2330b,15015,774,8,0
549b,15015,775,9,0
1459b,15015,777,10,0
69b,15015,777,11,0
1967b,15015,778,12,0
2208b,15015,779,13,0
1720b,15015,779,14,0
1963b,15015,780,15,0
767b,15015,780,16,0
449b,15015,782,17,0
2290b,15015,782,18,0
2205b,15015,783,19,0
1875b,15015,784,20,0
1081b,15015,785,21,0
414b,15015,785,22,0
2207b,15015,786,23,0
999b,15015,787,24,0
5936b,15015,788,25,0
5942b,15015,789,26,0
3779b,15015,790,27,0
3781b,15015,792,28,0
6349b,15015,793,29,0
2954b,15015,793,30,0
2956b,15015,795,31,0
2958b,15015,796,32,0
2961b,15015,797,33,0
2159b,15015,797,34,0
2963b,15015,798,35,0
236b,15015,799,36,0
2590b,15015,800,37,0
198b,15015,801,38,0
2967b,15015,802,39,0
1501b,15015,802,40,0
723b,15015,803,41,0
4027b,15015,804,42,0
3974b,15015,806,43,0
4275b,15015,806,44,0
5471b,15015,807,45,0
4142b,15015,808,46,0
5473b,15015,809,47,0
5452b,15015,810,48,1
4059b,9981,1184,1,0
3648b,9981,1185,2,0
335b,9981,1188,3,0
1657b,9981,1188,4,0
921b,9981,1189,5,0
1650b,9981,1190,6,0
1115b,9981,1192,7,0
2330b,9981,1193,8,0
549b,9981,1194,9,0
1459b,9981,1196,10,0
69b,9981,1196,11,0
1967b,9981,1197,12,0
2208b,9981,1198,13,0
1720b,9981,1198,14,0
1963b,9981,1199,15,0
767b,9981,1199,16,0
449b,9981,1201,17,0
2290b,9981,1201,18,0
2205b,9981,1202,19,0
1875b,9981,1203,20,0
1081b,9981,1204,21,0
414b,9981,1204,22,0
2207b,9981,1205,23,0
999b,9981,1205,24,0
5936b,9981,1206,25,0
5942b,9981,1208,26,0
3779b,9981,1208,27,0
3781b,9981,1210,28,0
6349b,9981,1211,29,0
2954b,9981,1211,30,0
2956b,9981,1213,31,0
2958b,9981,1214,32,0
2961b,9981,1215,33,0
4206b,9981,1216,34,0
3680b,9981,1217,35,1
5452b,25039,739,1,0
5474b,25039,739,2,0
4141b,25039,740,3,0
5472b,25039,741,4,0
4274b,25039,742,5,0
5454b,25039,743,6,0
4026b,25039,744,7,0
2651b,25039,744,8,0
1092b,25039,745,9,0
5469b,25039,746,10,0
2053b,25039,746,11,0
2966b,25039,747,12,0
1588b,25039,747,13,0
2964b,25039,748,14,0
327b,25039,748,15,0
2962b,25039,749,16,0
2960b,25039,750,17,0
2959b,25039,750,18,0
2957b,25039,751,19,0
2955b,25039,752,20,0
6344b,25039,753,21,0
5938b,25039,754,22,0
3780b,25039,755,23,0
5943b,25039,755,24,0
5937b,25039,757,25,0
2213b,25039,757,26,0
2210b,25039,758,27,0
1879b,25039,759,28,0
512b,25039,759,29,0
2209b,25039,760,30,0
2211b,25039,760,31,0
1476b,25039,761,32,0
936b,25039,762,33,0
2645b,25039,763,34,0
204b,25039,764,35,0
1686b,25039,764,36,0
2212b,25039,765,37,0
1878b,25039,765,38,0
2216b,25039,766,39,0
2215b,25039,767,40,0
505b,25039,769,41,0
94b,25039,770,42,0
2643b,25039,771,43,0
837b,25039,772,44,0
1649b,25039,774,45,0
2443b,25039,775,46,0
1705b,25039,777,47,0
3647b,25039,779,48,0
4059b,25039,782,49,1
5452b,21134,859,1,0
5474b,21134,859,2,0
4141b,21134,860,3,0
5472b,21134,861,4,0
4274b,21134,862,5,0
5454b,21134,863,6,0
4026b,21134,864,7,0
2651b,21134,864,8,0
1092b,21134,865,9,0
5469b,21134,866,10,0
2053b,21134,866,11,0
2966b,21134,867,12,0
1588b,21134,867,13,0
2964b,21134,868,14,0
327b,21134,868,15,0
2962b,21134,869,16,0
2960b,21134,870,17,0
2959b,21134,870,18,0
2957b,21134,871,19,0
2955b,21134,872,20,0
6344b,21134,873,21,0
5938b,21134,874,22,0
3780b,21134,875,23,0
5943b,21134,875,24,0
5937b,21134,877,25,0
2213b,21134,877,26,0
2210b,21134,878,27,0
1879b,21134,879,28,0
512b,21134,879,29,0
2209b,21134,880,30,0
2211b,21134,880,31,0
1476b,21134,881,32,0
936b,21134,882,33,0
2645b,21134,883,34,0
204b,21134,884,35,0
1686b,21134,884,36,0
2212b,21134,885,37,0
1878b,21134,885,38,0
2216b,21134,886,39,0
2215b,21134,887,40,0
505b,21134,889,41,0
94b,21134,890,42,0
2643b,21134,891,43,0
837b,21134,892,44,0
1649b,21134,894,45,0
2443b,21134,895,46,0
1705b,21134,897,47,0
3647b,21134,899,48,0
4059b,21134,902,49,1
4059b,15635,694,1,0
3648b,15635,695,2,0
335b,15635,699,3,0
1657b,15635,699,4,0
921b,15635,700,5,0
1650b,15635,701,6,0
1115b,15635,702,7,0
2330b,15635,703,8,0
549b,15635,703,9,0
1459b,15635,705,10,0
69b,15635,705,11,0
1967b,15635,706,12,0
2208b,15635,707,13,0
1720b,15635,707,14,0
1963b,15635,708,15,0
767b,15635,708,16,0
449b,15635,710,17,0
2290b,15635,711,18,0
2205b,15635,712,19,0
1875b,15635,713,20,0
1081b,15635,714,21,0
414b,15635,714,22,0
2207b,15635,715,23,0
999b,15635,715,24,0
5936b,15635,716,25,0
5942b,15635,718,26,0
3779b,15635,718,27,0
3781b,15635,720,28,0
6349b,15635,721,29,0
2954b,15635,721,30,0
2956b,15635,723,31,0
2958b,15635,724,32,0
2961b,15635,725,33,0
2159b,15635,725,34,0
2963b,15635,726,35,0
236b,15635,727,36,1
4059b,13522,649,1,0
3648b,13522,650,2,0
335b,13522,654,3,0
1657b,13522,654,4,0
921b,13522,655,5,0
1650b,13522,656,6,0
1115b,13522,657,7,0
2330b,13522,658,8,0
549b,13522,658,9,0
1459b,13522,660,10,0
69b,13522,660,11,0
1967b,13522,661,12,0
2208b,13522,662,13,0
1720b,13522,662,14,0
1963b,13522,663,15,0
767b,13522,663,16,0
449b,13522,665,17,0
2290b,13522,666,18,0
2205b,13522,667,19,0
1875b,13522,668,20,0
1081b,13522,669,21,0
414b,13522,669,22,0
2207b,13522,670,23,0
999b,13522,670,24,0
5936b,13522,671,25,0
5942b,13522,673,26,0
3779b,13522,673,27,0
3781b,13522,675,28,0
6349b,13522,676,29,0
2954b,13522,676,30,0
2956b,13522,678,31,0
2958b,13522,679,32,0
2961b,13522,680,33,0
2159b,13522,680,34,0
2963b,13522,681,35,0
236b,13522,682,36,1
5452b,27207,679,1,0
5474b,27207,679,2,0
4141b,27207,680,3,0
5472b,27207,681,4,0
4274b,27207,682,5,0
5454b,27207,683,6,0
4026b,27207,684,7,0
2651b,27207,684,8,0
1092b,27207,685,9,0
5469b,27207,686,10,0
2053b,27207,686,11,0
2966b,27207,687,12,0
1588b,27207,687,13,0
2964b,27207,688,14,0
327b,27207,688,15,0
2962b,27207,689,16,0
2960b,27207,690,17,0
2959b,27207,690,18,0
2957b,27207,691,19,0
2955b,27207,692,20,0
6344b,27207,693,21,0
5938b,27207,694,22,0
3780b,27207,695,23,0
5943b,27207,695,24,0
5937b,27207,697,25,0
2213b,27207,697,26,0
2210b,27207,698,27,0
1879b,27207,699,28,0
512b,27207,699,29,0
2209b,27207,700,30,0
2211b,27207,700,31,0
1476b,27207,701,32,0
936b,27207,702,33,0
2645b,27207,703,34,0
204b,27207,704,35,0
1686b,27207,704,36,0
2212b,27207,705,37,0
1878b,27207,705,38,0
2216b,27207,706,39,0
2215b,27207,707,40,0
505b,27207,709,41,0
94b,27207,710,42,0
2643b,27207,711,43,0
837b,27207,712,44,0
1649b,27207,714,45,0
2443b,27207,715,46,0
1705b,27207,717,47,0
3647b,27207,719,48,0
4059b,27207,722,49,1
2964b,5274,660,1,0
327b,5274,660,2,0
2962b,5274,661,3,0
2960b,5274,662,4,0
2959b,5274,662,5,0
2957b,5274,663,6,0
2955b,5274,663,7,0
6344b,5274,664,8,0
5938b,5274,665,9,0
3780b,5274,665,10,0
5943b,5274,666,11,0
5937b,5274,667,12,0
2213b,5274,668,13,0
2210b,5274,668,14,0
1879b,5274,669,15,0
512b,5274,669,16,0
2209b,5274,670,17,0
2211b,5274,670,18,0
1476b,5274,671,19,0
936b,5274,671,20,0
2645b,5274,672,21,0
204b,5274,673,22,0
1686b,5274,673,23,0
2212b,5274,674,24,0
1878b,5274,674,25,0
2216b,5274,675,26,0
2215b,5274,676,27,0
505b,5274,677,28,0
94b,5274,678,29,0
2643b,5274,678,30,0
837b,5274,680,31,0
1649b,5274,681,32,0
2443b,5274,682,33,0
1705b,5274,684,34,0
3647b,5274,686,35,0
4059b,5274,688,36,1
3680b,27247,778,1,0
4207b,27247,779,2,0
2960b,27247,780,3,0
2959b,27247,780,4,0
2957b,27247,781,5,0
2955b,27247,782,6,0
6344b,27247,783,7,0
5938b,27247,784,8,0
3780b,27247,785,9,0
5943b,27247,785,10,0
5937b,27247,787,11,0
2213b,27247,787,12,0
2210b,27247,788,13,0
1879b,27247,789,14,0
512b,27247,789,15,0
2209b,27247,790,16,0
2211b,27247,790,17,0
1476b,27247,791,18,0
936b,27247,792,19,0
2645b,27247,793,20,0
204b,27247,794,21,0
1686b,27247,794,22,0
2212b,27247,795,23,0
1878b,27247,795,24,0
2216b,27247,796,25,0
2215b,27247,797,26,0
505b,27247,799,27,0
94b,27247,800,28,0
2643b,27247,801,29,0
837b,27247,802,30,0
1649b,27247,804,31,0
2443b,27247,805,32,0
1705b,27247,807,33,0
3647b,27247,809,34,0
4059b,27247,812,35,1
2964b,15524,1005,1,0
327b,15524,1005,2,0
2962b,15524,1006,3,0
2960b,15524,1007,4,0
2959b,15524,1007,5,0
2957b,15524,1008,6,0
2955b,15524,1008,7,0
6344b,15524,1009,8,0
5938b,15524,1010,9,0
3780b,15524,1010,10,0
5943b,15524,1011,11,0
5937b,15524,1012,12,0
2213b,15524,1013,13,0
2210b,15524,1013,14,0
1879b,15524,1014,15,0
512b,15524,1014,16,0
2209b,15524,1015,17,0
2211b,15524,1015,18,0
1476b,15524,1016,19,0
936b,15524,1017,20,0
2645b,15524,1018,21,0
204b,15524,1019,22,0
1686b,15524,1019,23,0
2212b,15524,1020,24,0
1878b,15524,1020,25,0
2216b,15524,1021,26,0
2215b,15524,1022,27,0
505b,15524,1024,28,0
94b,15524,1025,29,0
2643b,15524,1026,30,0
837b,15524,1027,31,0
1649b,15524,1029,32,0
2443b,15524,1030,33,0
1705b,15524,1032,34,0
3647b,15524,1034,35,0
4059b,15524,1037,36,1
3680b,29330,358,1,0
4207b,29330,359,2,0
2960b,29330,360,3,0
2959b,29330,360,4,0
2957b,29330,361,5,0
2955b,29330,362,6,0
6344b,29330,363,7,0
5938b,29330,364,8,0
3780b,29330,365,9,0
5943b,29330,365,10,0
5937b,29330,367,11,0
2213b,29330,367,12,0
2210b,29330,368,13,0
1879b,29330,369,14,0
512b,29330,369,15,0
2209b,29330,370,16,0
2211b,29330,370,17,0
1476b,29330,371,18,0
936b,29330,371,19,0
2645b,29330,372,20,0
204b,29330,373,21,0
1686b,29330,373,22,0
2212b,29330,374,23,0
1878b,29330,374,24,0
2216b,29330,375,25,0
2215b,29330,376,26,0
505b,29330,377,27,0
94b,29330,378,28,0
2643b,29330,378,29,0
837b,29330,380,30,0
1649b,29330,381,31,0
2443b,29330,382,32,0
1705b,29330,383,33,0
3647b,29330,385,34,0
4059b,29330,388,35,1
4059b,7222,604,1,0
3648b,7222,605,2,0
335b,7222,609,3,0
1657b,7222,609,4,0
921b,7222,610,5,0
1650b,7222,611,6,0
1115b,7222,612,7,0
2330b,7222,613,8,0
549b,7222,613,9,0
1459b,7222,615,10,0
69b,7222,615,11,0
1967b,7222,616,12,0
2208b,7222,617,13,0
1720b,7222,617,14,0
1963b,7222,618,15,0
767b,7222,618,16,0
449b,7222,620,17,0
2290b,7222,621,18,0
2205b,7222,622,19,0
1875b,7222,623,20,0
1081b,7222,624,21,0
414b,7222,624,22,0
2207b,7222,625,23,0
999b,7222,625,24,0
5936b,7222,626,25,0
5942b,7222,628,26,0
3779b,7222,628,27,0
3781b,7222,630,28,0
6349b,7222,631,29,0
2954b,7222,631,30,0
2956b,7222,633,31,0
2958b,7222,634,32,0
2961b,7222,635,33,0
2159b,7222,635,34,0
2963b,7222,636,35,0
236b,7222,637,36,1
4059b,15416,964,1,0
3648b,15416,965,2,0
335b,15416,969,3,0
1657b,15416,969,4,0
921b,15416,970,5,0
1650b,15416,971,6,0
1115b,15416,972,7,0
2330b,15416,973,8,0
549b,15416,973,9,0
1459b,15416,975,10,0
69b,15416,975,11,0
1967b,15416,976,12,0
2208b,15416,977,13,0
1720b,15416,977,14,0
1963b,15416,978,15,0
767b,15416,978,16,0
449b,15416,980,17,0
2290b,15416,981,18,0
2205b,15416,982,19,0
1875b,15416,983,20,0
1081b,15416,984,21,0
414b,15416,984,22,0
2207b,15416,985,23,0
999b,15416,985,24,0
5936b,15416,986,25,0
5942b,15416,988,26,0
3779b,15416,988,27,0
3781b,15416,990,28,0
6349b,15416,991,29,0
2954b,15416,991,30,0
2956b,15416,993,31,0
2958b,15416,994,32,0
2961b,15416,995,33,0
2159b,15416,995,34,0
2963b,15416,996,35,0
236b,15416,997,36,1
4059b,5032,644,1,0
3648b,5032,645,2,0
335b,5032,649,3,0
1657b,5032,649,4,0
921b,5032,650,5,0
1650b,5032,651,6,0
1115b,5032,653,7,0
2330b,5032,654,8,0
549b,5032,655,9,0
1459b,5032,657,10,0
69b,5032,657,11,0
1967b,5032,658,12,0
2208b,5032,659,13,0
1720b,5032,659,14,0
1963b,5032,660,15,0
767b,5032,660,16,0
449b,5032,662,17,0
2290b,5032,662,18,0
2205b,5032,663,19,0
1875b,5032,664,20,0
1081b,5032,665,21,0
414b,5032,665,22,0
2207b,5032,666,23,0
999b,5032,667,24,0
5936b,5032,668,25,0
5942b,5032,669,26,0
3779b,5032,670,27,0
3781b,5032,672,28,0
6349b,5032,673,29,0
2954b,5032,673,30,0
2956b,5032,675,31,0
2958b,5032,676,32,0
2961b,5032,677,33,0
2159b,5032,677,34,0
2963b,5032,678,35,0
236b,5032,679,36,0
2590b,5032,680,37,0
198b,5032,681,38,0
2967b,5032,682,39,0
1501b,5032,682,40,0
723b,5032,683,41,0
4027b,5032,684,42,0
3974b,5032,686,43,0
4275b,5032,686,44,0
5471b,5032,687,45,0
4142b,5032,688,46,0
5473b,5032,689,47,0
5452b,5032,690,48,1
4059b,13174,974,1,0
3648b,13174,975,2,0
335b,13174,979,3,0
1657b,13174,979,4,0
921b,13174,980,5,0
1650b,13174,981,6,0
1115b,13174,983,7,0
2330b,13174,984,8,0
549b,13174,985,9,0
1459b,13174,987,10,0
69b,13174,987,11,0
1967b,13174,988,12,0
2208b,13174,989,13,0
1720b,13174,989,14,0
1963b,13174,990,15,0
767b,13174,990,16,0
449b,13174,992,17,0
2290b,13174,992,18,0
2205b,13174,993,19,0
1875b,13174,994,20,0
1081b,13174,995,21,0
414b,13174,995,22,0
2207b,13174,996,23,0
999b,13174,997,24,0
5936b,13174,998,25,0
5942b,13174,999,26,0
3779b,13174,1000,27,0
3781b,13174,1002,28,0
6349b,13174,1003,29,0
2954b,13174,1004,30,0
2956b,13174,1005,31,0
2958b,13174,1006,32,0
2961b,13174,1008,33,0
4206b,13174,1009,34,0
3680b,13174,1010,35,1
3680b,7804,959,1,0
4207b,7804,960,2,0
2960b,7804,961,3,0
2959b,7804,962,4,0
2957b,7804,963,5,0
2955b,7804,963,6,0
6344b,7804,964,7,0
5938b,7804,966,8,0
3780b,7804,967,9,0
5943b,7804,967,10,0
5937b,7804,969,11,0
2213b,7804,969,12,0
2210b,7804,970,13,0
1879b,7804,971,14,0
512b,7804,971,15,0
2209b,7804,972,16,0
2211b,7804,972,17,0
1476b,7804,973,18,0
936b,7804,974,19,0
2645b,7804,975,20,0
204b,7804,976,21,0
1686b,7804,976,22,0
2212b,7804,977,23,0
1878b,7804,977,24,0
2216b,7804,978,25,0
2215b,7804,979,26,0
505b,7804,981,27,0
94b,7804,982,28,0
2643b,7804,983,29,0
837b,7804,984,30,0
1649b,7804,986,31,0
2443b,7804,987,32,0
1705b,7804,989,33,0
3647b,7804,991,34,0
4059b,7804,994,35,1
3680b,31578,899,1,0
4207b,31578,900,2,0
2960b,31578,901,3,0
2959b,31578,901,4,0
2957b,31578,902,5,0
2955b,31578,903,6,0
6344b,31578,904,7,0
5938b,31578,905,8,0
3780b,31578,906,9,0
5943b,31578,906,10,0
5937b,31578,908,11,0
2213b,31578,908,12,0
2210b,31578,909,13,0
1879b,31578,910,14,0
512b,31578,910,15,0
2209b,31578,911,16,0
2211b,31578,911,17,0
1476b,31578,912,18,0
936b,31578,913,19,0
2645b,31578,914,20,0
204b,31578,915,21,0
1686b,31578,915,22,0
2212b,31578,916,23,0
1878b,31578,916,24,0
2216b,31578,917,25,0
2215b,31578,918,26,0
505b,31578,920,27,0
94b,31578,921,28,0
2643b,31578,922,29,0
837b,31578,923,30,0
1649b,31578,925,31,0
2443b,31578,926,32,0
1705b,31578,928,33,0
3647b,31578,930,34,0
4059b,31578,933,35,1
4059b,29633,1154,1,0
3648b,29633,1155,2,0
335b,29633,1157,3,0
1657b,29633,1157,4,0
921b,29633,1158,5,0
1650b,29633,1159,6,0
1115b,29633,1160,7,0
2330b,29633,1161,8,0
549b,29633,1161,9,0
1459b,29633,1163,10,0
69b,29633,1163,11,0
1967b,29633,1164,12,0
2208b,29633,1165,13,0
1720b,29633,1165,14,0
1963b,29633,1166,15,0
767b,29633,1166,16,0
449b,29633,1168,17,0
2290b,29633,1168,18,0
2205b,29633,1169,19,0
1875b,29633,1170,20,0
1081b,29633,1171,21,0
414b,29633,1171,22,0
2207b,29633,1172,23,0
999b,29633,1172,24,0
5936b,29633,1173,25,0
5942b,29633,1175,26,0
3779b,29633,1175,27,0
3781b,29633,1177,28,0
6349b,29633,1178,29,0
2954b,29633,1178,30,0
2956b,29633,1180,31,0
2958b,29633,1181,32,0
2961b,29633,1182,33,0
2159b,29633,1182,34,0
2963b,29633,1183,35,0
236b,29633,1184,36,1
2964b,25324,1050,1,0
327b,25324,1050,2,0
2962b,25324,1051,3,0
2960b,25324,1052,4,0
2959b,25324,1052,5,0
2957b,25324,1053,6,0
2955b,25324,1053,7,0
6344b,25324,1054,8,0
5938b,25324,1055,9,0
3780b,25324,1055,10,0
5943b,25324,1056,11,0
5937b,25324,1057,12,0
2213b,25324,1058,13,0
2210b,25324,1058,14,0
1879b,25324,1059,15,0
512b,25324,1059,16,0
2209b,25324,1060,17,0
2211b,25324,1060,18,0
1476b,25324,1061,19,0
936b,25324,1062,20,0
2645b,25324,1063,21,0
204b,25324,1064,22,0
1686b,25324,1064,23,0
2212b,25324,1065,24,0
1878b,25324,1065,25,0
2216b,25324,1066,26,0
2215b,25324,1067,27,0
505b,25324,1069,28,0
94b,25324,1070,29,0
2643b,25324,1071,30,0
837b,25324,1072,31,0
1649b,25324,1074,32,0
2443b,25324,1075,33,0
1705b,25324,1077,34,0
3647b,25324,1079,35,0
4059b,25324,1082,36,1
4059b,25393,854,1,0
3648b,25393,855,2,0
335b,25393,859,3,0
1657b,25393,859,4,0
921b,25393,860,5,0
1650b,25393,861,6,0
1115b,25393,863,7,0
2330b,25393,864,8,0
549b,25393,865,9,0
1459b,25393,867,10,0
69b,25393,867,11,0
1967b,25393,868,12,0
2208b,25393,869,13,0
1720b,25393,869,14,0
1963b,25393,870,15,0
767b,25393,870,16,0
449b,25393,872,17,0
2290b,25393,872,18,0
2205b,25393,873,19,0
1875b,25393,874,20,0
1081b,25393,875,21,0
414b,25393,875,22,0
2207b,25393,876,23,0
999b,25393,877,24,0
5936b,25393,878,25,0
5942b,25393,879,26,0
3779b,25393,880,27,0
3781b,25393,882,28,0
6349b,25393,883,29,0
2954b,25393,883,30,0
2956b,25393,885,31,0
2958b,25393,886,32,0
2961b,25393,887,33,0
4206b,25393,888,34,0
3680b,25393,889,35,1
4059b,25770,974,1,0
3648b,25770,975,2,0
335b,25770,977,3,0
1657b,25770,977,4,0
921b,25770,978,5,0
1650b,25770,979,6,0
1115b,25770,980,7,0
2330b,25770,981,8,0
549b,25770,981,9,0
1459b,25770,983,10,0
69b,25770,983,11,0
1967b,25770,984,12,0
2208b,25770,985,13,0
1720b,25770,985,14,0
1963b,25770,986,15,0
767b,25770,986,16,0
449b,25770,988,17,0
2290b,25770,988,18,0
2205b,25770,989,19,0
1875b,25770,990,20,0
1081b,25770,991,21,0
414b,25770,991,22,0
2207b,25770,992,23,0
999b,25770,992,24,0
5936b,25770,993,25,0
5942b,25770,995,26,0
3779b,25770,995,27,0
3781b,25770,997,28,0
6349b,25770,998,29,0
2954b,25770,998,30,0
2956b,25770,1000,31,0
2958b,25770,1001,32,0
2961b,25770,1002,33,0
2159b,25770,1002,34,0
2963b,25770,1003,35,0
236b,25770,1004,36,1
4059b,11916,738,1,0
3648b,11916,739,2,0
335b,11916,743,3,0
1657b,11916,743,4,0
921b,11916,744,5,0
1650b,11916,745,6,0
1115b,11916,746,7,0
2330b,11916,747,8,0
549b,11916,747,9,0
1459b,11916,749,10,0
69b,11916,749,11,0
1967b,11916,750,12,0
2208b,11916,751,13,0
1720b,11916,751,14,0
1963b,11916,752,15,0
767b,11916,752,16,0
449b,11916,754,17,0
2290b,11916,755,18,0
2205b,11916,756,19,0
1875b,11916,757,20,0
1081b,11916,758,21,0
414b,11916,758,22,0
2207b,11916,759,23,0
999b,11916,759,24,0
5936b,11916,760,25,0
5942b,11916,762,26,0
3779b,11916,762,27,0
3781b,11916,764,28,0
6349b,11916,765,29,0
2954b,11916,765,30,0
2956b,11916,767,31,0
2958b,11916,768,32,0
2961b,11916,769,33,0
2159b,11916,769,34,0
2963b,11916,770,35,0
236b,11916,771,36,1
2964b,25754,645,1,0
327b,25754,645,2,0
2962b,25754,646,3,0
2960b,25754,647,4,0
2959b,25754,647,5,0
2957b,25754,648,6,0
2955b,25754,648,7,0
6344b,25754,649,8,0
5938b,25754,650,9,0
3780b,25754,650,10,0
5943b,25754,651,11,0
5937b,25754,652,12,0
2213b,25754,653,13,0
2210b,25754,653,14,0
1879b,25754,654,15,0
512b,25754,654,16,0
2209b,25754,655,17,0
2211b,25754,655,18,0
1476b,25754,656,19,0
936b,25754,656,20,0
2645b,25754,657,21,0
204b,25754,658,22,0
1686b,25754,658,23,0
2212b,25754,659,24,0
1878b,25754,659,25,0
2216b,25754,660,26,0
2215b,25754,661,27,0
505b,25754,662,28,0
94b,25754,663,29,0
2643b,25754,663,30,0
837b,25754,665,31,0
1649b,25754,666,32,0
2443b,25754,667,33,0
1705b,25754,669,34,0
3647b,25754,671,35,0
4059b,25754,674,36,1
2964b,25950,720,1,0
327b,25950,720,2,0
2962b,25950,721,3,0
2960b,25950,722,4,0
2959b,25950,722,5,0
2957b,25950,723,6,0
2955b,25950,723,7,0
6344b,25950,724,8,0
5938b,25950,725,9,0
3780b,25950,725,10,0
5943b,25950,726,11,0
5937b,25950,727,12,0
2213b,25950,728,13,0
2210b,25950,728,14,0
1879b,25950,729,15,0
512b,25950,729,16,0
2209b,25950,730,17,0
2211b,25950,730,18,0
1476b,25950,731,19,0
936b,25950,731,20,0
2645b,25950,732,21,0
204b,25950,733,22,0
1686b,25950,733,23,0
2212b,25950,734,24,0
1878b,25950,734,25,0
2216b,25950,735,26,0
2215b,25950,736,27,0
505b,25950,737,28,0
94b,25950,738,29,0
2643b,25950,738,30,0
837b,25950,740,31,0
1649b,25950,741,32,0
2443b,25950,742,33,0
1705b,25950,744,34,0
3647b,25950,746,35,0
4059b,25950,748,36,1
4059b,23451,1094,1,0
3648b,23451,1095,2,0
335b,23451,1097,3,0
1657b,23451,1097,4,0
921b,23451,1098,5,0
1650b,23451,1099,6,0
1115b,23451,1100,7,0
2330b,23451,1101,8,0
549b,23451,1101,9,0
1459b,23451,1103,10,0
69b,23451,1103,11,0
1967b,23451,1104,12,0
2208b,23451,1105,13,0
1720b,23451,1105,14,0
1963b,23451,1106,15,0
767b,23451,1106,16,0
449b,23451,1108,17,0
2290b,23451,1108,18,0
2205b,23451,1109,19,0
1875b,23451,1110,20,0
1081b,23451,1111,21,0
414b,23451,1111,22,0
2207b,23451,1112,23,0
999b,23451,1112,24,0
5936b,23451,1113,25,0
5942b,23451,1115,26,0
3779b,23451,1115,27,0
3781b,23451,1117,28,0
6349b,23451,1118,29,0
2954b,23451,1118,30,0
2956b,23451,1120,31,0
2958b,23451,1121,32,0
2961b,23451,1122,33,0
2159b,23451,1122,34,0
2963b,23451,1123,35,0
236b,23451,1124,36,1
4059b,32038,674,1,0
3648b,32038,675,2,0
335b,32038,679,3,0
1657b,32038,679,4,0
921b,32038,680,5,0
1650b,32038,681,6,0
1115b,32038,683,7,0
2330b,32038,684,8,0
549b,32038,685,9,0
1459b,32038,687,10,0
69b,32038,687,11,0
1967b,32038,688,12,0
2208b,32038,689,13,0
1720b,32038,689,14,0
1963b,32038,690,15,0
767b,32038,690,16,0
449b,32038,692,17,0
2290b,32038,692,18,0
2205b,32038,693,19,0
1875b,32038,694,20,0
1081b,32038,695,21,0
414b,32038,695,22,0
2207b,32038,696,23,0
999b,32038,697,24,0
5936b,32038,698,25,0
5942b,32038,699,26,0
3779b,32038,700,27,0
3781b,32038,702,28,0
6349b,32038,703,29,0
2954b,32038,703,30,0
2956b,32038,705,31,0
2958b,32038,706,32,0
2961b,32038,707,33,0
4206b,32038,708,34,0
3680b,32038,709,35,1
5452b,8458,1040,1,0
5474b,8458,1040,2,0
4141b,8458,1041,3,0
5472b,8458,1042,4,0
4274b,8458,1043,5,0
5454b,8458,1044,6,0
4026b,8458,1045,7,0
2651b,8458,1045,8,0
1092b,8458,1046,9,0
5469b,8458,1047,10,0
2053b,8458,1047,11,0
2966b,8458,1048,12,0
1588b,8458,1048,13,0
2964b,8458,1049,14,0
327b,8458,1049,15,0
2962b,8458,1050,16,0
2960b,8458,1051,17,0
2959b,8458,1052,18,0
2957b,8458,1053,19,0
2955b,8458,1053,20,0
6344b,8458,1054,21,0
5938b,8458,1056,22,0
3780b,8458,1057,23,0
5943b,8458,1057,24,0
5937b,8458,1059,25,0
2213b,8458,1059,26,0
2210b,8458,1060,27,0
1879b,8458,1061,28,0
512b,8458,1061,29,0
2209b,8458,1062,30,0
2211b,8458,1062,31,0
1476b,8458,1063,32,0
936b,8458,1064,33,0
2645b,8458,1065,34,0
204b,8458,1066,35,0
1686b,8458,1066,36,0
2212b,8458,1067,37,0
1878b,8458,1067,38,0
2216b,8458,1068,39,0
2215b,8458,1069,40,0
505b,8458,1071,41,0
94b,8458,1072,42,0
2643b,8458,1073,43,0
837b,8458,1074,44,0
1649b,8458,1076,45,0
2443b,8458,1077,46,0
1705b,8458,1079,47,0
3647b,8458,1081,48,0
4059b,8458,1084,49,1
5452b,11436,979,1,0
5474b,11436,979,2,0
4141b,11436,980,3,0
5472b,11436,981,4,0
4274b,11436,982,5,0
5454b,11436,983,6,0
4026b,11436,984,7,0
2651b,11436,984,8,0
1092b,11436,985,9,0
5469b,11436,986,10,0
2053b,11436,986,11,0
2966b,11436,987,12,0
1588b,11436,987,13,0
2964b,11436,988,14,0
327b,11436,988,15,0
2962b,11436,989,16,0
2960b,11436,990,17,0
2959b,11436,991,18,0
2957b,11436,992,19,0
2955b,11436,992,20,0
6344b,11436,993,21,0
5938b,11436,995,22,0
3780b,11436,996,23,0
5943b,11436,996,24,0
5937b,11436,998,25,0
2213b,11436,998,26,0
2210b,11436,999,27,0
1879b,11436,1000,28,0
512b,11436,1000,29,0
2209b,11436,1001,30,0
2211b,11436,1001,31,0
1476b,11436,1002,32,0
936b,11436,1003,33,0
2645b,11436,1004,34,0
204b,11436,1005,35,0
1686b,11436,1005,36,0
2212b,11436,1006,37,0
1878b,11436,1006,38,0
2216b,11436,1007,39,0
2215b,11436,1008,40,0
505b,11436,1010,41,0
94b,11436,1011,42,0
2643b,11436,1012,43,0
837b,11436,1013,44,0
1649b,11436,1015,45,0
2443b,11436,1016,46,0
1705b,11436,1018,47,0
3647b,11436,1020,48,0
4059b,11436,1023,49,1
4059b,11417,829,1,0
3648b,11417,830,2,0
335b,11417,834,3,0
1657b,11417,834,4,0
921b,11417,835,5,0
1650b,11417,836,6,0
1115b,11417,837,7,0
2330b,11417,838,8,0
549b,11417,838,9,0
1459b,11417,840,10,0
69b,11417,840,11,0
1967b,11417,841,12,0
2208b,11417,842,13,0
1720b,11417,842,14,0
1963b,11417,843,15,0
767b,11417,843,16,0
449b,11417,845,17,0
2290b,11417,846,18,0
2205b,11417,847,19,0
1875b,11417,848,20,0
1081b,11417,849,21,0
414b,11417,849,22,0
2207b,11417,850,23,0
999b,11417,850,24,0
5936b,11417,851,25,0
5942b,11417,853,26,0
3779b,11417,853,27,0
3781b,11417,855,28,0
6349b,11417,856,29,0
2954b,11417,856,30,0
2956b,11417,858,31,0
2958b,11417,859,32,0
2961b,11417,860,33,0
2159b,11417,860,34,0
2963b,11417,861,35,0
236b,11417,862,36,1
3680b,8381,718,1,0
4207b,8381,719,2,0
2960b,8381,720,3,0
2959b,8381,720,4,0
2957b,8381,721,5,0
2955b,8381,722,6,0
6344b,8381,723,7,0
5938b,8381,724,8,0
3780b,8381,725,9,0
5943b,8381,725,10,0
5937b,8381,727,11,0
2213b,8381,727,12,0
2210b,8381,728,13,0
1879b,8381,729,14,0
512b,8381,729,15,0
2209b,8381,730,16,0
2211b,8381,730,17,0
1476b,8381,731,18,0
936b,8381,732,19,0
2645b,8381,733,20,0
204b,8381,734,21,0
1686b,8381,734,22,0
2212b,8381,735,23,0
1878b,8381,735,24,0
2216b,8381,736,25,0
2215b,8381,737,26,0
505b,8381,739,27,0
94b,8381,740,28,0
2643b,8381,741,29,0
837b,8381,742,30,0
1649b,8381,744,31,0
2443b,8381,745,32,0
1705b,8381,747,33,0
3647b,8381,749,34,0
4059b,8381,752,35,1
4059b,20983,1099,1,0
3648b,20983,1100,2,0
335b,20983,1104,3,0
1657b,20983,1104,4,0
921b,20983,1105,5,0
1650b,20983,1106,6,0
1115b,20983,1107,7,0
2330b,20983,1108,8,0
549b,20983,1108,9,0
1459b,20983,1110,10,0
69b,20983,1110,11,0
1967b,20983,1111,12,0
2208b,20983,1112,13,0
1720b,20983,1112,14,0
1963b,20983,1113,15,0
767b,20983,1113,16,0
449b,20983,1115,17,0
2290b,20983,1116,18,0
2205b,20983,1117,19,0
1875b,20983,1118,20,0
1081b,20983,1119,21,0
414b,20983,1119,22,0
2207b,20983,1120,23,0
999b,20983,1120,24,0
5936b,20983,1121,25,0
5942b,20983,1123,26,0
3779b,20983,1123,27,0
3781b,20983,1125,28,0
6349b,20983,1126,29,0
2954b,20983,1126,30,0
2956b,20983,1128,31,0
2958b,20983,1129,32,0
2961b,20983,1130,33,0
2159b,20983,1130,34,0
2963b,20983,1131,35,0
236b,20983,1132,36,1
2964b,117,1230,1,0
327b,117,1230,2,0
2962b,117,1231,3,0
2960b,117,1232,4,0
2959b,117,1232,5,0
2957b,117,1233,6,0
2955b,117,1233,7,0
6344b,117,1234,8,0
5938b,117,1235,9,0
3780b,117,1235,10,0
5943b,117,1236,11,0
5937b,117,1237,12,0
2213b,117,1237,13,0
2210b,117,1237,14,0
1879b,117,1238,15,0
512b,117,1238,16,0
2209b,117,1239,17,0
2211b,117,1239,18,0
1476b,117,1240,19,0
936b,117,1240,20,0
2645b,117,1241,21,0
204b,117,1242,22,0
1686b,117,1242,23,0
2212b,117,1243,24,0
1878b,117,1243,25,0
2216b,117,1244,26,0
2215b,117,1245,27,0
505b,117,1246,28,0
94b,117,1247,29,0
2643b,117,1247,30,0
837b,117,1249,31,0
1649b,117,1250,32,0
2443b,117,1251,33,0
1705b,117,1252,34,0
3647b,117,1254,35,0
4059b,117,1256,36,1
4059b,138,1144,1,0
3648b,138,1145,2,0
335b,138,1149,3,0
1657b,138,1149,4,0
921b,138,1150,5,0
1650b,138,1151,6,0
1115b,138,1152,7,0
2330b,138,1153,8,0
549b,138,1153,9,0
1459b,138,1155,10,0
69b,138,1155,11,0
1967b,138,1156,12,0
2208b,138,1157,13,0
1720b,138,1157,14,0
1963b,138,1158,15,0
767b,138,1158,16,0
449b,138,1160,17,0
2290b,138,1161,18,0
2205b,138,1162,19,0
1875b,138,1163,20,0
1081b,138,1164,21,0
414b,138,1164,22,0
2207b,138,1165,23,0
999b,138,1165,24,0
5936b,138,1166,25,0
5942b,138,1168,26,0
3779b,138,1168,27,0
3781b,138,1170,28,0
6349b,138,1171,29,0
2954b,138,1171,30,0
2956b,138,1172,31,0
2958b,138,1173,32,0
2961b,138,1174,33,0
2159b,138,1174,34,0
2963b,138,1175,35,0
236b,138,1176,36,1
5452b,3838,619,1,0
5474b,3838,619,2,0
4141b,3838,620,3,0
5472b,3838,621,4,0
4274b,3838,622,5,0
5454b,3838,623,6,0
4026b,3838,624,7,0
2651b,3838,624,8,0
1092b,3838,625,9,0
5469b,3838,626,10,0
2053b,3838,626,11,0
2966b,3838,627,12,0
1588b,3838,627,13,0
2964b,3838,628,14,0
327b,3838,628,15,0
2962b,3838,629,16,0
2960b,3838,630,17,0
2959b,3838,630,18,0
2957b,3838,631,19,0
2955b,3838,632,20,0
6344b,3838,633,21,0
5938b,3838,634,22,0
3780b,3838,635,23,0
5943b,3838,635,24,0
5937b,3838,637,25,0
2213b,3838,637,26,0
2210b,3838,638,27,0
1879b,3838,639,28,0
512b,3838,639,29,0
2209b,3838,640,30,0
2211b,3838,640,31,0
1476b,3838,641,32,0
936b,3838,642,33,0
2645b,3838,643,34,0
204b,3838,644,35,0
1686b,3838,644,36,0
2212b,3838,645,37,0
1878b,3838,645,38,0
2216b,3838,646,39,0
2215b,3838,647,40,0
505b,3838,649,41,0
94b,3838,650,42,0
2643b,3838,651,43,0
837b,3838,652,44,0
1649b,3838,654,45,0
2443b,3838,655,46,0
1705b,3838,657,47,0
3647b,3838,659,48,0
4059b,3838,662,49,1
4059b,18853,794,1,0
3648b,18853,795,2,0
335b,18853,797,3,0
1657b,18853,797,4,0
921b,18853,798,5,0
1650b,18853,799,6,0
1115b,18853,800,7,0
2330b,18853,801,8,0
549b,18853,801,9,0
1459b,18853,803,10,0
69b,18853,803,11,0
1967b,18853,804,12,0
2208b,18853,805,13,0
1720b,18853,805,14,0
1963b,18853,806,15,0
767b,18853,806,16,0
449b,18853,808,17,0
2290b,18853,808,18,0
2205b,18853,809,19,0
1875b,18853,810,20,0
1081b,18853,811,21,0
414b,18853,811,22,0
2207b,18853,812,23,0
999b,18853,812,24,0
5936b,18853,813,25,0
5942b,18853,815,26,0
3779b,18853,815,27,0
3781b,18853,817,28,0
6349b,18853,818,29,0
2954b,18853,818,30,0
2956b,18853,820,31,0
2958b,18853,821,32,0
2961b,18853,822,33,0
2159b,18853,822,34,0
2963b,18853,823,35,0
236b,18853,824,36,1
2964b,23958,1185,1,0
327b,23958,1185,2,0
2962b,23958,1186,3,0
2960b,23958,1187,4,0
2959b,23958,1187,5,0
2957b,23958,1188,6,0
2955b,23958,1188,7,0
6344b,23958,1189,8,0
5938b,23958,1190,9,0
3780b,23958,1190,10,0
5943b,23958,1191,11,0
5937b,23958,1192,12,0
2213b,23958,1192,13,0
2210b,23958,1192,14,0
1879b,23958,1193,15,0
512b,23958,1193,16,0
2209b,23958,1194,17,0
2211b,23958,1194,18,0
1476b,23958,1195,19,0
936b,23958,1195,20,0
2645b,23958,1196,21,0
204b,23958,1197,22,0
1686b,23958,1197,23,0
2212b,23958,1198,24,0
1878b,23958,1198,25,0
2216b,23958,1199,26,0
2215b,23958,1200,27,0
505b,23958,1201,28,0
94b,23958,1202,29,0
2643b,23958,1202,30,0
837b,23958,1204,31,0
1649b,23958,1205,32,0
2443b,23958,1206,33,0
1705b,23958,1207,34,0
3647b,23958,1209,35,0
4059b,23958,1211,36,1
4059b,11543,1214,1,0
3648b,11543,1215,2,0
335b,11543,1218,3,0
1657b,11543,1218,4,0
921b,11543,1219,5,0
1650b,11543,1220,6,0
1115b,11543,1222,7,0
2330b,11543,1223,8,0
549b,11543,1223,9,0
1459b,11543,1225,10,0
69b,11543,1225,11,0
1967b,11543,1226,12,0
2208b,11543,1227,13,0
1720b,11543,1227,14,0
1963b,11543,1228,15,0
767b,11543,1228,16,0
449b,11543,1230,17,0
2290b,11543,1230,18,0
2205b,11543,1231,19,0
1875b,11543,1232,20,0
1081b,11543,1233,21,0
414b,11543,1233,22,0
2207b,11543,1234,23,0
999b,11543,1234,24,0
5936b,11543,1235,25,0
5942b,11543,1237,26,0
3779b,11543,1237,27,0
3781b,11543,1239,28,0
6349b,11543,1240,29,0
2954b,11543,1240,30,0
2956b,11543,1242,31,0
2958b,11543,1243,32,0
2961b,11543,1244,33,0
4206b,11543,1245,34,0
3680b,11543,1246,35,1
3680b,3920,478,1,0
4207b,3920,479,2,0
2960b,3920,480,3,0
2959b,3920,480,4,0
2957b,3920,481,5,0
2955b,3920,482,6,0
6344b,3920,483,7,0
5938b,3920,484,8,0
3780b,3920,485,9,0
5943b,3920,485,10,0
5937b,3920,487,11,0
2213b,3920,487,12,0
2210b,3920,488,13,0
1879b,3920,489,14,0
512b,3920,489,15,0
2209b,3920,490,16,0
2211b,3920,490,17,0
1476b,3920,491,18,0
936b,3920,492,19,0
2645b,3920,493,20,0
204b,3920,494,21,0
1686b,3920,494,22,0
2212b,3920,495,23,0
1878b,3920,495,24,0
2216b,3920,496,25,0
2215b,3920,497,26,0
505b,3920,499,27,0
94b,3920,500,28,0
2643b,3920,501,29,0
837b,3920,502,30,0
1649b,3920,504,31,0
2443b,3920,505,32,0
1705b,3920,507,33,0
3647b,3920,509,34,0
4059b,3920,512,35,1
3680b,18500,538,1,0
4207b,18500,539,2,0
2960b,18500,540,3,0
2959b,18500,540,4,0
2957b,18500,541,5,0
2955b,18500,542,6,0
6344b,18500,543,7,0
5938b,18500,544,8,0
3780b,18500,545,9,0
5943b,18500,545,10,0
5937b,18500,547,11,0
2213b,18500,547,12,0
2210b,18500,548,13,0
1879b,18500,549,14,0
512b,18500,549,15,0
2209b,18500,550,16,0
2211b,18500,550,17,0
1476b,18500,551,18,0
936b,18500,552,19,0
2645b,18500,553,20,0
204b,18500,554,21,0
1686b,18500,554,22,0
2212b,18500,555,23,0
1878b,18500,555,24,0
2216b,18500,556,25,0
2215b,18500,557,26,0
505b,18500,559,27,0
94b,18500,560,28,0
2643b,18500,561,29,0
837b,18500,562,30,0
1649b,18500,564,31,0
2443b,18500,565,32,0
1705b,18500,567,33,0
3647b,18500,569,34,0
4059b,18500,572,35,1
3680b,3126,1019,1,0
4207b,3126,1020,2,0
2960b,3126,1021,3,0
2959b,3126,1022,4,0
2957b,3126,1023,5,0
2955b,3126,1023,6,0
6344b,3126,1024,7,0
5938b,3126,1026,8,0
3780b,3126,1027,9,0
5943b,3126,1027,10,0
5937b,3126,1029,11,0
2213b,3126,1029,12,0
2210b,3126,1030,13,0
1879b,3126,1031,14,0
512b,3126,1031,15,0
2209b,3126,1032,16,0
2211b,3126,1032,17,0
1476b,3126,1033,18,0
936b,3126,1034,19,0
2645b,3126,1035,20,0
204b,3126,1036,21,0
1686b,3126,1036,22,0
2212b,3126,1037,23,0
1878b,3126,1037,24,0
2216b,3126,1038,25,0
2215b,3126,1039,26,0
505b,3126,1041,27,0
94b,3126,1042,28,0
2643b,3126,1043,29,0
837b,3126,1044,30,0
1649b,3126,1046,31,0
2443b,3126,1047,32,0
1705b,3126,1049,33,0
3647b,3126,1051,34,0
4059b,3126,1054,35,1
4059b,20435,494,1,0
3648b,20435,495,2,0
335b,20435,499,3,0
1657b,20435,499,4,0
921b,20435,500,5,0
1650b,20435,501,6,0
1115b,20435,503,7,0
2330b,20435,505,8,0
549b,20435,505,9,0
1459b,20435,508,10,0
69b,20435,508,11,0
1967b,20435,509,12,0
2208b,20435,510,13,0
1720b,20435,511,14,0
1963b,20435,511,15,0
767b,20435,512,16,0
449b,20435,514,17,0
2290b,20435,514,18,0
2205b,20435,515,19,0
1875b,20435,516,20,0
1081b,20435,517,21,0
414b,20435,517,22,0
2207b,20435,518,23,0
999b,20435,519,24,0
5936b,20435,520,25,0
5942b,20435,521,26,0
3779b,20435,522,27,0
3781b,20435,524,28,0
6349b,20435,525,29,0
2954b,20435,525,30,0
2956b,20435,527,31,0
2958b,20435,528,32,0
2961b,20435,529,33,0
4206b,20435,530,34,0
3680b,20435,531,35,1
4059b,2985,1124,1,0
3648b,2985,1125,2,0
335b,2985,1129,3,0
1657b,2985,1129,4,0
921b,2985,1131,5,0
1650b,2985,1132,6,0
1115b,2985,1134,7,0
2330b,2985,1136,8,0
549b,2985,1136,9,0
1459b,2985,1139,10,0
69b,2985,1139,11,0
1967b,2985,1140,12,0
2208b,2985,1141,13,0
1720b,2985,1142,14,0
1963b,2985,1142,15,0
767b,2985,1143,16,0
449b,2985,1145,17,0
2290b,2985,1145,18,0
2205b,2985,1146,19,0
1875b,2985,1147,20,0
1081b,2985,1148,21,0
414b,2985,1148,22,0
2207b,2985,1149,23,0
999b,2985,1150,24,0
5936b,2985,1151,25,0
5942b,2985,1152,26,0
3779b,2985,1153,27,0
3781b,2985,1155,28,0
6349b,2985,1156,29,0
2954b,2985,1156,30,0
2956b,2985,1158,31,0
2958b,2985,1159,32,0
2961b,2985,1160,33,0
2159b,2985,1160,34,0
2963b,2985,1161,35,0
236b,2985,1162,36,0
2590b,2985,1163,37,0
198b,2985,1164,38,0
2967b,2985,1165,39,0
1501b,2985,1165,40,0
723b,2985,1166,41,0
4027b,2985,1167,42,0
3974b,2985,1169,43,0
4275b,2985,1169,44,0
5471b,2985,1170,45,0
4142b,2985,1171,46,0
5473b,2985,1172,47,0
5452b,2985,1173,48,1
4059b,6823,514,1,0
3648b,6823,515,2,0
335b,6823,518,3,0
1657b,6823,518,4,0
921b,6823,519,5,0
1650b,6823,520,6,0
1115b,6823,521,7,0
2330b,6823,522,8,0
549b,6823,522,9,0
1459b,6823,524,10,0
69b,6823,524,11,0
1967b,6823,525,12,0
2208b,6823,526,13,0
1720b,6823,526,14,0
1963b,6823,527,15,0
767b,6823,527,16,0
449b,6823,529,17,0
2290b,6823,530,18,0
2205b,6823,531,19,0
1875b,6823,532,20,0
1081b,6823,533,21,0
414b,6823,533,22,0
2207b,6823,534,23,0
999b,6823,534,24,0
5936b,6823,535,25,0
5942b,6823,537,26,0
3779b,6823,537,27,0
3781b,6823,539,28,0
6349b,6823,540,29,0
2954b,6823,540,30,0
2956b,6823,542,31,0
2958b,6823,543,32,0
2961b,6823,544,33,0
2159b,6823,544,34,0
2963b,6823,545,35,0
236b,6823,546,36,1
4059b,20520,614,1,0
3648b,20520,615,2,0
335b,20520,617,3,0
1657b,20520,617,4,0
921b,20520,618,5,0
1650b,20520,619,6,0
1115b,20520,620,7,0
2330b,20520,621,8,0
549b,20520,621,9,0
1459b,20520,623,10,0
69b,20520,623,11,0
1967b,20520,624,12,0
2208b,20520,625,13,0
1720b,20520,625,14,0
1963b,20520,626,15,0
767b,20520,626,16,0
449b,20520,628,17,0
2290b,20520,628,18,0
2205b,20520,629,19,0
1875b,20520,630,20,0
1081b,20520,631,21,0
414b,20520,631,22,0
2207b,20520,632,23,0
999b,20520,632,24,0
5936b,20520,633,25,0
5942b,20520,635,26,0
3779b,20520,635,27,0
3781b,20520,637,28,0
6349b,20520,638,29,0
2954b,20520,638,30,0
2956b,20520,640,31,0
2958b,20520,641,32,0
2961b,20520,642,33,0
2159b,20520,642,34,0
2963b,20520,643,35,0
236b,20520,644,36,1
4059b,32851,1054,1,0
3648b,32851,1055,2,0
335b,32851,1059,3,0
1657b,32851,1059,4,0
921b,32851,1060,5,0
1650b,32851,1061,6,0
1115b,32851,1062,7,0
2330b,32851,1063,8,0
549b,32851,1063,9,0
1459b,32851,1065,10,0
69b,32851,1065,11,0
1967b,32851,1066,12,0
2208b,32851,1067,13,0
1720b,32851,1067,14,0
1963b,32851,1068,15,0
767b,32851,1068,16,0
449b,32851,1070,17,0
2290b,32851,1071,18,0
2205b,32851,1072,19,0
1875b,32851,1073,20,0
1081b,32851,1074,21,0
414b,32851,1074,22,0
2207b,32851,1075,23,0
999b,32851,1075,24,0
5936b,32851,1076,25,0
5942b,32851,1078,26,0
3779b,32851,1078,27,0
3781b,32851,1080,28,0
6349b,32851,1081,29,0
2954b,32851,1081,30,0
2956b,32851,1083,31,0
2958b,32851,1084,32,0
2961b,32851,1085,33,0
2159b,32851,1085,34,0
2963b,32851,1086,35,0
236b,32851,1087,36,1
4059b,302,379,1,0
3648b,302,380,2,0
335b,302,383,3,0
1657b,302,383,4,0
921b,302,383,5,0
1650b,302,384,6,0
1115b,302,385,7,0
2330b,302,386,8,0
549b,302,386,9,0
1459b,302,388,10,0
69b,302,388,11,0
1967b,302,389,12,0
2208b,302,389,13,0
1720b,302,390,14,0
1963b,302,390,15,0
767b,302,390,16,0
449b,302,392,17,0
2290b,302,392,18,0
2205b,302,393,19,0
1875b,302,394,20,0
1081b,302,395,21,0
414b,302,395,22,0
2207b,302,396,23,0
999b,302,396,24,0
5936b,302,397,25,0
5942b,302,399,26,0
3779b,302,399,27,0
3781b,302,401,28,0
6349b,302,402,29,0
2954b,302,402,30,0
2956b,302,403,31,0
2958b,302,404,32,0
2961b,302,405,33,0
2159b,302,405,34,0
2963b,302,406,35,0
236b,302,407,36,1
4059b,4876,404,1,0
3648b,4876,405,2,0
335b,4876,408,3,0
1657b,4876,408,4,0
921b,4876,409,5,0
1650b,4876,410,6,0
1115b,4876,412,7,0
2330b,4876,413,8,0
549b,4876,413,9,0
1459b,4876,415,10,0
69b,4876,415,11,0
1967b,4876,416,12,0
2208b,4876,417,13,0
1720b,4876,417,14,0
1963b,4876,418,15,0
767b,4876,418,16,0
449b,4876,420,17,0
2290b,4876,420,18,0
2205b,4876,421,19,0
1875b,4876,421,20,0
1081b,4876,422,21,0
414b,4876,422,22,0
2207b,4876,423,23,0
999b,4876,423,24,0
5936b,4876,424,25,0
5942b,4876,426,26,0
3779b,4876,426,27,0
3781b,4876,428,28,0
6349b,4876,429,29,0
2954b,4876,429,30,0
2956b,4876,431,31,0
2958b,4876,432,32,0
2961b,4876,433,33,0
2159b,4876,433,34,0
2963b,4876,434,35,0
236b,4876,435,36,0
2590b,4876,436,37,0
198b,4876,437,38,0
2967b,4876,438,39,0
1501b,4876,438,40,0
723b,4876,439,41,0
4027b,4876,440,42,0
3974b,4876,442,43,0
4275b,4876,442,44,0
5471b,4876,443,45,0
4142b,4876,444,46,0
5473b,4876,445,47,0
5452b,4876,446,48,1
4059b,4808,1094,1,0
3648b,4808,1095,2,0
335b,4808,1099,3,0
1657b,4808,1099,4,0
921b,4808,1101,5,0
1650b,4808,1102,6,0
1115b,4808,1104,7,0
2330b,4808,1106,8,0
549b,4808,1106,9,0
1459b,4808,1109,10,0
69b,4808,1109,11,0
1967b,4808,1110,12,0
2208b,4808,1111,13,0
1720b,4808,1112,14,0
1963b,4808,1112,15,0
767b,4808,1113,16,0
449b,4808,1115,17,0
2290b,4808,1115,18,0
2205b,4808,1116,19,0
1875b,4808,1117,20,0
1081b,4808,1118,21,0
414b,4808,1118,22,0
2207b,4808,1119,23,0
999b,4808,1120,24,0
5936b,4808,1121,25,0
5942b,4808,1122,26,0
3779b,4808,1123,27,0
3781b,4808,1125,28,0
6349b,4808,1126,29,0
2954b,4808,1126,30,0
2956b,4808,1128,31,0
2958b,4808,1129,32,0
2961b,4808,1130,33,0
4206b,4808,1131,34,0
3680b,4808,1132,35,1
4059b,4724,559,1,0
3648b,4724,560,2,0
335b,4724,564,3,0
1657b,4724,564,4,0
921b,4724,565,5,0
1650b,4724,566,6,0
1115b,4724,567,7,0
2330b,4724,568,8,0
549b,4724,568,9,0
1459b,4724,570,10,0
69b,4724,570,11,0
1967b,4724,571,12,0
2208b,4724,572,13,0
1720b,4724,572,14,0
1963b,4724,573,15,0
767b,4724,573,16,0
449b,4724,575,17,0
2290b,4724,576,18,0
2205b,4724,577,19,0
1875b,4724,578,20,0
1081b,4724,579,21,0
414b,4724,579,22,0
2207b,4724,580,23,0
999b,4724,580,24,0
5936b,4724,581,25,0
5942b,4724,583,26,0
3779b,4724,583,27,0
3781b,4724,585,28,0
6349b,4724,586,29,0
2954b,4724,586,30,0
2956b,4724,588,31,0
2958b,4724,589,32,0
2961b,4724,590,33,0
2159b,4724,590,34,0
2963b,4724,591,35,0
236b,4724,592,36,1
4059b,255,884,1,0
3648b,255,885,2,0
335b,255,889,3,0
1657b,255,889,4,0
921b,255,890,5,0
1650b,255,891,6,0
1115b,255,893,7,0
2330b,255,894,8,0
549b,255,895,9,0
1459b,255,897,10,0
69b,255,897,11,0
1967b,255,898,12,0
2208b,255,899,13,0
1720b,255,899,14,0
1963b,255,900,15,0
767b,255,900,16,0
449b,255,902,17,0
2290b,255,902,18,0
2205b,255,903,19,0
1875b,255,904,20,0
1081b,255,905,21,0
414b,255,905,22,0
2207b,255,906,23,0
999b,255,907,24,0
5936b,255,908,25,0
5942b,255,909,26,0
3779b,255,910,27,0
3781b,255,912,28,0
6349b,255,913,29,0
2954b,255,913,30,0
2956b,255,915,31,0
2958b,255,916,32,0
2961b,255,917,33,0
2159b,255,917,34,0
2963b,255,918,35,0
236b,255,919,36,0
2590b,255,920,37,0
198b,255,921,38,0
2967b,255,922,39,0
1501b,255,922,40,0
723b,255,923,41,0
4027b,255,924,42,0
3974b,255,926,43,0
4275b,255,926,44,0
5471b,255,927,45,0
4142b,255,928,46,0
5473b,255,929,47,0
5452b,255,930,48,1
2964b,16462,840,1,0
327b,16462,840,2,0
2962b,16462,841,3,0
2960b,16462,842,4,0
2959b,16462,842,5,0
2957b,16462,843,6,0
2955b,16462,843,7,0
6344b,16462,844,8,0
5938b,16462,845,9,0
3780b,16462,845,10,0
5943b,16462,846,11,0
5937b,16462,847,12,0
2213b,16462,848,13,0
2210b,16462,848,14,0
1879b,16462,849,15,0
512b,16462,849,16,0
2209b,16462,850,17,0
2211b,16462,850,18,0
1476b,16462,851,19,0
936b,16462,851,20,0
2645b,16462,852,21,0
204b,16462,853,22,0
1686b,16462,853,23,0
2212b,16462,854,24,0
1878b,16462,854,25,0
2216b,16462,855,26,0
2215b,16462,856,27,0
505b,16462,857,28,0
94b,16462,858,29,0
2643b,16462,858,30,0
837b,16462,860,31,0
1649b,16462,861,32,0
2443b,16462,862,33,0
1705b,16462,864,34,0
3647b,16462,866,35,0
4059b,16462,868,36,1
2964b,2470,915,1,0
327b,2470,915,2,0
2962b,2470,916,3,0
2960b,2470,917,4,0
2959b,2470,917,5,0
2957b,2470,918,6,0
2955b,2470,918,7,0
6344b,2470,919,8,0
5938b,2470,920,9,0
3780b,2470,920,10,0
5943b,2470,921,11,0
5937b,2470,922,12,0
2213b,2470,923,13,0
2210b,2470,923,14,0
1879b,2470,924,15,0
512b,2470,924,16,0
2209b,2470,925,17,0
2211b,2470,925,18,0
1476b,2470,926,19,0
936b,2470,927,20,0
2645b,2470,928,21,0
204b,2470,929,22,0
1686b,2470,929,23,0
2212b,2470,930,24,0
1878b,2470,930,25,0
2216b,2470,931,26,0
2215b,2470,932,27,0
505b,2470,934,28,0
94b,2470,935,29,0
2643b,2470,936,30,0
837b,2470,937,31,0
1649b,2470,939,32,0
2443b,2470,940,33,0
1705b,2470,942,34,0
3647b,2470,944,35,0
4059b,2470,947,36,1
2964b,8548,960,1,0
327b,8548,960,2,0
2962b,8548,961,3,0
2960b,8548,962,4,0
2959b,8548,962,5,0
2957b,8548,963,6,0
2955b,8548,963,7,0
6344b,8548,964,8,0
5938b,8548,965,9,0
3780b,8548,965,10,0
5943b,8548,966,11,0
5937b,8548,967,12,0
2213b,8548,968,13,0
2210b,8548,968,14,0
1879b,8548,969,15,0
512b,8548,969,16,0
2209b,8548,970,17,0
2211b,8548,970,18,0
1476b,8548,971,19,0
936b,8548,972,20,0
2645b,8548,973,21,0
204b,8548,974,22,0
1686b,8548,974,23,0
2212b,8548,975,24,0
1878b,8548,975,25,0
2216b,8548,976,26,0
2215b,8548,977,27,0
505b,8548,979,28,0
94b,8548,980,29,0
2643b,8548,981,30,0
837b,8548,982,31,0
1649b,8548,984,32,0
2443b,8548,985,33,0
1705b,8548,987,34,0
3647b,8548,989,35,0
4059b,8548,992,36,1
4059b,28728,1064,1,0
3648b,28728,1065,2,0
335b,28728,1069,3,0
1657b,28728,1069,4,0
921b,28728,1071,5,0
1650b,28728,1072,6,0
1115b,28728,1074,7,0
2330b,28728,1076,8,0
549b,28728,1076,9,0
1459b,28728,1079,10,0
69b,28728,1079,11,0
1967b,28728,1080,12,0
2208b,28728,1081,13,0
1720b,28728,1082,14,0
1963b,28728,1082,15,0
767b,28728,1083,16,0
449b,28728,1085,17,0
2290b,28728,1085,18,0
2205b,28728,1086,19,0
1875b,28728,1087,20,0
1081b,28728,1088,21,0
414b,28728,1088,22,0
2207b,28728,1089,23,0
999b,28728,1090,24,0
5936b,28728,1091,25,0
5942b,28728,1092,26,0
3779b,28728,1093,27,0
3781b,28728,1095,28,0
6349b,28728,1096,29,0
2954b,28728,1097,30,0
2956b,28728,1098,31,0
2958b,28728,1099,32,0
2961b,28728,1101,33,0
2159b,28728,1101,34,0
2963b,28728,1102,35,0
236b,28728,1103,36,0
2590b,28728,1104,37,0
198b,28728,1105,38,0
2967b,28728,1106,39,0
1501b,28728,1106,40,0
723b,28728,1107,41,0
4027b,28728,1108,42,0
3974b,28728,1110,43,0
4275b,28728,1110,44,0
5471b,28728,1111,45,0
4142b,28728,1112,46,0
5473b,28728,1113,47,0
5452b,28728,1114,48,1
3680b,28797,598,1,0
4207b,28797,599,2,0
2960b,28797,600,3,0
2959b,28797,600,4,0
2957b,28797,601,5,0
2955b,28797,602,6,0
6344b,28797,603,7,0
5938b,28797,604,8,0
3780b,28797,605,9,0
5943b,28797,605,10,0
5937b,28797,607,11,0
2213b,28797,607,12,0
2210b,28797,608,13,0
1879b,28797,609,14,0
512b,28797,609,15,0
2209b,28797,610,16,0
2211b,28797,610,17,0
1476b,28797,611,18,0
936b,28797,612,19,0
2645b,28797,613,20,0
204b,28797,614,21,0
1686b,28797,614,22,0
2212b,28797,615,23,0
1878b,28797,615,24,0
2216b,28797,616,25,0
2215b,28797,617,26,0
505b,28797,619,27,0
94b,28797,620,28,0
2643b,28797,621,29,0
837b,28797,622,30,0
1649b,28797,624,31,0
2443b,28797,625,32,0
1705b,28797,627,33,0
3647b,28797,629,34,0
4059b,28797,632,35,1
2964b,20275,780,1,0
327b,20275,780,2,0
2962b,20275,781,3,0
2960b,20275,782,4,0
2959b,20275,782,5,0
2957b,20275,783,6,0
2955b,20275,783,7,0
6344b,20275,784,8,0
5938b,20275,785,9,0
3780b,20275,785,10,0
5943b,20275,786,11,0
5937b,20275,787,12,0
2213b,20275,788,13,0
2210b,20275,788,14,0
1879b,20275,789,15,0
512b,20275,789,16,0
2209b,20275,790,17,0
2211b,20275,790,18,0
1476b,20275,791,19,0
936b,20275,791,20,0
2645b,20275,792,21,0
204b,20275,793,22,0
1686b,20275,793,23,0
2212b,20275,794,24,0
1878b,20275,794,25,0
2216b,20275,795,26,0
2215b,20275,796,27,0
505b,20275,797,28,0
94b,20275,798,29,0
2643b,20275,798,30,0
837b,20275,800,31,0
1649b,20275,801,32,0
2443b,20275,802,33,0
1705b,20275,804,34,0
3647b,20275,806,35,0
4059b,20275,808,36,1
4059b,16683,944,1,0
3648b,16683,945,2,0
335b,16683,949,3,0
1657b,16683,949,4,0
921b,16683,950,5,0
1650b,16683,951,6,0
1115b,16683,953,7,0
2330b,16683,954,8,0
549b,16683,955,9,0
1459b,16683,957,10,0
69b,16683,957,11,0
1967b,16683,958,12,0
2208b,16683,959,13,0
1720b,16683,959,14,0
1963b,16683,960,15,0
767b,16683,960,16,0
449b,16683,962,17,0
2290b,16683,962,18,0
2205b,16683,963,19,0
1875b,16683,964,20,0
1081b,16683,965,21,0
414b,16683,965,22,0
2207b,16683,966,23,0
999b,16683,967,24,0
5936b,16683,968,25,0
5942b,16683,969,26,0
3779b,16683,970,27,0
3781b,16683,972,28,0
6349b,16683,973,29,0
2954b,16683,973,30,0
2956b,16683,975,31,0
2958b,16683,976,32,0
2961b,16683,977,33,0
2159b,16683,977,34,0
2963b,16683,978,35,0
236b,16683,979,36,0
2590b,16683,980,37,0
198b,16683,981,38,0
2967b,16683,982,39,0
1501b,16683,982,40,0
723b,16683,983,41,0
4027b,16683,984,42,0
3974b,16683,986,43,0
4275b,16683,986,44,0
5471b,16683,987,45,0
4142b,16683,988,46,0
5473b,16683,989,47,0
5452b,16683,990,48,1
2964b,2699,1200,1,0
327b,2699,1200,2,0
2962b,2699,1201,3,0
2960b,2699,1202,4,0
2959b,2699,1202,5,0
2957b,2699,1203,6,0
2955b,2699,1203,7,0
6344b,2699,1204,8,0
5938b,2699,1205,9,0
3780b,2699,1205,10,0
5943b,2699,1206,11,0
5937b,2699,1207,12,0
2213b,2699,1208,13,0
2210b,2699,1208,14,0
1879b,2699,1209,15,0
512b,2699,1209,16,0
2209b,2699,1210,17,0
2211b,2699,1210,18,0
1476b,2699,1211,19,0
936b,2699,1211,20,0
2645b,2699,1212,21,0
204b,2699,1213,22,0
1686b,2699,1213,23,0
2212b,2699,1214,24,0
1878b,2699,1214,25,0
2216b,2699,1215,26,0
2215b,2699,1216,27,0
505b,2699,1217,28,0
94b,2699,1218,29,0
2643b,2699,1218,30,0
837b,2699,1220,31,0
1649b,2699,1221,32,0
2443b,2699,1222,33,0
1705b,2699,1224,34,0
3647b,2699,1226,35,0
4059b,2699,1228,36,1
4059b,4487,554,1,0
3648b,4487,555,2,0
335b,4487,557,3,0
1657b,4487,557,4,0
921b,4487,558,5,0
1650b,4487,559,6,0
1115b,4487,560,7,0
2330b,4487,561,8,0
549b,4487,561,9,0
1459b,4487,563,10,0
69b,4487,563,11,0
1967b,4487,564,12,0
2208b,4487,564,13,0
1720b,4487,565,14,0
1963b,4487,565,15,0
767b,4487,565,16,0
449b,4487,567,17,0
2290b,4487,567,18,0
2205b,4487,568,19,0
1875b,4487,569,20,0
1081b,4487,570,21,0
414b,4487,570,22,0
2207b,4487,571,23,0
999b,4487,571,24,0
5936b,4487,572,25,0
5942b,4487,574,26,0
3779b,4487,574,27,0
3781b,4487,576,28,0
6349b,4487,577,29,0
2954b,4487,577,30,0
2956b,4487,578,31,0
2958b,4487,579,32,0
2961b,4487,580,33,0
2159b,4487,580,34,0
2963b,4487,581,35,0
236b,4487,582,36,1
3680b,4411,838,1,0
4207b,4411,839,2,0
2960b,4411,840,3,0
2959b,4411,840,4,0
2957b,4411,841,5,0
2955b,4411,842,6,0
6344b,4411,843,7,0
5938b,4411,844,8,0
3780b,4411,845,9,0
5943b,4411,845,10,0
5937b,4411,847,11,0
2213b,4411,847,12,0
2210b,4411,848,13,0
1879b,4411,849,14,0
512b,4411,849,15,0
2209b,4411,850,16,0
2211b,4411,850,17,0
1476b,4411,851,18,0
936b,4411,852,19,0
2645b,4411,853,20,0
204b,4411,854,21,0
1686b,4411,854,22,0
2212b,4411,855,23,0
1878b,4411,855,24,0
2216b,4411,856,25,0
2215b,4411,857,26,0
505b,4411,859,27,0
94b,4411,860,28,0
2643b,4411,861,29,0
837b,4411,862,30,0
1649b,4411,864,31,0
2443b,4411,865,32,0
1705b,4411,867,33,0
3647b,4411,869,34,0
4059b,4411,872,35,1
4059b,608,734,1,0
3648b,608,735,2,0
335b,608,737,3,0
1657b,608,737,4,0
921b,608,738,5,0
1650b,608,739,6,0
1115b,608,740,7,0
2330b,608,741,8,0
549b,608,741,9,0
1459b,608,743,10,0
69b,608,743,11,0
1967b,608,744,12,0
2208b,608,744,13,0
1720b,608,745,14,0
1963b,608,745,15,0
767b,608,745,16,0
449b,608,747,17,0
2290b,608,747,18,0
2205b,608,748,19,0
1875b,608,749,20,0
1081b,608,750,21,0
414b,608,750,22,0
2207b,608,751,23,0
999b,608,751,24,0
5936b,608,752,25,0
5942b,608,754,26,0
3779b,608,754,27,0
3781b,608,756,28,0
6349b,608,757,29,0
2954b,608,757,30,0
2956b,608,759,31,0
2958b,608,760,32,0
2961b,608,761,33,0
2159b,608,761,34,0
2963b,608,762,35,0
236b,608,763,36,1
4059b,20398,854,1,0
3648b,20398,855,2,0
335b,20398,857,3,0
1657b,20398,857,4,0
921b,20398,858,5,0
1650b,20398,859,6,0
1115b,20398,860,7,0
2330b,20398,861,8,0
549b,20398,861,9,0
1459b,20398,863,10,0
69b,20398,863,11,0
1967b,20398,864,12,0
2208b,20398,865,13,0
1720b,20398,865,14,0
1963b,20398,866,15,0
767b,20398,866,16,0
449b,20398,868,17,0
2290b,20398,868,18,0
2205b,20398,869,19,0
1875b,20398,870,20,0
1081b,20398,871,21,0
414b,20398,871,22,0
2207b,20398,872,23,0
999b,20398,872,24,0
5936b,20398,873,25,0
5942b,20398,875,26,0
3779b,20398,875,27,0
3781b,20398,877,28,0
6349b,20398,878,29,0
2954b,20398,878,30,0
2956b,20398,880,31,0
2958b,20398,881,32,0
2961b,20398,882,33,0
2159b,20398,882,34,0
2963b,20398,883,35,0
236b,20398,884,36,1
2964b,26020,1020,1,0
327b,26020,1020,2,0
2962b,26020,1021,3,0
2960b,26020,1022,4,0
2959b,26020,1022,5,0
2957b,26020,1023,6,0
2955b,26020,1023,7,0
6344b,26020,1024,8,0
5938b,26020,1025,9,0
3780b,26020,1025,10,0
5943b,26020,1026,11,0
5937b,26020,1027,12,0
2213b,26020,1028,13,0
2210b,26020,1028,14,0
1879b,26020,1029,15,0
512b,26020,1029,16,0
2209b,26020,1030,17,0
2211b,26020,1030,18,0
1476b,26020,1031,19,0
936b,26020,1031,20,0
2645b,26020,1032,21,0
204b,26020,1033,22,0
1686b,26020,1033,23,0
2212b,26020,1034,24,0
1878b,26020,1034,25,0
2216b,26020,1035,26,0
2215b,26020,1036,27,0
505b,26020,1037,28,0
94b,26020,1038,29,0
2643b,26020,1038,30,0
837b,26020,1040,31,0
1649b,26020,1041,32,0
2443b,26020,1042,33,0
1705b,26020,1044,34,0
3647b,26020,1046,35,0
4059b,26020,1048,36,1
5452b,2628,559,1,0
5474b,2628,559,2,0
4141b,2628,560,3,0
5472b,2628,561,4,0
4274b,2628,562,5,0
5454b,2628,563,6,0
4026b,2628,564,7,0
2651b,2628,564,8,0
1092b,2628,565,9,0
5469b,2628,566,10,0
2053b,2628,566,11,0
2966b,2628,567,12,0
1588b,2628,567,13,0
2964b,2628,568,14,0
327b,2628,568,15,0
2962b,2628,569,16,0
2960b,2628,570,17,0
2959b,2628,570,18,0
2957b,2628,571,19,0
2955b,2628,572,20,0
6344b,2628,573,21,0
5938b,2628,574,22,0
3780b,2628,575,23,0
5943b,2628,575,24,0
5937b,2628,577,25,0
2213b,2628,577,26,0
2210b,2628,578,27,0
1879b,2628,579,28,0
512b,2628,579,29,0
2209b,2628,580,30,0
2211b,2628,580,31,0
1476b,2628,581,32,0
936b,2628,582,33,0
2645b,2628,583,34,0
204b,2628,584,35,0
1686b,2628,584,36,0
2212b,2628,585,37,0
1878b,2628,585,38,0
2216b,2628,586,39,0
2215b,2628,587,40,0
505b,2628,589,41,0
94b,2628,590,42,0
2643b,2628,591,43,0
837b,2628,592,44,0
1649b,2628,594,45,0
2443b,2628,595,46,0
1705b,2628,597,47,0
3647b,2628,599,48,0
4059b,2628,602,49,1
2964b,14678,420,1,0
327b,14678,420,2,0
2962b,14678,421,3,0
2960b,14678,422,4,0
2959b,14678,422,5,0
2957b,14678,423,6,0
2955b,14678,423,7,0
6344b,14678,424,8,0
5938b,14678,425,9,0
3780b,14678,425,10,0
5943b,14678,426,11,0
5937b,14678,427,12,0
2213b,14678,428,13,0
2210b,14678,428,14,0
1879b,14678,429,15,0
512b,14678,429,16,0
2209b,14678,430,17,0
2211b,14678,430,18,0
1476b,14678,431,19,0
936b,14678,431,20,0
2645b,14678,432,21,0
204b,14678,433,22,0
1686b,14678,433,23,0
2212b,14678,434,24,0
1878b,14678,434,25,0
2216b,14678,435,26,0
2215b,14678,436,27,0
505b,14678,437,28,0
94b,14678,438,29,0
2643b,14678,438,30,0
837b,14678,440,31,0
1649b,14678,441,32,0
2443b,14678,442,33,0
1705b,14678,443,34,0
3647b,14678,445,35,0
4059b,14678,447,36,1
2964b,28472,1095,1,0
327b,28472,1095,2,0
2962b,28472,1096,3,0
2960b,28472,1097,4,0
2959b,28472,1097,5,0
2957b,28472,1098,6,0
2955b,28472,1098,7,0
6344b,28472,1099,8,0
5938b,28472,1100,9,0
3780b,28472,1100,10,0
5943b,28472,1101,11,0
5937b,28472,1102,12,0
2213b,28472,1103,13,0
2210b,28472,1103,14,0
1879b,28472,1104,15,0
512b,28472,1104,16,0
2209b,28472,1105,17,0
2211b,28472,1105,18,0
1476b,28472,1106,19,0
936b,28472,1107,20,0
2645b,28472,1108,21,0
204b,28472,1109,22,0
1686b,28472,1109,23,0
2212b,28472,1110,24,0
1878b,28472,1110,25,0
2216b,28472,1111,26,0
2215b,28472,1112,27,0
505b,28472,1114,28,0
94b,28472,1115,29,0
2643b,28472,1116,30,0
837b,28472,1117,31,0
1649b,28472,1119,32,0
2443b,28472,1120,33,0
1705b,28472,1122,34,0
3647b,28472,1124,35,0
4059b,28472,1127,36,1
4059b,30634,674,1,0
3648b,30634,675,2,0
335b,30634,677,3,0
1657b,30634,677,4,0
921b,30634,678,5,0
1650b,30634,679,6,0
1115b,30634,680,7,0
2330b,30634,681,8,0
549b,30634,681,9,0
1459b,30634,683,10,0
69b,30634,683,11,0
1967b,30634,684,12,0
2208b,30634,685,13,0
1720b,30634,685,14,0
1963b,30634,686,15,0
767b,30634,686,16,0
449b,30634,688,17,0
2290b,30634,688,18,0
2205b,30634,689,19,0
1875b,30634,690,20,0
1081b,30634,691,21,0
414b,30634,691,22,0
2207b,30634,692,23,0
999b,30634,692,24,0
5936b,30634,693,25,0
5942b,30634,695,26,0
3779b,30634,695,27,0
3781b,30634,697,28,0
6349b,30634,698,29,0
2954b,30634,698,30,0
2956b,30634,700,31,0
2958b,30634,701,32,0
2961b,30634,702,33,0
2159b,30634,702,34,0
2963b,30634,703,35,0
236b,30634,704,36,1
3680b,16803,418,1,0
4207b,16803,419,2,0
2960b,16803,420,3,0
2959b,16803,420,4,0
2957b,16803,421,5,0
2955b,16803,422,6,0
6344b,16803,423,7,0
5938b,16803,424,8,0
3780b,16803,425,9,0
5943b,16803,425,10,0
5937b,16803,427,11,0
2213b,16803,427,12,0
2210b,16803,428,13,0
1879b,16803,429,14,0
512b,16803,429,15,0
2209b,16803,430,16,0
2211b,16803,430,17,0
1476b,16803,431,18,0
936b,16803,432,19,0
2645b,16803,433,20,0
204b,16803,434,21,0
1686b,16803,434,22,0
2212b,16803,435,23,0
1878b,16803,435,24,0
2216b,16803,436,25,0
2215b,16803,437,26,0
505b,16803,438,27,0
94b,16803,439,28,0
2643b,16803,439,29,0
837b,16803,441,30,0
1649b,16803,442,31,0
2443b,16803,443,32,0
1705b,16803,444,33,0
3647b,16803,446,34,0
4059b,16803,449,35,1
2964b,14559,1140,1,0
327b,14559,1140,2,0
2962b,14559,1141,3,0
2960b,14559,1142,4,0
2959b,14559,1142,5,0
2957b,14559,1143,6,0
2955b,14559,1143,7,0
6344b,14559,1144,8,0
5938b,14559,1145,9,0
3780b,14559,1145,10,0
5943b,14559,1146,11,0
5937b,14559,1147,12,0
2213b,14559,1148,13,0
2210b,14559,1148,14,0
1879b,14559,1149,15,0
512b,14559,1149,16,0
2209b,14559,1150,17,0
2211b,14559,1150,18,0
1476b,14559,1151,19,0
936b,14559,1151,20,0
2645b,14559,1152,21,0
204b,14559,1153,22,0
1686b,14559,1153,23,0
2212b,14559,1154,24,0
1878b,14559,1154,25,0
2216b,14559,1155,26,0
2215b,14559,1156,27,0
505b,14559,1157,28,0
94b,14559,1158,29,0
2643b,14559,1158,30,0
837b,14559,1160,31,0
1649b,14559,1161,32,0
2443b,14559,1162,33,0
1705b,14559,1164,34,0
3647b,14559,1166,35,0
4059b,14559,1168,36,1
2964b,6274,600,1,0
327b,6274,600,2,0
2962b,6274,601,3,0
2960b,6274,602,4,0
2959b,6274,602,5,0
2957b,6274,603,6,0
2955b,6274,603,7,0
6344b,6274,604,8,0
5938b,6274,605,9,0
3780b,6274,605,10,0
5943b,6274,606,11,0
5937b,6274,607,12,0
2213b,6274,608,13,0
2210b,6274,608,14,0
1879b,6274,609,15,0
512b,6274,609,16,0
2209b,6274,610,17,0
2211b,6274,610,18,0
1476b,6274,611,19,0
936b,6274,611,20,0
2645b,6274,612,21,0
204b,6274,613,22,0
1686b,6274,613,23,0
2212b,6274,614,24,0
1878b,6274,614,25,0
2216b,6274,615,26,0
2215b,6274,616,27,0
505b,6274,617,28,0
94b,6274,618,29,0
2643b,6274,618,30,0
837b,6274,620,31,0
1649b,6274,621,32,0
2443b,6274,622,33,0
1705b,6274,624,34,0
3647b,6274,626,35,0
4059b,6274,629,36,1
4059b,6273,704,1,0
3648b,6273,705,2,0
335b,6273,709,3,0
1657b,6273,709,4,0
921b,6273,710,5,0
1650b,6273,711,6,0
1115b,6273,713,7,0
2330b,6273,714,8,0
549b,6273,715,9,0
1459b,6273,717,10,0
69b,6273,717,11,0
1967b,6273,718,12,0
2208b,6273,719,13,0
1720b,6273,719,14,0
1963b,6273,720,15,0
767b,6273,720,16,0
449b,6273,722,17,0
2290b,6273,722,18,0
2205b,6273,723,19,0
1875b,6273,724,20,0
1081b,6273,725,21,0
414b,6273,725,22,0
2207b,6273,726,23,0
999b,6273,727,24,0
5936b,6273,728,25,0
5942b,6273,729,26,0
3779b,6273,730,27,0
3781b,6273,732,28,0
6349b,6273,733,29,0
2954b,6273,733,30,0
2956b,6273,735,31,0
2958b,6273,736,32,0
2961b,6273,737,33,0
2159b,6273,737,34,0
2963b,6273,738,35,0
236b,6273,739,36,0
2590b,6273,740,37,0
198b,6273,741,38,0
2967b,6273,742,39,0
1501b,6273,742,40,0
723b,6273,743,41,0
4027b,6273,744,42,0
3974b,6273,746,43,0
4275b,6273,746,44,0
5471b,6273,747,45,0
4142b,6273,748,46,0
5473b,6273,749,47,0
5452b,6273,750,48,1
2964b,6210,375,1,0
327b,6210,375,2,0
2962b,6210,376,3,0
2960b,6210,377,4,0
2959b,6210,377,5,0
2957b,6210,378,6,0
2955b,6210,378,7,0
6344b,6210,379,8,0
5938b,6210,380,9,0
3780b,6210,380,10,0
5943b,6210,381,11,0
5937b,6210,382,12,0
2213b,6210,382,13,0
2210b,6210,382,14,0
1879b,6210,383,15,0
512b,6210,383,16,0
2209b,6210,384,17,0
2211b,6210,384,18,0
1476b,6210,385,19,0
936b,6210,385,20,0
2645b,6210,386,21,0
204b,6210,387,22,0
1686b,6210,387,23,0
2212b,6210,388,24,0
1878b,6210,388,25,0
2216b,6210,389,26,0
2215b,6210,390,27,0
505b,6210,391,28,0
94b,6210,392,29,0
2643b,6210,392,30,0
837b,6210,394,31,0
1649b,6210,395,32,0
2443b,6210,396,33,0
1705b,6210,397,34,0
3647b,6210,398,35,0
4059b,6210,400,36,1
4059b,4053,1214,1,0
3648b,4053,1215,2,0
335b,4053,1217,3,0
1657b,4053,1217,4,0
921b,4053,1218,5,0
1650b,4053,1219,6,0
1115b,4053,1220,7,0
2330b,4053,1221,8,0
549b,4053,1221,9,0
1459b,4053,1223,10,0
69b,4053,1223,11,0
1967b,4053,1224,12,0
2208b,4053,1224,13,0
1720b,4053,1225,14,0
1963b,4053,1225,15,0
767b,4053,1225,16,0
449b,4053,1227,17,0
2290b,4053,1227,18,0
2205b,4053,1228,19,0
1875b,4053,1229,20,0
1081b,4053,1230,21,0
414b,4053,1230,22,0
2207b,4053,1231,23,0
999b,4053,1231,24,0
5936b,4053,1232,25,0
5942b,4053,1234,26,0
3779b,4053,1234,27,0
3781b,4053,1236,28,0
6349b,4053,1237,29,0
2954b,4053,1237,30,0
2956b,4053,1238,31,0
2958b,4053,1239,32,0
2961b,4053,1240,33,0
2159b,4053,1240,34,0
2963b,4053,1241,35,0
236b,4053,1242,36,1
3680b,30829,1139,1,0
4207b,30829,1140,2,0
2960b,30829,1141,3,0
2959b,30829,1141,4,0
2957b,30829,1142,5,0
2955b,30829,1143,6,0
6344b,30829,1144,7,0
5938b,30829,1145,8,0
3780b,30829,1145,9,0
5943b,30829,1146,10,0
5937b,30829,1147,11,0
2213b,30829,1148,12,0
2210b,30829,1148,13,0
1879b,30829,1149,14,0
512b,30829,1149,15,0
2209b,30829,1150,16,0
2211b,30829,1150,17,0
1476b,30829,1151,18,0
936b,30829,1151,19,0
2645b,30829,1152,20,0
204b,30829,1153,21,0
1686b,30829,1153,22,0
2212b,30829,1154,23,0
1878b,30829,1154,24,0
2216b,30829,1155,25,0
2215b,30829,1156,26,0
505b,30829,1157,27,0
94b,30829,1158,28,0
2643b,30829,1158,29,0
837b,30829,1160,30,0
1649b,30829,1161,31,0
2443b,30829,1162,32,0
1705b,30829,1163,33,0
3647b,30829,1165,34,0
4059b,30829,1168,35,1
2964b,14989,1080,1,0
327b,14989,1080,2,0
2962b,14989,1081,3,0
2960b,14989,1082,4,0
2959b,14989,1082,5,0
2957b,14989,1083,6,0
2955b,14989,1083,7,0
6344b,14989,1084,8,0
5938b,14989,1085,9,0
3780b,14989,1085,10,0
5943b,14989,1086,11,0
5937b,14989,1087,12,0
2213b,14989,1088,13,0
2210b,14989,1088,14,0
1879b,14989,1089,15,0
512b,14989,1089,16,0
2209b,14989,1090,17,0
2211b,14989,1090,18,0
1476b,14989,1091,19,0
936b,14989,1091,20,0
2645b,14989,1092,21,0
204b,14989,1093,22,0
1686b,14989,1093,23,0
2212b,14989,1094,24,0
1878b,14989,1094,25,0
2216b,14989,1095,26,0
2215b,14989,1096,27,0
505b,14989,1097,28,0
94b,14989,1098,29,0
2643b,14989,1098,30,0
837b,14989,1100,31,0
1649b,14989,1101,32,0
2443b,14989,1102,33,0
1705b,14989,1104,34,0
3647b,14989,1106,35,0
4059b,14989,1108,36,1
4059b,30988,914,1,0
3648b,30988,915,2,0
335b,30988,919,3,0
1657b,30988,919,4,0
921b,30988,920,5,0
1650b,30988,921,6,0
1115b,30988,923,7,0
2330b,30988,924,8,0
549b,30988,925,9,0
1459b,30988,927,10,0
69b,30988,927,11,0
1967b,30988,928,12,0
2208b,30988,929,13,0
1720b,30988,929,14,0
1963b,30988,930,15,0
767b,30988,930,16,0
449b,30988,932,17,0
2290b,30988,932,18,0
2205b,30988,933,19,0
1875b,30988,934,20,0
1081b,30988,935,21,0
414b,30988,935,22,0
2207b,30988,936,23,0
999b,30988,937,24,0
5936b,30988,938,25,0
5942b,30988,939,26,0
3779b,30988,940,27,0
3781b,30988,942,28,0
6349b,30988,943,29,0
2954b,30988,943,30,0
2956b,30988,945,31,0
2958b,30988,946,32,0
2961b,30988,947,33,0
4206b,30988,948,34,0
3680b,30988,949,35,1
4059b,26454,784,1,0
3648b,26454,785,2,0
335b,26454,789,3,0
1657b,26454,789,4,0
921b,26454,790,5,0
1650b,26454,791,6,0
1115b,26454,792,7,0
2330b,26454,793,8,0
549b,26454,793,9,0
1459b,26454,795,10,0
69b,26454,795,11,0
1967b,26454,796,12,0
2208b,26454,797,13,0
1720b,26454,797,14,0
1963b,26454,798,15,0
767b,26454,798,16,0
449b,26454,800,17,0
2290b,26454,801,18,0
2205b,26454,802,19,0
1875b,26454,803,20,0
1081b,26454,804,21,0
414b,26454,804,22,0
2207b,26454,805,23,0
999b,26454,805,24,0
5936b,26454,806,25,0
5942b,26454,808,26,0
3779b,26454,808,27,0
3781b,26454,810,28,0
6349b,26454,811,29,0
2954b,26454,811,30,0
2956b,26454,813,31,0
2958b,26454,814,32,0
2961b,26454,815,33,0
2159b,26454,815,34,0
2963b,26454,816,35,0
236b,26454,817,36,1
3680b,30940,1198,1,0
4207b,30940,1199,2,0
2960b,30940,1200,3,0
2959b,30940,1200,4,0
2957b,30940,1201,5,0
2955b,30940,1202,6,0
6344b,30940,1203,7,0
5938b,30940,1204,8,0
3780b,30940,1204,9,0
5943b,30940,1205,10,0
5937b,30940,1206,11,0
2213b,30940,1207,12,0
2210b,30940,1207,13,0
1879b,30940,1208,14,0
512b,30940,1208,15,0
2209b,30940,1209,16,0
2211b,30940,1209,17,0
1476b,30940,1210,18,0
936b,30940,1210,19,0
2645b,30940,1211,20,0
204b,30940,1212,21,0
1686b,30940,1212,22,0
2212b,30940,1213,23,0
1878b,30940,1213,24,0
2216b,30940,1214,25,0
2215b,30940,1215,26,0
505b,30940,1216,27,0
94b,30940,1217,28,0
2643b,30940,1217,29,0
837b,30940,1219,30,0
1649b,30940,1220,31,0
2443b,30940,1221,32,0
1705b,30940,1222,33,0
3647b,30940,1224,34,0
4059b,30940,1227,35,1
4059b,6436,464,1,0
3648b,6436,465,2,0
335b,6436,469,3,0
1657b,6436,469,4,0
921b,6436,470,5,0
1650b,6436,471,6,0
1115b,6436,473,7,0
2330b,6436,475,8,0
549b,6436,475,9,0
1459b,6436,478,10,0
69b,6436,478,11,0
1967b,6436,479,12,0
2208b,6436,480,13,0
1720b,6436,481,14,0
1963b,6436,481,15,0
767b,6436,482,16,0
449b,6436,484,17,0
2290b,6436,484,18,0
2205b,6436,485,19,0
1875b,6436,486,20,0
1081b,6436,487,21,0
414b,6436,487,22,0
2207b,6436,488,23,0
999b,6436,489,24,0
5936b,6436,490,25,0
5942b,6436,491,26,0
3779b,6436,492,27,0
3781b,6436,494,28,0
6349b,6436,495,29,0
2954b,6436,495,30,0
2956b,6436,497,31,0
2958b,6436,498,32,0
2961b,6436,499,33,0
2159b,6436,499,34,0
2963b,6436,500,35,0
236b,6436,501,36,0
2590b,6436,502,37,0
198b,6436,503,38,0
2967b,6436,504,39,0
1501b,6436,504,40,0
723b,6436,505,41,0
4027b,6436,506,42,0
3974b,6436,508,43,0
4275b,6436,508,44,0
5471b,6436,509,45,0
4142b,6436,510,46,0
5473b,6436,511,47,0
5452b,6436,512,48,1
3680b,26686,658,1,0
4207b,26686,659,2,0
2960b,26686,660,3,0
2959b,26686,660,4,0
2957b,26686,661,5,0
2955b,26686,662,6,0
6344b,26686,663,7,0
5938b,26686,664,8,0
3780b,26686,665,9,0
5943b,26686,665,10,0
5937b,26686,667,11,0
2213b,26686,667,12,0
2210b,26686,668,13,0
1879b,26686,669,14,0
512b,26686,669,15,0
2209b,26686,670,16,0
2211b,26686,670,17,0
1476b,26686,671,18,0
936b,26686,672,19,0
2645b,26686,673,20,0
204b,26686,674,21,0
1686b,26686,674,22,0
2212b,26686,675,23,0
1878b,26686,675,24,0
2216b,26686,676,25,0
2215b,26686,677,26,0
505b,26686,679,27,0
94b,26686,680,28,0
2643b,26686,681,29,0
837b,26686,682,30,0
1649b,26686,684,31,0
2443b,26686,685,32,0
1705b,26686,687,33,0
3647b,26686,689,34,0
4059b,26686,692,35,1
4059b,28264,874,1,0
3648b,28264,875,2,0
335b,28264,879,3,0
1657b,28264,879,4,0
921b,28264,880,5,0
1650b,28264,881,6,0
1115b,28264,882,7,0
2330b,28264,883,8,0
549b,28264,883,9,0
1459b,28264,885,10,0
69b,28264,885,11,0
1967b,28264,886,12,0
2208b,28264,887,13,0
1720b,28264,887,14,0
1963b,28264,888,15,0
767b,28264,888,16,0
449b,28264,890,17,0
2290b,28264,891,18,0
2205b,28264,892,19,0
1875b,28264,893,20,0
1081b,28264,894,21,0
414b,28264,894,22,0
2207b,28264,895,23,0
999b,28264,895,24,0
5936b,28264,896,25,0
5942b,28264,898,26,0
3779b,28264,898,27,0
3781b,28264,900,28,0
6349b,28264,901,29,0
2954b,28264,901,30,0
2956b,28264,903,31,0
2958b,28264,904,32,0
2961b,28264,905,33,0
2159b,28264,905,34,0
2963b,28264,906,35,0
236b,28264,907,36,1
4059b,28259,1004,1,0
3648b,28259,1005,2,0
335b,28259,1009,3,0
1657b,28259,1009,4,0
921b,28259,1010,5,0
1650b,28259,1011,6,0
1115b,28259,1013,7,0
2330b,28259,1014,8,0
549b,28259,1015,9,0
1459b,28259,1017,10,0
69b,28259,1017,11,0
1967b,28259,1018,12,0
2208b,28259,1019,13,0
1720b,28259,1019,14,0
1963b,28259,1020,15,0
767b,28259,1020,16,0
449b,28259,1022,17,0
2290b,28259,1022,18,0
2205b,28259,1023,19,0
1875b,28259,1024,20,0
1081b,28259,1025,21,0
414b,28259,1025,22,0
2207b,28259,1026,23,0
999b,28259,1027,24,0
5936b,28259,1028,25,0
5942b,28259,1029,26,0
3779b,28259,1030,27,0
3781b,28259,1032,28,0
6349b,28259,1033,29,0
2954b,28259,1034,30,0
2956b,28259,1035,31,0
2958b,28259,1036,32,0
2961b,28259,1038,33,0
2159b,28259,1038,34,0
2963b,28259,1039,35,0
236b,28259,1040,36,0
2590b,28259,1041,37,0
198b,28259,1042,38,0
2967b,28259,1043,39,0
1501b,28259,1043,40,0
723b,28259,1044,41,0
4027b,28259,1045,42,0
3974b,28259,1047,43,0
4275b,28259,1047,44,0
5471b,28259,1048,45,0
4142b,28259,1049,46,0
5473b,28259,1050,47,0
5452b,28259,1051,48,1
4059b,26827,1034,1,0
3648b,26827,1035,2,0
335b,26827,1039,3,0
1657b,26827,1039,4,0
921b,26827,1041,5,0
1650b,26827,1042,6,0
1115b,26827,1044,7,0
2330b,26827,1046,8,0
549b,26827,1046,9,0
1459b,26827,1049,10,0
69b,26827,1049,11,0
1967b,26827,1050,12,0
2208b,26827,1051,13,0
1720b,26827,1052,14,0
1963b,26827,1052,15,0
767b,26827,1053,16,0
449b,26827,1055,17,0
2290b,26827,1055,18,0
2205b,26827,1056,19,0
1875b,26827,1057,20,0
1081b,26827,1058,21,0
414b,26827,1058,22,0
2207b,26827,1059,23,0
999b,26827,1060,24,0
5936b,26827,1061,25,0
5942b,26827,1062,26,0
3779b,26827,1063,27,0
3781b,26827,1065,28,0
6349b,26827,1066,29,0
2954b,26827,1067,30,0
2956b,26827,1068,31,0
2958b,26827,1069,32,0
2961b,26827,1071,33,0
4206b,26827,1072,34,0
3680b,26827,1073,35,1
4059b,26816,794,1,0
3648b,26816,795,2,0
335b,26816,799,3,0
1657b,26816,799,4,0
921b,26816,800,5,0
1650b,26816,801,6,0
1115b,26816,803,7,0
2330b,26816,804,8,0
549b,26816,805,9,0
1459b,26816,807,10,0
69b,26816,807,11,0
1967b,26816,808,12,0
2208b,26816,809,13,0
1720b,26816,809,14,0
1963b,26816,810,15,0
767b,26816,810,16,0
449b,26816,812,17,0
2290b,26816,812,18,0
2205b,26816,813,19,0
1875b,26816,814,20,0
1081b,26816,815,21,0
414b,26816,815,22,0
2207b,26816,816,23,0
999b,26816,817,24,0
5936b,26816,818,25,0
5942b,26816,819,26,0
3779b,26816,820,27,0
3781b,26816,822,28,0
6349b,26816,823,29,0
2954b,26816,823,30,0
2956b,26816,825,31,0
2958b,26816,826,32,0
2961b,26816,827,33,0
4206b,26816,828,34,0
3680b,26816,829,35,1
2964b,6628,960,1,0
327b,6628,960,2,0
2962b,6628,961,3,0
2960b,6628,962,4,0
2959b,6628,962,5,0
2957b,6628,963,6,0
2955b,6628,963,7,0
6344b,6628,964,8,0
5938b,6628,965,9,0
3780b,6628,965,10,0
5943b,6628,966,11,0
5937b,6628,967,12,0
2213b,6628,968,13,0
2210b,6628,968,14,0
1879b,6628,969,15,0
512b,6628,969,16,0
2209b,6628,970,17,0
2211b,6628,970,18,0
1476b,6628,971,19,0
936b,6628,971,20,0
2645b,6628,972,21,0
204b,6628,973,22,0
1686b,6628,973,23,0
2212b,6628,974,24,0
1878b,6628,974,25,0
2216b,6628,975,26,0
2215b,6628,976,27,0
505b,6628,977,28,0
94b,6628,978,29,0
2643b,6628,978,30,0
837b,6628,980,31,0
1649b,6628,981,32,0
2443b,6628,982,33,0
1705b,6628,984,34,0
3647b,6628,986,35,0
4059b,6628,988,36,1
2964b,30598,480,1,0
327b,30598,480,2,0
2962b,30598,481,3,0
2960b,30598,482,4,0
2959b,30598,482,5,0
2957b,30598,483,6,0
2955b,30598,483,7,0
6344b,30598,484,8,0
5938b,30598,485,9,0
3780b,30598,485,10,0
5943b,30598,486,11,0
5937b,30598,487,12,0
2213b,30598,488,13,0
2210b,30598,488,14,0
1879b,30598,489,15,0
512b,30598,489,16,0
2209b,30598,490,17,0
2211b,30598,490,18,0
1476b,30598,491,19,0
936b,30598,491,20,0
2645b,30598,492,21,0
204b,30598,493,22,0
1686b,30598,493,23,0
2212b,30598,494,24,0
1878b,30598,494,25,0
2216b,30598,495,26,0
2215b,30598,496,27,0
505b,30598,497,28,0
94b,30598,498,29,0
2643b,30598,498,30,0
837b,30598,500,31,0
1649b,30598,501,32,0
2443b,30598,502,33,0
1705b,30598,503,34,0
3647b,30598,505,35,0
4059b,30598,507,36,1
4059b,14359,614,1,0
3648b,14359,615,2,0
335b,14359,619,3,0
1657b,14359,619,4,0
921b,14359,620,5,0
1650b,14359,621,6,0
1115b,14359,623,7,0
2330b,14359,624,8,0
549b,14359,625,9,0
1459b,14359,627,10,0
69b,14359,627,11,0
1967b,14359,628,12,0
2208b,14359,629,13,0
1720b,14359,629,14,0
1963b,14359,630,15,0
767b,14359,630,16,0
449b,14359,632,17,0
2290b,14359,632,18,0
2205b,14359,633,19,0
1875b,14359,634,20,0
1081b,14359,635,21,0
414b,14359,635,22,0
2207b,14359,636,23,0
999b,14359,637,24,0
5936b,14359,638,25,0
5942b,14359,639,26,0
3779b,14359,640,27,0
3781b,14359,642,28,0
6349b,14359,643,29,0
2954b,14359,643,30,0
2956b,14359,645,31,0
2958b,14359,646,32,0
2961b,14359,647,33,0
4206b,14359,648,34,0
3680b,14359,649,35,1
2964b,28107,540,1,0
327b,28107,540,2,0
2962b,28107,541,3,0
2960b,28107,542,4,0
2959b,28107,542,5,0
2957b,28107,543,6,0
2955b,28107,543,7,0
6344b,28107,544,8,0
5938b,28107,545,9,0
3780b,28107,545,10,0
5943b,28107,546,11,0
5937b,28107,547,12,0
2213b,28107,548,13,0
2210b,28107,548,14,0
1879b,28107,549,15,0
512b,28107,549,16,0
2209b,28107,550,17,0
2211b,28107,550,18,0
1476b,28107,551,19,0
936b,28107,551,20,0
2645b,28107,552,21,0
204b,28107,553,22,0
1686b,28107,553,23,0
2212b,28107,554,24,0
1878b,28107,554,25,0
2216b,28107,555,26,0
2215b,28107,556,27,0
505b,28107,557,28,0
94b,28107,558,29,0
2643b,28107,558,30,0
837b,28107,560,31,0
1649b,28107,561,32,0
2443b,28107,562,33,0
1705b,28107,563,34,0
3647b,28107,565,35,0
4059b,28107,567,36,1
