arret_id,trajet_id,heure_depart,stop_sequence,terminus
4524b,10725,541,1,0
3788b,10725,541,2,0
2161b,10725,542,3,0
1716b,10725,543,4,0
186b,10725,543,5,0
1276b,10725,544,6,0
1513b,10725,544,7,0
1146b,10725,545,8,0
1451b,10725,545,9,0
606b,10725,546,10,0
1726b,10725,547,11,0
3314b,10725,548,12,0
4750b,10725,549,13,0
2195b,10725,550,14,0
244b,10725,550,15,0
1809b,10725,551,16,0
2194b,10725,551,17,0
2078b,10725,553,18,0
5747b,10725,554,19,0
5780b,10725,556,20,0
5778b,10725,557,21,0
2076b,10725,558,22,0
3894b,10725,559,23,0
5762b,10725,562,24,0
5757b,10725,562,25,0
950b,10725,563,26,0
1108b,10725,564,27,0
2028b,10725,565,28,0
1995b,10725,566,29,0
2071b,10725,566,30,0
2056b,10725,566,31,0
1514b,10725,567,32,0
1820b,10725,568,33,0
2248b,10725,569,34,0
2251b,10725,569,35,0
2144b,10725,570,36,0
2150b,10725,571,37,0
1870b,10725,571,38,0
2151b,10725,571,39,0
2148b,10725,572,40,0
3939b,10725,573,41,0
5418b,10725,574,42,0
3941b,10725,576,43,0
4850b,10725,577,44,0
5766b,10725,577,45,0
1882b,10725,579,46,0
2160b,10725,579,47,0
1571b,10725,581,48,0
1523b,10725,582,49,0
726b,10725,584,50,0
247b,10725,585,51,0
2011b,10725,585,52,0
2118b,10725,587,53,0
7593b,10725,589,54,0
7592b,10725,591,55,0
7594b,10725,592,56,0
7570b,10725,592,57,0
7569b,10725,593,58,0
2522b,10725,593,59,0
1888b,10725,594,60,0
1677b,10725,594,61,0
1376b,10725,594,62,0
2558b,10725,595,63,0
1121b,10725,596,64,1
2093b,22216,1020,1,0
2081b,22216,1020,2,0
1524b,22216,1020,3,0
1428b,22216,1021,4,0
3296b,22216,1021,5,0
1090b,22216,1021,6,0
305b,22216,1022,7,0
2869b,22216,1022,8,0
7591b,22216,1023,9,0
1684b,22216,1023,10,0
1675b,22216,1025,11,0
1915b,22216,1026,12,0
1682b,22216,1027,13,0
668b,22216,1028,14,0
1732b,22216,1030,15,0
1346b,22216,1030,16,0
1303b,22216,1032,17,0
1751b,22216,1032,18,0
5767b,22216,1034,19,0
3943b,22216,1035,20,0
3942b,22216,1035,21,0
5419b,22216,1037,22,0
3940b,22216,1038,23,0
2143b,22216,1040,24,0
106b,22216,1041,25,0
2201b,22216,1041,26,0
2147b,22216,1042,27,0
5773b,22216,1043,28,0
2656b,22216,1043,29,0
2146b,22216,1044,30,0
1821b,22216,1045,31,0
5644b,22216,1045,32,0
2019b,22216,1046,33,0
2229b,22216,1047,34,0
2173b,22216,1048,35,0
2230b,22216,1048,36,0
3662b,22216,1049,37,0
2180b,22216,1050,38,0
2175b,22216,1051,39,0
1305b,22216,1051,40,0
5746b,22216,1052,41,0
5761b,22216,1053,42,0
5776b,22216,1055,43,0
1586b,22216,1057,44,0
5777b,22216,1057,45,0
5779b,22216,1059,46,0
5785b,22216,1061,47,0
1095b,22216,1063,48,0
261b,22216,1064,49,0
2196b,22216,1065,50,0
1512b,22216,1065,51,0
1805b,22216,1066,52,0
4055b,22216,1066,53,0
3309b,22216,1067,54,0
1192b,22216,1068,55,0
1144b,22216,1069,56,0
387b,22216,1070,57,0
38b,22216,1071,58,0
445b,22216,1071,59,0
801b,22216,1072,60,0
1164b,22216,1072,61,0
3888b,22216,1073,62,0
150b,22216,1074,63,0
3545b,22216,1075,64,1
2093b,17654,720,1,0
2081b,17654,720,2,0
1524b,17654,720,3,0
1428b,17654,721,4,0
3296b,17654,721,5,0
1090b,17654,721,6,0
305b,17654,722,7,0
2869b,17654,722,8,0
7591b,17654,723,9,0
1684b,17654,723,10,0
1675b,17654,725,11,0
1915b,17654,726,12,0
1682b,17654,727,13,0
668b,17654,728,14,0
1732b,17654,730,15,0
1346b,17654,730,16,0
1303b,17654,732,17,0
1751b,17654,732,18,0
5767b,17654,734,19,0
3943b,17654,735,20,0
3942b,17654,735,21,0
5419b,17654,737,22,0
3940b,17654,738,23,0
2143b,17654,740,24,0
106b,17654,741,25,0
2201b,17654,741,26,0
2147b,17654,742,27,0
5773b,17654,743,28,0
2656b,17654,743,29,0
2146b,17654,744,30,0
1821b,17654,745,31,0
5644b,17654,745,32,0
2019b,17654,746,33,0
2229b,17654,747,34,0
2173b,17654,748,35,0
2230b,17654,748,36,0
3662b,17654,749,37,0
2180b,17654,750,38,0
2175b,17654,751,39,0
1305b,17654,751,40,0
5746b,17654,752,41,0
5761b,17654,753,42,0
5776b,17654,755,43,0
1586b,17654,757,44,0
5777b,17654,757,45,0
5779b,17654,759,46,0
5785b,17654,761,47,0
1095b,17654,763,48,0
261b,17654,764,49,0
2196b,17654,765,50,0
1512b,17654,765,51,0
1805b,17654,766,52,0
4055b,17654,766,53,0
3309b,17654,767,54,0
1192b,17654,768,55,0
1144b,17654,769,56,0
387b,17654,770,57,0
38b,17654,771,58,0
445b,17654,771,59,0
801b,17654,772,60,0
1164b,17654,772,61,0
3888b,17654,773,62,0
150b,17654,774,63,0
3545b,17654,775,64,1
2093b,9548,765,1,0
2081b,9548,765,2,0
1524b,9548,765,3,0
1428b,9548,766,4,0
3296b,9548,766,5,0
1090b,9548,766,6,0
305b,9548,767,7,0
2869b,9548,767,8,0
7591b,9548,768,9,0
1684b,9548,768,10,0
1675b,9548,770,11,0
1915b,9548,771,12,0
1682b,9548,772,13,0
668b,9548,773,14,0
1732b,9548,775,15,0
1346b,9548,775,16,0
1303b,9548,777,17,0
1751b,9548,777,18,0
5767b,9548,779,19,0
3943b,9548,780,20,0
3942b,9548,780,21,0
5419b,9548,782,22,0
3940b,9548,783,23,0
2143b,9548,785,24,0
106b,9548,786,25,0
2201b,9548,786,26,0
2147b,9548,787,27,0
5773b,9548,788,28,0
2656b,9548,788,29,0
2146b,9548,789,30,0
1821b,9548,790,31,0
5644b,9548,790,32,0
2019b,9548,791,33,0
2229b,9548,792,34,0
2173b,9548,793,35,0
2230b,9548,793,36,0
3662b,9548,794,37,0
2180b,9548,795,38,0
2175b,9548,796,39,0
1305b,9548,796,40,0
5746b,9548,797,41,0
5761b,9548,798,42,0
5776b,9548,800,43,0
1586b,9548,802,44,0
5777b,9548,802,45,0
5779b,9548,804,46,0
5785b,9548,806,47,0
1095b,9548,808,48,0
261b,9548,809,49,0
2196b,9548,810,50,0
1512b,9548,810,51,0
1805b,9548,811,52,0
4055b,9548,811,53,0
3309b,9548,812,54,0
1192b,9548,813,55,0
1144b,9548,814,56,0
387b,9548,815,57,0
38b,9548,816,58,0
445b,9548,816,59,0
801b,9548,817,60,0
1164b,9548,817,61,0
3888b,9548,818,62,0
150b,9548,819,63,0
3545b,9548,820,64,1
4524b,17956,810,1,0
3788b,17956,810,2,0
2161b,17956,811,3,0
1716b,17956,812,4,0
186b,17956,812,5,0
1276b,17956,813,6,0
1513b,17956,813,7,0
1146b,17956,814,8,0
1451b,17956,814,9,0
606b,17956,815,10,0
1726b,17956,816,11,0
3314b,17956,817,12,0
4750b,17956,818,13,0
2195b,17956,819,14,0
244b,17956,819,15,0
1809b,17956,820,16,0
2194b,17956,820,17,0
2078b,17956,822,18,0
5747b,17956,823,19,0
5780b,17956,825,20,0
5778b,17956,826,21,0
2076b,17956,827,22,0
3894b,17956,828,23,0
5762b,17956,831,24,0
5757b,17956,831,25,0
950b,17956,832,26,0
1108b,17956,833,27,0
2028b,17956,834,28,0
1995b,17956,835,29,0
2071b,17956,835,30,0
2056b,17956,835,31,0
1514b,17956,836,32,0
1820b,17956,837,33,0
2248b,17956,838,34,0
2251b,17956,838,35,0
2144b,17956,839,36,0
2150b,17956,840,37,0
1870b,17956,840,38,0
2151b,17956,840,39,0
2148b,17956,841,40,0
3939b,17956,842,41,0
5418b,17956,843,42,0
3941b,17956,845,43,0
4850b,17956,846,44,0
5766b,17956,846,45,0
1882b,17956,848,46,0
2160b,17956,848,47,0
1571b,17956,850,48,0
1523b,17956,851,49,0
726b,17956,853,50,0
247b,17956,854,51,0
2011b,17956,854,52,0
2118b,17956,856,53,0
7593b,17956,858,54,0
7592b,17956,860,55,0
7594b,17956,861,56,0
7570b,17956,861,57,0
7569b,17956,862,58,0
2522b,17956,862,59,0
1888b,17956,863,60,0
1677b,17956,863,61,0
1376b,17956,863,62,0
2558b,17956,864,63,0
1121b,17956,865,64,1
2093b,22732,325,1,0
2081b,22732,325,2,0
1524b,22732,325,3,0
1428b,22732,326,4,0
3296b,22732,326,5,0
1090b,22732,326,6,0
305b,22732,327,7,0
2869b,22732,327,8,0
7591b,22732,328,9,0
1684b,22732,328,10,0
1675b,22732,330,11,0
1915b,22732,331,12,0
1682b,22732,332,13,0
668b,22732,333,14,0
1732b,22732,335,15,0
1346b,22732,335,16,0
1303b,22732,337,17,0
1751b,22732,337,18,0
5767b,22732,339,19,0
3943b,22732,340,20,0
3942b,22732,340,21,0
5419b,22732,342,22,0
3940b,22732,343,23,0
2143b,22732,345,24,0
106b,22732,346,25,0
2201b,22732,346,26,0
2147b,22732,347,27,0
5773b,22732,348,28,0
2656b,22732,348,29,0
2146b,22732,349,30,0
1821b,22732,350,31,0
5644b,22732,350,32,0
2019b,22732,351,33,0
2229b,22732,352,34,0
2173b,22732,353,35,0
2230b,22732,353,36,0
3662b,22732,354,37,0
2180b,22732,355,38,0
2175b,22732,356,39,0
1305b,22732,356,40,0
5746b,22732,357,41,0
5761b,22732,358,42,0
5776b,22732,360,43,0
1586b,22732,362,44,0
5777b,22732,362,45,0
5779b,22732,364,46,0
5785b,22732,366,47,0
1095b,22732,368,48,0
261b,22732,369,49,0
2196b,22732,370,50,0
1512b,22732,370,51,0
1805b,22732,371,52,0
4055b,22732,371,53,0
3309b,22732,372,54,0
1192b,22732,373,55,0
1144b,22732,374,56,0
387b,22732,375,57,0
38b,22732,376,58,0
445b,22732,376,59,0
801b,22732,377,60,0
1164b,22732,377,61,0
3888b,22732,378,62,0
150b,22732,379,63,0
3545b,22732,380,64,1
4524b,9003,975,1,0
3788b,9003,975,2,0
2161b,9003,976,3,0
1716b,9003,977,4,0
186b,9003,978,5,0
1276b,9003,978,6,0
1513b,9003,979,7,0
1146b,9003,980,8,0
1451b,9003,980,9,0
606b,9003,981,10,0
1726b,9003,982,11,0
3314b,9003,984,12,0
4750b,9003,985,13,0
2195b,9003,985,14,0
244b,9003,986,15,0
1809b,9003,987,16,0
2194b,9003,987,17,0
2078b,9003,990,18,0
5747b,9003,991,19,0
5780b,9003,993,20,0
5778b,9003,995,21,0
2076b,9003,996,22,0
3894b,9003,997,23,0
5762b,9003,999,24,0
5757b,9003,1000,25,0
950b,9003,1001,26,0
1108b,9003,1002,27,0
2028b,9003,1003,28,0
1995b,9003,1004,29,0
2071b,9003,1004,30,0
2056b,9003,1005,31,0
1514b,9003,1006,32,0
1820b,9003,1007,33,0
2248b,9003,1008,34,0
2251b,9003,1008,35,0
2144b,9003,1009,36,0
2150b,9003,1010,37,0
1870b,9003,1010,38,0
2151b,9003,1011,39,0
2148b,9003,1012,40,0
3939b,9003,1014,41,0
5418b,9003,1015,42,0
3941b,9003,1017,43,0
4850b,9003,1018,44,0
5766b,9003,1018,45,0
1882b,9003,1022,46,0
2160b,9003,1023,47,0
1571b,9003,1026,48,0
1523b,9003,1028,49,0
726b,9003,1030,50,0
247b,9003,1031,51,0
2011b,9003,1031,52,0
2118b,9003,1033,53,0
7593b,9003,1035,54,0
7592b,9003,1037,55,0
7594b,9003,1038,56,0
7570b,9003,1038,57,0
7569b,9003,1039,58,0
2522b,9003,1039,59,0
1888b,9003,1040,60,0
1677b,9003,1040,61,0
1376b,9003,1040,62,0
2558b,9003,1041,63,0
1121b,9003,1042,64,1
2093b,19332,960,1,0
2081b,19332,960,2,0
1524b,19332,960,3,0
1428b,19332,961,4,0
3296b,19332,961,5,0
1090b,19332,961,6,0
305b,19332,962,7,0
2869b,19332,962,8,0
7591b,19332,963,9,0
1684b,19332,963,10,0
1675b,19332,965,11,0
1915b,19332,966,12,0
1682b,19332,967,13,0
668b,19332,968,14,0
1732b,19332,970,15,0
1346b,19332,970,16,0
1303b,19332,972,17,0
1751b,19332,972,18,0
5767b,19332,974,19,0
3943b,19332,975,20,0
3942b,19332,975,21,0
5419b,19332,977,22,0
3940b,19332,978,23,0
2143b,19332,980,24,0
106b,19332,981,25,0
2201b,19332,981,26,0
2147b,19332,982,27,0
5773b,19332,983,28,0
2656b,19332,983,29,0
2146b,19332,984,30,0
1821b,19332,985,31,0
5644b,19332,985,32,0
2019b,19332,986,33,0
2229b,19332,987,34,0
2173b,19332,988,35,0
2230b,19332,988,36,0
3662b,19332,989,37,0
2180b,19332,990,38,0
2175b,19332,991,39,0
1305b,19332,991,40,0
5746b,19332,992,41,0
5761b,19332,993,42,0
5776b,19332,995,43,0
1586b,19332,997,44,0
5777b,19332,997,45,0
5779b,19332,999,46,0
5785b,19332,1001,47,0
1095b,19332,1003,48,0
261b,19332,1004,49,0
2196b,19332,1005,50,0
1512b,19332,1005,51,0
1805b,19332,1006,52,0
4055b,19332,1006,53,0
3309b,19332,1007,54,0
1192b,19332,1008,55,0
1144b,19332,1009,56,0
387b,19332,1010,57,0
38b,19332,1011,58,0
445b,19332,1011,59,0
801b,19332,1012,60,0
1164b,19332,1012,61,0
3888b,19332,1013,62,0
150b,19332,1014,63,0
3545b,19332,1015,64,1
2093b,1662,840,1,0
2081b,1662,840,2,0
1524b,1662,840,3,0
1428b,1662,841,4,0
3296b,1662,841,5,0
1090b,1662,841,6,0
305b,1662,842,7,0
2869b,1662,842,8,0
7591b,1662,843,9,0
1684b,1662,843,10,0
1675b,1662,845,11,0
1915b,1662,846,12,0
1682b,1662,847,13,0
668b,1662,848,14,0
1732b,1662,850,15,0
1346b,1662,850,16,0
1303b,1662,852,17,0
1751b,1662,852,18,0
5767b,1662,854,19,0
3943b,1662,855,20,0
3942b,1662,855,21,0
5419b,1662,857,22,0
3940b,1662,858,23,0
2143b,1662,860,24,0
106b,1662,861,25,0
2201b,1662,861,26,0
2147b,1662,862,27,0
5773b,1662,863,28,0
2656b,1662,863,29,0
2146b,1662,864,30,0
1821b,1662,865,31,0
5644b,1662,865,32,0
2019b,1662,866,33,0
2229b,1662,867,34,0
2173b,1662,868,35,0
2230b,1662,868,36,0
3662b,1662,869,37,0
2180b,1662,870,38,0
2175b,1662,871,39,0
1305b,1662,871,40,0
5746b,1662,872,41,0
5761b,1662,873,42,0
5776b,1662,875,43,0
1586b,1662,877,44,0
5777b,1662,877,45,0
5779b,1662,879,46,0
5785b,1662,881,47,0
1095b,1662,883,48,0
261b,1662,884,49,0
2196b,1662,885,50,0
1512b,1662,885,51,0
1805b,1662,886,52,0
4055b,1662,886,53,0
3309b,1662,887,54,0
1192b,1662,888,55,0
1144b,1662,889,56,0
387b,1662,890,57,0
38b,1662,891,58,0
445b,1662,891,59,0
801b,1662,892,60,0
1164b,1662,892,61,0
3888b,1662,893,62,0
150b,1662,894,63,0
3545b,1662,895,64,1
2093b,19373,600,1,0
2081b,19373,600,2,0
1524b,19373,600,3,0
1428b,19373,601,4,0
3296b,19373,601,5,0
1090b,19373,601,6,0
305b,19373,602,7,0
2869b,19373,602,8,0
7591b,19373,603,9,0
1684b,19373,603,10,0
1675b,19373,605,11,0
1915b,19373,606,12,0
1682b,19373,607,13,0
668b,19373,608,14,0
1732b,19373,610,15,0
1346b,19373,610,16,0
1303b,19373,612,17,0
1751b,19373,612,18,0
5767b,19373,614,19,0
3943b,19373,615,20,0
3942b,19373,615,21,0
5419b,19373,617,22,0
3940b,19373,618,23,0
2143b,19373,620,24,0
106b,19373,621,25,0
2201b,19373,621,26,0
2147b,19373,622,27,0
5773b,19373,623,28,0
2656b,19373,623,29,0
2146b,19373,624,30,0
1821b,19373,625,31,0
5644b,19373,625,32,0
2019b,19373,626,33,0
2229b,19373,627,34,0
2173b,19373,628,35,0
2230b,19373,628,36,0
3662b,19373,629,37,0
2180b,19373,630,38,0
2175b,19373,631,39,0
1305b,19373,631,40,0
5746b,19373,632,41,0
5761b,19373,633,42,0
5776b,19373,635,43,0
1586b,19373,637,44,0
5777b,19373,637,45,0
5779b,19373,639,46,0
5785b,19373,641,47,0
1095b,19373,643,48,0
261b,19373,644,49,0
2196b,19373,645,50,0
1512b,19373,645,51,0
1805b,19373,646,52,0
4055b,19373,646,53,0
3309b,19373,647,54,0
1192b,19373,648,55,0
1144b,19373,649,56,0
387b,19373,650,57,0
38b,19373,651,58,0
445b,19373,651,59,0
801b,19373,652,60,0
1164b,19373,652,61,0
3888b,19373,653,62,0
150b,19373,654,63,0
3545b,19373,655,64,1
2093b,5948,840,1,0
2081b,5948,840,2,0
1524b,5948,840,3,0
1428b,5948,841,4,0
3296b,5948,841,5,0
1090b,5948,841,6,0
305b,5948,842,7,0
2869b,5948,842,8,0
7591b,5948,843,9,0
1684b,5948,843,10,0
1675b,5948,845,11,0
1915b,5948,846,12,0
1682b,5948,847,13,0
668b,5948,848,14,0
1732b,5948,850,15,0
1346b,5948,850,16,0
1303b,5948,852,17,0
1751b,5948,852,18,0
5767b,5948,854,19,0
3943b,5948,855,20,0
3942b,5948,855,21,0
5419b,5948,857,22,0
3940b,5948,858,23,0
2143b,5948,860,24,0
106b,5948,861,25,0
2201b,5948,861,26,0
2147b,5948,862,27,0
5773b,5948,863,28,0
2656b,5948,863,29,0
2146b,5948,864,30,0
1821b,5948,865,31,0
5644b,5948,865,32,0
2019b,5948,866,33,0
2229b,5948,867,34,0
2173b,5948,868,35,0
2230b,5948,868,36,0
3662b,5948,869,37,0
2180b,5948,870,38,0
2175b,5948,871,39,0
1305b,5948,871,40,0
5746b,5948,872,41,0
5761b,5948,873,42,0
5776b,5948,875,43,0
1586b,5948,877,44,0
5777b,5948,877,45,0
5779b,5948,879,46,0
5785b,5948,881,47,0
1095b,5948,883,48,0
261b,5948,884,49,0
2196b,5948,885,50,0
1512b,5948,885,51,0
1805b,5948,886,52,0
4055b,5948,886,53,0
3309b,5948,887,54,0
1192b,5948,888,55,0
1144b,5948,889,56,0
387b,5948,890,57,0
38b,5948,891,58,0
445b,5948,891,59,0
801b,5948,892,60,0
1164b,5948,892,61,0
3888b,5948,893,62,0
150b,5948,894,63,0
3545b,5948,895,64,1
2093b,5803,645,1,0
2081b,5803,645,2,0
1524b,5803,645,3,0
1428b,5803,646,4,0
3296b,5803,646,5,0
1090b,5803,646,6,0
305b,5803,647,7,0
2869b,5803,647,8,0
7591b,5803,648,9,0
1684b,5803,648,10,0
1675b,5803,650,11,0
1915b,5803,651,12,0
1682b,5803,652,13,0
668b,5803,653,14,0
1732b,5803,655,15,0
1346b,5803,655,16,0
1303b,5803,657,17,0
1751b,5803,657,18,0
5767b,5803,659,19,0
3943b,5803,660,20,0
3942b,5803,660,21,0
5419b,5803,662,22,0
3940b,5803,663,23,0
2143b,5803,665,24,0
106b,5803,666,25,0
2201b,5803,666,26,0
2147b,5803,667,27,0
5773b,5803,668,28,0
2656b,5803,668,29,0
2146b,5803,669,30,0
1821b,5803,670,31,0
5644b,5803,670,32,0
2019b,5803,671,33,0
2229b,5803,672,34,0
2173b,5803,673,35,0
2230b,5803,673,36,0
3662b,5803,674,37,0
2180b,5803,675,38,0
2175b,5803,676,39,0
1305b,5803,676,40,0
5746b,5803,677,41,0
5761b,5803,678,42,0
5776b,5803,680,43,0
1586b,5803,682,44,0
5777b,5803,682,45,0
5779b,5803,684,46,0
5785b,5803,686,47,0
1095b,5803,688,48,0
261b,5803,689,49,0
2196b,5803,690,50,0
1512b,5803,690,51,0
1805b,5803,691,52,0
4055b,5803,691,53,0
3309b,5803,692,54,0
1192b,5803,693,55,0
1144b,5803,694,56,0
387b,5803,695,57,0
38b,5803,696,58,0
445b,5803,696,59,0
801b,5803,697,60,0
1164b,5803,697,61,0
3888b,5803,698,62,0
150b,5803,699,63,0
3545b,5803,700,64,1
2093b,5736,1080,1,0
2081b,5736,1080,2,0
1524b,5736,1080,3,0
1428b,5736,1081,4,0
3296b,5736,1081,5,0
1090b,5736,1081,6,0
305b,5736,1082,7,0
2869b,5736,1082,8,0
7591b,5736,1083,9,0
1684b,5736,1083,10,0
1675b,5736,1085,11,0
1915b,5736,1086,12,0
1682b,5736,1087,13,0
668b,5736,1088,14,0
1732b,5736,1090,15,0
1346b,5736,1090,16,0
1303b,5736,1092,17,0
1751b,5736,1092,18,0
5767b,5736,1094,19,0
3943b,5736,1095,20,0
3942b,5736,1095,21,0
5419b,5736,1097,22,0
3940b,5736,1098,23,0
2143b,5736,1100,24,0
106b,5736,1101,25,0
2201b,5736,1101,26,0
2147b,5736,1102,27,0
5773b,5736,1103,28,0
2656b,5736,1103,29,0
2146b,5736,1104,30,0
1821b,5736,1105,31,0
5644b,5736,1105,32,0
2019b,5736,1106,33,0
2229b,5736,1107,34,0
2173b,5736,1108,35,0
2230b,5736,1108,36,0
3662b,5736,1109,37,0
2180b,5736,1110,38,0
2175b,5736,1111,39,0
1305b,5736,1111,40,0
5746b,5736,1112,41,0
5761b,5736,1113,42,0
5776b,5736,1115,43,0
1586b,5736,1117,44,0
5777b,5736,1117,45,0
5779b,5736,1119,46,0
5785b,5736,1121,47,0
1095b,5736,1123,48,0
261b,5736,1124,49,0
2196b,5736,1125,50,0
1512b,5736,1125,51,0
1805b,5736,1126,52,0
4055b,5736,1126,53,0
3309b,5736,1127,54,0
1192b,5736,1128,55,0
1144b,5736,1129,56,0
387b,5736,1130,57,0
38b,5736,1131,58,0
445b,5736,1131,59,0
801b,5736,1132,60,0
1164b,5736,1132,61,0
3888b,5736,1133,62,0
150b,5736,1134,63,0
3545b,5736,1135,64,1
4524b,15119,1095,1,0
3788b,15119,1095,2,0
2161b,15119,1096,3,0
1716b,15119,1097,4,0
186b,15119,1098,5,0
1276b,15119,1099,6,0
1513b,15119,1099,7,0
1146b,15119,1100,8,0
1451b,15119,1101,9,0
606b,15119,1102,10,0
1726b,15119,1103,11,0
3314b,15119,1105,12,0
4750b,15119,1106,13,0
2195b,15119,1106,14,0
244b,15119,1107,15,0
1809b,15119,1108,16,0
2194b,15119,1108,17,0
2078b,15119,1111,18,0
5747b,15119,1112,19,0
5780b,15119,1114,20,0
5778b,15119,1116,21,0
2076b,15119,1117,22,0
3894b,15119,1118,23,0
5762b,15119,1120,24,0
5757b,15119,1121,25,0
950b,15119,1122,26,0
1108b,15119,1123,27,0
2028b,15119,1124,28,0
1995b,15119,1125,29,0
2071b,15119,1125,30,0
2056b,15119,1126,31,0
1514b,15119,1127,32,0
1820b,15119,1128,33,0
2248b,15119,1129,34,0
2251b,15119,1129,35,0
2144b,15119,1130,36,0
2150b,15119,1131,37,0
1870b,15119,1131,38,0
2151b,15119,1132,39,0
2148b,15119,1133,40,0
3939b,15119,1135,41,0
5418b,15119,1136,42,0
3941b,15119,1138,43,0
4850b,15119,1139,44,0
5766b,15119,1139,45,0
1882b,15119,1143,46,0
2160b,15119,1144,47,0
1571b,15119,1147,48,0
1523b,15119,1149,49,0
726b,15119,1151,50,0
247b,15119,1152,51,0
2011b,15119,1152,52,0
2118b,15119,1154,53,0
7593b,15119,1156,54,0
7592b,15119,1158,55,0
7594b,15119,1159,56,0
7570b,15119,1159,57,0
7569b,15119,1160,58,0
2522b,15119,1160,59,0
1888b,15119,1161,60,0
1677b,15119,1161,61,0
1376b,15119,1161,62,0
2558b,15119,1162,63,0
1121b,15119,1163,64,1
4524b,9864,901,1,0
3788b,9864,901,2,0
2161b,9864,902,3,0
1716b,9864,903,4,0
186b,9864,903,5,0
1276b,9864,904,6,0
1513b,9864,904,7,0
1146b,9864,905,8,0
1451b,9864,905,9,0
606b,9864,906,10,0
1726b,9864,907,11,0
3314b,9864,908,12,0
4750b,9864,909,13,0
2195b,9864,910,14,0
244b,9864,910,15,0
1809b,9864,911,16,0
2194b,9864,911,17,0
2078b,9864,913,18,0
5747b,9864,914,19,0
5780b,9864,916,20,0
5778b,9864,917,21,0
2076b,9864,918,22,0
3894b,9864,919,23,0
5762b,9864,922,24,0
5757b,9864,922,25,0
950b,9864,923,26,0
1108b,9864,924,27,0
2028b,9864,925,28,0
1995b,9864,926,29,0
2071b,9864,926,30,0
2056b,9864,926,31,0
1514b,9864,927,32,0
1820b,9864,928,33,0
2248b,9864,929,34,0
2251b,9864,929,35,0
2144b,9864,930,36,0
2150b,9864,931,37,0
1870b,9864,931,38,0
2151b,9864,931,39,0
2148b,9864,932,40,0
3939b,9864,933,41,0
5418b,9864,934,42,0
3941b,9864,936,43,0
4850b,9864,937,44,0
5766b,9864,937,45,0
1882b,9864,939,46,0
2160b,9864,939,47,0
1571b,9864,941,48,0
1523b,9864,942,49,0
726b,9864,944,50,0
247b,9864,945,51,0
2011b,9864,945,52,0
2118b,9864,947,53,0
7593b,9864,949,54,0
7592b,9864,951,55,0
7594b,9864,952,56,0
7570b,9864,952,57,0
7569b,9864,953,58,0
2522b,9864,953,59,0
1888b,9864,954,60,0
1677b,9864,954,61,0
1376b,9864,954,62,0
2558b,9864,955,63,0
1121b,9864,956,64,1
4524b,13422,661,1,0
3788b,13422,661,2,0
2161b,13422,662,3,0
1716b,13422,663,4,0
186b,13422,663,5,0
1276b,13422,664,6,0
1513b,13422,664,7,0
1146b,13422,665,8,0
1451b,13422,665,9,0
606b,13422,666,10,0
1726b,13422,667,11,0
3314b,13422,668,12,0
4750b,13422,669,13,0
2195b,13422,670,14,0
244b,13422,670,15,0
1809b,13422,671,16,0
2194b,13422,671,17,0
2078b,13422,673,18,0
5747b,13422,674,19,0
5780b,13422,676,20,0
5778b,13422,677,21,0
2076b,13422,678,22,0
3894b,13422,679,23,0
5762b,13422,682,24,0
5757b,13422,682,25,0
950b,13422,683,26,0
1108b,13422,684,27,0
2028b,13422,685,28,0
1995b,13422,686,29,0
2071b,13422,686,30,0
2056b,13422,686,31,0
1514b,13422,687,32,0
1820b,13422,688,33,0
2248b,13422,689,34,0
2251b,13422,689,35,0
2144b,13422,690,36,0
2150b,13422,691,37,0
1870b,13422,691,38,0
2151b,13422,691,39,0
2148b,13422,692,40,0
3939b,13422,693,41,0
5418b,13422,694,42,0
3941b,13422,696,43,0
4850b,13422,697,44,0
5766b,13422,697,45,0
1882b,13422,699,46,0
2160b,13422,699,47,0
1571b,13422,701,48,0
1523b,13422,702,49,0
726b,13422,704,50,0
247b,13422,705,51,0
2011b,13422,705,52,0
2118b,13422,707,53,0
7593b,13422,709,54,0
7592b,13422,711,55,0
7594b,13422,712,56,0
7570b,13422,712,57,0
7569b,13422,713,58,0
2522b,13422,713,59,0
1888b,13422,714,60,0
1677b,13422,714,61,0
1376b,13422,714,62,0
2558b,13422,715,63,0
1121b,13422,716,64,1
2093b,25183,885,1,0
2081b,25183,885,2,0
1524b,25183,885,3,0
1428b,25183,886,4,0
3296b,25183,886,5,0
1090b,25183,886,6,0
305b,25183,887,7,0
2869b,25183,887,8,0
7591b,25183,888,9,0
1684b,25183,888,10,0
1675b,25183,890,11,0
1915b,25183,891,12,0
1682b,25183,892,13,0
668b,25183,893,14,0
1732b,25183,895,15,0
1346b,25183,895,16,0
1303b,25183,897,17,0
1751b,25183,897,18,0
5767b,25183,899,19,0
3943b,25183,900,20,0
3942b,25183,900,21,0
5419b,25183,902,22,0
3940b,25183,903,23,0
2143b,25183,905,24,0
106b,25183,906,25,0
2201b,25183,906,26,0
2147b,25183,907,27,0
5773b,25183,908,28,0
2656b,25183,908,29,0
2146b,25183,909,30,0
1821b,25183,910,31,0
5644b,25183,910,32,0
2019b,25183,911,33,0
2229b,25183,912,34,0
2173b,25183,913,35,0
2230b,25183,913,36,0
3662b,25183,914,37,0
2180b,25183,915,38,0
2175b,25183,916,39,0
1305b,25183,916,40,0
5746b,25183,917,41,0
5761b,25183,918,42,0
5776b,25183,920,43,0
1586b,25183,922,44,0
5777b,25183,922,45,0
5779b,25183,924,46,0
5785b,25183,926,47,0
1095b,25183,928,48,0
261b,25183,929,49,0
2196b,25183,930,50,0
1512b,25183,930,51,0
1805b,25183,931,52,0
4055b,25183,931,53,0
3309b,25183,932,54,0
1192b,25183,933,55,0
1144b,25183,934,56,0
387b,25183,935,57,0
38b,25183,936,58,0
445b,25183,936,59,0
801b,25183,937,60,0
1164b,25183,937,61,0
3888b,25183,938,62,0
150b,25183,939,63,0
3545b,25183,940,64,1
2093b,5002,1080,1,0
2081b,5002,1080,2,0
1524b,5002,1080,3,0
1428b,5002,1081,4,0
3296b,5002,1081,5,0
1090b,5002,1081,6,0
305b,5002,1082,7,0
2869b,5002,1082,8,0
7591b,5002,1083,9,0
1684b,5002,1083,10,0
1675b,5002,1085,11,0
1915b,5002,1086,12,0
1682b,5002,1087,13,0
668b,5002,1088,14,0
1732b,5002,1090,15,0
1346b,5002,1090,16,0
1303b,5002,1092,17,0
1751b,5002,1092,18,0
5767b,5002,1094,19,0
3943b,5002,1095,20,0
3942b,5002,1095,21,0
5419b,5002,1097,22,0
3940b,5002,1098,23,0
2143b,5002,1100,24,0
106b,5002,1101,25,0
2201b,5002,1101,26,0
2147b,5002,1102,27,0
5773b,5002,1103,28,0
2656b,5002,1103,29,0
2146b,5002,1104,30,0
1821b,5002,1105,31,0
5644b,5002,1105,32,0
2019b,5002,1106,33,0
2229b,5002,1107,34,0
2173b,5002,1108,35,0
2230b,5002,1108,36,0
3662b,5002,1109,37,0
2180b,5002,1110,38,0
2175b,5002,1111,39,0
1305b,5002,1111,40,0
5746b,5002,1112,41,0
5761b,5002,1113,42,0
5776b,5002,1115,43,0
1586b,5002,1117,44,0
5777b,5002,1117,45,0
5779b,5002,1119,46,0
5785b,5002,1121,47,0
1095b,5002,1123,48,0
261b,5002,1124,49,0
2196b,5002,1125,50,0
1512b,5002,1125,51,0
1805b,5002,1126,52,0
4055b,5002,1126,53,0
3309b,5002,1127,54,0
1192b,5002,1128,55,0
1144b,5002,1129,56,0
387b,5002,1130,57,0
38b,5002,1131,58,0
445b,5002,1131,59,0
801b,5002,1132,60,0
1164b,5002,1132,61,0
3888b,5002,1133,62,0
150b,5002,1134,63,0
3545b,5002,1135,64,1
4524b,29229,781,1,0
3788b,29229,781,2,0
2161b,29229,782,3,0
1716b,29229,783,4,0
186b,29229,783,5,0
1276b,29229,784,6,0
1513b,29229,784,7,0
1146b,29229,785,8,0
1451b,29229,785,9,0
606b,29229,786,10,0
1726b,29229,787,11,0
3314b,29229,788,12,0
4750b,29229,789,13,0
2195b,29229,790,14,0
244b,29229,790,15,0
1809b,29229,791,16,0
2194b,29229,791,17,0
2078b,29229,793,18,0
5747b,29229,794,19,0
5780b,29229,796,20,0
5778b,29229,797,21,0
2076b,29229,798,22,0
3894b,29229,799,23,0
5762b,29229,802,24,0
5757b,29229,802,25,0
950b,29229,803,26,0
1108b,29229,804,27,0
2028b,29229,805,28,0
1995b,29229,806,29,0
2071b,29229,806,30,0
2056b,29229,806,31,0
1514b,29229,807,32,0
1820b,29229,808,33,0
2248b,29229,809,34,0
2251b,29229,809,35,0
2144b,29229,810,36,0
2150b,29229,811,37,0
1870b,29229,811,38,0
2151b,29229,811,39,0
2148b,29229,812,40,0
3939b,29229,813,41,0
5418b,29229,814,42,0
3941b,29229,816,43,0
4850b,29229,817,44,0
5766b,29229,817,45,0
1882b,29229,819,46,0
2160b,29229,819,47,0
1571b,29229,821,48,0
1523b,29229,822,49,0
726b,29229,824,50,0
247b,29229,825,51,0
2011b,29229,825,52,0
2118b,29229,827,53,0
7593b,29229,829,54,0
7592b,29229,831,55,0
7594b,29229,832,56,0
7570b,29229,832,57,0
7569b,29229,833,58,0
2522b,29229,833,59,0
1888b,29229,834,60,0
1677b,29229,834,61,0
1376b,29229,834,62,0
2558b,29229,835,63,0
1121b,29229,836,64,1
4524b,29955,1035,1,0
3788b,29955,1035,2,0
2161b,29955,1036,3,0
1716b,29955,1037,4,0
186b,29955,1038,5,0
1276b,29955,1039,6,0
1513b,29955,1039,7,0
1146b,29955,1040,8,0
1451b,29955,1041,9,0
606b,29955,1042,10,0
1726b,29955,1043,11,0
3314b,29955,1045,12,0
4750b,29955,1046,13,0
2195b,29955,1046,14,0
244b,29955,1047,15,0
1809b,29955,1048,16,0
2194b,29955,1048,17,0
2078b,29955,1051,18,0
5747b,29955,1052,19,0
5780b,29955,1054,20,0
5778b,29955,1056,21,0
2076b,29955,1057,22,0
3894b,29955,1058,23,0
5762b,29955,1060,24,0
5757b,29955,1061,25,0
950b,29955,1062,26,0
1108b,29955,1063,27,0
2028b,29955,1064,28,0
1995b,29955,1065,29,0
2071b,29955,1065,30,0
2056b,29955,1066,31,0
1514b,29955,1067,32,0
1820b,29955,1068,33,0
2248b,29955,1069,34,0
2251b,29955,1069,35,0
2144b,29955,1070,36,0
2150b,29955,1071,37,0
1870b,29955,1071,38,0
2151b,29955,1072,39,0
2148b,29955,1073,40,0
3939b,29955,1075,41,0
5418b,29955,1076,42,0
3941b,29955,1078,43,0
4850b,29955,1079,44,0
5766b,29955,1079,45,0
1882b,29955,1083,46,0
2160b,29955,1084,47,0
1571b,29955,1087,48,0
1523b,29955,1089,49,0
726b,29955,1091,50,0
247b,29955,1092,51,0
2011b,29955,1092,52,0
2118b,29955,1094,53,0
7593b,29955,1096,54,0
7592b,29955,1098,55,0
7594b,29955,1099,56,0
7570b,29955,1099,57,0
7569b,29955,1100,58,0
2522b,29955,1100,59,0
1888b,29955,1101,60,0
1677b,29955,1101,61,0
1376b,29955,1101,62,0
2558b,29955,1102,63,0
1121b,29955,1103,64,1
2093b,29974,360,1,0
2081b,29974,360,2,0
1524b,29974,360,3,0
1428b,29974,361,4,0
3296b,29974,361,5,0
1090b,29974,361,6,0
305b,29974,362,7,0
2869b,29974,362,8,0
7591b,29974,363,9,0
1684b,29974,363,10,0
1675b,29974,365,11,0
1915b,29974,366,12,0
1682b,29974,367,13,0
668b,29974,368,14,0
1732b,29974,370,15,0
1346b,29974,370,16,0
1303b,29974,372,17,0
1751b,29974,372,18,0
5767b,29974,374,19,0
3943b,29974,375,20,0
3942b,29974,375,21,0
5419b,29974,377,22,0
3940b,29974,378,23,0
2143b,29974,380,24,0
106b,29974,381,25,0
2201b,29974,381,26,0
2147b,29974,382,27,0
5773b,29974,383,28,0
2656b,29974,383,29,0
2146b,29974,384,30,0
1821b,29974,385,31,0
5644b,29974,385,32,0
2019b,29974,386,33,0
2229b,29974,387,34,0
2173b,29974,388,35,0
2230b,29974,388,36,0
3662b,29974,389,37,0
2180b,29974,390,38,0
2175b,29974,391,39,0
1305b,29974,391,40,0
5746b,29974,392,41,0
5761b,29974,393,42,0
5776b,29974,395,43,0
1586b,29974,397,44,0
5777b,29974,397,45,0
5779b,29974,399,46,0
5785b,29974,401,47,0
1095b,29974,403,48,0
261b,29974,404,49,0
2196b,29974,405,50,0
1512b,29974,405,51,0
1805b,29974,406,52,0
4055b,29974,406,53,0
3309b,29974,407,54,0
1192b,29974,408,55,0
1144b,29974,409,56,0
387b,29974,410,57,0
38b,29974,411,58,0
445b,29974,411,59,0
801b,29974,412,60,0
1164b,29974,412,61,0
3888b,29974,413,62,0
150b,29974,414,63,0
3545b,29974,415,64,1
4524b,25206,1155,1,0
3788b,25206,1155,2,0
2161b,25206,1156,3,0
1716b,25206,1157,4,0
186b,25206,1158,5,0
1276b,25206,1159,6,0
1513b,25206,1159,7,0
1146b,25206,1160,8,0
1451b,25206,1161,9,0
606b,25206,1162,10,0
1726b,25206,1163,11,0
3314b,25206,1165,12,0
4750b,25206,1166,13,0
2195b,25206,1166,14,0
244b,25206,1167,15,0
1809b,25206,1168,16,0
2194b,25206,1168,17,0
2078b,25206,1171,18,0
5747b,25206,1172,19,0
5780b,25206,1174,20,0
5778b,25206,1176,21,0
2076b,25206,1177,22,0
3894b,25206,1178,23,0
5762b,25206,1180,24,0
5757b,25206,1181,25,0
950b,25206,1182,26,0
1108b,25206,1183,27,0
2028b,25206,1184,28,0
1995b,25206,1185,29,0
2071b,25206,1185,30,0
2056b,25206,1186,31,0
1514b,25206,1187,32,0
1820b,25206,1188,33,0
2248b,25206,1189,34,0
2251b,25206,1189,35,0
2144b,25206,1190,36,0
2150b,25206,1191,37,0
1870b,25206,1191,38,0
2151b,25206,1192,39,0
2148b,25206,1193,40,0
3939b,25206,1195,41,0
5418b,25206,1196,42,0
3941b,25206,1198,43,0
4850b,25206,1199,44,0
5766b,25206,1199,45,0
1882b,25206,1203,46,0
2160b,25206,1204,47,0
1571b,25206,1207,48,0
1523b,25206,1209,49,0
726b,25206,1211,50,0
247b,25206,1212,51,0
2011b,25206,1212,52,0
2118b,25206,1214,53,0
7593b,25206,1216,54,0
7592b,25206,1218,55,0
7594b,25206,1219,56,0
7570b,25206,1219,57,0
7569b,25206,1220,58,0
2522b,25206,1220,59,0
1888b,25206,1221,60,0
1677b,25206,1221,61,0
1376b,25206,1221,62,0
2558b,25206,1222,63,0
1121b,25206,1223,64,1
4524b,25295,541,1,0
3788b,25295,541,2,0
2161b,25295,542,3,0
1716b,25295,543,4,0
186b,25295,543,5,0
1276b,25295,544,6,0
1513b,25295,544,7,0
1146b,25295,545,8,0
1451b,25295,545,9,0
606b,25295,546,10,0
1726b,25295,547,11,0
3314b,25295,548,12,0
4750b,25295,549,13,0
2195b,25295,550,14,0
244b,25295,550,15,0
1809b,25295,551,16,0
2194b,25295,551,17,0
2078b,25295,553,18,0
5747b,25295,554,19,0
5780b,25295,556,20,0
5778b,25295,557,21,0
2076b,25295,558,22,0
3894b,25295,559,23,0
5762b,25295,562,24,0
5757b,25295,562,25,0
950b,25295,563,26,0
1108b,25295,564,27,0
2028b,25295,565,28,0
1995b,25295,566,29,0
2071b,25295,566,30,0
2056b,25295,566,31,0
1514b,25295,567,32,0
1820b,25295,568,33,0
2248b,25295,569,34,0
2251b,25295,569,35,0
2144b,25295,570,36,0
2150b,25295,571,37,0
1870b,25295,571,38,0
2151b,25295,571,39,0
2148b,25295,572,40,0
3939b,25295,573,41,0
5418b,25295,574,42,0
3941b,25295,576,43,0
4850b,25295,577,44,0
5766b,25295,577,45,0
1882b,25295,579,46,0
2160b,25295,579,47,0
1571b,25295,581,48,0
1523b,25295,582,49,0
726b,25295,584,50,0
247b,25295,585,51,0
2011b,25295,585,52,0
2118b,25295,587,53,0
7593b,25295,589,54,0
7592b,25295,591,55,0
7594b,25295,592,56,0
7570b,25295,592,57,0
7569b,25295,593,58,0
2522b,25295,593,59,0
1888b,25295,594,60,0
1677b,25295,594,61,0
1376b,25295,594,62,0
2558b,25295,595,63,0
1121b,25295,596,64,1
2093b,15969,420,1,0
2081b,15969,420,2,0
1524b,15969,420,3,0
1428b,15969,421,4,0
3296b,15969,421,5,0
1090b,15969,421,6,0
305b,15969,422,7,0
2869b,15969,422,8,0
7591b,15969,423,9,0
1684b,15969,423,10,0
1675b,15969,425,11,0
1915b,15969,426,12,0
1682b,15969,427,13,0
668b,15969,428,14,0
1732b,15969,430,15,0
1346b,15969,430,16,0
1303b,15969,432,17,0
1751b,15969,432,18,0
5767b,15969,434,19,0
3943b,15969,435,20,0
3942b,15969,435,21,0
5419b,15969,437,22,0
3940b,15969,438,23,0
2143b,15969,440,24,0
106b,15969,441,25,0
2201b,15969,441,26,0
2147b,15969,442,27,0
5773b,15969,443,28,0
2656b,15969,443,29,0
2146b,15969,444,30,0
1821b,15969,445,31,0
5644b,15969,445,32,0
2019b,15969,446,33,0
2229b,15969,447,34,0
2173b,15969,448,35,0
2230b,15969,448,36,0
3662b,15969,449,37,0
2180b,15969,450,38,0
3663b,15969,451,39,0
3666b,15969,452,40,0
3668b,15969,454,41,0
2175b,15969,460,42,0
1305b,15969,460,43,0
5746b,15969,461,44,0
5761b,15969,462,45,0
5776b,15969,464,46,0
1586b,15969,466,47,0
5777b,15969,466,48,0
5779b,15969,468,49,0
5785b,15969,470,50,0
1095b,15969,472,51,0
261b,15969,473,52,0
2196b,15969,474,53,0
1512b,15969,474,54,0
1805b,15969,476,55,0
4055b,15969,477,56,0
3309b,15969,478,57,0
1192b,15969,481,58,0
1144b,15969,482,59,0
387b,15969,485,60,0
38b,15969,486,61,0
445b,15969,487,62,0
801b,15969,489,63,0
1164b,15969,489,64,0
3888b,15969,491,65,0
150b,15969,493,66,0
3545b,15969,494,67,1
4524b,15948,690,1,0
3788b,15948,690,2,0
2161b,15948,691,3,0
1716b,15948,692,4,0
186b,15948,692,5,0
1276b,15948,693,6,0
1513b,15948,693,7,0
1146b,15948,694,8,0
1451b,15948,694,9,0
606b,15948,695,10,0
1726b,15948,696,11,0
3314b,15948,697,12,0
4750b,15948,698,13,0
2195b,15948,699,14,0
244b,15948,699,15,0
1809b,15948,700,16,0
2194b,15948,700,17,0
2078b,15948,702,18,0
5747b,15948,703,19,0
5780b,15948,705,20,0
5778b,15948,706,21,0
2076b,15948,707,22,0
3894b,15948,708,23,0
5762b,15948,711,24,0
5757b,15948,711,25,0
950b,15948,712,26,0
1108b,15948,713,27,0
2028b,15948,714,28,0
1995b,15948,715,29,0
2071b,15948,715,30,0
2056b,15948,715,31,0
1514b,15948,716,32,0
1820b,15948,717,33,0
2248b,15948,718,34,0
2251b,15948,718,35,0
2144b,15948,719,36,0
2150b,15948,720,37,0
1870b,15948,720,38,0
2151b,15948,720,39,0
2148b,15948,721,40,0
3939b,15948,722,41,0
5418b,15948,723,42,0
3941b,15948,725,43,0
4850b,15948,726,44,0
5766b,15948,726,45,0
1882b,15948,728,46,0
2160b,15948,728,47,0
1571b,15948,730,48,0
1523b,15948,731,49,0
726b,15948,733,50,0
247b,15948,734,51,0
2011b,15948,734,52,0
2118b,15948,736,53,0
7593b,15948,738,54,0
7592b,15948,740,55,0
7594b,15948,741,56,0
7570b,15948,741,57,0
7569b,15948,742,58,0
2522b,15948,742,59,0
1888b,15948,743,60,0
1677b,15948,743,61,0
1376b,15948,743,62,0
2558b,15948,744,63,0
1121b,15948,745,64,1
4524b,25804,1141,1,0
3788b,25804,1141,2,0
2161b,25804,1142,3,0
1716b,25804,1143,4,0
186b,25804,1143,5,0
1276b,25804,1144,6,0
1513b,25804,1144,7,0
1146b,25804,1145,8,0
1451b,25804,1145,9,0
606b,25804,1146,10,0
1726b,25804,1147,11,0
3314b,25804,1148,12,0
4750b,25804,1149,13,0
2195b,25804,1150,14,0
244b,25804,1150,15,0
1809b,25804,1151,16,0
2194b,25804,1151,17,0
2078b,25804,1153,18,0
5747b,25804,1154,19,0
5780b,25804,1156,20,0
5778b,25804,1157,21,0
2076b,25804,1158,22,0
3894b,25804,1159,23,0
5762b,25804,1162,24,0
5757b,25804,1162,25,0
950b,25804,1163,26,0
1108b,25804,1164,27,0
2028b,25804,1165,28,0
1995b,25804,1166,29,0
2071b,25804,1166,30,0
2056b,25804,1166,31,0
1514b,25804,1167,32,0
1820b,25804,1168,33,0
2248b,25804,1169,34,0
2251b,25804,1169,35,0
2144b,25804,1170,36,0
2150b,25804,1171,37,0
1870b,25804,1171,38,0
2151b,25804,1171,39,0
2148b,25804,1172,40,0
3939b,25804,1173,41,0
5418b,25804,1174,42,0
3941b,25804,1176,43,0
4850b,25804,1177,44,0
5766b,25804,1177,45,0
1882b,25804,1179,46,0
2160b,25804,1179,47,0
1571b,25804,1181,48,0
1523b,25804,1182,49,0
726b,25804,1184,50,0
247b,25804,1185,51,0
2011b,25804,1185,52,0
2118b,25804,1187,53,0
7593b,25804,1189,54,0
7592b,25804,1191,55,0
7594b,25804,1192,56,0
7570b,25804,1192,57,0
7569b,25804,1193,58,0
2522b,25804,1193,59,0
1888b,25804,1194,60,0
1677b,25804,1194,61,0
1376b,25804,1194,62,0
2558b,25804,1195,63,0
1121b,25804,1196,64,1
4524b,25699,661,1,0
3788b,25699,661,2,0
2161b,25699,662,3,0
1716b,25699,663,4,0
186b,25699,663,5,0
1276b,25699,664,6,0
1513b,25699,664,7,0
1146b,25699,665,8,0
1451b,25699,665,9,0
606b,25699,666,10,0
1726b,25699,667,11,0
3314b,25699,668,12,0
4750b,25699,669,13,0
2195b,25699,670,14,0
244b,25699,670,15,0
1809b,25699,671,16,0
2194b,25699,671,17,0
2078b,25699,673,18,0
5747b,25699,674,19,0
5780b,25699,676,20,0
5778b,25699,677,21,0
2076b,25699,678,22,0
3894b,25699,679,23,0
5762b,25699,682,24,0
5757b,25699,682,25,0
950b,25699,683,26,0
1108b,25699,684,27,0
2028b,25699,685,28,0
1995b,25699,686,29,0
2071b,25699,686,30,0
2056b,25699,686,31,0
1514b,25699,687,32,0
1820b,25699,688,33,0
2248b,25699,689,34,0
2251b,25699,689,35,0
2144b,25699,690,36,0
2150b,25699,691,37,0
1870b,25699,691,38,0
2151b,25699,691,39,0
2148b,25699,692,40,0
3939b,25699,693,41,0
5418b,25699,694,42,0
3941b,25699,696,43,0
4850b,25699,697,44,0
5766b,25699,697,45,0
1882b,25699,699,46,0
2160b,25699,699,47,0
1571b,25699,701,48,0
1523b,25699,702,49,0
726b,25699,704,50,0
247b,25699,705,51,0
2011b,25699,705,52,0
2118b,25699,707,53,0
7593b,25699,709,54,0
7592b,25699,711,55,0
7594b,25699,712,56,0
7570b,25699,712,57,0
7569b,25699,713,58,0
2522b,25699,713,59,0
1888b,25699,714,60,0
1677b,25699,714,61,0
1376b,25699,714,62,0
2558b,25699,715,63,0
1121b,25699,716,64,1
4524b,30069,570,1,0
3788b,30069,570,2,0
2161b,30069,571,3,0
1716b,30069,572,4,0
186b,30069,572,5,0
1276b,30069,573,6,0
1513b,30069,573,7,0
1146b,30069,574,8,0
1451b,30069,574,9,0
606b,30069,575,10,0
1726b,30069,576,11,0
3314b,30069,577,12,0
4750b,30069,578,13,0
2195b,30069,579,14,0
244b,30069,579,15,0
1809b,30069,580,16,0
2194b,30069,580,17,0
2078b,30069,582,18,0
5747b,30069,583,19,0
5780b,30069,585,20,0
5778b,30069,586,21,0
2076b,30069,587,22,0
3894b,30069,588,23,0
5762b,30069,591,24,0
5757b,30069,591,25,0
950b,30069,592,26,0
1108b,30069,593,27,0
2028b,30069,594,28,0
1995b,30069,595,29,0
2071b,30069,595,30,0
2056b,30069,595,31,0
1514b,30069,596,32,0
1820b,30069,597,33,0
2248b,30069,598,34,0
2251b,30069,598,35,0
2144b,30069,599,36,0
2150b,30069,600,37,0
1870b,30069,600,38,0
2151b,30069,600,39,0
2148b,30069,601,40,0
3939b,30069,602,41,0
5418b,30069,603,42,0
3941b,30069,605,43,0
4850b,30069,606,44,0
5766b,30069,606,45,0
1882b,30069,608,46,0
2160b,30069,608,47,0
1571b,30069,610,48,0
1523b,30069,611,49,0
726b,30069,613,50,0
247b,30069,614,51,0
2011b,30069,614,52,0
2118b,30069,616,53,0
7593b,30069,618,54,0
7592b,30069,620,55,0
7594b,30069,621,56,0
7570b,30069,621,57,0
7569b,30069,622,58,0
2522b,30069,622,59,0
1888b,30069,623,60,0
1677b,30069,623,61,0
1376b,30069,623,62,0
2558b,30069,624,63,0
1121b,30069,625,64,1
2093b,23147,480,1,0
2081b,23147,480,2,0
1524b,23147,480,3,0
1428b,23147,481,4,0
3296b,23147,481,5,0
1090b,23147,481,6,0
305b,23147,482,7,0
2869b,23147,482,8,0
7591b,23147,483,9,0
1684b,23147,483,10,0
1675b,23147,485,11,0
1915b,23147,486,12,0
1682b,23147,487,13,0
668b,23147,488,14,0
1732b,23147,490,15,0
1346b,23147,490,16,0
1303b,23147,492,17,0
1751b,23147,492,18,0
5767b,23147,494,19,0
3943b,23147,495,20,0
3942b,23147,495,21,0
5419b,23147,497,22,0
3940b,23147,498,23,0
2143b,23147,500,24,0
106b,23147,501,25,0
2201b,23147,501,26,0
2147b,23147,502,27,0
5773b,23147,503,28,0
2656b,23147,503,29,0
2146b,23147,504,30,0
1821b,23147,505,31,0
5644b,23147,505,32,0
2019b,23147,506,33,0
2229b,23147,507,34,0
2173b,23147,508,35,0
2230b,23147,508,36,0
3662b,23147,509,37,0
2180b,23147,510,38,0
2175b,23147,511,39,0
1305b,23147,511,40,0
5746b,23147,512,41,0
5761b,23147,513,42,0
5776b,23147,515,43,0
1586b,23147,517,44,0
5777b,23147,517,45,0
5779b,23147,519,46,0
5785b,23147,521,47,0
1095b,23147,523,48,0
261b,23147,524,49,0
2196b,23147,525,50,0
1512b,23147,525,51,0
1805b,23147,526,52,0
4055b,23147,526,53,0
3309b,23147,527,54,0
1192b,23147,528,55,0
1144b,23147,529,56,0
387b,23147,530,57,0
38b,23147,531,58,0
445b,23147,531,59,0
801b,23147,532,60,0
1164b,23147,532,61,0
3888b,23147,533,62,0
150b,23147,534,63,0
3545b,23147,535,64,1
4524b,13980,630,1,0
3788b,13980,630,2,0
2161b,13980,631,3,0
1716b,13980,632,4,0
186b,13980,632,5,0
1276b,13980,633,6,0
1513b,13980,633,7,0
1146b,13980,634,8,0
1451b,13980,634,9,0
606b,13980,635,10,0
1726b,13980,636,11,0
3314b,13980,637,12,0
4750b,13980,638,13,0
2195b,13980,639,14,0
244b,13980,639,15,0
1809b,13980,640,16,0
2194b,13980,640,17,0
2078b,13980,642,18,0
5747b,13980,643,19,0
5780b,13980,645,20,0
5778b,13980,646,21,0
2076b,13980,647,22,0
3894b,13980,648,23,0
5762b,13980,651,24,0
5757b,13980,651,25,0
950b,13980,652,26,0
1108b,13980,653,27,0
2028b,13980,654,28,0
1995b,13980,655,29,0
2071b,13980,655,30,0
2056b,13980,655,31,0
1514b,13980,656,32,0
1820b,13980,657,33,0
2248b,13980,658,34,0
2251b,13980,658,35,0
2144b,13980,659,36,0
2150b,13980,660,37,0
1870b,13980,660,38,0
2151b,13980,660,39,0
2148b,13980,661,40,0
3939b,13980,662,41,0
5418b,13980,663,42,0
3941b,13980,665,43,0
4850b,13980,666,44,0
5766b,13980,666,45,0
1882b,13980,668,46,0
2160b,13980,668,47,0
1571b,13980,670,48,0
1523b,13980,671,49,0
726b,13980,673,50,0
247b,13980,674,51,0
2011b,13980,674,52,0
2118b,13980,676,53,0
7593b,13980,678,54,0
7592b,13980,680,55,0
7594b,13980,681,56,0
7570b,13980,681,57,0
7569b,13980,682,58,0
2522b,13980,682,59,0
1888b,13980,683,60,0
1677b,13980,683,61,0
1376b,13980,683,62,0
2558b,13980,684,63,0
1121b,13980,685,64,1
4524b,32042,915,1,0
3788b,32042,915,2,0
2161b,32042,916,3,0
1716b,32042,917,4,0
186b,32042,917,5,0
1276b,32042,918,6,0
1513b,32042,918,7,0
1146b,32042,919,8,0
1451b,32042,919,9,0
606b,32042,920,10,0
1726b,32042,921,11,0
3314b,32042,922,12,0
4750b,32042,923,13,0
2195b,32042,924,14,0
244b,32042,924,15,0
1809b,32042,925,16,0
2194b,32042,925,17,0
2078b,32042,927,18,0
5747b,32042,928,19,0
5780b,32042,930,20,0
5778b,32042,931,21,0
2076b,32042,932,22,0
3894b,32042,933,23,0
5762b,32042,936,24,0
5757b,32042,936,25,0
950b,32042,937,26,0
1108b,32042,938,27,0
2028b,32042,939,28,0
1995b,32042,940,29,0
2071b,32042,940,30,0
2056b,32042,940,31,0
1514b,32042,941,32,0
1820b,32042,942,33,0
2248b,32042,943,34,0
2251b,32042,943,35,0
2144b,32042,944,36,0
2150b,32042,945,37,0
1870b,32042,945,38,0
2151b,32042,945,39,0
2148b,32042,946,40,0
3939b,32042,947,41,0
5418b,32042,948,42,0
3941b,32042,950,43,0
4850b,32042,951,44,0
5766b,32042,951,45,0
1882b,32042,955,46,0
2160b,32042,956,47,0
1571b,32042,959,48,0
1523b,32042,961,49,0
726b,32042,963,50,0
247b,32042,964,51,0
2011b,32042,964,52,0
2118b,32042,966,53,0
7593b,32042,968,54,0
7592b,32042,970,55,0
7594b,32042,971,56,0
7570b,32042,971,57,0
7569b,32042,972,58,0
2522b,32042,972,59,0
1888b,32042,973,60,0
1677b,32042,973,61,0
1376b,32042,973,62,0
2558b,32042,974,63,0
1121b,32042,975,64,1
4524b,32069,975,1,0
3788b,32069,975,2,0
2161b,32069,976,3,0
1716b,32069,977,4,0
186b,32069,978,5,0
1276b,32069,978,6,0
1513b,32069,979,7,0
1146b,32069,980,8,0
1451b,32069,980,9,0
606b,32069,981,10,0
1726b,32069,982,11,0
3314b,32069,984,12,0
4750b,32069,985,13,0
2195b,32069,985,14,0
244b,32069,986,15,0
1809b,32069,987,16,0
2194b,32069,987,17,0
2078b,32069,990,18,0
5747b,32069,991,19,0
5780b,32069,993,20,0
5778b,32069,995,21,0
2076b,32069,996,22,0
3894b,32069,997,23,0
5762b,32069,999,24,0
5757b,32069,1000,25,0
950b,32069,1001,26,0
1108b,32069,1002,27,0
2028b,32069,1003,28,0
3663b,32069,1004,29,0
3666b,32069,1005,30,0
3668b,32069,1005,31,0
1995b,32069,1010,32,0
2071b,32069,1010,33,0
2056b,32069,1011,34,0
1514b,32069,1012,35,0
1820b,32069,1013,36,0
2248b,32069,1014,37,0
2251b,32069,1014,38,0
2144b,32069,1015,39,0
2150b,32069,1016,40,0
1870b,32069,1016,41,0
2151b,32069,1017,42,0
2148b,32069,1018,43,0
3939b,32069,1020,44,0
5418b,32069,1021,45,0
3941b,32069,1023,46,0
4850b,32069,1024,47,0
5766b,32069,1024,48,0
1882b,32069,1028,49,0
2160b,32069,1029,50,0
1571b,32069,1032,51,0
1523b,32069,1034,52,0
726b,32069,1036,53,0
247b,32069,1037,54,0
2011b,32069,1037,55,0
2118b,32069,1039,56,0
7593b,32069,1041,57,0
7592b,32069,1043,58,0
7594b,32069,1044,59,0
7570b,32069,1044,60,0
7569b,32069,1045,61,0
2522b,32069,1045,62,0
1888b,32069,1046,63,0
1677b,32069,1046,64,0
1376b,32069,1046,65,0
2558b,32069,1047,66,0
1121b,32069,1048,67,1
2093b,20949,480,1,0
2081b,20949,480,2,0
1524b,20949,480,3,0
1428b,20949,481,4,0
3296b,20949,481,5,0
1090b,20949,481,6,0
305b,20949,482,7,0
2869b,20949,482,8,0
7591b,20949,483,9,0
1684b,20949,483,10,0
1675b,20949,485,11,0
1915b,20949,486,12,0
1682b,20949,487,13,0
668b,20949,488,14,0
1732b,20949,490,15,0
1346b,20949,490,16,0
1303b,20949,492,17,0
1751b,20949,492,18,0
5767b,20949,494,19,0
3943b,20949,495,20,0
3942b,20949,495,21,0
5419b,20949,497,22,0
3940b,20949,498,23,0
2143b,20949,500,24,0
106b,20949,501,25,0
2201b,20949,501,26,0
2147b,20949,502,27,0
5773b,20949,503,28,0
2656b,20949,503,29,0
2146b,20949,504,30,0
1821b,20949,505,31,0
5644b,20949,505,32,0
2019b,20949,506,33,0
2229b,20949,507,34,0
2173b,20949,508,35,0
2230b,20949,508,36,0
3662b,20949,509,37,0
2180b,20949,510,38,0
2175b,20949,511,39,0
1305b,20949,511,40,0
5746b,20949,512,41,0
5761b,20949,513,42,0
5776b,20949,515,43,0
1586b,20949,517,44,0
5777b,20949,517,45,0
5779b,20949,519,46,0
5785b,20949,521,47,0
1095b,20949,523,48,0
261b,20949,524,49,0
2196b,20949,525,50,0
1512b,20949,525,51,0
1805b,20949,526,52,0
4055b,20949,526,53,0
3309b,20949,527,54,0
1192b,20949,528,55,0
1144b,20949,529,56,0
387b,20949,530,57,0
38b,20949,531,58,0
445b,20949,531,59,0
801b,20949,532,60,0
1164b,20949,532,61,0
3888b,20949,533,62,0
150b,20949,534,63,0
3545b,20949,535,64,1
4524b,18843,1141,1,0
3788b,18843,1141,2,0
2161b,18843,1142,3,0
1716b,18843,1143,4,0
186b,18843,1143,5,0
1276b,18843,1144,6,0
1513b,18843,1144,7,0
1146b,18843,1145,8,0
1451b,18843,1145,9,0
606b,18843,1146,10,0
1726b,18843,1147,11,0
3314b,18843,1148,12,0
4750b,18843,1149,13,0
2195b,18843,1150,14,0
244b,18843,1150,15,0
1809b,18843,1151,16,0
2194b,18843,1151,17,0
2078b,18843,1153,18,0
5747b,18843,1154,19,0
5780b,18843,1156,20,0
5778b,18843,1157,21,0
2076b,18843,1158,22,0
3894b,18843,1159,23,0
5762b,18843,1162,24,0
5757b,18843,1162,25,0
950b,18843,1163,26,0
1108b,18843,1164,27,0
2028b,18843,1165,28,0
1995b,18843,1166,29,0
2071b,18843,1166,30,0
2056b,18843,1166,31,0
1514b,18843,1167,32,0
1820b,18843,1168,33,0
2248b,18843,1169,34,0
2251b,18843,1169,35,0
2144b,18843,1170,36,0
2150b,18843,1171,37,0
1870b,18843,1171,38,0
2151b,18843,1171,39,0
2148b,18843,1172,40,0
3939b,18843,1173,41,0
5418b,18843,1174,42,0
3941b,18843,1176,43,0
4850b,18843,1177,44,0
5766b,18843,1177,45,0
1882b,18843,1179,46,0
2160b,18843,1179,47,0
1571b,18843,1181,48,0
1523b,18843,1182,49,0
726b,18843,1184,50,0
247b,18843,1185,51,0
2011b,18843,1185,52,0
2118b,18843,1187,53,0
7593b,18843,1189,54,0
7592b,18843,1191,55,0
7594b,18843,1192,56,0
7570b,18843,1192,57,0
7569b,18843,1193,58,0
2522b,18843,1193,59,0
1888b,18843,1194,60,0
1677b,18843,1194,61,0
1376b,18843,1194,62,0
2558b,18843,1195,63,0
1121b,18843,1196,64,1
2093b,18835,705,1,0
2081b,18835,705,2,0
1524b,18835,705,3,0
1428b,18835,706,4,0
3296b,18835,706,5,0
1090b,18835,706,6,0
305b,18835,707,7,0
2869b,18835,707,8,0
7591b,18835,708,9,0
1684b,18835,708,10,0
1675b,18835,710,11,0
1915b,18835,711,12,0
1682b,18835,712,13,0
668b,18835,713,14,0
1732b,18835,715,15,0
1346b,18835,715,16,0
1303b,18835,717,17,0
1751b,18835,717,18,0
5767b,18835,719,19,0
3943b,18835,720,20,0
3942b,18835,720,21,0
5419b,18835,722,22,0
3940b,18835,723,23,0
2143b,18835,725,24,0
106b,18835,726,25,0
2201b,18835,726,26,0
2147b,18835,727,27,0
5773b,18835,728,28,0
2656b,18835,728,29,0
2146b,18835,729,30,0
1821b,18835,730,31,0
5644b,18835,730,32,0
2019b,18835,731,33,0
2229b,18835,732,34,0
2173b,18835,733,35,0
2230b,18835,733,36,0
3662b,18835,734,37,0
2180b,18835,735,38,0
2175b,18835,736,39,0
1305b,18835,736,40,0
5746b,18835,737,41,0
5761b,18835,738,42,0
5776b,18835,740,43,0
1586b,18835,742,44,0
5777b,18835,742,45,0
5779b,18835,744,46,0
5785b,18835,746,47,0
1095b,18835,748,48,0
261b,18835,749,49,0
2196b,18835,750,50,0
1512b,18835,750,51,0
1805b,18835,751,52,0
4055b,18835,751,53,0
3309b,18835,752,54,0
1192b,18835,753,55,0
1144b,18835,754,56,0
387b,18835,755,57,0
38b,18835,756,58,0
445b,18835,756,59,0
801b,18835,757,60,0
1164b,18835,757,61,0
3888b,18835,758,62,0
150b,18835,759,63,0
3545b,18835,760,64,1
4524b,8051,750,1,0
3788b,8051,750,2,0
2161b,8051,751,3,0
1716b,8051,752,4,0
186b,8051,752,5,0
1276b,8051,753,6,0
1513b,8051,753,7,0
1146b,8051,754,8,0
1451b,8051,754,9,0
606b,8051,755,10,0
1726b,8051,756,11,0
3314b,8051,757,12,0
4750b,8051,758,13,0
2195b,8051,759,14,0
244b,8051,759,15,0
1809b,8051,760,16,0
2194b,8051,760,17,0
2078b,8051,762,18,0
5747b,8051,763,19,0
5780b,8051,765,20,0
5778b,8051,766,21,0
2076b,8051,767,22,0
3894b,8051,768,23,0
5762b,8051,771,24,0
5757b,8051,771,25,0
950b,8051,772,26,0
1108b,8051,773,27,0
2028b,8051,774,28,0
1995b,8051,775,29,0
2071b,8051,775,30,0
2056b,8051,775,31,0
1514b,8051,776,32,0
1820b,8051,777,33,0
2248b,8051,778,34,0
2251b,8051,778,35,0
2144b,8051,779,36,0
2150b,8051,780,37,0
1870b,8051,780,38,0
2151b,8051,780,39,0
2148b,8051,781,40,0
3939b,8051,782,41,0
5418b,8051,783,42,0
3941b,8051,785,43,0
4850b,8051,786,44,0
5766b,8051,786,45,0
1882b,8051,788,46,0
2160b,8051,788,47,0
1571b,8051,790,48,0
1523b,8051,791,49,0
726b,8051,793,50,0
247b,8051,794,51,0
2011b,8051,794,52,0
2118b,8051,796,53,0
7593b,8051,798,54,0
7592b,8051,800,55,0
7594b,8051,801,56,0
7570b,8051,801,57,0
7569b,8051,802,58,0
2522b,8051,802,59,0
1888b,8051,803,60,0
1677b,8051,803,61,0
1376b,8051,803,62,0
2558b,8051,804,63,0
1121b,8051,805,64,1
4524b,11752,901,1,0
3788b,11752,901,2,0
2161b,11752,902,3,0
1716b,11752,903,4,0
186b,11752,903,5,0
1276b,11752,904,6,0
1513b,11752,904,7,0
1146b,11752,905,8,0
1451b,11752,905,9,0
606b,11752,906,10,0
1726b,11752,907,11,0
3314b,11752,908,12,0
4750b,11752,909,13,0
2195b,11752,910,14,0
244b,11752,910,15,0
1809b,11752,911,16,0
2194b,11752,911,17,0
2078b,11752,913,18,0
5747b,11752,914,19,0
5780b,11752,916,20,0
5778b,11752,917,21,0
2076b,11752,918,22,0
3894b,11752,919,23,0
5762b,11752,922,24,0
5757b,11752,922,25,0
950b,11752,923,26,0
1108b,11752,924,27,0
2028b,11752,925,28,0
1995b,11752,926,29,0
2071b,11752,926,30,0
2056b,11752,926,31,0
1514b,11752,927,32,0
1820b,11752,928,33,0
2248b,11752,929,34,0
2251b,11752,929,35,0
2144b,11752,930,36,0
2150b,11752,931,37,0
1870b,11752,931,38,0
2151b,11752,931,39,0
2148b,11752,932,40,0
3939b,11752,933,41,0
5418b,11752,934,42,0
3941b,11752,936,43,0
4850b,11752,937,44,0
5766b,11752,937,45,0
1882b,11752,939,46,0
2160b,11752,939,47,0
1571b,11752,941,48,0
1523b,11752,942,49,0
726b,11752,944,50,0
247b,11752,945,51,0
2011b,11752,945,52,0
2118b,11752,947,53,0
7593b,11752,949,54,0
7592b,11752,951,55,0
7594b,11752,952,56,0
7570b,11752,952,57,0
7569b,11752,953,58,0
2522b,11752,953,59,0
1888b,11752,954,60,0
1677b,11752,954,61,0
1376b,11752,954,62,0
2558b,11752,955,63,0
1121b,11752,956,64,1
2093b,18418,720,1,0
2081b,18418,720,2,0
1524b,18418,720,3,0
1428b,18418,721,4,0
3296b,18418,721,5,0
1090b,18418,721,6,0
305b,18418,722,7,0
2869b,18418,722,8,0
7591b,18418,723,9,0
1684b,18418,723,10,0
1675b,18418,725,11,0
1915b,18418,726,12,0
1682b,18418,727,13,0
668b,18418,728,14,0
1732b,18418,730,15,0
1346b,18418,730,16,0
1303b,18418,732,17,0
1751b,18418,732,18,0
5767b,18418,734,19,0
3943b,18418,735,20,0
3942b,18418,735,21,0
5419b,18418,737,22,0
3940b,18418,738,23,0
2143b,18418,740,24,0
106b,18418,741,25,0
2201b,18418,741,26,0
2147b,18418,742,27,0
5773b,18418,743,28,0
2656b,18418,743,29,0
2146b,18418,744,30,0
1821b,18418,745,31,0
5644b,18418,745,32,0
2019b,18418,746,33,0
2229b,18418,747,34,0
2173b,18418,748,35,0
2230b,18418,748,36,0
3662b,18418,749,37,0
2180b,18418,750,38,0
2175b,18418,751,39,0
1305b,18418,751,40,0
5746b,18418,752,41,0
5761b,18418,753,42,0
5776b,18418,755,43,0
1586b,18418,757,44,0
5777b,18418,757,45,0
5779b,18418,759,46,0
5785b,18418,761,47,0
1095b,18418,763,48,0
261b,18418,764,49,0
2196b,18418,765,50,0
1512b,18418,765,51,0
1805b,18418,766,52,0
4055b,18418,766,53,0
3309b,18418,767,54,0
1192b,18418,768,55,0
1144b,18418,769,56,0
387b,18418,770,57,0
38b,18418,771,58,0
445b,18418,771,59,0
801b,18418,772,60,0
1164b,18418,772,61,0
3888b,18418,773,62,0
150b,18418,774,63,0
3545b,18418,775,64,1
4524b,32864,440,1,0
3788b,32864,440,2,0
2161b,32864,441,3,0
1716b,32864,442,4,0
186b,32864,442,5,0
1276b,32864,443,6,0
1513b,32864,443,7,0
1146b,32864,444,8,0
1451b,32864,444,9,0
606b,32864,445,10,0
1726b,32864,446,11,0
3314b,32864,447,12,0
4750b,32864,448,13,0
2195b,32864,449,14,0
244b,32864,449,15,0
1809b,32864,450,16,0
2194b,32864,450,17,0
2078b,32864,452,18,0
5747b,32864,453,19,0
5780b,32864,455,20,0
5778b,32864,456,21,0
2076b,32864,457,22,0
3894b,32864,458,23,0
5762b,32864,461,24,0
5757b,32864,461,25,0
950b,32864,462,26,0
1108b,32864,463,27,0
2028b,32864,464,28,0
1995b,32864,465,29,0
2071b,32864,465,30,0
2056b,32864,465,31,0
1514b,32864,466,32,0
1820b,32864,467,33,0
2248b,32864,468,34,0
2251b,32864,468,35,0
2144b,32864,469,36,0
2150b,32864,470,37,0
1870b,32864,470,38,0
2151b,32864,470,39,0
2148b,32864,471,40,0
3939b,32864,472,41,0
5418b,32864,473,42,0
3941b,32864,475,43,0
4850b,32864,476,44,0
5766b,32864,476,45,0
1882b,32864,478,46,0
2160b,32864,478,47,0
1571b,32864,480,48,0
1523b,32864,481,49,0
726b,32864,483,50,0
247b,32864,484,51,0
2011b,32864,484,52,0
2118b,32864,486,53,0
7593b,32864,488,54,0
7592b,32864,490,55,0
7594b,32864,491,56,0
7570b,32864,491,57,0
7569b,32864,492,58,0
2522b,32864,492,59,0
1888b,32864,493,60,0
1677b,32864,493,61,0
1376b,32864,493,62,0
2558b,32864,494,63,0
1121b,32864,495,64,1
2093b,331,360,1,0
2081b,331,360,2,0
1524b,331,360,3,0
1428b,331,361,4,0
3296b,331,361,5,0
1090b,331,361,6,0
305b,331,362,7,0
2869b,331,362,8,0
7591b,331,363,9,0
1684b,331,363,10,0
1675b,331,365,11,0
1915b,331,366,12,0
1682b,331,367,13,0
668b,331,368,14,0
1732b,331,370,15,0
1346b,331,370,16,0
1303b,331,372,17,0
1751b,331,372,18,0
5767b,331,374,19,0
3943b,331,375,20,0
3942b,331,375,21,0
5419b,331,377,22,0
3940b,331,378,23,0
2143b,331,380,24,0
106b,331,381,25,0
2201b,331,381,26,0
2147b,331,382,27,0
5773b,331,383,28,0
2656b,331,383,29,0
2146b,331,384,30,0
1821b,331,385,31,0
5644b,331,385,32,0
2019b,331,386,33,0
2229b,331,387,34,0
2173b,331,388,35,0
2230b,331,388,36,0
3662b,331,389,37,0
2180b,331,390,38,0
2175b,331,391,39,0
1305b,331,391,40,0
5746b,331,392,41,0
5761b,331,393,42,0
5776b,331,395,43,0
1586b,331,397,44,0
5777b,331,397,45,0
5779b,331,399,46,0
5785b,331,401,47,0
1095b,331,403,48,0
261b,331,404,49,0
2196b,331,405,50,0
1512b,331,405,51,0
1805b,331,406,52,0
4055b,331,406,53,0
3309b,331,407,54,0
1192b,331,408,55,0
1144b,331,409,56,0
387b,331,410,57,0
38b,331,411,58,0
445b,331,411,59,0
801b,331,412,60,0
1164b,331,412,61,0
3888b,331,413,62,0
150b,331,414,63,0
3545b,331,415,64,1
2093b,16284,600,1,0
2081b,16284,600,2,0
1524b,16284,600,3,0
1428b,16284,601,4,0
3296b,16284,601,5,0
1090b,16284,601,6,0
305b,16284,602,7,0
2869b,16284,602,8,0
7591b,16284,603,9,0
1684b,16284,603,10,0
1675b,16284,605,11,0
1915b,16284,606,12,0
1682b,16284,607,13,0
668b,16284,608,14,0
1732b,16284,610,15,0
1346b,16284,610,16,0
1303b,16284,612,17,0
1751b,16284,612,18,0
5767b,16284,614,19,0
3943b,16284,615,20,0
3942b,16284,615,21,0
5419b,16284,617,22,0
3940b,16284,618,23,0
2143b,16284,620,24,0
106b,16284,621,25,0
2201b,16284,621,26,0
2147b,16284,622,27,0
5773b,16284,623,28,0
2656b,16284,623,29,0
2146b,16284,624,30,0
1821b,16284,625,31,0
5644b,16284,625,32,0
2019b,16284,626,33,0
2229b,16284,627,34,0
2173b,16284,628,35,0
2230b,16284,628,36,0
3662b,16284,629,37,0
2180b,16284,630,38,0
2175b,16284,631,39,0
1305b,16284,631,40,0
5746b,16284,632,41,0
5761b,16284,633,42,0
5776b,16284,635,43,0
1586b,16284,637,44,0
5777b,16284,637,45,0
5779b,16284,639,46,0
5785b,16284,641,47,0
1095b,16284,643,48,0
261b,16284,644,49,0
2196b,16284,645,50,0
1512b,16284,645,51,0
1805b,16284,646,52,0
4055b,16284,646,53,0
3309b,16284,647,54,0
1192b,16284,648,55,0
1144b,16284,649,56,0
387b,16284,650,57,0
38b,16284,651,58,0
445b,16284,651,59,0
801b,16284,652,60,0
1164b,16284,652,61,0
3888b,16284,653,62,0
150b,16284,654,63,0
3545b,16284,655,64,1
2093b,18291,585,1,0
2081b,18291,585,2,0
1524b,18291,585,3,0
1428b,18291,586,4,0
3296b,18291,586,5,0
1090b,18291,586,6,0
305b,18291,587,7,0
2869b,18291,587,8,0
7591b,18291,588,9,0
1684b,18291,588,10,0
1675b,18291,590,11,0
1915b,18291,591,12,0
1682b,18291,592,13,0
668b,18291,593,14,0
1732b,18291,595,15,0
1346b,18291,595,16,0
1303b,18291,597,17,0
1751b,18291,597,18,0
5767b,18291,599,19,0
3943b,18291,600,20,0
3942b,18291,600,21,0
5419b,18291,602,22,0
3940b,18291,603,23,0
2143b,18291,605,24,0
106b,18291,606,25,0
2201b,18291,606,26,0
2147b,18291,607,27,0
5773b,18291,608,28,0
2656b,18291,608,29,0
2146b,18291,609,30,0
1821b,18291,610,31,0
5644b,18291,610,32,0
2019b,18291,611,33,0
2229b,18291,612,34,0
2173b,18291,613,35,0
2230b,18291,613,36,0
3662b,18291,614,37,0
2180b,18291,615,38,0
2175b,18291,616,39,0
1305b,18291,616,40,0
5746b,18291,617,41,0
5761b,18291,618,42,0
5776b,18291,620,43,0
1586b,18291,622,44,0
5777b,18291,622,45,0
5779b,18291,624,46,0
5785b,18291,626,47,0
1095b,18291,628,48,0
261b,18291,629,49,0
2196b,18291,630,50,0
1512b,18291,630,51,0
1805b,18291,631,52,0
4055b,18291,631,53,0
3309b,18291,632,54,0
1192b,18291,633,55,0
1144b,18291,634,56,0
387b,18291,635,57,0
38b,18291,636,58,0
445b,18291,636,59,0
801b,18291,637,60,0
1164b,18291,637,61,0
3888b,18291,638,62,0
150b,18291,639,63,0
3545b,18291,640,64,1
4524b,20710,1021,1,0
3788b,20710,1021,2,0
2161b,20710,1022,3,0
1716b,20710,1023,4,0
186b,20710,1023,5,0
1276b,20710,1024,6,0
1513b,20710,1024,7,0
1146b,20710,1025,8,0
1451b,20710,1025,9,0
606b,20710,1026,10,0
1726b,20710,1027,11,0
3314b,20710,1028,12,0
4750b,20710,1029,13,0
2195b,20710,1030,14,0
244b,20710,1030,15,0
1809b,20710,1031,16,0
2194b,20710,1031,17,0
2078b,20710,1033,18,0
5747b,20710,1034,19,0
5780b,20710,1036,20,0
5778b,20710,1037,21,0
2076b,20710,1038,22,0
3894b,20710,1039,23,0
5762b,20710,1042,24,0
5757b,20710,1042,25,0
950b,20710,1043,26,0
1108b,20710,1044,27,0
2028b,20710,1045,28,0
1995b,20710,1046,29,0
2071b,20710,1046,30,0
2056b,20710,1046,31,0
1514b,20710,1047,32,0
1820b,20710,1048,33,0
2248b,20710,1049,34,0
2251b,20710,1049,35,0
2144b,20710,1050,36,0
2150b,20710,1051,37,0
1870b,20710,1051,38,0
2151b,20710,1051,39,0
2148b,20710,1052,40,0
3939b,20710,1053,41,0
5418b,20710,1054,42,0
3941b,20710,1056,43,0
4850b,20710,1057,44,0
5766b,20710,1057,45,0
1882b,20710,1059,46,0
2160b,20710,1059,47,0
1571b,20710,1061,48,0
1523b,20710,1062,49,0
726b,20710,1064,50,0
247b,20710,1065,51,0
2011b,20710,1065,52,0
2118b,20710,1067,53,0
7593b,20710,1069,54,0
7592b,20710,1071,55,0
7594b,20710,1072,56,0
7570b,20710,1072,57,0
7569b,20710,1073,58,0
2522b,20710,1073,59,0
1888b,20710,1074,60,0
1677b,20710,1074,61,0
1376b,20710,1074,62,0
2558b,20710,1075,63,0
1121b,20710,1076,64,1
2093b,8546,960,1,0
2081b,8546,960,2,0
1524b,8546,960,3,0
1428b,8546,961,4,0
3296b,8546,961,5,0
1090b,8546,961,6,0
305b,8546,962,7,0
2869b,8546,962,8,0
7591b,8546,963,9,0
1684b,8546,963,10,0
1675b,8546,965,11,0
1915b,8546,966,12,0
1682b,8546,967,13,0
668b,8546,968,14,0
1732b,8546,970,15,0
1346b,8546,970,16,0
1303b,8546,972,17,0
1751b,8546,972,18,0
5767b,8546,974,19,0
3943b,8546,975,20,0
3942b,8546,975,21,0
5419b,8546,977,22,0
3940b,8546,978,23,0
2143b,8546,980,24,0
106b,8546,981,25,0
2201b,8546,981,26,0
2147b,8546,982,27,0
5773b,8546,983,28,0
2656b,8546,983,29,0
2146b,8546,984,30,0
1821b,8546,985,31,0
5644b,8546,985,32,0
2019b,8546,986,33,0
2229b,8546,987,34,0
2173b,8546,988,35,0
2230b,8546,988,36,0
3662b,8546,989,37,0
2180b,8546,990,38,0
2175b,8546,991,39,0
1305b,8546,991,40,0
5746b,8546,992,41,0
5761b,8546,993,42,0
5776b,8546,995,43,0
1586b,8546,997,44,0
5777b,8546,997,45,0
5779b,8546,999,46,0
5785b,8546,1001,47,0
1095b,8546,1003,48,0
261b,8546,1004,49,0
2196b,8546,1005,50,0
1512b,8546,1005,51,0
1805b,8546,1006,52,0
4055b,8546,1006,53,0
3309b,8546,1007,54,0
1192b,8546,1008,55,0
1144b,8546,1009,56,0
387b,8546,1010,57,0
38b,8546,1011,58,0
445b,8546,1011,59,0
801b,8546,1012,60,0
1164b,8546,1012,61,0
3888b,8546,1013,62,0
150b,8546,1014,63,0
3545b,8546,1015,64,1
2093b,625,960,1,0
2081b,625,960,2,0
1524b,625,960,3,0
1428b,625,961,4,0
3296b,625,961,5,0
1090b,625,961,6,0
305b,625,962,7,0
2869b,625,962,8,0
7591b,625,963,9,0
1684b,625,963,10,0
1675b,625,965,11,0
1915b,625,966,12,0
1682b,625,967,13,0
668b,625,968,14,0
1732b,625,970,15,0
1346b,625,970,16,0
1303b,625,972,17,0
1751b,625,972,18,0
5767b,625,974,19,0
3943b,625,975,20,0
3942b,625,975,21,0
5419b,625,977,22,0
3940b,625,978,23,0
2143b,625,980,24,0
106b,625,981,25,0
2201b,625,981,26,0
2147b,625,982,27,0
5773b,625,983,28,0
2656b,625,983,29,0
2146b,625,984,30,0
1821b,625,985,31,0
5644b,625,985,32,0
2019b,625,986,33,0
2229b,625,987,34,0
2173b,625,988,35,0
2230b,625,988,36,0
3662b,625,989,37,0
2180b,625,990,38,0
2175b,625,991,39,0
1305b,625,991,40,0
5746b,625,992,41,0
5761b,625,993,42,0
5776b,625,995,43,0
1586b,625,997,44,0
5777b,625,997,45,0
5779b,625,999,46,0
5785b,625,1001,47,0
1095b,625,1003,48,0
261b,625,1004,49,0
2196b,625,1005,50,0
1512b,625,1005,51,0
1805b,625,1006,52,0
4055b,625,1006,53,0
3309b,625,1007,54,0
1192b,625,1008,55,0
1144b,625,1009,56,0
387b,625,1010,57,0
38b,625,1011,58,0
445b,625,1011,59,0
801b,625,1012,60,0
1164b,625,1012,61,0
3888b,625,1013,62,0
150b,625,1014,63,0
3545b,625,1015,64,1
4524b,14651,500,1,0
3788b,14651,500,2,0
2161b,14651,501,3,0
1716b,14651,502,4,0
186b,14651,502,5,0
1276b,14651,503,6,0
1513b,14651,503,7,0
1146b,14651,504,8,0
1451b,14651,504,9,0
606b,14651,505,10,0
1726b,14651,506,11,0
3314b,14651,507,12,0
4750b,14651,508,13,0
2195b,14651,509,14,0
244b,14651,509,15,0
1809b,14651,510,16,0
2194b,14651,510,17,0
2078b,14651,512,18,0
5747b,14651,513,19,0
5780b,14651,515,20,0
5778b,14651,516,21,0
2076b,14651,517,22,0
3894b,14651,518,23,0
5762b,14651,521,24,0
5757b,14651,521,25,0
950b,14651,522,26,0
1108b,14651,523,27,0
2028b,14651,524,28,0
1995b,14651,525,29,0
2071b,14651,525,30,0
2056b,14651,525,31,0
1514b,14651,526,32,0
1820b,14651,527,33,0
2248b,14651,528,34,0
2251b,14651,528,35,0
2144b,14651,529,36,0
2150b,14651,530,37,0
1870b,14651,530,38,0
2151b,14651,530,39,0
2148b,14651,531,40,0
3939b,14651,532,41,0
5418b,14651,533,42,0
3941b,14651,535,43,0
4850b,14651,536,44,0
5766b,14651,536,45,0
1882b,14651,538,46,0
2160b,14651,538,47,0
1571b,14651,540,48,0
1523b,14651,541,49,0
726b,14651,543,50,0
247b,14651,544,51,0
2011b,14651,544,52,0
2118b,14651,546,53,0
7593b,14651,548,54,0
7592b,14651,550,55,0
7594b,14651,551,56,0
7570b,14651,551,57,0
7569b,14651,552,58,0
2522b,14651,552,59,0
1888b,14651,553,60,0
1677b,14651,553,61,0
1376b,14651,553,62,0
2558b,14651,554,63,0
1121b,14651,555,64,1
2093b,28301,1080,1,0
2081b,28301,1080,2,0
1524b,28301,1080,3,0
1428b,28301,1081,4,0
3296b,28301,1081,5,0
1090b,28301,1081,6,0
305b,28301,1082,7,0
2869b,28301,1082,8,0
7591b,28301,1083,9,0
1684b,28301,1083,10,0
1675b,28301,1085,11,0
1915b,28301,1086,12,0
1682b,28301,1087,13,0
668b,28301,1088,14,0
1732b,28301,1090,15,0
1346b,28301,1090,16,0
1303b,28301,1092,17,0
1751b,28301,1092,18,0
5767b,28301,1094,19,0
3943b,28301,1095,20,0
3942b,28301,1095,21,0
5419b,28301,1097,22,0
3940b,28301,1098,23,0
2143b,28301,1100,24,0
106b,28301,1101,25,0
2201b,28301,1101,26,0
2147b,28301,1102,27,0
5773b,28301,1103,28,0
2656b,28301,1103,29,0
2146b,28301,1104,30,0
1821b,28301,1105,31,0
5644b,28301,1105,32,0
2019b,28301,1106,33,0
2229b,28301,1107,34,0
2173b,28301,1108,35,0
2230b,28301,1108,36,0
3662b,28301,1109,37,0
2180b,28301,1110,38,0
2175b,28301,1111,39,0
1305b,28301,1111,40,0
5746b,28301,1112,41,0
5761b,28301,1113,42,0
5776b,28301,1115,43,0
1586b,28301,1117,44,0
5777b,28301,1117,45,0
5779b,28301,1119,46,0
5785b,28301,1121,47,0
1095b,28301,1123,48,0
261b,28301,1124,49,0
2196b,28301,1125,50,0
1512b,28301,1125,51,0
1805b,28301,1126,52,0
4055b,28301,1126,53,0
3309b,28301,1127,54,0
1192b,28301,1128,55,0
1144b,28301,1129,56,0
387b,28301,1130,57,0
38b,28301,1131,58,0
445b,28301,1131,59,0
801b,28301,1132,60,0
1164b,28301,1132,61,0
3888b,28301,1133,62,0
150b,28301,1134,63,0
3545b,28301,1135,64,1
4524b,24199,870,1,0
3788b,24199,870,2,0
2161b,24199,871,3,0
1716b,24199,872,4,0
186b,24199,872,5,0
1276b,24199,873,6,0
1513b,24199,873,7,0
1146b,24199,874,8,0
1451b,24199,874,9,0
606b,24199,875,10,0
1726b,24199,876,11,0
3314b,24199,877,12,0
4750b,24199,878,13,0
2195b,24199,879,14,0
244b,24199,879,15,0
1809b,24199,880,16,0
2194b,24199,880,17,0
2078b,24199,882,18,0
5747b,24199,883,19,0
5780b,24199,885,20,0
5778b,24199,886,21,0
2076b,24199,887,22,0
3894b,24199,888,23,0
5762b,24199,891,24,0
5757b,24199,891,25,0
950b,24199,892,26,0
1108b,24199,893,27,0
2028b,24199,894,28,0
1995b,24199,895,29,0
2071b,24199,895,30,0
2056b,24199,895,31,0
1514b,24199,896,32,0
1820b,24199,897,33,0
2248b,24199,898,34,0
2251b,24199,898,35,0
2144b,24199,899,36,0
2150b,24199,900,37,0
1870b,24199,900,38,0
2151b,24199,900,39,0
2148b,24199,901,40,0
3939b,24199,902,41,0
5418b,24199,903,42,0
3941b,24199,905,43,0
4850b,24199,906,44,0
5766b,24199,906,45,0
1882b,24199,908,46,0
2160b,24199,908,47,0
1571b,24199,910,48,0
1523b,24199,911,49,0
726b,24199,913,50,0
247b,24199,914,51,0
2011b,24199,914,52,0
2118b,24199,916,53,0
7593b,24199,918,54,0
7592b,24199,920,55,0
7594b,24199,921,56,0
7570b,24199,921,57,0
7569b,24199,922,58,0
2522b,24199,922,59,0
1888b,24199,923,60,0
1677b,24199,923,61,0
1376b,24199,923,62,0
2558b,24199,924,63,0
1121b,24199,925,64,1
4524b,28638,1021,1,0
3788b,28638,1021,2,0
2161b,28638,1022,3,0
1716b,28638,1023,4,0
186b,28638,1023,5,0
1276b,28638,1024,6,0
1513b,28638,1024,7,0
1146b,28638,1025,8,0
1451b,28638,1025,9,0
606b,28638,1026,10,0
1726b,28638,1027,11,0
3314b,28638,1028,12,0
4750b,28638,1029,13,0
2195b,28638,1030,14,0
244b,28638,1030,15,0
1809b,28638,1031,16,0
2194b,28638,1031,17,0
2078b,28638,1033,18,0
5747b,28638,1034,19,0
5780b,28638,1036,20,0
5778b,28638,1037,21,0
2076b,28638,1038,22,0
3894b,28638,1039,23,0
5762b,28638,1042,24,0
5757b,28638,1042,25,0
950b,28638,1043,26,0
1108b,28638,1044,27,0
2028b,28638,1045,28,0
1995b,28638,1046,29,0
2071b,28638,1046,30,0
2056b,28638,1046,31,0
1514b,28638,1047,32,0
1820b,28638,1048,33,0
2248b,28638,1049,34,0
2251b,28638,1049,35,0
2144b,28638,1050,36,0
2150b,28638,1051,37,0
1870b,28638,1051,38,0
2151b,28638,1051,39,0
2148b,28638,1052,40,0
3939b,28638,1053,41,0
5418b,28638,1054,42,0
3941b,28638,1056,43,0
4850b,28638,1057,44,0
5766b,28638,1057,45,0
1882b,28638,1059,46,0
2160b,28638,1059,47,0
1571b,28638,1061,48,0
1523b,28638,1062,49,0
726b,28638,1064,50,0
247b,28638,1065,51,0
2011b,28638,1065,52,0
2118b,28638,1067,53,0
7593b,28638,1069,54,0
7592b,28638,1071,55,0
7594b,28638,1072,56,0
7570b,28638,1072,57,0
7569b,28638,1073,58,0
2522b,28638,1073,59,0
1888b,28638,1074,60,0
1677b,28638,1074,61,0
1376b,28638,1074,62,0
2558b,28638,1075,63,0
1121b,28638,1076,64,1
2093b,26727,540,1,0
2081b,26727,540,2,0
1524b,26727,540,3,0
1428b,26727,541,4,0
3296b,26727,541,5,0
1090b,26727,541,6,0
305b,26727,542,7,0
2869b,26727,542,8,0
7591b,26727,543,9,0
1684b,26727,543,10,0
1675b,26727,545,11,0
1915b,26727,546,12,0
1682b,26727,547,13,0
668b,26727,548,14,0
1732b,26727,550,15,0
1346b,26727,550,16,0
1303b,26727,552,17,0
1751b,26727,552,18,0
5767b,26727,554,19,0
3943b,26727,555,20,0
3942b,26727,555,21,0
5419b,26727,557,22,0
3940b,26727,558,23,0
2143b,26727,560,24,0
106b,26727,561,25,0
2201b,26727,561,26,0
2147b,26727,562,27,0
5773b,26727,563,28,0
2656b,26727,563,29,0
2146b,26727,564,30,0
1821b,26727,565,31,0
5644b,26727,565,32,0
2019b,26727,566,33,0
2229b,26727,567,34,0
2173b,26727,568,35,0
2230b,26727,568,36,0
3662b,26727,569,37,0
2180b,26727,570,38,0
2175b,26727,571,39,0
1305b,26727,571,40,0
5746b,26727,572,41,0
5761b,26727,573,42,0
5776b,26727,575,43,0
1586b,26727,577,44,0
5777b,26727,577,45,0
5779b,26727,579,46,0
5785b,26727,581,47,0
1095b,26727,583,48,0
261b,26727,584,49,0
2196b,26727,585,50,0
1512b,26727,585,51,0
1805b,26727,586,52,0
4055b,26727,586,53,0
3309b,26727,587,54,0
1192b,26727,588,55,0
1144b,26727,589,56,0
387b,26727,590,57,0
38b,26727,591,58,0
445b,26727,591,59,0
801b,26727,592,60,0
1164b,26727,592,61,0
3888b,26727,593,62,0
150b,26727,594,63,0
3545b,26727,595,64,1
4524b,26830,781,1,0
3788b,26830,781,2,0
2161b,26830,782,3,0
1716b,26830,783,4,0
186b,26830,783,5,0
1276b,26830,784,6,0
1513b,26830,784,7,0
1146b,26830,785,8,0
1451b,26830,785,9,0
606b,26830,786,10,0
1726b,26830,787,11,0
3314b,26830,788,12,0
4750b,26830,789,13,0
2195b,26830,790,14,0
244b,26830,790,15,0
1809b,26830,791,16,0
2194b,26830,791,17,0
2078b,26830,793,18,0
5747b,26830,794,19,0
5780b,26830,796,20,0
5778b,26830,797,21,0
2076b,26830,798,22,0
3894b,26830,799,23,0
5762b,26830,802,24,0
5757b,26830,802,25,0
950b,26830,803,26,0
1108b,26830,804,27,0
2028b,26830,805,28,0
1995b,26830,806,29,0
2071b,26830,806,30,0
2056b,26830,806,31,0
1514b,26830,807,32,0
1820b,26830,808,33,0
2248b,26830,809,34,0
2251b,26830,809,35,0
2144b,26830,810,36,0
2150b,26830,811,37,0
1870b,26830,811,38,0
2151b,26830,811,39,0
2148b,26830,812,40,0
3939b,26830,813,41,0
5418b,26830,814,42,0
3941b,26830,816,43,0
4850b,26830,817,44,0
5766b,26830,817,45,0
1882b,26830,819,46,0
2160b,26830,819,47,0
1571b,26830,821,48,0
1523b,26830,822,49,0
726b,26830,824,50,0
247b,26830,825,51,0
2011b,26830,825,52,0
2118b,26830,827,53,0
7593b,26830,829,54,0
7592b,26830,831,55,0
7594b,26830,832,56,0
7570b,26830,832,57,0
7569b,26830,833,58,0
2522b,26830,833,59,0
1888b,26830,834,60,0
1677b,26830,834,61,0
1376b,26830,834,62,0
2558b,26830,835,63,0
1121b,26830,836,64,1
2093b,28150,480,1,0
2081b,28150,480,2,0
1524b,28150,480,3,0
1428b,28150,481,4,0
3296b,28150,481,5,0
1090b,28150,481,6,0
305b,28150,482,7,0
2869b,28150,482,8,0
7591b,28150,483,9,0
1684b,28150,483,10,0
1675b,28150,485,11,0
1915b,28150,486,12,0
1682b,28150,487,13,0
668b,28150,488,14,0
1732b,28150,490,15,0
1346b,28150,490,16,0
1303b,28150,492,17,0
1751b,28150,492,18,0
5767b,28150,494,19,0
3943b,28150,495,20,0
3942b,28150,495,21,0
5419b,28150,497,22,0
3940b,28150,498,23,0
2143b,28150,500,24,0
106b,28150,501,25,0
2201b,28150,501,26,0
2147b,28150,502,27,0
5773b,28150,503,28,0
2656b,28150,503,29,0
2146b,28150,504,30,0
1821b,28150,505,31,0
5644b,28150,505,32,0
2019b,28150,506,33,0
2229b,28150,507,34,0
2173b,28150,508,35,0
2230b,28150,508,36,0
3662b,28150,509,37,0
2180b,28150,510,38,0
2175b,28150,511,39,0
1305b,28150,511,40,0
5746b,28150,512,41,0
5761b,28150,513,42,0
5776b,28150,515,43,0
1586b,28150,517,44,0
5777b,28150,517,45,0
5779b,28150,519,46,0
5785b,28150,521,47,0
1095b,28150,523,48,0
261b,28150,524,49,0
2196b,28150,525,50,0
1512b,28150,525,51,0
1805b,28150,527,52,0
4055b,28150,528,53,0
3309b,28150,529,54,0
1192b,28150,532,55,0
1144b,28150,533,56,0
387b,28150,536,57,0
38b,28150,537,58,0
445b,28150,538,59,0
801b,28150,540,60,0
1164b,28150,540,61,0
3888b,28150,542,62,0
150b,28150,544,63,0
3545b,28150,545,64,1
2093b,26869,825,1,0
2081b,26869,825,2,0
1524b,26869,825,3,0
1428b,26869,826,4,0
3296b,26869,826,5,0
1090b,26869,826,6,0
305b,26869,827,7,0
2869b,26869,827,8,0
7591b,26869,828,9,0
1684b,26869,828,10,0
1675b,26869,830,11,0
1915b,26869,831,12,0
1682b,26869,832,13,0
668b,26869,833,14,0
1732b,26869,835,15,0
1346b,26869,835,16,0
1303b,26869,837,17,0
1751b,26869,837,18,0
5767b,26869,839,19,0
3943b,26869,840,20,0
3942b,26869,840,21,0
5419b,26869,842,22,0
3940b,26869,843,23,0
2143b,26869,845,24,0
106b,26869,846,25,0
2201b,26869,846,26,0
2147b,26869,847,27,0
5773b,26869,848,28,0
2656b,26869,848,29,0
2146b,26869,849,30,0
1821b,26869,850,31,0
5644b,26869,850,32,0
2019b,26869,851,33,0
2229b,26869,852,34,0
2173b,26869,853,35,0
2230b,26869,853,36,0
3662b,26869,854,37,0
2180b,26869,855,38,0
2175b,26869,856,39,0
1305b,26869,856,40,0
5746b,26869,857,41,0
5761b,26869,858,42,0
5776b,26869,860,43,0
1586b,26869,862,44,0
5777b,26869,862,45,0
5779b,26869,864,46,0
5785b,26869,866,47,0
1095b,26869,868,48,0
261b,26869,869,49,0
2196b,26869,870,50,0
1512b,26869,870,51,0
1805b,26869,871,52,0
4055b,26869,871,53,0
3309b,26869,872,54,0
1192b,26869,873,55,0
1144b,26869,874,56,0
387b,26869,875,57,0
38b,26869,876,58,0
445b,26869,876,59,0
801b,26869,877,60,0
1164b,26869,877,61,0
3888b,26869,878,62,0
150b,26869,879,63,0
3545b,26869,880,64,1
