arret_id,trajet_id,heure_depart,stop_sequence,terminus
649b,35710,790,1,0
1648b,35710,790,2,0
5701b,35710,792,3,0
4137b,35710,794,4,0
5699b,35710,795,5,0
1850b,35710,798,6,0
3231b,35710,798,7,0
732b,35710,800,8,0
3233b,35710,801,9,0
3235b,35710,802,10,0
3237b,35710,802,11,0
538b,35710,803,12,0
3239b,35710,804,13,0
4651b,35710,805,14,1
3342b,12349,510,1,0
3240b,12349,510,2,0
3238b,12349,511,3,0
3236b,12349,512,4,0
3234b,12349,512,5,0
44b,12349,513,6,0
3232b,12349,514,7,0
3230b,12349,516,8,0
6326b,12349,516,9,0
5698b,12349,519,10,0
4138b,12349,520,11,0
5702b,12349,522,12,0
649b,12349,525,13,1
3342b,12345,510,1,0
3240b,12345,510,2,0
3238b,12345,511,3,0
3236b,12345,512,4,0
3234b,12345,512,5,0
44b,12345,513,6,0
3232b,12345,514,7,0
3230b,12345,516,8,0
6326b,12345,516,9,0
5698b,12345,519,10,0
4138b,12345,520,11,0
5702b,12345,522,12,0
649b,12345,525,13,1
649b,12527,795,1,0
1648b,12527,795,2,0
6328b,12527,799,3,0
245b,12527,800,4,0
2626b,12527,802,5,0
2620b,12527,802,6,0
1531b,12527,803,7,0
1041b,12527,804,8,0
3247b,12527,806,9,1
649b,21595,1035,1,0
1648b,21595,1035,2,0
6328b,21595,1039,3,0
245b,21595,1040,4,0
2626b,21595,1042,5,0
2620b,21595,1042,6,0
1531b,21595,1043,7,0
1041b,21595,1044,8,0
3247b,21595,1046,9,1
3342b,13458,450,1,0
3240b,13458,450,2,0
3238b,13458,451,3,0
3236b,13458,452,4,0
3234b,13458,452,5,0
44b,13458,453,6,0
3232b,13458,454,7,0
3230b,13458,456,8,0
6326b,13458,456,9,0
5698b,13458,459,10,0
4138b,13458,460,11,0
5702b,13458,462,12,0
649b,13458,465,13,1
3342b,13456,450,1,0
3240b,13456,450,2,0
3238b,13456,451,3,0
3236b,13456,452,4,0
3234b,13456,452,5,0
44b,13456,453,6,0
3232b,13456,454,7,0
3230b,13456,456,8,0
6326b,13456,456,9,0
5698b,13456,459,10,0
4138b,13456,460,11,0
5702b,13456,462,12,0
649b,13456,465,13,1
649b,15401,1030,1,0
1648b,15401,1030,2,0
5701b,15401,1032,3,0
4137b,15401,1034,4,0
5699b,15401,1035,5,0
1850b,15401,1038,6,0
3231b,15401,1038,7,0
732b,15401,1040,8,0
3233b,15401,1041,9,0
3235b,15401,1042,10,0
3237b,15401,1042,11,0
538b,15401,1043,12,0
3239b,15401,1044,13,0
4651b,15401,1045,14,1
649b,13166,1030,1,0
1648b,13166,1030,2,0
5701b,13166,1032,3,0
4137b,13166,1034,4,0
5699b,13166,1035,5,0
1850b,13166,1038,6,0
3231b,13166,1038,7,0
732b,13166,1040,8,0
3233b,13166,1041,9,0
3235b,13166,1042,10,0
3237b,13166,1042,11,0
538b,13166,1043,12,0
3239b,13166,1044,13,0
4651b,13166,1045,14,1
649b,18556,1035,1,0
1648b,18556,1035,2,0
6328b,18556,1039,3,0
245b,18556,1040,4,0
2626b,18556,1042,5,0
2620b,18556,1042,6,0
1531b,18556,1043,7,0
1041b,18556,1044,8,0
3247b,18556,1046,9,1
649b,517,790,1,0
1648b,517,790,2,0
5701b,517,792,3,0
4137b,517,794,4,0
5699b,517,795,5,0
1850b,517,798,6,0
3231b,517,798,7,0
732b,517,800,8,0
3233b,517,801,9,0
3235b,517,802,10,0
3237b,517,802,11,0
538b,517,803,12,0
3239b,517,804,13,0
4651b,517,805,14,1
649b,238,795,1,0
1648b,238,795,2,0
6328b,238,799,3,0
245b,238,800,4,0
2626b,238,802,5,0
2620b,238,802,6,0
1531b,238,803,7,0
1041b,238,804,8,0
3247b,238,806,9,1
1619b,6251,450,1,0
1667b,6251,451,2,0
3276b,6251,452,3,0
1045b,6251,453,4,0
1532b,6251,454,5,0
1069b,6251,455,6,0
6327b,6251,457,7,0
649b,6251,461,8,1
1619b,6249,450,1,0
1667b,6249,451,2,0
3276b,6249,452,3,0
1045b,6249,453,4,0
1532b,6249,454,5,0
1069b,6249,455,6,0
6327b,6249,457,7,0
649b,6249,461,8,1
