arret_id,trajet_id,heure_depart,stop_sequence,terminus
5734b,13830,1335,1,0
5800b,13830,1339,2,0
4037b,13830,1340,3,0
68b,13830,1341,4,0
1073b,13830,1342,5,0
3625b,13830,1343,6,0
987b,13830,1343,7,0
1465b,13830,1344,8,0
737b,13830,1344,9,0
1011b,13830,1345,10,0
1103b,13830,1345,11,0
2376b,13830,1346,12,0
3466b,13830,1346,13,0
5206b,13830,1347,14,0
5207b,13830,1348,15,0
1549b,13830,1350,16,1
5734b,9610,1455,1,0
5800b,9610,1459,2,0
4037b,9610,1460,3,0
68b,9610,1461,4,0
1073b,9610,1462,5,0
3625b,9610,1463,6,0
987b,9610,1463,7,0
1465b,9610,1464,8,0
737b,9610,1464,9,0
1011b,9610,1465,10,0
1103b,9610,1465,11,0
2376b,9610,1466,12,0
3466b,9610,1466,13,0
5206b,9610,1467,14,0
5207b,9610,1468,15,0
1549b,9610,1470,16,1
5734b,3551,1455,1,0
5800b,3551,1459,2,0
4037b,3551,1460,3,0
68b,3551,1461,4,0
1073b,3551,1462,5,0
3625b,3551,1463,6,0
987b,3551,1463,7,0
1465b,3551,1464,8,0
737b,3551,1464,9,0
1011b,3551,1465,10,0
1103b,3551,1465,11,0
2376b,3551,1466,12,0
3466b,3551,1466,13,0
5206b,3551,1467,14,0
5207b,3551,1468,15,0
1549b,3551,1470,16,1
5734b,8373,1335,1,0
5800b,8373,1339,2,0
4037b,8373,1340,3,0
68b,8373,1341,4,0
1073b,8373,1342,5,0
3625b,8373,1343,6,0
987b,8373,1343,7,0
1465b,8373,1344,8,0
737b,8373,1344,9,0
1011b,8373,1345,10,0
1103b,8373,1345,11,0
2376b,8373,1346,12,0
3466b,8373,1346,13,0
5206b,8373,1347,14,0
5207b,8373,1348,15,0
1549b,8373,1350,16,1
2137b,3912,1370,1,0
5207b,3912,1371,2,0
5205b,3912,1372,3,0
3465b,3912,1373,4,0
2378b,3912,1374,5,0
885b,3912,1374,6,0
303b,3912,1375,7,0
2493b,3912,1375,8,0
531b,3912,1376,9,0
676b,3912,1377,10,0
7798b,3912,1378,11,0
386b,3912,1378,12,0
968b,3912,1380,13,0
2599b,3912,1381,14,0
5799b,3912,1383,15,0
4005b,3912,1390,16,1
5734b,1648,1335,1,0
5800b,1648,1339,2,0
4037b,1648,1340,3,0
68b,1648,1341,4,0
1073b,1648,1342,5,0
3625b,1648,1343,6,0
987b,1648,1343,7,0
1465b,1648,1344,8,0
737b,1648,1344,9,0
1011b,1648,1345,10,0
1103b,1648,1345,11,0
2376b,1648,1346,12,0
3466b,1648,1346,13,0
5206b,1648,1347,14,0
5207b,1648,1348,15,0
1549b,1648,1350,16,1
5734b,1672,1335,1,0
5800b,1672,1339,2,0
4037b,1672,1340,3,0
68b,1672,1341,4,0
1073b,1672,1342,5,0
3625b,1672,1343,6,0
987b,1672,1343,7,0
1465b,1672,1344,8,0
737b,1672,1344,9,0
1011b,1672,1345,10,0
1103b,1672,1345,11,0
2376b,1672,1346,12,0
3466b,1672,1346,13,0
5206b,1672,1347,14,0
5207b,1672,1348,15,0
1549b,1672,1350,16,1
2137b,17107,1370,1,0
5207b,17107,1371,2,0
5205b,17107,1372,3,0
3465b,17107,1373,4,0
2378b,17107,1374,5,0
885b,17107,1374,6,0
303b,17107,1375,7,0
2493b,17107,1375,8,0
531b,17107,1376,9,0
676b,17107,1377,10,0
7798b,17107,1378,11,0
386b,17107,1378,12,0
968b,17107,1380,13,0
2599b,17107,1381,14,0
5799b,17107,1383,15,0
4005b,17107,1390,16,1
5734b,2538,1455,1,0
5800b,2538,1459,2,0
4037b,2538,1460,3,0
68b,2538,1461,4,0
1073b,2538,1462,5,0
3625b,2538,1463,6,0
987b,2538,1463,7,0
1465b,2538,1464,8,0
737b,2538,1464,9,0
1011b,2538,1465,10,0
1103b,2538,1465,11,0
2376b,2538,1466,12,0
3466b,2538,1466,13,0
5206b,2538,1467,14,0
5207b,2538,1468,15,0
1549b,2538,1470,16,1
2137b,8698,1370,1,0
5207b,8698,1371,2,0
5205b,8698,1372,3,0
3465b,8698,1373,4,0
2378b,8698,1374,5,0
885b,8698,1374,6,0
303b,8698,1375,7,0
2493b,8698,1375,8,0
531b,8698,1376,9,0
676b,8698,1377,10,0
7798b,8698,1378,11,0
386b,8698,1378,12,0
968b,8698,1380,13,0
2599b,8698,1381,14,0
5799b,8698,1383,15,0
4005b,8698,1390,16,1
5734b,6013,1455,1,0
5800b,6013,1459,2,0
4037b,6013,1460,3,0
68b,6013,1461,4,0
1073b,6013,1462,5,0
3625b,6013,1463,6,0
987b,6013,1463,7,0
1465b,6013,1464,8,0
737b,6013,1464,9,0
1011b,6013,1465,10,0
1103b,6013,1465,11,0
2376b,6013,1466,12,0
3466b,6013,1466,13,0
5206b,6013,1467,14,0
5207b,6013,1468,15,0
1549b,6013,1470,16,1
2137b,13591,1490,1,0
5207b,13591,1491,2,0
5205b,13591,1492,3,0
3465b,13591,1493,4,0
2378b,13591,1494,5,0
885b,13591,1494,6,0
303b,13591,1495,7,0
2493b,13591,1495,8,0
531b,13591,1496,9,0
676b,13591,1497,10,0
7798b,13591,1498,11,0
386b,13591,1498,12,0
968b,13591,1500,13,0
2599b,13591,1501,14,0
5799b,13591,1503,15,0
4005b,13591,1510,16,1
2137b,6066,1370,1,0
5207b,6066,1371,2,0
5205b,6066,1372,3,0
3465b,6066,1373,4,0
2378b,6066,1374,5,0
885b,6066,1374,6,0
303b,6066,1375,7,0
2493b,6066,1375,8,0
531b,6066,1376,9,0
676b,6066,1377,10,0
7798b,6066,1378,11,0
386b,6066,1378,12,0
968b,6066,1380,13,0
2599b,6066,1381,14,0
5799b,6066,1383,15,0
4005b,6066,1390,16,1
2137b,7888,1490,1,0
5207b,7888,1491,2,0
5205b,7888,1492,3,0
3465b,7888,1493,4,0
2378b,7888,1494,5,0
885b,7888,1494,6,0
303b,7888,1495,7,0
2493b,7888,1495,8,0
531b,7888,1496,9,0
676b,7888,1497,10,0
7798b,7888,1498,11,0
386b,7888,1498,12,0
968b,7888,1500,13,0
2599b,7888,1501,14,0
5799b,7888,1503,15,0
4005b,7888,1510,16,1
