arret_id,trajet_id,heure_depart,stop_sequence,terminus
2631b,24745,510,1,0
2273b,24745,510,2,0
1234b,24745,510,3,0
6992b,24745,511,4,0
1537b,24745,513,5,0
3113b,24745,513,6,0
1176b,24745,514,7,0
349b,24745,514,8,0
3164b,24745,515,9,0
1866b,24745,516,10,0
325b,24745,517,11,0
312b,24745,520,12,0
894b,24745,520,13,0
3969b,24745,521,14,0
1226b,24745,524,15,0
6571b,24745,524,16,0
5319b,24745,526,17,0
5321b,24745,528,18,0
2501b,24745,528,19,0
381b,24745,528,20,0
982b,24745,529,21,0
3091b,24745,529,22,0
897b,24745,530,23,0
5331b,24745,532,24,0
5329b,24745,532,25,0
5328b,24745,533,26,0
3092b,24745,534,27,0
2993b,24745,535,28,0
3094b,24745,535,29,0
709b,24745,536,30,0
1411b,24745,536,31,0
605b,24745,536,32,0
1110b,24745,537,33,0
3050b,24745,537,34,0
3052b,24745,538,35,0
4014b,24745,538,36,0
4016b,24745,539,37,0
6652b,24745,539,38,0
975b,24745,540,39,0
508b,24745,540,40,0
570b,24745,541,41,0
2024b,24745,541,42,0
3356b,24745,542,43,0
3272b,24745,542,44,0
3045b,24745,543,45,0
5334b,24745,544,46,0
4215b,24745,544,47,0
758b,24745,546,48,0
1162b,24745,546,49,0
151b,24745,548,50,0
4114b,24745,550,51,1
4114b,69,1050,1,0
1917b,69,1050,2,0
2020b,69,1051,3,0
961b,69,1052,4,0
3978b,69,1052,5,0
3979b,69,1054,6,0
3046b,69,1054,7,0
2036b,69,1055,8,0
2032b,69,1055,9,0
550b,69,1056,10,0
554b,69,1057,11,0
623b,69,1058,12,0
6651b,69,1058,13,0
4017b,69,1059,14,0
4015b,69,1059,15,0
3051b,69,1060,16,0
3049b,69,1061,17,0
1013b,69,1062,18,0
250b,69,1062,19,0
112b,69,1062,20,0
3095b,69,1062,21,0
1703b,69,1063,22,0
2497b,69,1063,23,0
1779b,69,1065,24,0
5327b,69,1065,25,0
5330b,69,1066,26,0
5332b,69,1066,27,0
1780b,69,1068,28,0
3090b,69,1069,29,0
1182b,69,1070,30,0
3089b,69,1070,31,0
3088b,69,1071,32,0
5322b,69,1072,33,0
5320b,69,1074,34,0
6572b,69,1075,35,0
1145b,69,1076,36,0
3970b,69,1078,37,0
984b,69,1079,38,0
16b,69,1080,39,0
667b,69,1084,40,0
5316b,69,1086,41,0
2594b,69,1086,42,0
1640b,69,1086,43,0
849b,69,1087,44,0
3114b,69,1087,45,0
3097b,69,1088,46,0
6692b,69,1088,47,0
1456b,69,1089,48,0
162b,69,1089,49,0
2456b,69,1092,50,0
2631b,69,1093,51,1
2631b,10601,1070,1,0
2273b,10601,1070,2,0
1234b,10601,1071,3,0
6992b,10601,1075,4,0
1537b,10601,1079,5,0
3113b,10601,1079,6,0
1176b,10601,1081,7,0
349b,10601,1083,8,0
3164b,10601,1085,9,0
1866b,10601,1090,10,0
325b,10601,1093,11,0
312b,10601,1099,12,0
894b,10601,1101,13,0
3969b,10601,1103,14,0
1226b,10601,1108,15,0
6571b,10601,1109,16,0
5319b,10601,1113,17,0
5321b,10601,1117,18,0
2501b,10601,1117,19,0
381b,10601,1118,20,0
982b,10601,1118,21,0
3091b,10601,1119,22,0
897b,10601,1120,23,0
5331b,10601,1122,24,0
5329b,10601,1122,25,0
5328b,10601,1123,26,0
3092b,10601,1124,27,0
2993b,10601,1125,28,0
3094b,10601,1126,29,0
709b,10601,1126,30,0
1411b,10601,1127,31,0
605b,10601,1127,32,0
1110b,10601,1128,33,0
3050b,10601,1128,34,0
3052b,10601,1129,35,0
4014b,10601,1130,36,0
4016b,10601,1130,37,0
6652b,10601,1131,38,0
975b,10601,1131,39,0
508b,10601,1132,40,0
570b,10601,1132,41,0
2024b,10601,1133,42,0
3356b,10601,1134,43,0
3272b,10601,1134,44,0
3045b,10601,1135,45,0
5334b,10601,1136,46,0
4215b,10601,1136,47,0
758b,10601,1137,48,0
1162b,10601,1137,49,0
151b,10601,1138,50,0
4114b,10601,1139,51,1
4114b,10631,540,1,0
1917b,10631,540,2,0
2020b,10631,540,3,0
961b,10631,541,4,0
3978b,10631,541,5,0
3979b,10631,542,6,0
3046b,10631,542,7,0
2036b,10631,543,8,0
2032b,10631,543,9,0
550b,10631,544,10,0
554b,10631,545,11,0
623b,10631,546,12,0
6651b,10631,546,13,0
4017b,10631,547,14,0
4015b,10631,547,15,0
3051b,10631,548,16,0
3049b,10631,549,17,0
1013b,10631,550,18,0
250b,10631,550,19,0
112b,10631,551,20,0
3095b,10631,551,21,0
1703b,10631,552,22,0
2497b,10631,553,23,0
1779b,10631,556,24,0
5327b,10631,556,25,0
5330b,10631,557,26,0
5332b,10631,557,27,0
1780b,10631,559,28,0
3090b,10631,560,29,0
1182b,10631,561,30,0
3089b,10631,561,31,0
3088b,10631,562,32,0
5322b,10631,563,33,0
5320b,10631,565,34,0
6572b,10631,567,35,0
1145b,10631,568,36,0
3970b,10631,569,37,0
984b,10631,570,38,0
16b,10631,570,39,0
667b,10631,573,40,0
5316b,10631,577,41,0
2594b,10631,578,42,0
1640b,10631,578,43,0
849b,10631,579,44,0
3114b,10631,580,45,0
3097b,10631,581,46,0
6692b,10631,582,47,0
1456b,10631,584,48,0
162b,10631,584,49,0
2456b,10631,586,50,0
2631b,10631,591,51,1
4114b,7064,1170,1,0
1917b,7064,1170,2,0
2020b,7064,1170,3,0
961b,7064,1171,4,0
3978b,7064,1171,5,0
3979b,7064,1172,6,0
3046b,7064,1172,7,0
2036b,7064,1173,8,0
2032b,7064,1173,9,0
550b,7064,1174,10,0
554b,7064,1175,11,0
623b,7064,1176,12,0
6651b,7064,1176,13,0
4017b,7064,1177,14,0
4015b,7064,1177,15,0
3051b,7064,1178,16,0
3049b,7064,1179,17,0
1013b,7064,1180,18,0
250b,7064,1180,19,0
112b,7064,1180,20,0
3095b,7064,1181,21,0
1703b,7064,1182,22,0
2497b,7064,1183,23,0
1779b,7064,1185,24,0
5327b,7064,1185,25,0
5330b,7064,1186,26,0
5332b,7064,1186,27,0
1780b,7064,1188,28,0
3090b,7064,1189,29,0
1182b,7064,1190,30,0
3089b,7064,1190,31,0
3088b,7064,1191,32,0
5322b,7064,1192,33,0
5320b,7064,1194,34,0
6572b,7064,1195,35,0
1145b,7064,1196,36,0
3970b,7064,1197,37,0
984b,7064,1197,38,0
16b,7064,1198,39,0
667b,7064,1200,40,0
5316b,7064,1204,41,0
2594b,7064,1204,42,0
1640b,7064,1204,43,0
849b,7064,1205,44,0
3114b,7064,1205,45,0
3097b,7064,1206,46,0
6692b,7064,1207,47,0
1456b,7064,1208,48,0
162b,7064,1208,49,0
2456b,7064,1210,50,0
2631b,7064,1215,51,1
4114b,29144,990,1,0
1917b,29144,990,2,0
2020b,29144,991,3,0
961b,29144,992,4,0
3978b,29144,992,5,0
3979b,29144,994,6,0
3046b,29144,994,7,0
2036b,29144,995,8,0
2032b,29144,995,9,0
550b,29144,996,10,0
554b,29144,997,11,0
623b,29144,998,12,0
6651b,29144,998,13,0
4017b,29144,999,14,0
4015b,29144,999,15,0
3051b,29144,1000,16,0
3049b,29144,1001,17,0
1013b,29144,1002,18,0
250b,29144,1002,19,0
112b,29144,1002,20,0
3095b,29144,1002,21,0
1703b,29144,1003,22,0
2497b,29144,1003,23,0
1779b,29144,1005,24,0
5327b,29144,1005,25,0
5330b,29144,1006,26,0
5332b,29144,1006,27,0
1780b,29144,1008,28,0
3090b,29144,1009,29,0
1182b,29144,1010,30,0
3089b,29144,1010,31,0
3088b,29144,1011,32,0
5322b,29144,1012,33,0
5320b,29144,1014,34,0
6572b,29144,1015,35,0
1145b,29144,1016,36,0
3970b,29144,1018,37,0
984b,29144,1019,38,0
16b,29144,1020,39,0
667b,29144,1024,40,0
5316b,29144,1026,41,0
2594b,29144,1026,42,0
1640b,29144,1026,43,0
849b,29144,1027,44,0
3114b,29144,1027,45,0
3097b,29144,1028,46,0
6692b,29144,1028,47,0
1456b,29144,1029,48,0
162b,29144,1029,49,0
2456b,29144,1032,50,0
2631b,29144,1033,51,1
4114b,7197,510,1,0
1917b,7197,510,2,0
2020b,7197,510,3,0
961b,7197,511,4,0
3978b,7197,511,5,0
3979b,7197,512,6,0
3046b,7197,512,7,0
2036b,7197,513,8,0
2032b,7197,513,9,0
550b,7197,514,10,0
554b,7197,515,11,0
623b,7197,516,12,0
6651b,7197,516,13,0
4017b,7197,517,14,0
4015b,7197,517,15,0
3051b,7197,518,16,0
3049b,7197,519,17,0
1013b,7197,520,18,0
250b,7197,520,19,0
112b,7197,521,20,0
3095b,7197,521,21,0
1703b,7197,522,22,0
2497b,7197,523,23,0
1779b,7197,526,24,0
5327b,7197,526,25,0
5330b,7197,527,26,0
5332b,7197,527,27,0
1780b,7197,530,28,0
3090b,7197,532,29,0
1182b,7197,533,30,0
3089b,7197,533,31,0
3088b,7197,534,32,0
5322b,7197,535,33,0
5320b,7197,537,34,0
6572b,7197,538,35,0
1145b,7197,539,36,0
3970b,7197,541,37,0
984b,7197,542,38,0
16b,7197,542,39,0
667b,7197,546,40,0
5316b,7197,550,41,0
2594b,7197,551,42,0
1640b,7197,551,43,0
849b,7197,552,44,0
3114b,7197,553,45,0
3097b,7197,554,46,0
6692b,7197,555,47,0
1456b,7197,557,48,0
162b,7197,557,49,0
2456b,7197,559,50,0
2631b,7197,564,51,1
2631b,2138,930,1,0
2273b,2138,930,2,0
1234b,2138,930,3,0
6992b,2138,931,4,0
1537b,2138,933,5,0
3113b,2138,933,6,0
1176b,2138,934,7,0
349b,2138,934,8,0
3164b,2138,935,9,0
1866b,2138,936,10,0
325b,2138,937,11,0
312b,2138,939,12,0
894b,2138,940,13,0
3969b,2138,941,14,0
1226b,2138,943,15,0
6571b,2138,943,16,0
5319b,2138,945,17,0
5321b,2138,948,18,0
2501b,2138,948,19,0
381b,2138,949,20,0
982b,2138,949,21,0
3091b,2138,950,22,0
897b,2138,951,23,0
5331b,2138,953,24,0
5329b,2138,953,25,0
5328b,2138,954,26,0
3092b,2138,955,27,0
2993b,2138,956,28,0
3094b,2138,957,29,0
709b,2138,957,30,0
1411b,2138,958,31,0
605b,2138,958,32,0
1110b,2138,959,33,0
3050b,2138,959,34,0
3052b,2138,960,35,0
4014b,2138,961,36,0
4016b,2138,961,37,0
6652b,2138,962,38,0
975b,2138,962,39,0
508b,2138,963,40,0
570b,2138,963,41,0
2024b,2138,964,42,0
3356b,2138,965,43,0
3272b,2138,965,44,0
3045b,2138,966,45,0
5334b,2138,967,46,0
4215b,2138,967,47,0
758b,2138,969,48,0
1162b,2138,969,49,0
151b,2138,971,50,0
4114b,2138,973,51,1
2631b,10123,845,1,0
2273b,10123,845,2,0
1234b,10123,846,3,0
6992b,10123,849,4,0
1537b,10123,852,5,0
3113b,10123,852,6,0
1176b,10123,854,7,0
349b,10123,854,8,0
3164b,10123,855,9,0
1866b,10123,856,10,0
325b,10123,857,11,0
312b,10123,859,12,0
894b,10123,860,13,0
3969b,10123,861,14,0
1226b,10123,863,15,0
6571b,10123,863,16,0
5319b,10123,866,17,0
5321b,10123,868,18,0
2501b,10123,868,19,0
381b,10123,869,20,0
982b,10123,869,21,0
3091b,10123,870,22,0
897b,10123,871,23,0
5331b,10123,873,24,0
5329b,10123,873,25,0
5328b,10123,874,26,0
3092b,10123,875,27,0
2993b,10123,876,28,0
3094b,10123,877,29,0
709b,10123,877,30,0
1411b,10123,878,31,0
605b,10123,878,32,0
1110b,10123,879,33,0
3050b,10123,879,34,0
3052b,10123,880,35,0
4014b,10123,881,36,0
4016b,10123,881,37,0
6652b,10123,882,38,0
975b,10123,882,39,0
508b,10123,883,40,0
570b,10123,883,41,0
2024b,10123,884,42,0
3356b,10123,885,43,0
3272b,10123,885,44,0
3045b,10123,886,45,0
5334b,10123,887,46,0
4215b,10123,887,47,0
758b,10123,888,48,0
1162b,10123,888,49,0
151b,10123,889,50,0
4114b,10123,890,51,1
2631b,2233,570,1,0
2273b,2233,570,2,0
1234b,2233,570,3,0
6992b,2233,571,4,0
1537b,2233,573,5,0
3113b,2233,573,6,0
1176b,2233,574,7,0
349b,2233,574,8,0
3164b,2233,575,9,0
1866b,2233,576,10,0
325b,2233,577,11,0
312b,2233,580,12,0
894b,2233,580,13,0
3969b,2233,581,14,0
1226b,2233,584,15,0
6571b,2233,584,16,0
5319b,2233,586,17,0
5321b,2233,588,18,0
2501b,2233,588,19,0
381b,2233,588,20,0
982b,2233,589,21,0
3091b,2233,589,22,0
897b,2233,590,23,0
5331b,2233,592,24,0
5329b,2233,592,25,0
5328b,2233,593,26,0
3092b,2233,594,27,0
2993b,2233,595,28,0
3094b,2233,595,29,0
709b,2233,596,30,0
1411b,2233,596,31,0
605b,2233,596,32,0
1110b,2233,597,33,0
3050b,2233,597,34,0
3052b,2233,598,35,0
4014b,2233,598,36,0
4016b,2233,599,37,0
6652b,2233,599,38,0
975b,2233,600,39,0
508b,2233,600,40,0
570b,2233,601,41,0
2024b,2233,601,42,0
3356b,2233,602,43,0
3272b,2233,602,44,0
3045b,2233,603,45,0
5334b,2233,604,46,0
4215b,2233,604,47,0
758b,2233,606,48,0
1162b,2233,606,49,0
151b,2233,608,50,0
4114b,2233,610,51,1
4114b,17707,840,1,0
1917b,17707,840,2,0
2020b,17707,840,3,0
961b,17707,841,4,0
3978b,17707,841,5,0
3979b,17707,842,6,0
3046b,17707,842,7,0
2036b,17707,843,8,0
2032b,17707,843,9,0
550b,17707,844,10,0
554b,17707,845,11,0
623b,17707,846,12,0
6651b,17707,846,13,0
4017b,17707,847,14,0
4015b,17707,847,15,0
3051b,17707,848,16,0
3049b,17707,849,17,0
1013b,17707,850,18,0
250b,17707,850,19,0
112b,17707,850,20,0
3095b,17707,851,21,0
1703b,17707,852,22,0
2497b,17707,853,23,0
1779b,17707,855,24,0
5327b,17707,855,25,0
5330b,17707,856,26,0
5332b,17707,856,27,0
1780b,17707,858,28,0
3090b,17707,859,29,0
1182b,17707,860,30,0
3089b,17707,860,31,0
3088b,17707,861,32,0
5322b,17707,862,33,0
5320b,17707,864,34,0
6572b,17707,865,35,0
1145b,17707,866,36,0
3970b,17707,867,37,0
984b,17707,867,38,0
16b,17707,868,39,0
667b,17707,870,40,0
5316b,17707,874,41,0
2594b,17707,874,42,0
1640b,17707,874,43,0
849b,17707,875,44,0
3114b,17707,875,45,0
3097b,17707,876,46,0
6692b,17707,877,47,0
1456b,17707,878,48,0
162b,17707,878,49,0
2456b,17707,880,50,0
2631b,17707,885,51,1
2631b,10000,1110,1,0
2273b,10000,1110,2,0
1234b,10000,1110,3,0
6992b,10000,1111,4,0
1537b,10000,1113,5,0
3113b,10000,1113,6,0
1176b,10000,1114,7,0
349b,10000,1114,8,0
3164b,10000,1115,9,0
1866b,10000,1116,10,0
325b,10000,1117,11,0
312b,10000,1119,12,0
894b,10000,1120,13,0
3969b,10000,1121,14,0
1226b,10000,1123,15,0
6571b,10000,1123,16,0
5319b,10000,1125,17,0
5321b,10000,1128,18,0
2501b,10000,1128,19,0
381b,10000,1129,20,0
982b,10000,1129,21,0
3091b,10000,1130,22,0
897b,10000,1131,23,0
5331b,10000,1133,24,0
5329b,10000,1133,25,0
5328b,10000,1134,26,0
3092b,10000,1135,27,0
2993b,10000,1136,28,0
3094b,10000,1137,29,0
709b,10000,1137,30,0
1411b,10000,1138,31,0
605b,10000,1138,32,0
1110b,10000,1139,33,0
3050b,10000,1139,34,0
3052b,10000,1140,35,0
4014b,10000,1141,36,0
4016b,10000,1141,37,0
6652b,10000,1142,38,0
975b,10000,1142,39,0
508b,10000,1143,40,0
570b,10000,1143,41,0
2024b,10000,1144,42,0
3356b,10000,1145,43,0
3272b,10000,1145,44,0
3045b,10000,1146,45,0
5334b,10000,1147,46,0
4215b,10000,1147,47,0
758b,10000,1149,48,0
1162b,10000,1149,49,0
151b,10000,1151,50,0
4114b,10000,1153,51,1
4114b,10594,990,1,0
1917b,10594,990,2,0
2020b,10594,990,3,0
961b,10594,991,4,0
3978b,10594,991,5,0
3979b,10594,992,6,0
3046b,10594,992,7,0
2036b,10594,993,8,0
2032b,10594,993,9,0
550b,10594,994,10,0
554b,10594,995,11,0
623b,10594,996,12,0
6651b,10594,996,13,0
4017b,10594,997,14,0
4015b,10594,997,15,0
3051b,10594,998,16,0
3049b,10594,999,17,0
1013b,10594,1000,18,0
250b,10594,1000,19,0
112b,10594,1001,20,0
3095b,10594,1001,21,0
1703b,10594,1002,22,0
2497b,10594,1003,23,0
1779b,10594,1006,24,0
5327b,10594,1006,25,0
5330b,10594,1007,26,0
5332b,10594,1007,27,0
1780b,10594,1010,28,0
3090b,10594,1011,29,0
1182b,10594,1012,30,0
3089b,10594,1012,31,0
3088b,10594,1013,32,0
5322b,10594,1014,33,0
5320b,10594,1016,34,0
6572b,10594,1018,35,0
1145b,10594,1020,36,0
3970b,10594,1021,37,0
984b,10594,1022,38,0
16b,10594,1022,39,0
667b,10594,1025,40,0
5316b,10594,1038,41,0
2594b,10594,1039,42,0
1640b,10594,1039,43,0
849b,10594,1040,44,0
3114b,10594,1041,45,0
3097b,10594,1042,46,0
6692b,10594,1043,47,0
1456b,10594,1045,48,0
162b,10594,1046,49,0
2456b,10594,1050,50,0
2631b,10594,1055,51,1
4114b,22999,730,1,0
1917b,22999,730,2,0
2020b,22999,730,3,0
961b,22999,731,4,0
3978b,22999,731,5,0
3979b,22999,732,6,0
3046b,22999,732,7,0
2036b,22999,733,8,0
2032b,22999,733,9,0
550b,22999,734,10,0
554b,22999,735,11,0
623b,22999,736,12,0
6651b,22999,736,13,0
4017b,22999,737,14,0
4015b,22999,737,15,0
3051b,22999,738,16,0
3049b,22999,739,17,0
1013b,22999,740,18,0
250b,22999,740,19,0
112b,22999,741,20,0
3095b,22999,742,21,0
1703b,22999,742,22,0
2497b,22999,744,23,0
1779b,22999,747,24,0
5327b,22999,747,25,0
5330b,22999,747,26,0
5332b,22999,748,27,0
1780b,22999,750,28,0
3090b,22999,751,29,0
1182b,22999,751,30,0
3089b,22999,752,31,0
3088b,22999,752,32,0
5322b,22999,753,33,0
5320b,22999,755,34,0
6572b,22999,757,35,0
1145b,22999,758,36,0
3970b,22999,759,37,0
984b,22999,760,38,0
16b,22999,760,39,0
667b,22999,763,40,0
5316b,22999,776,41,0
2594b,22999,778,42,0
1640b,22999,779,43,0
849b,22999,780,44,0
3114b,22999,782,45,0
3097b,22999,784,46,0
6692b,22999,785,47,0
1456b,22999,786,48,0
162b,22999,786,49,0
2456b,22999,788,50,0
2631b,22999,793,51,1
2631b,9282,1230,1,0
2273b,9282,1230,2,0
1234b,9282,1230,3,0
6992b,9282,1231,4,0
1537b,9282,1233,5,0
3113b,9282,1233,6,0
1176b,9282,1234,7,0
349b,9282,1234,8,0
3164b,9282,1235,9,0
1866b,9282,1236,10,0
325b,9282,1237,11,0
312b,9282,1239,12,0
894b,9282,1240,13,0
3969b,9282,1241,14,0
1226b,9282,1243,15,0
6571b,9282,1243,16,0
5319b,9282,1245,17,0
5321b,9282,1248,18,0
2501b,9282,1248,19,0
381b,9282,1249,20,0
982b,9282,1249,21,0
3091b,9282,1250,22,0
897b,9282,1251,23,0
5331b,9282,1253,24,0
5329b,9282,1253,25,0
5328b,9282,1254,26,0
3092b,9282,1255,27,0
2993b,9282,1256,28,0
3094b,9282,1257,29,0
709b,9282,1257,30,0
1411b,9282,1258,31,0
605b,9282,1258,32,0
1110b,9282,1259,33,0
3050b,9282,1259,34,0
3052b,9282,1260,35,0
4014b,9282,1261,36,0
4016b,9282,1261,37,0
6652b,9282,1262,38,0
975b,9282,1262,39,0
508b,9282,1263,40,0
570b,9282,1263,41,0
2024b,9282,1264,42,0
3356b,9282,1265,43,0
3272b,9282,1265,44,0
3045b,9282,1266,45,0
5334b,9282,1267,46,0
4215b,9282,1267,47,0
758b,9282,1269,48,0
1162b,9282,1269,49,0
151b,9282,1271,50,0
4114b,9282,1273,51,1
2631b,9163,450,1,0
2273b,9163,450,2,0
1234b,9163,450,3,0
6992b,9163,451,4,0
1537b,9163,453,5,0
3113b,9163,453,6,0
1176b,9163,454,7,0
349b,9163,454,8,0
3164b,9163,455,9,0
1866b,9163,456,10,0
325b,9163,457,11,0
312b,9163,460,12,0
894b,9163,460,13,0
3969b,9163,461,14,0
1226b,9163,464,15,0
6571b,9163,464,16,0
5319b,9163,466,17,0
5321b,9163,468,18,0
2501b,9163,468,19,0
381b,9163,468,20,0
982b,9163,469,21,0
3091b,9163,469,22,0
897b,9163,470,23,0
5331b,9163,472,24,0
5329b,9163,472,25,0
5328b,9163,473,26,0
3092b,9163,474,27,0
2993b,9163,475,28,0
3094b,9163,475,29,0
709b,9163,476,30,0
1411b,9163,476,31,0
605b,9163,476,32,0
1110b,9163,477,33,0
3050b,9163,477,34,0
3052b,9163,478,35,0
4014b,9163,478,36,0
4016b,9163,479,37,0
6652b,9163,479,38,0
975b,9163,480,39,0
508b,9163,480,40,0
570b,9163,481,41,0
2024b,9163,481,42,0
3356b,9163,482,43,0
3272b,9163,482,44,0
3045b,9163,483,45,0
5334b,9163,484,46,0
4215b,9163,484,47,0
758b,9163,486,48,0
1162b,9163,486,49,0
151b,9163,488,50,0
4114b,9163,490,51,1
2631b,22600,1230,1,0
2273b,22600,1230,2,0
1234b,22600,1231,3,0
6992b,22600,1233,4,0
1537b,22600,1235,5,0
3113b,22600,1235,6,0
1176b,22600,1237,7,0
349b,22600,1237,8,0
3164b,22600,1238,9,0
1866b,22600,1240,10,0
325b,22600,1241,11,0
312b,22600,1243,12,0
894b,22600,1244,13,0
3969b,22600,1245,14,0
1226b,22600,1247,15,0
6571b,22600,1247,16,0
5319b,22600,1250,17,0
5321b,22600,1253,18,0
2501b,22600,1253,19,0
381b,22600,1254,20,0
982b,22600,1254,21,0
3091b,22600,1255,22,0
897b,22600,1256,23,0
5331b,22600,1258,24,0
5329b,22600,1258,25,0
5328b,22600,1259,26,0
3092b,22600,1260,27,0
2993b,22600,1261,28,0
3094b,22600,1262,29,0
709b,22600,1262,30,0
1411b,22600,1263,31,0
605b,22600,1263,32,0
1110b,22600,1264,33,0
3050b,22600,1264,34,0
3052b,22600,1265,35,0
4014b,22600,1266,36,0
4016b,22600,1266,37,0
6652b,22600,1267,38,0
975b,22600,1267,39,0
508b,22600,1268,40,0
570b,22600,1268,41,0
2024b,22600,1269,42,0
3356b,22600,1270,43,0
3272b,22600,1270,44,0
3045b,22600,1271,45,0
5334b,22600,1272,46,0
4215b,22600,1272,47,0
758b,22600,1273,48,0
1162b,22600,1273,49,0
151b,22600,1274,50,0
4114b,22600,1275,51,1
2631b,1550,1180,1,0
2273b,1550,1180,2,0
1234b,1550,1181,3,0
6992b,1550,1183,4,0
1537b,1550,1185,5,0
3113b,1550,1185,6,0
1176b,1550,1187,7,0
349b,1550,1187,8,0
3164b,1550,1188,9,0
1866b,1550,1190,10,0
325b,1550,1191,11,0
312b,1550,1193,12,0
894b,1550,1194,13,0
3969b,1550,1195,14,0
1226b,1550,1197,15,0
6571b,1550,1197,16,0
5319b,1550,1200,17,0
5321b,1550,1203,18,0
2501b,1550,1203,19,0
381b,1550,1204,20,0
982b,1550,1204,21,0
3091b,1550,1205,22,0
897b,1550,1206,23,0
5331b,1550,1208,24,0
5329b,1550,1208,25,0
5328b,1550,1209,26,0
3092b,1550,1210,27,0
2993b,1550,1211,28,0
3094b,1550,1212,29,0
709b,1550,1212,30,0
1411b,1550,1213,31,0
605b,1550,1213,32,0
1110b,1550,1214,33,0
3050b,1550,1214,34,0
3052b,1550,1215,35,0
4014b,1550,1216,36,0
4016b,1550,1216,37,0
6652b,1550,1217,38,0
975b,1550,1217,39,0
508b,1550,1218,40,0
570b,1550,1218,41,0
2024b,1550,1219,42,0
3356b,1550,1220,43,0
3272b,1550,1220,44,0
3045b,1550,1221,45,0
5334b,1550,1222,46,0
4215b,1550,1222,47,0
758b,1550,1223,48,0
1162b,1550,1223,49,0
151b,1550,1224,50,0
4114b,1550,1225,51,1
2631b,1485,1170,1,0
2273b,1485,1170,2,0
1234b,1485,1170,3,0
6992b,1485,1171,4,0
1537b,1485,1173,5,0
3113b,1485,1173,6,0
1176b,1485,1174,7,0
349b,1485,1174,8,0
3164b,1485,1175,9,0
1866b,1485,1176,10,0
325b,1485,1177,11,0
312b,1485,1179,12,0
894b,1485,1180,13,0
3969b,1485,1181,14,0
1226b,1485,1183,15,0
6571b,1485,1183,16,0
5319b,1485,1185,17,0
5321b,1485,1188,18,0
2501b,1485,1188,19,0
381b,1485,1189,20,0
982b,1485,1189,21,0
3091b,1485,1190,22,0
897b,1485,1191,23,0
5331b,1485,1193,24,0
5329b,1485,1193,25,0
5328b,1485,1194,26,0
3092b,1485,1195,27,0
2993b,1485,1196,28,0
3094b,1485,1197,29,0
709b,1485,1197,30,0
1411b,1485,1198,31,0
605b,1485,1198,32,0
1110b,1485,1199,33,0
3050b,1485,1199,34,0
3052b,1485,1200,35,0
4014b,1485,1201,36,0
4016b,1485,1201,37,0
6652b,1485,1202,38,0
975b,1485,1202,39,0
508b,1485,1203,40,0
570b,1485,1203,41,0
2024b,1485,1204,42,0
3356b,1485,1205,43,0
3272b,1485,1205,44,0
3045b,1485,1206,45,0
5334b,1485,1207,46,0
4215b,1485,1207,47,0
758b,1485,1209,48,0
1162b,1485,1209,49,0
151b,1485,1211,50,0
4114b,1485,1213,51,1
4114b,5792,1080,1,0
1917b,5792,1080,2,0
2020b,5792,1080,3,0
961b,5792,1081,4,0
3978b,5792,1081,5,0
3979b,5792,1082,6,0
3046b,5792,1082,7,0
2036b,5792,1083,8,0
2032b,5792,1083,9,0
550b,5792,1084,10,0
554b,5792,1085,11,0
623b,5792,1086,12,0
6651b,5792,1086,13,0
4017b,5792,1087,14,0
4015b,5792,1087,15,0
3051b,5792,1088,16,0
3049b,5792,1089,17,0
1013b,5792,1090,18,0
250b,5792,1090,19,0
112b,5792,1091,20,0
3095b,5792,1091,21,0
1703b,5792,1092,22,0
2497b,5792,1093,23,0
1779b,5792,1096,24,0
5327b,5792,1096,25,0
5330b,5792,1097,26,0
5332b,5792,1097,27,0
1780b,5792,1100,28,0
3090b,5792,1101,29,0
1182b,5792,1102,30,0
3089b,5792,1102,31,0
3088b,5792,1103,32,0
5322b,5792,1104,33,0
5320b,5792,1106,34,0
6572b,5792,1108,35,0
1145b,5792,1110,36,0
3970b,5792,1111,37,0
984b,5792,1111,38,0
16b,5792,1112,39,0
667b,5792,1114,40,0
5316b,5792,1121,41,0
2594b,5792,1122,42,0
1640b,5792,1122,43,0
849b,5792,1123,44,0
3114b,5792,1124,45,0
3097b,5792,1125,46,0
6692b,5792,1126,47,0
1456b,5792,1128,48,0
162b,5792,1129,49,0
2456b,5792,1133,50,0
2631b,5792,1138,51,1
4114b,1357,415,1,0
1917b,1357,415,2,0
2020b,1357,415,3,0
961b,1357,416,4,0
3978b,1357,416,5,0
3979b,1357,417,6,0
3046b,1357,417,7,0
2036b,1357,418,8,0
2032b,1357,418,9,0
550b,1357,419,10,0
554b,1357,420,11,0
623b,1357,421,12,0
6651b,1357,421,13,0
4017b,1357,422,14,0
4015b,1357,422,15,0
3051b,1357,423,16,0
3049b,1357,424,17,0
1013b,1357,425,18,0
250b,1357,425,19,0
112b,1357,425,20,0
3095b,1357,426,21,0
1703b,1357,427,22,0
2497b,1357,428,23,0
1779b,1357,430,24,0
5327b,1357,430,25,0
5330b,1357,431,26,0
5332b,1357,431,27,0
1780b,1357,433,28,0
3090b,1357,434,29,0
1182b,1357,435,30,0
3089b,1357,435,31,0
3088b,1357,436,32,0
5322b,1357,437,33,0
5320b,1357,439,34,0
6572b,1357,440,35,0
1145b,1357,441,36,0
3970b,1357,442,37,0
984b,1357,442,38,0
16b,1357,443,39,0
667b,1357,445,40,0
5316b,1357,449,41,0
2594b,1357,449,42,0
1640b,1357,449,43,0
849b,1357,450,44,0
3114b,1357,450,45,0
3097b,1357,451,46,0
6692b,1357,452,47,0
1456b,1357,454,48,0
162b,1357,454,49,0
2456b,1357,456,50,0
2631b,1357,461,51,1
2631b,27661,810,1,0
2273b,27661,810,2,0
1234b,27661,810,3,0
6992b,27661,811,4,0
1537b,27661,813,5,0
3113b,27661,813,6,0
1176b,27661,814,7,0
349b,27661,814,8,0
3164b,27661,815,9,0
1866b,27661,816,10,0
325b,27661,817,11,0
312b,27661,819,12,0
894b,27661,820,13,0
3969b,27661,821,14,0
1226b,27661,823,15,0
6571b,27661,823,16,0
5319b,27661,825,17,0
5321b,27661,828,18,0
2501b,27661,828,19,0
381b,27661,829,20,0
982b,27661,829,21,0
3091b,27661,830,22,0
897b,27661,831,23,0
5331b,27661,833,24,0
5329b,27661,833,25,0
5328b,27661,834,26,0
3092b,27661,835,27,0
2993b,27661,836,28,0
3094b,27661,837,29,0
709b,27661,837,30,0
1411b,27661,838,31,0
605b,27661,838,32,0
1110b,27661,839,33,0
3050b,27661,839,34,0
3052b,27661,840,35,0
4014b,27661,841,36,0
4016b,27661,841,37,0
6652b,27661,842,38,0
975b,27661,842,39,0
508b,27661,843,40,0
570b,27661,843,41,0
2024b,27661,844,42,0
3356b,27661,845,43,0
3272b,27661,845,44,0
3045b,27661,846,45,0
5334b,27661,847,46,0
4215b,27661,847,47,0
758b,27661,849,48,0
1162b,27661,849,49,0
151b,27661,851,50,0
4114b,27661,853,51,1
4114b,27648,1040,1,0
1917b,27648,1040,2,0
2020b,27648,1040,3,0
961b,27648,1041,4,0
3978b,27648,1041,5,0
3979b,27648,1042,6,0
3046b,27648,1042,7,0
2036b,27648,1043,8,0
2032b,27648,1043,9,0
550b,27648,1044,10,0
554b,27648,1045,11,0
623b,27648,1046,12,0
6651b,27648,1046,13,0
4017b,27648,1047,14,0
4015b,27648,1047,15,0
3051b,27648,1048,16,0
3049b,27648,1049,17,0
1013b,27648,1050,18,0
250b,27648,1050,19,0
112b,27648,1051,20,0
3095b,27648,1051,21,0
1703b,27648,1052,22,0
2497b,27648,1053,23,0
1779b,27648,1056,24,0
5327b,27648,1056,25,0
5330b,27648,1057,26,0
5332b,27648,1057,27,0
1780b,27648,1060,28,0
3090b,27648,1061,29,0
1182b,27648,1062,30,0
3089b,27648,1062,31,0
3088b,27648,1063,32,0
5322b,27648,1064,33,0
5320b,27648,1066,34,0
6572b,27648,1068,35,0
1145b,27648,1070,36,0
3970b,27648,1071,37,0
984b,27648,1072,38,0
16b,27648,1072,39,0
667b,27648,1075,40,0
5316b,27648,1088,41,0
2594b,27648,1089,42,0
1640b,27648,1090,43,0
849b,27648,1091,44,0
3114b,27648,1091,45,0
3097b,27648,1093,46,0
6692b,27648,1094,47,0
1456b,27648,1096,48,0
162b,27648,1097,49,0
2456b,27648,1101,50,0
2631b,27648,1106,51,1
4114b,5680,930,1,0
1917b,5680,930,2,0
2020b,5680,931,3,0
961b,5680,932,4,0
3978b,5680,932,5,0
3979b,5680,934,6,0
3046b,5680,934,7,0
2036b,5680,935,8,0
2032b,5680,935,9,0
550b,5680,936,10,0
554b,5680,937,11,0
623b,5680,938,12,0
6651b,5680,938,13,0
4017b,5680,939,14,0
4015b,5680,939,15,0
3051b,5680,940,16,0
3049b,5680,941,17,0
1013b,5680,942,18,0
250b,5680,942,19,0
112b,5680,942,20,0
3095b,5680,942,21,0
1703b,5680,943,22,0
2497b,5680,943,23,0
1779b,5680,945,24,0
5327b,5680,945,25,0
5330b,5680,946,26,0
5332b,5680,946,27,0
1780b,5680,948,28,0
3090b,5680,949,29,0
1182b,5680,950,30,0
3089b,5680,950,31,0
3088b,5680,951,32,0
5322b,5680,952,33,0
5320b,5680,954,34,0
6572b,5680,955,35,0
1145b,5680,956,36,0
3970b,5680,958,37,0
984b,5680,959,38,0
16b,5680,960,39,0
667b,5680,964,40,0
5316b,5680,966,41,0
2594b,5680,966,42,0
1640b,5680,966,43,0
849b,5680,967,44,0
3114b,5680,967,45,0
3097b,5680,968,46,0
6692b,5680,968,47,0
1456b,5680,969,48,0
162b,5680,969,49,0
2456b,5680,972,50,0
2631b,5680,973,51,1
4114b,5406,690,1,0
1917b,5406,690,2,0
2020b,5406,691,3,0
961b,5406,692,4,0
3978b,5406,692,5,0
3979b,5406,694,6,0
3046b,5406,694,7,0
2036b,5406,695,8,0
2032b,5406,695,9,0
550b,5406,696,10,0
554b,5406,697,11,0
623b,5406,698,12,0
6651b,5406,698,13,0
4017b,5406,699,14,0
4015b,5406,699,15,0
3051b,5406,700,16,0
3049b,5406,701,17,0
1013b,5406,702,18,0
250b,5406,702,19,0
112b,5406,702,20,0
3095b,5406,702,21,0
1703b,5406,703,22,0
2497b,5406,703,23,0
1779b,5406,705,24,0
5327b,5406,705,25,0
5330b,5406,706,26,0
5332b,5406,706,27,0
1780b,5406,708,28,0
3090b,5406,709,29,0
1182b,5406,710,30,0
3089b,5406,710,31,0
3088b,5406,711,32,0
5322b,5406,712,33,0
5320b,5406,714,34,0
6572b,5406,715,35,0
1145b,5406,716,36,0
3970b,5406,718,37,0
984b,5406,719,38,0
16b,5406,720,39,0
667b,5406,724,40,0
5316b,5406,726,41,0
2594b,5406,726,42,0
1640b,5406,726,43,0
849b,5406,727,44,0
3114b,5406,727,45,0
3097b,5406,728,46,0
6692b,5406,728,47,0
1456b,5406,729,48,0
162b,5406,729,49,0
2456b,5406,732,50,0
2631b,5406,733,51,1
4114b,15088,580,1,0
1917b,15088,580,2,0
2020b,15088,580,3,0
961b,15088,581,4,0
3978b,15088,581,5,0
3979b,15088,582,6,0
3046b,15088,582,7,0
2036b,15088,583,8,0
2032b,15088,583,9,0
550b,15088,584,10,0
554b,15088,585,11,0
623b,15088,586,12,0
6651b,15088,586,13,0
4017b,15088,587,14,0
4015b,15088,587,15,0
3051b,15088,588,16,0
3049b,15088,589,17,0
1013b,15088,590,18,0
250b,15088,590,19,0
112b,15088,591,20,0
3095b,15088,591,21,0
1703b,15088,592,22,0
2497b,15088,593,23,0
1779b,15088,596,24,0
5327b,15088,596,25,0
5330b,15088,597,26,0
5332b,15088,597,27,0
1780b,15088,599,28,0
3090b,15088,600,29,0
1182b,15088,601,30,0
3089b,15088,601,31,0
3088b,15088,602,32,0
5322b,15088,603,33,0
5320b,15088,605,34,0
6572b,15088,607,35,0
1145b,15088,608,36,0
3970b,15088,609,37,0
984b,15088,610,38,0
16b,15088,610,39,0
667b,15088,613,40,0
5316b,15088,617,41,0
2594b,15088,618,42,0
1640b,15088,618,43,0
849b,15088,619,44,0
3114b,15088,620,45,0
3097b,15088,621,46,0
6692b,15088,622,47,0
1456b,15088,624,48,0
162b,15088,624,49,0
2456b,15088,626,50,0
2631b,15088,631,51,1
4114b,29511,750,1,0
1917b,29511,750,2,0
2020b,29511,751,3,0
961b,29511,752,4,0
3978b,29511,752,5,0
3979b,29511,754,6,0
3046b,29511,754,7,0
2036b,29511,755,8,0
2032b,29511,755,9,0
550b,29511,756,10,0
554b,29511,757,11,0
623b,29511,758,12,0
6651b,29511,758,13,0
4017b,29511,759,14,0
4015b,29511,759,15,0
3051b,29511,760,16,0
3049b,29511,761,17,0
1013b,29511,762,18,0
250b,29511,762,19,0
112b,29511,762,20,0
3095b,29511,762,21,0
1703b,29511,763,22,0
2497b,29511,763,23,0
1779b,29511,765,24,0
5327b,29511,765,25,0
5330b,29511,766,26,0
5332b,29511,766,27,0
1780b,29511,768,28,0
3090b,29511,769,29,0
1182b,29511,770,30,0
3089b,29511,770,31,0
3088b,29511,771,32,0
5322b,29511,772,33,0
5320b,29511,774,34,0
6572b,29511,775,35,0
1145b,29511,776,36,0
3970b,29511,778,37,0
984b,29511,779,38,0
16b,29511,780,39,0
667b,29511,784,40,0
5316b,29511,786,41,0
2594b,29511,786,42,0
1640b,29511,786,43,0
849b,29511,787,44,0
3114b,29511,787,45,0
3097b,29511,788,46,0
6692b,29511,788,47,0
1456b,29511,789,48,0
162b,29511,789,49,0
2456b,29511,792,50,0
2631b,29511,793,51,1
2631b,13545,880,1,0
2273b,13545,880,2,0
1234b,13545,881,3,0
6992b,13545,884,4,0
1537b,13545,887,5,0
3113b,13545,887,6,0
1176b,13545,889,7,0
349b,13545,889,8,0
3164b,13545,890,9,0
1866b,13545,891,10,0
325b,13545,892,11,0
312b,13545,894,12,0
894b,13545,895,13,0
3969b,13545,896,14,0
1226b,13545,898,15,0
6571b,13545,898,16,0
5319b,13545,901,17,0
5321b,13545,905,18,0
2501b,13545,905,19,0
381b,13545,906,20,0
982b,13545,906,21,0
3091b,13545,907,22,0
897b,13545,908,23,0
5331b,13545,910,24,0
5329b,13545,910,25,0
5328b,13545,911,26,0
3092b,13545,912,27,0
2993b,13545,913,28,0
3094b,13545,914,29,0
709b,13545,914,30,0
1411b,13545,915,31,0
605b,13545,915,32,0
1110b,13545,916,33,0
3050b,13545,916,34,0
3052b,13545,917,35,0
4014b,13545,918,36,0
4016b,13545,918,37,0
6652b,13545,919,38,0
975b,13545,919,39,0
508b,13545,920,40,0
570b,13545,920,41,0
2024b,13545,921,42,0
3356b,13545,922,43,0
3272b,13545,922,44,0
3045b,13545,923,45,0
5334b,13545,924,46,0
4215b,13545,924,47,0
758b,13545,925,48,0
1162b,13545,925,49,0
151b,13545,926,50,0
4114b,13545,927,51,1
2631b,25042,540,1,0
2273b,25042,540,2,0
1234b,25042,541,3,0
6992b,25042,544,4,0
1537b,25042,547,5,0
3113b,25042,547,6,0
1176b,25042,549,7,0
349b,25042,549,8,0
3164b,25042,550,9,0
1866b,25042,552,10,0
325b,25042,553,11,0
312b,25042,557,12,0
894b,25042,558,13,0
3969b,25042,559,14,0
1226b,25042,562,15,0
6571b,25042,563,16,0
5319b,25042,567,17,0
5321b,25042,570,18,0
2501b,25042,570,19,0
381b,25042,571,20,0
982b,25042,571,21,0
3091b,25042,572,22,0
897b,25042,573,23,0
5331b,25042,575,24,0
5329b,25042,575,25,0
5328b,25042,576,26,0
3092b,25042,577,27,0
2993b,25042,578,28,0
3094b,25042,579,29,0
709b,25042,579,30,0
1411b,25042,580,31,0
605b,25042,580,32,0
1110b,25042,581,33,0
3050b,25042,581,34,0
3052b,25042,582,35,0
4014b,25042,583,36,0
4016b,25042,583,37,0
6652b,25042,584,38,0
975b,25042,584,39,0
508b,25042,585,40,0
570b,25042,585,41,0
2024b,25042,586,42,0
3356b,25042,587,43,0
3272b,25042,587,44,0
3045b,25042,588,45,0
5334b,25042,589,46,0
4215b,25042,589,47,0
758b,25042,590,48,0
1162b,25042,590,49,0
151b,25042,591,50,0
4114b,25042,592,51,1
2631b,27279,605,1,0
2273b,27279,605,2,0
1234b,27279,606,3,0
6992b,27279,609,4,0
1537b,27279,612,5,0
3113b,27279,612,6,0
1176b,27279,614,7,0
349b,27279,614,8,0
3164b,27279,615,9,0
1866b,27279,617,10,0
325b,27279,618,11,0
312b,27279,622,12,0
894b,27279,623,13,0
3969b,27279,624,14,0
1226b,27279,627,15,0
6571b,27279,628,16,0
5319b,27279,632,17,0
5321b,27279,635,18,0
2501b,27279,635,19,0
381b,27279,636,20,0
982b,27279,636,21,0
3091b,27279,637,22,0
897b,27279,638,23,0
5331b,27279,640,24,0
5329b,27279,640,25,0
5328b,27279,641,26,0
3092b,27279,642,27,0
2993b,27279,643,28,0
3094b,27279,644,29,0
709b,27279,644,30,0
1411b,27279,645,31,0
605b,27279,645,32,0
1110b,27279,646,33,0
3050b,27279,646,34,0
3052b,27279,647,35,0
4014b,27279,648,36,0
4016b,27279,648,37,0
6652b,27279,649,38,0
975b,27279,649,39,0
508b,27279,650,40,0
570b,27279,650,41,0
2024b,27279,651,42,0
3356b,27279,652,43,0
3272b,27279,652,44,0
3045b,27279,653,45,0
5334b,27279,654,46,0
4215b,27279,654,47,0
758b,27279,655,48,0
1162b,27279,655,49,0
151b,27279,656,50,0
4114b,27279,657,51,1
2631b,21219,1230,1,0
2273b,21219,1230,2,0
1234b,21219,1230,3,0
6992b,21219,1231,4,0
1537b,21219,1233,5,0
3113b,21219,1233,6,0
1176b,21219,1234,7,0
349b,21219,1234,8,0
3164b,21219,1235,9,0
1866b,21219,1236,10,0
325b,21219,1237,11,0
312b,21219,1239,12,0
894b,21219,1240,13,0
3969b,21219,1241,14,0
1226b,21219,1243,15,0
6571b,21219,1243,16,0
5319b,21219,1245,17,0
5321b,21219,1248,18,0
2501b,21219,1248,19,0
381b,21219,1249,20,0
982b,21219,1249,21,0
3091b,21219,1250,22,0
897b,21219,1251,23,0
5331b,21219,1253,24,0
5329b,21219,1253,25,0
5328b,21219,1254,26,0
3092b,21219,1255,27,0
2993b,21219,1256,28,0
3094b,21219,1257,29,0
709b,21219,1257,30,0
1411b,21219,1258,31,0
605b,21219,1258,32,0
1110b,21219,1259,33,0
3050b,21219,1259,34,0
3052b,21219,1260,35,0
4014b,21219,1261,36,0
4016b,21219,1261,37,0
6652b,21219,1262,38,0
975b,21219,1262,39,0
508b,21219,1263,40,0
570b,21219,1263,41,0
2024b,21219,1264,42,0
3356b,21219,1265,43,0
3272b,21219,1265,44,0
3045b,21219,1266,45,0
5334b,21219,1267,46,0
4215b,21219,1267,47,0
758b,21219,1269,48,0
1162b,21219,1269,49,0
151b,21219,1271,50,0
4114b,21219,1273,51,1
4114b,21244,935,1,0
1917b,21244,935,2,0
2020b,21244,935,3,0
961b,21244,936,4,0
3978b,21244,936,5,0
3979b,21244,937,6,0
3046b,21244,937,7,0
2036b,21244,938,8,0
2032b,21244,938,9,0
550b,21244,939,10,0
554b,21244,940,11,0
623b,21244,941,12,0
6651b,21244,941,13,0
4017b,21244,942,14,0
4015b,21244,942,15,0
3051b,21244,943,16,0
3049b,21244,944,17,0
1013b,21244,945,18,0
250b,21244,945,19,0
112b,21244,945,20,0
3095b,21244,946,21,0
1703b,21244,947,22,0
2497b,21244,948,23,0
1779b,21244,950,24,0
5327b,21244,950,25,0
5330b,21244,951,26,0
5332b,21244,951,27,0
1780b,21244,953,28,0
3090b,21244,954,29,0
1182b,21244,955,30,0
3089b,21244,955,31,0
3088b,21244,956,32,0
5322b,21244,957,33,0
5320b,21244,959,34,0
6572b,21244,961,35,0
1145b,21244,962,36,0
3970b,21244,963,37,0
984b,21244,964,38,0
16b,21244,964,39,0
667b,21244,967,40,0
5316b,21244,980,41,0
2594b,21244,981,42,0
1640b,21244,981,43,0
849b,21244,982,44,0
3114b,21244,983,45,0
3097b,21244,984,46,0
6692b,21244,985,47,0
1456b,21244,987,48,0
162b,21244,988,49,0
2456b,21244,992,50,0
2631b,21244,997,51,1
4114b,29488,570,1,0
1917b,29488,570,2,0
2020b,29488,571,3,0
961b,29488,572,4,0
3978b,29488,572,5,0
3979b,29488,574,6,0
3046b,29488,574,7,0
2036b,29488,575,8,0
2032b,29488,575,9,0
550b,29488,576,10,0
554b,29488,577,11,0
623b,29488,578,12,0
6651b,29488,578,13,0
4017b,29488,579,14,0
4015b,29488,579,15,0
3051b,29488,580,16,0
3049b,29488,581,17,0
1013b,29488,582,18,0
250b,29488,582,19,0
112b,29488,582,20,0
3095b,29488,582,21,0
1703b,29488,583,22,0
2497b,29488,583,23,0
1779b,29488,585,24,0
5327b,29488,585,25,0
5330b,29488,586,26,0
5332b,29488,586,27,0
1780b,29488,588,28,0
3090b,29488,589,29,0
1182b,29488,590,30,0
3089b,29488,590,31,0
3088b,29488,591,32,0
5322b,29488,592,33,0
5320b,29488,594,34,0
6572b,29488,595,35,0
1145b,29488,596,36,0
3970b,29488,598,37,0
984b,29488,599,38,0
16b,29488,600,39,0
667b,29488,604,40,0
5316b,29488,606,41,0
2594b,29488,606,42,0
1640b,29488,606,43,0
849b,29488,607,44,0
3114b,29488,607,45,0
3097b,29488,608,46,0
6692b,29488,608,47,0
1456b,29488,609,48,0
162b,29488,609,49,0
2456b,29488,612,50,0
2631b,29488,613,51,1
2631b,7336,1120,1,0
2273b,7336,1120,2,0
1234b,7336,1121,3,0
6992b,7336,1125,4,0
1537b,7336,1128,5,0
3113b,7336,1128,6,0
1176b,7336,1130,7,0
349b,7336,1131,8,0
3164b,7336,1133,9,0
1866b,7336,1137,10,0
325b,7336,1139,11,0
312b,7336,1144,12,0
894b,7336,1145,13,0
3969b,7336,1147,14,0
1226b,7336,1151,15,0
6571b,7336,1151,16,0
5319b,7336,1154,17,0
5321b,7336,1158,18,0
2501b,7336,1158,19,0
381b,7336,1159,20,0
982b,7336,1159,21,0
3091b,7336,1160,22,0
897b,7336,1161,23,0
5331b,7336,1163,24,0
5329b,7336,1163,25,0
5328b,7336,1164,26,0
3092b,7336,1165,27,0
2993b,7336,1166,28,0
3094b,7336,1167,29,0
709b,7336,1167,30,0
1411b,7336,1168,31,0
605b,7336,1168,32,0
1110b,7336,1169,33,0
3050b,7336,1169,34,0
3052b,7336,1170,35,0
4014b,7336,1171,36,0
4016b,7336,1171,37,0
6652b,7336,1172,38,0
975b,7336,1172,39,0
508b,7336,1173,40,0
570b,7336,1173,41,0
2024b,7336,1174,42,0
3356b,7336,1175,43,0
3272b,7336,1175,44,0
3045b,7336,1176,45,0
5334b,7336,1177,46,0
4215b,7336,1177,47,0
758b,7336,1178,48,0
1162b,7336,1178,49,0
151b,7336,1179,50,0
4114b,7336,1180,51,1
2631b,7377,645,1,0
2273b,7377,645,2,0
1234b,7377,646,3,0
6992b,7377,649,4,0
1537b,7377,652,5,0
3113b,7377,652,6,0
1176b,7377,654,7,0
349b,7377,654,8,0
3164b,7377,655,9,0
1866b,7377,657,10,0
325b,7377,658,11,0
312b,7377,662,12,0
894b,7377,663,13,0
3969b,7377,664,14,0
1226b,7377,667,15,0
6571b,7377,667,16,0
5319b,7377,670,17,0
5321b,7377,672,18,0
2501b,7377,672,19,0
381b,7377,673,20,0
982b,7377,673,21,0
3091b,7377,674,22,0
897b,7377,675,23,0
5331b,7377,677,24,0
5329b,7377,677,25,0
5328b,7377,678,26,0
3092b,7377,679,27,0
2993b,7377,680,28,0
3094b,7377,681,29,0
709b,7377,681,30,0
1411b,7377,682,31,0
605b,7377,682,32,0
1110b,7377,683,33,0
3050b,7377,683,34,0
3052b,7377,684,35,0
4014b,7377,685,36,0
4016b,7377,685,37,0
6652b,7377,686,38,0
975b,7377,686,39,0
508b,7377,687,40,0
570b,7377,687,41,0
2024b,7377,688,42,0
3356b,7377,689,43,0
3272b,7377,689,44,0
3045b,7377,690,45,0
5334b,7377,691,46,0
4215b,7377,691,47,0
758b,7377,692,48,0
1162b,7377,692,49,0
151b,7377,693,50,0
4114b,7377,694,51,1
4114b,13372,1020,1,0
1917b,13372,1020,2,0
2020b,13372,1020,3,0
961b,13372,1021,4,0
3978b,13372,1021,5,0
3979b,13372,1022,6,0
3046b,13372,1022,7,0
2036b,13372,1023,8,0
2032b,13372,1023,9,0
550b,13372,1024,10,0
554b,13372,1025,11,0
623b,13372,1026,12,0
6651b,13372,1026,13,0
4017b,13372,1027,14,0
4015b,13372,1027,15,0
3051b,13372,1028,16,0
3049b,13372,1029,17,0
1013b,13372,1030,18,0
250b,13372,1030,19,0
112b,13372,1031,20,0
3095b,13372,1031,21,0
1703b,13372,1032,22,0
2497b,13372,1033,23,0
1779b,13372,1036,24,0
5327b,13372,1036,25,0
5330b,13372,1037,26,0
5332b,13372,1037,27,0
1780b,13372,1040,28,0
3090b,13372,1041,29,0
1182b,13372,1042,30,0
3089b,13372,1042,31,0
3088b,13372,1043,32,0
5322b,13372,1044,33,0
5320b,13372,1046,34,0
6572b,13372,1048,35,0
1145b,13372,1050,36,0
3970b,13372,1051,37,0
984b,13372,1052,38,0
16b,13372,1052,39,0
667b,13372,1055,40,0
5316b,13372,1068,41,0
2594b,13372,1069,42,0
1640b,13372,1069,43,0
849b,13372,1070,44,0
3114b,13372,1071,45,0
3097b,13372,1072,46,0
6692b,13372,1073,47,0
1456b,13372,1075,48,0
162b,13372,1076,49,0
2456b,13372,1080,50,0
2631b,13372,1085,51,1
4114b,7857,630,1,0
1917b,7857,630,2,0
2020b,7857,631,3,0
961b,7857,632,4,0
3978b,7857,632,5,0
3979b,7857,634,6,0
3046b,7857,634,7,0
2036b,7857,635,8,0
2032b,7857,635,9,0
550b,7857,636,10,0
554b,7857,637,11,0
623b,7857,638,12,0
6651b,7857,638,13,0
4017b,7857,639,14,0
4015b,7857,639,15,0
3051b,7857,640,16,0
3049b,7857,641,17,0
1013b,7857,642,18,0
250b,7857,642,19,0
112b,7857,642,20,0
3095b,7857,642,21,0
1703b,7857,643,22,0
2497b,7857,643,23,0
1779b,7857,645,24,0
5327b,7857,645,25,0
5330b,7857,646,26,0
5332b,7857,646,27,0
1780b,7857,648,28,0
3090b,7857,649,29,0
1182b,7857,650,30,0
3089b,7857,650,31,0
3088b,7857,651,32,0
5322b,7857,652,33,0
5320b,7857,654,34,0
6572b,7857,655,35,0
1145b,7857,656,36,0
3970b,7857,658,37,0
984b,7857,659,38,0
16b,7857,660,39,0
667b,7857,664,40,0
5316b,7857,666,41,0
2594b,7857,666,42,0
1640b,7857,666,43,0
849b,7857,667,44,0
3114b,7857,667,45,0
3097b,7857,668,46,0
6692b,7857,668,47,0
1456b,7857,669,48,0
162b,7857,669,49,0
2456b,7857,672,50,0
2631b,7857,673,51,1
2631b,15970,785,1,0
2273b,15970,785,2,0
1234b,15970,786,3,0
6992b,15970,789,4,0
1537b,15970,792,5,0
3113b,15970,792,6,0
1176b,15970,794,7,0
349b,15970,794,8,0
3164b,15970,795,9,0
1866b,15970,796,10,0
325b,15970,797,11,0
312b,15970,799,12,0
894b,15970,800,13,0
3969b,15970,801,14,0
1226b,15970,803,15,0
6571b,15970,803,16,0
5319b,15970,806,17,0
5321b,15970,808,18,0
2501b,15970,808,19,0
381b,15970,809,20,0
982b,15970,809,21,0
3091b,15970,810,22,0
897b,15970,811,23,0
5331b,15970,813,24,0
5329b,15970,813,25,0
5328b,15970,814,26,0
3092b,15970,815,27,0
2993b,15970,816,28,0
3094b,15970,817,29,0
709b,15970,817,30,0
1411b,15970,818,31,0
605b,15970,818,32,0
1110b,15970,819,33,0
3050b,15970,819,34,0
3052b,15970,820,35,0
4014b,15970,821,36,0
4016b,15970,821,37,0
6652b,15970,822,38,0
975b,15970,822,39,0
508b,15970,823,40,0
570b,15970,823,41,0
2024b,15970,824,42,0
3356b,15970,825,43,0
3272b,15970,825,44,0
3045b,15970,826,45,0
5334b,15970,827,46,0
4215b,15970,827,47,0
758b,15970,828,48,0
1162b,15970,828,49,0
151b,15970,829,50,0
4114b,15970,830,51,1
4114b,29689,475,1,0
1917b,29689,475,2,0
2020b,29689,475,3,0
961b,29689,476,4,0
3978b,29689,476,5,0
3979b,29689,477,6,0
3046b,29689,477,7,0
2036b,29689,478,8,0
2032b,29689,478,9,0
550b,29689,479,10,0
554b,29689,480,11,0
623b,29689,481,12,0
6651b,29689,481,13,0
4017b,29689,482,14,0
4015b,29689,482,15,0
3051b,29689,483,16,0
3049b,29689,484,17,0
1013b,29689,485,18,0
250b,29689,485,19,0
112b,29689,486,20,0
3095b,29689,486,21,0
1703b,29689,487,22,0
2497b,29689,488,23,0
1779b,29689,491,24,0
5327b,29689,491,25,0
5330b,29689,492,26,0
5332b,29689,492,27,0
1780b,29689,495,28,0
3090b,29689,497,29,0
1182b,29689,498,30,0
3089b,29689,498,31,0
3088b,29689,499,32,0
5322b,29689,500,33,0
5320b,29689,502,34,0
6572b,29689,503,35,0
1145b,29689,504,36,0
3970b,29689,506,37,0
984b,29689,507,38,0
16b,29689,507,39,0
667b,29689,511,40,0
5316b,29689,521,41,0
2594b,29689,522,42,0
1640b,29689,523,43,0
849b,29689,524,44,0
3114b,29689,525,45,0
3097b,29689,527,46,0
6692b,29689,528,47,0
1456b,29689,530,48,0
162b,29689,530,49,0
2456b,29689,532,50,0
2631b,29689,537,51,1
4114b,1915,510,1,0
1917b,1915,510,2,0
2020b,1915,511,3,0
961b,1915,512,4,0
3978b,1915,512,5,0
3979b,1915,514,6,0
3046b,1915,514,7,0
2036b,1915,515,8,0
2032b,1915,515,9,0
550b,1915,516,10,0
554b,1915,516,11,0
623b,1915,517,12,0
6651b,1915,518,13,0
4017b,1915,518,14,0
4015b,1915,519,15,0
3051b,1915,520,16,0
3049b,1915,520,17,0
1013b,1915,521,18,0
250b,1915,521,19,0
112b,1915,521,20,0
3095b,1915,521,21,0
1703b,1915,522,22,0
2497b,1915,522,23,0
1779b,1915,524,24,0
5327b,1915,524,25,0
5330b,1915,524,26,0
5332b,1915,524,27,0
1780b,1915,526,28,0
3090b,1915,526,29,0
1182b,1915,527,30,0
3089b,1915,527,31,0
3088b,1915,527,32,0
5322b,1915,528,33,0
5320b,1915,530,34,0
6572b,1915,531,35,0
1145b,1915,532,36,0
3970b,1915,534,37,0
984b,1915,534,38,0
16b,1915,535,39,0
667b,1915,538,40,0
5316b,1915,540,41,0
2594b,1915,540,42,0
1640b,1915,540,43,0
849b,1915,541,44,0
3114b,1915,541,45,0
3097b,1915,542,46,0
6692b,1915,542,47,0
1456b,1915,543,48,0
162b,1915,543,49,0
2456b,1915,545,50,0
2631b,1915,546,51,1
4114b,23565,480,1,0
1917b,23565,480,2,0
2020b,23565,481,3,0
961b,23565,482,4,0
3978b,23565,482,5,0
3979b,23565,484,6,0
3046b,23565,484,7,0
2036b,23565,485,8,0
2032b,23565,485,9,0
550b,23565,486,10,0
554b,23565,487,11,0
623b,23565,488,12,0
6651b,23565,488,13,0
4017b,23565,489,14,0
4015b,23565,489,15,0
3051b,23565,490,16,0
3049b,23565,491,17,0
1013b,23565,492,18,0
250b,23565,492,19,0
112b,23565,492,20,0
3095b,23565,492,21,0
1703b,23565,493,22,0
2497b,23565,493,23,0
1779b,23565,495,24,0
5327b,23565,495,25,0
5330b,23565,496,26,0
5332b,23565,496,27,0
1780b,23565,498,28,0
3090b,23565,499,29,0
1182b,23565,500,30,0
3089b,23565,500,31,0
3088b,23565,501,32,0
5322b,23565,502,33,0
5320b,23565,504,34,0
6572b,23565,505,35,0
1145b,23565,506,36,0
3970b,23565,508,37,0
984b,23565,509,38,0
16b,23565,510,39,0
667b,23565,514,40,0
5316b,23565,516,41,0
2594b,23565,516,42,0
1640b,23565,516,43,0
849b,23565,517,44,0
3114b,23565,517,45,0
3097b,23565,518,46,0
6692b,23565,518,47,0
1456b,23565,519,48,0
162b,23565,519,49,0
2456b,23565,522,50,0
2631b,23565,523,51,1
4114b,11998,1110,1,0
1917b,11998,1110,2,0
2020b,11998,1110,3,0
961b,11998,1111,4,0
3978b,11998,1111,5,0
3979b,11998,1112,6,0
3046b,11998,1112,7,0
2036b,11998,1113,8,0
2032b,11998,1113,9,0
550b,11998,1114,10,0
554b,11998,1115,11,0
623b,11998,1116,12,0
6651b,11998,1116,13,0
4017b,11998,1117,14,0
4015b,11998,1117,15,0
3051b,11998,1118,16,0
3049b,11998,1119,17,0
1013b,11998,1120,18,0
250b,11998,1120,19,0
112b,11998,1120,20,0
3095b,11998,1121,21,0
1703b,11998,1122,22,0
2497b,11998,1123,23,0
1779b,11998,1125,24,0
5327b,11998,1125,25,0
5330b,11998,1126,26,0
5332b,11998,1126,27,0
1780b,11998,1128,28,0
3090b,11998,1129,29,0
1182b,11998,1130,30,0
3089b,11998,1130,31,0
3088b,11998,1131,32,0
5322b,11998,1132,33,0
5320b,11998,1134,34,0
6572b,11998,1136,35,0
1145b,11998,1137,36,0
3970b,11998,1138,37,0
984b,11998,1138,38,0
16b,11998,1139,39,0
667b,11998,1141,40,0
5316b,11998,1145,41,0
2594b,11998,1145,42,0
1640b,11998,1145,43,0
849b,11998,1146,44,0
3114b,11998,1146,45,0
3097b,11998,1147,46,0
6692b,11998,1148,47,0
1456b,11998,1149,48,0
162b,11998,1149,49,0
2456b,11998,1151,50,0
2631b,11998,1156,51,1
2631b,23461,440,1,0
2273b,23461,440,2,0
1234b,23461,441,3,0
6992b,23461,444,4,0
1537b,23461,447,5,0
3113b,23461,447,6,0
1176b,23461,449,7,0
349b,23461,449,8,0
3164b,23461,450,9,0
1866b,23461,451,10,0
325b,23461,454,11,0
312b,23461,460,12,0
894b,23461,462,13,0
3969b,23461,464,14,0
1226b,23461,469,15,0
6571b,23461,470,16,0
5319b,23461,474,17,0
5321b,23461,479,18,0
2501b,23461,479,19,0
381b,23461,480,20,0
982b,23461,480,21,0
3091b,23461,481,22,0
897b,23461,482,23,0
5331b,23461,484,24,0
5329b,23461,484,25,0
5328b,23461,485,26,0
3092b,23461,486,27,0
2993b,23461,487,28,0
3094b,23461,488,29,0
709b,23461,488,30,0
1411b,23461,489,31,0
605b,23461,489,32,0
1110b,23461,490,33,0
3050b,23461,490,34,0
3052b,23461,491,35,0
4014b,23461,492,36,0
4016b,23461,492,37,0
6652b,23461,493,38,0
975b,23461,493,39,0
508b,23461,494,40,0
570b,23461,494,41,0
2024b,23461,495,42,0
3356b,23461,496,43,0
3272b,23461,496,44,0
3045b,23461,497,45,0
5334b,23461,498,46,0
4215b,23461,498,47,0
758b,23461,499,48,0
1162b,23461,499,49,0
151b,23461,500,50,0
4114b,23461,501,51,1
4114b,23827,780,1,0
1917b,23827,780,2,0
2020b,23827,780,3,0
961b,23827,781,4,0
3978b,23827,781,5,0
3979b,23827,782,6,0
3046b,23827,782,7,0
2036b,23827,783,8,0
2032b,23827,783,9,0
550b,23827,784,10,0
554b,23827,785,11,0
623b,23827,786,12,0
6651b,23827,786,13,0
4017b,23827,787,14,0
4015b,23827,787,15,0
3051b,23827,788,16,0
3049b,23827,789,17,0
1013b,23827,790,18,0
250b,23827,790,19,0
112b,23827,790,20,0
3095b,23827,791,21,0
1703b,23827,792,22,0
2497b,23827,793,23,0
1779b,23827,795,24,0
5327b,23827,795,25,0
5330b,23827,796,26,0
5332b,23827,796,27,0
1780b,23827,798,28,0
3090b,23827,799,29,0
1182b,23827,800,30,0
3089b,23827,800,31,0
3088b,23827,801,32,0
5322b,23827,802,33,0
5320b,23827,804,34,0
6572b,23827,805,35,0
1145b,23827,806,36,0
3970b,23827,807,37,0
984b,23827,807,38,0
16b,23827,808,39,0
667b,23827,810,40,0
5316b,23827,814,41,0
2594b,23827,814,42,0
1640b,23827,814,43,0
849b,23827,815,44,0
3114b,23827,815,45,0
3097b,23827,816,46,0
6692b,23827,817,47,0
1456b,23827,818,48,0
162b,23827,818,49,0
2456b,23827,820,50,0
2631b,23827,825,51,1
4114b,23812,930,1,0
1917b,23812,930,2,0
2020b,23812,931,3,0
961b,23812,932,4,0
3978b,23812,932,5,0
3979b,23812,934,6,0
3046b,23812,934,7,0
2036b,23812,935,8,0
2032b,23812,935,9,0
550b,23812,936,10,0
554b,23812,937,11,0
623b,23812,938,12,0
6651b,23812,938,13,0
4017b,23812,939,14,0
4015b,23812,939,15,0
3051b,23812,940,16,0
3049b,23812,941,17,0
1013b,23812,942,18,0
250b,23812,942,19,0
112b,23812,942,20,0
3095b,23812,942,21,0
1703b,23812,943,22,0
2497b,23812,943,23,0
1779b,23812,945,24,0
5327b,23812,945,25,0
5330b,23812,946,26,0
5332b,23812,946,27,0
1780b,23812,948,28,0
3090b,23812,949,29,0
1182b,23812,950,30,0
3089b,23812,950,31,0
3088b,23812,951,32,0
5322b,23812,952,33,0
5320b,23812,954,34,0
6572b,23812,955,35,0
1145b,23812,956,36,0
3970b,23812,958,37,0
984b,23812,959,38,0
16b,23812,960,39,0
667b,23812,964,40,0
5316b,23812,966,41,0
2594b,23812,966,42,0
1640b,23812,966,43,0
849b,23812,967,44,0
3114b,23812,967,45,0
3097b,23812,968,46,0
6692b,23812,968,47,0
1456b,23812,969,48,0
162b,23812,969,49,0
2456b,23812,972,50,0
2631b,23812,973,51,1
2631b,23719,910,1,0
2273b,23719,910,2,0
1234b,23719,911,3,0
6992b,23719,914,4,0
1537b,23719,917,5,0
3113b,23719,917,6,0
1176b,23719,919,7,0
349b,23719,919,8,0
3164b,23719,920,9,0
1866b,23719,922,10,0
325b,23719,923,11,0
312b,23719,926,12,0
894b,23719,927,13,0
3969b,23719,928,14,0
1226b,23719,931,15,0
6571b,23719,931,16,0
5319b,23719,934,17,0
5321b,23719,938,18,0
2501b,23719,938,19,0
381b,23719,939,20,0
982b,23719,939,21,0
3091b,23719,940,22,0
897b,23719,941,23,0
5331b,23719,943,24,0
5329b,23719,943,25,0
5328b,23719,944,26,0
3092b,23719,945,27,0
2993b,23719,946,28,0
3094b,23719,947,29,0
709b,23719,947,30,0
1411b,23719,948,31,0
605b,23719,948,32,0
1110b,23719,949,33,0
3050b,23719,949,34,0
3052b,23719,950,35,0
4014b,23719,951,36,0
4016b,23719,951,37,0
6652b,23719,952,38,0
975b,23719,952,39,0
508b,23719,953,40,0
570b,23719,953,41,0
2024b,23719,954,42,0
3356b,23719,955,43,0
3272b,23719,955,44,0
3045b,23719,956,45,0
5334b,23719,957,46,0
4215b,23719,957,47,0
758b,23719,958,48,0
1162b,23719,958,49,0
151b,23719,959,50,0
4114b,23719,960,51,1
2631b,23169,470,1,0
2273b,23169,470,2,0
1234b,23169,471,3,0
6992b,23169,475,4,0
1537b,23169,479,5,0
3113b,23169,479,6,0
1176b,23169,481,7,0
349b,23169,483,8,0
3164b,23169,485,9,0
1866b,23169,490,10,0
325b,23169,493,11,0
312b,23169,499,12,0
894b,23169,501,13,0
3969b,23169,503,14,0
1226b,23169,508,15,0
6571b,23169,509,16,0
5319b,23169,513,17,0
5321b,23169,518,18,0
2501b,23169,518,19,0
381b,23169,519,20,0
982b,23169,519,21,0
3091b,23169,520,22,0
897b,23169,521,23,0
5331b,23169,523,24,0
5329b,23169,523,25,0
5328b,23169,524,26,0
3092b,23169,525,27,0
2993b,23169,526,28,0
3094b,23169,527,29,0
709b,23169,527,30,0
1411b,23169,528,31,0
605b,23169,528,32,0
1110b,23169,529,33,0
3050b,23169,529,34,0
3052b,23169,530,35,0
4014b,23169,531,36,0
4016b,23169,531,37,0
6652b,23169,532,38,0
975b,23169,532,39,0
508b,23169,533,40,0
570b,23169,533,41,0
2024b,23169,534,42,0
3356b,23169,535,43,0
3272b,23169,535,44,0
3045b,23169,536,45,0
5334b,23169,537,46,0
4215b,23169,537,47,0
758b,23169,538,48,0
1162b,23169,538,49,0
151b,23169,539,50,0
4114b,23169,540,51,1
4114b,8244,620,1,0
1917b,8244,620,2,0
2020b,8244,620,3,0
961b,8244,621,4,0
3978b,8244,621,5,0
3979b,8244,622,6,0
3046b,8244,622,7,0
2036b,8244,623,8,0
2032b,8244,623,9,0
550b,8244,624,10,0
554b,8244,625,11,0
623b,8244,626,12,0
6651b,8244,626,13,0
4017b,8244,627,14,0
4015b,8244,627,15,0
3051b,8244,628,16,0
3049b,8244,629,17,0
1013b,8244,630,18,0
250b,8244,630,19,0
112b,8244,631,20,0
3095b,8244,631,21,0
1703b,8244,632,22,0
2497b,8244,633,23,0
1779b,8244,636,24,0
5327b,8244,636,25,0
5330b,8244,637,26,0
5332b,8244,637,27,0
1780b,8244,639,28,0
3090b,8244,640,29,0
1182b,8244,641,30,0
3089b,8244,641,31,0
3088b,8244,642,32,0
5322b,8244,643,33,0
5320b,8244,645,34,0
6572b,8244,647,35,0
1145b,8244,648,36,0
3970b,8244,649,37,0
984b,8244,650,38,0
16b,8244,650,39,0
667b,8244,653,40,0
5316b,8244,657,41,0
2594b,8244,658,42,0
1640b,8244,658,43,0
849b,8244,659,44,0
3114b,8244,660,45,0
3097b,8244,661,46,0
6692b,8244,662,47,0
1456b,8244,664,48,0
162b,8244,664,49,0
2456b,8244,666,50,0
2631b,8244,671,51,1
2631b,11146,1110,1,0
2273b,11146,1110,2,0
1234b,11146,1110,3,0
6992b,11146,1111,4,0
1537b,11146,1113,5,0
3113b,11146,1113,6,0
1176b,11146,1114,7,0
349b,11146,1114,8,0
3164b,11146,1115,9,0
1866b,11146,1116,10,0
325b,11146,1117,11,0
312b,11146,1119,12,0
894b,11146,1120,13,0
3969b,11146,1121,14,0
1226b,11146,1123,15,0
6571b,11146,1123,16,0
5319b,11146,1125,17,0
5321b,11146,1128,18,0
2501b,11146,1128,19,0
381b,11146,1129,20,0
982b,11146,1129,21,0
3091b,11146,1130,22,0
897b,11146,1131,23,0
5331b,11146,1133,24,0
5329b,11146,1133,25,0
5328b,11146,1134,26,0
3092b,11146,1135,27,0
2993b,11146,1136,28,0
3094b,11146,1137,29,0
709b,11146,1137,30,0
1411b,11146,1138,31,0
605b,11146,1138,32,0
1110b,11146,1139,33,0
3050b,11146,1139,34,0
3052b,11146,1140,35,0
4014b,11146,1141,36,0
4016b,11146,1141,37,0
6652b,11146,1142,38,0
975b,11146,1142,39,0
508b,11146,1143,40,0
570b,11146,1143,41,0
2024b,11146,1144,42,0
3356b,11146,1145,43,0
3272b,11146,1145,44,0
3045b,11146,1146,45,0
5334b,11146,1147,46,0
4215b,11146,1147,47,0
758b,11146,1149,48,0
1162b,11146,1149,49,0
151b,11146,1151,50,0
4114b,11146,1153,51,1
2631b,8282,990,1,0
2273b,8282,990,2,0
1234b,8282,990,3,0
6992b,8282,991,4,0
1537b,8282,993,5,0
3113b,8282,993,6,0
1176b,8282,994,7,0
349b,8282,994,8,0
3164b,8282,995,9,0
1866b,8282,996,10,0
325b,8282,997,11,0
312b,8282,999,12,0
894b,8282,1000,13,0
3969b,8282,1001,14,0
1226b,8282,1003,15,0
6571b,8282,1003,16,0
5319b,8282,1005,17,0
5321b,8282,1008,18,0
2501b,8282,1008,19,0
381b,8282,1009,20,0
982b,8282,1009,21,0
3091b,8282,1010,22,0
897b,8282,1011,23,0
5331b,8282,1013,24,0
5329b,8282,1013,25,0
5328b,8282,1014,26,0
3092b,8282,1015,27,0
2993b,8282,1016,28,0
3094b,8282,1017,29,0
709b,8282,1017,30,0
1411b,8282,1018,31,0
605b,8282,1018,32,0
1110b,8282,1019,33,0
3050b,8282,1019,34,0
3052b,8282,1020,35,0
4014b,8282,1021,36,0
4016b,8282,1021,37,0
6652b,8282,1022,38,0
975b,8282,1022,39,0
508b,8282,1023,40,0
570b,8282,1023,41,0
2024b,8282,1024,42,0
3356b,8282,1025,43,0
3272b,8282,1025,44,0
3045b,8282,1026,45,0
5334b,8282,1027,46,0
4215b,8282,1027,47,0
758b,8282,1029,48,0
1162b,8282,1029,49,0
151b,8282,1031,50,0
4114b,8282,1033,51,1
4114b,11220,665,1,0
1917b,11220,665,2,0
2020b,11220,665,3,0
961b,11220,666,4,0
3978b,11220,666,5,0
3979b,11220,667,6,0
3046b,11220,667,7,0
2036b,11220,668,8,0
2032b,11220,668,9,0
550b,11220,669,10,0
554b,11220,670,11,0
623b,11220,671,12,0
6651b,11220,671,13,0
4017b,11220,672,14,0
4015b,11220,672,15,0
3051b,11220,673,16,0
3049b,11220,674,17,0
1013b,11220,675,18,0
250b,11220,675,19,0
112b,11220,676,20,0
3095b,11220,676,21,0
1703b,11220,677,22,0
2497b,11220,678,23,0
1779b,11220,681,24,0
5327b,11220,681,25,0
5330b,11220,682,26,0
5332b,11220,682,27,0
1780b,11220,684,28,0
3090b,11220,685,29,0
1182b,11220,686,30,0
3089b,11220,686,31,0
3088b,11220,687,32,0
5322b,11220,688,33,0
5320b,11220,690,34,0
6572b,11220,692,35,0
1145b,11220,693,36,0
3970b,11220,694,37,0
984b,11220,695,38,0
16b,11220,695,39,0
667b,11220,698,40,0
5316b,11220,702,41,0
2594b,11220,703,42,0
1640b,11220,703,43,0
849b,11220,704,44,0
3114b,11220,705,45,0
3097b,11220,706,46,0
6692b,11220,707,47,0
1456b,11220,709,48,0
162b,11220,709,49,0
2456b,11220,711,50,0
2631b,11220,716,51,1
2631b,11068,660,1,0
2273b,11068,660,2,0
1234b,11068,660,3,0
6992b,11068,661,4,0
1537b,11068,663,5,0
3113b,11068,663,6,0
1176b,11068,664,7,0
349b,11068,664,8,0
3164b,11068,665,9,0
1866b,11068,666,10,0
325b,11068,667,11,0
312b,11068,669,12,0
894b,11068,670,13,0
3969b,11068,671,14,0
1226b,11068,673,15,0
6571b,11068,673,16,0
5319b,11068,675,17,0
5321b,11068,678,18,0
2501b,11068,678,19,0
381b,11068,679,20,0
982b,11068,679,21,0
3091b,11068,680,22,0
897b,11068,681,23,0
5331b,11068,683,24,0
5329b,11068,683,25,0
5328b,11068,684,26,0
3092b,11068,685,27,0
2993b,11068,686,28,0
3094b,11068,687,29,0
709b,11068,687,30,0
1411b,11068,688,31,0
605b,11068,688,32,0
1110b,11068,689,33,0
3050b,11068,689,34,0
3052b,11068,690,35,0
4014b,11068,691,36,0
4016b,11068,691,37,0
6652b,11068,692,38,0
975b,11068,692,39,0
508b,11068,693,40,0
570b,11068,693,41,0
2024b,11068,694,42,0
3356b,11068,695,43,0
3272b,11068,695,44,0
3045b,11068,696,45,0
5334b,11068,697,46,0
4215b,11068,697,47,0
758b,11068,699,48,0
1162b,11068,699,49,0
151b,11068,701,50,0
4114b,11068,703,51,1
2631b,23974,965,1,0
2273b,23974,965,2,0
1234b,23974,966,3,0
6992b,23974,970,4,0
1537b,23974,974,5,0
3113b,23974,974,6,0
1176b,23974,976,7,0
349b,23974,978,8,0
3164b,23974,980,9,0
1866b,23974,985,10,0
325b,23974,988,11,0
312b,23974,994,12,0
894b,23974,996,13,0
3969b,23974,998,14,0
1226b,23974,1003,15,0
6571b,23974,1004,16,0
5319b,23974,1008,17,0
5321b,23974,1013,18,0
2501b,23974,1013,19,0
381b,23974,1014,20,0
982b,23974,1014,21,0
3091b,23974,1015,22,0
897b,23974,1016,23,0
5331b,23974,1018,24,0
5329b,23974,1018,25,0
5328b,23974,1019,26,0
3092b,23974,1020,27,0
2993b,23974,1021,28,0
3094b,23974,1022,29,0
709b,23974,1022,30,0
1411b,23974,1023,31,0
605b,23974,1023,32,0
1110b,23974,1024,33,0
3050b,23974,1024,34,0
3052b,23974,1025,35,0
4014b,23974,1026,36,0
4016b,23974,1026,37,0
6652b,23974,1027,38,0
975b,23974,1027,39,0
508b,23974,1028,40,0
570b,23974,1028,41,0
2024b,23974,1029,42,0
3356b,23974,1030,43,0
3272b,23974,1030,44,0
3045b,23974,1031,45,0
5334b,23974,1032,46,0
4215b,23974,1032,47,0
758b,23974,1033,48,0
1162b,23974,1033,49,0
151b,23974,1034,50,0
4114b,23974,1035,51,1
2631b,11592,575,1,0
2273b,11592,575,2,0
1234b,11592,576,3,0
6992b,11592,579,4,0
1537b,11592,582,5,0
3113b,11592,582,6,0
1176b,11592,584,7,0
349b,11592,584,8,0
3164b,11592,585,9,0
1866b,11592,587,10,0
325b,11592,588,11,0
312b,11592,592,12,0
894b,11592,593,13,0
3969b,11592,594,14,0
1226b,11592,597,15,0
6571b,11592,598,16,0
5319b,11592,602,17,0
5321b,11592,605,18,0
2501b,11592,605,19,0
381b,11592,606,20,0
982b,11592,606,21,0
3091b,11592,607,22,0
897b,11592,608,23,0
5331b,11592,610,24,0
5329b,11592,610,25,0
5328b,11592,611,26,0
3092b,11592,612,27,0
2993b,11592,613,28,0
3094b,11592,614,29,0
709b,11592,614,30,0
1411b,11592,615,31,0
605b,11592,615,32,0
1110b,11592,616,33,0
3050b,11592,616,34,0
3052b,11592,617,35,0
4014b,11592,618,36,0
4016b,11592,618,37,0
6652b,11592,619,38,0
975b,11592,619,39,0
508b,11592,620,40,0
570b,11592,620,41,0
2024b,11592,621,42,0
3356b,11592,622,43,0
3272b,11592,622,44,0
3045b,11592,623,45,0
5334b,11592,624,46,0
4215b,11592,624,47,0
758b,11592,625,48,0
1162b,11592,625,49,0
151b,11592,626,50,0
4114b,11592,627,51,1
4114b,3917,905,1,0
1917b,3917,905,2,0
2020b,3917,905,3,0
961b,3917,906,4,0
3978b,3917,906,5,0
3979b,3917,907,6,0
3046b,3917,907,7,0
2036b,3917,908,8,0
2032b,3917,908,9,0
550b,3917,909,10,0
554b,3917,910,11,0
623b,3917,911,12,0
6651b,3917,911,13,0
4017b,3917,912,14,0
4015b,3917,912,15,0
3051b,3917,913,16,0
3049b,3917,914,17,0
1013b,3917,915,18,0
250b,3917,915,19,0
112b,3917,915,20,0
3095b,3917,916,21,0
1703b,3917,917,22,0
2497b,3917,918,23,0
1779b,3917,920,24,0
5327b,3917,920,25,0
5330b,3917,921,26,0
5332b,3917,921,27,0
1780b,3917,923,28,0
3090b,3917,924,29,0
1182b,3917,925,30,0
3089b,3917,925,31,0
3088b,3917,926,32,0
5322b,3917,927,33,0
5320b,3917,929,34,0
6572b,3917,931,35,0
1145b,3917,932,36,0
3970b,3917,933,37,0
984b,3917,933,38,0
16b,3917,934,39,0
667b,3917,936,40,0
5316b,3917,943,41,0
2594b,3917,944,42,0
1640b,3917,944,43,0
849b,3917,945,44,0
3114b,3917,946,45,0
3097b,3917,947,46,0
6692b,3917,948,47,0
1456b,3917,950,48,0
162b,3917,951,49,0
2456b,3917,955,50,0
2631b,3917,960,51,1
4114b,11784,1170,1,0
1917b,11784,1170,2,0
2020b,11784,1171,3,0
961b,11784,1172,4,0
3978b,11784,1172,5,0
3979b,11784,1174,6,0
3046b,11784,1174,7,0
2036b,11784,1175,8,0
2032b,11784,1175,9,0
550b,11784,1176,10,0
554b,11784,1177,11,0
623b,11784,1178,12,0
6651b,11784,1178,13,0
4017b,11784,1179,14,0
4015b,11784,1179,15,0
3051b,11784,1180,16,0
3049b,11784,1181,17,0
1013b,11784,1182,18,0
250b,11784,1182,19,0
112b,11784,1182,20,0
3095b,11784,1182,21,0
1703b,11784,1183,22,0
2497b,11784,1183,23,0
1779b,11784,1185,24,0
5327b,11784,1185,25,0
5330b,11784,1186,26,0
5332b,11784,1186,27,0
1780b,11784,1188,28,0
3090b,11784,1189,29,0
1182b,11784,1190,30,0
3089b,11784,1190,31,0
3088b,11784,1191,32,0
5322b,11784,1192,33,0
5320b,11784,1194,34,0
6572b,11784,1195,35,0
1145b,11784,1196,36,0
3970b,11784,1198,37,0
984b,11784,1199,38,0
16b,11784,1200,39,0
667b,11784,1204,40,0
5316b,11784,1206,41,0
2594b,11784,1206,42,0
1640b,11784,1206,43,0
849b,11784,1207,44,0
3114b,11784,1207,45,0
3097b,11784,1208,46,0
6692b,11784,1208,47,0
1456b,11784,1209,48,0
162b,11784,1209,49,0
2456b,11784,1212,50,0
2631b,11784,1213,51,1
4114b,2943,870,1,0
1917b,2943,870,2,0
2020b,2943,870,3,0
961b,2943,871,4,0
3978b,2943,871,5,0
3979b,2943,872,6,0
3046b,2943,872,7,0
2036b,2943,873,8,0
2032b,2943,873,9,0
550b,2943,874,10,0
554b,2943,875,11,0
623b,2943,876,12,0
6651b,2943,876,13,0
4017b,2943,877,14,0
4015b,2943,877,15,0
3051b,2943,878,16,0
3049b,2943,879,17,0
1013b,2943,880,18,0
250b,2943,880,19,0
112b,2943,880,20,0
3095b,2943,881,21,0
1703b,2943,882,22,0
2497b,2943,883,23,0
1779b,2943,885,24,0
5327b,2943,885,25,0
5330b,2943,886,26,0
5332b,2943,886,27,0
1780b,2943,888,28,0
3090b,2943,889,29,0
1182b,2943,890,30,0
3089b,2943,890,31,0
3088b,2943,891,32,0
5322b,2943,892,33,0
5320b,2943,894,34,0
6572b,2943,895,35,0
1145b,2943,896,36,0
3970b,2943,897,37,0
984b,2943,897,38,0
16b,2943,898,39,0
667b,2943,900,40,0
5316b,2943,907,41,0
2594b,2943,908,42,0
1640b,2943,908,43,0
849b,2943,909,44,0
3114b,2943,910,45,0
3097b,2943,911,46,0
6692b,2943,912,47,0
1456b,2943,914,48,0
162b,2943,915,49,0
2456b,2943,919,50,0
2631b,2943,924,51,1
4114b,16002,1110,1,0
1917b,16002,1110,2,0
2020b,16002,1111,3,0
961b,16002,1112,4,0
3978b,16002,1112,5,0
3979b,16002,1114,6,0
3046b,16002,1114,7,0
2036b,16002,1115,8,0
2032b,16002,1115,9,0
550b,16002,1116,10,0
554b,16002,1117,11,0
623b,16002,1118,12,0
6651b,16002,1118,13,0
4017b,16002,1119,14,0
4015b,16002,1119,15,0
3051b,16002,1120,16,0
3049b,16002,1121,17,0
1013b,16002,1122,18,0
250b,16002,1122,19,0
112b,16002,1122,20,0
3095b,16002,1122,21,0
1703b,16002,1123,22,0
2497b,16002,1123,23,0
1779b,16002,1125,24,0
5327b,16002,1125,25,0
5330b,16002,1126,26,0
5332b,16002,1126,27,0
1780b,16002,1128,28,0
3090b,16002,1129,29,0
1182b,16002,1130,30,0
3089b,16002,1130,31,0
3088b,16002,1131,32,0
5322b,16002,1132,33,0
5320b,16002,1134,34,0
6572b,16002,1135,35,0
1145b,16002,1136,36,0
3970b,16002,1138,37,0
984b,16002,1139,38,0
16b,16002,1140,39,0
667b,16002,1144,40,0
5316b,16002,1146,41,0
2594b,16002,1146,42,0
1640b,16002,1146,43,0
849b,16002,1147,44,0
3114b,16002,1147,45,0
3097b,16002,1148,46,0
6692b,16002,1148,47,0
1456b,16002,1149,48,0
162b,16002,1149,49,0
2456b,16002,1152,50,0
2631b,16002,1153,51,1
4114b,512,445,1,0
1917b,512,445,2,0
2020b,512,445,3,0
961b,512,446,4,0
3978b,512,446,5,0
3979b,512,447,6,0
3046b,512,447,7,0
2036b,512,448,8,0
2032b,512,448,9,0
550b,512,449,10,0
554b,512,450,11,0
623b,512,451,12,0
6651b,512,451,13,0
4017b,512,452,14,0
4015b,512,452,15,0
3051b,512,453,16,0
3049b,512,454,17,0
1013b,512,455,18,0
250b,512,455,19,0
112b,512,456,20,0
3095b,512,456,21,0
1703b,512,457,22,0
2497b,512,458,23,0
1779b,512,461,24,0
5327b,512,461,25,0
5330b,512,462,26,0
5332b,512,462,27,0
1780b,512,465,28,0
3090b,512,467,29,0
1182b,512,468,30,0
3089b,512,468,31,0
3088b,512,469,32,0
5322b,512,470,33,0
5320b,512,472,34,0
6572b,512,473,35,0
1145b,512,474,36,0
3970b,512,476,37,0
984b,512,477,38,0
16b,512,477,39,0
667b,512,481,40,0
5316b,512,491,41,0
2594b,512,492,42,0
1640b,512,493,43,0
849b,512,494,44,0
3114b,512,495,45,0
3097b,512,497,46,0
6692b,512,498,47,0
1456b,512,500,48,0
162b,512,500,49,0
2456b,512,502,50,0
2631b,512,507,51,1
4114b,2994,720,1,0
1917b,2994,720,2,0
2020b,2994,721,3,0
961b,2994,722,4,0
3978b,2994,722,5,0
3979b,2994,724,6,0
3046b,2994,724,7,0
2036b,2994,725,8,0
2032b,2994,725,9,0
550b,2994,726,10,0
554b,2994,727,11,0
623b,2994,728,12,0
6651b,2994,728,13,0
4017b,2994,729,14,0
4015b,2994,729,15,0
3051b,2994,730,16,0
3049b,2994,731,17,0
1013b,2994,732,18,0
250b,2994,732,19,0
112b,2994,732,20,0
3095b,2994,732,21,0
1703b,2994,733,22,0
2497b,2994,733,23,0
1779b,2994,735,24,0
5327b,2994,735,25,0
5330b,2994,736,26,0
5332b,2994,736,27,0
1780b,2994,738,28,0
3090b,2994,739,29,0
1182b,2994,740,30,0
3089b,2994,740,31,0
3088b,2994,741,32,0
5322b,2994,742,33,0
5320b,2994,744,34,0
6572b,2994,745,35,0
1145b,2994,746,36,0
3970b,2994,748,37,0
984b,2994,749,38,0
16b,2994,750,39,0
667b,2994,754,40,0
5316b,2994,756,41,0
2594b,2994,756,42,0
1640b,2994,756,43,0
849b,2994,757,44,0
3114b,2994,757,45,0
3097b,2994,758,46,0
6692b,2994,758,47,0
1456b,2994,759,48,0
162b,2994,759,49,0
2456b,2994,762,50,0
2631b,2994,763,51,1
2631b,2877,750,1,0
2273b,2877,750,2,0
1234b,2877,750,3,0
6992b,2877,751,4,0
1537b,2877,753,5,0
3113b,2877,753,6,0
1176b,2877,754,7,0
349b,2877,754,8,0
3164b,2877,755,9,0
1866b,2877,756,10,0
325b,2877,757,11,0
312b,2877,761,12,0
894b,2877,762,13,0
3969b,2877,763,14,0
1226b,2877,766,15,0
6571b,2877,766,16,0
5319b,2877,769,17,0
5321b,2877,773,18,0
2501b,2877,773,19,0
381b,2877,774,20,0
982b,2877,774,21,0
3091b,2877,775,22,0
897b,2877,776,23,0
5331b,2877,778,24,0
5329b,2877,779,25,0
5328b,2877,780,26,0
3092b,2877,781,27,0
2993b,2877,782,28,0
3094b,2877,783,29,0
709b,2877,784,30,0
1411b,2877,785,31,0
605b,2877,785,32,0
1110b,2877,786,33,0
3050b,2877,786,34,0
3052b,2877,787,35,0
4014b,2877,788,36,0
4016b,2877,789,37,0
6652b,2877,789,38,0
975b,2877,790,39,0
508b,2877,790,40,0
570b,2877,791,41,0
2024b,2877,792,42,0
3356b,2877,792,43,0
3272b,2877,793,44,0
3045b,2877,794,45,0
5334b,2877,795,46,0
4215b,2877,795,47,0
758b,2877,797,48,0
1162b,2877,797,49,0
151b,2877,799,50,0
4114b,2877,801,51,1
2631b,4504,690,1,0
2273b,4504,690,2,0
1234b,4504,690,3,0
6992b,4504,691,4,0
1537b,4504,693,5,0
3113b,4504,693,6,0
1176b,4504,694,7,0
349b,4504,694,8,0
3164b,4504,695,9,0
1866b,4504,696,10,0
325b,4504,697,11,0
312b,4504,700,12,0
894b,4504,700,13,0
3969b,4504,701,14,0
1226b,4504,704,15,0
6571b,4504,704,16,0
5319b,4504,706,17,0
5321b,4504,708,18,0
2501b,4504,708,19,0
381b,4504,708,20,0
982b,4504,709,21,0
3091b,4504,709,22,0
897b,4504,710,23,0
5331b,4504,712,24,0
5329b,4504,712,25,0
5328b,4504,713,26,0
3092b,4504,714,27,0
2993b,4504,715,28,0
3094b,4504,715,29,0
709b,4504,716,30,0
1411b,4504,716,31,0
605b,4504,716,32,0
1110b,4504,717,33,0
3050b,4504,717,34,0
3052b,4504,718,35,0
4014b,4504,718,36,0
4016b,4504,719,37,0
6652b,4504,719,38,0
975b,4504,720,39,0
508b,4504,720,40,0
570b,4504,721,41,0
2024b,4504,721,42,0
3356b,4504,722,43,0
3272b,4504,722,44,0
3045b,4504,723,45,0
5334b,4504,724,46,0
4215b,4504,724,47,0
758b,4504,726,48,0
1162b,4504,726,49,0
151b,4504,728,50,0
4114b,4504,730,51,1
4114b,480,390,1,0
1917b,480,390,2,0
2020b,480,391,3,0
961b,480,392,4,0
3978b,480,392,5,0
3979b,480,394,6,0
3046b,480,394,7,0
2036b,480,395,8,0
2032b,480,395,9,0
550b,480,396,10,0
554b,480,396,11,0
623b,480,397,12,0
6651b,480,398,13,0
4017b,480,398,14,0
4015b,480,399,15,0
3051b,480,400,16,0
3049b,480,400,17,0
1013b,480,401,18,0
250b,480,401,19,0
112b,480,401,20,0
3095b,480,401,21,0
1703b,480,402,22,0
2497b,480,402,23,0
1779b,480,404,24,0
5327b,480,404,25,0
5330b,480,404,26,0
5332b,480,404,27,0
1780b,480,406,28,0
3090b,480,406,29,0
1182b,480,407,30,0
3089b,480,407,31,0
3088b,480,407,32,0
5322b,480,408,33,0
5320b,480,410,34,0
6572b,480,411,35,0
1145b,480,412,36,0
3970b,480,413,37,0
984b,480,413,38,0
16b,480,413,39,0
667b,480,415,40,0
5316b,480,416,41,0
2594b,480,416,42,0
1640b,480,416,43,0
849b,480,417,44,0
3114b,480,417,45,0
3097b,480,418,46,0
6692b,480,418,47,0
1456b,480,419,48,0
162b,480,419,49,0
2456b,480,421,50,0
2631b,480,422,51,1
4114b,476,1200,1,0
1917b,476,1200,2,0
2020b,476,1200,3,0
961b,476,1201,4,0
3978b,476,1201,5,0
3979b,476,1202,6,0
3046b,476,1202,7,0
2036b,476,1203,8,0
2032b,476,1203,9,0
550b,476,1204,10,0
554b,476,1205,11,0
623b,476,1206,12,0
6651b,476,1206,13,0
4017b,476,1207,14,0
4015b,476,1207,15,0
3051b,476,1208,16,0
3049b,476,1209,17,0
1013b,476,1210,18,0
250b,476,1210,19,0
112b,476,1210,20,0
3095b,476,1211,21,0
1703b,476,1212,22,0
2497b,476,1213,23,0
1779b,476,1215,24,0
5327b,476,1215,25,0
5330b,476,1216,26,0
5332b,476,1216,27,0
1780b,476,1218,28,0
3090b,476,1219,29,0
1182b,476,1220,30,0
3089b,476,1220,31,0
3088b,476,1221,32,0
5322b,476,1222,33,0
5320b,476,1224,34,0
6572b,476,1225,35,0
1145b,476,1226,36,0
3970b,476,1227,37,0
984b,476,1227,38,0
16b,476,1228,39,0
667b,476,1230,40,0
5316b,476,1234,41,0
2594b,476,1234,42,0
1640b,476,1234,43,0
849b,476,1235,44,0
3114b,476,1235,45,0
3097b,476,1236,46,0
6692b,476,1237,47,0
1456b,476,1238,48,0
162b,476,1238,49,0
2456b,476,1240,50,0
2631b,476,1245,51,1
4114b,18276,385,1,0
1917b,18276,385,2,0
2020b,18276,385,3,0
961b,18276,386,4,0
3978b,18276,386,5,0
3979b,18276,387,6,0
3046b,18276,387,7,0
2036b,18276,388,8,0
2032b,18276,388,9,0
550b,18276,389,10,0
554b,18276,390,11,0
623b,18276,391,12,0
6651b,18276,391,13,0
4017b,18276,392,14,0
4015b,18276,392,15,0
3051b,18276,393,16,0
3049b,18276,394,17,0
1013b,18276,395,18,0
250b,18276,395,19,0
112b,18276,395,20,0
3095b,18276,396,21,0
1703b,18276,397,22,0
2497b,18276,398,23,0
1779b,18276,400,24,0
5327b,18276,400,25,0
5330b,18276,401,26,0
5332b,18276,401,27,0
1780b,18276,403,28,0
3090b,18276,404,29,0
1182b,18276,405,30,0
3089b,18276,405,31,0
3088b,18276,406,32,0
5322b,18276,407,33,0
5320b,18276,409,34,0
6572b,18276,410,35,0
1145b,18276,411,36,0
3970b,18276,412,37,0
984b,18276,412,38,0
16b,18276,412,39,0
667b,18276,414,40,0
5316b,18276,417,41,0
2594b,18276,417,42,0
1640b,18276,417,43,0
849b,18276,418,44,0
3114b,18276,418,45,0
3097b,18276,419,46,0
6692b,18276,420,47,0
1456b,18276,421,48,0
162b,18276,421,49,0
2456b,18276,423,50,0
2631b,18276,428,51,1
2631b,4838,1150,1,0
2273b,4838,1150,2,0
1234b,4838,1151,3,0
6992b,4838,1153,4,0
1537b,4838,1156,5,0
3113b,4838,1156,6,0
1176b,4838,1158,7,0
349b,4838,1159,8,0
3164b,4838,1160,9,0
1866b,4838,1162,10,0
325b,4838,1164,11,0
312b,4838,1168,12,0
894b,4838,1168,13,0
3969b,4838,1170,14,0
1226b,4838,1173,15,0
6571b,4838,1173,16,0
5319b,4838,1176,17,0
5321b,4838,1179,18,0
2501b,4838,1179,19,0
381b,4838,1180,20,0
982b,4838,1180,21,0
3091b,4838,1181,22,0
897b,4838,1182,23,0
5331b,4838,1184,24,0
5329b,4838,1184,25,0
5328b,4838,1185,26,0
3092b,4838,1186,27,0
2993b,4838,1187,28,0
3094b,4838,1188,29,0
709b,4838,1188,30,0
1411b,4838,1189,31,0
605b,4838,1189,32,0
1110b,4838,1190,33,0
3050b,4838,1190,34,0
3052b,4838,1191,35,0
4014b,4838,1192,36,0
4016b,4838,1192,37,0
6652b,4838,1193,38,0
975b,4838,1193,39,0
508b,4838,1194,40,0
570b,4838,1194,41,0
2024b,4838,1195,42,0
3356b,4838,1196,43,0
3272b,4838,1196,44,0
3045b,4838,1197,45,0
5334b,4838,1198,46,0
4215b,4838,1198,47,0
758b,4838,1199,48,0
1162b,4838,1199,49,0
151b,4838,1200,50,0
4114b,4838,1201,51,1
2631b,4814,940,1,0
2273b,4814,940,2,0
1234b,4814,941,3,0
6992b,4814,944,4,0
1537b,4814,947,5,0
3113b,4814,947,6,0
1176b,4814,949,7,0
349b,4814,949,8,0
3164b,4814,950,9,0
1866b,4814,952,10,0
325b,4814,953,11,0
312b,4814,956,12,0
894b,4814,957,13,0
3969b,4814,958,14,0
1226b,4814,961,15,0
6571b,4814,962,16,0
5319b,4814,966,17,0
5321b,4814,971,18,0
2501b,4814,971,19,0
381b,4814,972,20,0
982b,4814,972,21,0
3091b,4814,973,22,0
897b,4814,974,23,0
5331b,4814,976,24,0
5329b,4814,976,25,0
5328b,4814,977,26,0
3092b,4814,978,27,0
2993b,4814,979,28,0
3094b,4814,980,29,0
709b,4814,980,30,0
1411b,4814,981,31,0
605b,4814,981,32,0
1110b,4814,982,33,0
3050b,4814,982,34,0
3052b,4814,983,35,0
4014b,4814,984,36,0
4016b,4814,984,37,0
6652b,4814,985,38,0
975b,4814,985,39,0
508b,4814,986,40,0
570b,4814,986,41,0
2024b,4814,987,42,0
3356b,4814,988,43,0
3272b,4814,988,44,0
3045b,4814,989,45,0
5334b,4814,990,46,0
4215b,4814,990,47,0
758b,4814,991,48,0
1162b,4814,991,49,0
151b,4814,992,50,0
4114b,4814,993,51,1
4114b,16140,1050,1,0
1917b,16140,1050,2,0
2020b,16140,1051,3,0
961b,16140,1052,4,0
3978b,16140,1052,5,0
3979b,16140,1054,6,0
3046b,16140,1054,7,0
2036b,16140,1055,8,0
2032b,16140,1055,9,0
550b,16140,1056,10,0
554b,16140,1057,11,0
623b,16140,1058,12,0
6651b,16140,1058,13,0
4017b,16140,1059,14,0
4015b,16140,1059,15,0
3051b,16140,1060,16,0
3049b,16140,1061,17,0
1013b,16140,1062,18,0
250b,16140,1062,19,0
112b,16140,1062,20,0
3095b,16140,1062,21,0
1703b,16140,1063,22,0
2497b,16140,1063,23,0
1779b,16140,1065,24,0
5327b,16140,1065,25,0
5330b,16140,1066,26,0
5332b,16140,1066,27,0
1780b,16140,1068,28,0
3090b,16140,1069,29,0
1182b,16140,1070,30,0
3089b,16140,1070,31,0
3088b,16140,1071,32,0
5322b,16140,1072,33,0
5320b,16140,1074,34,0
6572b,16140,1075,35,0
1145b,16140,1076,36,0
3970b,16140,1078,37,0
984b,16140,1079,38,0
16b,16140,1080,39,0
667b,16140,1084,40,0
5316b,16140,1086,41,0
2594b,16140,1086,42,0
1640b,16140,1086,43,0
849b,16140,1087,44,0
3114b,16140,1087,45,0
3097b,16140,1088,46,0
6692b,16140,1088,47,0
1456b,16140,1089,48,0
162b,16140,1089,49,0
2456b,16140,1092,50,0
2631b,16140,1093,51,1
4114b,16164,450,1,0
1917b,16164,450,2,0
2020b,16164,451,3,0
961b,16164,452,4,0
3978b,16164,452,5,0
3979b,16164,454,6,0
3046b,16164,454,7,0
2036b,16164,455,8,0
2032b,16164,455,9,0
550b,16164,456,10,0
554b,16164,456,11,0
623b,16164,457,12,0
6651b,16164,458,13,0
4017b,16164,458,14,0
4015b,16164,459,15,0
3051b,16164,460,16,0
3049b,16164,460,17,0
1013b,16164,461,18,0
250b,16164,461,19,0
112b,16164,461,20,0
3095b,16164,461,21,0
1703b,16164,462,22,0
2497b,16164,462,23,0
1779b,16164,464,24,0
5327b,16164,464,25,0
5330b,16164,464,26,0
5332b,16164,464,27,0
1780b,16164,466,28,0
3090b,16164,466,29,0
1182b,16164,467,30,0
3089b,16164,467,31,0
3088b,16164,467,32,0
5322b,16164,468,33,0
5320b,16164,470,34,0
6572b,16164,471,35,0
1145b,16164,472,36,0
3970b,16164,474,37,0
984b,16164,474,38,0
16b,16164,475,39,0
667b,16164,478,40,0
5316b,16164,480,41,0
2594b,16164,480,42,0
1640b,16164,480,43,0
849b,16164,481,44,0
3114b,16164,481,45,0
3097b,16164,482,46,0
6692b,16164,482,47,0
1456b,16164,483,48,0
162b,16164,483,49,0
2456b,16164,485,50,0
2631b,16164,486,51,1
2631b,4240,870,1,0
2273b,4240,870,2,0
1234b,4240,870,3,0
6992b,4240,871,4,0
1537b,4240,873,5,0
3113b,4240,873,6,0
1176b,4240,874,7,0
349b,4240,874,8,0
3164b,4240,875,9,0
1866b,4240,876,10,0
325b,4240,877,11,0
312b,4240,879,12,0
894b,4240,880,13,0
3969b,4240,881,14,0
1226b,4240,883,15,0
6571b,4240,883,16,0
5319b,4240,885,17,0
5321b,4240,888,18,0
2501b,4240,888,19,0
381b,4240,889,20,0
982b,4240,889,21,0
3091b,4240,890,22,0
897b,4240,891,23,0
5331b,4240,893,24,0
5329b,4240,893,25,0
5328b,4240,894,26,0
3092b,4240,895,27,0
2993b,4240,896,28,0
3094b,4240,897,29,0
709b,4240,897,30,0
1411b,4240,898,31,0
605b,4240,898,32,0
1110b,4240,899,33,0
3050b,4240,899,34,0
3052b,4240,900,35,0
4014b,4240,901,36,0
4016b,4240,901,37,0
6652b,4240,902,38,0
975b,4240,902,39,0
508b,4240,903,40,0
570b,4240,903,41,0
2024b,4240,904,42,0
3356b,4240,905,43,0
3272b,4240,905,44,0
3045b,4240,906,45,0
5334b,4240,907,46,0
4215b,4240,907,47,0
758b,4240,909,48,0
1162b,4240,909,49,0
151b,4240,911,50,0
4114b,4240,913,51,1
2631b,28742,720,1,0
2273b,28742,720,2,0
1234b,28742,721,3,0
6992b,28742,724,4,0
1537b,28742,727,5,0
3113b,28742,727,6,0
1176b,28742,729,7,0
349b,28742,729,8,0
3164b,28742,730,9,0
1866b,28742,731,10,0
325b,28742,732,11,0
312b,28742,734,12,0
894b,28742,735,13,0
3969b,28742,736,14,0
1226b,28742,738,15,0
6571b,28742,738,16,0
5319b,28742,741,17,0
5321b,28742,743,18,0
2501b,28742,743,19,0
381b,28742,744,20,0
982b,28742,744,21,0
3091b,28742,745,22,0
897b,28742,746,23,0
5331b,28742,748,24,0
5329b,28742,748,25,0
5328b,28742,749,26,0
3092b,28742,750,27,0
2993b,28742,751,28,0
3094b,28742,752,29,0
709b,28742,752,30,0
1411b,28742,753,31,0
605b,28742,753,32,0
1110b,28742,754,33,0
3050b,28742,754,34,0
3052b,28742,755,35,0
4014b,28742,756,36,0
4016b,28742,756,37,0
6652b,28742,757,38,0
975b,28742,757,39,0
508b,28742,758,40,0
570b,28742,758,41,0
2024b,28742,759,42,0
3356b,28742,760,43,0
3272b,28742,760,44,0
3045b,28742,761,45,0
5334b,28742,762,46,0
4215b,28742,762,47,0
758b,28742,763,48,0
1162b,28742,763,49,0
151b,28742,764,50,0
4114b,28742,765,51,1
2631b,2611,630,1,0
2273b,2611,630,2,0
1234b,2611,630,3,0
6992b,2611,631,4,0
1537b,2611,633,5,0
3113b,2611,633,6,0
1176b,2611,634,7,0
349b,2611,634,8,0
3164b,2611,635,9,0
1866b,2611,636,10,0
325b,2611,637,11,0
312b,2611,640,12,0
894b,2611,640,13,0
3969b,2611,641,14,0
1226b,2611,644,15,0
6571b,2611,644,16,0
5319b,2611,646,17,0
5321b,2611,648,18,0
2501b,2611,648,19,0
381b,2611,648,20,0
982b,2611,649,21,0
3091b,2611,649,22,0
897b,2611,650,23,0
5331b,2611,652,24,0
5329b,2611,652,25,0
5328b,2611,653,26,0
3092b,2611,654,27,0
2993b,2611,655,28,0
3094b,2611,655,29,0
709b,2611,656,30,0
1411b,2611,656,31,0
605b,2611,656,32,0
1110b,2611,657,33,0
3050b,2611,657,34,0
3052b,2611,658,35,0
4014b,2611,658,36,0
4016b,2611,659,37,0
6652b,2611,659,38,0
975b,2611,660,39,0
508b,2611,660,40,0
570b,2611,661,41,0
2024b,2611,661,42,0
3356b,2611,662,43,0
3272b,2611,662,44,0
3045b,2611,663,45,0
5334b,2611,664,46,0
4215b,2611,664,47,0
758b,2611,666,48,0
1162b,2611,666,49,0
151b,2611,668,50,0
4114b,2611,670,51,1
2631b,4315,540,1,0
2273b,4315,540,2,0
1234b,4315,540,3,0
6992b,4315,541,4,0
1537b,4315,543,5,0
3113b,4315,543,6,0
1176b,4315,544,7,0
349b,4315,544,8,0
3164b,4315,545,9,0
1866b,4315,546,10,0
325b,4315,547,11,0
312b,4315,549,12,0
894b,4315,550,13,0
3969b,4315,551,14,0
1226b,4315,553,15,0
6571b,4315,553,16,0
5319b,4315,555,17,0
5321b,4315,558,18,0
2501b,4315,558,19,0
381b,4315,559,20,0
982b,4315,559,21,0
3091b,4315,560,22,0
897b,4315,561,23,0
5331b,4315,563,24,0
5329b,4315,563,25,0
5328b,4315,564,26,0
3092b,4315,565,27,0
2993b,4315,566,28,0
3094b,4315,567,29,0
709b,4315,567,30,0
1411b,4315,568,31,0
605b,4315,568,32,0
1110b,4315,569,33,0
3050b,4315,569,34,0
3052b,4315,570,35,0
4014b,4315,571,36,0
4016b,4315,571,37,0
6652b,4315,572,38,0
975b,4315,572,39,0
508b,4315,573,40,0
570b,4315,573,41,0
2024b,4315,574,42,0
3356b,4315,575,43,0
3272b,4315,575,44,0
3045b,4315,576,45,0
5334b,4315,577,46,0
4215b,4315,577,47,0
758b,4315,579,48,0
1162b,4315,579,49,0
151b,4315,581,50,0
4114b,4315,583,51,1
2631b,26062,510,1,0
2273b,26062,510,2,0
1234b,26062,511,3,0
6992b,26062,515,4,0
1537b,26062,519,5,0
3113b,26062,519,6,0
1176b,26062,521,7,0
349b,26062,523,8,0
3164b,26062,525,9,0
1866b,26062,530,10,0
325b,26062,533,11,0
312b,26062,539,12,0
894b,26062,541,13,0
3969b,26062,543,14,0
1226b,26062,548,15,0
6571b,26062,549,16,0
5319b,26062,553,17,0
5321b,26062,556,18,0
2501b,26062,556,19,0
381b,26062,557,20,0
982b,26062,557,21,0
3091b,26062,558,22,0
897b,26062,559,23,0
5331b,26062,561,24,0
5329b,26062,561,25,0
5328b,26062,562,26,0
3092b,26062,563,27,0
2993b,26062,564,28,0
3094b,26062,565,29,0
709b,26062,565,30,0
1411b,26062,566,31,0
605b,26062,566,32,0
1110b,26062,567,33,0
3050b,26062,567,34,0
3052b,26062,568,35,0
4014b,26062,569,36,0
4016b,26062,569,37,0
6652b,26062,570,38,0
975b,26062,570,39,0
508b,26062,571,40,0
570b,26062,571,41,0
2024b,26062,572,42,0
3356b,26062,573,43,0
3272b,26062,573,44,0
3045b,26062,574,45,0
5334b,26062,575,46,0
4215b,26062,575,47,0
758b,26062,576,48,0
1162b,26062,576,49,0
151b,26062,577,50,0
4114b,26062,578,51,1
2631b,16776,1100,1,0
2273b,16776,1100,2,0
1234b,16776,1101,3,0
6992b,16776,1105,4,0
1537b,16776,1109,5,0
3113b,16776,1109,6,0
1176b,16776,1111,7,0
349b,16776,1112,8,0
3164b,16776,1114,9,0
1866b,16776,1118,10,0
325b,16776,1120,11,0
312b,16776,1125,12,0
894b,16776,1126,13,0
3969b,16776,1128,14,0
1226b,16776,1132,15,0
6571b,16776,1132,16,0
5319b,16776,1135,17,0
5321b,16776,1139,18,0
2501b,16776,1139,19,0
381b,16776,1140,20,0
982b,16776,1140,21,0
3091b,16776,1141,22,0
897b,16776,1142,23,0
5331b,16776,1144,24,0
5329b,16776,1144,25,0
5328b,16776,1145,26,0
3092b,16776,1146,27,0
2993b,16776,1147,28,0
3094b,16776,1148,29,0
709b,16776,1148,30,0
1411b,16776,1149,31,0
605b,16776,1149,32,0
1110b,16776,1150,33,0
3050b,16776,1150,34,0
3052b,16776,1151,35,0
4014b,16776,1152,36,0
4016b,16776,1152,37,0
6652b,16776,1153,38,0
975b,16776,1153,39,0
508b,16776,1154,40,0
570b,16776,1154,41,0
2024b,16776,1155,42,0
3356b,16776,1156,43,0
3272b,16776,1156,44,0
3045b,16776,1157,45,0
5334b,16776,1158,46,0
4215b,16776,1158,47,0
758b,16776,1159,48,0
1162b,16776,1159,49,0
151b,16776,1160,50,0
4114b,16776,1161,51,1
2631b,16733,990,1,0
2273b,16733,990,2,0
1234b,16733,990,3,0
6992b,16733,991,4,0
1537b,16733,993,5,0
3113b,16733,993,6,0
1176b,16733,994,7,0
349b,16733,994,8,0
3164b,16733,995,9,0
1866b,16733,996,10,0
325b,16733,997,11,0
312b,16733,999,12,0
894b,16733,1000,13,0
3969b,16733,1001,14,0
1226b,16733,1003,15,0
6571b,16733,1003,16,0
5319b,16733,1005,17,0
5321b,16733,1008,18,0
2501b,16733,1008,19,0
381b,16733,1009,20,0
982b,16733,1009,21,0
3091b,16733,1010,22,0
897b,16733,1011,23,0
5331b,16733,1013,24,0
5329b,16733,1013,25,0
5328b,16733,1014,26,0
3092b,16733,1015,27,0
2993b,16733,1016,28,0
3094b,16733,1017,29,0
709b,16733,1017,30,0
1411b,16733,1018,31,0
605b,16733,1018,32,0
1110b,16733,1019,33,0
3050b,16733,1019,34,0
3052b,16733,1020,35,0
4014b,16733,1021,36,0
4016b,16733,1021,37,0
6652b,16733,1022,38,0
975b,16733,1022,39,0
508b,16733,1023,40,0
570b,16733,1023,41,0
2024b,16733,1024,42,0
3356b,16733,1025,43,0
3272b,16733,1025,44,0
3045b,16733,1026,45,0
5334b,16733,1027,46,0
4215b,16733,1027,47,0
758b,16733,1029,48,0
1162b,16733,1029,49,0
151b,16733,1031,50,0
4114b,16733,1033,51,1
4114b,14877,870,1,0
1917b,14877,870,2,0
2020b,14877,871,3,0
961b,14877,872,4,0
3978b,14877,872,5,0
3979b,14877,874,6,0
3046b,14877,874,7,0
2036b,14877,875,8,0
2032b,14877,875,9,0
550b,14877,876,10,0
554b,14877,877,11,0
623b,14877,878,12,0
6651b,14877,878,13,0
4017b,14877,879,14,0
4015b,14877,879,15,0
3051b,14877,880,16,0
3049b,14877,881,17,0
1013b,14877,882,18,0
250b,14877,882,19,0
112b,14877,882,20,0
3095b,14877,882,21,0
1703b,14877,883,22,0
2497b,14877,883,23,0
1779b,14877,885,24,0
5327b,14877,885,25,0
5330b,14877,886,26,0
5332b,14877,886,27,0
1780b,14877,888,28,0
3090b,14877,889,29,0
1182b,14877,890,30,0
3089b,14877,890,31,0
3088b,14877,891,32,0
5322b,14877,892,33,0
5320b,14877,894,34,0
6572b,14877,895,35,0
1145b,14877,896,36,0
3970b,14877,898,37,0
984b,14877,899,38,0
16b,14877,900,39,0
667b,14877,904,40,0
5316b,14877,906,41,0
2594b,14877,906,42,0
1640b,14877,906,43,0
849b,14877,907,44,0
3114b,14877,907,45,0
3097b,14877,908,46,0
6692b,14877,908,47,0
1456b,14877,909,48,0
162b,14877,909,49,0
2456b,14877,912,50,0
2631b,14877,913,51,1
2631b,6293,1050,1,0
2273b,6293,1050,2,0
1234b,6293,1050,3,0
6992b,6293,1051,4,0
1537b,6293,1053,5,0
3113b,6293,1053,6,0
1176b,6293,1054,7,0
349b,6293,1054,8,0
3164b,6293,1055,9,0
1866b,6293,1056,10,0
325b,6293,1057,11,0
312b,6293,1059,12,0
894b,6293,1060,13,0
3969b,6293,1061,14,0
1226b,6293,1063,15,0
6571b,6293,1063,16,0
5319b,6293,1065,17,0
5321b,6293,1068,18,0
2501b,6293,1068,19,0
381b,6293,1069,20,0
982b,6293,1069,21,0
3091b,6293,1070,22,0
897b,6293,1071,23,0
5331b,6293,1073,24,0
5329b,6293,1073,25,0
5328b,6293,1074,26,0
3092b,6293,1075,27,0
2993b,6293,1076,28,0
3094b,6293,1077,29,0
709b,6293,1077,30,0
1411b,6293,1078,31,0
605b,6293,1078,32,0
1110b,6293,1079,33,0
3050b,6293,1079,34,0
3052b,6293,1080,35,0
4014b,6293,1081,36,0
4016b,6293,1081,37,0
6652b,6293,1082,38,0
975b,6293,1082,39,0
508b,6293,1083,40,0
570b,6293,1083,41,0
2024b,6293,1084,42,0
3356b,6293,1085,43,0
3272b,6293,1085,44,0
3045b,6293,1086,45,0
5334b,6293,1087,46,0
4215b,6293,1087,47,0
758b,6293,1089,48,0
1162b,6293,1089,49,0
151b,6293,1091,50,0
4114b,6293,1093,51,1
4114b,28615,810,1,0
1917b,28615,810,2,0
2020b,28615,811,3,0
961b,28615,812,4,0
3978b,28615,812,5,0
3979b,28615,814,6,0
3046b,28615,814,7,0
2036b,28615,815,8,0
2032b,28615,815,9,0
550b,28615,816,10,0
554b,28615,817,11,0
623b,28615,818,12,0
6651b,28615,818,13,0
4017b,28615,819,14,0
4015b,28615,819,15,0
3051b,28615,820,16,0
3049b,28615,821,17,0
1013b,28615,822,18,0
250b,28615,822,19,0
112b,28615,822,20,0
3095b,28615,822,21,0
1703b,28615,823,22,0
2497b,28615,823,23,0
1779b,28615,825,24,0
5327b,28615,825,25,0
5330b,28615,826,26,0
5332b,28615,826,27,0
1780b,28615,828,28,0
3090b,28615,829,29,0
1182b,28615,830,30,0
3089b,28615,830,31,0
3088b,28615,831,32,0
5322b,28615,832,33,0
5320b,28615,834,34,0
6572b,28615,835,35,0
1145b,28615,836,36,0
3970b,28615,838,37,0
984b,28615,839,38,0
16b,28615,840,39,0
667b,28615,844,40,0
5316b,28615,846,41,0
2594b,28615,846,42,0
1640b,28615,846,43,0
849b,28615,847,44,0
3114b,28615,847,45,0
3097b,28615,848,46,0
6692b,28615,848,47,0
1456b,28615,849,48,0
162b,28615,849,49,0
2456b,28615,852,50,0
2631b,28615,853,51,1
4114b,24297,1170,1,0
1917b,24297,1170,2,0
2020b,24297,1171,3,0
961b,24297,1172,4,0
3978b,24297,1172,5,0
3979b,24297,1174,6,0
3046b,24297,1174,7,0
2036b,24297,1175,8,0
2032b,24297,1175,9,0
550b,24297,1176,10,0
554b,24297,1177,11,0
623b,24297,1178,12,0
6651b,24297,1178,13,0
4017b,24297,1179,14,0
4015b,24297,1179,15,0
3051b,24297,1180,16,0
3049b,24297,1181,17,0
1013b,24297,1182,18,0
250b,24297,1182,19,0
112b,24297,1182,20,0
3095b,24297,1182,21,0
1703b,24297,1183,22,0
2497b,24297,1183,23,0
1779b,24297,1185,24,0
5327b,24297,1185,25,0
5330b,24297,1186,26,0
5332b,24297,1186,27,0
1780b,24297,1188,28,0
3090b,24297,1189,29,0
1182b,24297,1190,30,0
3089b,24297,1190,31,0
3088b,24297,1191,32,0
5322b,24297,1192,33,0
5320b,24297,1194,34,0
6572b,24297,1195,35,0
1145b,24297,1196,36,0
3970b,24297,1198,37,0
984b,24297,1199,38,0
16b,24297,1200,39,0
667b,24297,1204,40,0
5316b,24297,1206,41,0
2594b,24297,1206,42,0
1640b,24297,1206,43,0
849b,24297,1207,44,0
3114b,24297,1207,45,0
3097b,24297,1208,46,0
6692b,24297,1208,47,0
1456b,24297,1209,48,0
162b,24297,1209,49,0
2456b,24297,1212,50,0
2631b,24297,1213,51,1
4114b,14810,965,1,0
1917b,14810,965,2,0
2020b,14810,965,3,0
961b,14810,966,4,0
3978b,14810,966,5,0
3979b,14810,967,6,0
3046b,14810,967,7,0
2036b,14810,968,8,0
2032b,14810,968,9,0
550b,14810,969,10,0
554b,14810,970,11,0
623b,14810,971,12,0
6651b,14810,971,13,0
4017b,14810,972,14,0
4015b,14810,972,15,0
3051b,14810,973,16,0
3049b,14810,974,17,0
1013b,14810,975,18,0
250b,14810,975,19,0
112b,14810,976,20,0
3095b,14810,976,21,0
1703b,14810,977,22,0
2497b,14810,978,23,0
1779b,14810,981,24,0
5327b,14810,981,25,0
5330b,14810,982,26,0
5332b,14810,982,27,0
1780b,14810,985,28,0
3090b,14810,986,29,0
1182b,14810,987,30,0
3089b,14810,987,31,0
3088b,14810,988,32,0
5322b,14810,989,33,0
5320b,14810,991,34,0
6572b,14810,993,35,0
1145b,14810,995,36,0
3970b,14810,996,37,0
984b,14810,997,38,0
16b,14810,997,39,0
667b,14810,1000,40,0
5316b,14810,1013,41,0
2594b,14810,1014,42,0
1640b,14810,1014,43,0
849b,14810,1015,44,0
3114b,14810,1016,45,0
3097b,14810,1017,46,0
6692b,14810,1018,47,0
1456b,14810,1020,48,0
162b,14810,1021,49,0
2456b,14810,1025,50,0
2631b,14810,1030,51,1
2631b,16977,390,1,0
2273b,16977,390,2,0
1234b,16977,390,3,0
6992b,16977,392,4,0
1537b,16977,394,5,0
3113b,16977,394,6,0
1176b,16977,396,7,0
349b,16977,396,8,0
3164b,16977,396,9,0
1866b,16977,397,10,0
325b,16977,397,11,0
312b,16977,399,12,0
894b,16977,399,13,0
3969b,16977,399,14,0
1226b,16977,401,15,0
6571b,16977,401,16,0
5319b,16977,404,17,0
5321b,16977,406,18,0
2501b,16977,406,19,0
381b,16977,407,20,0
982b,16977,407,21,0
3091b,16977,408,22,0
897b,16977,409,23,0
5331b,16977,411,24,0
5329b,16977,411,25,0
5328b,16977,412,26,0
3092b,16977,413,27,0
2993b,16977,414,28,0
3094b,16977,415,29,0
709b,16977,415,30,0
1411b,16977,416,31,0
605b,16977,416,32,0
1110b,16977,417,33,0
3050b,16977,417,34,0
3052b,16977,418,35,0
4014b,16977,419,36,0
4016b,16977,419,37,0
6652b,16977,420,38,0
975b,16977,420,39,0
508b,16977,421,40,0
570b,16977,421,41,0
2024b,16977,422,42,0
3356b,16977,423,43,0
3272b,16977,423,44,0
3045b,16977,424,45,0
5334b,16977,425,46,0
4215b,16977,425,47,0
758b,16977,426,48,0
1162b,16977,426,49,0
151b,16977,426,50,0
4114b,16977,427,51,1
2631b,6492,410,1,0
2273b,6492,410,2,0
1234b,6492,410,3,0
6992b,6492,412,4,0
1537b,6492,414,5,0
3113b,6492,414,6,0
1176b,6492,416,7,0
349b,6492,416,8,0
3164b,6492,416,9,0
1866b,6492,417,10,0
325b,6492,417,11,0
312b,6492,419,12,0
894b,6492,419,13,0
3969b,6492,419,14,0
1226b,6492,421,15,0
6571b,6492,422,16,0
5319b,6492,426,17,0
5321b,6492,429,18,0
2501b,6492,429,19,0
381b,6492,430,20,0
982b,6492,430,21,0
3091b,6492,431,22,0
897b,6492,432,23,0
5331b,6492,434,24,0
5329b,6492,434,25,0
5328b,6492,435,26,0
3092b,6492,436,27,0
2993b,6492,437,28,0
3094b,6492,438,29,0
709b,6492,438,30,0
1411b,6492,439,31,0
605b,6492,439,32,0
1110b,6492,440,33,0
3050b,6492,440,34,0
3052b,6492,441,35,0
4014b,6492,442,36,0
4016b,6492,442,37,0
6652b,6492,443,38,0
975b,6492,443,39,0
508b,6492,444,40,0
570b,6492,444,41,0
2024b,6492,445,42,0
3356b,6492,446,43,0
3272b,6492,446,44,0
3045b,6492,447,45,0
5334b,6492,448,46,0
4215b,6492,448,47,0
758b,6492,449,48,0
1162b,6492,449,49,0
151b,6492,449,50,0
4114b,6492,450,51,1
4114b,28293,1140,1,0
1917b,28293,1140,2,0
2020b,28293,1140,3,0
961b,28293,1141,4,0
3978b,28293,1141,5,0
3979b,28293,1142,6,0
3046b,28293,1142,7,0
2036b,28293,1143,8,0
2032b,28293,1143,9,0
550b,28293,1144,10,0
554b,28293,1145,11,0
623b,28293,1146,12,0
6651b,28293,1146,13,0
4017b,28293,1147,14,0
4015b,28293,1147,15,0
3051b,28293,1148,16,0
3049b,28293,1149,17,0
1013b,28293,1150,18,0
250b,28293,1150,19,0
112b,28293,1150,20,0
3095b,28293,1151,21,0
1703b,28293,1152,22,0
2497b,28293,1153,23,0
1779b,28293,1155,24,0
5327b,28293,1155,25,0
5330b,28293,1156,26,0
5332b,28293,1156,27,0
1780b,28293,1158,28,0
3090b,28293,1159,29,0
1182b,28293,1160,30,0
3089b,28293,1160,31,0
3088b,28293,1161,32,0
5322b,28293,1162,33,0
5320b,28293,1164,34,0
6572b,28293,1165,35,0
1145b,28293,1166,36,0
3970b,28293,1167,37,0
984b,28293,1167,38,0
16b,28293,1168,39,0
667b,28293,1170,40,0
5316b,28293,1174,41,0
2594b,28293,1174,42,0
1640b,28293,1174,43,0
849b,28293,1175,44,0
3114b,28293,1175,45,0
3097b,28293,1176,46,0
6692b,28293,1177,47,0
1456b,28293,1178,48,0
162b,28293,1178,49,0
2456b,28293,1180,50,0
2631b,28293,1185,51,1
2631b,28228,1000,1,0
2273b,28228,1000,2,0
1234b,28228,1001,3,0
6992b,28228,1005,4,0
1537b,28228,1009,5,0
3113b,28228,1009,6,0
1176b,28228,1011,7,0
349b,28228,1013,8,0
3164b,28228,1015,9,0
1866b,28228,1020,10,0
325b,28228,1023,11,0
312b,28228,1029,12,0
894b,28228,1031,13,0
3969b,28228,1033,14,0
1226b,28228,1038,15,0
6571b,28228,1039,16,0
5319b,28228,1043,17,0
5321b,28228,1048,18,0
2501b,28228,1048,19,0
381b,28228,1049,20,0
982b,28228,1049,21,0
3091b,28228,1050,22,0
897b,28228,1051,23,0
5331b,28228,1053,24,0
5329b,28228,1053,25,0
5328b,28228,1054,26,0
3092b,28228,1055,27,0
2993b,28228,1056,28,0
3094b,28228,1057,29,0
709b,28228,1057,30,0
1411b,28228,1058,31,0
605b,28228,1058,32,0
1110b,28228,1059,33,0
3050b,28228,1059,34,0
3052b,28228,1060,35,0
4014b,28228,1061,36,0
4016b,28228,1061,37,0
6652b,28228,1062,38,0
975b,28228,1062,39,0
508b,28228,1063,40,0
570b,28228,1063,41,0
2024b,28228,1064,42,0
3356b,28228,1065,43,0
3272b,28228,1065,44,0
3045b,28228,1066,45,0
5334b,28228,1067,46,0
4215b,28228,1067,47,0
758b,28228,1068,48,0
1162b,28228,1068,49,0
151b,28228,1069,50,0
4114b,28228,1070,51,1
2631b,28145,1035,1,0
2273b,28145,1035,2,0
1234b,28145,1036,3,0
6992b,28145,1040,4,0
1537b,28145,1044,5,0
3113b,28145,1044,6,0
1176b,28145,1046,7,0
349b,28145,1048,8,0
3164b,28145,1050,9,0
1866b,28145,1055,10,0
325b,28145,1058,11,0
312b,28145,1064,12,0
894b,28145,1066,13,0
3969b,28145,1068,14,0
1226b,28145,1073,15,0
6571b,28145,1074,16,0
5319b,28145,1078,17,0
5321b,28145,1083,18,0
2501b,28145,1083,19,0
381b,28145,1084,20,0
982b,28145,1084,21,0
3091b,28145,1085,22,0
897b,28145,1086,23,0
5331b,28145,1088,24,0
5329b,28145,1088,25,0
5328b,28145,1089,26,0
3092b,28145,1090,27,0
2993b,28145,1091,28,0
3094b,28145,1092,29,0
709b,28145,1092,30,0
1411b,28145,1093,31,0
605b,28145,1093,32,0
1110b,28145,1094,33,0
3050b,28145,1094,34,0
3052b,28145,1095,35,0
4014b,28145,1096,36,0
4016b,28145,1096,37,0
6652b,28145,1097,38,0
975b,28145,1097,39,0
508b,28145,1098,40,0
570b,28145,1098,41,0
2024b,28145,1099,42,0
3356b,28145,1100,43,0
3272b,28145,1100,44,0
3045b,28145,1101,45,0
5334b,28145,1102,46,0
4215b,28145,1102,47,0
758b,28145,1103,48,0
1162b,28145,1103,49,0
151b,28145,1104,50,0
4114b,28145,1105,51,1
4114b,14322,600,1,0
1917b,14322,600,2,0
2020b,14322,601,3,0
961b,14322,602,4,0
3978b,14322,602,5,0
3979b,14322,604,6,0
3046b,14322,604,7,0
2036b,14322,605,8,0
2032b,14322,605,9,0
550b,14322,606,10,0
554b,14322,607,11,0
623b,14322,608,12,0
6651b,14322,608,13,0
4017b,14322,609,14,0
4015b,14322,609,15,0
3051b,14322,610,16,0
3049b,14322,611,17,0
1013b,14322,612,18,0
250b,14322,612,19,0
112b,14322,612,20,0
3095b,14322,612,21,0
1703b,14322,613,22,0
2497b,14322,613,23,0
1779b,14322,615,24,0
5327b,14322,615,25,0
5330b,14322,616,26,0
5332b,14322,616,27,0
1780b,14322,618,28,0
3090b,14322,619,29,0
1182b,14322,620,30,0
3089b,14322,620,31,0
3088b,14322,621,32,0
5322b,14322,622,33,0
5320b,14322,624,34,0
6572b,14322,625,35,0
1145b,14322,626,36,0
3970b,14322,628,37,0
984b,14322,629,38,0
16b,14322,630,39,0
667b,14322,634,40,0
5316b,14322,636,41,0
2594b,14322,636,42,0
1640b,14322,636,43,0
849b,14322,637,44,0
3114b,14322,637,45,0
3097b,14322,638,46,0
6692b,14322,638,47,0
1456b,14322,639,48,0
162b,14322,639,49,0
2456b,14322,642,50,0
2631b,14322,643,51,1
4114b,6555,810,1,0
1917b,6555,810,2,0
2020b,6555,810,3,0
961b,6555,811,4,0
3978b,6555,811,5,0
3979b,6555,812,6,0
3046b,6555,812,7,0
2036b,6555,813,8,0
2032b,6555,813,9,0
550b,6555,814,10,0
554b,6555,815,11,0
623b,6555,816,12,0
6651b,6555,816,13,0
4017b,6555,817,14,0
4015b,6555,817,15,0
3051b,6555,818,16,0
3049b,6555,819,17,0
1013b,6555,820,18,0
250b,6555,820,19,0
112b,6555,820,20,0
3095b,6555,821,21,0
1703b,6555,822,22,0
2497b,6555,823,23,0
1779b,6555,825,24,0
5327b,6555,825,25,0
5330b,6555,826,26,0
5332b,6555,826,27,0
1780b,6555,828,28,0
3090b,6555,829,29,0
1182b,6555,830,30,0
3089b,6555,830,31,0
3088b,6555,831,32,0
5322b,6555,832,33,0
5320b,6555,834,34,0
6572b,6555,835,35,0
1145b,6555,836,36,0
3970b,6555,837,37,0
984b,6555,837,38,0
16b,6555,838,39,0
667b,6555,840,40,0
5316b,6555,844,41,0
2594b,6555,844,42,0
1640b,6555,844,43,0
849b,6555,845,44,0
3114b,6555,845,45,0
3097b,6555,846,46,0
6692b,6555,847,47,0
1456b,6555,848,48,0
162b,6555,848,49,0
2456b,6555,850,50,0
2631b,6555,855,51,1
2631b,6579,780,1,0
2273b,6579,780,2,0
1234b,6579,780,3,0
6992b,6579,781,4,0
1537b,6579,783,5,0
3113b,6579,783,6,0
1176b,6579,784,7,0
349b,6579,784,8,0
3164b,6579,785,9,0
1866b,6579,786,10,0
325b,6579,787,11,0
312b,6579,789,12,0
894b,6579,790,13,0
3969b,6579,791,14,0
1226b,6579,793,15,0
6571b,6579,793,16,0
5319b,6579,795,17,0
5321b,6579,798,18,0
2501b,6579,798,19,0
381b,6579,799,20,0
982b,6579,799,21,0
3091b,6579,800,22,0
897b,6579,801,23,0
5331b,6579,803,24,0
5329b,6579,803,25,0
5328b,6579,804,26,0
3092b,6579,805,27,0
2993b,6579,806,28,0
3094b,6579,807,29,0
709b,6579,807,30,0
1411b,6579,808,31,0
605b,6579,808,32,0
1110b,6579,809,33,0
3050b,6579,809,34,0
3052b,6579,810,35,0
4014b,6579,811,36,0
4016b,6579,811,37,0
6652b,6579,812,38,0
975b,6579,812,39,0
508b,6579,813,40,0
570b,6579,813,41,0
2024b,6579,814,42,0
3356b,6579,815,43,0
3272b,6579,815,44,0
3045b,6579,816,45,0
5334b,6579,817,46,0
4215b,6579,817,47,0
758b,6579,819,48,0
1162b,6579,819,49,0
151b,6579,821,50,0
4114b,6579,823,51,1
