arret_id,trajet_id,heure_depart,stop_sequence,terminus
4215b,22523,800,1,0
3043b,22523,802,2,0
4950b,22523,812,3,0
4220b,22523,816,4,0
4218b,22523,816,5,0
3066b,22523,816,6,0
3068b,22523,817,7,0
2535b,22523,817,8,0
2051b,22523,818,9,0
3070b,22523,818,10,0
3072b,22523,819,11,0
2585b,22523,820,12,0
3075b,22523,820,13,0
5553b,22523,821,14,0
3086b,22523,822,15,0
5189b,22523,824,16,0
3082b,22523,825,17,0
5187b,22523,826,18,0
3085b,22523,828,19,0
5185b,22523,829,20,0
3077b,22523,830,21,1
3077b,24778,390,1,0
5186b,24778,390,2,0
3087b,24778,391,3,0
5188b,24778,392,4,0
3076b,24778,393,5,0
5190b,24778,395,6,0
3079b,24778,397,7,0
5554b,24778,398,8,0
3080b,24778,399,9,0
217b,24778,400,10,0
3071b,24778,400,11,0
1894b,24778,401,12,0
2224b,24778,401,13,0
2636b,24778,402,14,0
960b,24778,402,15,0
3835b,24778,403,16,0
996b,24778,404,17,0
5334b,24778,408,18,0
4009b,24778,411,19,0
3987b,24778,417,20,0
2982b,24778,421,21,0
2980b,24778,422,22,0
3026b,24778,422,23,0
1760b,24778,424,24,0
2976b,24778,427,25,0
2974b,24778,428,26,0
2972b,24778,430,27,0
221b,24778,432,28,0
2423b,24778,437,29,0
4860b,24778,438,30,0
3560b,24778,441,31,0
3647b,24778,442,32,0
4157b,24778,443,33,1
4215b,12864,1100,1,0
3043b,12864,1102,2,0
4220b,12864,1109,3,0
4218b,12864,1109,4,0
3066b,12864,1109,5,0
3068b,12864,1110,6,0
2535b,12864,1110,7,0
2051b,12864,1111,8,0
3070b,12864,1111,9,0
3072b,12864,1112,10,0
2585b,12864,1113,11,0
3075b,12864,1113,12,0
5553b,12864,1114,13,0
3086b,12864,1115,14,0
5189b,12864,1116,15,0
3082b,12864,1118,16,0
5187b,12864,1119,17,0
3085b,12864,1120,18,0
5185b,12864,1121,19,0
3077b,12864,1122,20,1
4157b,22086,918,1,0
3648b,22086,921,2,0
6701b,22086,924,3,0
2411b,22086,926,4,0
2412b,22086,929,5,0
3500b,22086,931,6,0
2973b,22086,932,7,0
2975b,22086,935,8,0
1944b,22086,941,9,0
2908b,22086,944,10,0
2979b,22086,946,11,0
2517b,22086,949,12,0
3986b,22086,952,13,0
892b,22086,962,14,0
3979b,22086,966,15,0
4950b,22086,975,16,0
4220b,22086,979,17,0
4218b,22086,979,18,0
3066b,22086,979,19,0
3068b,22086,980,20,0
2535b,22086,980,21,0
2051b,22086,981,22,0
3070b,22086,981,23,0
3072b,22086,982,24,0
2585b,22086,983,25,0
3075b,22086,983,26,0
5553b,22086,984,27,0
3086b,22086,985,28,0
5189b,22086,987,29,0
3082b,22086,988,30,0
5187b,22086,989,31,0
3085b,22086,991,32,0
5185b,22086,992,33,0
3077b,22086,993,34,1
4157b,29106,590,1,0
3648b,29106,593,2,0
6701b,29106,596,3,0
2411b,29106,597,4,0
2412b,29106,600,5,0
3500b,29106,601,6,0
2973b,29106,602,7,0
2975b,29106,605,8,0
1944b,29106,610,9,0
2908b,29106,612,10,0
2979b,29106,614,11,0
2517b,29106,616,12,0
3986b,29106,619,13,0
892b,29106,629,14,0
3979b,29106,633,15,0
4950b,29106,641,16,0
4220b,29106,645,17,0
4218b,29106,645,18,0
3066b,29106,645,19,0
3068b,29106,646,20,0
2535b,29106,646,21,0
2051b,29106,647,22,0
3070b,29106,647,23,0
3072b,29106,648,24,0
2585b,29106,649,25,0
3075b,29106,649,26,0
5553b,29106,650,27,0
3086b,29106,651,28,0
5189b,29106,653,29,0
3082b,29106,654,30,0
5187b,29106,655,31,0
3085b,29106,657,32,0
5185b,29106,658,33,0
3077b,29106,659,34,1
3077b,24938,410,1,0
5186b,24938,410,2,0
3087b,24938,411,3,0
5188b,24938,412,4,0
3076b,24938,413,5,0
5190b,24938,415,6,0
3079b,24938,417,7,0
5554b,24938,418,8,0
3080b,24938,419,9,0
217b,24938,420,10,0
3071b,24938,420,11,0
1894b,24938,421,12,0
2224b,24938,421,13,0
2636b,24938,422,14,0
960b,24938,422,15,0
3835b,24938,423,16,0
996b,24938,424,17,0
5334b,24938,428,18,0
4009b,24938,431,19,0
3987b,24938,438,20,0
2982b,24938,442,21,0
2980b,24938,443,22,0
3026b,24938,444,23,0
1760b,24938,446,24,0
2976b,24938,451,25,0
2974b,24938,453,26,0
2972b,24938,455,27,0
221b,24938,458,28,0
2423b,24938,464,29,0
4860b,24938,466,30,0
3560b,24938,470,31,0
3647b,24938,472,32,0
4157b,24938,473,33,1
3077b,2032,590,1,0
5186b,2032,590,2,0
3087b,2032,591,3,0
5188b,2032,592,4,0
3076b,2032,593,5,0
5190b,2032,595,6,0
3079b,2032,597,7,0
5554b,2032,598,8,0
3080b,2032,599,9,0
217b,2032,600,10,0
3071b,2032,600,11,0
1894b,2032,601,12,0
2224b,2032,601,13,0
2636b,2032,602,14,0
960b,2032,602,15,0
3835b,2032,603,16,0
996b,2032,604,17,0
4950b,2032,608,18,0
5334b,2032,615,19,0
4009b,2032,619,20,0
3987b,2032,627,21,0
2982b,2032,631,22,0
2980b,2032,632,23,0
3026b,2032,633,24,0
1760b,2032,635,25,0
2976b,2032,640,26,0
2974b,2032,642,27,0
2972b,2032,645,28,0
221b,2032,648,29,0
2423b,2032,655,30,0
4860b,2032,656,31,0
3560b,2032,661,32,0
3647b,2032,663,33,0
4157b,2032,664,34,1
4215b,21881,720,1,0
3043b,21881,722,2,0
4220b,21881,729,3,0
4218b,21881,729,4,0
3066b,21881,729,5,0
3068b,21881,730,6,0
2535b,21881,730,7,0
2051b,21881,731,8,0
3070b,21881,731,9,0
3072b,21881,732,10,0
2585b,21881,733,11,0
3075b,21881,733,12,0
5553b,21881,734,13,0
3086b,21881,735,14,0
5189b,21881,736,15,0
3082b,21881,738,16,0
5187b,21881,739,17,0
3085b,21881,740,18,0
5185b,21881,741,19,0
3077b,21881,742,20,1
4157b,5887,1032,1,0
3648b,5887,1035,2,0
6701b,5887,1039,3,0
2411b,5887,1041,4,0
2412b,5887,1045,5,0
3500b,5887,1046,6,0
2973b,5887,1047,7,0
2975b,5887,1051,8,0
1944b,5887,1058,9,0
2908b,5887,1061,10,0
2979b,5887,1064,11,0
2517b,5887,1067,12,0
3986b,5887,1070,13,0
892b,5887,1080,14,0
3979b,5887,1084,15,0
4950b,5887,1093,16,0
4220b,5887,1097,17,0
4218b,5887,1097,18,0
3066b,5887,1097,19,0
3068b,5887,1098,20,0
2535b,5887,1098,21,0
2051b,5887,1099,22,0
3070b,5887,1099,23,0
3072b,5887,1100,24,0
2585b,5887,1101,25,0
3075b,5887,1101,26,0
5553b,5887,1102,27,0
3086b,5887,1103,28,0
5189b,5887,1105,29,0
3082b,5887,1106,30,0
5187b,5887,1107,31,0
3085b,5887,1109,32,0
5185b,5887,1110,33,0
3077b,5887,1111,34,1
3077b,15344,1120,1,0
5186b,15344,1120,2,0
3087b,15344,1121,3,0
5188b,15344,1122,4,0
3076b,15344,1123,5,0
5190b,15344,1125,6,0
3079b,15344,1127,7,0
5554b,15344,1128,8,0
3080b,15344,1129,9,0
217b,15344,1130,10,0
3071b,15344,1130,11,0
1894b,15344,1131,12,0
2224b,15344,1131,13,0
2636b,15344,1132,14,0
960b,15344,1132,15,0
3835b,15344,1133,16,0
996b,15344,1134,17,0
4950b,15344,1138,18,0
5334b,15344,1149,19,0
4215b,15344,1150,20,1
3077b,27443,1000,1,0
5186b,27443,1000,2,0
3087b,27443,1001,3,0
5188b,27443,1002,4,0
3076b,27443,1003,5,0
5190b,27443,1005,6,0
3079b,27443,1007,7,0
5554b,27443,1008,8,0
3080b,27443,1009,9,0
217b,27443,1010,10,0
3071b,27443,1010,11,0
1894b,27443,1011,12,0
2224b,27443,1011,13,0
2636b,27443,1012,14,0
960b,27443,1012,15,0
3835b,27443,1013,16,0
996b,27443,1014,17,0
4950b,27443,1018,18,0
5334b,27443,1026,19,0
4009b,27443,1030,20,0
3987b,27443,1039,21,0
2982b,27443,1043,22,0
2980b,27443,1044,23,0
3026b,27443,1046,24,0
1760b,27443,1048,25,0
2976b,27443,1053,26,0
2974b,27443,1055,27,0
2972b,27443,1058,28,0
221b,27443,1061,29,0
2423b,27443,1069,30,0
4860b,27443,1071,31,0
3560b,27443,1076,32,0
3647b,27443,1078,33,0
4157b,27443,1079,34,1
4157b,1076,972,1,0
3648b,1076,975,2,0
6701b,1076,979,3,0
2411b,1076,981,4,0
2412b,1076,985,5,0
3500b,1076,986,6,0
2973b,1076,987,7,0
2975b,1076,991,8,0
1944b,1076,998,9,0
2908b,1076,1001,10,0
2979b,1076,1004,11,0
2517b,1076,1007,12,0
3986b,1076,1010,13,0
892b,1076,1020,14,0
3979b,1076,1024,15,0
4950b,1076,1033,16,0
4220b,1076,1037,17,0
4218b,1076,1037,18,0
3066b,1076,1037,19,0
3068b,1076,1038,20,0
2535b,1076,1038,21,0
2051b,1076,1039,22,0
3070b,1076,1039,23,0
3072b,1076,1040,24,0
2585b,1076,1041,25,0
3075b,1076,1041,26,0
5553b,1076,1042,27,0
3086b,1076,1043,28,0
5189b,1076,1045,29,0
3082b,1076,1046,30,0
5187b,1076,1047,31,0
3085b,1076,1049,32,0
5185b,1076,1050,33,0
3077b,1076,1051,34,1
3077b,13442,770,1,0
5186b,13442,770,2,0
3087b,13442,771,3,0
5188b,13442,772,4,0
3076b,13442,773,5,0
5190b,13442,775,6,0
3079b,13442,777,7,0
5554b,13442,778,8,0
3080b,13442,779,9,0
217b,13442,780,10,0
3071b,13442,780,11,0
1894b,13442,781,12,0
2224b,13442,781,13,0
2636b,13442,782,14,0
960b,13442,782,15,0
3835b,13442,783,16,0
996b,13442,784,17,0
4950b,13442,788,18,0
5334b,13442,798,19,0
4215b,13442,799,20,1
3077b,7400,395,1,0
5186b,7400,395,2,0
3087b,7400,396,3,0
5188b,7400,397,4,0
3076b,7400,398,5,0
5190b,7400,399,6,0
3079b,7400,401,7,0
5554b,7400,402,8,0
3080b,7400,403,9,0
217b,7400,404,10,0
3071b,7400,404,11,0
1894b,7400,405,12,0
2224b,7400,405,13,0
2636b,7400,406,14,0
960b,7400,406,15,0
3835b,7400,407,16,0
996b,7400,408,17,0
5334b,7400,414,18,0
4215b,7400,415,19,1
4157b,23850,495,1,0
3648b,23850,498,2,0
6701b,23850,501,3,0
2411b,23850,502,4,0
2412b,23850,505,5,0
3500b,23850,506,6,0
2973b,23850,507,7,0
2975b,23850,510,8,0
1944b,23850,515,9,0
2908b,23850,517,10,0
2979b,23850,519,11,0
2517b,23850,521,12,0
3986b,23850,524,13,0
892b,23850,534,14,0
3979b,23850,538,15,0
4950b,23850,547,16,0
4220b,23850,551,17,0
4218b,23850,551,18,0
3066b,23850,551,19,0
3068b,23850,552,20,0
2535b,23850,552,21,0
2051b,23850,553,22,0
3070b,23850,553,23,0
3072b,23850,554,24,0
2585b,23850,555,25,0
3075b,23850,555,26,0
5553b,23850,556,27,0
3086b,23850,557,28,0
5189b,23850,559,29,0
3082b,23850,560,30,0
5187b,23850,561,31,0
3085b,23850,563,32,0
5185b,23850,564,33,0
3077b,23850,565,34,1
4215b,23799,895,1,0
3043b,23799,897,2,0
4950b,23799,907,3,0
4220b,23799,911,4,0
4218b,23799,911,5,0
3066b,23799,911,6,0
3068b,23799,912,7,0
2535b,23799,912,8,0
2051b,23799,913,9,0
3070b,23799,913,10,0
3072b,23799,914,11,0
2585b,23799,915,12,0
3075b,23799,915,13,0
5553b,23799,916,14,0
3086b,23799,917,15,0
5189b,23799,919,16,0
3082b,23799,920,17,0
5187b,23799,921,18,0
3085b,23799,923,19,0
5185b,23799,924,20,0
3077b,23799,925,21,1
3077b,23137,830,1,0
5186b,23137,830,2,0
3087b,23137,831,3,0
5188b,23137,832,4,0
3076b,23137,833,5,0
5190b,23137,835,6,0
3079b,23137,837,7,0
5554b,23137,838,8,0
3080b,23137,839,9,0
217b,23137,840,10,0
3071b,23137,840,11,0
1894b,23137,841,12,0
2224b,23137,841,13,0
2636b,23137,842,14,0
960b,23137,842,15,0
3835b,23137,843,16,0
996b,23137,844,17,0
4950b,23137,848,18,0
5334b,23137,858,19,0
4215b,23137,859,20,1
4215b,13691,780,1,0
3043b,13691,782,2,0
4220b,13691,789,3,0
4218b,13691,789,4,0
3066b,13691,789,5,0
3068b,13691,790,6,0
2535b,13691,790,7,0
2051b,13691,791,8,0
3070b,13691,791,9,0
3072b,13691,792,10,0
2585b,13691,793,11,0
3075b,13691,793,12,0
5553b,13691,794,13,0
3086b,13691,795,14,0
5189b,13691,796,15,0
3082b,13691,798,16,0
5187b,13691,799,17,0
3085b,13691,800,18,0
5185b,13691,801,19,0
3077b,13691,802,20,1
3077b,11584,445,1,0
5186b,11584,445,2,0
3087b,11584,446,3,0
5188b,11584,447,4,0
3076b,11584,448,5,0
5190b,11584,450,6,0
3079b,11584,452,7,0
5554b,11584,453,8,0
3080b,11584,454,9,0
217b,11584,455,10,0
3071b,11584,455,11,0
1894b,11584,456,12,0
2224b,11584,456,13,0
2636b,11584,457,14,0
960b,11584,457,15,0
3835b,11584,458,16,0
996b,11584,459,17,0
4950b,11584,464,18,0
5334b,11584,472,19,0
4009b,11584,476,20,0
3987b,11584,483,21,0
2982b,11584,487,22,0
2980b,11584,488,23,0
3026b,11584,489,24,0
1760b,11584,491,25,0
2976b,11584,496,26,0
2974b,11584,498,27,0
2972b,11584,500,28,0
221b,11584,503,29,0
2423b,11584,509,30,0
4860b,11584,511,31,0
3560b,11584,515,32,0
3647b,11584,517,33,0
4157b,11584,518,34,1
4215b,3097,980,1,0
3043b,3097,982,2,0
4220b,3097,989,3,0
4218b,3097,989,4,0
3066b,3097,989,5,0
3068b,3097,990,6,0
2535b,3097,990,7,0
2051b,3097,991,8,0
3070b,3097,991,9,0
3072b,3097,992,10,0
2585b,3097,993,11,0
3075b,3097,993,12,0
5553b,3097,994,13,0
3086b,3097,995,14,0
5189b,3097,996,15,0
3082b,3097,998,16,0
5187b,3097,999,17,0
3085b,3097,1000,18,0
5185b,3097,1001,19,0
3077b,3097,1002,20,1
4215b,20655,1040,1,0
3043b,20655,1042,2,0
4220b,20655,1049,3,0
4218b,20655,1049,4,0
3066b,20655,1049,5,0
3068b,20655,1050,6,0
2535b,20655,1050,7,0
2051b,20655,1051,8,0
3070b,20655,1051,9,0
3072b,20655,1052,10,0
2585b,20655,1053,11,0
3075b,20655,1053,12,0
5553b,20655,1054,13,0
3086b,20655,1055,14,0
5189b,20655,1056,15,0
3082b,20655,1058,16,0
5187b,20655,1059,17,0
3085b,20655,1060,18,0
5185b,20655,1061,19,0
3077b,20655,1062,20,1
3077b,28721,570,1,0
5186b,28721,570,2,0
3087b,28721,571,3,0
5188b,28721,572,4,0
3076b,28721,573,5,0
5190b,28721,574,6,0
3079b,28721,576,7,0
5554b,28721,577,8,0
3080b,28721,578,9,0
217b,28721,579,10,0
3071b,28721,579,11,0
1894b,28721,580,12,0
2224b,28721,580,13,0
2636b,28721,581,14,0
960b,28721,581,15,0
3835b,28721,582,16,0
996b,28721,583,17,0
5334b,28721,590,18,0
4215b,28721,591,19,1
3077b,16666,750,1,0
5186b,16666,750,2,0
3087b,16666,751,3,0
5188b,16666,752,4,0
3076b,16666,753,5,0
5190b,16666,754,6,0
3079b,16666,756,7,0
5554b,16666,757,8,0
3080b,16666,758,9,0
217b,16666,759,10,0
3071b,16666,759,11,0
1894b,16666,760,12,0
2224b,16666,760,13,0
2636b,16666,761,14,0
960b,16666,761,15,0
3835b,16666,762,16,0
996b,16666,763,17,0
5334b,16666,770,18,0
4215b,16666,771,19,1
4157b,754,1087,1,0
3648b,754,1090,2,0
6701b,754,1094,3,0
2411b,754,1096,4,0
2412b,754,1100,5,0
3500b,754,1101,6,0
2973b,754,1102,7,0
2975b,754,1106,8,0
1944b,754,1113,9,0
2908b,754,1116,10,0
2979b,754,1119,11,0
2517b,754,1122,12,0
3986b,754,1125,13,0
892b,754,1135,14,0
3979b,754,1139,15,0
4220b,754,1144,16,0
4218b,754,1144,17,0
3066b,754,1144,18,0
3068b,754,1145,19,0
2535b,754,1145,20,0
2051b,754,1146,21,0
3070b,754,1146,22,0
3072b,754,1147,23,0
2585b,754,1148,24,0
3075b,754,1148,25,0
5553b,754,1149,26,0
3086b,754,1150,27,0
5189b,754,1152,28,0
3082b,754,1153,29,0
5187b,754,1154,30,0
3085b,754,1156,31,0
5185b,754,1157,32,0
3077b,754,1158,33,1
3077b,4412,1060,1,0
5186b,4412,1060,2,0
3087b,4412,1061,3,0
5188b,4412,1062,4,0
3076b,4412,1063,5,0
5190b,4412,1065,6,0
3079b,4412,1067,7,0
5554b,4412,1068,8,0
3080b,4412,1069,9,0
217b,4412,1070,10,0
3071b,4412,1070,11,0
1894b,4412,1071,12,0
2224b,4412,1071,13,0
2636b,4412,1072,14,0
960b,4412,1072,15,0
3835b,4412,1073,16,0
996b,4412,1074,17,0
4950b,4412,1078,18,0
5334b,4412,1086,19,0
4009b,4412,1090,20,0
3987b,4412,1099,21,0
2982b,4412,1103,22,0
2980b,4412,1104,23,0
3026b,4412,1106,24,0
1760b,4412,1108,25,0
2976b,4412,1113,26,0
2974b,4412,1115,27,0
2972b,4412,1118,28,0
221b,4412,1121,29,0
2423b,4412,1129,30,0
4860b,4412,1131,31,0
3560b,4412,1136,32,0
3647b,4412,1138,33,0
4157b,4412,1139,34,1
3077b,26029,450,1,0
5186b,26029,450,2,0
3087b,26029,451,3,0
5188b,26029,452,4,0
3076b,26029,453,5,0
5190b,26029,454,6,0
3079b,26029,456,7,0
5554b,26029,457,8,0
3080b,26029,458,9,0
217b,26029,459,10,0
3071b,26029,459,11,0
1894b,26029,460,12,0
2224b,26029,460,13,0
2636b,26029,461,14,0
960b,26029,461,15,0
3835b,26029,462,16,0
996b,26029,463,17,0
5334b,26029,472,18,0
4215b,26029,473,19,1
3077b,16539,670,1,0
5186b,16539,670,2,0
3087b,16539,671,3,0
5188b,16539,672,4,0
3076b,16539,673,5,0
5190b,16539,675,6,0
3079b,16539,677,7,0
5554b,16539,678,8,0
3080b,16539,679,9,0
217b,16539,680,10,0
3071b,16539,680,11,0
1894b,16539,681,12,0
2224b,16539,681,13,0
2636b,16539,682,14,0
960b,16539,682,15,0
3835b,16539,683,16,0
996b,16539,684,17,0
4950b,16539,688,18,0
5334b,16539,698,19,0
4215b,16539,699,20,1
3077b,20344,510,1,0
5186b,20344,510,2,0
3087b,20344,511,3,0
5188b,20344,512,4,0
3076b,20344,513,5,0
5190b,20344,515,6,0
3079b,20344,517,7,0
5554b,20344,518,8,0
3080b,20344,519,9,0
217b,20344,520,10,0
3071b,20344,520,11,0
1894b,20344,521,12,0
2224b,20344,521,13,0
2636b,20344,522,14,0
960b,20344,522,15,0
3835b,20344,523,16,0
996b,20344,524,17,0
4950b,20344,529,18,0
5334b,20344,537,19,0
4009b,20344,541,20,0
3987b,20344,549,21,0
2982b,20344,553,22,0
2980b,20344,554,23,0
3026b,20344,555,24,0
1760b,20344,557,25,0
2976b,20344,562,26,0
2974b,20344,564,27,0
2972b,20344,567,28,0
221b,20344,570,29,0
2423b,20344,577,30,0
4860b,20344,578,31,0
3560b,20344,583,32,0
3647b,20344,585,33,0
4157b,20344,586,34,1
3077b,20348,810,1,0
5186b,20348,810,2,0
3087b,20348,811,3,0
5188b,20348,812,4,0
3076b,20348,813,5,0
5190b,20348,814,6,0
3079b,20348,816,7,0
5554b,20348,817,8,0
3080b,20348,818,9,0
217b,20348,819,10,0
3071b,20348,819,11,0
1894b,20348,820,12,0
2224b,20348,820,13,0
2636b,20348,821,14,0
960b,20348,821,15,0
3835b,20348,822,16,0
996b,20348,823,17,0
5334b,20348,830,18,0
4215b,20348,831,19,1
4215b,26062,740,1,0
3043b,26062,742,2,0
4950b,26062,752,3,0
4220b,26062,756,4,0
4218b,26062,756,5,0
3066b,26062,756,6,0
3068b,26062,757,7,0
2535b,26062,757,8,0
2051b,26062,758,9,0
3070b,26062,758,10,0
3072b,26062,759,11,0
2585b,26062,760,12,0
3075b,26062,760,13,0
5553b,26062,761,14,0
3086b,26062,762,15,0
5189b,26062,764,16,0
3082b,26062,765,17,0
5187b,26062,766,18,0
3085b,26062,768,19,0
5185b,26062,769,20,0
3077b,26062,770,21,1
4157b,14951,1147,1,0
3648b,14951,1150,2,0
6701b,14951,1153,3,0
2411b,14951,1155,4,0
2412b,14951,1158,5,0
3500b,14951,1159,6,0
2973b,14951,1160,7,0
2975b,14951,1164,8,0
1944b,14951,1170,9,0
2908b,14951,1172,10,0
2979b,14951,1174,11,0
2517b,14951,1177,12,0
3986b,14951,1180,13,0
892b,14951,1190,14,0
3979b,14951,1193,15,0
4220b,14951,1197,16,0
4218b,14951,1197,17,0
3066b,14951,1197,18,0
3068b,14951,1198,19,0
2535b,14951,1198,20,0
2051b,14951,1199,21,0
3070b,14951,1199,22,0
3072b,14951,1200,23,0
2585b,14951,1201,24,0
3075b,14951,1201,25,0
5553b,14951,1202,26,0
3086b,14951,1203,27,0
5189b,14951,1205,28,0
3082b,14951,1206,29,0
5187b,14951,1207,30,0
3085b,14951,1209,31,0
5185b,14951,1210,32,0
3077b,14951,1211,33,1
