arret_id,trajet_id,heure_depart,stop_sequence,terminus
2250b,11065,710,1,0
143b,11065,710,2,0
1392b,11065,710,3,0
932b,11065,711,4,0
5941b,11065,711,5,0
2199b,11065,712,6,0
2190b,11065,713,7,0
548b,11065,713,8,0
1881b,11065,713,9,0
3274b,11065,714,10,0
1567b,11065,715,11,0
621b,11065,716,12,0
2242b,11065,717,13,0
1799b,11065,717,14,0
1630b,11065,718,15,0
611b,11065,719,16,0
2185b,11065,721,17,0
76b,11065,722,18,0
3789b,11065,724,19,0
6375b,11065,724,20,0
1800b,11065,725,21,0
1807b,11065,726,22,0
1811b,11065,727,23,0
201b,11065,728,24,0
1023b,11065,729,25,0
1101b,11065,729,26,0
3788b,11065,730,27,0
3545b,11065,732,28,1
2250b,3715,960,1,0
143b,3715,960,2,0
1392b,3715,960,3,0
932b,3715,961,4,0
5941b,3715,961,5,0
2199b,3715,962,6,0
2190b,3715,963,7,0
548b,3715,963,8,0
1881b,3715,963,9,0
3274b,3715,964,10,0
1567b,3715,965,11,0
621b,3715,966,12,0
2242b,3715,967,13,0
1799b,3715,967,14,0
1630b,3715,968,15,0
611b,3715,970,16,0
2185b,3715,972,17,0
76b,3715,973,18,0
3789b,3715,975,19,0
6375b,3715,975,20,0
1800b,3715,976,21,0
1807b,3715,977,22,0
1811b,3715,978,23,0
201b,3715,979,24,0
1023b,3715,980,25,0
1101b,3715,980,26,0
3788b,3715,981,27,0
3545b,3715,983,28,1
2250b,1168,780,1,0
143b,1168,780,2,0
1392b,1168,780,3,0
932b,1168,781,4,0
5941b,1168,781,5,0
2199b,1168,782,6,0
2190b,1168,783,7,0
548b,1168,783,8,0
1881b,1168,783,9,0
3274b,1168,784,10,0
1567b,1168,785,11,0
621b,1168,786,12,0
2242b,1168,787,13,0
1799b,1168,787,14,0
1630b,1168,788,15,0
611b,1168,789,16,0
2185b,1168,791,17,0
76b,1168,792,18,0
3789b,1168,794,19,0
6375b,1168,794,20,0
1800b,1168,795,21,0
1807b,1168,796,22,0
1811b,1168,797,23,0
201b,1168,797,24,0
1023b,1168,798,25,0
1101b,1168,799,26,0
3788b,1168,799,27,0
3545b,1168,801,28,1
3605b,11209,985,1,0
2263b,11209,985,2,0
631b,11209,986,3,0
2291b,11209,987,4,0
4911b,11209,988,5,0
3786b,11209,989,6,0
6393b,11209,989,7,0
3787b,11209,990,8,0
1370b,11209,991,9,0
1281b,11209,993,10,0
1430b,11209,994,11,0
191b,11209,995,12,0
347b,11209,997,13,0
621b,11209,998,14,0
2242b,11209,999,15,0
977b,11209,999,16,0
2547b,11209,1000,17,0
2271b,11209,1000,18,0
1049b,11209,1001,19,0
2246b,11209,1002,20,0
1204b,11209,1003,21,0
5940b,11209,1004,22,0
379b,11209,1005,23,0
107b,11209,1006,24,0
2250b,11209,1007,25,1
2250b,30,405,1,0
143b,30,405,2,0
1392b,30,405,3,0
932b,30,406,4,0
5941b,30,406,5,0
2199b,30,407,6,0
2190b,30,408,7,0
548b,30,408,8,0
1881b,30,408,9,0
3274b,30,409,10,0
1567b,30,410,11,0
621b,30,411,12,0
144b,30,412,13,0
2285b,30,414,14,0
396b,30,415,15,0
2242b,30,417,16,0
1799b,30,417,17,0
1630b,30,418,18,0
611b,30,419,19,0
2185b,30,421,20,0
76b,30,422,21,0
3789b,30,424,22,0
6375b,30,425,23,0
1800b,30,425,24,0
1807b,30,427,25,0
1811b,30,428,26,0
201b,30,429,27,0
1023b,30,429,28,0
1101b,30,430,29,0
3788b,30,431,30,0
3545b,30,433,31,1
3605b,10019,1105,1,0
2263b,10019,1105,2,0
631b,10019,1106,3,0
2291b,10019,1107,4,0
4911b,10019,1108,5,0
3786b,10019,1109,6,0
6393b,10019,1109,7,0
3787b,10019,1110,8,0
1370b,10019,1111,9,0
1281b,10019,1113,10,0
1430b,10019,1115,11,0
191b,10019,1116,12,0
347b,10019,1118,13,0
621b,10019,1120,14,0
144b,10019,1121,15,0
2285b,10019,1123,16,0
396b,10019,1124,17,0
2242b,10019,1126,18,0
977b,10019,1126,19,0
2547b,10019,1127,20,0
2271b,10019,1128,21,0
1049b,10019,1129,22,0
2246b,10019,1130,23,0
1204b,10019,1131,24,0
5940b,10019,1132,25,0
379b,10019,1133,26,0
107b,10019,1134,27,0
2250b,10019,1135,28,1
3605b,3980,405,1,0
2263b,3980,405,2,0
631b,3980,406,3,0
2291b,3980,407,4,0
4911b,3980,408,5,0
3786b,3980,408,6,0
6393b,3980,409,7,0
3787b,3980,409,8,0
1370b,3980,410,9,0
1281b,3980,412,10,0
1430b,3980,413,11,0
191b,3980,414,12,0
347b,3980,416,13,0
621b,3980,417,14,0
2242b,3980,418,15,0
977b,3980,418,16,0
2547b,3980,419,17,0
2271b,3980,419,18,0
1049b,3980,420,19,0
2246b,3980,421,20,0
1204b,3980,422,21,0
5940b,3980,423,22,0
379b,3980,424,23,0
107b,3980,425,24,0
2250b,3980,426,25,1
2250b,1314,865,1,0
143b,1314,865,2,0
1392b,1314,865,3,0
932b,1314,866,4,0
5941b,1314,866,5,0
2199b,1314,867,6,0
2190b,1314,868,7,0
548b,1314,868,8,0
1881b,1314,868,9,0
3274b,1314,869,10,0
1567b,1314,870,11,0
621b,1314,871,12,0
2242b,1314,872,13,0
1799b,1314,872,14,0
1630b,1314,873,15,0
611b,1314,874,16,0
2185b,1314,876,17,0
76b,1314,877,18,0
3789b,1314,879,19,0
6375b,1314,879,20,0
1800b,1314,880,21,0
1807b,1314,881,22,0
1811b,1314,882,23,0
201b,1314,883,24,0
1023b,1314,884,25,0
1101b,1314,884,26,0
3788b,1314,885,27,0
3545b,1314,887,28,1
3605b,1441,480,1,0
2263b,1441,480,2,0
631b,1441,481,3,0
2291b,1441,482,4,0
4911b,1441,483,5,0
3786b,1441,484,6,0
6393b,1441,484,7,0
3787b,1441,485,8,0
1370b,1441,486,9,0
1281b,1441,488,10,0
1430b,1441,490,11,0
191b,1441,491,12,0
347b,1441,493,13,0
621b,1441,495,14,0
2242b,1441,496,15,0
977b,1441,496,16,0
2547b,1441,497,17,0
2271b,1441,497,18,0
1049b,1441,498,19,0
2246b,1441,499,20,0
1204b,1441,500,21,0
5940b,1441,501,22,0
379b,1441,502,23,0
107b,1441,503,24,0
2250b,1441,504,25,1
2250b,12981,550,1,0
143b,12981,550,2,0
1392b,12981,550,3,0
932b,12981,551,4,0
5941b,12981,551,5,0
2199b,12981,552,6,0
2190b,12981,553,7,0
548b,12981,553,8,0
1881b,12981,553,9,0
3274b,12981,554,10,0
1567b,12981,555,11,0
621b,12981,556,12,0
2242b,12981,557,13,0
1799b,12981,557,14,0
1630b,12981,558,15,0
611b,12981,560,16,0
2185b,12981,562,17,0
76b,12981,563,18,0
3789b,12981,565,19,0
6375b,12981,565,20,0
1800b,12981,566,21,0
1807b,12981,567,22,0
1811b,12981,568,23,0
201b,12981,569,24,0
1023b,12981,570,25,0
1101b,12981,570,26,0
3788b,12981,571,27,0
3545b,12981,573,28,1
3605b,1731,1065,1,0
2263b,1731,1065,2,0
631b,1731,1066,3,0
2291b,1731,1067,4,0
4911b,1731,1068,5,0
3786b,1731,1069,6,0
6393b,1731,1069,7,0
3787b,1731,1070,8,0
1370b,1731,1071,9,0
1281b,1731,1073,10,0
1430b,1731,1075,11,0
191b,1731,1076,12,0
347b,1731,1078,13,0
621b,1731,1080,14,0
144b,1731,1081,15,0
2285b,1731,1083,16,0
396b,1731,1084,17,0
2242b,1731,1086,18,0
977b,1731,1086,19,0
2547b,1731,1087,20,0
2271b,1731,1088,21,0
1049b,1731,1089,22,0
2246b,1731,1090,23,0
1204b,1731,1091,24,0
5940b,1731,1092,25,0
379b,1731,1093,26,0
107b,1731,1094,27,0
2250b,1731,1095,28,1
3605b,22494,1170,1,0
2263b,22494,1170,2,0
631b,22494,1171,3,0
2291b,22494,1172,4,0
4911b,22494,1173,5,0
3786b,22494,1173,6,0
6393b,22494,1174,7,0
3787b,22494,1174,8,0
1370b,22494,1175,9,0
1281b,22494,1177,10,0
1430b,22494,1178,11,0
191b,22494,1179,12,0
347b,22494,1181,13,0
621b,22494,1182,14,0
2242b,22494,1183,15,0
977b,22494,1183,16,0
2547b,22494,1184,17,0
2271b,22494,1184,18,0
1049b,22494,1185,19,0
2246b,22494,1186,20,0
1204b,22494,1187,21,0
5940b,22494,1188,22,0
379b,22494,1189,23,0
107b,22494,1190,24,0
2250b,22494,1191,25,1
2250b,21162,510,1,0
143b,21162,510,2,0
1392b,21162,511,3,0
932b,21162,511,4,0
5941b,21162,512,5,0
2199b,21162,513,6,0
2190b,21162,514,7,0
548b,21162,514,8,0
1881b,21162,514,9,0
3274b,21162,515,10,0
1567b,21162,516,11,0
621b,21162,517,12,0
2242b,21162,518,13,0
1799b,21162,518,14,0
1630b,21162,519,15,0
611b,21162,521,16,0
2185b,21162,523,17,0
76b,21162,524,18,0
3789b,21162,526,19,0
6375b,21162,527,20,0
1800b,21162,528,21,0
1807b,21162,529,22,0
1811b,21162,531,23,0
201b,21162,531,24,0
1023b,21162,532,25,0
1101b,21162,533,26,0
3788b,21162,534,27,0
3545b,21162,536,28,1
3605b,9254,990,1,0
2263b,9254,990,2,0
631b,9254,991,3,0
2291b,9254,992,4,0
4911b,9254,993,5,0
3786b,9254,994,6,0
6393b,9254,994,7,0
3787b,9254,995,8,0
1370b,9254,996,9,0
1281b,9254,998,10,0
1430b,9254,1000,11,0
191b,9254,1001,12,0
347b,9254,1003,13,0
621b,9254,1005,14,0
2242b,9254,1006,15,0
977b,9254,1006,16,0
2547b,9254,1007,17,0
2271b,9254,1007,18,0
1049b,9254,1008,19,0
2246b,9254,1009,20,0
1204b,9254,1010,21,0
5940b,9254,1011,22,0
379b,9254,1012,23,0
107b,9254,1013,24,0
2250b,9254,1014,25,1
3605b,21691,1055,1,0
2263b,21691,1055,2,0
631b,21691,1056,3,0
2291b,21691,1057,4,0
4911b,21691,1058,5,0
3786b,21691,1059,6,0
6393b,21691,1059,7,0
3787b,21691,1060,8,0
1370b,21691,1061,9,0
1281b,21691,1063,10,0
1430b,21691,1064,11,0
191b,21691,1065,12,0
347b,21691,1067,13,0
621b,21691,1068,14,0
2242b,21691,1069,15,0
977b,21691,1069,16,0
2547b,21691,1070,17,0
2271b,21691,1070,18,0
1049b,21691,1071,19,0
2246b,21691,1072,20,0
1204b,21691,1073,21,0
5940b,21691,1074,22,0
379b,21691,1075,23,0
107b,21691,1076,24,0
2250b,21691,1077,25,1
3605b,21799,375,1,0
2263b,21799,375,2,0
631b,21799,376,3,0
2291b,21799,377,4,0
4911b,21799,378,5,0
3786b,21799,378,6,0
6393b,21799,379,7,0
3787b,21799,379,8,0
1370b,21799,380,9,0
1281b,21799,382,10,0
1430b,21799,383,11,0
191b,21799,384,12,0
347b,21799,386,13,0
621b,21799,387,14,0
2242b,21799,388,15,0
977b,21799,388,16,0
2547b,21799,389,17,0
2271b,21799,389,18,0
1049b,21799,390,19,0
2246b,21799,391,20,0
1204b,21799,392,21,0
5940b,21799,393,22,0
379b,21799,394,23,0
107b,21799,395,24,0
2250b,21799,396,25,1
3605b,20573,1200,1,0
2263b,20573,1200,2,0
631b,20573,1201,3,0
2291b,20573,1202,4,0
4911b,20573,1203,5,0
3786b,20573,1203,6,0
6393b,20573,1204,7,0
3787b,20573,1204,8,0
1370b,20573,1205,9,0
1281b,20573,1207,10,0
1430b,20573,1208,11,0
191b,20573,1209,12,0
347b,20573,1211,13,0
621b,20573,1212,14,0
2242b,20573,1213,15,0
977b,20573,1213,16,0
2547b,20573,1214,17,0
2271b,20573,1214,18,0
1049b,20573,1215,19,0
2246b,20573,1216,20,0
1204b,20573,1217,21,0
5940b,20573,1218,22,0
379b,20573,1219,23,0
107b,20573,1220,24,0
2250b,20573,1221,25,1
2250b,18265,520,1,0
143b,18265,520,2,0
1392b,18265,520,3,0
932b,18265,521,4,0
5941b,18265,521,5,0
2199b,18265,522,6,0
2190b,18265,523,7,0
548b,18265,523,8,0
1881b,18265,523,9,0
3274b,18265,524,10,0
1567b,18265,525,11,0
621b,18265,526,12,0
2242b,18265,527,13,0
1799b,18265,527,14,0
1630b,18265,528,15,0
611b,18265,529,16,0
2185b,18265,531,17,0
76b,18265,532,18,0
3789b,18265,533,19,0
6375b,18265,534,20,0
1800b,18265,534,21,0
1807b,18265,535,22,0
1811b,18265,536,23,0
201b,18265,537,24,0
1023b,18265,537,25,0
1101b,18265,538,26,0
3788b,18265,538,27,0
3545b,18265,540,28,1
2250b,20527,375,1,0
143b,20527,375,2,0
1392b,20527,375,3,0
932b,20527,376,4,0
5941b,20527,376,5,0
2199b,20527,377,6,0
2190b,20527,378,7,0
548b,20527,378,8,0
1881b,20527,378,9,0
3274b,20527,379,10,0
1567b,20527,380,11,0
621b,20527,381,12,0
2242b,20527,382,13,0
1799b,20527,382,14,0
1630b,20527,383,15,0
611b,20527,384,16,0
2185b,20527,386,17,0
76b,20527,387,18,0
3789b,20527,388,19,0
6375b,20527,388,20,0
1800b,20527,389,21,0
1807b,20527,390,22,0
1811b,20527,390,23,0
201b,20527,391,24,0
1023b,20527,391,25,0
1101b,20527,392,26,0
3788b,20527,393,27,0
3545b,20527,394,28,1
2250b,9565,855,1,0
143b,9565,855,2,0
1392b,9565,855,3,0
932b,9565,856,4,0
5941b,9565,856,5,0
2199b,9565,857,6,0
2190b,9565,858,7,0
548b,9565,858,8,0
1881b,9565,858,9,0
3274b,9565,859,10,0
1567b,9565,860,11,0
621b,9565,861,12,0
2242b,9565,862,13,0
1799b,9565,862,14,0
1630b,9565,863,15,0
611b,9565,864,16,0
2185b,9565,866,17,0
76b,9565,867,18,0
3789b,9565,869,19,0
6375b,9565,869,20,0
1800b,9565,870,21,0
1807b,9565,871,22,0
1811b,9565,872,23,0
201b,9565,872,24,0
1023b,9565,873,25,0
1101b,9565,874,26,0
3788b,9565,874,27,0
3545b,9565,876,28,1
2250b,17041,1140,1,0
143b,17041,1140,2,0
1392b,17041,1140,3,0
932b,17041,1141,4,0
5941b,17041,1141,5,0
2199b,17041,1142,6,0
2190b,17041,1143,7,0
548b,17041,1143,8,0
1881b,17041,1143,9,0
3274b,17041,1144,10,0
1567b,17041,1145,11,0
621b,17041,1146,12,0
2242b,17041,1147,13,0
1799b,17041,1147,14,0
1630b,17041,1148,15,0
611b,17041,1149,16,0
2185b,17041,1151,17,0
76b,17041,1152,18,0
3789b,17041,1153,19,0
6375b,17041,1153,20,0
1800b,17041,1154,21,0
1807b,17041,1155,22,0
1811b,17041,1155,23,0
201b,17041,1156,24,0
1023b,17041,1156,25,0
1101b,17041,1157,26,0
3788b,17041,1158,27,0
3545b,17041,1159,28,1
3605b,19779,510,1,0
2263b,19779,510,2,0
631b,19779,511,3,0
2291b,19779,512,4,0
4911b,19779,513,5,0
3786b,19779,514,6,0
6393b,19779,514,7,0
3787b,19779,515,8,0
1370b,19779,516,9,0
1281b,19779,518,10,0
1430b,19779,519,11,0
191b,19779,520,12,0
347b,19779,522,13,0
621b,19779,523,14,0
2242b,19779,524,15,0
977b,19779,524,16,0
2547b,19779,525,17,0
2271b,19779,525,18,0
1049b,19779,526,19,0
2246b,19779,527,20,0
1204b,19779,528,21,0
5940b,19779,529,22,0
379b,19779,530,23,0
107b,19779,531,24,0
2250b,19779,532,25,1
3605b,19700,910,1,0
2263b,19700,910,2,0
631b,19700,911,3,0
2291b,19700,912,4,0
4911b,19700,913,5,0
3786b,19700,914,6,0
6393b,19700,914,7,0
3787b,19700,915,8,0
1370b,19700,916,9,0
1281b,19700,918,10,0
1430b,19700,919,11,0
191b,19700,920,12,0
347b,19700,922,13,0
621b,19700,923,14,0
2242b,19700,924,15,0
977b,19700,924,16,0
2547b,19700,925,17,0
2271b,19700,925,18,0
1049b,19700,926,19,0
2246b,19700,927,20,0
1204b,19700,928,21,0
5940b,19700,929,22,0
379b,19700,930,23,0
107b,19700,931,24,0
2250b,19700,932,25,1
2250b,9897,590,1,0
143b,9897,590,2,0
1392b,9897,590,3,0
932b,9897,591,4,0
5941b,9897,591,5,0
2199b,9897,592,6,0
2190b,9897,593,7,0
548b,9897,593,8,0
1881b,9897,593,9,0
3274b,9897,594,10,0
1567b,9897,595,11,0
621b,9897,596,12,0
2242b,9897,597,13,0
1799b,9897,597,14,0
1630b,9897,598,15,0
611b,9897,599,16,0
2185b,9897,601,17,0
76b,9897,602,18,0
3789b,9897,604,19,0
6375b,9897,604,20,0
1800b,9897,605,21,0
1807b,9897,606,22,0
1811b,9897,607,23,0
201b,9897,607,24,0
1023b,9897,608,25,0
1101b,9897,609,26,0
3788b,9897,609,27,0
3545b,9897,611,28,1
2250b,6020,1025,1,0
143b,6020,1025,2,0
1392b,6020,1025,3,0
932b,6020,1026,4,0
5941b,6020,1026,5,0
2199b,6020,1027,6,0
2190b,6020,1028,7,0
548b,6020,1028,8,0
1881b,6020,1028,9,0
3274b,6020,1029,10,0
1567b,6020,1030,11,0
621b,6020,1031,12,0
2242b,6020,1032,13,0
1799b,6020,1032,14,0
1630b,6020,1033,15,0
611b,6020,1035,16,0
2185b,6020,1037,17,0
76b,6020,1038,18,0
3789b,6020,1040,19,0
6375b,6020,1041,20,0
1800b,6020,1042,21,0
1807b,6020,1043,22,0
1811b,6020,1045,23,0
201b,6020,1045,24,0
1023b,6020,1046,25,0
1101b,6020,1047,26,0
3788b,6020,1048,27,0
3545b,6020,1050,28,1
2250b,6086,475,1,0
143b,6086,475,2,0
1392b,6086,476,3,0
932b,6086,476,4,0
5941b,6086,477,5,0
2199b,6086,478,6,0
2190b,6086,479,7,0
548b,6086,479,8,0
1881b,6086,479,9,0
3274b,6086,480,10,0
1567b,6086,481,11,0
621b,6086,482,12,0
144b,6086,483,13,0
2285b,6086,485,14,0
396b,6086,486,15,0
2242b,6086,488,16,0
1799b,6086,488,17,0
1630b,6086,489,18,0
611b,6086,491,19,0
2185b,6086,493,20,0
76b,6086,494,21,0
3789b,6086,496,22,0
6375b,6086,497,23,0
1800b,6086,498,24,0
1807b,6086,499,25,0
1811b,6086,501,26,0
201b,6086,501,27,0
1023b,6086,502,28,0
1101b,6086,503,29,0
3788b,6086,504,30,0
3545b,6086,506,31,1
3605b,16187,1140,1,0
2263b,16187,1140,2,0
631b,16187,1141,3,0
2291b,16187,1142,4,0
4911b,16187,1143,5,0
3786b,16187,1143,6,0
6393b,16187,1144,7,0
3787b,16187,1144,8,0
1370b,16187,1145,9,0
1281b,16187,1147,10,0
1430b,16187,1148,11,0
191b,16187,1149,12,0
347b,16187,1151,13,0
621b,16187,1152,14,0
2242b,16187,1153,15,0
977b,16187,1153,16,0
2547b,16187,1154,17,0
2271b,16187,1154,18,0
1049b,16187,1155,19,0
2246b,16187,1156,20,0
1204b,16187,1157,21,0
5940b,16187,1158,22,0
379b,16187,1159,23,0
107b,16187,1160,24,0
2250b,16187,1161,25,1
2250b,8719,430,1,0
143b,8719,430,2,0
1392b,8719,431,3,0
932b,8719,431,4,0
5941b,8719,432,5,0
2199b,8719,433,6,0
2190b,8719,434,7,0
548b,8719,434,8,0
1881b,8719,434,9,0
3274b,8719,435,10,0
1567b,8719,436,11,0
621b,8719,437,12,0
144b,8719,438,13,0
2285b,8719,440,14,0
396b,8719,441,15,0
2242b,8719,443,16,0
1799b,8719,443,17,0
1630b,8719,444,18,0
611b,8719,445,19,0
2185b,8719,447,20,0
76b,8719,448,21,0
3789b,8719,450,22,0
6375b,8719,451,23,0
1800b,8719,451,24,0
1807b,8719,453,25,0
1811b,8719,454,26,0
201b,8719,455,27,0
1023b,8719,455,28,0
1101b,8719,456,29,0
3788b,8719,457,30,0
3545b,8719,459,31,1
3605b,478,1125,1,0
2263b,478,1125,2,0
631b,478,1126,3,0
2291b,478,1127,4,0
4911b,478,1128,5,0
3786b,478,1129,6,0
6393b,478,1129,7,0
3787b,478,1130,8,0
1370b,478,1131,9,0
1281b,478,1133,10,0
1430b,478,1134,11,0
191b,478,1135,12,0
347b,478,1137,13,0
621b,478,1138,14,0
2242b,478,1139,15,0
977b,478,1139,16,0
2547b,478,1140,17,0
2271b,478,1140,18,0
1049b,478,1141,19,0
2246b,478,1142,20,0
1204b,478,1143,21,0
5940b,478,1144,22,0
379b,478,1145,23,0
107b,478,1146,24,0
2250b,478,1147,25,1
3605b,16123,485,1,0
2263b,16123,485,2,0
631b,16123,486,3,0
2291b,16123,487,4,0
4911b,16123,488,5,0
3786b,16123,488,6,0
6393b,16123,489,7,0
3787b,16123,489,8,0
1370b,16123,490,9,0
1281b,16123,492,10,0
1430b,16123,493,11,0
191b,16123,494,12,0
347b,16123,496,13,0
621b,16123,497,14,0
2242b,16123,498,15,0
977b,16123,498,16,0
2547b,16123,499,17,0
2271b,16123,499,18,0
1049b,16123,500,19,0
2246b,16123,501,20,0
1204b,16123,502,21,0
5940b,16123,503,22,0
379b,16123,504,23,0
107b,16123,505,24,0
2250b,16123,506,25,1
3605b,16250,1200,1,0
2263b,16250,1200,2,0
631b,16250,1201,3,0
2291b,16250,1202,4,0
4911b,16250,1203,5,0
3786b,16250,1203,6,0
6393b,16250,1204,7,0
3787b,16250,1204,8,0
1370b,16250,1205,9,0
1281b,16250,1207,10,0
1430b,16250,1208,11,0
191b,16250,1209,12,0
347b,16250,1211,13,0
621b,16250,1212,14,0
2242b,16250,1213,15,0
977b,16250,1213,16,0
2547b,16250,1214,17,0
2271b,16250,1214,18,0
1049b,16250,1215,19,0
2246b,16250,1216,20,0
1204b,16250,1217,21,0
5940b,16250,1218,22,0
379b,16250,1219,23,0
107b,16250,1220,24,0
2250b,16250,1221,25,1
3605b,614,555,1,0
2263b,614,555,2,0
631b,614,556,3,0
2291b,614,557,4,0
4911b,614,558,5,0
3786b,614,558,6,0
6393b,614,559,7,0
3787b,614,559,8,0
1370b,614,560,9,0
1281b,614,562,10,0
1430b,614,563,11,0
191b,614,564,12,0
347b,614,566,13,0
621b,614,567,14,0
2242b,614,568,15,0
977b,614,568,16,0
2547b,614,569,17,0
2271b,614,569,18,0
1049b,614,570,19,0
2246b,614,571,20,0
1204b,614,572,21,0
5940b,614,573,22,0
379b,614,574,23,0
107b,614,575,24,0
2250b,614,576,25,1
2250b,666,1110,1,0
143b,666,1110,2,0
1392b,666,1110,3,0
932b,666,1111,4,0
5941b,666,1111,5,0
2199b,666,1112,6,0
2190b,666,1113,7,0
548b,666,1113,8,0
1881b,666,1113,9,0
3274b,666,1114,10,0
1567b,666,1115,11,0
621b,666,1116,12,0
2242b,666,1117,13,0
1799b,666,1117,14,0
1630b,666,1118,15,0
611b,666,1119,16,0
2185b,666,1121,17,0
76b,666,1122,18,0
3789b,666,1124,19,0
6375b,666,1125,20,0
1800b,666,1126,21,0
1807b,666,1127,22,0
1811b,666,1129,23,0
201b,666,1129,24,0
1023b,666,1130,25,0
1101b,666,1131,26,0
3788b,666,1132,27,0
3545b,666,1134,28,1
2250b,18926,1095,1,0
143b,18926,1095,2,0
1392b,18926,1095,3,0
932b,18926,1096,4,0
5941b,18926,1096,5,0
2199b,18926,1097,6,0
2190b,18926,1098,7,0
548b,18926,1098,8,0
1881b,18926,1098,9,0
3274b,18926,1099,10,0
1567b,18926,1100,11,0
621b,18926,1101,12,0
2242b,18926,1102,13,0
1799b,18926,1102,14,0
1630b,18926,1103,15,0
611b,18926,1104,16,0
2185b,18926,1106,17,0
76b,18926,1107,18,0
3789b,18926,1109,19,0
6375b,18926,1109,20,0
1800b,18926,1110,21,0
1807b,18926,1111,22,0
1811b,18926,1112,23,0
201b,18926,1112,24,0
1023b,18926,1113,25,0
1101b,18926,1114,26,0
3788b,18926,1114,27,0
3545b,18926,1116,28,1
2250b,16335,635,1,0
143b,16335,635,2,0
1392b,16335,635,3,0
932b,16335,636,4,0
5941b,16335,636,5,0
2199b,16335,637,6,0
2190b,16335,638,7,0
548b,16335,638,8,0
1881b,16335,638,9,0
3274b,16335,639,10,0
1567b,16335,640,11,0
621b,16335,641,12,0
2242b,16335,642,13,0
1799b,16335,642,14,0
1630b,16335,643,15,0
611b,16335,644,16,0
2185b,16335,646,17,0
76b,16335,647,18,0
3789b,16335,649,19,0
6375b,16335,649,20,0
1800b,16335,650,21,0
1807b,16335,651,22,0
1811b,16335,652,23,0
201b,16335,653,24,0
1023b,16335,654,25,0
1101b,16335,654,26,0
3788b,16335,655,27,0
3545b,16335,657,28,1
3605b,18961,605,1,0
2263b,18961,605,2,0
631b,18961,606,3,0
2291b,18961,607,4,0
4911b,18961,608,5,0
3786b,18961,609,6,0
6393b,18961,609,7,0
3787b,18961,610,8,0
1370b,18961,611,9,0
1281b,18961,613,10,0
1430b,18961,614,11,0
191b,18961,615,12,0
347b,18961,617,13,0
621b,18961,618,14,0
2242b,18961,619,15,0
977b,18961,619,16,0
2547b,18961,620,17,0
2271b,18961,620,18,0
1049b,18961,621,19,0
2246b,18961,622,20,0
1204b,18961,623,21,0
5940b,18961,624,22,0
379b,18961,625,23,0
107b,18961,626,24,0
2250b,18961,627,25,1
2250b,6460,1020,1,0
143b,6460,1020,2,0
1392b,6460,1020,3,0
932b,6460,1021,4,0
5941b,6460,1021,5,0
2199b,6460,1022,6,0
2190b,6460,1023,7,0
548b,6460,1023,8,0
1881b,6460,1023,9,0
3274b,6460,1024,10,0
1567b,6460,1025,11,0
621b,6460,1026,12,0
2242b,6460,1027,13,0
1799b,6460,1027,14,0
1630b,6460,1028,15,0
611b,6460,1029,16,0
2185b,6460,1031,17,0
76b,6460,1032,18,0
3789b,6460,1034,19,0
6375b,6460,1034,20,0
1800b,6460,1035,21,0
1807b,6460,1036,22,0
1811b,6460,1037,23,0
201b,6460,1037,24,0
1023b,6460,1038,25,0
1101b,6460,1039,26,0
3788b,6460,1039,27,0
3545b,6460,1041,28,1
3605b,5136,830,1,0
2263b,5136,830,2,0
631b,5136,831,3,0
2291b,5136,832,4,0
4911b,5136,833,5,0
3786b,5136,834,6,0
6393b,5136,834,7,0
3787b,5136,835,8,0
1370b,5136,836,9,0
1281b,5136,838,10,0
1430b,5136,839,11,0
191b,5136,840,12,0
347b,5136,842,13,0
621b,5136,843,14,0
2242b,5136,844,15,0
977b,5136,844,16,0
2547b,5136,845,17,0
2271b,5136,845,18,0
1049b,5136,846,19,0
2246b,5136,847,20,0
1204b,5136,848,21,0
5940b,5136,849,22,0
379b,5136,850,23,0
107b,5136,851,24,0
2250b,5136,852,25,1
2250b,5165,790,1,0
143b,5165,790,2,0
1392b,5165,790,3,0
932b,5165,791,4,0
5941b,5165,791,5,0
2199b,5165,792,6,0
2190b,5165,793,7,0
548b,5165,793,8,0
1881b,5165,793,9,0
3274b,5165,794,10,0
1567b,5165,795,11,0
621b,5165,796,12,0
2242b,5165,797,13,0
1799b,5165,797,14,0
1630b,5165,798,15,0
611b,5165,799,16,0
2185b,5165,801,17,0
76b,5165,802,18,0
3789b,5165,804,19,0
6375b,5165,804,20,0
1800b,5165,805,21,0
1807b,5165,806,22,0
1811b,5165,807,23,0
201b,5165,808,24,0
1023b,5165,809,25,0
1101b,5165,809,26,0
3788b,5165,810,27,0
3545b,5165,812,28,1
3605b,15245,745,1,0
2263b,15245,745,2,0
631b,15245,746,3,0
2291b,15245,747,4,0
4911b,15245,748,5,0
3786b,15245,749,6,0
6393b,15245,749,7,0
3787b,15245,750,8,0
1370b,15245,751,9,0
1281b,15245,753,10,0
1430b,15245,754,11,0
191b,15245,755,12,0
347b,15245,757,13,0
621b,15245,758,14,0
2242b,15245,759,15,0
977b,15245,759,16,0
2547b,15245,760,17,0
2271b,15245,760,18,0
1049b,15245,761,19,0
2246b,15245,762,20,0
1204b,15245,763,21,0
5940b,15245,764,22,0
379b,15245,765,23,0
107b,15245,766,24,0
2250b,15245,767,25,1
2250b,6665,450,1,0
143b,6665,450,2,0
1392b,6665,450,3,0
932b,6665,451,4,0
5941b,6665,451,5,0
2199b,6665,452,6,0
2190b,6665,453,7,0
548b,6665,453,8,0
1881b,6665,453,9,0
3274b,6665,454,10,0
1567b,6665,455,11,0
621b,6665,456,12,0
2242b,6665,457,13,0
1799b,6665,457,14,0
1630b,6665,458,15,0
611b,6665,459,16,0
2185b,6665,461,17,0
76b,6665,462,18,0
3789b,6665,463,19,0
6375b,6665,464,20,0
1800b,6665,464,21,0
1807b,6665,465,22,0
1811b,6665,466,23,0
201b,6665,467,24,0
1023b,6665,467,25,0
1101b,6665,468,26,0
3788b,6665,468,27,0
3545b,6665,470,28,1
2250b,14184,1070,1,0
143b,14184,1070,2,0
1392b,14184,1070,3,0
932b,14184,1071,4,0
5941b,14184,1071,5,0
2199b,14184,1072,6,0
2190b,14184,1073,7,0
548b,14184,1073,8,0
1881b,14184,1073,9,0
3274b,14184,1074,10,0
1567b,14184,1075,11,0
621b,14184,1076,12,0
2242b,14184,1077,13,0
1799b,14184,1077,14,0
1630b,14184,1078,15,0
611b,14184,1080,16,0
2185b,14184,1082,17,0
76b,14184,1083,18,0
3789b,14184,1085,19,0
6375b,14184,1086,20,0
1800b,14184,1087,21,0
1807b,14184,1088,22,0
1811b,14184,1090,23,0
201b,14184,1090,24,0
1023b,14184,1091,25,0
1101b,14184,1092,26,0
3788b,14184,1093,27,0
3545b,14184,1095,28,1
3605b,4225,680,1,0
2263b,4225,680,2,0
631b,4225,681,3,0
2291b,4225,682,4,0
4911b,4225,683,5,0
3786b,4225,684,6,0
6393b,4225,684,7,0
3787b,4225,685,8,0
1370b,4225,686,9,0
1281b,4225,688,10,0
1430b,4225,689,11,0
191b,4225,690,12,0
347b,4225,692,13,0
621b,4225,693,14,0
2242b,4225,694,15,0
977b,4225,694,16,0
2547b,4225,695,17,0
2271b,4225,695,18,0
1049b,4225,696,19,0
2246b,4225,697,20,0
1204b,4225,698,21,0
5940b,4225,699,22,0
379b,4225,700,23,0
107b,4225,701,24,0
2250b,4225,702,25,1
2250b,4277,1165,1,0
143b,4277,1165,2,0
1392b,4277,1165,3,0
932b,4277,1166,4,0
5941b,4277,1166,5,0
2199b,4277,1167,6,0
2190b,4277,1168,7,0
548b,4277,1168,8,0
1881b,4277,1168,9,0
3274b,4277,1169,10,0
1567b,4277,1170,11,0
621b,4277,1171,12,0
2242b,4277,1172,13,0
1799b,4277,1172,14,0
1630b,4277,1173,15,0
611b,4277,1174,16,0
2185b,4277,1176,17,0
76b,4277,1177,18,0
3789b,4277,1178,19,0
6375b,4277,1178,20,0
1800b,4277,1179,21,0
1807b,4277,1180,22,0
1811b,4277,1180,23,0
201b,4277,1181,24,0
1023b,4277,1181,25,0
1101b,4277,1182,26,0
3788b,4277,1183,27,0
3545b,4277,1184,28,1
3605b,6941,885,1,0
2263b,6941,885,2,0
631b,6941,886,3,0
2291b,6941,887,4,0
4911b,6941,888,5,0
3786b,6941,889,6,0
6393b,6941,889,7,0
3787b,6941,890,8,0
1370b,6941,891,9,0
1281b,6941,893,10,0
1430b,6941,894,11,0
191b,6941,895,12,0
347b,6941,897,13,0
621b,6941,898,14,0
2242b,6941,899,15,0
977b,6941,899,16,0
2547b,6941,900,17,0
2271b,6941,900,18,0
1049b,6941,901,19,0
2246b,6941,902,20,0
1204b,6941,903,21,0
5940b,6941,904,22,0
379b,6941,905,23,0
107b,6941,906,24,0
2250b,6941,907,25,1
3605b,4468,815,1,0
2263b,4468,815,2,0
631b,4468,816,3,0
2291b,4468,817,4,0
4911b,4468,818,5,0
3786b,4468,819,6,0
6393b,4468,819,7,0
3787b,4468,820,8,0
1370b,4468,821,9,0
1281b,4468,823,10,0
1430b,4468,824,11,0
191b,4468,825,12,0
347b,4468,827,13,0
621b,4468,828,14,0
2242b,4468,829,15,0
977b,4468,829,16,0
2547b,4468,830,17,0
2271b,4468,830,18,0
1049b,4468,831,19,0
2246b,4468,832,20,0
1204b,4468,833,21,0
5940b,4468,834,22,0
379b,4468,835,23,0
107b,4468,836,24,0
2250b,4468,837,25,1
3605b,13191,435,1,0
2263b,13191,435,2,0
631b,13191,436,3,0
2291b,13191,437,4,0
4911b,13191,438,5,0
3786b,13191,438,6,0
6393b,13191,439,7,0
3787b,13191,439,8,0
1370b,13191,440,9,0
1281b,13191,442,10,0
1430b,13191,444,11,0
191b,13191,445,12,0
347b,13191,447,13,0
621b,13191,449,14,0
2242b,13191,450,15,0
977b,13191,450,16,0
2547b,13191,451,17,0
2271b,13191,451,18,0
1049b,13191,452,19,0
2246b,13191,453,20,0
1204b,13191,454,21,0
5940b,13191,455,22,0
379b,13191,456,23,0
107b,13191,457,24,0
2250b,13191,458,25,1
3605b,13288,1035,1,0
2263b,13288,1035,2,0
631b,13288,1036,3,0
2291b,13288,1037,4,0
4911b,13288,1038,5,0
3786b,13288,1039,6,0
6393b,13288,1039,7,0
3787b,13288,1040,8,0
1370b,13288,1041,9,0
1281b,13288,1043,10,0
1430b,13288,1045,11,0
191b,13288,1046,12,0
347b,13288,1048,13,0
621b,13288,1050,14,0
144b,13288,1051,15,0
2285b,13288,1053,16,0
396b,13288,1054,17,0
2242b,13288,1056,18,0
977b,13288,1056,19,0
2547b,13288,1057,20,0
2271b,13288,1058,21,0
1049b,13288,1059,22,0
2246b,13288,1060,23,0
1204b,13288,1061,24,0
5940b,13288,1062,25,0
379b,13288,1063,26,0
107b,13288,1064,27,0
2250b,13288,1065,28,1
3605b,12115,750,1,0
2263b,12115,750,2,0
631b,12115,751,3,0
2291b,12115,752,4,0
4911b,12115,753,5,0
3786b,12115,754,6,0
6393b,12115,754,7,0
3787b,12115,755,8,0
1370b,12115,756,9,0
1281b,12115,758,10,0
1430b,12115,759,11,0
191b,12115,760,12,0
347b,12115,762,13,0
621b,12115,763,14,0
144b,12115,764,15,0
2285b,12115,766,16,0
396b,12115,767,17,0
2242b,12115,769,18,0
977b,12115,769,19,0
2547b,12115,770,20,0
2271b,12115,770,21,0
1049b,12115,771,22,0
2246b,12115,772,23,0
1204b,12115,773,24,0
5940b,12115,774,25,0
379b,12115,775,26,0
107b,12115,776,27,0
2250b,12115,777,28,1
2250b,12124,1170,1,0
143b,12124,1170,2,0
1392b,12124,1170,3,0
932b,12124,1171,4,0
5941b,12124,1171,5,0
2199b,12124,1172,6,0
2190b,12124,1173,7,0
548b,12124,1173,8,0
1881b,12124,1173,9,0
3274b,12124,1174,10,0
1567b,12124,1175,11,0
621b,12124,1176,12,0
2242b,12124,1177,13,0
1799b,12124,1177,14,0
1630b,12124,1178,15,0
611b,12124,1179,16,0
2185b,12124,1181,17,0
76b,12124,1182,18,0
3789b,12124,1183,19,0
6375b,12124,1183,20,0
1800b,12124,1184,21,0
1807b,12124,1185,22,0
1811b,12124,1185,23,0
201b,12124,1186,24,0
1023b,12124,1186,25,0
1101b,12124,1187,26,0
3788b,12124,1188,27,0
3545b,12124,1189,28,1
