arret_id,trajet_id,heure_depart,stop_sequence,terminus
2926b,10973,870,1,0
813b,10973,872,2,0
2925b,10973,873,3,0
2921b,10973,874,4,0
418b,10973,876,5,0
369b,10973,877,6,0
5965b,10973,880,7,0
4021b,10973,880,8,0
5968b,10973,881,9,0
5881b,10973,881,10,0
3242b,10973,882,11,0
1784b,10973,883,12,0
6352b,10973,884,13,0
5945b,10973,886,14,0
6353b,10973,887,15,0
6354b,10973,888,16,0
3007b,10973,889,17,0
5955b,10973,891,18,0
6464b,10973,894,19,0
6465b,10973,896,20,0
6466b,10973,899,21,1
2926b,63,570,1,0
813b,63,572,2,0
2925b,63,573,3,0
2921b,63,574,4,0
418b,63,576,5,0
369b,63,577,6,0
5965b,63,580,7,0
4021b,63,580,8,0
5968b,63,581,9,0
5881b,63,581,10,0
3242b,63,582,11,0
1784b,63,583,12,0
6352b,63,583,13,0
5945b,63,585,14,0
6353b,63,586,15,0
6354b,63,587,16,0
3007b,63,588,17,0
5955b,63,590,18,0
6464b,63,593,19,0
6465b,63,595,20,0
6466b,63,598,21,1
6466b,31289,785,1,0
6463b,31289,786,2,0
5956b,31289,787,3,0
304b,31289,789,4,0
835b,31289,789,5,0
271b,31289,790,6,0
5944b,31289,791,7,0
6351b,31289,792,8,0
1109b,31289,793,9,0
617b,31289,794,10,0
5879b,31289,795,11,0
5880b,31289,795,12,0
5967b,31289,796,13,0
4020b,31289,797,14,0
5966b,31289,798,15,0
385b,31289,800,16,0
334b,31289,800,17,0
2920b,31289,802,18,0
2924b,31289,803,19,0
1754b,31289,803,20,0
1786b,31289,804,21,0
2926b,31289,806,22,1
6466b,10611,725,1,0
6463b,10611,726,2,0
5956b,10611,727,3,0
304b,10611,729,4,0
835b,10611,729,5,0
271b,10611,730,6,0
5944b,10611,732,7,0
6351b,10611,733,8,0
1109b,10611,734,9,0
617b,10611,735,10,0
5879b,10611,736,11,0
5880b,10611,737,12,0
5967b,10611,738,13,0
4020b,10611,738,14,0
5966b,10611,740,15,0
385b,10611,742,16,0
334b,10611,742,17,0
2920b,10611,744,18,0
2924b,10611,745,19,0
1754b,10611,745,20,0
1786b,10611,746,21,0
2926b,10611,748,22,1
6466b,12672,605,1,0
6463b,12672,606,2,0
5956b,12672,607,3,0
304b,12672,609,4,0
835b,12672,609,5,0
271b,12672,610,6,0
5944b,12672,612,7,0
6351b,12672,613,8,0
1109b,12672,614,9,0
617b,12672,615,10,0
5879b,12672,616,11,0
5880b,12672,617,12,0
5967b,12672,618,13,0
4020b,12672,618,14,0
5966b,12672,620,15,0
385b,12672,622,16,0
334b,12672,622,17,0
2920b,12672,624,18,0
2924b,12672,625,19,0
1754b,12672,625,20,0
1786b,12672,626,21,0
2926b,12672,628,22,1
2926b,12757,510,1,0
813b,12757,512,2,0
2925b,12757,513,3,0
2921b,12757,514,4,0
418b,12757,516,5,0
369b,12757,517,6,0
5965b,12757,520,7,0
4021b,12757,520,8,0
5968b,12757,521,9,0
5881b,12757,522,10,0
3242b,12757,523,11,0
1784b,12757,524,12,0
6352b,12757,524,13,0
5945b,12757,526,14,0
6353b,12757,527,15,0
6354b,12757,528,16,0
3007b,12757,529,17,0
5955b,12757,531,18,0
6464b,12757,534,19,0
6465b,12757,536,20,0
6466b,12757,539,21,1
6466b,7105,1085,1,0
6463b,7105,1087,2,0
5956b,7105,1089,3,0
304b,7105,1091,4,0
835b,7105,1091,5,0
271b,7105,1092,6,0
5944b,7105,1094,7,0
6351b,7105,1095,8,0
1109b,7105,1096,9,0
617b,7105,1097,10,0
5879b,7105,1098,11,0
5880b,7105,1099,12,0
5967b,7105,1100,13,0
4020b,7105,1100,14,0
5966b,7105,1102,15,0
385b,7105,1104,16,0
334b,7105,1104,17,0
2920b,7105,1106,18,0
2924b,7105,1107,19,0
1754b,7105,1107,20,0
1786b,7105,1108,21,0
2926b,7105,1110,22,1
6466b,7117,1145,1,0
6463b,7117,1146,2,0
5956b,7117,1147,3,0
304b,7117,1149,4,0
835b,7117,1149,5,0
271b,7117,1150,6,0
5944b,7117,1151,7,0
6351b,7117,1152,8,0
1109b,7117,1153,9,0
617b,7117,1154,10,0
5879b,7117,1155,11,0
5880b,7117,1156,12,0
5967b,7117,1157,13,0
4020b,7117,1157,14,0
5966b,7117,1159,15,0
385b,7117,1161,16,0
334b,7117,1161,17,0
2920b,7117,1163,18,0
2924b,7117,1164,19,0
1754b,7117,1164,20,0
1786b,7117,1165,21,0
2926b,7117,1167,22,1
2926b,17622,690,1,0
813b,17622,692,2,0
2925b,17622,693,3,0
2921b,17622,694,4,0
418b,17622,696,5,0
369b,17622,697,6,0
5965b,17622,700,7,0
4021b,17622,700,8,0
5968b,17622,701,9,0
5881b,17622,701,10,0
3242b,17622,702,11,0
1784b,17622,703,12,0
6352b,17622,704,13,0
5945b,17622,706,14,0
6353b,17622,707,15,0
6354b,17622,708,16,0
3007b,17622,709,17,0
5955b,17622,711,18,0
6464b,17622,714,19,0
6465b,17622,716,20,0
6466b,17622,719,21,1
6466b,10015,965,1,0
6463b,10015,966,2,0
5956b,10015,967,3,0
304b,10015,969,4,0
835b,10015,969,5,0
271b,10015,970,6,0
5944b,10015,971,7,0
6351b,10015,972,8,0
1109b,10015,973,9,0
617b,10015,974,10,0
5879b,10015,975,11,0
5880b,10015,975,12,0
5967b,10015,976,13,0
4020b,10015,977,14,0
5966b,10015,978,15,0
385b,10015,980,16,0
334b,10015,980,17,0
2920b,10015,982,18,0
2924b,10015,983,19,0
1754b,10015,983,20,0
1786b,10015,984,21,0
2926b,10015,986,22,1
6466b,10574,425,1,0
6463b,10574,427,2,0
5956b,10574,429,3,0
304b,10574,431,4,0
835b,10574,431,5,0
271b,10574,432,6,0
5944b,10574,433,7,0
6351b,10574,434,8,0
1109b,10574,435,9,0
617b,10574,436,10,0
5879b,10574,437,11,0
5880b,10574,438,12,0
5967b,10574,439,13,0
4020b,10574,439,14,0
5966b,10574,441,15,0
385b,10574,443,16,0
334b,10574,443,17,0
2920b,10574,445,18,0
2924b,10574,446,19,0
1754b,10574,446,20,0
1786b,10574,447,21,0
2926b,10574,449,22,1
2926b,17435,750,1,0
813b,17435,752,2,0
2925b,17435,753,3,0
2921b,17435,754,4,0
418b,17435,756,5,0
369b,17435,757,6,0
5965b,17435,760,7,0
4021b,17435,760,8,0
5968b,17435,761,9,0
5881b,17435,761,10,0
3242b,17435,762,11,0
1784b,17435,763,12,0
6352b,17435,763,13,0
5945b,17435,765,14,0
6353b,17435,766,15,0
6354b,17435,767,16,0
3007b,17435,768,17,0
5955b,17435,770,18,0
6464b,17435,773,19,0
6465b,17435,775,20,0
6466b,17435,778,21,1
2926b,27988,930,1,0
813b,27988,932,2,0
2925b,27988,933,3,0
2921b,27988,934,4,0
418b,27988,936,5,0
369b,27988,937,6,0
5965b,27988,940,7,0
4021b,27988,940,8,0
5968b,27988,941,9,0
5881b,27988,941,10,0
3242b,27988,942,11,0
1784b,27988,943,12,0
6352b,27988,943,13,0
5945b,27988,945,14,0
6353b,27988,946,15,0
6354b,27988,947,16,0
3007b,27988,948,17,0
5955b,27988,951,18,0
6464b,27988,956,19,0
6465b,27988,959,20,0
6466b,27988,963,21,1
2926b,17060,810,1,0
813b,17060,812,2,0
2925b,17060,813,3,0
2921b,17060,814,4,0
418b,17060,816,5,0
369b,17060,817,6,0
5965b,17060,820,7,0
4021b,17060,820,8,0
5968b,17060,821,9,0
5881b,17060,821,10,0
3242b,17060,822,11,0
1784b,17060,823,12,0
6352b,17060,824,13,0
5945b,17060,826,14,0
6353b,17060,827,15,0
6354b,17060,828,16,0
3007b,17060,829,17,0
5955b,17060,831,18,0
6464b,17060,834,19,0
6465b,17060,836,20,0
6466b,17060,839,21,1
2926b,27516,990,1,0
813b,27516,992,2,0
2925b,27516,993,3,0
2921b,27516,994,4,0
418b,27516,996,5,0
369b,27516,997,6,0
5965b,27516,1000,7,0
4021b,27516,1000,8,0
5968b,27516,1001,9,0
5881b,27516,1001,10,0
3242b,27516,1002,11,0
1784b,27516,1003,12,0
6352b,27516,1004,13,0
5945b,27516,1006,14,0
6353b,27516,1007,15,0
6354b,27516,1008,16,0
3007b,27516,1009,17,0
5955b,27516,1012,18,0
6464b,27516,1017,19,0
6465b,27516,1020,20,0
6466b,27516,1024,21,1
2926b,13424,750,1,0
813b,13424,752,2,0
2925b,13424,753,3,0
2921b,13424,754,4,0
418b,13424,756,5,0
369b,13424,757,6,0
5965b,13424,760,7,0
4021b,13424,760,8,0
5968b,13424,761,9,0
5881b,13424,761,10,0
3242b,13424,762,11,0
1784b,13424,763,12,0
6352b,13424,764,13,0
5945b,13424,766,14,0
6353b,13424,767,15,0
6354b,13424,768,16,0
3007b,13424,769,17,0
5955b,13424,771,18,0
6464b,13424,774,19,0
6465b,13424,776,20,0
6466b,13424,779,21,1
2926b,29267,870,1,0
813b,29267,872,2,0
2925b,29267,873,3,0
2921b,29267,874,4,0
418b,29267,876,5,0
369b,29267,877,6,0
5965b,29267,880,7,0
4021b,29267,880,8,0
5968b,29267,881,9,0
5881b,29267,881,10,0
3242b,29267,882,11,0
1784b,29267,883,12,0
6352b,29267,883,13,0
5945b,29267,885,14,0
6353b,29267,886,15,0
6354b,29267,887,16,0
3007b,29267,888,17,0
5955b,29267,890,18,0
6464b,29267,893,19,0
6465b,29267,895,20,0
6466b,29267,898,21,1
6466b,7910,665,1,0
6463b,7910,666,2,0
5956b,7910,667,3,0
304b,7910,669,4,0
835b,7910,669,5,0
271b,7910,670,6,0
5944b,7910,672,7,0
6351b,7910,673,8,0
1109b,7910,674,9,0
617b,7910,675,10,0
5879b,7910,676,11,0
5880b,7910,677,12,0
5967b,7910,678,13,0
4020b,7910,678,14,0
5966b,7910,680,15,0
385b,7910,682,16,0
334b,7910,682,17,0
2920b,7910,684,18,0
2924b,7910,685,19,0
1754b,7910,685,20,0
1786b,7910,686,21,0
2926b,7910,688,22,1
6466b,29696,485,1,0
6463b,29696,487,2,0
5956b,29696,489,3,0
304b,29696,491,4,0
835b,29696,491,5,0
271b,29696,492,6,0
5944b,29696,493,7,0
6351b,29696,494,8,0
1109b,29696,495,9,0
617b,29696,496,10,0
5879b,29696,497,11,0
5880b,29696,498,12,0
5967b,29696,499,13,0
4020b,29696,499,14,0
5966b,29696,501,15,0
385b,29696,503,16,0
334b,29696,503,17,0
2920b,29696,505,18,0
2924b,29696,506,19,0
1754b,29696,506,20,0
1786b,29696,507,21,0
2926b,29696,509,22,1
2926b,15875,1050,1,0
813b,15875,1052,2,0
2925b,15875,1053,3,0
2921b,15875,1054,4,0
418b,15875,1056,5,0
369b,15875,1057,6,0
5965b,15875,1060,7,0
4021b,15875,1060,8,0
5968b,15875,1061,9,0
5881b,15875,1061,10,0
3242b,15875,1062,11,0
1784b,15875,1063,12,0
6352b,15875,1063,13,0
5945b,15875,1065,14,0
6353b,15875,1066,15,0
6354b,15875,1067,16,0
3007b,15875,1068,17,0
5955b,15875,1071,18,0
6464b,15875,1076,19,0
6465b,15875,1079,20,0
6466b,15875,1083,21,1
2926b,23576,810,1,0
813b,23576,812,2,0
2925b,23576,813,3,0
2921b,23576,814,4,0
418b,23576,816,5,0
369b,23576,817,6,0
5965b,23576,820,7,0
4021b,23576,820,8,0
5968b,23576,821,9,0
5881b,23576,821,10,0
3242b,23576,822,11,0
1784b,23576,823,12,0
6352b,23576,823,13,0
5945b,23576,825,14,0
6353b,23576,826,15,0
6354b,23576,827,16,0
3007b,23576,828,17,0
5955b,23576,830,18,0
6464b,23576,833,19,0
6465b,23576,835,20,0
6466b,23576,838,21,1
6466b,30022,905,1,0
6463b,30022,906,2,0
5956b,30022,907,3,0
304b,30022,909,4,0
835b,30022,909,5,0
271b,30022,910,6,0
5944b,30022,912,7,0
6351b,30022,913,8,0
1109b,30022,914,9,0
617b,30022,915,10,0
5879b,30022,916,11,0
5880b,30022,917,12,0
5967b,30022,918,13,0
4020b,30022,918,14,0
5966b,30022,920,15,0
385b,30022,922,16,0
334b,30022,922,17,0
2920b,30022,924,18,0
2924b,30022,925,19,0
1754b,30022,925,20,0
1786b,30022,926,21,0
2926b,30022,928,22,1
6466b,8245,785,1,0
6463b,8245,786,2,0
5956b,8245,787,3,0
304b,8245,789,4,0
835b,8245,789,5,0
271b,8245,790,6,0
5944b,8245,792,7,0
6351b,8245,793,8,0
1109b,8245,794,9,0
617b,8245,795,10,0
5879b,8245,796,11,0
5880b,8245,797,12,0
5967b,8245,798,13,0
4020b,8245,798,14,0
5966b,8245,800,15,0
385b,8245,802,16,0
334b,8245,802,17,0
2920b,8245,804,18,0
2924b,8245,805,19,0
1754b,8245,805,20,0
1786b,8245,806,21,0
2926b,8245,808,22,1
2926b,32087,450,1,0
813b,32087,452,2,0
2925b,32087,453,3,0
2921b,32087,454,4,0
418b,32087,456,5,0
369b,32087,457,6,0
5965b,32087,460,7,0
4021b,32087,460,8,0
5968b,32087,461,9,0
5881b,32087,462,10,0
3242b,32087,463,11,0
1784b,32087,464,12,0
6352b,32087,465,13,0
5945b,32087,467,14,0
6353b,32087,468,15,0
6354b,32087,469,16,0
3007b,32087,470,17,0
5955b,32087,473,18,0
6464b,32087,478,19,0
6465b,32087,481,20,0
6466b,32087,485,21,1
6466b,32051,605,1,0
6463b,32051,606,2,0
5956b,32051,607,3,0
304b,32051,609,4,0
835b,32051,609,5,0
271b,32051,610,6,0
5944b,32051,611,7,0
6351b,32051,612,8,0
1109b,32051,613,9,0
617b,32051,614,10,0
5879b,32051,615,11,0
5880b,32051,615,12,0
5967b,32051,616,13,0
4020b,32051,617,14,0
5966b,32051,618,15,0
385b,32051,620,16,0
334b,32051,620,17,0
2920b,32051,622,18,0
2924b,32051,623,19,0
1754b,32051,623,20,0
1786b,32051,624,21,0
2926b,32051,626,22,1
6466b,11479,545,1,0
6463b,11479,546,2,0
5956b,11479,547,3,0
304b,11479,549,4,0
835b,11479,549,5,0
271b,11479,550,6,0
5944b,11479,551,7,0
6351b,11479,552,8,0
1109b,11479,553,9,0
617b,11479,554,10,0
5879b,11479,555,11,0
5880b,11479,555,12,0
5967b,11479,556,13,0
4020b,11479,557,14,0
5966b,11479,558,15,0
385b,11479,560,16,0
334b,11479,560,17,0
2920b,11479,562,18,0
2924b,11479,563,19,0
1754b,11479,563,20,0
1786b,11479,564,21,0
2926b,11479,566,22,1
2926b,11246,690,1,0
813b,11246,692,2,0
2925b,11246,693,3,0
2921b,11246,694,4,0
418b,11246,696,5,0
369b,11246,697,6,0
5965b,11246,700,7,0
4021b,11246,700,8,0
5968b,11246,701,9,0
5881b,11246,701,10,0
3242b,11246,702,11,0
1784b,11246,703,12,0
6352b,11246,703,13,0
5945b,11246,705,14,0
6353b,11246,706,15,0
6354b,11246,707,16,0
3007b,11246,708,17,0
5955b,11246,710,18,0
6464b,11246,713,19,0
6465b,11246,715,20,0
6466b,11246,718,21,1
2926b,8074,930,1,0
813b,8074,932,2,0
2925b,8074,933,3,0
2921b,8074,934,4,0
418b,8074,936,5,0
369b,8074,937,6,0
5965b,8074,940,7,0
4021b,8074,940,8,0
5968b,8074,941,9,0
5881b,8074,941,10,0
3242b,8074,942,11,0
1784b,8074,943,12,0
6352b,8074,944,13,0
5945b,8074,946,14,0
6353b,8074,947,15,0
6354b,8074,948,16,0
3007b,8074,949,17,0
5955b,8074,952,18,0
6464b,8074,957,19,0
6465b,8074,960,20,0
6466b,8074,964,21,1
2926b,32625,1110,1,0
813b,32625,1112,2,0
2925b,32625,1113,3,0
2921b,32625,1114,4,0
418b,32625,1116,5,0
369b,32625,1117,6,0
5965b,32625,1120,7,0
4021b,32625,1120,8,0
5968b,32625,1121,9,0
5881b,32625,1122,10,0
3242b,32625,1123,11,0
1784b,32625,1124,12,0
6352b,32625,1125,13,0
5945b,32625,1127,14,0
6353b,32625,1128,15,0
6354b,32625,1129,16,0
3007b,32625,1130,17,0
5955b,32625,1133,18,0
6464b,32625,1138,19,0
6465b,32625,1141,20,0
6466b,32625,1145,21,1
6466b,3971,1085,1,0
6463b,3971,1087,2,0
5956b,3971,1088,3,0
304b,3971,1090,4,0
835b,3971,1090,5,0
271b,3971,1091,6,0
5944b,3971,1092,7,0
6351b,3971,1093,8,0
1109b,3971,1094,9,0
617b,3971,1095,10,0
5879b,3971,1096,11,0
5880b,3971,1096,12,0
5967b,3971,1097,13,0
4020b,3971,1098,14,0
5966b,3971,1099,15,0
385b,3971,1101,16,0
334b,3971,1101,17,0
2920b,3971,1103,18,0
2924b,3971,1104,19,0
1754b,3971,1104,20,0
1786b,3971,1105,21,0
2926b,3971,1107,22,1
6466b,11884,1025,1,0
6463b,11884,1027,2,0
5956b,11884,1028,3,0
304b,11884,1030,4,0
835b,11884,1030,5,0
271b,11884,1031,6,0
5944b,11884,1032,7,0
6351b,11884,1033,8,0
1109b,11884,1034,9,0
617b,11884,1035,10,0
5879b,11884,1036,11,0
5880b,11884,1036,12,0
5967b,11884,1037,13,0
4020b,11884,1038,14,0
5966b,11884,1039,15,0
385b,11884,1041,16,0
334b,11884,1041,17,0
2920b,11884,1043,18,0
2924b,11884,1044,19,0
1754b,11884,1044,20,0
1786b,11884,1045,21,0
2926b,11884,1047,22,1
6466b,18653,965,1,0
6463b,18653,966,2,0
5956b,18653,967,3,0
304b,18653,969,4,0
835b,18653,969,5,0
271b,18653,970,6,0
5944b,18653,972,7,0
6351b,18653,973,8,0
1109b,18653,974,9,0
617b,18653,975,10,0
5879b,18653,976,11,0
5880b,18653,977,12,0
5967b,18653,978,13,0
4020b,18653,978,14,0
5966b,18653,980,15,0
385b,18653,982,16,0
334b,18653,982,17,0
2920b,18653,984,18,0
2924b,18653,985,19,0
1754b,18653,985,20,0
1786b,18653,986,21,0
2926b,18653,988,22,1
6466b,6771,905,1,0
6463b,6771,906,2,0
5956b,6771,907,3,0
304b,6771,909,4,0
835b,6771,909,5,0
271b,6771,910,6,0
5944b,6771,911,7,0
6351b,6771,912,8,0
1109b,6771,913,9,0
617b,6771,914,10,0
5879b,6771,915,11,0
5880b,6771,915,12,0
5967b,6771,916,13,0
4020b,6771,917,14,0
5966b,6771,918,15,0
385b,6771,920,16,0
334b,6771,920,17,0
2920b,6771,922,18,0
2924b,6771,923,19,0
1754b,6771,923,20,0
1786b,6771,924,21,0
2926b,6771,926,22,1
6466b,6709,545,1,0
6463b,6709,546,2,0
5956b,6709,547,3,0
304b,6709,549,4,0
835b,6709,549,5,0
271b,6709,550,6,0
5944b,6709,551,7,0
6351b,6709,552,8,0
1109b,6709,553,9,0
617b,6709,554,10,0
5879b,6709,555,11,0
5880b,6709,556,12,0
5967b,6709,557,13,0
4020b,6709,557,14,0
5966b,6709,559,15,0
385b,6709,561,16,0
334b,6709,561,17,0
2920b,6709,563,18,0
2924b,6709,564,19,0
1754b,6709,564,20,0
1786b,6709,565,21,0
2926b,6709,567,22,1
6466b,6942,1025,1,0
6463b,6942,1027,2,0
5956b,6942,1029,3,0
304b,6942,1031,4,0
835b,6942,1031,5,0
271b,6942,1032,6,0
5944b,6942,1034,7,0
6351b,6942,1035,8,0
1109b,6942,1036,9,0
617b,6942,1037,10,0
5879b,6942,1038,11,0
5880b,6942,1039,12,0
5967b,6942,1040,13,0
4020b,6942,1040,14,0
5966b,6942,1042,15,0
385b,6942,1044,16,0
334b,6942,1044,17,0
2920b,6942,1046,18,0
2924b,6942,1047,19,0
1754b,6942,1047,20,0
1786b,6942,1048,21,0
2926b,6942,1050,22,1
6466b,4787,845,1,0
6463b,4787,846,2,0
5956b,4787,847,3,0
304b,4787,849,4,0
835b,4787,849,5,0
271b,4787,850,6,0
5944b,4787,852,7,0
6351b,4787,853,8,0
1109b,4787,854,9,0
617b,4787,855,10,0
5879b,4787,856,11,0
5880b,4787,857,12,0
5967b,4787,858,13,0
4020b,4787,858,14,0
5966b,4787,860,15,0
385b,4787,862,16,0
334b,4787,862,17,0
2920b,4787,864,18,0
2924b,4787,865,19,0
1754b,4787,865,20,0
1786b,4787,866,21,0
2926b,4787,868,22,1
2926b,18156,630,1,0
813b,18156,632,2,0
2925b,18156,633,3,0
2921b,18156,634,4,0
418b,18156,636,5,0
369b,18156,637,6,0
5965b,18156,640,7,0
4021b,18156,640,8,0
5968b,18156,641,9,0
5881b,18156,641,10,0
3242b,18156,642,11,0
1784b,18156,643,12,0
6352b,18156,643,13,0
5945b,18156,645,14,0
6353b,18156,646,15,0
6354b,18156,647,16,0
3007b,18156,648,17,0
5955b,18156,650,18,0
6464b,18156,653,19,0
6465b,18156,655,20,0
6466b,18156,658,21,1
2926b,946,1050,1,0
813b,946,1052,2,0
2925b,946,1053,3,0
2921b,946,1054,4,0
418b,946,1056,5,0
369b,946,1057,6,0
5965b,946,1060,7,0
4021b,946,1060,8,0
5968b,946,1061,9,0
5881b,946,1062,10,0
3242b,946,1063,11,0
1784b,946,1064,12,0
6352b,946,1065,13,0
5945b,946,1067,14,0
6353b,946,1068,15,0
6354b,946,1069,16,0
3007b,946,1070,17,0
5955b,946,1073,18,0
6464b,946,1078,19,0
6465b,946,1081,20,0
6466b,946,1085,21,1
6466b,2764,845,1,0
6463b,2764,846,2,0
5956b,2764,847,3,0
304b,2764,849,4,0
835b,2764,849,5,0
271b,2764,850,6,0
5944b,2764,851,7,0
6351b,2764,852,8,0
1109b,2764,853,9,0
617b,2764,854,10,0
5879b,2764,855,11,0
5880b,2764,855,12,0
5967b,2764,856,13,0
4020b,2764,857,14,0
5966b,2764,858,15,0
385b,2764,860,16,0
334b,2764,860,17,0
2920b,2764,862,18,0
2924b,2764,863,19,0
1754b,2764,863,20,0
1786b,2764,864,21,0
2926b,2764,866,22,1
6466b,4477,665,1,0
6463b,4477,666,2,0
5956b,4477,667,3,0
304b,4477,669,4,0
835b,4477,669,5,0
271b,4477,670,6,0
5944b,4477,671,7,0
6351b,4477,672,8,0
1109b,4477,673,9,0
617b,4477,674,10,0
5879b,4477,675,11,0
5880b,4477,675,12,0
5967b,4477,676,13,0
4020b,4477,677,14,0
5966b,4477,678,15,0
385b,4477,680,16,0
334b,4477,680,17,0
2920b,4477,682,18,0
2924b,4477,683,19,0
1754b,4477,683,20,0
1786b,4477,684,21,0
2926b,4477,686,22,1
2926b,26069,510,1,0
813b,26069,512,2,0
2925b,26069,513,3,0
2921b,26069,514,4,0
418b,26069,516,5,0
369b,26069,517,6,0
5965b,26069,520,7,0
4021b,26069,520,8,0
5968b,26069,521,9,0
5881b,26069,522,10,0
3242b,26069,523,11,0
1784b,26069,524,12,0
6352b,26069,525,13,0
5945b,26069,527,14,0
6353b,26069,528,15,0
6354b,26069,529,16,0
3007b,26069,530,17,0
5955b,26069,533,18,0
6464b,26069,538,19,0
6465b,26069,541,20,0
6466b,26069,545,21,1
2926b,16805,990,1,0
813b,16805,992,2,0
2925b,16805,993,3,0
2921b,16805,994,4,0
418b,16805,996,5,0
369b,16805,997,6,0
5965b,16805,1000,7,0
4021b,16805,1000,8,0
5968b,16805,1001,9,0
5881b,16805,1001,10,0
3242b,16805,1002,11,0
1784b,16805,1003,12,0
6352b,16805,1003,13,0
5945b,16805,1005,14,0
6353b,16805,1006,15,0
6354b,16805,1007,16,0
3007b,16805,1008,17,0
5955b,16805,1011,18,0
6464b,16805,1016,19,0
6465b,16805,1019,20,0
6466b,16805,1023,21,1
6466b,14586,725,1,0
6463b,14586,726,2,0
5956b,14586,727,3,0
304b,14586,729,4,0
835b,14586,729,5,0
271b,14586,730,6,0
5944b,14586,731,7,0
6351b,14586,732,8,0
1109b,14586,733,9,0
617b,14586,734,10,0
5879b,14586,735,11,0
5880b,14586,735,12,0
5967b,14586,736,13,0
4020b,14586,737,14,0
5966b,14586,738,15,0
385b,14586,740,16,0
334b,14586,740,17,0
2920b,14586,742,18,0
2924b,14586,743,19,0
1754b,14586,743,20,0
1786b,14586,744,21,0
2926b,14586,746,22,1
6466b,4067,1145,1,0
6463b,4067,1146,2,0
5956b,4067,1147,3,0
304b,4067,1149,4,0
835b,4067,1149,5,0
271b,4067,1150,6,0
5944b,4067,1151,7,0
6351b,4067,1152,8,0
1109b,4067,1153,9,0
617b,4067,1154,10,0
5879b,4067,1155,11,0
5880b,4067,1155,12,0
5967b,4067,1156,13,0
4020b,4067,1157,14,0
5966b,4067,1158,15,0
385b,4067,1160,16,0
334b,4067,1160,17,0
2920b,4067,1162,18,0
2924b,4067,1163,19,0
1754b,4067,1163,20,0
1786b,4067,1164,21,0
2926b,4067,1166,22,1
2926b,30403,1110,1,0
813b,30403,1112,2,0
2925b,30403,1113,3,0
2921b,30403,1114,4,0
418b,30403,1116,5,0
369b,30403,1117,6,0
5965b,30403,1120,7,0
4021b,30403,1120,8,0
5968b,30403,1121,9,0
5881b,30403,1121,10,0
3242b,30403,1122,11,0
1784b,30403,1123,12,0
6352b,30403,1123,13,0
5945b,30403,1125,14,0
6353b,30403,1126,15,0
6354b,30403,1127,16,0
3007b,30403,1128,17,0
5955b,30403,1131,18,0
6464b,30403,1136,19,0
6465b,30403,1139,20,0
6466b,30403,1143,21,1
2926b,14305,630,1,0
813b,14305,632,2,0
2925b,14305,633,3,0
2921b,14305,634,4,0
418b,14305,636,5,0
369b,14305,637,6,0
5965b,14305,640,7,0
4021b,14305,640,8,0
5968b,14305,641,9,0
5881b,14305,641,10,0
3242b,14305,642,11,0
1784b,14305,643,12,0
6352b,14305,644,13,0
5945b,14305,646,14,0
6353b,14305,647,15,0
6354b,14305,648,16,0
3007b,14305,649,17,0
5955b,14305,651,18,0
6464b,14305,654,19,0
6465b,14305,656,20,0
6466b,14305,659,21,1
2926b,6514,570,1,0
813b,6514,572,2,0
2925b,6514,573,3,0
2921b,6514,574,4,0
418b,6514,576,5,0
369b,6514,577,6,0
5965b,6514,580,7,0
4021b,6514,580,8,0
5968b,6514,581,9,0
5881b,6514,581,10,0
3242b,6514,582,11,0
1784b,6514,583,12,0
6352b,6514,584,13,0
5945b,6514,586,14,0
6353b,6514,587,15,0
6354b,6514,588,16,0
3007b,6514,589,17,0
5955b,6514,591,18,0
6464b,6514,594,19,0
6465b,6514,596,20,0
6466b,6514,599,21,1
