arret_id,trajet_id,heure_depart,stop_sequence,terminus
5294b,35784,570,1,0
5878b,35784,572,2,0
2843b,35784,572,3,0
2844b,35784,572,4,0
1216b,35784,573,5,0
1611b,35784,574,6,0
2451b,35784,574,7,0
3029b,35784,575,8,0
2528b,35784,576,9,0
3578b,35784,577,10,0
1633b,35784,579,11,0
2633b,35784,580,12,0
1113b,35784,582,13,0
361b,35784,582,14,0
3101b,35784,583,15,0
2484b,35784,583,16,0
22b,35784,584,17,0
689b,35784,584,18,0
869b,35784,585,19,0
1034b,35784,586,20,0
3351b,35784,587,21,0
583b,35784,588,22,0
2703b,35784,589,23,0
2487b,35784,591,24,0
3884b,35784,592,25,0
5713b,35784,593,26,0
1872b,35784,595,27,0
639b,35784,597,28,0
643b,35784,598,29,0
2897b,35784,600,30,0
285b,35784,602,31,0
5600b,35784,603,32,0
3341b,35784,605,33,1
5294b,37588,1015,1,0
5878b,37588,1017,2,0
2843b,37588,1017,3,0
2844b,37588,1017,4,0
1216b,37588,1018,5,0
1611b,37588,1019,6,0
2451b,37588,1020,7,0
3029b,37588,1021,8,0
2528b,37588,1022,9,0
3578b,37588,1023,10,0
1633b,37588,1024,11,0
2633b,37588,1025,12,0
1113b,37588,1027,13,0
361b,37588,1027,14,0
3101b,37588,1028,15,0
2484b,37588,1028,16,0
22b,37588,1029,17,0
689b,37588,1030,18,0
869b,37588,1031,19,0
1034b,37588,1032,20,0
3351b,37588,1033,21,0
583b,37588,1034,22,0
2703b,37588,1035,23,0
2487b,37588,1037,24,0
3884b,37588,1038,25,0
5713b,37588,1039,26,0
1872b,37588,1041,27,0
639b,37588,1043,28,0
643b,37588,1044,29,0
2897b,37588,1046,30,0
285b,37588,1048,31,0
5600b,37588,1049,32,0
3341b,37588,1051,33,1
3341b,10694,945,1,0
5599b,10694,945,2,0
5651b,10694,946,3,0
4790b,10694,946,4,0
1338b,10694,947,5,0
2726b,10694,948,6,0
1874b,10694,949,7,0
5705b,10694,950,8,0
3885b,10694,951,9,0
2494b,10694,952,10,0
2729b,10694,953,11,0
2685b,10694,955,12,0
1122b,10694,956,13,0
96b,10694,956,14,0
503b,10694,957,15,0
495b,10694,958,16,0
1022b,10694,958,17,0
2905b,10694,959,18,0
3123b,10694,959,19,0
18b,10694,960,20,0
3879b,10694,961,21,0
1671b,10694,962,22,0
1656b,10694,963,23,0
3577b,10694,965,24,0
3294b,10694,967,25,0
3028b,10694,967,26,0
2448b,10694,968,27,0
1767b,10694,968,28,0
5877b,10694,969,29,0
458b,10694,969,30,0
2804b,10694,970,31,0
3143b,10694,971,32,0
2763b,10694,973,33,0
1974b,10694,975,34,0
5294b,10694,977,35,1
5294b,29028,670,1,0
5878b,29028,672,2,0
2843b,29028,672,3,0
2844b,29028,672,4,0
1216b,29028,673,5,0
1611b,29028,674,6,0
2451b,29028,674,7,0
3029b,29028,675,8,0
2528b,29028,676,9,0
3578b,29028,676,10,0
1633b,29028,677,11,0
2633b,29028,678,12,0
1113b,29028,679,13,0
361b,29028,679,14,0
3101b,29028,680,15,0
2484b,29028,680,16,0
22b,29028,681,17,0
689b,29028,681,18,0
869b,29028,682,19,0
1034b,29028,683,20,0
3351b,29028,684,21,0
583b,29028,685,22,0
2703b,29028,686,23,0
2487b,29028,688,24,0
3884b,29028,689,25,0
5713b,29028,690,26,0
1872b,29028,692,27,0
639b,29028,694,28,0
643b,29028,695,29,0
2897b,29028,697,30,0
285b,29028,699,31,0
5600b,29028,700,32,0
3341b,29028,702,33,1
3341b,37017,510,1,0
5599b,37017,510,2,0
5651b,37017,511,3,0
4790b,37017,511,4,0
1338b,37017,513,5,0
2726b,37017,513,6,0
1874b,37017,515,7,0
5705b,37017,516,8,0
3885b,37017,516,9,0
2494b,37017,518,10,0
2729b,37017,520,11,0
2685b,37017,521,12,0
1122b,37017,523,13,0
96b,37017,523,14,0
503b,37017,524,15,0
495b,37017,525,16,0
1022b,37017,525,17,0
2905b,37017,526,18,0
3123b,37017,526,19,0
18b,37017,527,20,0
3879b,37017,528,21,0
1671b,37017,530,22,0
1656b,37017,531,23,0
3577b,37017,533,24,0
3294b,37017,536,25,0
3028b,37017,536,26,0
2448b,37017,537,27,0
1767b,37017,537,28,0
5877b,37017,538,29,0
458b,37017,538,30,0
2804b,37017,539,31,0
3143b,37017,540,32,0
2763b,37017,542,33,0
1974b,37017,544,34,0
5294b,37017,546,35,1
5294b,29158,990,1,0
5878b,29158,992,2,0
2843b,29158,992,3,0
2844b,29158,992,4,0
1216b,29158,993,5,0
1611b,29158,994,6,0
2451b,29158,995,7,0
3029b,29158,996,8,0
2528b,29158,997,9,0
3578b,29158,998,10,0
1633b,29158,999,11,0
2633b,29158,1000,12,0
1113b,29158,1002,13,0
361b,29158,1002,14,0
3101b,29158,1003,15,0
2484b,29158,1003,16,0
22b,29158,1004,17,0
689b,29158,1005,18,0
869b,29158,1006,19,0
1034b,29158,1007,20,0
3351b,29158,1008,21,0
583b,29158,1009,22,0
2703b,29158,1010,23,0
2487b,29158,1012,24,0
3884b,29158,1013,25,0
5713b,29158,1014,26,0
1872b,29158,1016,27,0
639b,29158,1018,28,0
643b,29158,1019,29,0
2897b,29158,1021,30,0
285b,29158,1023,31,0
5600b,29158,1024,32,0
3341b,29158,1026,33,1
5294b,24887,990,1,0
5878b,24887,992,2,0
2843b,24887,992,3,0
2844b,24887,992,4,0
1216b,24887,993,5,0
1611b,24887,994,6,0
2451b,24887,995,7,0
3029b,24887,996,8,0
2528b,24887,997,9,0
3578b,24887,999,10,0
1633b,24887,1001,11,0
2633b,24887,1002,12,0
1113b,24887,1005,13,0
361b,24887,1006,14,0
3101b,24887,1006,15,0
2484b,24887,1007,16,0
22b,24887,1008,17,0
689b,24887,1008,18,0
869b,24887,1009,19,0
1034b,24887,1011,20,0
3351b,24887,1012,21,0
583b,24887,1013,22,0
2703b,24887,1015,23,0
2487b,24887,1018,24,0
3884b,24887,1019,25,0
5713b,24887,1020,26,0
1872b,24887,1022,27,0
639b,24887,1024,28,0
643b,24887,1025,29,0
2897b,24887,1027,30,0
285b,24887,1029,31,0
5600b,24887,1030,32,0
3341b,24887,1032,33,1
5294b,17652,460,1,0
5878b,17652,462,2,0
2843b,17652,462,3,0
2844b,17652,462,4,0
1216b,17652,463,5,0
1611b,17652,464,6,0
2451b,17652,464,7,0
3029b,17652,465,8,0
2528b,17652,466,9,0
3578b,17652,467,10,0
1633b,17652,469,11,0
2633b,17652,470,12,0
1113b,17652,473,13,0
361b,17652,473,14,0
3101b,17652,474,15,0
2484b,17652,474,16,0
22b,17652,475,17,0
689b,17652,476,18,0
869b,17652,477,19,0
1034b,17652,478,20,0
3351b,17652,479,21,0
583b,17652,480,22,0
2703b,17652,481,23,0
2487b,17652,484,24,0
3884b,17652,485,25,0
5713b,17652,486,26,0
1872b,17652,488,27,0
639b,17652,490,28,0
643b,17652,491,29,0
2897b,17652,493,30,0
285b,17652,495,31,0
5600b,17652,496,32,0
3341b,17652,498,33,1
3341b,19888,615,1,0
5599b,19888,615,2,0
5651b,19888,616,3,0
4790b,19888,616,4,0
1338b,19888,617,5,0
2726b,19888,618,6,0
1874b,19888,619,7,0
5705b,19888,620,8,0
3885b,19888,621,9,0
2494b,19888,622,10,0
2729b,19888,623,11,0
2685b,19888,625,12,0
1122b,19888,626,13,0
96b,19888,626,14,0
503b,19888,627,15,0
495b,19888,628,16,0
1022b,19888,628,17,0
2905b,19888,629,18,0
3123b,19888,629,19,0
18b,19888,630,20,0
3879b,19888,631,21,0
1671b,19888,632,22,0
1656b,19888,633,23,0
3577b,19888,635,24,0
3294b,19888,637,25,0
3028b,19888,637,26,0
2448b,19888,638,27,0
1767b,19888,638,28,0
5877b,19888,639,29,0
458b,19888,639,30,0
2804b,19888,640,31,0
3143b,19888,641,32,0
2763b,19888,643,33,0
1974b,19888,645,34,0
5294b,19888,647,35,1
3341b,19941,970,1,0
5599b,19941,970,2,0
5651b,19941,971,3,0
4790b,19941,971,4,0
1338b,19941,972,5,0
2726b,19941,973,6,0
1874b,19941,974,7,0
5705b,19941,975,8,0
3885b,19941,976,9,0
2494b,19941,977,10,0
2729b,19941,978,11,0
2685b,19941,980,12,0
1122b,19941,981,13,0
96b,19941,981,14,0
503b,19941,982,15,0
495b,19941,983,16,0
1022b,19941,983,17,0
2905b,19941,984,18,0
3123b,19941,984,19,0
18b,19941,985,20,0
3879b,19941,986,21,0
1671b,19941,987,22,0
1656b,19941,988,23,0
3577b,19941,990,24,0
3294b,19941,992,25,0
3028b,19941,992,26,0
2448b,19941,993,27,0
1767b,19941,993,28,0
5877b,19941,994,29,0
458b,19941,994,30,0
2804b,19941,995,31,0
3143b,19941,996,32,0
2763b,19941,999,33,0
1974b,19941,1002,34,0
5294b,19941,1004,35,1
3341b,33420,1070,1,0
5599b,33420,1070,2,0
5651b,33420,1071,3,0
4790b,33420,1071,4,0
1338b,33420,1072,5,0
2726b,33420,1073,6,0
1874b,33420,1074,7,0
5705b,33420,1075,8,0
3885b,33420,1076,9,0
2494b,33420,1077,10,0
2729b,33420,1078,11,0
2685b,33420,1080,12,0
1122b,33420,1081,13,0
96b,33420,1081,14,0
503b,33420,1082,15,0
495b,33420,1082,16,0
1022b,33420,1083,17,0
2905b,33420,1083,18,0
3123b,33420,1083,19,0
18b,33420,1084,20,0
3879b,33420,1085,21,0
1671b,33420,1086,22,0
1656b,33420,1087,23,0
3577b,33420,1090,24,0
3294b,33420,1092,25,0
3028b,33420,1092,26,0
2448b,33420,1093,27,0
1767b,33420,1093,28,0
5877b,33420,1094,29,0
458b,33420,1094,30,0
2804b,33420,1095,31,0
3143b,33420,1096,32,0
2763b,33420,1099,33,0
1974b,33420,1102,34,0
5294b,33420,1104,35,1
3341b,33434,675,1,0
5599b,33434,675,2,0
5651b,33434,675,3,0
4790b,33434,676,4,0
1338b,33434,677,5,0
2726b,33434,677,6,0
1874b,33434,678,7,0
5705b,33434,679,8,0
3885b,33434,680,9,0
2494b,33434,681,10,0
2729b,33434,682,11,0
2685b,33434,684,12,0
1122b,33434,685,13,0
96b,33434,685,14,0
503b,33434,686,15,0
495b,33434,687,16,0
1022b,33434,687,17,0
2905b,33434,688,18,0
3123b,33434,688,19,0
18b,33434,689,20,0
3879b,33434,690,21,0
1671b,33434,691,22,0
1656b,33434,692,23,0
3577b,33434,694,24,0
3294b,33434,696,25,0
3028b,33434,696,26,0
2448b,33434,697,27,0
1767b,33434,697,28,0
5877b,33434,698,29,0
458b,33434,698,30,0
2804b,33434,699,31,0
3143b,33434,700,32,0
2763b,33434,701,33,0
1974b,33434,703,34,0
5294b,33434,705,35,1
5294b,33436,900,1,0
5878b,33436,902,2,0
2843b,33436,902,3,0
2844b,33436,902,4,0
1216b,33436,903,5,0
1611b,33436,904,6,0
2451b,33436,904,7,0
3029b,33436,905,8,0
2528b,33436,906,9,0
3578b,33436,906,10,0
1633b,33436,907,11,0
2633b,33436,908,12,0
1113b,33436,909,13,0
361b,33436,909,14,0
3101b,33436,910,15,0
2484b,33436,910,16,0
22b,33436,911,17,0
689b,33436,911,18,0
869b,33436,912,19,0
1034b,33436,913,20,0
3351b,33436,914,21,0
583b,33436,915,22,0
2703b,33436,916,23,0
2487b,33436,918,24,0
3884b,33436,919,25,0
5713b,33436,920,26,0
1872b,33436,922,27,0
639b,33436,924,28,0
643b,33436,925,29,0
2897b,33436,927,30,0
285b,33436,929,31,0
5600b,33436,930,32,0
3341b,33436,932,33,1
3341b,17262,485,1,0
5599b,17262,485,2,0
5651b,17262,486,3,0
4790b,17262,486,4,0
1338b,17262,488,5,0
2726b,17262,488,6,0
1874b,17262,490,7,0
5705b,17262,491,8,0
3885b,17262,491,9,0
2494b,17262,493,10,0
2729b,17262,495,11,0
2685b,17262,496,12,0
1122b,17262,498,13,0
96b,17262,498,14,0
503b,17262,499,15,0
495b,17262,500,16,0
1022b,17262,500,17,0
2905b,17262,501,18,0
3123b,17262,501,19,0
18b,17262,502,20,0
3879b,17262,503,21,0
1671b,17262,505,22,0
1656b,17262,506,23,0
3577b,17262,508,24,0
3294b,17262,511,25,0
3028b,17262,511,26,0
2448b,17262,512,27,0
1767b,17262,512,28,0
5877b,17262,513,29,0
458b,17262,513,30,0
2804b,17262,514,31,0
3143b,17262,515,32,0
2763b,17262,517,33,0
1974b,17262,520,34,0
5294b,17262,522,35,1
5294b,9394,870,1,0
5878b,9394,872,2,0
2843b,9394,872,3,0
2844b,9394,872,4,0
1216b,9394,873,5,0
1611b,9394,874,6,0
2451b,9394,874,7,0
3029b,9394,875,8,0
2528b,9394,876,9,0
3578b,9394,877,10,0
1633b,9394,879,11,0
2633b,9394,880,12,0
1113b,9394,882,13,0
361b,9394,882,14,0
3101b,9394,883,15,0
2484b,9394,883,16,0
22b,9394,884,17,0
689b,9394,885,18,0
869b,9394,886,19,0
1034b,9394,887,20,0
3351b,9394,888,21,0
583b,9394,889,22,0
2703b,9394,890,23,0
2487b,9394,892,24,0
3884b,9394,893,25,0
5713b,9394,894,26,0
1872b,9394,896,27,0
639b,9394,898,28,0
643b,9394,899,29,0
2897b,9394,901,30,0
285b,9394,903,31,0
5600b,9394,904,32,0
3341b,9394,906,33,1
5294b,10407,620,1,0
5878b,10407,622,2,0
2843b,10407,622,3,0
2844b,10407,622,4,0
1216b,10407,623,5,0
1611b,10407,624,6,0
2451b,10407,624,7,0
3029b,10407,625,8,0
2528b,10407,626,9,0
3578b,10407,626,10,0
1633b,10407,627,11,0
2633b,10407,628,12,0
1113b,10407,629,13,0
361b,10407,629,14,0
3101b,10407,630,15,0
2484b,10407,630,16,0
22b,10407,631,17,0
689b,10407,631,18,0
869b,10407,632,19,0
1034b,10407,633,20,0
3351b,10407,634,21,0
583b,10407,635,22,0
2703b,10407,636,23,0
2487b,10407,638,24,0
3884b,10407,639,25,0
5713b,10407,640,26,0
1872b,10407,642,27,0
639b,10407,644,28,0
643b,10407,645,29,0
2897b,10407,647,30,0
285b,10407,649,31,0
5600b,10407,650,32,0
3341b,10407,652,33,1
3341b,1742,915,1,0
5599b,1742,915,2,0
5651b,1742,916,3,0
4790b,1742,916,4,0
1338b,1742,917,5,0
2726b,1742,918,6,0
1874b,1742,919,7,0
5705b,1742,920,8,0
3885b,1742,921,9,0
2494b,1742,922,10,0
2729b,1742,923,11,0
2685b,1742,925,12,0
1122b,1742,926,13,0
96b,1742,926,14,0
503b,1742,927,15,0
495b,1742,928,16,0
1022b,1742,928,17,0
2905b,1742,929,18,0
3123b,1742,929,19,0
18b,1742,930,20,0
3879b,1742,931,21,0
1671b,1742,932,22,0
1656b,1742,933,23,0
3577b,1742,935,24,0
3294b,1742,937,25,0
3028b,1742,937,26,0
2448b,1742,938,27,0
1767b,1742,938,28,0
5877b,1742,939,29,0
458b,1742,939,30,0
2804b,1742,940,31,0
3143b,1742,941,32,0
2763b,1742,943,33,0
1974b,1742,945,34,0
5294b,1742,947,35,1
3341b,21794,445,1,0
5599b,21794,445,2,0
5651b,21794,446,3,0
4790b,21794,446,4,0
1338b,21794,448,5,0
2726b,21794,448,6,0
1874b,21794,450,7,0
5705b,21794,451,8,0
3885b,21794,451,9,0
2494b,21794,453,10,0
2729b,21794,455,11,0
2685b,21794,456,12,0
1122b,21794,458,13,0
96b,21794,458,14,0
503b,21794,459,15,0
495b,21794,460,16,0
1022b,21794,461,17,0
2905b,21794,461,18,0
3123b,21794,462,19,0
18b,21794,462,20,0
3879b,21794,464,21,0
1671b,21794,466,22,0
1656b,21794,467,23,0
3577b,21794,469,24,0
3294b,21794,472,25,0
3028b,21794,472,26,0
2448b,21794,473,27,0
1767b,21794,473,28,0
5877b,21794,474,29,0
458b,21794,474,30,0
2804b,21794,475,31,0
3143b,21794,476,32,0
2763b,21794,478,33,0
1974b,21794,481,34,0
5294b,21794,483,35,1
5294b,1474,780,1,0
5878b,1474,782,2,0
2843b,1474,782,3,0
2844b,1474,782,4,0
1216b,1474,783,5,0
1611b,1474,784,6,0
2451b,1474,784,7,0
3029b,1474,785,8,0
2528b,1474,786,9,0
3578b,1474,787,10,0
1633b,1474,789,11,0
2633b,1474,790,12,0
1113b,1474,792,13,0
361b,1474,792,14,0
3101b,1474,793,15,0
2484b,1474,793,16,0
22b,1474,794,17,0
689b,1474,795,18,0
869b,1474,796,19,0
1034b,1474,797,20,0
3351b,1474,798,21,0
583b,1474,799,22,0
2703b,1474,800,23,0
2487b,1474,802,24,0
3884b,1474,803,25,0
5713b,1474,804,26,0
1872b,1474,806,27,0
639b,1474,808,28,0
643b,1474,809,29,0
2897b,1474,811,30,0
285b,1474,813,31,0
5600b,1474,814,32,0
3341b,1474,816,33,1
5294b,21823,1015,1,0
5878b,21823,1017,2,0
2843b,21823,1017,3,0
2844b,21823,1017,4,0
1216b,21823,1018,5,0
1611b,21823,1019,6,0
2451b,21823,1020,7,0
3029b,21823,1021,8,0
2528b,21823,1022,9,0
3578b,21823,1024,10,0
1633b,21823,1026,11,0
2633b,21823,1027,12,0
1113b,21823,1030,13,0
361b,21823,1031,14,0
3101b,21823,1031,15,0
2484b,21823,1032,16,0
22b,21823,1033,17,0
689b,21823,1033,18,0
869b,21823,1034,19,0
1034b,21823,1036,20,0
3351b,21823,1037,21,0
583b,21823,1038,22,0
2703b,21823,1040,23,0
2487b,21823,1043,24,0
3884b,21823,1044,25,0
5713b,21823,1045,26,0
1872b,21823,1047,27,0
639b,21823,1049,28,0
643b,21823,1050,29,0
2897b,21823,1052,30,0
285b,21823,1054,31,0
5600b,21823,1055,32,0
3341b,21823,1057,33,1
5294b,27642,1150,1,0
5878b,27642,1152,2,0
2843b,27642,1152,3,0
2844b,27642,1152,4,0
1216b,27642,1153,5,0
1611b,27642,1154,6,0
2451b,27642,1154,7,0
3029b,27642,1155,8,0
2528b,27642,1156,9,0
3578b,27642,1157,10,0
1633b,27642,1158,11,0
2633b,27642,1159,12,0
1113b,27642,1161,13,0
361b,27642,1161,14,0
3101b,27642,1162,15,0
2484b,27642,1162,16,0
22b,27642,1163,17,0
689b,27642,1163,18,0
869b,27642,1164,19,0
1034b,27642,1165,20,0
3351b,27642,1166,21,0
583b,27642,1167,22,0
2703b,27642,1168,23,0
2487b,27642,1170,24,0
3884b,27642,1171,25,0
5713b,27642,1172,26,0
1872b,27642,1174,27,0
639b,27642,1176,28,0
643b,27642,1177,29,0
2897b,27642,1179,30,0
285b,27642,1181,31,0
5600b,27642,1182,32,0
3341b,27642,1184,33,1
5294b,1289,1080,1,0
5878b,1289,1082,2,0
2843b,1289,1082,3,0
2844b,1289,1082,4,0
1216b,1289,1083,5,0
1611b,1289,1084,6,0
2451b,1289,1085,7,0
3029b,1289,1086,8,0
2528b,1289,1087,9,0
3578b,1289,1088,10,0
1633b,1289,1089,11,0
2633b,1289,1090,12,0
1113b,1289,1092,13,0
361b,1289,1092,14,0
3101b,1289,1093,15,0
2484b,1289,1093,16,0
22b,1289,1094,17,0
689b,1289,1094,18,0
869b,1289,1095,19,0
1034b,1289,1096,20,0
3351b,1289,1097,21,0
583b,1289,1098,22,0
2703b,1289,1099,23,0
2487b,1289,1101,24,0
3884b,1289,1102,25,0
5713b,1289,1103,26,0
1872b,1289,1105,27,0
639b,1289,1107,28,0
643b,1289,1108,29,0
2897b,1289,1110,30,0
285b,1289,1112,31,0
5600b,1289,1113,32,0
3341b,1289,1115,33,1
3341b,5684,430,1,0
5599b,5684,430,2,0
5651b,5684,431,3,0
4790b,5684,431,4,0
1338b,5684,432,5,0
2726b,5684,433,6,0
1874b,5684,434,7,0
5705b,5684,435,8,0
3885b,5684,436,9,0
2494b,5684,437,10,0
2729b,5684,438,11,0
2685b,5684,440,12,0
1122b,5684,441,13,0
96b,5684,441,14,0
503b,5684,442,15,0
495b,5684,443,16,0
1022b,5684,443,17,0
2905b,5684,444,18,0
3123b,5684,444,19,0
18b,5684,445,20,0
3879b,5684,446,21,0
1671b,5684,448,22,0
1656b,5684,449,23,0
3577b,5684,451,24,0
3294b,5684,454,25,0
3028b,5684,454,26,0
2448b,5684,455,27,0
1767b,5684,455,28,0
5877b,5684,456,29,0
458b,5684,456,30,0
2804b,5684,457,31,0
3143b,5684,458,32,0
2763b,5684,460,33,0
1974b,5684,463,34,0
5294b,5684,465,35,1
3341b,27578,1005,1,0
5599b,27578,1005,2,0
5651b,27578,1006,3,0
4790b,27578,1006,4,0
1338b,27578,1008,5,0
2726b,27578,1008,6,0
1874b,27578,1010,7,0
5705b,27578,1011,8,0
3885b,27578,1011,9,0
2494b,27578,1013,10,0
2729b,27578,1015,11,0
2685b,27578,1016,12,0
1122b,27578,1018,13,0
96b,27578,1018,14,0
503b,27578,1019,15,0
495b,27578,1020,16,0
1022b,27578,1020,17,0
2905b,27578,1021,18,0
3123b,27578,1021,19,0
18b,27578,1022,20,0
3879b,27578,1023,21,0
1671b,27578,1024,22,0
1656b,27578,1025,23,0
3577b,27578,1027,24,0
3294b,27578,1029,25,0
3028b,27578,1029,26,0
2448b,27578,1030,27,0
1767b,27578,1030,28,0
5877b,27578,1031,29,0
458b,27578,1031,30,0
2804b,27578,1032,31,0
3143b,27578,1033,32,0
2763b,27578,1036,33,0
1974b,27578,1039,34,0
5294b,27578,1041,35,1
5294b,19716,1050,1,0
5878b,19716,1052,2,0
2843b,19716,1052,3,0
2844b,19716,1052,4,0
1216b,19716,1053,5,0
1611b,19716,1054,6,0
2451b,19716,1055,7,0
3029b,19716,1056,8,0
2528b,19716,1057,9,0
3578b,19716,1059,10,0
1633b,19716,1061,11,0
2633b,19716,1062,12,0
1113b,19716,1065,13,0
361b,19716,1065,14,0
3101b,19716,1066,15,0
2484b,19716,1066,16,0
22b,19716,1067,17,0
689b,19716,1067,18,0
869b,19716,1068,19,0
1034b,19716,1069,20,0
3351b,19716,1070,21,0
583b,19716,1071,22,0
2703b,19716,1072,23,0
2487b,19716,1074,24,0
3884b,19716,1075,25,0
5713b,19716,1076,26,0
1872b,19716,1078,27,0
639b,19716,1080,28,0
643b,19716,1081,29,0
2897b,19716,1083,30,0
285b,19716,1085,31,0
5600b,19716,1086,32,0
3341b,19716,1088,33,1
3341b,27405,825,1,0
5599b,27405,825,2,0
5651b,27405,826,3,0
4790b,27405,826,4,0
1338b,27405,827,5,0
2726b,27405,828,6,0
1874b,27405,829,7,0
5705b,27405,830,8,0
3885b,27405,831,9,0
2494b,27405,832,10,0
2729b,27405,833,11,0
2685b,27405,835,12,0
1122b,27405,836,13,0
96b,27405,836,14,0
503b,27405,837,15,0
495b,27405,838,16,0
1022b,27405,839,17,0
2905b,27405,839,18,0
3123b,27405,840,19,0
18b,27405,840,20,0
3879b,27405,842,21,0
1671b,27405,843,22,0
1656b,27405,844,23,0
3577b,27405,846,24,0
3294b,27405,848,25,0
3028b,27405,848,26,0
2448b,27405,849,27,0
1767b,27405,849,28,0
5877b,27405,850,29,0
458b,27405,850,30,0
2804b,27405,851,31,0
3143b,27405,852,32,0
2763b,27405,854,33,0
1974b,27405,856,34,0
5294b,27405,858,35,1
5294b,36230,870,1,0
5878b,36230,872,2,0
2843b,36230,872,3,0
2844b,36230,872,4,0
1216b,36230,873,5,0
1611b,36230,874,6,0
2451b,36230,874,7,0
3029b,36230,875,8,0
2528b,36230,876,9,0
3578b,36230,876,10,0
1633b,36230,877,11,0
2633b,36230,878,12,0
1113b,36230,879,13,0
361b,36230,879,14,0
3101b,36230,880,15,0
2484b,36230,880,16,0
22b,36230,881,17,0
689b,36230,881,18,0
869b,36230,882,19,0
1034b,36230,883,20,0
3351b,36230,884,21,0
583b,36230,885,22,0
2703b,36230,886,23,0
2487b,36230,888,24,0
3884b,36230,889,25,0
5713b,36230,890,26,0
1872b,36230,892,27,0
639b,36230,894,28,0
643b,36230,895,29,0
2897b,36230,897,30,0
285b,36230,899,31,0
5600b,36230,900,32,0
3341b,36230,902,33,1
3341b,25083,735,1,0
5599b,25083,735,2,0
5651b,25083,736,3,0
4790b,25083,736,4,0
1338b,25083,737,5,0
2726b,25083,738,6,0
1874b,25083,739,7,0
5705b,25083,740,8,0
3885b,25083,741,9,0
2494b,25083,742,10,0
2729b,25083,743,11,0
2685b,25083,745,12,0
1122b,25083,746,13,0
96b,25083,746,14,0
503b,25083,747,15,0
495b,25083,748,16,0
1022b,25083,749,17,0
2905b,25083,749,18,0
3123b,25083,750,19,0
18b,25083,750,20,0
3879b,25083,752,21,0
1671b,25083,753,22,0
1656b,25083,754,23,0
3577b,25083,756,24,0
3294b,25083,758,25,0
3028b,25083,758,26,0
2448b,25083,759,27,0
1767b,25083,759,28,0
5877b,25083,760,29,0
458b,25083,760,30,0
2804b,25083,761,31,0
3143b,25083,762,32,0
2763b,25083,764,33,0
1974b,25083,766,34,0
5294b,25083,768,35,1
5294b,15785,1115,1,0
5878b,15785,1117,2,0
2843b,15785,1117,3,0
2844b,15785,1117,4,0
1216b,15785,1118,5,0
1611b,15785,1119,6,0
2451b,15785,1119,7,0
3029b,15785,1120,8,0
2528b,15785,1121,9,0
3578b,15785,1122,10,0
1633b,15785,1123,11,0
2633b,15785,1123,12,0
1113b,15785,1125,13,0
361b,15785,1125,14,0
3101b,15785,1126,15,0
2484b,15785,1126,16,0
22b,15785,1127,17,0
689b,15785,1127,18,0
869b,15785,1128,19,0
1034b,15785,1129,20,0
3351b,15785,1130,21,0
583b,15785,1131,22,0
2703b,15785,1132,23,0
2487b,15785,1134,24,0
3884b,15785,1135,25,0
5713b,15785,1136,26,0
1872b,15785,1138,27,0
639b,15785,1140,28,0
643b,15785,1141,29,0
2897b,15785,1143,30,0
285b,15785,1145,31,0
5600b,15785,1146,32,0
3341b,15785,1148,33,1
3341b,15718,615,1,0
5599b,15718,615,2,0
5651b,15718,615,3,0
4790b,15718,616,4,0
1338b,15718,617,5,0
2726b,15718,617,6,0
1874b,15718,618,7,0
5705b,15718,619,8,0
3885b,15718,620,9,0
2494b,15718,621,10,0
2729b,15718,622,11,0
2685b,15718,624,12,0
1122b,15718,625,13,0
96b,15718,625,14,0
503b,15718,626,15,0
495b,15718,627,16,0
1022b,15718,627,17,0
2905b,15718,628,18,0
3123b,15718,628,19,0
18b,15718,629,20,0
3879b,15718,630,21,0
1671b,15718,631,22,0
1656b,15718,632,23,0
3577b,15718,634,24,0
3294b,15718,636,25,0
3028b,15718,636,26,0
2448b,15718,637,27,0
1767b,15718,637,28,0
5877b,15718,638,29,0
458b,15718,638,30,0
2804b,15718,639,31,0
3143b,15718,640,32,0
2763b,15718,641,33,0
1974b,15718,643,34,0
5294b,15718,645,35,1
3341b,25119,915,1,0
5599b,25119,915,2,0
5651b,25119,915,3,0
4790b,25119,916,4,0
1338b,25119,917,5,0
2726b,25119,917,6,0
1874b,25119,918,7,0
5705b,25119,919,8,0
3885b,25119,920,9,0
2494b,25119,921,10,0
2729b,25119,922,11,0
2685b,25119,924,12,0
1122b,25119,925,13,0
96b,25119,925,14,0
503b,25119,926,15,0
495b,25119,927,16,0
1022b,25119,927,17,0
2905b,25119,928,18,0
3123b,25119,928,19,0
18b,25119,929,20,0
3879b,25119,930,21,0
1671b,25119,931,22,0
1656b,25119,932,23,0
3577b,25119,934,24,0
3294b,25119,936,25,0
3028b,25119,936,26,0
2448b,25119,937,27,0
1767b,25119,937,28,0
5877b,25119,938,29,0
458b,25119,938,30,0
2804b,25119,939,31,0
3143b,25119,940,32,0
2763b,25119,941,33,0
1974b,25119,943,34,0
5294b,25119,945,35,1
3341b,29352,945,1,0
5599b,29352,945,2,0
5651b,29352,945,3,0
4790b,29352,946,4,0
1338b,29352,947,5,0
2726b,29352,947,6,0
1874b,29352,948,7,0
5705b,29352,949,8,0
3885b,29352,950,9,0
2494b,29352,951,10,0
2729b,29352,952,11,0
2685b,29352,954,12,0
1122b,29352,955,13,0
96b,29352,955,14,0
503b,29352,956,15,0
495b,29352,957,16,0
1022b,29352,957,17,0
2905b,29352,958,18,0
3123b,29352,958,19,0
18b,29352,959,20,0
3879b,29352,960,21,0
1671b,29352,961,22,0
1656b,29352,962,23,0
3577b,29352,964,24,0
3294b,29352,966,25,0
3028b,29352,966,26,0
2448b,29352,967,27,0
1767b,29352,967,28,0
5877b,29352,968,29,0
458b,29352,968,30,0
2804b,29352,969,31,0
3143b,29352,970,32,0
2763b,29352,971,33,0
1974b,29352,973,34,0
5294b,29352,975,35,1
3341b,29295,855,1,0
5599b,29295,855,2,0
5651b,29295,855,3,0
4790b,29295,856,4,0
1338b,29295,857,5,0
2726b,29295,857,6,0
1874b,29295,858,7,0
5705b,29295,859,8,0
3885b,29295,860,9,0
2494b,29295,861,10,0
2729b,29295,862,11,0
2685b,29295,864,12,0
1122b,29295,865,13,0
96b,29295,865,14,0
503b,29295,866,15,0
495b,29295,867,16,0
1022b,29295,868,17,0
2905b,29295,868,18,0
3123b,29295,869,19,0
18b,29295,869,20,0
3879b,29295,871,21,0
1671b,29295,872,22,0
1656b,29295,873,23,0
3577b,29295,875,24,0
3294b,29295,877,25,0
3028b,29295,877,26,0
2448b,29295,878,27,0
1767b,29295,878,28,0
5877b,29295,879,29,0
458b,29295,879,30,0
2804b,29295,880,31,0
3143b,29295,881,32,0
2763b,29295,882,33,0
1974b,29295,884,34,0
5294b,29295,886,35,1
5294b,25441,1150,1,0
5878b,25441,1152,2,0
2843b,25441,1152,3,0
2844b,25441,1152,4,0
1216b,25441,1153,5,0
1611b,25441,1154,6,0
2451b,25441,1154,7,0
3029b,25441,1155,8,0
2528b,25441,1156,9,0
3578b,25441,1156,10,0
1633b,25441,1157,11,0
2633b,25441,1158,12,0
1113b,25441,1159,13,0
361b,25441,1159,14,0
3101b,25441,1160,15,0
2484b,25441,1160,16,0
22b,25441,1161,17,0
689b,25441,1161,18,0
869b,25441,1162,19,0
1034b,25441,1163,20,0
3351b,25441,1164,21,0
583b,25441,1165,22,0
2703b,25441,1166,23,0
2487b,25441,1168,24,0
3884b,25441,1169,25,0
5713b,25441,1170,26,0
1872b,25441,1172,27,0
639b,25441,1174,28,0
643b,25441,1175,29,0
2897b,25441,1177,30,0
285b,25441,1179,31,0
5600b,25441,1180,32,0
3341b,25441,1182,33,1
5294b,7906,520,1,0
5878b,7906,522,2,0
2843b,7906,522,3,0
2844b,7906,522,4,0
1216b,7906,523,5,0
1611b,7906,524,6,0
2451b,7906,524,7,0
3029b,7906,525,8,0
2528b,7906,526,9,0
3578b,7906,527,10,0
1633b,7906,529,11,0
2633b,7906,530,12,0
1113b,7906,533,13,0
361b,7906,533,14,0
3101b,7906,534,15,0
2484b,7906,534,16,0
22b,7906,535,17,0
689b,7906,535,18,0
869b,7906,536,19,0
1034b,7906,537,20,0
3351b,7906,538,21,0
583b,7906,539,22,0
2703b,7906,540,23,0
2487b,7906,543,24,0
3884b,7906,544,25,0
5713b,7906,545,26,0
1872b,7906,547,27,0
639b,7906,549,28,0
643b,7906,550,29,0
2897b,7906,552,30,0
285b,7906,554,31,0
5600b,7906,555,32,0
3341b,7906,557,33,1
3341b,34202,970,1,0
5599b,34202,970,2,0
5651b,34202,970,3,0
4790b,34202,971,4,0
1338b,34202,972,5,0
2726b,34202,972,6,0
1874b,34202,973,7,0
5705b,34202,974,8,0
3885b,34202,975,9,0
2494b,34202,976,10,0
2729b,34202,977,11,0
2685b,34202,979,12,0
1122b,34202,980,13,0
96b,34202,980,14,0
503b,34202,981,15,0
495b,34202,982,16,0
1022b,34202,982,17,0
2905b,34202,983,18,0
3123b,34202,983,19,0
18b,34202,984,20,0
3879b,34202,985,21,0
1671b,34202,986,22,0
1656b,34202,987,23,0
3577b,34202,989,24,0
3294b,34202,991,25,0
3028b,34202,991,26,0
2448b,34202,992,27,0
1767b,34202,992,28,0
5877b,34202,993,29,0
458b,34202,993,30,0
2804b,34202,994,31,0
3143b,34202,995,32,0
2763b,34202,997,33,0
1974b,34202,999,34,0
5294b,34202,1001,35,1
3341b,11949,445,1,0
5599b,11949,445,2,0
5651b,11949,446,3,0
4790b,11949,446,4,0
1338b,11949,447,5,0
2726b,11949,448,6,0
1874b,11949,449,7,0
5705b,11949,450,8,0
3885b,11949,451,9,0
2494b,11949,452,10,0
2729b,11949,454,11,0
2685b,11949,455,12,0
1122b,11949,457,13,0
96b,11949,457,14,0
503b,11949,458,15,0
495b,11949,459,16,0
1022b,11949,460,17,0
2905b,11949,460,18,0
3123b,11949,461,19,0
18b,11949,461,20,0
3879b,11949,463,21,0
1671b,11949,464,22,0
1656b,11949,465,23,0
3577b,11949,467,24,0
3294b,11949,469,25,0
3028b,11949,469,26,0
2448b,11949,470,27,0
1767b,11949,470,28,0
5877b,11949,471,29,0
458b,11949,471,30,0
2804b,11949,472,31,0
3143b,11949,473,32,0
2763b,11949,475,33,0
1974b,11949,477,34,0
5294b,11949,479,35,1
3341b,23895,485,1,0
5599b,23895,485,2,0
5651b,23895,486,3,0
4790b,23895,486,4,0
1338b,23895,487,5,0
2726b,23895,488,6,0
1874b,23895,489,7,0
5705b,23895,490,8,0
3885b,23895,491,9,0
2494b,23895,492,10,0
2729b,23895,494,11,0
2685b,23895,495,12,0
1122b,23895,497,13,0
96b,23895,497,14,0
503b,23895,498,15,0
495b,23895,499,16,0
1022b,23895,499,17,0
2905b,23895,500,18,0
3123b,23895,500,19,0
18b,23895,501,20,0
3879b,23895,502,21,0
1671b,23895,503,22,0
1656b,23895,504,23,0
3577b,23895,506,24,0
3294b,23895,508,25,0
3028b,23895,508,26,0
2448b,23895,509,27,0
1767b,23895,509,28,0
5877b,23895,510,29,0
458b,23895,510,30,0
2804b,23895,511,31,0
3143b,23895,512,32,0
2763b,23895,514,33,0
1974b,23895,516,34,0
5294b,23895,518,35,1
5294b,38813,725,1,0
5878b,38813,727,2,0
2843b,38813,727,3,0
2844b,38813,727,4,0
1216b,38813,728,5,0
1611b,38813,729,6,0
2451b,38813,729,7,0
3029b,38813,730,8,0
2528b,38813,731,9,0
3578b,38813,732,10,0
1633b,38813,734,11,0
2633b,38813,735,12,0
1113b,38813,737,13,0
361b,38813,737,14,0
3101b,38813,738,15,0
2484b,38813,738,16,0
22b,38813,739,17,0
689b,38813,740,18,0
869b,38813,741,19,0
1034b,38813,742,20,0
3351b,38813,743,21,0
583b,38813,744,22,0
2703b,38813,745,23,0
2487b,38813,747,24,0
3884b,38813,748,25,0
5713b,38813,749,26,0
1872b,38813,751,27,0
639b,38813,753,28,0
643b,38813,754,29,0
2897b,38813,756,30,0
285b,38813,758,31,0
5600b,38813,759,32,0
3341b,38813,761,33,1
3341b,38725,465,1,0
5599b,38725,465,2,0
5651b,38725,466,3,0
4790b,38725,466,4,0
1338b,38725,467,5,0
2726b,38725,468,6,0
1874b,38725,469,7,0
5705b,38725,470,8,0
3885b,38725,471,9,0
2494b,38725,472,10,0
2729b,38725,474,11,0
2685b,38725,475,12,0
1122b,38725,477,13,0
96b,38725,477,14,0
503b,38725,478,15,0
495b,38725,479,16,0
1022b,38725,480,17,0
2905b,38725,480,18,0
3123b,38725,481,19,0
18b,38725,481,20,0
3879b,38725,483,21,0
1671b,38725,484,22,0
1656b,38725,485,23,0
3577b,38725,487,24,0
3294b,38725,489,25,0
3028b,38725,489,26,0
2448b,38725,490,27,0
1767b,38725,490,28,0
5877b,38725,491,29,0
458b,38725,491,30,0
2804b,38725,492,31,0
3143b,38725,493,32,0
2763b,38725,495,33,0
1974b,38725,497,34,0
5294b,38725,499,35,1
3341b,30127,400,1,0
5599b,30127,400,2,0
5651b,30127,400,3,0
4790b,30127,401,4,0
1338b,30127,402,5,0
2726b,30127,402,6,0
1874b,30127,403,7,0
5705b,30127,404,8,0
3885b,30127,405,9,0
2494b,30127,406,10,0
2729b,30127,407,11,0
2685b,30127,409,12,0
1122b,30127,410,13,0
96b,30127,410,14,0
503b,30127,411,15,0
495b,30127,412,16,0
1022b,30127,412,17,0
2905b,30127,413,18,0
3123b,30127,413,19,0
18b,30127,414,20,0
3879b,30127,415,21,0
1671b,30127,416,22,0
1656b,30127,417,23,0
3577b,30127,419,24,0
3294b,30127,421,25,0
3028b,30127,421,26,0
2448b,30127,422,27,0
1767b,30127,422,28,0
5877b,30127,423,29,0
458b,30127,423,30,0
2804b,30127,424,31,0
3143b,30127,425,32,0
2763b,30127,426,33,0
1974b,30127,428,34,0
5294b,30127,430,35,1
5294b,34578,570,1,0
5878b,34578,572,2,0
2843b,34578,572,3,0
2844b,34578,572,4,0
1216b,34578,573,5,0
1611b,34578,574,6,0
2451b,34578,574,7,0
3029b,34578,575,8,0
2528b,34578,576,9,0
3578b,34578,576,10,0
1633b,34578,577,11,0
2633b,34578,578,12,0
1113b,34578,579,13,0
361b,34578,579,14,0
3101b,34578,580,15,0
2484b,34578,580,16,0
22b,34578,581,17,0
689b,34578,581,18,0
869b,34578,582,19,0
1034b,34578,583,20,0
3351b,34578,584,21,0
583b,34578,585,22,0
2703b,34578,586,23,0
2487b,34578,588,24,0
3884b,34578,589,25,0
5713b,34578,590,26,0
1872b,34578,592,27,0
639b,34578,594,28,0
643b,34578,595,29,0
2897b,34578,597,30,0
285b,34578,599,31,0
5600b,34578,600,32,0
3341b,34578,602,33,1
5294b,30094,960,1,0
5878b,30094,962,2,0
2843b,30094,962,3,0
2844b,30094,962,4,0
1216b,30094,963,5,0
1611b,30094,964,6,0
2451b,30094,964,7,0
3029b,30094,965,8,0
2528b,30094,966,9,0
3578b,30094,966,10,0
1633b,30094,967,11,0
2633b,30094,968,12,0
1113b,30094,969,13,0
361b,30094,969,14,0
3101b,30094,970,15,0
2484b,30094,970,16,0
22b,30094,971,17,0
689b,30094,971,18,0
869b,30094,972,19,0
1034b,30094,973,20,0
3351b,30094,974,21,0
583b,30094,975,22,0
2703b,30094,976,23,0
2487b,30094,978,24,0
3884b,30094,979,25,0
5713b,30094,980,26,0
1872b,30094,982,27,0
639b,30094,984,28,0
643b,30094,985,29,0
2897b,30094,987,30,0
285b,30094,989,31,0
5600b,30094,990,32,0
3341b,30094,992,33,1
3341b,38339,465,1,0
5599b,38339,465,2,0
5651b,38339,466,3,0
4790b,38339,466,4,0
1338b,38339,468,5,0
2726b,38339,468,6,0
1874b,38339,470,7,0
5705b,38339,471,8,0
3885b,38339,471,9,0
2494b,38339,473,10,0
2729b,38339,475,11,0
2685b,38339,476,12,0
1122b,38339,478,13,0
96b,38339,478,14,0
503b,38339,479,15,0
495b,38339,480,16,0
1022b,38339,481,17,0
2905b,38339,481,18,0
3123b,38339,482,19,0
18b,38339,482,20,0
3879b,38339,484,21,0
1671b,38339,486,22,0
1656b,38339,487,23,0
3577b,38339,489,24,0
3294b,38339,492,25,0
3028b,38339,492,26,0
2448b,38339,493,27,0
1767b,38339,493,28,0
5877b,38339,494,29,0
458b,38339,494,30,0
2804b,38339,495,31,0
3143b,38339,496,32,0
2763b,38339,498,33,0
1974b,38339,501,34,0
5294b,38339,503,35,1
5294b,34105,960,1,0
5878b,34105,962,2,0
2843b,34105,962,3,0
2844b,34105,962,4,0
1216b,34105,963,5,0
1611b,34105,964,6,0
2451b,34105,964,7,0
3029b,34105,965,8,0
2528b,34105,966,9,0
3578b,34105,967,10,0
1633b,34105,969,11,0
2633b,34105,970,12,0
1113b,34105,972,13,0
361b,34105,973,14,0
3101b,34105,973,15,0
2484b,34105,974,16,0
22b,34105,975,17,0
689b,34105,975,18,0
869b,34105,976,19,0
1034b,34105,978,20,0
3351b,34105,979,21,0
583b,34105,980,22,0
2703b,34105,982,23,0
2487b,34105,985,24,0
3884b,34105,986,25,0
5713b,34105,987,26,0
1872b,34105,989,27,0
639b,34105,991,28,0
643b,34105,992,29,0
2897b,34105,994,30,0
285b,34105,996,31,0
5600b,34105,997,32,0
3341b,34105,999,33,1
3341b,38456,825,1,0
5599b,38456,825,2,0
5651b,38456,825,3,0
4790b,38456,826,4,0
1338b,38456,827,5,0
2726b,38456,827,6,0
1874b,38456,828,7,0
5705b,38456,829,8,0
3885b,38456,830,9,0
2494b,38456,831,10,0
2729b,38456,832,11,0
2685b,38456,834,12,0
1122b,38456,835,13,0
96b,38456,835,14,0
503b,38456,836,15,0
495b,38456,837,16,0
1022b,38456,838,17,0
2905b,38456,838,18,0
3123b,38456,839,19,0
18b,38456,839,20,0
3879b,38456,841,21,0
1671b,38456,842,22,0
1656b,38456,843,23,0
3577b,38456,845,24,0
3294b,38456,847,25,0
3028b,38456,847,26,0
2448b,38456,848,27,0
1767b,38456,848,28,0
5877b,38456,849,29,0
458b,38456,849,30,0
2804b,38456,850,31,0
3143b,38456,851,32,0
2763b,38456,852,33,0
1974b,38456,854,34,0
5294b,38456,856,35,1
5294b,3215,670,1,0
5878b,3215,672,2,0
2843b,3215,672,3,0
2844b,3215,672,4,0
1216b,3215,673,5,0
1611b,3215,674,6,0
2451b,3215,674,7,0
3029b,3215,675,8,0
2528b,3215,676,9,0
3578b,3215,677,10,0
1633b,3215,679,11,0
2633b,3215,680,12,0
1113b,3215,682,13,0
361b,3215,682,14,0
3101b,3215,683,15,0
2484b,3215,683,16,0
22b,3215,684,17,0
689b,3215,684,18,0
869b,3215,685,19,0
1034b,3215,686,20,0
3351b,3215,687,21,0
583b,3215,688,22,0
2703b,3215,689,23,0
2487b,3215,691,24,0
3884b,3215,692,25,0
5713b,3215,693,26,0
1872b,3215,695,27,0
639b,3215,697,28,0
643b,3215,698,29,0
2897b,3215,700,30,0
285b,3215,702,31,0
5600b,3215,703,32,0
3341b,3215,705,33,1
3341b,8282,735,1,0
5599b,8282,735,2,0
5651b,8282,735,3,0
4790b,8282,736,4,0
1338b,8282,737,5,0
2726b,8282,737,6,0
1874b,8282,738,7,0
5705b,8282,739,8,0
3885b,8282,740,9,0
2494b,8282,741,10,0
2729b,8282,742,11,0
2685b,8282,744,12,0
1122b,8282,745,13,0
96b,8282,745,14,0
503b,8282,746,15,0
495b,8282,747,16,0
1022b,8282,748,17,0
2905b,8282,748,18,0
3123b,8282,749,19,0
18b,8282,749,20,0
3879b,8282,751,21,0
1671b,8282,752,22,0
1656b,8282,753,23,0
3577b,8282,755,24,0
3294b,8282,757,25,0
3028b,8282,757,26,0
2448b,8282,758,27,0
1767b,8282,758,28,0
5877b,8282,759,29,0
458b,8282,759,30,0
2804b,8282,760,31,0
3143b,8282,761,32,0
2763b,8282,762,33,0
1974b,8282,764,34,0
5294b,8282,766,35,1
5294b,32130,1115,1,0
5878b,32130,1117,2,0
2843b,32130,1117,3,0
2844b,32130,1117,4,0
1216b,32130,1118,5,0
1611b,32130,1119,6,0
2451b,32130,1119,7,0
3029b,32130,1120,8,0
2528b,32130,1121,9,0
3578b,32130,1122,10,0
1633b,32130,1124,11,0
2633b,32130,1125,12,0
1113b,32130,1128,13,0
361b,32130,1128,14,0
3101b,32130,1129,15,0
2484b,32130,1129,16,0
22b,32130,1130,17,0
689b,32130,1130,18,0
869b,32130,1131,19,0
1034b,32130,1132,20,0
3351b,32130,1133,21,0
583b,32130,1134,22,0
2703b,32130,1135,23,0
2487b,32130,1137,24,0
3884b,32130,1138,25,0
5713b,32130,1139,26,0
1872b,32130,1141,27,0
639b,32130,1143,28,0
643b,32130,1144,29,0
2897b,32130,1146,30,0
285b,32130,1148,31,0
5600b,32130,1149,32,0
3341b,32130,1151,33,1
5294b,3326,725,1,0
5878b,3326,727,2,0
2843b,3326,727,3,0
2844b,3326,727,4,0
1216b,3326,728,5,0
1611b,3326,729,6,0
2451b,3326,729,7,0
3029b,3326,730,8,0
2528b,3326,731,9,0
3578b,3326,731,10,0
1633b,3326,732,11,0
2633b,3326,733,12,0
1113b,3326,734,13,0
361b,3326,734,14,0
3101b,3326,735,15,0
2484b,3326,735,16,0
22b,3326,736,17,0
689b,3326,736,18,0
869b,3326,737,19,0
1034b,3326,738,20,0
3351b,3326,739,21,0
583b,3326,740,22,0
2703b,3326,741,23,0
2487b,3326,743,24,0
3884b,3326,744,25,0
5713b,3326,745,26,0
1872b,3326,747,27,0
639b,3326,749,28,0
643b,3326,750,29,0
2897b,3326,752,30,0
285b,3326,754,31,0
5600b,3326,755,32,0
3341b,3326,757,33,1
3341b,18973,785,1,0
5599b,18973,785,2,0
5651b,18973,785,3,0
4790b,18973,786,4,0
1338b,18973,787,5,0
2726b,18973,787,6,0
1874b,18973,788,7,0
5705b,18973,789,8,0
3885b,18973,790,9,0
2494b,18973,791,10,0
2729b,18973,792,11,0
2685b,18973,794,12,0
1122b,18973,795,13,0
96b,18973,795,14,0
503b,18973,796,15,0
495b,18973,797,16,0
1022b,18973,798,17,0
2905b,18973,798,18,0
3123b,18973,799,19,0
18b,18973,799,20,0
3879b,18973,801,21,0
1671b,18973,802,22,0
1656b,18973,803,23,0
3577b,18973,805,24,0
3294b,18973,807,25,0
3028b,18973,807,26,0
2448b,18973,808,27,0
1767b,18973,808,28,0
5877b,18973,809,29,0
458b,18973,809,30,0
2804b,18973,810,31,0
3143b,18973,811,32,0
2763b,18973,812,33,0
1974b,18973,814,34,0
5294b,18973,816,35,1
3341b,181,555,1,0
5599b,181,555,2,0
5651b,181,556,3,0
4790b,181,556,4,0
1338b,181,557,5,0
2726b,181,558,6,0
1874b,181,559,7,0
5705b,181,560,8,0
3885b,181,561,9,0
2494b,181,562,10,0
2729b,181,563,11,0
2685b,181,565,12,0
1122b,181,566,13,0
96b,181,566,14,0
503b,181,567,15,0
495b,181,568,16,0
1022b,181,568,17,0
2905b,181,569,18,0
3123b,181,569,19,0
18b,181,570,20,0
3879b,181,571,21,0
1671b,181,572,22,0
1656b,181,573,23,0
3577b,181,575,24,0
3294b,181,577,25,0
3028b,181,577,26,0
2448b,181,578,27,0
1767b,181,578,28,0
5877b,181,579,29,0
458b,181,579,30,0
2804b,181,580,31,0
3143b,181,581,32,0
2763b,181,583,33,0
1974b,181,585,34,0
5294b,181,587,35,1
5294b,3052,430,1,0
5878b,3052,432,2,0
2843b,3052,432,3,0
2844b,3052,432,4,0
1216b,3052,433,5,0
1611b,3052,434,6,0
2451b,3052,434,7,0
3029b,3052,435,8,0
2528b,3052,436,9,0
3578b,3052,437,10,0
1633b,3052,439,11,0
2633b,3052,440,12,0
1113b,3052,443,13,0
361b,3052,443,14,0
3101b,3052,444,15,0
2484b,3052,444,16,0
22b,3052,445,17,0
689b,3052,445,18,0
869b,3052,446,19,0
1034b,3052,447,20,0
3351b,3052,448,21,0
583b,3052,449,22,0
2703b,3052,450,23,0
2487b,3052,452,24,0
3884b,3052,453,25,0
5713b,3052,454,26,0
1872b,3052,456,27,0
639b,3052,458,28,0
643b,3052,459,29,0
2897b,3052,461,30,0
285b,3052,463,31,0
5600b,3052,464,32,0
3341b,3052,466,33,1
3341b,3072,885,1,0
5599b,3072,885,2,0
5651b,3072,885,3,0
4790b,3072,886,4,0
1338b,3072,887,5,0
2726b,3072,887,6,0
1874b,3072,888,7,0
5705b,3072,889,8,0
3885b,3072,890,9,0
2494b,3072,891,10,0
2729b,3072,892,11,0
2685b,3072,894,12,0
1122b,3072,895,13,0
96b,3072,895,14,0
503b,3072,896,15,0
495b,3072,897,16,0
1022b,3072,898,17,0
2905b,3072,898,18,0
3123b,3072,899,19,0
18b,3072,899,20,0
3879b,3072,901,21,0
1671b,3072,902,22,0
1656b,3072,903,23,0
3577b,3072,905,24,0
3294b,3072,907,25,0
3028b,3072,907,26,0
2448b,3072,908,27,0
1767b,3072,908,28,0
5877b,3072,909,29,0
458b,3072,909,30,0
2804b,3072,910,31,0
3143b,3072,911,32,0
2763b,3072,912,33,0
1974b,3072,914,34,0
5294b,3072,916,35,1
3341b,11817,1070,1,0
5599b,11817,1070,2,0
5651b,11817,1070,3,0
4790b,11817,1071,4,0
1338b,11817,1072,5,0
2726b,11817,1072,6,0
1874b,11817,1073,7,0
5705b,11817,1074,8,0
3885b,11817,1075,9,0
2494b,11817,1076,10,0
2729b,11817,1077,11,0
2685b,11817,1079,12,0
1122b,11817,1080,13,0
96b,11817,1080,14,0
503b,11817,1081,15,0
495b,11817,1081,16,0
1022b,11817,1082,17,0
2905b,11817,1082,18,0
3123b,11817,1082,19,0
18b,11817,1083,20,0
3879b,11817,1084,21,0
1671b,11817,1085,22,0
1656b,11817,1086,23,0
3577b,11817,1088,24,0
3294b,11817,1090,25,0
3028b,11817,1090,26,0
2448b,11817,1091,27,0
1767b,11817,1091,28,0
5877b,11817,1092,29,0
458b,11817,1092,30,0
2804b,11817,1093,31,0
3143b,11817,1094,32,0
2763b,11817,1096,33,0
1974b,11817,1098,34,0
5294b,11817,1100,35,1
5294b,8971,1050,1,0
5878b,8971,1052,2,0
2843b,8971,1052,3,0
2844b,8971,1052,4,0
1216b,8971,1053,5,0
1611b,8971,1054,6,0
2451b,8971,1055,7,0
3029b,8971,1056,8,0
2528b,8971,1057,9,0
3578b,8971,1058,10,0
1633b,8971,1059,11,0
2633b,8971,1060,12,0
1113b,8971,1062,13,0
361b,8971,1062,14,0
3101b,8971,1063,15,0
2484b,8971,1063,16,0
22b,8971,1064,17,0
689b,8971,1065,18,0
869b,8971,1066,19,0
1034b,8971,1067,20,0
3351b,8971,1068,21,0
583b,8971,1069,22,0
2703b,8971,1070,23,0
2487b,8971,1072,24,0
3884b,8971,1073,25,0
5713b,8971,1074,26,0
1872b,8971,1076,27,0
639b,8971,1078,28,0
643b,8971,1079,29,0
2897b,8971,1081,30,0
285b,8971,1083,31,0
5600b,8971,1084,32,0
3341b,8971,1086,33,1
5294b,4703,490,1,0
5878b,4703,492,2,0
2843b,4703,492,3,0
2844b,4703,492,4,0
1216b,4703,493,5,0
1611b,4703,494,6,0
2451b,4703,494,7,0
3029b,4703,495,8,0
2528b,4703,496,9,0
3578b,4703,497,10,0
1633b,4703,498,11,0
2633b,4703,498,12,0
1113b,4703,500,13,0
361b,4703,500,14,0
3101b,4703,501,15,0
2484b,4703,501,16,0
22b,4703,502,17,0
689b,4703,502,18,0
869b,4703,503,19,0
1034b,4703,504,20,0
3351b,4703,505,21,0
583b,4703,506,22,0
2703b,4703,507,23,0
2487b,4703,509,24,0
3884b,4703,510,25,0
5713b,4703,511,26,0
1872b,4703,513,27,0
639b,4703,515,28,0
643b,4703,516,29,0
2897b,4703,518,30,0
285b,4703,520,31,0
5600b,4703,521,32,0
3341b,4703,523,33,1
5294b,18484,925,1,0
5878b,18484,927,2,0
2843b,18484,927,3,0
2844b,18484,927,4,0
1216b,18484,928,5,0
1611b,18484,929,6,0
2451b,18484,929,7,0
3029b,18484,930,8,0
2528b,18484,931,9,0
3578b,18484,932,10,0
1633b,18484,934,11,0
2633b,18484,935,12,0
1113b,18484,937,13,0
361b,18484,938,14,0
3101b,18484,938,15,0
2484b,18484,939,16,0
22b,18484,940,17,0
689b,18484,940,18,0
869b,18484,941,19,0
1034b,18484,943,20,0
3351b,18484,944,21,0
583b,18484,945,22,0
2703b,18484,946,23,0
2487b,18484,948,24,0
3884b,18484,949,25,0
5713b,18484,950,26,0
1872b,18484,952,27,0
639b,18484,954,28,0
643b,18484,955,29,0
2897b,18484,957,30,0
285b,18484,959,31,0
5600b,18484,960,32,0
3341b,18484,962,33,1
5294b,32846,830,1,0
5878b,32846,832,2,0
2843b,32846,832,3,0
2844b,32846,832,4,0
1216b,32846,833,5,0
1611b,32846,834,6,0
2451b,32846,834,7,0
3029b,32846,835,8,0
2528b,32846,836,9,0
3578b,32846,836,10,0
1633b,32846,837,11,0
2633b,32846,838,12,0
1113b,32846,839,13,0
361b,32846,839,14,0
3101b,32846,840,15,0
2484b,32846,840,16,0
22b,32846,841,17,0
689b,32846,841,18,0
869b,32846,842,19,0
1034b,32846,843,20,0
3351b,32846,844,21,0
583b,32846,845,22,0
2703b,32846,846,23,0
2487b,32846,848,24,0
3884b,32846,849,25,0
5713b,32846,850,26,0
1872b,32846,852,27,0
639b,32846,854,28,0
643b,32846,855,29,0
2897b,32846,857,30,0
285b,32846,859,31,0
5600b,32846,860,32,0
3341b,32846,862,33,1
5294b,475,400,1,0
5878b,475,402,2,0
2843b,475,402,3,0
2844b,475,402,4,0
1216b,475,403,5,0
1611b,475,404,6,0
2451b,475,404,7,0
3029b,475,405,8,0
2528b,475,406,9,0
3578b,475,406,10,0
1633b,475,407,11,0
2633b,475,408,12,0
1113b,475,409,13,0
361b,475,409,14,0
3101b,475,410,15,0
2484b,475,410,16,0
22b,475,411,17,0
689b,475,411,18,0
869b,475,412,19,0
1034b,475,413,20,0
3351b,475,414,21,0
583b,475,415,22,0
2703b,475,416,23,0
2487b,475,418,24,0
3884b,475,419,25,0
5713b,475,420,26,0
1872b,475,422,27,0
639b,475,424,28,0
643b,475,425,29,0
2897b,475,427,30,0
285b,475,429,31,0
5600b,475,430,32,0
3341b,475,432,33,1
5294b,14099,900,1,0
5878b,14099,902,2,0
2843b,14099,902,3,0
2844b,14099,902,4,0
1216b,14099,903,5,0
1611b,14099,904,6,0
2451b,14099,904,7,0
3029b,14099,905,8,0
2528b,14099,906,9,0
3578b,14099,907,10,0
1633b,14099,909,11,0
2633b,14099,910,12,0
1113b,14099,912,13,0
361b,14099,913,14,0
3101b,14099,913,15,0
2484b,14099,914,16,0
22b,14099,915,17,0
689b,14099,915,18,0
869b,14099,916,19,0
1034b,14099,918,20,0
3351b,14099,919,21,0
583b,14099,920,22,0
2703b,14099,921,23,0
2487b,14099,923,24,0
3884b,14099,924,25,0
5713b,14099,925,26,0
1872b,14099,927,27,0
639b,14099,929,28,0
643b,14099,930,29,0
2897b,14099,932,30,0
285b,14099,934,31,0
5600b,14099,935,32,0
3341b,14099,937,33,1
3341b,4865,675,1,0
5599b,4865,675,2,0
5651b,4865,676,3,0
4790b,4865,676,4,0
1338b,4865,677,5,0
2726b,4865,678,6,0
1874b,4865,679,7,0
5705b,4865,680,8,0
3885b,4865,681,9,0
2494b,4865,682,10,0
2729b,4865,683,11,0
2685b,4865,685,12,0
1122b,4865,686,13,0
96b,4865,686,14,0
503b,4865,687,15,0
495b,4865,688,16,0
1022b,4865,688,17,0
2905b,4865,689,18,0
3123b,4865,689,19,0
18b,4865,690,20,0
3879b,4865,691,21,0
1671b,4865,692,22,0
1656b,4865,693,23,0
3577b,4865,695,24,0
3294b,4865,697,25,0
3028b,4865,697,26,0
2448b,4865,698,27,0
1767b,4865,698,28,0
5877b,4865,699,29,0
458b,4865,699,30,0
2804b,4865,700,31,0
3143b,4865,701,32,0
2763b,4865,703,33,0
1974b,4865,705,34,0
5294b,4865,707,35,1
5294b,4837,520,1,0
5878b,4837,522,2,0
2843b,4837,522,3,0
2844b,4837,522,4,0
1216b,4837,523,5,0
1611b,4837,524,6,0
2451b,4837,524,7,0
3029b,4837,525,8,0
2528b,4837,526,9,0
3578b,4837,527,10,0
1633b,4837,528,11,0
2633b,4837,528,12,0
1113b,4837,530,13,0
361b,4837,530,14,0
3101b,4837,531,15,0
2484b,4837,531,16,0
22b,4837,532,17,0
689b,4837,532,18,0
869b,4837,533,19,0
1034b,4837,534,20,0
3351b,4837,535,21,0
583b,4837,536,22,0
2703b,4837,537,23,0
2487b,4837,539,24,0
3884b,4837,540,25,0
5713b,4837,541,26,0
1872b,4837,543,27,0
639b,4837,545,28,0
643b,4837,546,29,0
2897b,4837,548,30,0
285b,4837,550,31,0
5600b,4837,551,32,0
3341b,4837,553,33,1
3341b,28855,510,1,0
5599b,28855,510,2,0
5651b,28855,511,3,0
4790b,28855,511,4,0
1338b,28855,512,5,0
2726b,28855,513,6,0
1874b,28855,514,7,0
5705b,28855,515,8,0
3885b,28855,516,9,0
2494b,28855,517,10,0
2729b,28855,519,11,0
2685b,28855,520,12,0
1122b,28855,522,13,0
96b,28855,522,14,0
503b,28855,523,15,0
495b,28855,524,16,0
1022b,28855,524,17,0
2905b,28855,525,18,0
3123b,28855,525,19,0
18b,28855,526,20,0
3879b,28855,527,21,0
1671b,28855,528,22,0
1656b,28855,529,23,0
3577b,28855,531,24,0
3294b,28855,533,25,0
3028b,28855,533,26,0
2448b,28855,534,27,0
1767b,28855,534,28,0
5877b,28855,535,29,0
458b,28855,535,30,0
2804b,28855,536,31,0
3143b,28855,537,32,0
2763b,28855,539,33,0
1974b,28855,541,34,0
5294b,28855,543,35,1
5294b,16360,780,1,0
5878b,16360,782,2,0
2843b,16360,782,3,0
2844b,16360,782,4,0
1216b,16360,783,5,0
1611b,16360,784,6,0
2451b,16360,784,7,0
3029b,16360,785,8,0
2528b,16360,786,9,0
3578b,16360,786,10,0
1633b,16360,787,11,0
2633b,16360,788,12,0
1113b,16360,789,13,0
361b,16360,789,14,0
3101b,16360,790,15,0
2484b,16360,790,16,0
22b,16360,791,17,0
689b,16360,791,18,0
869b,16360,792,19,0
1034b,16360,793,20,0
3351b,16360,794,21,0
583b,16360,795,22,0
2703b,16360,796,23,0
2487b,16360,798,24,0
3884b,16360,799,25,0
5713b,16360,800,26,0
1872b,16360,802,27,0
639b,16360,804,28,0
643b,16360,805,29,0
2897b,16360,807,30,0
285b,16360,809,31,0
5600b,16360,810,32,0
3341b,16360,812,33,1
3341b,16352,1100,1,0
5599b,16352,1100,2,0
5651b,16352,1100,3,0
4790b,16352,1101,4,0
1338b,16352,1102,5,0
2726b,16352,1102,6,0
1874b,16352,1103,7,0
5705b,16352,1104,8,0
3885b,16352,1105,9,0
2494b,16352,1106,10,0
2729b,16352,1107,11,0
2685b,16352,1109,12,0
1122b,16352,1110,13,0
96b,16352,1110,14,0
503b,16352,1111,15,0
495b,16352,1111,16,0
1022b,16352,1112,17,0
2905b,16352,1112,18,0
3123b,16352,1112,19,0
18b,16352,1113,20,0
3879b,16352,1114,21,0
1671b,16352,1115,22,0
1656b,16352,1116,23,0
3577b,16352,1118,24,0
3294b,16352,1120,25,0
3028b,16352,1120,26,0
2448b,16352,1121,27,0
1767b,16352,1121,28,0
5877b,16352,1122,29,0
458b,16352,1122,30,0
2804b,16352,1123,31,0
3143b,16352,1124,32,0
2763b,16352,1126,33,0
1974b,16352,1128,34,0
5294b,16352,1130,35,1
5294b,2359,830,1,0
5878b,2359,832,2,0
2843b,2359,832,3,0
2844b,2359,832,4,0
1216b,2359,833,5,0
1611b,2359,834,6,0
2451b,2359,834,7,0
3029b,2359,835,8,0
2528b,2359,836,9,0
3578b,2359,837,10,0
1633b,2359,839,11,0
2633b,2359,840,12,0
1113b,2359,842,13,0
361b,2359,842,14,0
3101b,2359,843,15,0
2484b,2359,843,16,0
22b,2359,844,17,0
689b,2359,845,18,0
869b,2359,846,19,0
1034b,2359,847,20,0
3351b,2359,848,21,0
583b,2359,849,22,0
2703b,2359,850,23,0
2487b,2359,852,24,0
3884b,2359,853,25,0
5713b,2359,854,26,0
1872b,2359,856,27,0
639b,2359,858,28,0
643b,2359,859,29,0
2897b,2359,861,30,0
285b,2359,863,31,0
5600b,2359,864,32,0
3341b,2359,866,33,1
5294b,16670,925,1,0
5878b,16670,927,2,0
2843b,16670,927,3,0
2844b,16670,927,4,0
1216b,16670,928,5,0
1611b,16670,929,6,0
2451b,16670,929,7,0
3029b,16670,930,8,0
2528b,16670,931,9,0
3578b,16670,931,10,0
1633b,16670,932,11,0
2633b,16670,933,12,0
1113b,16670,934,13,0
361b,16670,934,14,0
3101b,16670,935,15,0
2484b,16670,935,16,0
22b,16670,936,17,0
689b,16670,936,18,0
869b,16670,937,19,0
1034b,16670,938,20,0
3351b,16670,939,21,0
583b,16670,940,22,0
2703b,16670,941,23,0
2487b,16670,943,24,0
3884b,16670,944,25,0
5713b,16670,945,26,0
1872b,16670,947,27,0
639b,16670,949,28,0
643b,16670,950,29,0
2897b,16670,952,30,0
285b,16670,954,31,0
5600b,16670,955,32,0
3341b,16670,957,33,1
5294b,12173,430,1,0
5878b,12173,432,2,0
2843b,12173,432,3,0
2844b,12173,432,4,0
1216b,12173,433,5,0
1611b,12173,434,6,0
2451b,12173,434,7,0
3029b,12173,435,8,0
2528b,12173,436,9,0
3578b,12173,437,10,0
1633b,12173,438,11,0
2633b,12173,438,12,0
1113b,12173,440,13,0
361b,12173,440,14,0
3101b,12173,441,15,0
2484b,12173,441,16,0
22b,12173,442,17,0
689b,12173,442,18,0
869b,12173,443,19,0
1034b,12173,444,20,0
3351b,12173,445,21,0
583b,12173,446,22,0
2703b,12173,447,23,0
2487b,12173,449,24,0
3884b,12173,450,25,0
5713b,12173,451,26,0
1872b,12173,453,27,0
639b,12173,455,28,0
643b,12173,456,29,0
2897b,12173,458,30,0
285b,12173,460,31,0
5600b,12173,461,32,0
3341b,12173,463,33,1
5294b,8795,1080,1,0
5878b,8795,1082,2,0
2843b,8795,1082,3,0
2844b,8795,1082,4,0
1216b,8795,1083,5,0
1611b,8795,1084,6,0
2451b,8795,1085,7,0
3029b,8795,1086,8,0
2528b,8795,1087,9,0
3578b,8795,1089,10,0
1633b,8795,1091,11,0
2633b,8795,1092,12,0
1113b,8795,1095,13,0
361b,8795,1095,14,0
3101b,8795,1096,15,0
2484b,8795,1096,16,0
22b,8795,1097,17,0
689b,8795,1097,18,0
869b,8795,1098,19,0
1034b,8795,1099,20,0
3351b,8795,1100,21,0
583b,8795,1101,22,0
2703b,8795,1102,23,0
2487b,8795,1104,24,0
3884b,8795,1105,25,0
5713b,8795,1106,26,0
1872b,8795,1108,27,0
639b,8795,1110,28,0
643b,8795,1111,29,0
2897b,8795,1113,30,0
285b,8795,1115,31,0
5600b,8795,1116,32,0
3341b,8795,1118,33,1
3341b,26007,1040,1,0
5599b,26007,1040,2,0
5651b,26007,1041,3,0
4790b,26007,1041,4,0
1338b,26007,1042,5,0
2726b,26007,1043,6,0
1874b,26007,1044,7,0
5705b,26007,1045,8,0
3885b,26007,1046,9,0
2494b,26007,1047,10,0
2729b,26007,1048,11,0
2685b,26007,1050,12,0
1122b,26007,1051,13,0
96b,26007,1051,14,0
503b,26007,1052,15,0
495b,26007,1053,16,0
1022b,26007,1053,17,0
2905b,26007,1054,18,0
3123b,26007,1054,19,0
18b,26007,1055,20,0
3879b,26007,1056,21,0
1671b,26007,1057,22,0
1656b,26007,1058,23,0
3577b,26007,1060,24,0
3294b,26007,1062,25,0
3028b,26007,1062,26,0
2448b,26007,1063,27,0
1767b,26007,1063,28,0
5877b,26007,1064,29,0
458b,26007,1064,30,0
2804b,26007,1065,31,0
3143b,26007,1066,32,0
2763b,26007,1068,33,0
1974b,26007,1070,34,0
5294b,26007,1072,35,1
3341b,6007,400,1,0
5599b,6007,400,2,0
5651b,6007,401,3,0
4790b,6007,401,4,0
1338b,6007,402,5,0
2726b,6007,403,6,0
1874b,6007,404,7,0
5705b,6007,405,8,0
3885b,6007,406,9,0
2494b,6007,407,10,0
2729b,6007,408,11,0
2685b,6007,410,12,0
1122b,6007,411,13,0
96b,6007,411,14,0
503b,6007,412,15,0
495b,6007,413,16,0
1022b,6007,413,17,0
2905b,6007,414,18,0
3123b,6007,414,19,0
18b,6007,415,20,0
3879b,6007,416,21,0
1671b,6007,417,22,0
1656b,6007,418,23,0
3577b,6007,420,24,0
3294b,6007,422,25,0
3028b,6007,422,26,0
2448b,6007,423,27,0
1767b,6007,423,28,0
5877b,6007,424,29,0
458b,6007,424,30,0
2804b,6007,425,31,0
3143b,6007,426,32,0
2763b,6007,428,33,0
1974b,6007,430,34,0
5294b,6007,432,35,1
3341b,16873,1040,1,0
5599b,16873,1040,2,0
5651b,16873,1041,3,0
4790b,16873,1041,4,0
1338b,16873,1043,5,0
2726b,16873,1043,6,0
1874b,16873,1045,7,0
5705b,16873,1046,8,0
3885b,16873,1046,9,0
2494b,16873,1048,10,0
2729b,16873,1050,11,0
2685b,16873,1051,12,0
1122b,16873,1053,13,0
96b,16873,1053,14,0
503b,16873,1054,15,0
495b,16873,1055,16,0
1022b,16873,1055,17,0
2905b,16873,1056,18,0
3123b,16873,1056,19,0
18b,16873,1057,20,0
3879b,16873,1058,21,0
1671b,16873,1059,22,0
1656b,16873,1060,23,0
3577b,16873,1063,24,0
3294b,16873,1065,25,0
3028b,16873,1065,26,0
2448b,16873,1066,27,0
1767b,16873,1066,28,0
5877b,16873,1067,29,0
458b,16873,1067,30,0
2804b,16873,1068,31,0
3143b,16873,1069,32,0
2763b,16873,1072,33,0
1974b,16873,1075,34,0
5294b,16873,1077,35,1
3341b,16771,885,1,0
5599b,16771,885,2,0
5651b,16771,886,3,0
4790b,16771,886,4,0
1338b,16771,887,5,0
2726b,16771,888,6,0
1874b,16771,889,7,0
5705b,16771,890,8,0
3885b,16771,891,9,0
2494b,16771,892,10,0
2729b,16771,893,11,0
2685b,16771,895,12,0
1122b,16771,896,13,0
96b,16771,896,14,0
503b,16771,897,15,0
495b,16771,898,16,0
1022b,16771,899,17,0
2905b,16771,899,18,0
3123b,16771,900,19,0
18b,16771,900,20,0
3879b,16771,902,21,0
1671b,16771,903,22,0
1656b,16771,904,23,0
3577b,16771,906,24,0
3294b,16771,908,25,0
3028b,16771,908,26,0
2448b,16771,909,27,0
1767b,16771,909,28,0
5877b,16771,910,29,0
458b,16771,910,30,0
2804b,16771,911,31,0
3143b,16771,912,32,0
2763b,16771,914,33,0
1974b,16771,916,34,0
5294b,16771,918,35,1
5294b,26229,400,1,0
5878b,26229,402,2,0
2843b,26229,402,3,0
2844b,26229,402,4,0
1216b,26229,403,5,0
1611b,26229,404,6,0
2451b,26229,404,7,0
3029b,26229,405,8,0
2528b,26229,406,9,0
3578b,26229,407,10,0
1633b,26229,408,11,0
2633b,26229,409,12,0
1113b,26229,411,13,0
361b,26229,411,14,0
3101b,26229,412,15,0
2484b,26229,412,16,0
22b,26229,413,17,0
689b,26229,413,18,0
869b,26229,414,19,0
1034b,26229,415,20,0
3351b,26229,416,21,0
583b,26229,417,22,0
2703b,26229,418,23,0
2487b,26229,420,24,0
3884b,26229,421,25,0
5713b,26229,422,26,0
1872b,26229,424,27,0
639b,26229,426,28,0
643b,26229,427,29,0
2897b,26229,429,30,0
285b,26229,431,31,0
5600b,26229,432,32,0
3341b,26229,434,33,1
5294b,26376,620,1,0
5878b,26376,622,2,0
2843b,26376,622,3,0
2844b,26376,622,4,0
1216b,26376,623,5,0
1611b,26376,624,6,0
2451b,26376,624,7,0
3029b,26376,625,8,0
2528b,26376,626,9,0
3578b,26376,627,10,0
1633b,26376,629,11,0
2633b,26376,630,12,0
1113b,26376,632,13,0
361b,26376,632,14,0
3101b,26376,633,15,0
2484b,26376,633,16,0
22b,26376,634,17,0
689b,26376,634,18,0
869b,26376,635,19,0
1034b,26376,636,20,0
3351b,26376,637,21,0
583b,26376,638,22,0
2703b,26376,639,23,0
2487b,26376,641,24,0
3884b,26376,642,25,0
5713b,26376,643,26,0
1872b,26376,645,27,0
639b,26376,647,28,0
643b,26376,648,29,0
2897b,26376,650,30,0
285b,26376,652,31,0
5600b,26376,653,32,0
3341b,26376,655,33,1
3341b,24285,1005,1,0
5599b,24285,1005,2,0
5651b,24285,1006,3,0
4790b,24285,1006,4,0
1338b,24285,1007,5,0
2726b,24285,1008,6,0
1874b,24285,1009,7,0
5705b,24285,1010,8,0
3885b,24285,1011,9,0
2494b,24285,1012,10,0
2729b,24285,1013,11,0
2685b,24285,1015,12,0
1122b,24285,1016,13,0
96b,24285,1016,14,0
503b,24285,1017,15,0
495b,24285,1018,16,0
1022b,24285,1018,17,0
2905b,24285,1019,18,0
3123b,24285,1019,19,0
18b,24285,1020,20,0
3879b,24285,1021,21,0
1671b,24285,1022,22,0
1656b,24285,1023,23,0
3577b,24285,1025,24,0
3294b,24285,1027,25,0
3028b,24285,1027,26,0
2448b,24285,1028,27,0
1767b,24285,1028,28,0
5877b,24285,1029,29,0
458b,24285,1029,30,0
2804b,24285,1030,31,0
3143b,24285,1031,32,0
2763b,24285,1033,33,0
1974b,24285,1035,34,0
5294b,24285,1037,35,1
5294b,24262,460,1,0
5878b,24262,462,2,0
2843b,24262,462,3,0
2844b,24262,462,4,0
1216b,24262,463,5,0
1611b,24262,464,6,0
2451b,24262,464,7,0
3029b,24262,465,8,0
2528b,24262,466,9,0
3578b,24262,467,10,0
1633b,24262,468,11,0
2633b,24262,468,12,0
1113b,24262,470,13,0
361b,24262,470,14,0
3101b,24262,471,15,0
2484b,24262,471,16,0
22b,24262,472,17,0
689b,24262,472,18,0
869b,24262,473,19,0
1034b,24262,474,20,0
3351b,24262,475,21,0
583b,24262,476,22,0
2703b,24262,477,23,0
2487b,24262,479,24,0
3884b,24262,480,25,0
5713b,24262,481,26,0
1872b,24262,483,27,0
639b,24262,485,28,0
643b,24262,486,29,0
2897b,24262,488,30,0
285b,24262,490,31,0
5600b,24262,491,32,0
3341b,24262,493,33,1
3341b,26400,785,1,0
5599b,26400,785,2,0
5651b,26400,786,3,0
4790b,26400,786,4,0
1338b,26400,787,5,0
2726b,26400,788,6,0
1874b,26400,789,7,0
5705b,26400,790,8,0
3885b,26400,791,9,0
2494b,26400,792,10,0
2729b,26400,793,11,0
2685b,26400,795,12,0
1122b,26400,796,13,0
96b,26400,796,14,0
503b,26400,797,15,0
495b,26400,798,16,0
1022b,26400,799,17,0
2905b,26400,799,18,0
3123b,26400,800,19,0
18b,26400,800,20,0
3879b,26400,802,21,0
1671b,26400,803,22,0
1656b,26400,804,23,0
3577b,26400,806,24,0
3294b,26400,808,25,0
3028b,26400,808,26,0
2448b,26400,809,27,0
1767b,26400,809,28,0
5877b,26400,810,29,0
458b,26400,810,30,0
2804b,26400,811,31,0
3143b,26400,812,32,0
2763b,26400,814,33,0
1974b,26400,816,34,0
5294b,26400,818,35,1
3341b,28244,1100,1,0
5599b,28244,1100,2,0
5651b,28244,1101,3,0
4790b,28244,1101,4,0
1338b,28244,1102,5,0
2726b,28244,1103,6,0
1874b,28244,1104,7,0
5705b,28244,1105,8,0
3885b,28244,1106,9,0
2494b,28244,1107,10,0
2729b,28244,1108,11,0
2685b,28244,1110,12,0
1122b,28244,1111,13,0
96b,28244,1111,14,0
503b,28244,1112,15,0
495b,28244,1112,16,0
1022b,28244,1113,17,0
2905b,28244,1113,18,0
3123b,28244,1113,19,0
18b,28244,1114,20,0
3879b,28244,1115,21,0
1671b,28244,1116,22,0
1656b,28244,1117,23,0
3577b,28244,1120,24,0
3294b,28244,1122,25,0
3028b,28244,1122,26,0
2448b,28244,1123,27,0
1767b,28244,1123,28,0
5877b,28244,1124,29,0
458b,28244,1124,30,0
2804b,28244,1125,31,0
3143b,28244,1126,32,0
2763b,28244,1129,33,0
1974b,28244,1132,34,0
5294b,28244,1134,35,1
5294b,30415,490,1,0
5878b,30415,492,2,0
2843b,30415,492,3,0
2844b,30415,492,4,0
1216b,30415,493,5,0
1611b,30415,494,6,0
2451b,30415,494,7,0
3029b,30415,495,8,0
2528b,30415,496,9,0
3578b,30415,497,10,0
1633b,30415,499,11,0
2633b,30415,500,12,0
1113b,30415,503,13,0
361b,30415,503,14,0
3101b,30415,504,15,0
2484b,30415,504,16,0
22b,30415,505,17,0
689b,30415,505,18,0
869b,30415,506,19,0
1034b,30415,507,20,0
3351b,30415,508,21,0
583b,30415,509,22,0
2703b,30415,510,23,0
2487b,30415,513,24,0
3884b,30415,514,25,0
5713b,30415,515,26,0
1872b,30415,517,27,0
639b,30415,519,28,0
643b,30415,520,29,0
2897b,30415,522,30,0
285b,30415,524,31,0
5600b,30415,525,32,0
3341b,30415,527,33,1
3341b,26915,430,1,0
5599b,26915,430,2,0
5651b,26915,430,3,0
4790b,26915,431,4,0
1338b,26915,432,5,0
2726b,26915,432,6,0
1874b,26915,433,7,0
5705b,26915,434,8,0
3885b,26915,435,9,0
2494b,26915,436,10,0
2729b,26915,437,11,0
2685b,26915,439,12,0
1122b,26915,440,13,0
96b,26915,440,14,0
503b,26915,441,15,0
495b,26915,442,16,0
1022b,26915,442,17,0
2905b,26915,443,18,0
3123b,26915,443,19,0
18b,26915,444,20,0
3879b,26915,445,21,0
1671b,26915,446,22,0
1656b,26915,447,23,0
3577b,26915,449,24,0
3294b,26915,451,25,0
3028b,26915,451,26,0
2448b,26915,452,27,0
1767b,26915,452,28,0
5877b,26915,453,29,0
458b,26915,453,30,0
2804b,26915,454,31,0
3143b,26915,455,32,0
2763b,26915,457,33,0
1974b,26915,459,34,0
5294b,26915,461,35,1
3341b,14313,855,1,0
5599b,14313,855,2,0
5651b,14313,856,3,0
4790b,14313,856,4,0
1338b,14313,857,5,0
2726b,14313,858,6,0
1874b,14313,859,7,0
5705b,14313,860,8,0
3885b,14313,861,9,0
2494b,14313,862,10,0
2729b,14313,863,11,0
2685b,14313,865,12,0
1122b,14313,866,13,0
96b,14313,866,14,0
503b,14313,867,15,0
495b,14313,868,16,0
1022b,14313,869,17,0
2905b,14313,869,18,0
3123b,14313,870,19,0
18b,14313,870,20,0
3879b,14313,872,21,0
1671b,14313,873,22,0
1656b,14313,874,23,0
3577b,14313,876,24,0
3294b,14313,878,25,0
3028b,14313,878,26,0
2448b,14313,879,27,0
1767b,14313,879,28,0
5877b,14313,880,29,0
458b,14313,880,30,0
2804b,14313,881,31,0
3143b,14313,882,32,0
2763b,14313,884,33,0
1974b,14313,886,34,0
5294b,14313,888,35,1
3341b,30531,555,1,0
5599b,30531,555,2,0
5651b,30531,555,3,0
4790b,30531,556,4,0
1338b,30531,557,5,0
2726b,30531,557,6,0
1874b,30531,558,7,0
5705b,30531,559,8,0
3885b,30531,560,9,0
2494b,30531,561,10,0
2729b,30531,562,11,0
2685b,30531,564,12,0
1122b,30531,565,13,0
96b,30531,565,14,0
503b,30531,566,15,0
495b,30531,567,16,0
1022b,30531,567,17,0
2905b,30531,568,18,0
3123b,30531,568,19,0
18b,30531,569,20,0
3879b,30531,570,21,0
1671b,30531,571,22,0
1656b,30531,572,23,0
3577b,30531,574,24,0
3294b,30531,576,25,0
3028b,30531,576,26,0
2448b,30531,577,27,0
1767b,30531,577,28,0
5877b,30531,578,29,0
458b,30531,578,30,0
2804b,30531,579,31,0
3143b,30531,580,32,0
2763b,30531,581,33,0
1974b,30531,583,34,0
5294b,30531,585,35,1
