arret_id,trajet_id,heure_depart,stop_sequence,terminus
5195b,53,700,1,0
6396b,53,703,2,0
5196b,53,704,3,0
5192b,53,708,4,0
6483b,53,708,5,0
7262b,53,709,6,0
5193b,53,710,7,0
3302b,53,712,8,0
1489b,53,715,9,1
10b,10763,855,1,0
3302b,10763,860,2,0
6398b,10763,861,3,0
7261b,10763,862,4,0
6482b,10763,862,5,0
6397b,10763,863,6,0
5196b,10763,865,7,0
5191b,10763,866,8,0
7092b,10763,868,9,0
5195b,10763,870,10,1
4224b,22358,975,1,0
3302b,22358,985,2,0
6398b,22358,986,3,0
7261b,22358,987,4,0
6482b,22358,987,5,0
6397b,22358,988,6,0
5196b,22358,990,7,0
5191b,22358,991,8,0
7092b,22358,993,9,0
5195b,22358,995,10,1
10b,12661,885,1,0
3302b,12661,890,2,0
6398b,12661,891,3,0
7261b,12661,892,4,0
6482b,12661,892,5,0
6397b,12661,893,6,0
5196b,12661,895,7,0
5191b,12661,896,8,0
7092b,12661,898,9,0
5195b,12661,900,10,1
10b,29043,915,1,0
3302b,29043,920,2,0
6398b,29043,921,3,0
7261b,29043,922,4,0
6482b,29043,922,5,0
6397b,29043,923,6,0
5196b,29043,925,7,0
5191b,29043,926,8,0
7092b,29043,928,9,0
5195b,29043,930,10,1
5195b,7148,670,1,0
6396b,7148,673,2,0
5196b,7148,674,3,0
5192b,7148,678,4,0
6483b,7148,678,5,0
7262b,7148,679,6,0
5193b,7148,680,7,0
3302b,7148,682,8,0
1489b,7148,685,9,1
5195b,24807,1115,1,0
6396b,24807,1118,2,0
5196b,24807,1119,3,0
5192b,24807,1123,4,0
6483b,24807,1123,5,0
7262b,24807,1124,6,0
5193b,24807,1125,7,0
3302b,24807,1127,8,0
1489b,24807,1130,9,1
10b,17741,1065,1,0
3302b,17741,1070,2,0
6398b,17741,1071,3,0
7261b,17741,1072,4,0
6482b,17741,1072,5,0
6397b,17741,1073,6,0
5196b,17741,1075,7,0
5191b,17741,1076,8,0
7092b,17741,1078,9,0
5195b,17741,1080,10,1
4224b,9584,535,1,0
3302b,9584,545,2,0
6398b,9584,545,3,0
7261b,9584,546,4,0
6482b,9584,546,5,0
6397b,9584,546,6,0
5196b,9584,547,7,0
5191b,9584,548,8,0
7092b,9584,549,9,0
5195b,9584,550,10,1
5195b,9376,510,1,0
6396b,9376,513,2,0
5196b,9376,514,3,0
5192b,9376,517,4,0
6483b,9376,517,5,0
7262b,9376,518,6,0
5193b,9376,519,7,0
2943b,9376,521,8,0
4224b,9376,530,9,1
10b,10570,945,1,0
3302b,10570,950,2,0
6398b,10570,951,3,0
7261b,10570,952,4,0
6482b,10570,952,5,0
6397b,10570,953,6,0
5196b,10570,955,7,0
5191b,10570,956,8,0
7092b,10570,958,9,0
5195b,10570,960,10,1
5195b,19263,930,1,0
6396b,19263,933,2,0
5196b,19263,934,3,0
5192b,19263,938,4,0
6483b,19263,938,5,0
7262b,19263,939,6,0
5193b,19263,940,7,0
3302b,19263,942,8,0
1489b,19263,945,9,1
10b,5824,655,1,0
3302b,5824,660,2,0
6398b,5824,660,3,0
7261b,5824,661,4,0
6482b,5824,661,5,0
6397b,5824,661,6,0
5196b,5824,662,7,0
5191b,5824,663,8,0
7092b,5824,664,9,0
5195b,5824,665,10,1
5195b,15396,960,1,0
6396b,15396,962,2,0
5196b,15396,963,3,0
5192b,15396,965,4,0
6483b,15396,965,5,0
7262b,15396,966,6,0
5193b,15396,967,7,0
2943b,15396,968,8,0
4224b,15396,975,9,1
5195b,19400,410,1,0
6396b,19400,413,2,0
5196b,19400,414,3,0
5192b,19400,418,4,0
6483b,19400,418,5,0
7262b,19400,419,6,0
5193b,19400,420,7,0
3302b,19400,422,8,0
1489b,19400,425,9,1
5195b,27427,610,1,0
6396b,27427,613,2,0
5196b,27427,614,3,0
5192b,27427,618,4,0
6483b,27427,618,5,0
7262b,27427,619,6,0
5193b,27427,620,7,0
3302b,27427,622,8,0
1489b,27427,625,9,1
10b,9998,715,1,0
3302b,9998,720,2,0
6398b,9998,720,3,0
7261b,9998,721,4,0
6482b,9998,721,5,0
6397b,9998,721,6,0
5196b,9998,722,7,0
5191b,9998,723,8,0
7092b,9998,724,9,0
5195b,9998,725,10,1
4224b,1047,1090,1,0
3302b,1047,1100,2,0
6398b,1047,1101,3,0
7261b,1047,1102,4,0
6482b,1047,1102,5,0
6397b,1047,1103,6,0
5196b,1047,1105,7,0
5191b,1047,1106,8,0
7092b,1047,1108,9,0
5195b,1047,1110,10,1
10b,5357,625,1,0
3302b,5357,630,2,0
6398b,5357,630,3,0
7261b,5357,631,4,0
6482b,5357,631,5,0
6397b,5357,631,6,0
5196b,5357,632,7,0
5191b,5357,633,8,0
7092b,5357,634,9,0
5195b,5357,635,10,1
5195b,13648,640,1,0
6396b,13648,643,2,0
5196b,13648,644,3,0
5192b,13648,648,4,0
6483b,13648,648,5,0
7262b,13648,649,6,0
5193b,13648,650,7,0
3302b,13648,652,8,0
1489b,13648,655,9,1
4224b,15790,795,1,0
3302b,15790,805,2,0
6398b,15790,805,3,0
7261b,15790,806,4,0
6482b,15790,806,5,0
6397b,15790,806,6,0
5196b,15790,807,7,0
5191b,15790,808,8,0
7092b,15790,809,9,0
5195b,15790,810,10,1
5195b,27269,475,1,0
6396b,27269,478,2,0
5196b,27269,479,3,0
5192b,27269,482,4,0
6483b,27269,482,5,0
7262b,27269,483,6,0
5193b,27269,484,7,0
2943b,27269,486,8,0
4224b,27269,495,9,1
5195b,25125,810,1,0
6396b,25125,813,2,0
5196b,25125,814,3,0
5192b,25125,818,4,0
6483b,25125,818,5,0
7262b,25125,819,6,0
5193b,25125,820,7,0
3302b,25125,822,8,0
1489b,25125,825,9,1
10b,7680,825,1,0
3302b,7680,830,2,0
6398b,7680,830,3,0
7261b,7680,831,4,0
6482b,7680,831,5,0
6397b,7680,831,6,0
5196b,7680,832,7,0
5191b,7680,833,8,0
7092b,7680,834,9,0
5195b,7680,835,10,1
4224b,25690,1035,1,0
3302b,25690,1045,2,0
6398b,25690,1046,3,0
7261b,25690,1047,4,0
6482b,25690,1047,5,0
6397b,25690,1048,6,0
5196b,25690,1050,7,0
5191b,25690,1051,8,0
7092b,25690,1053,9,0
5195b,25690,1055,10,1
10b,13672,425,1,0
3302b,13672,430,2,0
6398b,13672,430,3,0
7261b,13672,431,4,0
6482b,13672,431,5,0
6397b,13672,431,6,0
5196b,13672,432,7,0
5191b,13672,433,8,0
7092b,13672,434,9,0
5195b,13672,435,10,1
10b,23227,1005,1,0
3302b,23227,1010,2,0
6398b,23227,1011,3,0
7261b,23227,1012,4,0
6482b,23227,1012,5,0
6397b,23227,1013,6,0
5196b,23227,1015,7,0
5191b,23227,1016,8,0
7092b,23227,1018,9,0
5195b,23227,1020,10,1
5195b,23242,550,1,0
6396b,23242,553,2,0
5196b,23242,554,3,0
5192b,23242,558,4,0
6483b,23242,558,5,0
7262b,23242,559,6,0
5193b,23242,560,7,0
3302b,23242,562,8,0
1489b,23242,565,9,1
4224b,20988,740,1,0
3302b,20988,750,2,0
6398b,20988,750,3,0
7261b,20988,751,4,0
6482b,20988,751,5,0
6397b,20988,751,6,0
5196b,20988,752,7,0
5191b,20988,753,8,0
7092b,20988,754,9,0
5195b,20988,755,10,1
10b,3648,1130,1,0
3302b,3648,1135,2,0
6398b,3648,1136,3,0
7261b,3648,1137,4,0
6482b,3648,1137,5,0
6397b,3648,1138,6,0
5196b,3648,1140,7,0
5191b,3648,1141,8,0
7092b,3648,1143,9,0
5195b,3648,1145,10,1
5195b,6795,760,1,0
6396b,6795,762,2,0
5196b,6795,763,3,0
5192b,6795,765,4,0
6483b,6795,765,5,0
7262b,6795,766,6,0
5193b,6795,767,7,0
2943b,6795,768,8,0
4224b,6795,775,9,1
10b,18219,685,1,0
3302b,18219,690,2,0
6398b,18219,690,3,0
7261b,18219,691,4,0
6482b,18219,691,5,0
6397b,18219,691,6,0
5196b,18219,692,7,0
5191b,18219,693,8,0
7092b,18219,694,9,0
5195b,18219,695,10,1
5195b,20775,870,1,0
6396b,20775,873,2,0
5196b,20775,874,3,0
5192b,20775,878,4,0
6483b,20775,878,5,0
7262b,20775,879,6,0
5193b,20775,880,7,0
3302b,20775,882,8,0
1489b,20775,885,9,1
5195b,18115,580,1,0
6396b,18115,583,2,0
5196b,18115,584,3,0
5192b,18115,588,4,0
6483b,18115,588,5,0
7262b,18115,589,6,0
5193b,18115,590,7,0
3302b,18115,592,8,0
1489b,18115,595,9,1
10b,2515,595,1,0
3302b,2515,600,2,0
6398b,2515,600,3,0
7261b,2515,601,4,0
6482b,2515,601,5,0
6397b,2515,601,6,0
5196b,2515,602,7,0
5191b,2515,603,8,0
7092b,2515,604,9,0
5195b,2515,605,10,1
5195b,2458,840,1,0
6396b,2458,843,2,0
5196b,2458,844,3,0
5192b,2458,848,4,0
6483b,2458,848,5,0
7262b,2458,849,6,0
5193b,2458,850,7,0
3302b,2458,852,8,0
1489b,2458,855,9,1
10b,28735,565,1,0
3302b,28735,570,2,0
6398b,28735,570,3,0
7261b,28735,571,4,0
6482b,28735,571,5,0
6397b,28735,571,6,0
5196b,28735,572,7,0
5191b,28735,573,8,0
7092b,28735,574,9,0
5195b,28735,575,10,1
5195b,839,900,1,0
6396b,839,903,2,0
5196b,839,904,3,0
5192b,839,908,4,0
6483b,839,908,5,0
7262b,839,909,6,0
5193b,839,910,7,0
3302b,839,912,8,0
1489b,839,915,9,1
5195b,28799,440,1,0
6396b,28799,443,2,0
5196b,28799,444,3,0
5192b,28799,447,4,0
6483b,28799,447,5,0
7262b,28799,448,6,0
5193b,28799,449,7,0
2943b,28799,451,8,0
4224b,28799,460,9,1
5195b,28917,380,1,0
6396b,28917,383,2,0
5196b,28917,384,3,0
5192b,28917,388,4,0
6483b,28917,388,5,0
7262b,28917,389,6,0
5193b,28917,390,7,0
3302b,28917,392,8,0
1489b,28917,395,9,1
10b,618,395,1,0
3302b,618,400,2,0
6398b,618,400,3,0
7261b,618,401,4,0
6482b,618,401,5,0
6397b,618,401,6,0
5196b,618,402,7,0
5191b,618,403,8,0
7092b,618,404,9,0
5195b,618,405,10,1
10b,24057,1160,1,0
3302b,24057,1165,2,0
6398b,24057,1166,3,0
7261b,24057,1167,4,0
6482b,24057,1167,5,0
6397b,24057,1168,6,0
5196b,24057,1170,7,0
5191b,24057,1171,8,0
7092b,24057,1173,9,0
5195b,24057,1175,10,1
5195b,30530,1145,1,0
6396b,30530,1148,2,0
5196b,30530,1149,3,0
5192b,30530,1153,4,0
6483b,30530,1153,5,0
7262b,30530,1154,6,0
5193b,30530,1155,7,0
3302b,30530,1157,8,0
1489b,30530,1160,9,1
