arret_id,trajet_id,heure_depart,stop_sequence,terminus
4736b,22328,690,1,0
3552b,22328,691,2,0
1934b,22328,692,3,0
2533b,22328,694,4,0
580b,22328,695,5,0
5853b,22328,696,6,0
1884b,22328,697,7,0
6491b,22328,697,8,0
4735b,22328,698,9,0
4970b,22328,698,10,0
1117b,22328,698,11,0
553b,22328,699,12,0
4178b,22328,699,13,0
4733b,22328,699,14,0
2227b,22328,700,15,0
1860b,22328,700,16,0
380b,22328,701,17,0
2508b,22328,703,18,0
5390b,22328,706,19,0
4039b,22328,709,20,0
5833b,22328,709,21,0
5835b,22328,710,22,0
2607b,22328,711,23,0
3015b,22328,712,24,0
3303b,22328,713,25,0
5523b,22328,714,26,0
5522b,22328,715,27,0
2552b,22328,716,28,0
3298b,22328,718,29,0
786b,22328,719,30,0
2532b,22328,720,31,0
483b,22328,722,32,0
261b,22328,723,33,0
2196b,22328,725,34,0
1512b,22328,725,35,0
1805b,22328,726,36,0
4055b,22328,728,37,0
487b,22328,729,38,0
4036b,22328,730,39,0
3627b,22328,732,40,0
4037b,22328,732,41,0
68b,22328,733,42,0
1073b,22328,734,43,0
1491b,22328,734,44,0
676b,22328,735,45,0
3016b,22328,737,46,1
3016b,22296,685,1,0
987b,22296,685,2,0
1075b,22296,686,3,0
386b,22296,686,4,0
968b,22296,687,5,0
2599b,22296,687,6,0
3626b,22296,688,7,0
4035b,22296,689,8,0
3295b,22296,690,9,0
4750b,22296,692,10,0
2195b,22296,693,11,0
244b,22296,694,12,0
1809b,22296,695,13,0
2194b,22296,696,14,0
1641b,22296,698,15,0
2186b,22296,699,16,0
3300b,22296,699,17,0
1722b,22296,700,18,0
2542b,22296,702,19,0
5521b,22296,703,20,0
1403b,22296,704,21,0
5858b,22296,706,22,0
5457b,22296,707,23,0
239b,22296,708,24,0
5834b,22296,709,25,0
5832b,22296,710,26,0
4040b,22296,711,27,0
5391b,22296,712,28,0
3326b,22296,715,29,0
1319b,22296,717,30,0
4730b,22296,717,31,0
4731b,22296,718,32,0
4732b,22296,718,33,0
4177b,22296,719,34,0
1107b,22296,719,35,0
1320b,22296,720,36,0
4971b,22296,720,37,0
4734b,22296,721,38,0
2233b,22296,722,39,0
5852b,22296,724,40,0
2050b,22296,725,41,0
2488b,22296,726,42,0
4880b,22296,727,43,0
34b,22296,728,44,0
4736b,22296,730,45,1
4736b,12917,1110,1,0
3552b,12917,1111,2,0
1934b,12917,1112,3,0
2533b,12917,1114,4,0
580b,12917,1115,5,0
5853b,12917,1116,6,0
1884b,12917,1117,7,0
6491b,12917,1117,8,0
4735b,12917,1118,9,0
4970b,12917,1118,10,0
1117b,12917,1118,11,0
553b,12917,1119,12,0
4178b,12917,1119,13,0
4733b,12917,1119,14,0
2227b,12917,1120,15,0
1860b,12917,1120,16,0
380b,12917,1121,17,0
2508b,12917,1123,18,0
5390b,12917,1126,19,0
4039b,12917,1129,20,0
5833b,12917,1129,21,0
5835b,12917,1130,22,0
2607b,12917,1131,23,0
3015b,12917,1132,24,0
3303b,12917,1133,25,0
5523b,12917,1134,26,0
5522b,12917,1135,27,0
2552b,12917,1136,28,0
3298b,12917,1138,29,0
786b,12917,1139,30,0
2532b,12917,1140,31,0
483b,12917,1142,32,0
261b,12917,1144,33,0
2196b,12917,1146,34,0
1512b,12917,1146,35,0
1805b,12917,1147,36,0
4055b,12917,1149,37,0
487b,12917,1150,38,0
4036b,12917,1151,39,0
3627b,12917,1153,40,0
4037b,12917,1153,41,0
68b,12917,1154,42,0
1073b,12917,1155,43,0
1491b,12917,1155,44,0
676b,12917,1156,45,0
3016b,12917,1158,46,1
5836b,22203,375,1,0
4040b,22203,376,2,0
5391b,22203,377,3,0
3326b,22203,379,4,0
1319b,22203,381,5,0
4730b,22203,381,6,0
4731b,22203,381,7,0
4732b,22203,382,8,0
4177b,22203,382,9,0
1107b,22203,382,10,0
1320b,22203,382,11,0
4971b,22203,383,12,0
4734b,22203,383,13,0
2233b,22203,384,14,0
5852b,22203,386,15,0
2050b,22203,387,16,0
2488b,22203,388,17,0
4880b,22203,389,18,0
34b,22203,390,19,0
4736b,22203,392,20,1
4736b,10672,1170,1,0
3552b,10672,1171,2,0
1934b,10672,1172,3,0
2533b,10672,1174,4,0
580b,10672,1175,5,0
5853b,10672,1176,6,0
1884b,10672,1177,7,0
6491b,10672,1177,8,0
4735b,10672,1178,9,0
4970b,10672,1178,10,0
1117b,10672,1178,11,0
553b,10672,1179,12,0
4178b,10672,1179,13,0
4733b,10672,1179,14,0
2227b,10672,1180,15,0
1860b,10672,1180,16,0
380b,10672,1181,17,0
2508b,10672,1183,18,0
5390b,10672,1186,19,0
4039b,10672,1189,20,0
5833b,10672,1189,21,0
5835b,10672,1190,22,0
2607b,10672,1191,23,0
3015b,10672,1192,24,0
3303b,10672,1193,25,0
5523b,10672,1194,26,0
5522b,10672,1195,27,0
2552b,10672,1196,28,0
3298b,10672,1197,29,0
786b,10672,1198,30,0
2532b,10672,1199,31,0
483b,10672,1201,32,0
261b,10672,1202,33,0
2196b,10672,1204,34,0
1512b,10672,1204,35,0
1805b,10672,1205,36,0
4055b,10672,1206,37,0
487b,10672,1207,38,0
4036b,10672,1208,39,0
3627b,10672,1210,40,0
4037b,10672,1210,41,0
68b,10672,1211,42,0
1073b,10672,1212,43,0
1491b,10672,1212,44,0
676b,10672,1213,45,0
3016b,10672,1215,46,1
3016b,33091,470,1,0
987b,33091,470,2,0
1075b,33091,471,3,0
386b,33091,471,4,0
968b,33091,472,5,0
2599b,33091,472,6,0
3626b,33091,473,7,0
4035b,33091,474,8,0
3295b,33091,475,9,0
4750b,33091,477,10,0
2195b,33091,477,11,0
244b,33091,478,12,0
1809b,33091,479,13,0
2194b,33091,479,14,0
1641b,33091,481,15,0
2186b,33091,482,16,0
3300b,33091,482,17,0
1722b,33091,483,18,0
2542b,33091,485,19,0
5521b,33091,486,20,0
1403b,33091,487,21,0
5858b,33091,489,22,0
5457b,33091,490,23,0
239b,33091,491,24,0
5834b,33091,492,25,0
5832b,33091,493,26,0
4040b,33091,494,27,0
5391b,33091,495,28,0
3326b,33091,498,29,0
1319b,33091,500,30,0
4730b,33091,500,31,0
4731b,33091,501,32,0
4732b,33091,501,33,0
4177b,33091,501,34,0
1107b,33091,502,35,0
1320b,33091,502,36,0
4971b,33091,503,37,0
4734b,33091,503,38,0
2233b,33091,504,39,0
5852b,33091,507,40,0
2050b,33091,508,41,0
2488b,33091,509,42,0
4880b,33091,510,43,0
34b,33091,511,44,0
4736b,33091,514,45,1
3016b,12663,410,1,0
987b,12663,410,2,0
1075b,12663,411,3,0
386b,12663,411,4,0
968b,12663,412,5,0
2599b,12663,412,6,0
3626b,12663,413,7,0
4035b,12663,414,8,0
3295b,12663,415,9,0
4750b,12663,417,10,0
2195b,12663,417,11,0
244b,12663,418,12,0
1809b,12663,419,13,0
2194b,12663,419,14,0
1641b,12663,421,15,0
2186b,12663,421,16,0
3300b,12663,422,17,0
1722b,12663,423,18,0
2542b,12663,424,19,0
5521b,12663,425,20,0
1403b,12663,426,21,0
5858b,12663,428,22,0
5457b,12663,429,23,0
239b,12663,430,24,0
5834b,12663,431,25,0
5832b,12663,432,26,0
4040b,12663,433,27,0
5391b,12663,434,28,0
3326b,12663,436,29,0
1319b,12663,438,30,0
4730b,12663,438,31,0
4731b,12663,439,32,0
4732b,12663,439,33,0
4177b,12663,439,34,0
1107b,12663,440,35,0
1320b,12663,440,36,0
4971b,12663,441,37,0
4734b,12663,441,38,0
2233b,12663,442,39,0
5852b,12663,445,40,0
2050b,12663,446,41,0
2488b,12663,447,42,0
4880b,12663,448,43,0
34b,12663,449,44,0
4736b,12663,452,45,1
4736b,31057,725,1,0
3552b,31057,726,2,0
1934b,31057,727,3,0
2533b,31057,729,4,0
580b,31057,730,5,0
5853b,31057,731,6,0
1884b,31057,732,7,0
6491b,31057,732,8,0
4735b,31057,733,9,0
4970b,31057,733,10,0
1117b,31057,733,11,0
553b,31057,734,12,0
4178b,31057,734,13,0
4733b,31057,734,14,0
2227b,31057,735,15,0
1860b,31057,735,16,0
380b,31057,736,17,0
2508b,31057,738,18,0
5390b,31057,740,19,0
4039b,31057,743,20,0
5833b,31057,743,21,0
5835b,31057,744,22,0
2607b,31057,745,23,0
3015b,31057,746,24,0
3303b,31057,748,25,0
5523b,31057,749,26,0
5522b,31057,750,27,0
2552b,31057,751,28,0
3298b,31057,753,29,0
786b,31057,754,30,0
2532b,31057,755,31,0
483b,31057,757,32,0
261b,31057,759,33,0
2196b,31057,761,34,0
1512b,31057,761,35,0
1805b,31057,762,36,0
4055b,31057,763,37,0
487b,31057,765,38,0
4036b,31057,766,39,0
3627b,31057,768,40,0
4037b,31057,768,41,0
68b,31057,769,42,0
1073b,31057,770,43,0
1491b,31057,770,44,0
676b,31057,771,45,0
3016b,31057,773,46,1
4736b,7092,385,1,0
3552b,7092,386,2,0
1934b,7092,387,3,0
2533b,7092,389,4,0
580b,7092,390,5,0
5853b,7092,391,6,0
1884b,7092,392,7,0
6491b,7092,392,8,0
4735b,7092,393,9,0
4970b,7092,393,10,0
1117b,7092,393,11,0
553b,7092,394,12,0
4178b,7092,394,13,0
4733b,7092,394,14,0
2227b,7092,395,15,0
1860b,7092,395,16,0
380b,7092,396,17,0
2508b,7092,398,18,0
5390b,7092,401,19,0
4039b,7092,404,20,0
5833b,7092,404,21,0
5835b,7092,405,22,0
2607b,7092,406,23,0
3015b,7092,407,24,0
3303b,7092,408,25,0
5523b,7092,409,26,0
5522b,7092,410,27,0
2552b,7092,410,28,0
3298b,7092,412,29,0
786b,7092,413,30,0
2532b,7092,414,31,0
483b,7092,415,32,0
261b,7092,416,33,0
2196b,7092,418,34,0
1512b,7092,418,35,0
1805b,7092,419,36,0
4055b,7092,420,37,0
487b,7092,421,38,0
4036b,7092,422,39,0
3627b,7092,424,40,0
4037b,7092,424,41,0
68b,7092,425,42,0
1073b,7092,426,43,0
1491b,7092,426,44,0
676b,7092,427,45,0
3016b,7092,429,46,1
4736b,12759,425,1,0
3552b,12759,426,2,0
1934b,12759,427,3,0
2533b,12759,429,4,0
580b,12759,430,5,0
5853b,12759,431,6,0
1884b,12759,432,7,0
6491b,12759,432,8,0
4735b,12759,433,9,0
4970b,12759,433,10,0
1117b,12759,433,11,0
553b,12759,434,12,0
4178b,12759,434,13,0
4733b,12759,434,14,0
2227b,12759,435,15,0
1860b,12759,435,16,0
380b,12759,436,17,0
2508b,12759,438,18,0
5390b,12759,440,19,0
4039b,12759,443,20,0
5833b,12759,443,21,0
5835b,12759,444,22,0
2607b,12759,445,23,0
3015b,12759,446,24,0
3303b,12759,448,25,0
5523b,12759,449,26,0
5522b,12759,450,27,0
2552b,12759,451,28,0
3298b,12759,453,29,0
786b,12759,454,30,0
2532b,12759,455,31,0
483b,12759,457,32,0
261b,12759,459,33,0
2196b,12759,461,34,0
1512b,12759,461,35,0
1805b,12759,462,36,0
4055b,12759,463,37,0
487b,12759,465,38,0
4036b,12759,466,39,0
3627b,12759,468,40,0
4037b,12759,468,41,0
68b,12759,469,42,0
1073b,12759,470,43,0
1491b,12759,470,44,0
676b,12759,471,45,0
3016b,12759,473,46,1
4736b,7155,985,1,0
3552b,7155,986,2,0
1934b,7155,987,3,0
2533b,7155,989,4,0
580b,7155,990,5,0
5853b,7155,991,6,0
1884b,7155,992,7,0
6491b,7155,992,8,0
4735b,7155,993,9,0
4970b,7155,993,10,0
1117b,7155,993,11,0
553b,7155,994,12,0
4178b,7155,994,13,0
4733b,7155,994,14,0
2227b,7155,995,15,0
1860b,7155,995,16,0
380b,7155,996,17,0
2508b,7155,998,18,0
5390b,7155,1000,19,0
4039b,7155,1003,20,0
5836b,7155,1004,21,1
5836b,35089,558,1,0
4040b,35089,559,2,0
5391b,35089,560,3,0
3326b,35089,563,4,0
1319b,35089,565,5,0
4730b,35089,565,6,0
4731b,35089,566,7,0
4732b,35089,566,8,0
4177b,35089,567,9,0
1107b,35089,567,10,0
1320b,35089,568,11,0
4971b,35089,568,12,0
4734b,35089,569,13,0
2233b,35089,570,14,0
5852b,35089,572,15,0
2050b,35089,573,16,0
2488b,35089,574,17,0
4880b,35089,575,18,0
34b,35089,576,19,0
4736b,35089,578,20,1
5836b,2197,1070,1,0
4040b,2197,1071,2,0
5391b,2197,1072,3,0
3326b,2197,1074,4,0
1319b,2197,1076,5,0
4730b,2197,1076,6,0
4731b,2197,1077,7,0
4732b,2197,1077,8,0
4177b,2197,1077,9,0
1107b,2197,1078,10,0
1320b,2197,1078,11,0
4971b,2197,1079,12,0
4734b,2197,1079,13,0
2233b,2197,1080,14,0
5852b,2197,1083,15,0
2050b,2197,1083,16,0
2488b,2197,1084,17,0
4880b,2197,1086,18,0
34b,2197,1087,19,0
4736b,2197,1089,20,1
4736b,19988,655,1,0
3552b,19988,656,2,0
1934b,19988,657,3,0
2533b,19988,659,4,0
580b,19988,660,5,0
5853b,19988,661,6,0
1884b,19988,662,7,0
6491b,19988,662,8,0
4735b,19988,663,9,0
4970b,19988,663,10,0
1117b,19988,663,11,0
553b,19988,664,12,0
4178b,19988,664,13,0
4733b,19988,664,14,0
2227b,19988,665,15,0
1860b,19988,665,16,0
380b,19988,666,17,0
2508b,19988,668,18,0
5390b,19988,671,19,0
4039b,19988,674,20,0
5836b,19988,675,21,1
5836b,33642,822,1,0
4040b,33642,823,2,0
5391b,33642,824,3,0
3326b,33642,826,4,0
1319b,33642,828,5,0
4730b,33642,828,6,0
4731b,33642,829,7,0
4732b,33642,829,8,0
4177b,33642,829,9,0
1107b,33642,830,10,0
1320b,33642,830,11,0
4971b,33642,831,12,0
4734b,33642,831,13,0
2233b,33642,832,14,0
5852b,33642,835,15,0
2050b,33642,835,16,0
2488b,33642,836,17,0
4880b,33642,838,18,0
34b,33642,839,19,0
4736b,33642,841,20,1
4736b,17773,870,1,0
3552b,17773,871,2,0
1934b,17773,872,3,0
2533b,17773,874,4,0
580b,17773,875,5,0
5853b,17773,876,6,0
1884b,17773,877,7,0
6491b,17773,877,8,0
4735b,17773,878,9,0
4970b,17773,878,10,0
1117b,17773,878,11,0
553b,17773,879,12,0
4178b,17773,879,13,0
4733b,17773,879,14,0
2227b,17773,880,15,0
1860b,17773,880,16,0
380b,17773,881,17,0
2508b,17773,883,18,0
5390b,17773,886,19,0
4039b,17773,889,20,0
5833b,17773,889,21,0
5835b,17773,890,22,0
2607b,17773,891,23,0
3015b,17773,892,24,0
3303b,17773,893,25,0
5523b,17773,894,26,0
5522b,17773,895,27,0
2552b,17773,896,28,0
3298b,17773,898,29,0
786b,17773,899,30,0
2532b,17773,900,31,0
483b,17773,902,32,0
261b,17773,903,33,0
2196b,17773,905,34,0
1512b,17773,905,35,0
1805b,17773,906,36,0
4055b,17773,908,37,0
487b,17773,909,38,0
4036b,17773,910,39,0
3627b,17773,912,40,0
4037b,17773,912,41,0
68b,17773,913,42,0
1073b,17773,914,43,0
1491b,17773,914,44,0
676b,17773,915,45,0
3016b,17773,917,46,1
4736b,9244,895,1,0
3552b,9244,896,2,0
1934b,9244,897,3,0
2533b,9244,899,4,0
580b,9244,900,5,0
5853b,9244,901,6,0
1884b,9244,902,7,0
6491b,9244,902,8,0
4735b,9244,903,9,0
4970b,9244,903,10,0
1117b,9244,903,11,0
553b,9244,904,12,0
4178b,9244,904,13,0
4733b,9244,904,14,0
2227b,9244,905,15,0
1860b,9244,905,16,0
380b,9244,906,17,0
2508b,9244,908,18,0
5390b,9244,910,19,0
4039b,9244,913,20,0
5833b,9244,913,21,0
5835b,9244,914,22,0
2607b,9244,915,23,0
3015b,9244,916,24,0
3303b,9244,918,25,0
5523b,9244,919,26,0
5522b,9244,920,27,0
2552b,9244,921,28,0
3298b,9244,923,29,0
786b,9244,924,30,0
2532b,9244,925,31,0
483b,9244,927,32,0
261b,9244,929,33,0
2196b,9244,931,34,0
1512b,9244,931,35,0
1805b,9244,932,36,0
4055b,9244,933,37,0
487b,9244,935,38,0
4036b,9244,936,39,0
3627b,9244,938,40,0
4037b,9244,938,41,0
68b,9244,939,42,0
1073b,9244,940,43,0
1491b,9244,940,44,0
676b,9244,941,45,0
3016b,9244,943,46,1
4736b,10436,675,1,0
3552b,10436,676,2,0
1934b,10436,677,3,0
2533b,10436,679,4,0
580b,10436,680,5,0
5853b,10436,681,6,0
1884b,10436,682,7,0
6491b,10436,682,8,0
4735b,10436,683,9,0
4970b,10436,683,10,0
1117b,10436,683,11,0
553b,10436,684,12,0
4178b,10436,684,13,0
4733b,10436,684,14,0
2227b,10436,685,15,0
1860b,10436,685,16,0
380b,10436,686,17,0
2508b,10436,688,18,0
5390b,10436,690,19,0
4039b,10436,693,20,0
5833b,10436,693,21,0
5835b,10436,694,22,0
2607b,10436,695,23,0
3015b,10436,696,24,0
3303b,10436,698,25,0
5523b,10436,699,26,0
5522b,10436,700,27,0
2552b,10436,701,28,0
3298b,10436,703,29,0
786b,10436,704,30,0
2532b,10436,705,31,0
483b,10436,707,32,0
261b,10436,709,33,0
2196b,10436,711,34,0
1512b,10436,711,35,0
1805b,10436,712,36,0
4055b,10436,713,37,0
487b,10436,715,38,0
4036b,10436,716,39,0
3627b,10436,718,40,0
4037b,10436,718,41,0
68b,10436,719,42,0
1073b,10436,720,43,0
1491b,10436,720,44,0
676b,10436,721,45,0
3016b,10436,723,46,1
5836b,17498,742,1,0
4040b,17498,743,2,0
5391b,17498,744,3,0
3326b,17498,747,4,0
1319b,17498,749,5,0
4730b,17498,749,6,0
4731b,17498,750,7,0
4732b,17498,750,8,0
4177b,17498,751,9,0
1107b,17498,751,10,0
1320b,17498,752,11,0
4971b,17498,752,12,0
4734b,17498,753,13,0
2233b,17498,754,14,0
5852b,17498,756,15,0
2050b,17498,757,16,0
2488b,17498,758,17,0
4880b,17498,759,18,0
34b,17498,760,19,0
4736b,17498,762,20,1
4736b,4969,868,1,0
3552b,4969,869,2,0
1934b,4969,870,3,0
2533b,4969,872,4,0
580b,4969,873,5,0
5853b,4969,874,6,0
1884b,4969,875,7,0
6491b,4969,875,8,0
4735b,4969,876,9,0
4970b,4969,876,10,0
1117b,4969,876,11,0
553b,4969,877,12,0
4178b,4969,877,13,0
4733b,4969,877,14,0
2227b,4969,878,15,0
1860b,4969,878,16,0
380b,4969,879,17,0
2508b,4969,881,18,0
5390b,4969,883,19,0
4039b,4969,886,20,0
5836b,4969,887,21,1
5836b,9166,1245,1,0
4040b,9166,1246,2,0
5391b,9166,1247,3,0
3326b,9166,1248,4,0
1319b,9166,1250,5,0
4730b,9166,1250,6,0
4731b,9166,1250,7,0
4732b,9166,1251,8,0
4177b,9166,1251,9,0
1107b,9166,1251,10,0
1320b,9166,1251,11,0
4971b,9166,1252,12,0
4734b,9166,1252,13,0
2233b,9166,1253,14,0
5852b,9166,1254,15,0
2050b,9166,1255,16,0
2488b,9166,1255,17,0
4880b,9166,1256,18,0
34b,9166,1256,19,0
4736b,9166,1258,20,1
3016b,33786,727,1,0
987b,33786,727,2,0
1075b,33786,728,3,0
386b,33786,728,4,0
968b,33786,729,5,0
2599b,33786,729,6,0
3626b,33786,730,7,0
4035b,33786,731,8,0
3295b,33786,732,9,0
4750b,33786,734,10,0
2195b,33786,734,11,0
244b,33786,735,12,0
1809b,33786,736,13,0
2194b,33786,737,14,0
1641b,33786,740,15,0
2186b,33786,741,16,0
3300b,33786,741,17,0
1722b,33786,742,18,0
2542b,33786,744,19,0
5521b,33786,745,20,0
1403b,33786,746,21,0
5858b,33786,748,22,0
5457b,33786,749,23,0
239b,33786,750,24,0
5834b,33786,751,25,0
5832b,33786,752,26,0
4040b,33786,753,27,0
5391b,33786,754,28,0
3326b,33786,756,29,0
1319b,33786,758,30,0
4730b,33786,758,31,0
4731b,33786,759,32,0
4732b,33786,759,33,0
4177b,33786,759,34,0
1107b,33786,760,35,0
1320b,33786,760,36,0
4971b,33786,761,37,0
4734b,33786,761,38,0
2233b,33786,762,39,0
5852b,33786,765,40,0
2050b,33786,765,41,0
2488b,33786,766,42,0
4880b,33786,768,43,0
34b,33786,769,44,0
4736b,33786,771,45,1
4736b,10233,1115,1,0
3552b,10233,1116,2,0
1934b,10233,1117,3,0
2533b,10233,1119,4,0
580b,10233,1120,5,0
5853b,10233,1121,6,0
1884b,10233,1122,7,0
6491b,10233,1122,8,0
4735b,10233,1123,9,0
4970b,10233,1123,10,0
1117b,10233,1123,11,0
553b,10233,1124,12,0
4178b,10233,1124,13,0
4733b,10233,1124,14,0
2227b,10233,1125,15,0
1860b,10233,1125,16,0
380b,10233,1126,17,0
2508b,10233,1128,18,0
5390b,10233,1130,19,0
4039b,10233,1133,20,0
5836b,10233,1134,21,1
4736b,10238,615,1,0
3552b,10238,616,2,0
1934b,10238,617,3,0
2533b,10238,619,4,0
580b,10238,620,5,0
5853b,10238,621,6,0
1884b,10238,622,7,0
6491b,10238,622,8,0
4735b,10238,623,9,0
4970b,10238,623,10,0
1117b,10238,623,11,0
553b,10238,624,12,0
4178b,10238,624,13,0
4733b,10238,624,14,0
2227b,10238,625,15,0
1860b,10238,625,16,0
380b,10238,626,17,0
2508b,10238,628,18,0
5390b,10238,630,19,0
4039b,10238,633,20,0
5833b,10238,633,21,0
5835b,10238,634,22,0
2607b,10238,635,23,0
3015b,10238,636,24,0
3303b,10238,638,25,0
5523b,10238,639,26,0
5522b,10238,640,27,0
2552b,10238,641,28,0
3298b,10238,643,29,0
786b,10238,644,30,0
2532b,10238,645,31,0
483b,10238,647,32,0
261b,10238,649,33,0
2196b,10238,651,34,0
1512b,10238,651,35,0
1805b,10238,652,36,0
4055b,10238,653,37,0
487b,10238,655,38,0
4036b,10238,656,39,0
3627b,10238,658,40,0
4037b,10238,658,41,0
68b,10238,659,42,0
1073b,10238,660,43,0
1491b,10238,660,44,0
676b,10238,661,45,0
3016b,10238,663,46,1
4736b,27975,1200,1,0
3552b,27975,1201,2,0
1934b,27975,1202,3,0
2533b,27975,1204,4,0
580b,27975,1205,5,0
5853b,27975,1206,6,0
1884b,27975,1207,7,0
6491b,27975,1207,8,0
4735b,27975,1208,9,0
4970b,27975,1208,10,0
1117b,27975,1208,11,0
553b,27975,1209,12,0
4178b,27975,1209,13,0
4733b,27975,1209,14,0
2227b,27975,1210,15,0
1860b,27975,1210,16,0
380b,27975,1211,17,0
2508b,27975,1213,18,0
5390b,27975,1216,19,0
4039b,27975,1219,20,0
5836b,27975,1220,21,1
5836b,21747,862,1,0
4040b,21747,863,2,0
5391b,21747,864,3,0
3326b,21747,866,4,0
1319b,21747,868,5,0
4730b,21747,868,6,0
4731b,21747,869,7,0
4732b,21747,869,8,0
4177b,21747,869,9,0
1107b,21747,870,10,0
1320b,21747,870,11,0
4971b,21747,871,12,0
4734b,21747,871,13,0
2233b,21747,872,14,0
5852b,21747,874,15,0
2050b,21747,875,16,0
2488b,21747,876,17,0
4880b,21747,877,18,0
34b,21747,878,19,0
4736b,21747,880,20,1
4736b,5795,1080,1,0
3552b,5795,1081,2,0
1934b,5795,1082,3,0
2533b,5795,1084,4,0
580b,5795,1085,5,0
5853b,5795,1086,6,0
1884b,5795,1087,7,0
6491b,5795,1087,8,0
4735b,5795,1088,9,0
4970b,5795,1088,10,0
1117b,5795,1088,11,0
553b,5795,1089,12,0
4178b,5795,1089,13,0
4733b,5795,1089,14,0
2227b,5795,1090,15,0
1860b,5795,1090,16,0
380b,5795,1091,17,0
2508b,5795,1093,18,0
5390b,5795,1096,19,0
4039b,5795,1099,20,0
5833b,5795,1099,21,0
5835b,5795,1100,22,0
2607b,5795,1101,23,0
3015b,5795,1102,24,0
3303b,5795,1103,25,0
5523b,5795,1104,26,0
5522b,5795,1105,27,0
2552b,5795,1106,28,0
3298b,5795,1108,29,0
786b,5795,1109,30,0
2532b,5795,1110,31,0
483b,5795,1112,32,0
261b,5795,1114,33,0
2196b,5795,1116,34,0
1512b,5795,1116,35,0
1805b,5795,1117,36,0
4055b,5795,1119,37,0
487b,5795,1120,38,0
4036b,5795,1121,39,0
3627b,5795,1123,40,0
4037b,5795,1123,41,0
68b,5795,1124,42,0
1073b,5795,1125,43,0
1491b,5795,1125,44,0
676b,5795,1126,45,0
3016b,5795,1128,46,1
3016b,21615,440,1,0
987b,21615,440,2,0
1075b,21615,441,3,0
386b,21615,441,4,0
968b,21615,442,5,0
2599b,21615,442,6,0
3626b,21615,443,7,0
4035b,21615,444,8,0
3295b,21615,445,9,0
4750b,21615,447,10,0
2195b,21615,447,11,0
244b,21615,448,12,0
1809b,21615,449,13,0
2194b,21615,449,14,0
1641b,21615,451,15,0
2186b,21615,451,16,0
3300b,21615,452,17,0
1722b,21615,453,18,0
2542b,21615,454,19,0
5521b,21615,455,20,0
1403b,21615,456,21,0
5858b,21615,458,22,0
5457b,21615,459,23,0
239b,21615,460,24,0
5834b,21615,461,25,0
5832b,21615,462,26,0
4040b,21615,463,27,0
5391b,21615,464,28,0
3326b,21615,466,29,0
1319b,21615,468,30,0
4730b,21615,468,31,0
4731b,21615,469,32,0
4732b,21615,469,33,0
4177b,21615,469,34,0
1107b,21615,470,35,0
1320b,21615,470,36,0
4971b,21615,471,37,0
4734b,21615,471,38,0
2233b,21615,472,39,0
5852b,21615,475,40,0
2050b,21615,476,41,0
2488b,21615,477,42,0
4880b,21615,478,43,0
34b,21615,479,44,0
4736b,21615,482,45,1
3016b,21663,565,1,0
987b,21663,565,2,0
1075b,21663,566,3,0
386b,21663,566,4,0
968b,21663,567,5,0
2599b,21663,567,6,0
3626b,21663,568,7,0
4035b,21663,569,8,0
3295b,21663,570,9,0
4750b,21663,573,10,0
2195b,21663,574,11,0
244b,21663,575,12,0
1809b,21663,576,13,0
2194b,21663,577,14,0
1641b,21663,579,15,0
2186b,21663,580,16,0
3300b,21663,580,17,0
1722b,21663,581,18,0
2542b,21663,583,19,0
5521b,21663,584,20,0
1403b,21663,585,21,0
5858b,21663,587,22,0
5457b,21663,588,23,0
239b,21663,589,24,0
5834b,21663,590,25,0
5832b,21663,592,26,0
4040b,21663,593,27,0
5391b,21663,594,28,0
3326b,21663,597,29,0
1319b,21663,599,30,0
4730b,21663,599,31,0
4731b,21663,600,32,0
4732b,21663,600,33,0
4177b,21663,601,34,0
1107b,21663,601,35,0
1320b,21663,602,36,0
4971b,21663,602,37,0
4734b,21663,603,38,0
2233b,21663,604,39,0
5852b,21663,606,40,0
2050b,21663,607,41,0
2488b,21663,608,42,0
4880b,21663,609,43,0
34b,21663,610,44,0
4736b,21663,612,45,1
5836b,27659,802,1,0
4040b,27659,803,2,0
5391b,27659,804,3,0
3326b,27659,806,4,0
1319b,27659,808,5,0
4730b,27659,808,6,0
4731b,27659,809,7,0
4732b,27659,809,8,0
4177b,27659,809,9,0
1107b,27659,810,10,0
1320b,27659,810,11,0
4971b,27659,811,12,0
4734b,27659,811,13,0
2233b,27659,812,14,0
5852b,27659,814,15,0
2050b,27659,815,16,0
2488b,27659,816,17,0
4880b,27659,817,18,0
34b,27659,818,19,0
4736b,27659,820,20,1
4736b,27503,925,1,0
3552b,27503,926,2,0
1934b,27503,927,3,0
2533b,27503,929,4,0
580b,27503,930,5,0
5853b,27503,931,6,0
1884b,27503,932,7,0
6491b,27503,932,8,0
4735b,27503,933,9,0
4970b,27503,933,10,0
1117b,27503,933,11,0
553b,27503,934,12,0
4178b,27503,934,13,0
4733b,27503,934,14,0
2227b,27503,935,15,0
1860b,27503,935,16,0
380b,27503,936,17,0
2508b,27503,938,18,0
5390b,27503,940,19,0
4039b,27503,943,20,0
5836b,27503,944,21,1
4736b,27517,545,1,0
3552b,27517,546,2,0
1934b,27517,547,3,0
2533b,27517,549,4,0
580b,27517,550,5,0
5853b,27517,551,6,0
1884b,27517,552,7,0
6491b,27517,552,8,0
4735b,27517,553,9,0
4970b,27517,553,10,0
1117b,27517,553,11,0
553b,27517,554,12,0
4178b,27517,554,13,0
4733b,27517,554,14,0
2227b,27517,555,15,0
1860b,27517,555,16,0
380b,27517,556,17,0
2508b,27517,558,18,0
5390b,27517,560,19,0
4039b,27517,563,20,0
5833b,27517,563,21,0
5835b,27517,564,22,0
2607b,27517,565,23,0
3015b,27517,566,24,0
3303b,27517,568,25,0
5523b,27517,569,26,0
5522b,27517,570,27,0
2552b,27517,571,28,0
3298b,27517,573,29,0
786b,27517,574,30,0
2532b,27517,575,31,0
483b,27517,577,32,0
261b,27517,579,33,0
2196b,27517,581,34,0
1512b,27517,581,35,0
1805b,27517,582,36,0
4055b,27517,583,37,0
487b,27517,585,38,0
4036b,27517,586,39,0
3627b,27517,588,40,0
4037b,27517,588,41,0
68b,27517,589,42,0
1073b,27517,590,43,0
1491b,27517,590,44,0
676b,27517,591,45,0
3016b,27517,593,46,1
4736b,1188,625,1,0
3552b,1188,626,2,0
1934b,1188,627,3,0
2533b,1188,629,4,0
580b,1188,630,5,0
5853b,1188,631,6,0
1884b,1188,632,7,0
6491b,1188,632,8,0
4735b,1188,633,9,0
4970b,1188,633,10,0
1117b,1188,633,11,0
553b,1188,634,12,0
4178b,1188,634,13,0
4733b,1188,634,14,0
2227b,1188,635,15,0
1860b,1188,635,16,0
380b,1188,636,17,0
2508b,1188,638,18,0
5390b,1188,641,19,0
4039b,1188,644,20,0
5833b,1188,644,21,0
5835b,1188,645,22,0
2607b,1188,646,23,0
3015b,1188,647,24,0
3303b,1188,648,25,0
5523b,1188,649,26,0
5522b,1188,650,27,0
2552b,1188,651,28,0
3298b,1188,653,29,0
786b,1188,654,30,0
2532b,1188,655,31,0
483b,1188,657,32,0
261b,1188,658,33,0
2196b,1188,660,34,0
1512b,1188,660,35,0
1805b,1188,661,36,0
4055b,1188,663,37,0
487b,1188,664,38,0
4036b,1188,665,39,0
3627b,1188,667,40,0
4037b,1188,667,41,0
68b,1188,668,42,0
1073b,1188,669,43,0
1491b,1188,669,44,0
676b,1188,670,45,0
3016b,1188,672,46,1
3016b,19747,500,1,0
987b,19747,500,2,0
1075b,19747,501,3,0
386b,19747,501,4,0
968b,19747,502,5,0
2599b,19747,502,6,0
3626b,19747,503,7,0
4035b,19747,504,8,0
3295b,19747,505,9,0
4750b,19747,507,10,0
2195b,19747,507,11,0
244b,19747,508,12,0
1809b,19747,509,13,0
2194b,19747,509,14,0
1641b,19747,511,15,0
2186b,19747,512,16,0
3300b,19747,512,17,0
1722b,19747,513,18,0
2542b,19747,515,19,0
5521b,19747,516,20,0
1403b,19747,517,21,0
5858b,19747,519,22,0
5457b,19747,520,23,0
239b,19747,521,24,0
5834b,19747,522,25,0
5832b,19747,523,26,0
4040b,19747,524,27,0
5391b,19747,525,28,0
3326b,19747,528,29,0
1319b,19747,530,30,0
4730b,19747,530,31,0
4731b,19747,531,32,0
4732b,19747,531,33,0
4177b,19747,531,34,0
1107b,19747,532,35,0
1320b,19747,532,36,0
4971b,19747,533,37,0
4734b,19747,533,38,0
2233b,19747,534,39,0
5852b,19747,537,40,0
2050b,19747,538,41,0
2488b,19747,539,42,0
4880b,19747,540,43,0
34b,19747,541,44,0
4736b,19747,544,45,1
3016b,19674,1140,1,0
987b,19674,1140,2,0
1075b,19674,1141,3,0
386b,19674,1141,4,0
968b,19674,1142,5,0
2599b,19674,1142,6,0
3626b,19674,1143,7,0
4035b,19674,1144,8,0
3295b,19674,1145,9,0
4750b,19674,1147,10,0
2195b,19674,1147,11,0
244b,19674,1148,12,0
1809b,19674,1149,13,0
2194b,19674,1150,14,0
1641b,19674,1152,15,0
2186b,19674,1153,16,0
3300b,19674,1153,17,0
1722b,19674,1154,18,0
2542b,19674,1156,19,0
5521b,19674,1157,20,0
1403b,19674,1158,21,0
5858b,19674,1160,22,0
5457b,19674,1161,23,0
239b,19674,1162,24,0
5834b,19674,1163,25,0
5832b,19674,1164,26,0
4040b,19674,1165,27,0
5391b,19674,1166,28,0
3326b,19674,1168,29,0
1319b,19674,1170,30,0
4730b,19674,1170,31,0
4731b,19674,1170,32,0
4732b,19674,1171,33,0
4177b,19674,1171,34,0
1107b,19674,1171,35,0
1320b,19674,1171,36,0
4971b,19674,1172,37,0
4734b,19674,1172,38,0
2233b,19674,1173,39,0
5852b,19674,1174,40,0
2050b,19674,1175,41,0
2488b,19674,1175,42,0
4880b,19674,1176,43,0
34b,19674,1176,44,0
4736b,19674,1178,45,1
3016b,21454,667,1,0
987b,21454,667,2,0
1075b,21454,668,3,0
386b,21454,668,4,0
968b,21454,669,5,0
2599b,21454,669,6,0
3626b,21454,670,7,0
4035b,21454,671,8,0
3295b,21454,672,9,0
4750b,21454,674,10,0
2195b,21454,674,11,0
244b,21454,675,12,0
1809b,21454,676,13,0
2194b,21454,677,14,0
1641b,21454,680,15,0
2186b,21454,681,16,0
3300b,21454,681,17,0
1722b,21454,682,18,0
2542b,21454,684,19,0
5521b,21454,685,20,0
1403b,21454,686,21,0
5858b,21454,688,22,0
5457b,21454,689,23,0
239b,21454,690,24,0
5834b,21454,691,25,0
5832b,21454,692,26,0
4040b,21454,693,27,0
5391b,21454,694,28,0
3326b,21454,696,29,0
1319b,21454,698,30,0
4730b,21454,698,31,0
4731b,21454,699,32,0
4732b,21454,699,33,0
4177b,21454,699,34,0
1107b,21454,700,35,0
1320b,21454,700,36,0
4971b,21454,701,37,0
4734b,21454,701,38,0
2233b,21454,702,39,0
5852b,21454,705,40,0
2050b,21454,705,41,0
2488b,21454,706,42,0
4880b,21454,708,43,0
34b,21454,709,44,0
4736b,21454,711,45,1
4736b,7592,595,1,0
3552b,7592,596,2,0
1934b,7592,597,3,0
2533b,7592,599,4,0
580b,7592,600,5,0
5853b,7592,601,6,0
1884b,7592,602,7,0
6491b,7592,602,8,0
4735b,7592,603,9,0
4970b,7592,603,10,0
1117b,7592,603,11,0
553b,7592,604,12,0
4178b,7592,604,13,0
4733b,7592,604,14,0
2227b,7592,605,15,0
1860b,7592,605,16,0
380b,7592,606,17,0
2508b,7592,608,18,0
5390b,7592,611,19,0
4039b,7592,614,20,0
5836b,7592,615,21,1
4736b,13572,810,1,0
3552b,13572,811,2,0
1934b,13572,812,3,0
2533b,13572,814,4,0
580b,13572,815,5,0
5853b,13572,816,6,0
1884b,13572,817,7,0
6491b,13572,817,8,0
4735b,13572,818,9,0
4970b,13572,818,10,0
1117b,13572,818,11,0
553b,13572,819,12,0
4178b,13572,819,13,0
4733b,13572,819,14,0
2227b,13572,820,15,0
1860b,13572,820,16,0
380b,13572,821,17,0
2508b,13572,823,18,0
5390b,13572,826,19,0
4039b,13572,829,20,0
5833b,13572,829,21,0
5835b,13572,830,22,0
2607b,13572,831,23,0
3015b,13572,832,24,0
3303b,13572,833,25,0
5523b,13572,834,26,0
5522b,13572,835,27,0
2552b,13572,836,28,0
3298b,13572,838,29,0
786b,13572,839,30,0
2532b,13572,840,31,0
483b,13572,842,32,0
261b,13572,843,33,0
2196b,13572,845,34,0
1512b,13572,845,35,0
1805b,13572,846,36,0
4055b,13572,848,37,0
487b,13572,849,38,0
4036b,13572,850,39,0
3627b,13572,852,40,0
4037b,13572,852,41,0
68b,13572,853,42,0
1073b,13572,854,43,0
1491b,13572,854,44,0
676b,13572,855,45,0
3016b,13572,857,46,1
4736b,5219,780,1,0
3552b,5219,781,2,0
1934b,5219,782,3,0
2533b,5219,784,4,0
580b,5219,785,5,0
5853b,5219,786,6,0
1884b,5219,787,7,0
6491b,5219,787,8,0
4735b,5219,788,9,0
4970b,5219,788,10,0
1117b,5219,788,11,0
553b,5219,789,12,0
4178b,5219,789,13,0
4733b,5219,789,14,0
2227b,5219,790,15,0
1860b,5219,790,16,0
380b,5219,791,17,0
2508b,5219,793,18,0
5390b,5219,796,19,0
4039b,5219,799,20,0
5836b,5219,800,21,1
4736b,5242,955,1,0
3552b,5242,956,2,0
1934b,5242,957,3,0
2533b,5242,959,4,0
580b,5242,960,5,0
5853b,5242,961,6,0
1884b,5242,962,7,0
6491b,5242,962,8,0
4735b,5242,963,9,0
4970b,5242,963,10,0
1117b,5242,963,11,0
553b,5242,964,12,0
4178b,5242,964,13,0
4733b,5242,964,14,0
2227b,5242,965,15,0
1860b,5242,965,16,0
380b,5242,966,17,0
2508b,5242,968,18,0
5390b,5242,970,19,0
4039b,5242,973,20,0
5833b,5242,973,21,0
5835b,5242,974,22,0
2607b,5242,975,23,0
3015b,5242,976,24,0
3303b,5242,978,25,0
5523b,5242,979,26,0
5522b,5242,980,27,0
2552b,5242,981,28,0
3298b,5242,983,29,0
786b,5242,984,30,0
2532b,5242,985,31,0
483b,5242,987,32,0
261b,5242,989,33,0
2196b,5242,991,34,0
1512b,5242,991,35,0
1805b,5242,992,36,0
4055b,5242,993,37,0
487b,5242,995,38,0
4036b,5242,996,39,0
3627b,5242,998,40,0
4037b,5242,998,41,0
68b,5242,999,42,0
1073b,5242,1000,43,0
1491b,5242,1000,44,0
676b,5242,1001,45,0
3016b,5242,1003,46,1
4736b,25141,1050,1,0
3552b,25141,1052,2,0
1934b,25141,1053,3,0
2533b,25141,1055,4,0
580b,25141,1056,5,0
5853b,25141,1058,6,0
1884b,25141,1059,7,0
6491b,25141,1059,8,0
4735b,25141,1060,9,0
4970b,25141,1060,10,0
1117b,25141,1060,11,0
553b,25141,1061,12,0
4178b,25141,1061,13,0
4733b,25141,1061,14,0
2227b,25141,1062,15,0
1860b,25141,1062,16,0
380b,25141,1063,17,0
2508b,25141,1065,18,0
5390b,25141,1068,19,0
4039b,25141,1071,20,0
5833b,25141,1071,21,0
5835b,25141,1072,22,0
2607b,25141,1073,23,0
3015b,25141,1074,24,0
3303b,25141,1075,25,0
5523b,25141,1076,26,0
5522b,25141,1077,27,0
2552b,25141,1078,28,0
3298b,25141,1080,29,0
786b,25141,1081,30,0
2532b,25141,1082,31,0
483b,25141,1084,32,0
261b,25141,1086,33,0
2196b,25141,1088,34,0
1512b,25141,1088,35,0
1805b,25141,1089,36,0
4055b,25141,1091,37,0
487b,25141,1092,38,0
4036b,25141,1093,39,0
3627b,25141,1095,40,0
4037b,25141,1095,41,0
68b,25141,1096,42,0
1073b,25141,1097,43,0
1491b,25141,1097,44,0
676b,25141,1098,45,0
3016b,25141,1100,46,1
4736b,15654,803,1,0
3552b,15654,804,2,0
1934b,15654,805,3,0
2533b,15654,807,4,0
580b,15654,808,5,0
5853b,15654,809,6,0
1884b,15654,810,7,0
6491b,15654,810,8,0
4735b,15654,811,9,0
4970b,15654,811,10,0
1117b,15654,811,11,0
553b,15654,812,12,0
4178b,15654,812,13,0
4733b,15654,812,14,0
2227b,15654,813,15,0
1860b,15654,813,16,0
380b,15654,814,17,0
2508b,15654,816,18,0
5390b,15654,818,19,0
4039b,15654,821,20,0
5836b,15654,822,21,1
5836b,25184,950,1,0
4040b,25184,951,2,0
5391b,25184,952,3,0
3326b,25184,954,4,0
1319b,25184,956,5,0
4730b,25184,956,6,0
4731b,25184,957,7,0
4732b,25184,957,8,0
4177b,25184,957,9,0
1107b,25184,958,10,0
1320b,25184,958,11,0
4971b,25184,959,12,0
4734b,25184,959,13,0
2233b,25184,960,14,0
5852b,25184,963,15,0
2050b,25184,963,16,0
2488b,25184,964,17,0
4880b,25184,966,18,0
34b,25184,967,19,0
4736b,25184,969,20,1
3016b,7356,1080,1,0
987b,7356,1080,2,0
1075b,7356,1081,3,0
386b,7356,1081,4,0
968b,7356,1082,5,0
2599b,7356,1082,6,0
3626b,7356,1083,7,0
4035b,7356,1084,8,0
3295b,7356,1085,9,0
4750b,7356,1088,10,0
2195b,7356,1089,11,0
244b,7356,1090,12,0
1809b,7356,1091,13,0
2194b,7356,1092,14,0
1641b,7356,1094,15,0
2186b,7356,1095,16,0
3300b,7356,1095,17,0
1722b,7356,1096,18,0
2542b,7356,1098,19,0
5521b,7356,1099,20,0
1403b,7356,1100,21,0
5858b,7356,1102,22,0
5457b,7356,1103,23,0
239b,7356,1104,24,0
5834b,7356,1105,25,0
5832b,7356,1107,26,0
4040b,7356,1108,27,0
5391b,7356,1109,28,0
3326b,7356,1112,29,0
1319b,7356,1114,30,0
4730b,7356,1114,31,0
4731b,7356,1115,32,0
4732b,7356,1115,33,0
4177b,7356,1115,34,0
1107b,7356,1116,35,0
1320b,7356,1116,36,0
4971b,7356,1117,37,0
4734b,7356,1117,38,0
2233b,7356,1118,39,0
5852b,7356,1120,40,0
2050b,7356,1121,41,0
2488b,7356,1122,42,0
4880b,7356,1123,43,0
34b,7356,1124,44,0
4736b,7356,1126,45,1
3016b,7388,1195,1,0
987b,7388,1195,2,0
1075b,7388,1196,3,0
386b,7388,1196,4,0
968b,7388,1197,5,0
2599b,7388,1197,6,0
3626b,7388,1198,7,0
4035b,7388,1199,8,0
3295b,7388,1200,9,0
4750b,7388,1202,10,0
2195b,7388,1202,11,0
244b,7388,1203,12,0
1809b,7388,1204,13,0
2194b,7388,1205,14,0
1641b,7388,1207,15,0
2186b,7388,1208,16,0
3300b,7388,1208,17,0
1722b,7388,1209,18,0
2542b,7388,1211,19,0
5521b,7388,1212,20,0
1403b,7388,1213,21,0
5858b,7388,1215,22,0
5457b,7388,1216,23,0
239b,7388,1217,24,0
5834b,7388,1218,25,0
5832b,7388,1219,26,0
4040b,7388,1220,27,0
5391b,7388,1221,28,0
3326b,7388,1223,29,0
1319b,7388,1225,30,0
4730b,7388,1225,31,0
4731b,7388,1226,32,0
4732b,7388,1226,33,0
4177b,7388,1226,34,0
1107b,7388,1227,35,0
1320b,7388,1227,36,0
4971b,7388,1228,37,0
4734b,7388,1228,38,0
2233b,7388,1229,39,0
5852b,7388,1231,40,0
2050b,7388,1231,41,0
2488b,7388,1232,42,0
4880b,7388,1233,43,0
34b,7388,1234,44,0
4736b,7388,1236,45,1
4736b,15506,1050,1,0
3552b,15506,1051,2,0
1934b,15506,1052,3,0
2533b,15506,1054,4,0
580b,15506,1055,5,0
5853b,15506,1056,6,0
1884b,15506,1057,7,0
6491b,15506,1057,8,0
4735b,15506,1058,9,0
4970b,15506,1058,10,0
1117b,15506,1058,11,0
553b,15506,1059,12,0
4178b,15506,1059,13,0
4733b,15506,1059,14,0
2227b,15506,1060,15,0
1860b,15506,1060,16,0
380b,15506,1061,17,0
2508b,15506,1063,18,0
5390b,15506,1065,19,0
4039b,15506,1068,20,0
5836b,15506,1069,21,1
4736b,5144,1180,1,0
3552b,5144,1181,2,0
1934b,5144,1182,3,0
2533b,5144,1184,4,0
580b,5144,1185,5,0
5853b,5144,1186,6,0
1884b,5144,1187,7,0
6491b,5144,1187,8,0
4735b,5144,1188,9,0
4970b,5144,1188,10,0
1117b,5144,1188,11,0
553b,5144,1189,12,0
4178b,5144,1189,13,0
4733b,5144,1189,14,0
2227b,5144,1190,15,0
1860b,5144,1190,16,0
380b,5144,1191,17,0
2508b,5144,1193,18,0
5390b,5144,1195,19,0
4039b,5144,1198,20,0
5836b,5144,1199,21,1
4736b,7225,840,1,0
3552b,7225,841,2,0
1934b,7225,842,3,0
2533b,7225,844,4,0
580b,7225,845,5,0
5853b,7225,846,6,0
1884b,7225,847,7,0
6491b,7225,847,8,0
4735b,7225,848,9,0
4970b,7225,848,10,0
1117b,7225,848,11,0
553b,7225,849,12,0
4178b,7225,849,13,0
4733b,7225,849,14,0
2227b,7225,850,15,0
1860b,7225,850,16,0
380b,7225,851,17,0
2508b,7225,853,18,0
5390b,7225,856,19,0
4039b,7225,859,20,0
5836b,7225,860,21,1
4736b,7277,485,1,0
3552b,7277,486,2,0
1934b,7277,487,3,0
2533b,7277,489,4,0
580b,7277,490,5,0
5853b,7277,491,6,0
1884b,7277,492,7,0
6491b,7277,492,8,0
4735b,7277,493,9,0
4970b,7277,493,10,0
1117b,7277,493,11,0
553b,7277,494,12,0
4178b,7277,494,13,0
4733b,7277,494,14,0
2227b,7277,495,15,0
1860b,7277,495,16,0
380b,7277,496,17,0
2508b,7277,498,18,0
5390b,7277,500,19,0
4039b,7277,503,20,0
5833b,7277,503,21,0
5835b,7277,504,22,0
2607b,7277,505,23,0
3015b,7277,506,24,0
3303b,7277,508,25,0
5523b,7277,509,26,0
5522b,7277,510,27,0
2552b,7277,511,28,0
3298b,7277,513,29,0
786b,7277,514,30,0
2532b,7277,515,31,0
483b,7277,517,32,0
261b,7277,519,33,0
2196b,7277,521,34,0
1512b,7277,521,35,0
1805b,7277,522,36,0
4055b,7277,523,37,0
487b,7277,525,38,0
4036b,7277,526,39,0
3627b,7277,528,40,0
4037b,7277,528,41,0
68b,7277,529,42,0
1073b,7277,530,43,0
1491b,7277,530,44,0
676b,7277,531,45,0
3016b,7277,533,46,1
4736b,5076,1020,1,0
3552b,5076,1022,2,0
1934b,5076,1023,3,0
2533b,5076,1025,4,0
580b,5076,1026,5,0
5853b,5076,1028,6,0
1884b,5076,1029,7,0
6491b,5076,1029,8,0
4735b,5076,1030,9,0
4970b,5076,1030,10,0
1117b,5076,1030,11,0
553b,5076,1031,12,0
4178b,5076,1031,13,0
4733b,5076,1031,14,0
2227b,5076,1032,15,0
1860b,5076,1032,16,0
380b,5076,1033,17,0
2508b,5076,1035,18,0
5390b,5076,1038,19,0
4039b,5076,1041,20,0
5833b,5076,1041,21,0
5835b,5076,1042,22,0
2607b,5076,1043,23,0
3015b,5076,1044,24,0
3303b,5076,1045,25,0
5523b,5076,1046,26,0
5522b,5076,1047,27,0
2552b,5076,1048,28,0
3298b,5076,1050,29,0
786b,5076,1051,30,0
2532b,5076,1052,31,0
483b,5076,1054,32,0
261b,5076,1056,33,0
2196b,5076,1058,34,0
1512b,5076,1058,35,0
1805b,5076,1059,36,0
4055b,5076,1061,37,0
487b,5076,1062,38,0
4036b,5076,1063,39,0
3627b,5076,1065,40,0
4037b,5076,1065,41,0
68b,5076,1066,42,0
1073b,5076,1067,43,0
1491b,5076,1067,44,0
676b,5076,1068,45,0
3016b,5076,1070,46,1
4736b,25496,774,1,0
3552b,25496,775,2,0
1934b,25496,776,3,0
2533b,25496,778,4,0
580b,25496,779,5,0
5853b,25496,780,6,0
1884b,25496,781,7,0
6491b,25496,781,8,0
4735b,25496,782,9,0
4970b,25496,782,10,0
1117b,25496,782,11,0
553b,25496,783,12,0
4178b,25496,783,13,0
4733b,25496,783,14,0
2227b,25496,784,15,0
1860b,25496,784,16,0
380b,25496,785,17,0
2508b,25496,787,18,0
5390b,25496,789,19,0
4039b,25496,792,20,0
5833b,25496,792,21,0
5835b,25496,793,22,0
2607b,25496,794,23,0
3015b,25496,795,24,0
3303b,25496,797,25,0
5523b,25496,798,26,0
5522b,25496,799,27,0
2552b,25496,800,28,0
3298b,25496,802,29,0
786b,25496,803,30,0
2532b,25496,804,31,0
483b,25496,806,32,0
261b,25496,808,33,0
2196b,25496,810,34,0
1512b,25496,810,35,0
1805b,25496,811,36,0
4055b,25496,812,37,0
487b,25496,814,38,0
4036b,25496,815,39,0
3627b,25496,817,40,0
4037b,25496,817,41,0
68b,25496,817,42,0
1073b,25496,818,43,0
1491b,25496,819,44,0
676b,25496,820,45,0
3016b,25496,821,46,1
3016b,29799,925,1,0
987b,29799,925,2,0
1075b,29799,926,3,0
386b,29799,926,4,0
968b,29799,927,5,0
2599b,29799,927,6,0
3626b,29799,928,7,0
4035b,29799,929,8,0
3295b,29799,930,9,0
4750b,29799,932,10,0
2195b,29799,932,11,0
244b,29799,933,12,0
1809b,29799,934,13,0
2194b,29799,935,14,0
1641b,29799,937,15,0
2186b,29799,938,16,0
3300b,29799,938,17,0
1722b,29799,939,18,0
2542b,29799,941,19,0
5521b,29799,942,20,0
1403b,29799,943,21,0
5858b,29799,945,22,0
5457b,29799,946,23,0
239b,29799,947,24,0
5834b,29799,948,25,0
5832b,29799,950,26,0
4040b,29799,951,27,0
5391b,29799,952,28,0
3326b,29799,954,29,0
1319b,29799,956,30,0
4730b,29799,956,31,0
4731b,29799,957,32,0
4732b,29799,957,33,0
4177b,29799,958,34,0
1107b,29799,958,35,0
1320b,29799,959,36,0
4971b,29799,959,37,0
4734b,29799,960,38,0
2233b,29799,961,39,0
5852b,29799,964,40,0
2050b,29799,965,41,0
2488b,29799,966,42,0
4880b,29799,968,43,0
34b,29799,969,44,0
4736b,29799,972,45,1
4736b,31579,930,1,0
3552b,31579,931,2,0
1934b,31579,932,3,0
2533b,31579,934,4,0
580b,31579,935,5,0
5853b,31579,936,6,0
1884b,31579,937,7,0
6491b,31579,937,8,0
4735b,31579,938,9,0
4970b,31579,938,10,0
1117b,31579,938,11,0
553b,31579,939,12,0
4178b,31579,939,13,0
4733b,31579,939,14,0
2227b,31579,940,15,0
1860b,31579,940,16,0
380b,31579,941,17,0
2508b,31579,943,18,0
5390b,31579,946,19,0
4039b,31579,949,20,0
5833b,31579,949,21,0
5835b,31579,950,22,0
2607b,31579,951,23,0
3015b,31579,952,24,0
3303b,31579,953,25,0
5523b,31579,954,26,0
5522b,31579,955,27,0
2552b,31579,956,28,0
3298b,31579,958,29,0
786b,31579,959,30,0
2532b,31579,960,31,0
483b,31579,962,32,0
261b,31579,964,33,0
2196b,31579,966,34,0
1512b,31579,966,35,0
1805b,31579,967,36,0
4055b,31579,969,37,0
487b,31579,970,38,0
4036b,31579,971,39,0
3627b,31579,973,40,0
4037b,31579,973,41,0
68b,31579,974,42,0
1073b,31579,975,43,0
1491b,31579,975,44,0
676b,31579,976,45,0
3016b,31579,978,46,1
3016b,23568,625,1,0
987b,23568,625,2,0
1075b,23568,626,3,0
386b,23568,626,4,0
968b,23568,627,5,0
2599b,23568,627,6,0
3626b,23568,628,7,0
4035b,23568,629,8,0
3295b,23568,630,9,0
4750b,23568,632,10,0
2195b,23568,633,11,0
244b,23568,634,12,0
1809b,23568,635,13,0
2194b,23568,636,14,0
1641b,23568,638,15,0
2186b,23568,639,16,0
3300b,23568,639,17,0
1722b,23568,640,18,0
2542b,23568,642,19,0
5521b,23568,643,20,0
1403b,23568,644,21,0
5858b,23568,646,22,0
5457b,23568,647,23,0
239b,23568,648,24,0
5834b,23568,649,25,0
5832b,23568,651,26,0
4040b,23568,652,27,0
5391b,23568,653,28,0
3326b,23568,656,29,0
1319b,23568,658,30,0
4730b,23568,658,31,0
4731b,23568,659,32,0
4732b,23568,659,33,0
4177b,23568,660,34,0
1107b,23568,660,35,0
1320b,23568,661,36,0
4971b,23568,661,37,0
4734b,23568,662,38,0
2233b,23568,663,39,0
5852b,23568,665,40,0
2050b,23568,666,41,0
2488b,23568,667,42,0
4880b,23568,668,43,0
34b,23568,669,44,0
4736b,23568,671,45,1
3016b,11948,1110,1,0
987b,11948,1110,2,0
1075b,11948,1111,3,0
386b,11948,1111,4,0
968b,11948,1112,5,0
2599b,11948,1112,6,0
3626b,11948,1113,7,0
4035b,11948,1114,8,0
3295b,11948,1115,9,0
4750b,11948,1118,10,0
2195b,11948,1118,11,0
244b,11948,1119,12,0
1809b,11948,1120,13,0
2194b,11948,1121,14,0
1641b,11948,1123,15,0
2186b,11948,1124,16,0
3300b,11948,1124,17,0
1722b,11948,1125,18,0
2542b,11948,1127,19,0
5521b,11948,1128,20,0
1403b,11948,1129,21,0
5858b,11948,1131,22,0
5457b,11948,1132,23,0
239b,11948,1133,24,0
5834b,11948,1134,25,0
5832b,11948,1136,26,0
4040b,11948,1137,27,0
5391b,11948,1138,28,0
3326b,11948,1140,29,0
1319b,11948,1142,30,0
4730b,11948,1142,31,0
4731b,11948,1143,32,0
4732b,11948,1143,33,0
4177b,11948,1143,34,0
1107b,11948,1144,35,0
1320b,11948,1144,36,0
4971b,11948,1145,37,0
4734b,11948,1145,38,0
2233b,11948,1146,39,0
5852b,11948,1148,40,0
2050b,11948,1149,41,0
2488b,11948,1150,42,0
4880b,11948,1151,43,0
34b,11948,1152,44,0
4736b,11948,1154,45,1
4736b,8221,720,1,0
3552b,8221,721,2,0
1934b,8221,722,3,0
2533b,8221,724,4,0
580b,8221,725,5,0
5853b,8221,726,6,0
1884b,8221,727,7,0
6491b,8221,727,8,0
4735b,8221,728,9,0
4970b,8221,728,10,0
1117b,8221,728,11,0
553b,8221,729,12,0
4178b,8221,729,13,0
4733b,8221,729,14,0
2227b,8221,730,15,0
1860b,8221,730,16,0
380b,8221,731,17,0
2508b,8221,733,18,0
5390b,8221,736,19,0
4039b,8221,739,20,0
5836b,8221,740,21,1
3016b,8183,485,1,0
987b,8183,485,2,0
1075b,8183,486,3,0
386b,8183,486,4,0
968b,8183,487,5,0
2599b,8183,487,6,0
3626b,8183,488,7,0
4035b,8183,489,8,0
3295b,8183,490,9,0
4750b,8183,492,10,0
2195b,8183,492,11,0
244b,8183,493,12,0
1809b,8183,494,13,0
2194b,8183,495,14,0
1641b,8183,498,15,0
2186b,8183,499,16,0
3300b,8183,499,17,0
1722b,8183,500,18,0
2542b,8183,502,19,0
5521b,8183,503,20,0
1403b,8183,504,21,0
5858b,8183,506,22,0
5457b,8183,507,23,0
239b,8183,508,24,0
5834b,8183,509,25,0
5832b,8183,510,26,0
4040b,8183,511,27,0
5391b,8183,512,28,0
3326b,8183,514,29,0
1319b,8183,516,30,0
4730b,8183,516,31,0
4731b,8183,517,32,0
4732b,8183,517,33,0
4177b,8183,517,34,0
1107b,8183,518,35,0
1320b,8183,518,36,0
4971b,8183,519,37,0
4734b,8183,519,38,0
2233b,8183,520,39,0
5852b,8183,523,40,0
2050b,8183,523,41,0
2488b,8183,524,42,0
4880b,8183,526,43,0
34b,8183,527,44,0
4736b,8183,529,45,1
3016b,32122,1070,1,0
987b,32122,1070,2,0
1075b,32122,1071,3,0
386b,32122,1071,4,0
968b,32122,1072,5,0
2599b,32122,1072,6,0
3626b,32122,1073,7,0
4035b,32122,1074,8,0
3295b,32122,1075,9,0
4750b,32122,1077,10,0
2195b,32122,1077,11,0
244b,32122,1078,12,0
1809b,32122,1079,13,0
2194b,32122,1080,14,0
1641b,32122,1083,15,0
2186b,32122,1084,16,0
3300b,32122,1084,17,0
1722b,32122,1085,18,0
2542b,32122,1087,19,0
5521b,32122,1088,20,0
1403b,32122,1089,21,0
5858b,32122,1091,22,0
5457b,32122,1092,23,0
239b,32122,1093,24,0
5834b,32122,1094,25,0
5832b,32122,1095,26,0
4040b,32122,1096,27,0
5391b,32122,1097,28,0
3326b,32122,1099,29,0
1319b,32122,1101,30,0
4730b,32122,1101,31,0
4731b,32122,1102,32,0
4732b,32122,1102,33,0
4177b,32122,1102,34,0
1107b,32122,1103,35,0
1320b,32122,1103,36,0
4971b,32122,1104,37,0
4734b,32122,1104,38,0
2233b,32122,1105,39,0
5852b,32122,1108,40,0
2050b,32122,1108,41,0
2488b,32122,1109,42,0
4880b,32122,1111,43,0
34b,32122,1112,44,0
4736b,32122,1114,45,1
4736b,18924,900,1,0
3552b,18924,901,2,0
1934b,18924,902,3,0
2533b,18924,904,4,0
580b,18924,905,5,0
5853b,18924,906,6,0
1884b,18924,907,7,0
6491b,18924,907,8,0
4735b,18924,908,9,0
4970b,18924,908,10,0
1117b,18924,908,11,0
553b,18924,909,12,0
4178b,18924,909,13,0
4733b,18924,909,14,0
2227b,18924,910,15,0
1860b,18924,910,16,0
380b,18924,911,17,0
2508b,18924,913,18,0
5390b,18924,916,19,0
4039b,18924,919,20,0
5836b,18924,920,21,1
4736b,32348,990,1,0
3552b,32348,992,2,0
1934b,32348,993,3,0
2533b,32348,995,4,0
580b,32348,996,5,0
5853b,32348,998,6,0
1884b,32348,999,7,0
6491b,32348,999,8,0
4735b,32348,1000,9,0
4970b,32348,1000,10,0
1117b,32348,1000,11,0
553b,32348,1001,12,0
4178b,32348,1001,13,0
4733b,32348,1001,14,0
2227b,32348,1002,15,0
1860b,32348,1002,16,0
380b,32348,1003,17,0
2508b,32348,1005,18,0
5390b,32348,1008,19,0
4039b,32348,1011,20,0
5833b,32348,1011,21,0
5835b,32348,1012,22,0
2607b,32348,1013,23,0
3015b,32348,1014,24,0
3303b,32348,1015,25,0
5523b,32348,1016,26,0
5522b,32348,1017,27,0
2552b,32348,1018,28,0
3298b,32348,1020,29,0
786b,32348,1021,30,0
2532b,32348,1022,31,0
483b,32348,1024,32,0
261b,32348,1026,33,0
2196b,32348,1028,34,0
1512b,32348,1028,35,0
1805b,32348,1029,36,0
4055b,32348,1031,37,0
487b,32348,1032,38,0
4036b,32348,1033,39,0
3627b,32348,1035,40,0
4037b,32348,1035,41,0
68b,32348,1036,42,0
1073b,32348,1037,43,0
1491b,32348,1037,44,0
676b,32348,1038,45,0
3016b,32348,1040,46,1
4736b,32375,1085,1,0
3552b,32375,1086,2,0
1934b,32375,1087,3,0
2533b,32375,1089,4,0
580b,32375,1090,5,0
5853b,32375,1091,6,0
1884b,32375,1092,7,0
6491b,32375,1092,8,0
4735b,32375,1093,9,0
4970b,32375,1093,10,0
1117b,32375,1093,11,0
553b,32375,1094,12,0
4178b,32375,1094,13,0
4733b,32375,1094,14,0
2227b,32375,1095,15,0
1860b,32375,1095,16,0
380b,32375,1096,17,0
2508b,32375,1098,18,0
5390b,32375,1100,19,0
4039b,32375,1103,20,0
5833b,32375,1103,21,0
5835b,32375,1104,22,0
2607b,32375,1105,23,0
3015b,32375,1106,24,0
3303b,32375,1108,25,0
5523b,32375,1109,26,0
5522b,32375,1110,27,0
2552b,32375,1111,28,0
3298b,32375,1113,29,0
786b,32375,1114,30,0
2532b,32375,1115,31,0
483b,32375,1117,32,0
261b,32375,1119,33,0
2196b,32375,1121,34,0
1512b,32375,1121,35,0
1805b,32375,1122,36,0
4055b,32375,1123,37,0
487b,32375,1125,38,0
4036b,32375,1126,39,0
3627b,32375,1128,40,0
4037b,32375,1128,41,0
68b,32375,1129,42,0
1073b,32375,1130,43,0
1491b,32375,1130,44,0
676b,32375,1131,45,0
3016b,32375,1133,46,1
4736b,32428,445,1,0
3552b,32428,447,2,0
1934b,32428,448,3,0
2533b,32428,450,4,0
580b,32428,450,5,0
5853b,32428,452,6,0
1884b,32428,453,7,0
6491b,32428,453,8,0
4735b,32428,454,9,0
4970b,32428,454,10,0
1117b,32428,454,11,0
553b,32428,455,12,0
4178b,32428,455,13,0
4733b,32428,455,14,0
2227b,32428,456,15,0
1860b,32428,456,16,0
380b,32428,457,17,0
2508b,32428,459,18,0
5390b,32428,462,19,0
4039b,32428,465,20,0
5833b,32428,465,21,0
5835b,32428,466,22,0
2607b,32428,467,23,0
3015b,32428,468,24,0
3303b,32428,469,25,0
5523b,32428,470,26,0
5522b,32428,471,27,0
2552b,32428,472,28,0
3298b,32428,474,29,0
786b,32428,475,30,0
2532b,32428,476,31,0
483b,32428,478,32,0
261b,32428,479,33,0
2196b,32428,481,34,0
1512b,32428,481,35,0
1805b,32428,482,36,0
4055b,32428,484,37,0
487b,32428,485,38,0
4036b,32428,486,39,0
3627b,32428,488,40,0
4037b,32428,488,41,0
68b,32428,489,42,0
1073b,32428,490,43,0
1491b,32428,490,44,0
676b,32428,491,45,0
3016b,32428,493,46,1
4736b,3636,1145,1,0
3552b,3636,1146,2,0
1934b,3636,1147,3,0
2533b,3636,1149,4,0
580b,3636,1150,5,0
5853b,3636,1151,6,0
1884b,3636,1152,7,0
6491b,3636,1152,8,0
4735b,3636,1153,9,0
4970b,3636,1153,10,0
1117b,3636,1153,11,0
553b,3636,1154,12,0
4178b,3636,1154,13,0
4733b,3636,1154,14,0
2227b,3636,1155,15,0
1860b,3636,1155,16,0
380b,3636,1156,17,0
2508b,3636,1158,18,0
5390b,3636,1160,19,0
4039b,3636,1163,20,0
5833b,3636,1163,21,0
5835b,3636,1164,22,0
2607b,3636,1165,23,0
3015b,3636,1166,24,0
3303b,3636,1168,25,0
5523b,3636,1169,26,0
5522b,3636,1170,27,0
2552b,3636,1170,28,0
3298b,3636,1172,29,0
786b,3636,1173,30,0
2532b,3636,1174,31,0
483b,3636,1175,32,0
261b,3636,1176,33,0
2196b,3636,1178,34,0
1512b,3636,1178,35,0
1805b,3636,1179,36,0
4055b,3636,1180,37,0
487b,3636,1182,38,0
4036b,3636,1183,39,0
3627b,3636,1185,40,0
4037b,3636,1185,41,0
68b,3636,1186,42,0
1073b,3636,1187,43,0
1491b,3636,1187,44,0
676b,3636,1188,45,0
3016b,3636,1190,46,1
5836b,34621,985,1,0
4040b,34621,986,2,0
5391b,34621,987,3,0
3326b,34621,990,4,0
1319b,34621,992,5,0
4730b,34621,992,6,0
4731b,34621,993,7,0
4732b,34621,993,8,0
4177b,34621,994,9,0
1107b,34621,994,10,0
1320b,34621,995,11,0
4971b,34621,995,12,0
4734b,34621,996,13,0
2233b,34621,997,14,0
5852b,34621,1001,15,0
2050b,34621,1002,16,0
2488b,34621,1003,17,0
4880b,34621,1005,18,0
34b,34621,1006,19,0
4736b,34621,1009,20,1
5836b,23945,890,1,0
4040b,23945,891,2,0
5391b,23945,892,3,0
3326b,23945,894,4,0
1319b,23945,896,5,0
4730b,23945,896,6,0
4731b,23945,897,7,0
4732b,23945,897,8,0
4177b,23945,897,9,0
1107b,23945,898,10,0
1320b,23945,898,11,0
4971b,23945,899,12,0
4734b,23945,899,13,0
2233b,23945,900,14,0
5852b,23945,903,15,0
2050b,23945,903,16,0
2488b,23945,904,17,0
4880b,23945,906,18,0
34b,23945,907,19,0
4736b,23945,909,20,1
3016b,8037,385,1,0
987b,8037,385,2,0
1075b,8037,386,3,0
386b,8037,386,4,0
968b,8037,387,5,0
2599b,8037,387,6,0
3626b,8037,388,7,0
4035b,8037,389,8,0
3295b,8037,390,9,0
4750b,8037,392,10,0
2195b,8037,392,11,0
244b,8037,393,12,0
1809b,8037,394,13,0
2194b,8037,394,14,0
1641b,8037,396,15,0
2186b,8037,396,16,0
3300b,8037,397,17,0
1722b,8037,398,18,0
2542b,8037,399,19,0
5521b,8037,400,20,0
1403b,8037,401,21,0
5858b,8037,403,22,0
5457b,8037,404,23,0
239b,8037,405,24,0
5834b,8037,406,25,0
5832b,8037,407,26,0
4040b,8037,408,27,0
5391b,8037,409,28,0
3326b,8037,411,29,0
1319b,8037,413,30,0
4730b,8037,413,31,0
4731b,8037,413,32,0
4732b,8037,414,33,0
4177b,8037,414,34,0
1107b,8037,414,35,0
1320b,8037,414,36,0
4971b,8037,415,37,0
4734b,8037,415,38,0
2233b,8037,416,39,0
5852b,8037,418,40,0
2050b,8037,419,41,0
2488b,8037,420,42,0
4880b,8037,421,43,0
34b,8037,422,44,0
4736b,8037,424,45,1
3016b,34880,1135,1,0
987b,34880,1135,2,0
1075b,34880,1136,3,0
386b,34880,1136,4,0
968b,34880,1137,5,0
2599b,34880,1137,6,0
3626b,34880,1138,7,0
4035b,34880,1139,8,0
3295b,34880,1140,9,0
4750b,34880,1142,10,0
2195b,34880,1142,11,0
244b,34880,1143,12,0
1809b,34880,1144,13,0
2194b,34880,1145,14,0
1641b,34880,1147,15,0
2186b,34880,1148,16,0
3300b,34880,1148,17,0
1722b,34880,1149,18,0
2542b,34880,1151,19,0
5521b,34880,1152,20,0
1403b,34880,1153,21,0
5858b,34880,1155,22,0
5457b,34880,1156,23,0
239b,34880,1157,24,0
5834b,34880,1158,25,0
5832b,34880,1159,26,0
4040b,34880,1160,27,0
5391b,34880,1161,28,0
3326b,34880,1163,29,0
1319b,34880,1165,30,0
4730b,34880,1165,31,0
4731b,34880,1166,32,0
4732b,34880,1166,33,0
4177b,34880,1166,34,0
1107b,34880,1167,35,0
1320b,34880,1167,36,0
4971b,34880,1168,37,0
4734b,34880,1168,38,0
2233b,34880,1169,39,0
5852b,34880,1171,40,0
2050b,34880,1171,41,0
2488b,34880,1172,42,0
4880b,34880,1173,43,0
34b,34880,1174,44,0
4736b,34880,1176,45,1
4736b,3184,535,1,0
3552b,3184,536,2,0
1934b,3184,537,3,0
2533b,3184,539,4,0
580b,3184,540,5,0
5853b,3184,541,6,0
1884b,3184,542,7,0
6491b,3184,542,8,0
4735b,3184,543,9,0
4970b,3184,543,10,0
1117b,3184,543,11,0
553b,3184,544,12,0
4178b,3184,544,13,0
4733b,3184,544,14,0
2227b,3184,545,15,0
1860b,3184,545,16,0
380b,3184,546,17,0
2508b,3184,548,18,0
5390b,3184,551,19,0
4039b,3184,554,20,0
5836b,3184,555,21,1
4736b,11721,960,1,0
3552b,11721,962,2,0
1934b,11721,963,3,0
2533b,11721,965,4,0
580b,11721,966,5,0
5853b,11721,968,6,0
1884b,11721,969,7,0
6491b,11721,969,8,0
4735b,11721,970,9,0
4970b,11721,970,10,0
1117b,11721,970,11,0
553b,11721,971,12,0
4178b,11721,971,13,0
4733b,11721,971,14,0
2227b,11721,972,15,0
1860b,11721,972,16,0
380b,11721,973,17,0
2508b,11721,975,18,0
5390b,11721,978,19,0
4039b,11721,981,20,0
5836b,11721,982,21,1
4736b,11784,565,1,0
3552b,11784,566,2,0
1934b,11784,567,3,0
2533b,11784,569,4,0
580b,11784,570,5,0
5853b,11784,571,6,0
1884b,11784,572,7,0
6491b,11784,572,8,0
4735b,11784,573,9,0
4970b,11784,573,10,0
1117b,11784,573,11,0
553b,11784,574,12,0
4178b,11784,574,13,0
4733b,11784,574,14,0
2227b,11784,575,15,0
1860b,11784,575,16,0
380b,11784,576,17,0
2508b,11784,578,18,0
5390b,11784,581,19,0
4039b,11784,584,20,0
5833b,11784,584,21,0
5835b,11784,585,22,0
2607b,11784,586,23,0
3015b,11784,587,24,0
3303b,11784,588,25,0
5523b,11784,589,26,0
5522b,11784,590,27,0
2552b,11784,591,28,0
3298b,11784,593,29,0
786b,11784,594,30,0
2532b,11784,595,31,0
483b,11784,597,32,0
261b,11784,598,33,0
2196b,11784,600,34,0
1512b,11784,600,35,0
1805b,11784,601,36,0
4055b,11784,603,37,0
487b,11784,604,38,0
4036b,11784,605,39,0
3627b,11784,607,40,0
4037b,11784,607,41,0
68b,11784,608,42,0
1073b,11784,609,43,0
1491b,11784,609,44,0
676b,11784,610,45,0
3016b,11784,612,46,1
4736b,18419,1210,1,0
3552b,18419,1211,2,0
1934b,18419,1212,3,0
2533b,18419,1214,4,0
580b,18419,1215,5,0
5853b,18419,1216,6,0
1884b,18419,1217,7,0
6491b,18419,1217,8,0
4735b,18419,1218,9,0
4970b,18419,1218,10,0
1117b,18419,1218,11,0
553b,18419,1219,12,0
4178b,18419,1219,13,0
4733b,18419,1219,14,0
2227b,18419,1220,15,0
1860b,18419,1220,16,0
380b,18419,1221,17,0
2508b,18419,1223,18,0
5390b,18419,1225,19,0
4039b,18419,1228,20,0
5833b,18419,1228,21,0
5835b,18419,1229,22,0
2607b,18419,1230,23,0
3015b,18419,1231,24,0
3303b,18419,1233,25,0
5523b,18419,1234,26,0
5522b,18419,1235,27,0
2552b,18419,1235,28,0
3298b,18419,1237,29,0
786b,18419,1238,30,0
2532b,18419,1239,31,0
483b,18419,1240,32,0
261b,18419,1241,33,0
2196b,18419,1243,34,0
1512b,18419,1243,35,0
1805b,18419,1244,36,0
4055b,18419,1245,37,0
487b,18419,1247,38,0
4036b,18419,1248,39,0
3627b,18419,1250,40,0
4037b,18419,1250,41,0
68b,18419,1251,42,0
1073b,18419,1252,43,0
1491b,18419,1252,44,0
676b,18419,1253,45,0
3016b,18419,1255,46,1
3016b,8930,985,1,0
987b,8930,985,2,0
1075b,8930,986,3,0
386b,8930,986,4,0
968b,8930,987,5,0
2599b,8930,987,6,0
3626b,8930,988,7,0
4035b,8930,989,8,0
3295b,8930,990,9,0
4750b,8930,993,10,0
2195b,8930,994,11,0
244b,8930,995,12,0
1809b,8930,996,13,0
2194b,8930,997,14,0
1641b,8930,999,15,0
2186b,8930,1000,16,0
3300b,8930,1000,17,0
1722b,8930,1001,18,0
2542b,8930,1003,19,0
5521b,8930,1004,20,0
1403b,8930,1005,21,0
5858b,8930,1007,22,0
5457b,8930,1008,23,0
239b,8930,1009,24,0
5834b,8930,1010,25,0
5832b,8930,1012,26,0
4040b,8930,1013,27,0
5391b,8930,1014,28,0
3326b,8930,1017,29,0
1319b,8930,1019,30,0
4730b,8930,1019,31,0
4731b,8930,1020,32,0
4732b,8930,1020,33,0
4177b,8930,1021,34,0
1107b,8930,1021,35,0
1320b,8930,1022,36,0
4971b,8930,1022,37,0
4734b,8930,1023,38,0
2233b,8930,1024,39,0
5852b,8930,1028,40,0
2050b,8930,1029,41,0
2488b,8930,1030,42,0
4880b,8930,1032,43,0
34b,8930,1033,44,0
4736b,8930,1036,45,1
4736b,18434,505,1,0
3552b,18434,506,2,0
1934b,18434,507,3,0
2533b,18434,509,4,0
580b,18434,510,5,0
5853b,18434,511,6,0
1884b,18434,512,7,0
6491b,18434,512,8,0
4735b,18434,513,9,0
4970b,18434,513,10,0
1117b,18434,513,11,0
553b,18434,514,12,0
4178b,18434,514,13,0
4733b,18434,514,14,0
2227b,18434,515,15,0
1860b,18434,515,16,0
380b,18434,516,17,0
2508b,18434,518,18,0
5390b,18434,521,19,0
4039b,18434,524,20,0
5833b,18434,524,21,0
5835b,18434,525,22,0
2607b,18434,526,23,0
3015b,18434,527,24,0
3303b,18434,529,25,0
5523b,18434,530,26,0
5522b,18434,531,27,0
2552b,18434,533,28,0
3298b,18434,535,29,0
786b,18434,536,30,0
2532b,18434,537,31,0
483b,18434,539,32,0
261b,18434,540,33,0
2196b,18434,542,34,0
1512b,18434,542,35,0
1805b,18434,543,36,0
4055b,18434,545,37,0
487b,18434,546,38,0
4036b,18434,547,39,0
3627b,18434,549,40,0
4037b,18434,549,41,0
68b,18434,550,42,0
1073b,18434,551,43,0
1491b,18434,551,44,0
676b,18434,552,45,0
3016b,18434,554,46,1
4736b,4666,842,1,0
3552b,4666,843,2,0
1934b,4666,844,3,0
2533b,4666,846,4,0
580b,4666,847,5,0
5853b,4666,848,6,0
1884b,4666,849,7,0
6491b,4666,849,8,0
4735b,4666,850,9,0
4970b,4666,850,10,0
1117b,4666,850,11,0
553b,4666,851,12,0
4178b,4666,851,13,0
4733b,4666,851,14,0
2227b,4666,852,15,0
1860b,4666,852,16,0
380b,4666,853,17,0
2508b,4666,855,18,0
5390b,4666,857,19,0
4039b,4666,860,20,0
5833b,4666,860,21,0
5835b,4666,861,22,0
2607b,4666,862,23,0
3015b,4666,863,24,0
3303b,4666,865,25,0
5523b,4666,866,26,0
5522b,4666,867,27,0
2552b,4666,868,28,0
3298b,4666,870,29,0
786b,4666,871,30,0
2532b,4666,872,31,0
483b,4666,874,32,0
261b,4666,876,33,0
2196b,4666,878,34,0
1512b,4666,878,35,0
1805b,4666,879,36,0
4055b,4666,880,37,0
487b,4666,882,38,0
4036b,4666,883,39,0
3627b,4666,885,40,0
4037b,4666,885,41,0
68b,4666,886,42,0
1073b,4666,887,43,0
1491b,4666,887,44,0
676b,4666,888,45,0
3016b,4666,890,46,1
3016b,20586,745,1,0
987b,20586,745,2,0
1075b,20586,746,3,0
386b,20586,746,4,0
968b,20586,747,5,0
2599b,20586,747,6,0
3626b,20586,748,7,0
4035b,20586,749,8,0
3295b,20586,750,9,0
4750b,20586,752,10,0
2195b,20586,752,11,0
244b,20586,753,12,0
1809b,20586,754,13,0
2194b,20586,755,14,0
1641b,20586,757,15,0
2186b,20586,757,16,0
3300b,20586,758,17,0
1722b,20586,759,18,0
2542b,20586,760,19,0
5521b,20586,761,20,0
1403b,20586,762,21,0
5858b,20586,764,22,0
5457b,20586,765,23,0
239b,20586,766,24,0
5834b,20586,767,25,0
5832b,20586,768,26,0
4040b,20586,769,27,0
5391b,20586,770,28,0
3326b,20586,772,29,0
1319b,20586,774,30,0
4730b,20586,774,31,0
4731b,20586,775,32,0
4732b,20586,775,33,0
4177b,20586,776,34,0
1107b,20586,776,35,0
1320b,20586,777,36,0
4971b,20586,777,37,0
4734b,20586,778,38,0
2233b,20586,779,39,0
5852b,20586,781,40,0
2050b,20586,782,41,0
2488b,20586,783,42,0
4880b,20586,784,43,0
34b,20586,785,44,0
4736b,20586,787,45,1
3016b,20550,777,1,0
987b,20550,777,2,0
1075b,20550,778,3,0
386b,20550,778,4,0
968b,20550,779,5,0
2599b,20550,779,6,0
3626b,20550,780,7,0
4035b,20550,781,8,0
3295b,20550,782,9,0
4750b,20550,784,10,0
2195b,20550,784,11,0
244b,20550,785,12,0
1809b,20550,786,13,0
2194b,20550,787,14,0
1641b,20550,790,15,0
2186b,20550,791,16,0
3300b,20550,791,17,0
1722b,20550,792,18,0
2542b,20550,794,19,0
5521b,20550,795,20,0
1403b,20550,796,21,0
5858b,20550,798,22,0
5457b,20550,799,23,0
239b,20550,800,24,0
5834b,20550,801,25,0
5832b,20550,802,26,0
4040b,20550,803,27,0
5391b,20550,804,28,0
3326b,20550,806,29,0
1319b,20550,808,30,0
4730b,20550,808,31,0
4731b,20550,809,32,0
4732b,20550,809,33,0
4177b,20550,809,34,0
1107b,20550,810,35,0
1320b,20550,810,36,0
4971b,20550,811,37,0
4734b,20550,811,38,0
2233b,20550,812,39,0
5852b,20550,815,40,0
2050b,20550,815,41,0
2488b,20550,816,42,0
4880b,20550,818,43,0
34b,20550,819,44,0
4736b,20550,821,45,1
3016b,32895,805,1,0
987b,32895,805,2,0
1075b,32895,806,3,0
386b,32895,806,4,0
968b,32895,807,5,0
2599b,32895,807,6,0
3626b,32895,808,7,0
4035b,32895,809,8,0
3295b,32895,810,9,0
4750b,32895,812,10,0
2195b,32895,812,11,0
244b,32895,813,12,0
1809b,32895,814,13,0
2194b,32895,815,14,0
1641b,32895,817,15,0
2186b,32895,817,16,0
3300b,32895,818,17,0
1722b,32895,819,18,0
2542b,32895,820,19,0
5521b,32895,821,20,0
1403b,32895,822,21,0
5858b,32895,824,22,0
5457b,32895,825,23,0
239b,32895,826,24,0
5834b,32895,827,25,0
5832b,32895,828,26,0
4040b,32895,829,27,0
5391b,32895,830,28,0
3326b,32895,832,29,0
1319b,32895,834,30,0
4730b,32895,834,31,0
4731b,32895,835,32,0
4732b,32895,835,33,0
4177b,32895,835,34,0
1107b,32895,836,35,0
1320b,32895,836,36,0
4971b,32895,837,37,0
4734b,32895,837,38,0
2233b,32895,838,39,0
5852b,32895,840,40,0
2050b,32895,841,41,0
2488b,32895,842,42,0
4880b,32895,843,43,0
34b,32895,844,44,0
4736b,32895,846,45,1
3016b,4847,1175,1,0
987b,4847,1175,2,0
1075b,4847,1176,3,0
386b,4847,1176,4,0
968b,4847,1177,5,0
2599b,4847,1177,6,0
3626b,4847,1178,7,0
4035b,4847,1179,8,0
3295b,4847,1180,9,0
4750b,4847,1182,10,0
2195b,4847,1182,11,0
244b,4847,1183,12,0
1809b,4847,1184,13,0
2194b,4847,1184,14,0
1641b,4847,1186,15,0
2186b,4847,1187,16,0
3300b,4847,1187,17,0
1722b,4847,1188,18,0
2542b,4847,1190,19,0
5521b,4847,1191,20,0
1403b,4847,1192,21,0
5858b,4847,1194,22,0
5457b,4847,1194,23,0
239b,4847,1195,24,0
5834b,4847,1196,25,0
5832b,4847,1197,26,0
4040b,4847,1198,27,0
5391b,4847,1199,28,0
3326b,4847,1200,29,0
1319b,4847,1202,30,0
4730b,4847,1202,31,0
4731b,4847,1202,32,0
4732b,4847,1203,33,0
4177b,4847,1203,34,0
1107b,4847,1203,35,0
1320b,4847,1203,36,0
4971b,4847,1204,37,0
4734b,4847,1204,38,0
2233b,4847,1205,39,0
5852b,4847,1206,40,0
2050b,4847,1207,41,0
2488b,4847,1207,42,0
4880b,4847,1208,43,0
34b,4847,1208,44,0
4736b,4847,1210,45,1
3016b,20609,865,1,0
987b,20609,865,2,0
1075b,20609,866,3,0
386b,20609,866,4,0
968b,20609,867,5,0
2599b,20609,867,6,0
3626b,20609,868,7,0
4035b,20609,869,8,0
3295b,20609,870,9,0
4750b,20609,872,10,0
2195b,20609,872,11,0
244b,20609,873,12,0
1809b,20609,874,13,0
2194b,20609,875,14,0
1641b,20609,877,15,0
2186b,20609,878,16,0
3300b,20609,878,17,0
1722b,20609,879,18,0
2542b,20609,881,19,0
5521b,20609,882,20,0
1403b,20609,883,21,0
5858b,20609,885,22,0
5457b,20609,886,23,0
239b,20609,887,24,0
5834b,20609,888,25,0
5832b,20609,890,26,0
4040b,20609,891,27,0
5391b,20609,892,28,0
3326b,20609,894,29,0
1319b,20609,896,30,0
4730b,20609,896,31,0
4731b,20609,897,32,0
4732b,20609,897,33,0
4177b,20609,898,34,0
1107b,20609,898,35,0
1320b,20609,899,36,0
4971b,20609,899,37,0
4734b,20609,900,38,0
2233b,20609,901,39,0
5852b,20609,903,40,0
2050b,20609,904,41,0
2488b,20609,905,42,0
4880b,20609,906,43,0
34b,20609,907,44,0
4736b,20609,909,45,1
4736b,4785,415,1,0
3552b,4785,416,2,0
1934b,4785,417,3,0
2533b,4785,419,4,0
580b,4785,420,5,0
5853b,4785,421,6,0
1884b,4785,422,7,0
6491b,4785,422,8,0
4735b,4785,423,9,0
4970b,4785,423,10,0
1117b,4785,423,11,0
553b,4785,424,12,0
4178b,4785,424,13,0
4733b,4785,424,14,0
2227b,4785,425,15,0
1860b,4785,425,16,0
380b,4785,426,17,0
2508b,4785,428,18,0
5390b,4785,431,19,0
4039b,4785,434,20,0
5833b,4785,434,21,0
5835b,4785,435,22,0
2607b,4785,436,23,0
3015b,4785,437,24,0
3303b,4785,438,25,0
5523b,4785,439,26,0
5522b,4785,440,27,0
2552b,4785,441,28,0
3298b,4785,443,29,0
786b,4785,444,30,0
2532b,4785,445,31,0
483b,4785,447,32,0
261b,4785,448,33,0
2196b,4785,450,34,0
1512b,4785,450,35,0
1805b,4785,451,36,0
4055b,4785,453,37,0
487b,4785,454,38,0
4036b,4785,455,39,0
3627b,4785,457,40,0
4037b,4785,457,41,0
68b,4785,458,42,0
1073b,4785,459,43,0
1491b,4785,459,44,0
676b,4785,460,45,0
3016b,4785,462,46,1
4736b,279,1140,1,0
3552b,279,1141,2,0
1934b,279,1142,3,0
2533b,279,1144,4,0
580b,279,1145,5,0
5853b,279,1146,6,0
1884b,279,1147,7,0
6491b,279,1147,8,0
4735b,279,1148,9,0
4970b,279,1148,10,0
1117b,279,1148,11,0
553b,279,1149,12,0
4178b,279,1149,13,0
4733b,279,1149,14,0
2227b,279,1150,15,0
1860b,279,1150,16,0
380b,279,1151,17,0
2508b,279,1153,18,0
5390b,279,1156,19,0
4039b,279,1159,20,0
5836b,279,1160,21,1
4736b,8569,475,1,0
3552b,8569,477,2,0
1934b,8569,478,3,0
2533b,8569,480,4,0
580b,8569,480,5,0
5853b,8569,482,6,0
1884b,8569,483,7,0
6491b,8569,483,8,0
4735b,8569,484,9,0
4970b,8569,484,10,0
1117b,8569,484,11,0
553b,8569,485,12,0
4178b,8569,485,13,0
4733b,8569,485,14,0
2227b,8569,486,15,0
1860b,8569,486,16,0
380b,8569,487,17,0
2508b,8569,489,18,0
5390b,8569,492,19,0
4039b,8569,495,20,0
5833b,8569,495,21,0
5835b,8569,496,22,0
2607b,8569,497,23,0
3015b,8569,498,24,0
3303b,8569,500,25,0
5523b,8569,501,26,0
5522b,8569,502,27,0
2552b,8569,504,28,0
3298b,8569,506,29,0
786b,8569,507,30,0
2532b,8569,508,31,0
483b,8569,510,32,0
261b,8569,511,33,0
2196b,8569,513,34,0
1512b,8569,513,35,0
1805b,8569,514,36,0
4055b,8569,516,37,0
487b,8569,517,38,0
4036b,8569,518,39,0
3627b,8569,520,40,0
4037b,8569,520,41,0
68b,8569,521,42,0
1073b,8569,522,43,0
1491b,8569,522,44,0
676b,8569,523,45,0
3016b,8569,525,46,1
4736b,16340,750,1,0
3552b,16340,751,2,0
1934b,16340,752,3,0
2533b,16340,754,4,0
580b,16340,755,5,0
5853b,16340,756,6,0
1884b,16340,757,7,0
6491b,16340,757,8,0
4735b,16340,758,9,0
4970b,16340,758,10,0
1117b,16340,758,11,0
553b,16340,759,12,0
4178b,16340,759,13,0
4733b,16340,759,14,0
2227b,16340,760,15,0
1860b,16340,760,16,0
380b,16340,761,17,0
2508b,16340,763,18,0
5390b,16340,766,19,0
4039b,16340,769,20,0
5833b,16340,769,21,0
5835b,16340,770,22,0
2607b,16340,771,23,0
3015b,16340,772,24,0
3303b,16340,773,25,0
5523b,16340,774,26,0
5522b,16340,775,27,0
2552b,16340,776,28,0
3298b,16340,778,29,0
786b,16340,779,30,0
2532b,16340,780,31,0
483b,16340,782,32,0
261b,16340,783,33,0
2196b,16340,785,34,0
1512b,16340,785,35,0
1805b,16340,786,36,0
4055b,16340,788,37,0
487b,16340,789,38,0
4036b,16340,790,39,0
3627b,16340,792,40,0
4037b,16340,792,41,0
68b,16340,793,42,0
1073b,16340,794,43,0
1491b,16340,794,44,0
676b,16340,795,45,0
3016b,16340,797,46,1
5836b,28778,1005,1,0
4040b,28778,1006,2,0
5391b,28778,1007,3,0
3326b,28778,1009,4,0
1319b,28778,1011,5,0
4730b,28778,1011,6,0
4731b,28778,1012,7,0
4732b,28778,1012,8,0
4177b,28778,1012,9,0
1107b,28778,1013,10,0
1320b,28778,1013,11,0
4971b,28778,1014,12,0
4734b,28778,1014,13,0
2233b,28778,1015,14,0
5852b,28778,1018,15,0
2050b,28778,1018,16,0
2488b,28778,1019,17,0
4880b,28778,1021,18,0
34b,28778,1022,19,0
4736b,28778,1024,20,1
3016b,741,600,1,0
987b,741,600,2,0
1075b,741,601,3,0
386b,741,601,4,0
968b,741,602,5,0
2599b,741,602,6,0
3626b,741,603,7,0
4035b,741,604,8,0
3295b,741,605,9,0
4750b,741,607,10,0
2195b,741,607,11,0
244b,741,608,12,0
1809b,741,609,13,0
2194b,741,610,14,0
1641b,741,613,15,0
2186b,741,614,16,0
3300b,741,614,17,0
1722b,741,615,18,0
2542b,741,617,19,0
5521b,741,618,20,0
1403b,741,619,21,0
5858b,741,621,22,0
5457b,741,622,23,0
239b,741,623,24,0
5834b,741,624,25,0
5832b,741,625,26,0
4040b,741,626,27,0
5391b,741,627,28,0
3326b,741,629,29,0
1319b,741,631,30,0
4730b,741,631,31,0
4731b,741,632,32,0
4732b,741,632,33,0
4177b,741,632,34,0
1107b,741,633,35,0
1320b,741,633,36,0
4971b,741,634,37,0
4734b,741,634,38,0
2233b,741,635,39,0
5852b,741,638,40,0
2050b,741,638,41,0
2488b,741,639,42,0
4880b,741,641,43,0
34b,741,642,44,0
4736b,741,644,45,1
3016b,791,895,1,0
987b,791,895,2,0
1075b,791,896,3,0
386b,791,896,4,0
968b,791,897,5,0
2599b,791,897,6,0
3626b,791,898,7,0
4035b,791,899,8,0
3295b,791,900,9,0
4750b,791,902,10,0
2195b,791,902,11,0
244b,791,903,12,0
1809b,791,904,13,0
2194b,791,905,14,0
1641b,791,908,15,0
2186b,791,909,16,0
3300b,791,909,17,0
1722b,791,910,18,0
2542b,791,912,19,0
5521b,791,913,20,0
1403b,791,914,21,0
5858b,791,916,22,0
5457b,791,917,23,0
239b,791,918,24,0
5834b,791,919,25,0
5832b,791,920,26,0
4040b,791,921,27,0
5391b,791,922,28,0
3326b,791,924,29,0
1319b,791,926,30,0
4730b,791,926,31,0
4731b,791,927,32,0
4732b,791,927,33,0
4177b,791,927,34,0
1107b,791,928,35,0
1320b,791,928,36,0
4971b,791,929,37,0
4734b,791,929,38,0
2233b,791,930,39,0
5852b,791,933,40,0
2050b,791,933,41,0
2488b,791,934,42,0
4880b,791,936,43,0
34b,791,937,44,0
4736b,791,939,45,1
5836b,2655,922,1,0
4040b,2655,923,2,0
5391b,2655,924,3,0
3326b,2655,926,4,0
1319b,2655,928,5,0
4730b,2655,928,6,0
4731b,2655,929,7,0
4732b,2655,929,8,0
4177b,2655,930,9,0
1107b,2655,930,10,0
1320b,2655,931,11,0
4971b,2655,931,12,0
4734b,2655,932,13,0
2233b,2655,933,14,0
5852b,2655,935,15,0
2050b,2655,936,16,0
2488b,2655,937,17,0
4880b,2655,938,18,0
34b,2655,939,19,0
4736b,2655,941,20,1
5836b,6075,618,1,0
4040b,6075,619,2,0
5391b,6075,620,3,0
3326b,6075,623,4,0
1319b,6075,625,5,0
4730b,6075,625,6,0
4731b,6075,626,7,0
4732b,6075,626,8,0
4177b,6075,627,9,0
1107b,6075,627,10,0
1320b,6075,628,11,0
4971b,6075,628,12,0
4734b,6075,629,13,0
2233b,6075,630,14,0
5852b,6075,632,15,0
2050b,6075,633,16,0
2488b,6075,634,17,0
4880b,6075,635,18,0
34b,6075,636,19,0
4736b,6075,638,20,1
3016b,30694,1050,1,0
987b,30694,1050,2,0
1075b,30694,1051,3,0
386b,30694,1051,4,0
968b,30694,1052,5,0
2599b,30694,1052,6,0
3626b,30694,1053,7,0
4035b,30694,1054,8,0
3295b,30694,1055,9,0
4750b,30694,1058,10,0
2195b,30694,1059,11,0
244b,30694,1060,12,0
1809b,30694,1061,13,0
2194b,30694,1062,14,0
1641b,30694,1064,15,0
2186b,30694,1065,16,0
3300b,30694,1065,17,0
1722b,30694,1066,18,0
2542b,30694,1068,19,0
5521b,30694,1069,20,0
1403b,30694,1070,21,0
5858b,30694,1072,22,0
5457b,30694,1073,23,0
239b,30694,1074,24,0
5834b,30694,1075,25,0
5832b,30694,1077,26,0
4040b,30694,1078,27,0
5391b,30694,1079,28,0
3326b,30694,1082,29,0
1319b,30694,1084,30,0
4730b,30694,1084,31,0
4731b,30694,1085,32,0
4732b,30694,1085,33,0
4177b,30694,1086,34,0
1107b,30694,1086,35,0
1320b,30694,1087,36,0
4971b,30694,1087,37,0
4734b,30694,1088,38,0
2233b,30694,1089,39,0
5852b,30694,1093,40,0
2050b,30694,1094,41,0
2488b,30694,1095,42,0
4880b,30694,1097,43,0
34b,30694,1098,44,0
4736b,30694,1101,45,1
5836b,24049,1135,1,0
4040b,24049,1136,2,0
5391b,24049,1137,3,0
3326b,24049,1139,4,0
1319b,24049,1141,5,0
4730b,24049,1141,6,0
4731b,24049,1142,7,0
4732b,24049,1142,8,0
4177b,24049,1142,9,0
1107b,24049,1143,10,0
1320b,24049,1143,11,0
4971b,24049,1144,12,0
4734b,24049,1144,13,0
2233b,24049,1145,14,0
5852b,24049,1147,15,0
2050b,24049,1147,16,0
2488b,24049,1148,17,0
4880b,24049,1149,18,0
34b,24049,1150,19,0
4736b,24049,1152,20,1
3016b,26200,955,1,0
987b,26200,955,2,0
1075b,26200,956,3,0
386b,26200,956,4,0
968b,26200,957,5,0
2599b,26200,957,6,0
3626b,26200,958,7,0
4035b,26200,959,8,0
3295b,26200,960,9,0
4750b,26200,962,10,0
2195b,26200,962,11,0
244b,26200,963,12,0
1809b,26200,964,13,0
2194b,26200,965,14,0
1641b,26200,968,15,0
2186b,26200,969,16,0
3300b,26200,969,17,0
1722b,26200,970,18,0
2542b,26200,972,19,0
5521b,26200,973,20,0
1403b,26200,974,21,0
5858b,26200,976,22,0
5457b,26200,977,23,0
239b,26200,978,24,0
5834b,26200,979,25,0
5832b,26200,980,26,0
4040b,26200,981,27,0
5391b,26200,982,28,0
3326b,26200,984,29,0
1319b,26200,986,30,0
4730b,26200,986,31,0
4731b,26200,987,32,0
4732b,26200,987,33,0
4177b,26200,987,34,0
1107b,26200,988,35,0
1320b,26200,988,36,0
4971b,26200,989,37,0
4734b,26200,989,38,0
2233b,26200,990,39,0
5852b,26200,993,40,0
2050b,26200,993,41,0
2488b,26200,994,42,0
4880b,26200,996,43,0
34b,26200,997,44,0
4736b,26200,999,45,1
3016b,28679,425,1,0
987b,28679,425,2,0
1075b,28679,426,3,0
386b,28679,426,4,0
968b,28679,427,5,0
2599b,28679,427,6,0
3626b,28679,428,7,0
4035b,28679,429,8,0
3295b,28679,430,9,0
4750b,28679,432,10,0
2195b,28679,432,11,0
244b,28679,433,12,0
1809b,28679,434,13,0
2194b,28679,435,14,0
1641b,28679,438,15,0
2186b,28679,439,16,0
3300b,28679,439,17,0
1722b,28679,440,18,0
2542b,28679,442,19,0
5521b,28679,443,20,0
1403b,28679,444,21,0
5858b,28679,446,22,0
5457b,28679,447,23,0
239b,28679,448,24,0
5834b,28679,449,25,0
5832b,28679,450,26,0
4040b,28679,451,27,0
5391b,28679,452,28,0
3326b,28679,454,29,0
1319b,28679,456,30,0
4730b,28679,456,31,0
4731b,28679,457,32,0
4732b,28679,457,33,0
4177b,28679,457,34,0
1107b,28679,458,35,0
1320b,28679,458,36,0
4971b,28679,459,37,0
4734b,28679,459,38,0
2233b,28679,460,39,0
5852b,28679,463,40,0
2050b,28679,463,41,0
2488b,28679,464,42,0
4880b,28679,466,43,0
34b,28679,467,44,0
4736b,28679,469,45,1
4736b,28058,1015,1,0
3552b,28058,1016,2,0
1934b,28058,1017,3,0
2533b,28058,1019,4,0
580b,28058,1020,5,0
5853b,28058,1021,6,0
1884b,28058,1022,7,0
6491b,28058,1022,8,0
4735b,28058,1023,9,0
4970b,28058,1023,10,0
1117b,28058,1023,11,0
553b,28058,1024,12,0
4178b,28058,1024,13,0
4733b,28058,1024,14,0
2227b,28058,1025,15,0
1860b,28058,1025,16,0
380b,28058,1026,17,0
2508b,28058,1028,18,0
5390b,28058,1030,19,0
4039b,28058,1033,20,0
5833b,28058,1033,21,0
5835b,28058,1034,22,0
2607b,28058,1035,23,0
3015b,28058,1036,24,0
3303b,28058,1038,25,0
5523b,28058,1039,26,0
5522b,28058,1040,27,0
2552b,28058,1041,28,0
3298b,28058,1043,29,0
786b,28058,1044,30,0
2532b,28058,1045,31,0
483b,28058,1047,32,0
261b,28058,1049,33,0
2196b,28058,1051,34,0
1512b,28058,1051,35,0
1805b,28058,1052,36,0
4055b,28058,1053,37,0
487b,28058,1055,38,0
4036b,28058,1056,39,0
3627b,28058,1058,40,0
4037b,28058,1058,41,0
68b,28058,1059,42,0
1073b,28058,1060,43,0
1491b,28058,1060,44,0
676b,28058,1061,45,0
3016b,28058,1063,46,1
5836b,26712,678,1,0
4040b,26712,679,2,0
5391b,26712,680,3,0
3326b,26712,683,4,0
1319b,26712,685,5,0
4730b,26712,685,6,0
4731b,26712,686,7,0
4732b,26712,686,8,0
4177b,26712,687,9,0
1107b,26712,687,10,0
1320b,26712,688,11,0
4971b,26712,688,12,0
4734b,26712,689,13,0
2233b,26712,690,14,0
5852b,26712,692,15,0
2050b,26712,693,16,0
2488b,26712,694,17,0
4880b,26712,695,18,0
34b,26712,696,19,0
4736b,26712,698,20,1
3016b,26790,845,1,0
987b,26790,845,2,0
1075b,26790,846,3,0
386b,26790,846,4,0
968b,26790,847,5,0
2599b,26790,847,6,0
3626b,26790,848,7,0
4035b,26790,849,8,0
3295b,26790,850,9,0
4750b,26790,852,10,0
2195b,26790,852,11,0
244b,26790,853,12,0
1809b,26790,854,13,0
2194b,26790,855,14,0
1641b,26790,858,15,0
2186b,26790,859,16,0
3300b,26790,859,17,0
1722b,26790,860,18,0
2542b,26790,862,19,0
5521b,26790,863,20,0
1403b,26790,864,21,0
5858b,26790,866,22,0
5457b,26790,867,23,0
239b,26790,868,24,0
5834b,26790,869,25,0
5832b,26790,870,26,0
4040b,26790,871,27,0
5391b,26790,872,28,0
3326b,26790,874,29,0
1319b,26790,876,30,0
4730b,26790,876,31,0
4731b,26790,877,32,0
4732b,26790,877,33,0
4177b,26790,877,34,0
1107b,26790,878,35,0
1320b,26790,878,36,0
4971b,26790,879,37,0
4734b,26790,879,38,0
2233b,26790,880,39,0
5852b,26790,883,40,0
2050b,26790,883,41,0
2488b,26790,884,42,0
4880b,26790,886,43,0
34b,26790,887,44,0
4736b,26790,889,45,1
3016b,6630,540,1,0
987b,6630,540,2,0
1075b,6630,541,3,0
386b,6630,541,4,0
968b,6630,542,5,0
2599b,6630,542,6,0
3626b,6630,543,7,0
4035b,6630,544,8,0
3295b,6630,545,9,0
4750b,6630,547,10,0
2195b,6630,547,11,0
244b,6630,548,12,0
1809b,6630,549,13,0
2194b,6630,550,14,0
1641b,6630,553,15,0
2186b,6630,554,16,0
3300b,6630,554,17,0
1722b,6630,555,18,0
2542b,6630,557,19,0
5521b,6630,558,20,0
1403b,6630,559,21,0
5858b,6630,561,22,0
5457b,6630,562,23,0
239b,6630,563,24,0
5834b,6630,564,25,0
5832b,6630,565,26,0
4040b,6630,566,27,0
5391b,6630,567,28,0
3326b,6630,569,29,0
1319b,6630,571,30,0
4730b,6630,571,31,0
4731b,6630,572,32,0
4732b,6630,572,33,0
4177b,6630,572,34,0
1107b,6630,573,35,0
1320b,6630,573,36,0
4971b,6630,574,37,0
4734b,6630,574,38,0
2233b,6630,575,39,0
5852b,6630,578,40,0
2050b,6630,578,41,0
2488b,6630,579,42,0
4880b,6630,581,43,0
34b,6630,582,44,0
4736b,6630,584,45,1
3016b,26922,1010,1,0
987b,26922,1010,2,0
1075b,26922,1011,3,0
386b,26922,1011,4,0
968b,26922,1012,5,0
2599b,26922,1012,6,0
3626b,26922,1013,7,0
4035b,26922,1014,8,0
3295b,26922,1015,9,0
4750b,26922,1017,10,0
2195b,26922,1017,11,0
244b,26922,1018,12,0
1809b,26922,1019,13,0
2194b,26922,1020,14,0
1641b,26922,1023,15,0
2186b,26922,1024,16,0
3300b,26922,1024,17,0
1722b,26922,1025,18,0
2542b,26922,1027,19,0
5521b,26922,1028,20,0
1403b,26922,1029,21,0
5858b,26922,1031,22,0
5457b,26922,1032,23,0
239b,26922,1033,24,0
5834b,26922,1034,25,0
5832b,26922,1035,26,0
4040b,26922,1036,27,0
5391b,26922,1037,28,0
3326b,26922,1039,29,0
1319b,26922,1041,30,0
4730b,26922,1041,31,0
4731b,26922,1042,32,0
4732b,26922,1042,33,0
4177b,26922,1042,34,0
1107b,26922,1043,35,0
1320b,26922,1043,36,0
4971b,26922,1044,37,0
4734b,26922,1044,38,0
2233b,26922,1045,39,0
5852b,26922,1048,40,0
2050b,26922,1048,41,0
2488b,26922,1049,42,0
4880b,26922,1051,43,0
34b,26922,1052,44,0
4736b,26922,1054,45,1
3016b,26921,1020,1,0
987b,26921,1020,2,0
1075b,26921,1021,3,0
386b,26921,1021,4,0
968b,26921,1022,5,0
2599b,26921,1022,6,0
3626b,26921,1023,7,0
4035b,26921,1024,8,0
3295b,26921,1025,9,0
4750b,26921,1028,10,0
2195b,26921,1029,11,0
244b,26921,1030,12,0
1809b,26921,1031,13,0
2194b,26921,1032,14,0
1641b,26921,1034,15,0
2186b,26921,1035,16,0
3300b,26921,1035,17,0
1722b,26921,1036,18,0
2542b,26921,1038,19,0
5521b,26921,1039,20,0
1403b,26921,1040,21,0
5858b,26921,1042,22,0
5457b,26921,1043,23,0
239b,26921,1044,24,0
5834b,26921,1045,25,0
5832b,26921,1047,26,0
4040b,26921,1048,27,0
5391b,26921,1049,28,0
3326b,26921,1052,29,0
1319b,26921,1054,30,0
4730b,26921,1054,31,0
4731b,26921,1055,32,0
4732b,26921,1055,33,0
4177b,26921,1056,34,0
1107b,26921,1056,35,0
1320b,26921,1057,36,0
4971b,26921,1057,37,0
4734b,26921,1058,38,0
2233b,26921,1059,39,0
5852b,26921,1063,40,0
2050b,26921,1064,41,0
2488b,26921,1065,42,0
4880b,26921,1067,43,0
34b,26921,1068,44,0
4736b,26921,1071,45,1
