arret_id,trajet_id,heure_depart,stop_sequence,terminus
2631b,1064,965,1,0
1663b,1064,966,2,0
830b,1064,968,3,0
3108b,1064,970,4,0
5303b,1064,971,5,0
1485b,1064,971,6,0
1035b,1064,972,7,0
809b,1064,973,8,0
5302b,1064,973,9,0
3581b,1064,975,10,0
2104b,1064,975,11,0
7743b,1064,976,12,0
490b,1064,977,13,0
1969b,1064,978,14,0
3144b,1064,978,15,0
1285b,1064,980,16,0
1289b,1064,980,17,0
2736b,1064,982,18,0
2737b,1064,983,19,0
5807b,1064,984,20,0
5810b,1064,985,21,0
5811b,1064,985,22,0
2787b,1064,987,23,0
5286b,1064,988,24,0
1569b,1064,990,25,0
1568b,1064,991,26,0
2948b,1064,993,27,0
3214b,1064,993,28,0
594b,1064,994,29,0
3212b,1064,995,30,0
1366b,1064,996,31,0
814b,1064,997,32,0
1957b,1064,998,33,0
3215b,1064,999,34,0
5837b,1064,1001,35,0
5815b,1064,1003,36,0
5378b,1064,1005,37,0
5376b,1064,1006,38,0
3130b,1064,1008,39,0
547b,1064,1008,40,0
3131b,1064,1010,41,0
374b,1064,1011,42,0
1310b,1064,1012,43,0
6467b,1064,1013,44,0
6461b,1064,1014,45,0
2467b,1064,1016,46,1
2631b,1057,665,1,0
1663b,1057,665,2,0
830b,1057,667,3,0
3108b,1057,669,4,0
5303b,1057,670,5,0
1485b,1057,670,6,0
1035b,1057,671,7,0
809b,1057,672,8,0
5302b,1057,672,9,0
3581b,1057,674,10,0
2104b,1057,674,11,0
7743b,1057,675,12,0
490b,1057,676,13,0
1969b,1057,677,14,0
3144b,1057,677,15,0
1285b,1057,679,16,0
1289b,1057,679,17,0
2736b,1057,681,18,0
2737b,1057,681,19,0
5807b,1057,683,20,0
5810b,1057,683,21,0
5811b,1057,684,22,0
2787b,1057,685,23,0
5286b,1057,686,24,0
1569b,1057,687,25,0
1568b,1057,688,26,0
2948b,1057,690,27,0
3214b,1057,690,28,0
594b,1057,691,29,0
3212b,1057,692,30,0
1366b,1057,692,31,0
814b,1057,693,32,0
1957b,1057,694,33,0
3215b,1057,694,34,0
5837b,1057,696,35,0
5815b,1057,697,36,0
5378b,1057,699,37,0
5376b,1057,700,38,0
3130b,1057,702,39,0
547b,1057,702,40,0
3131b,1057,703,41,0
374b,1057,704,42,0
1310b,1057,705,43,0
6467b,1057,706,44,0
6461b,1057,707,45,0
2467b,1057,708,46,1
2467b,12446,390,1,0
644b,12446,390,2,0
694b,12446,391,3,0
194b,12446,392,4,0
2684b,12446,393,5,0
5375b,12446,394,6,0
5377b,12446,395,7,0
5284b,12446,397,8,0
5814b,12446,398,9,0
5813b,12446,398,10,0
1466b,12446,399,11,0
463b,12446,400,12,0
3213b,12446,401,13,0
258b,12446,401,14,0
249b,12446,402,15,0
1580b,12446,403,16,0
2524b,12446,403,17,0
3252b,12446,404,18,0
5285b,12446,406,19,0
5812b,12446,407,20,0
5809b,12446,407,21,0
5808b,12446,408,22,0
2757b,12446,409,23,0
1153b,12446,411,24,0
1497b,12446,411,25,0
2798b,12446,411,26,0
1293b,12446,412,27,0
808b,12446,413,28,0
2733b,12446,413,29,0
1007b,12446,414,30,0
7742b,12446,415,31,0
1687b,12446,415,32,0
5300b,12446,416,33,0
5301b,12446,417,34,0
1086b,12446,418,35,0
344b,12446,418,36,0
1470b,12446,419,37,0
928b,12446,421,38,0
3107b,12446,421,39,0
3347b,12446,424,40,0
5624b,12446,425,41,0
6408b,12446,427,42,0
2631b,12446,428,43,1
2467b,3815,1145,1,0
644b,3815,1145,2,0
694b,3815,1146,3,0
194b,3815,1147,4,0
2684b,3815,1148,5,0
5375b,3815,1148,6,0
5377b,3815,1149,7,0
5284b,3815,1151,8,0
5814b,3815,1152,9,0
5813b,3815,1152,10,0
1466b,3815,1153,11,0
463b,3815,1154,12,0
3213b,3815,1155,13,0
258b,3815,1155,14,0
249b,3815,1156,15,0
1580b,3815,1157,16,0
2524b,3815,1157,17,0
3252b,3815,1158,18,0
5285b,3815,1160,19,0
5812b,3815,1160,20,0
5809b,3815,1161,21,0
5808b,3815,1162,22,0
2757b,3815,1163,23,0
1153b,3815,1164,24,0
1497b,3815,1164,25,0
2798b,3815,1165,26,0
1293b,3815,1165,27,0
808b,3815,1166,28,0
2733b,3815,1167,29,0
1007b,3815,1167,30,0
7742b,3815,1169,31,0
1687b,3815,1169,32,0
5300b,3815,1170,33,0
5301b,3815,1170,34,0
1086b,3815,1171,35,0
344b,3815,1172,36,0
1470b,3815,1173,37,0
928b,3815,1174,38,0
3107b,3815,1174,39,0
3347b,3815,1177,40,0
5624b,3815,1178,41,0
6408b,3815,1180,42,0
2631b,3815,1181,43,1
2467b,24654,1055,1,0
644b,24654,1055,2,0
694b,24654,1056,3,0
194b,24654,1057,4,0
2684b,24654,1058,5,0
5375b,24654,1059,6,0
5377b,24654,1060,7,0
5284b,24654,1062,8,0
5814b,24654,1063,9,0
5813b,24654,1064,10,0
1466b,24654,1065,11,0
463b,24654,1066,12,0
3213b,24654,1067,13,0
258b,24654,1068,14,0
249b,24654,1069,15,0
1580b,24654,1070,16,0
2524b,24654,1071,17,0
3252b,24654,1072,18,0
5285b,24654,1074,19,0
5812b,24654,1075,20,0
5809b,24654,1076,21,0
5808b,24654,1077,22,0
2757b,24654,1078,23,0
1153b,24654,1080,24,0
1497b,24654,1080,25,0
2798b,24654,1081,26,0
1293b,24654,1081,27,0
808b,24654,1082,28,0
2733b,24654,1083,29,0
1007b,24654,1084,30,0
7742b,24654,1085,31,0
1687b,24654,1086,32,0
5300b,24654,1087,33,0
5301b,24654,1088,34,0
1086b,24654,1089,35,0
344b,24654,1089,36,0
1470b,24654,1090,37,0
928b,24654,1092,38,0
3107b,24654,1093,39,0
3347b,24654,1098,40,0
5624b,24654,1099,41,0
6408b,24654,1102,42,0
2631b,24654,1104,43,1
2631b,12657,595,1,0
1663b,12657,596,2,0
830b,12657,598,3,0
3108b,12657,600,4,0
5303b,12657,601,5,0
1485b,12657,601,6,0
1035b,12657,602,7,0
809b,12657,602,8,0
5302b,12657,603,9,0
3581b,12657,604,10,0
2104b,12657,604,11,0
7743b,12657,604,12,0
490b,12657,605,13,0
1969b,12657,606,14,0
3144b,12657,606,15,0
1285b,12657,607,16,0
1289b,12657,608,17,0
2736b,12657,609,18,0
2737b,12657,609,19,0
5807b,12657,611,20,0
5810b,12657,611,21,0
5811b,12657,612,22,0
2787b,12657,613,23,0
5286b,12657,614,24,0
1569b,12657,615,25,0
1568b,12657,615,26,0
2948b,12657,617,27,0
3214b,12657,617,28,0
594b,12657,618,29,0
3212b,12657,619,30,0
1366b,12657,620,31,0
814b,12657,621,32,0
1957b,12657,621,33,0
3215b,12657,622,34,0
5837b,12657,624,35,0
5815b,12657,625,36,0
5378b,12657,627,37,0
5376b,12657,627,38,0
3130b,12657,629,39,0
547b,12657,629,40,0
3131b,12657,630,41,0
374b,12657,631,42,0
1310b,12657,632,43,0
6467b,12657,633,44,0
6461b,12657,634,45,0
2467b,12657,635,46,1
2631b,24623,910,1,0
1663b,24623,911,2,0
830b,24623,913,3,0
3108b,24623,915,4,0
5303b,24623,916,5,0
1485b,24623,916,6,0
1035b,24623,917,7,0
809b,24623,917,8,0
5302b,24623,918,9,0
3581b,24623,919,10,0
2104b,24623,919,11,0
7743b,24623,919,12,0
490b,24623,920,13,0
1969b,24623,921,14,0
3144b,24623,921,15,0
1285b,24623,922,16,0
1289b,24623,923,17,0
2736b,24623,924,18,0
2737b,24623,924,19,0
5807b,24623,926,20,0
5810b,24623,926,21,0
5811b,24623,927,22,0
2787b,24623,928,23,0
5286b,24623,929,24,0
1569b,24623,930,25,0
1568b,24623,930,26,0
2948b,24623,932,27,0
3214b,24623,932,28,0
594b,24623,933,29,0
3212b,24623,934,30,0
1366b,24623,935,31,0
814b,24623,936,32,0
1957b,24623,936,33,0
3215b,24623,937,34,0
5837b,24623,939,35,0
5815b,24623,940,36,0
5378b,24623,942,37,0
5376b,24623,942,38,0
3130b,24623,944,39,0
547b,24623,944,40,0
3131b,24623,945,41,0
374b,24623,946,42,0
1310b,24623,947,43,0
6467b,24623,948,44,0
6461b,24623,949,45,0
2467b,24623,950,46,1
2467b,12722,1170,1,0
644b,12722,1170,2,0
694b,12722,1171,3,0
194b,12722,1172,4,0
2684b,12722,1173,5,0
5375b,12722,1174,6,0
5377b,12722,1175,7,0
5284b,12722,1177,8,0
5814b,12722,1178,9,0
5813b,12722,1179,10,0
1466b,12722,1179,11,0
463b,12722,1180,12,0
3213b,12722,1181,13,0
258b,12722,1182,14,0
249b,12722,1183,15,0
1580b,12722,1184,16,0
2524b,12722,1184,17,0
3252b,12722,1185,18,0
5285b,12722,1187,19,0
5812b,12722,1188,20,0
5809b,12722,1188,21,0
5808b,12722,1189,22,0
2757b,12722,1190,23,0
1153b,12722,1192,24,0
1497b,12722,1192,25,0
2798b,12722,1192,26,0
1293b,12722,1193,27,0
808b,12722,1194,28,0
2733b,12722,1194,29,0
1007b,12722,1195,30,0
7742b,12722,1196,31,0
1687b,12722,1196,32,0
5300b,12722,1197,33,0
5301b,12722,1197,34,0
1086b,12722,1198,35,0
344b,12722,1199,36,0
1470b,12722,1200,37,0
928b,12722,1201,38,0
3107b,12722,1201,39,0
3347b,12722,1204,40,0
5624b,12722,1204,41,0
6408b,12722,1206,42,0
2631b,12722,1207,43,1
2467b,1363,390,1,0
644b,1363,390,2,0
694b,1363,391,3,0
194b,1363,392,4,0
2684b,1363,393,5,0
5375b,1363,393,6,0
5377b,1363,394,7,0
5284b,1363,396,8,0
5814b,1363,397,9,0
5813b,1363,397,10,0
1466b,1363,398,11,0
463b,1363,399,12,0
3213b,1363,400,13,0
258b,1363,400,14,0
249b,1363,401,15,0
1580b,1363,402,16,0
2524b,1363,402,17,0
3252b,1363,403,18,0
5285b,1363,405,19,0
5812b,1363,406,20,0
5809b,1363,406,21,0
5808b,1363,407,22,0
2757b,1363,408,23,0
1153b,1363,410,24,0
1497b,1363,410,25,0
2798b,1363,410,26,0
1293b,1363,411,27,0
808b,1363,411,28,0
2733b,1363,412,29,0
1007b,1363,412,30,0
7742b,1363,413,31,0
1687b,1363,413,32,0
5300b,1363,414,33,0
5301b,1363,414,34,0
1086b,1363,415,35,0
344b,1363,416,36,0
1470b,1363,417,37,0
928b,1363,418,38,0
3107b,1363,418,39,0
3347b,1363,421,40,0
5624b,1363,422,41,0
6408b,1363,424,42,0
2631b,1363,425,43,1
2467b,1524,605,1,0
644b,1524,605,2,0
694b,1524,606,3,0
194b,1524,607,4,0
2684b,1524,608,5,0
5375b,1524,609,6,0
5377b,1524,610,7,0
5284b,1524,612,8,0
5814b,1524,613,9,0
5813b,1524,614,10,0
1466b,1524,614,11,0
463b,1524,615,12,0
3213b,1524,616,13,0
258b,1524,617,14,0
249b,1524,618,15,0
1580b,1524,619,16,0
2524b,1524,619,17,0
3252b,1524,620,18,0
5285b,1524,622,19,0
5812b,1524,623,20,0
5809b,1524,623,21,0
5808b,1524,624,22,0
2757b,1524,625,23,0
1153b,1524,627,24,0
1497b,1524,627,25,0
2798b,1524,628,26,0
1293b,1524,628,27,0
808b,1524,629,28,0
2733b,1524,630,29,0
1007b,1524,630,30,0
7742b,1524,632,31,0
1687b,1524,632,32,0
5300b,1524,633,33,0
5301b,1524,634,34,0
1086b,1524,635,35,0
344b,1524,635,36,0
1470b,1524,636,37,0
928b,1524,638,38,0
3107b,1524,638,39,0
3347b,1524,641,40,0
5624b,1524,641,41,0
6408b,1524,643,42,0
2631b,1524,644,43,1
2467b,22438,935,1,0
644b,22438,935,2,0
694b,22438,936,3,0
194b,22438,937,4,0
2684b,22438,938,5,0
5375b,22438,939,6,0
5377b,22438,940,7,0
5284b,22438,942,8,0
5814b,22438,943,9,0
5813b,22438,944,10,0
1466b,22438,944,11,0
463b,22438,945,12,0
3213b,22438,946,13,0
258b,22438,947,14,0
249b,22438,948,15,0
1580b,22438,949,16,0
2524b,22438,949,17,0
3252b,22438,950,18,0
5285b,22438,952,19,0
5812b,22438,953,20,0
5809b,22438,953,21,0
5808b,22438,954,22,0
2757b,22438,955,23,0
1153b,22438,957,24,0
1497b,22438,957,25,0
2798b,22438,958,26,0
1293b,22438,958,27,0
808b,22438,959,28,0
2733b,22438,960,29,0
1007b,22438,960,30,0
7742b,22438,962,31,0
1687b,22438,962,32,0
5300b,22438,963,33,0
5301b,22438,964,34,0
1086b,22438,965,35,0
344b,22438,965,36,0
1470b,22438,966,37,0
928b,22438,968,38,0
3107b,22438,968,39,0
3347b,22438,972,40,0
5624b,22438,972,41,0
6408b,22438,974,42,0
2631b,22438,975,43,1
2631b,1736,1035,1,0
1663b,1736,1036,2,0
830b,1736,1039,3,0
3108b,1736,1041,4,0
5303b,1736,1042,5,0
1485b,1736,1042,6,0
1035b,1736,1043,7,0
809b,1736,1044,8,0
5302b,1736,1044,9,0
3581b,1736,1046,10,0
2104b,1736,1046,11,0
7743b,1736,1047,12,0
490b,1736,1049,13,0
1969b,1736,1049,14,0
3144b,1736,1050,15,0
1285b,1736,1052,16,0
1289b,1736,1053,17,0
2736b,1736,1055,18,0
2737b,1736,1056,19,0
5807b,1736,1057,20,0
5810b,1736,1058,21,0
5811b,1736,1059,22,0
2787b,1736,1060,23,0
5286b,1736,1062,24,0
1569b,1736,1064,25,0
1568b,1736,1065,26,0
2948b,1736,1067,27,0
3214b,1736,1067,28,0
594b,1736,1068,29,0
3212b,1736,1069,30,0
1366b,1736,1070,31,0
814b,1736,1071,32,0
1957b,1736,1072,33,0
3215b,1736,1073,34,0
5837b,1736,1075,35,0
5815b,1736,1077,36,0
5378b,1736,1079,37,0
5376b,1736,1080,38,0
3130b,1736,1082,39,0
547b,1736,1082,40,0
3131b,1736,1084,41,0
374b,1736,1085,42,0
1310b,1736,1086,43,0
6467b,1736,1087,44,0
6461b,1736,1088,45,0
2467b,1736,1090,46,1
2631b,1961,805,1,0
1663b,1961,806,2,0
830b,1961,808,3,0
3108b,1961,810,4,0
5303b,1961,811,5,0
1485b,1961,811,6,0
1035b,1961,812,7,0
809b,1961,812,8,0
5302b,1961,813,9,0
3581b,1961,814,10,0
2104b,1961,814,11,0
7743b,1961,814,12,0
490b,1961,815,13,0
1969b,1961,816,14,0
3144b,1961,816,15,0
1285b,1961,817,16,0
1289b,1961,818,17,0
2736b,1961,819,18,0
2737b,1961,819,19,0
5807b,1961,821,20,0
5810b,1961,821,21,0
5811b,1961,822,22,0
2787b,1961,823,23,0
5286b,1961,824,24,0
1569b,1961,825,25,0
1568b,1961,825,26,0
2948b,1961,827,27,0
3214b,1961,827,28,0
594b,1961,828,29,0
3212b,1961,829,30,0
1366b,1961,830,31,0
814b,1961,831,32,0
1957b,1961,831,33,0
3215b,1961,832,34,0
5837b,1961,834,35,0
5815b,1961,835,36,0
5378b,1961,837,37,0
5376b,1961,837,38,0
3130b,1961,839,39,0
547b,1961,839,40,0
3131b,1961,840,41,0
374b,1961,841,42,0
1310b,1961,842,43,0
6467b,1961,843,44,0
6461b,1961,844,45,0
2467b,1961,845,46,1
2467b,1960,505,1,0
644b,1960,505,2,0
694b,1960,506,3,0
194b,1960,507,4,0
2684b,1960,508,5,0
5375b,1960,508,6,0
5377b,1960,509,7,0
5284b,1960,511,8,0
5814b,1960,512,9,0
5813b,1960,512,10,0
1466b,1960,513,11,0
463b,1960,514,12,0
3213b,1960,515,13,0
258b,1960,515,14,0
249b,1960,516,15,0
1580b,1960,517,16,0
2524b,1960,517,17,0
3252b,1960,518,18,0
5285b,1960,520,19,0
5812b,1960,521,20,0
5809b,1960,521,21,0
5808b,1960,522,22,0
2757b,1960,523,23,0
1153b,1960,525,24,0
1497b,1960,525,25,0
2798b,1960,525,26,0
1293b,1960,526,27,0
808b,1960,527,28,0
2733b,1960,527,29,0
1007b,1960,528,30,0
7742b,1960,529,31,0
1687b,1960,529,32,0
5300b,1960,530,33,0
5301b,1960,530,34,0
1086b,1960,531,35,0
344b,1960,532,36,0
1470b,1960,533,37,0
928b,1960,534,38,0
3107b,1960,534,39,0
3347b,1960,537,40,0
5624b,1960,538,41,0
6408b,1960,540,42,0
2631b,1960,541,43,1
2467b,19239,930,1,0
644b,19239,930,2,0
694b,19239,931,3,0
194b,19239,932,4,0
2684b,19239,933,5,0
5375b,19239,933,6,0
5377b,19239,934,7,0
5284b,19239,936,8,0
5814b,19239,937,9,0
5813b,19239,938,10,0
1466b,19239,938,11,0
463b,19239,939,12,0
3213b,19239,940,13,0
258b,19239,941,14,0
249b,19239,942,15,0
1580b,19239,943,16,0
2524b,19239,943,17,0
3252b,19239,944,18,0
5285b,19239,946,19,0
5812b,19239,947,20,0
5809b,19239,947,21,0
5808b,19239,948,22,0
2757b,19239,949,23,0
1153b,19239,951,24,0
1497b,19239,951,25,0
2798b,19239,952,26,0
1293b,19239,952,27,0
808b,19239,953,28,0
2733b,19239,954,29,0
1007b,19239,954,30,0
7742b,19239,956,31,0
1687b,19239,956,32,0
5300b,19239,957,33,0
5301b,19239,957,34,0
1086b,19239,958,35,0
344b,19239,959,36,0
1470b,19239,960,37,0
928b,19239,961,38,0
3107b,19239,961,39,0
3347b,19239,965,40,0
5624b,19239,966,41,0
6408b,19239,968,42,0
2631b,19239,969,43,1
2631b,20194,415,1,0
1663b,20194,416,2,0
830b,20194,418,3,0
3108b,20194,420,4,0
5303b,20194,421,5,0
1485b,20194,421,6,0
1035b,20194,422,7,0
809b,20194,422,8,0
5302b,20194,423,9,0
3581b,20194,424,10,0
2104b,20194,424,11,0
7743b,20194,424,12,0
490b,20194,425,13,0
1969b,20194,426,14,0
3144b,20194,426,15,0
1285b,20194,427,16,0
1289b,20194,428,17,0
2736b,20194,429,18,0
2737b,20194,429,19,0
5807b,20194,431,20,0
5810b,20194,431,21,0
5811b,20194,432,22,0
2787b,20194,433,23,0
5286b,20194,434,24,0
1569b,20194,435,25,0
1568b,20194,435,26,0
2948b,20194,437,27,0
3214b,20194,437,28,0
594b,20194,438,29,0
3212b,20194,439,30,0
1366b,20194,440,31,0
814b,20194,441,32,0
1957b,20194,441,33,0
3215b,20194,442,34,0
5837b,20194,444,35,0
5815b,20194,445,36,0
5378b,20194,447,37,0
5376b,20194,447,38,0
3130b,20194,449,39,0
547b,20194,449,40,0
3131b,20194,450,41,0
374b,20194,451,42,0
1310b,20194,452,43,0
6467b,20194,453,44,0
6461b,20194,454,45,0
2467b,20194,455,46,1
2467b,8002,825,1,0
644b,8002,825,2,0
694b,8002,826,3,0
194b,8002,827,4,0
2684b,8002,828,5,0
5375b,8002,828,6,0
5377b,8002,829,7,0
5284b,8002,831,8,0
5814b,8002,832,9,0
5813b,8002,833,10,0
1466b,8002,833,11,0
463b,8002,834,12,0
3213b,8002,835,13,0
258b,8002,836,14,0
249b,8002,837,15,0
1580b,8002,838,16,0
2524b,8002,838,17,0
3252b,8002,839,18,0
5285b,8002,841,19,0
5812b,8002,842,20,0
5809b,8002,842,21,0
5808b,8002,843,22,0
2757b,8002,844,23,0
1153b,8002,846,24,0
1497b,8002,846,25,0
2798b,8002,847,26,0
1293b,8002,847,27,0
808b,8002,848,28,0
2733b,8002,849,29,0
1007b,8002,849,30,0
7742b,8002,851,31,0
1687b,8002,851,32,0
5300b,8002,852,33,0
5301b,8002,852,34,0
1086b,8002,853,35,0
344b,8002,854,36,0
1470b,8002,855,37,0
928b,8002,856,38,0
3107b,8002,856,39,0
3347b,8002,859,40,0
5624b,8002,860,41,0
6408b,8002,862,42,0
2631b,8002,863,43,1
2631b,8083,925,1,0
1663b,8083,925,2,0
830b,8083,927,3,0
3108b,8083,929,4,0
5303b,8083,930,5,0
1485b,8083,930,6,0
1035b,8083,931,7,0
809b,8083,932,8,0
5302b,8083,932,9,0
3581b,8083,934,10,0
2104b,8083,934,11,0
7743b,8083,935,12,0
490b,8083,936,13,0
1969b,8083,937,14,0
3144b,8083,937,15,0
1285b,8083,939,16,0
1289b,8083,939,17,0
2736b,8083,941,18,0
2737b,8083,941,19,0
5807b,8083,943,20,0
5810b,8083,943,21,0
5811b,8083,944,22,0
2787b,8083,945,23,0
5286b,8083,946,24,0
1569b,8083,948,25,0
1568b,8083,949,26,0
2948b,8083,951,27,0
3214b,8083,951,28,0
594b,8083,952,29,0
3212b,8083,953,30,0
1366b,8083,954,31,0
814b,8083,955,32,0
1957b,8083,955,33,0
3215b,8083,956,34,0
5837b,8083,958,35,0
5815b,8083,959,36,0
5378b,8083,961,37,0
5376b,8083,962,38,0
3130b,8083,964,39,0
547b,8083,964,40,0
3131b,8083,966,41,0
374b,8083,967,42,0
1310b,8083,968,43,0
6467b,8083,969,44,0
6461b,8083,970,45,0
2467b,8083,972,46,1
2467b,20439,535,1,0
644b,20439,535,2,0
694b,20439,536,3,0
194b,20439,537,4,0
2684b,20439,538,5,0
5375b,20439,539,6,0
5377b,20439,540,7,0
5284b,20439,542,8,0
5814b,20439,543,9,0
5813b,20439,544,10,0
1466b,20439,544,11,0
463b,20439,545,12,0
3213b,20439,546,13,0
258b,20439,547,14,0
249b,20439,548,15,0
1580b,20439,549,16,0
2524b,20439,550,17,0
3252b,20439,551,18,0
5285b,20439,553,19,0
5812b,20439,554,20,0
5809b,20439,554,21,0
5808b,20439,555,22,0
2757b,20439,556,23,0
1153b,20439,558,24,0
1497b,20439,558,25,0
2798b,20439,559,26,0
1293b,20439,559,27,0
808b,20439,560,28,0
2733b,20439,561,29,0
1007b,20439,561,30,0
7742b,20439,563,31,0
1687b,20439,563,32,0
5300b,20439,564,33,0
5301b,20439,565,34,0
1086b,20439,566,35,0
344b,20439,566,36,0
1470b,20439,567,37,0
928b,20439,569,38,0
3107b,20439,569,39,0
3347b,20439,573,40,0
5624b,20439,573,41,0
6408b,20439,575,42,0
2631b,20439,576,43,1
2631b,19582,885,1,0
1663b,19582,885,2,0
830b,19582,887,3,0
3108b,19582,889,4,0
5303b,19582,890,5,0
1485b,19582,890,6,0
1035b,19582,891,7,0
809b,19582,892,8,0
5302b,19582,892,9,0
3581b,19582,894,10,0
2104b,19582,894,11,0
7743b,19582,895,12,0
490b,19582,896,13,0
1969b,19582,897,14,0
3144b,19582,897,15,0
1285b,19582,899,16,0
1289b,19582,899,17,0
2736b,19582,901,18,0
2737b,19582,901,19,0
5807b,19582,903,20,0
5810b,19582,903,21,0
5811b,19582,904,22,0
2787b,19582,905,23,0
5286b,19582,906,24,0
1569b,19582,907,25,0
1568b,19582,908,26,0
2948b,19582,910,27,0
3214b,19582,910,28,0
594b,19582,911,29,0
3212b,19582,912,30,0
1366b,19582,913,31,0
814b,19582,914,32,0
1957b,19582,914,33,0
3215b,19582,915,34,0
5837b,19582,917,35,0
5815b,19582,918,36,0
5378b,19582,920,37,0
5376b,19582,921,38,0
3130b,19582,923,39,0
547b,19582,923,40,0
3131b,19582,924,41,0
374b,19582,925,42,0
1310b,19582,926,43,0
6467b,19582,927,44,0
6461b,19582,928,45,0
2467b,19582,929,46,1
2631b,19530,705,1,0
1663b,19530,705,2,0
830b,19530,707,3,0
3108b,19530,709,4,0
5303b,19530,710,5,0
1485b,19530,710,6,0
1035b,19530,711,7,0
809b,19530,712,8,0
5302b,19530,712,9,0
3581b,19530,714,10,0
2104b,19530,714,11,0
7743b,19530,715,12,0
490b,19530,716,13,0
1969b,19530,717,14,0
3144b,19530,717,15,0
1285b,19530,719,16,0
1289b,19530,719,17,0
2736b,19530,721,18,0
2737b,19530,721,19,0
5807b,19530,723,20,0
5810b,19530,723,21,0
5811b,19530,724,22,0
2787b,19530,725,23,0
5286b,19530,726,24,0
1569b,19530,727,25,0
1568b,19530,728,26,0
2948b,19530,730,27,0
3214b,19530,730,28,0
594b,19530,731,29,0
3212b,19530,732,30,0
1366b,19530,733,31,0
814b,19530,734,32,0
1957b,19530,734,33,0
3215b,19530,735,34,0
5837b,19530,737,35,0
5815b,19530,738,36,0
5378b,19530,740,37,0
5376b,19530,741,38,0
3130b,19530,743,39,0
547b,19530,743,40,0
3131b,19530,744,41,0
374b,19530,745,42,0
1310b,19530,746,43,0
6467b,19530,747,44,0
6461b,19530,748,45,0
2467b,19530,749,46,1
2631b,8213,625,1,0
1663b,8213,625,2,0
830b,8213,627,3,0
3108b,8213,629,4,0
5303b,8213,630,5,0
1485b,8213,630,6,0
1035b,8213,631,7,0
809b,8213,632,8,0
5302b,8213,632,9,0
3581b,8213,634,10,0
2104b,8213,634,11,0
7743b,8213,635,12,0
490b,8213,636,13,0
1969b,8213,637,14,0
3144b,8213,637,15,0
1285b,8213,639,16,0
1289b,8213,639,17,0
2736b,8213,641,18,0
2737b,8213,641,19,0
5807b,8213,643,20,0
5810b,8213,643,21,0
5811b,8213,644,22,0
2787b,8213,645,23,0
5286b,8213,646,24,0
1569b,8213,647,25,0
1568b,8213,648,26,0
2948b,8213,650,27,0
3214b,8213,650,28,0
594b,8213,651,29,0
3212b,8213,652,30,0
1366b,8213,652,31,0
814b,8213,653,32,0
1957b,8213,654,33,0
3215b,8213,654,34,0
5837b,8213,656,35,0
5815b,8213,657,36,0
5378b,8213,659,37,0
5376b,8213,660,38,0
3130b,8213,662,39,0
547b,8213,662,40,0
3131b,8213,663,41,0
374b,8213,664,42,0
1310b,8213,665,43,0
6467b,8213,666,44,0
6461b,8213,667,45,0
2467b,8213,668,46,1
2467b,8304,830,1,0
644b,8304,830,2,0
694b,8304,831,3,0
194b,8304,832,4,0
2684b,8304,833,5,0
5375b,8304,834,6,0
5377b,8304,835,7,0
5284b,8304,837,8,0
5814b,8304,838,9,0
5813b,8304,839,10,0
1466b,8304,839,11,0
463b,8304,840,12,0
3213b,8304,841,13,0
258b,8304,842,14,0
249b,8304,843,15,0
1580b,8304,844,16,0
2524b,8304,844,17,0
3252b,8304,845,18,0
5285b,8304,847,19,0
5812b,8304,848,20,0
5809b,8304,848,21,0
5808b,8304,849,22,0
2757b,8304,850,23,0
1153b,8304,852,24,0
1497b,8304,852,25,0
2798b,8304,853,26,0
1293b,8304,853,27,0
808b,8304,854,28,0
2733b,8304,855,29,0
1007b,8304,855,30,0
7742b,8304,857,31,0
1687b,8304,857,32,0
5300b,8304,858,33,0
5301b,8304,859,34,0
1086b,8304,860,35,0
344b,8304,860,36,0
1470b,8304,861,37,0
928b,8304,863,38,0
3107b,8304,863,39,0
3347b,8304,866,40,0
5624b,8304,866,41,0
6408b,8304,868,42,0
2631b,8304,869,43,1
2467b,8674,860,1,0
644b,8674,860,2,0
694b,8674,861,3,0
194b,8674,862,4,0
2684b,8674,863,5,0
5375b,8674,863,6,0
5377b,8674,864,7,0
5284b,8674,866,8,0
5814b,8674,867,9,0
5813b,8674,868,10,0
1466b,8674,868,11,0
463b,8674,869,12,0
3213b,8674,870,13,0
258b,8674,871,14,0
249b,8674,872,15,0
1580b,8674,873,16,0
2524b,8674,873,17,0
3252b,8674,874,18,0
5285b,8674,876,19,0
5812b,8674,877,20,0
5809b,8674,877,21,0
5808b,8674,878,22,0
2757b,8674,879,23,0
1153b,8674,881,24,0
1497b,8674,881,25,0
2798b,8674,882,26,0
1293b,8674,882,27,0
808b,8674,883,28,0
2733b,8674,884,29,0
1007b,8674,884,30,0
7742b,8674,886,31,0
1687b,8674,886,32,0
5300b,8674,887,33,0
5301b,8674,887,34,0
1086b,8674,888,35,0
344b,8674,889,36,0
1470b,8674,890,37,0
928b,8674,891,38,0
3107b,8674,891,39,0
3347b,8674,894,40,0
5624b,8674,895,41,0
6408b,8674,897,42,0
2631b,8674,898,43,1
2631b,17317,475,1,0
1663b,17317,476,2,0
830b,17317,478,3,0
3108b,17317,480,4,0
5303b,17317,481,5,0
1485b,17317,481,6,0
1035b,17317,482,7,0
809b,17317,483,8,0
5302b,17317,483,9,0
3581b,17317,485,10,0
2104b,17317,485,11,0
7743b,17317,486,12,0
490b,17317,487,13,0
1969b,17317,488,14,0
3144b,17317,489,15,0
1285b,17317,490,16,0
1289b,17317,491,17,0
2736b,17317,493,18,0
2737b,17317,494,19,0
5807b,17317,495,20,0
5810b,17317,496,21,0
5811b,17317,497,22,0
2787b,17317,498,23,0
5286b,17317,500,24,0
1569b,17317,502,25,0
1568b,17317,503,26,0
2948b,17317,505,27,0
3214b,17317,505,28,0
594b,17317,507,29,0
3212b,17317,508,30,0
1366b,17317,509,31,0
814b,17317,510,32,0
1957b,17317,511,33,0
3215b,17317,511,34,0
5837b,17317,514,35,0
5815b,17317,516,36,0
5378b,17317,518,37,0
5376b,17317,519,38,0
3130b,17317,521,39,0
547b,17317,521,40,0
3131b,17317,523,41,0
374b,17317,524,42,0
1310b,17317,525,43,0
6467b,17317,526,44,0
6461b,17317,527,45,0
2467b,17317,529,46,1
2631b,20912,1080,1,0
1663b,20912,1081,2,0
830b,20912,1084,3,0
3108b,20912,1086,4,0
5303b,20912,1087,5,0
1485b,20912,1087,6,0
1035b,20912,1088,7,0
809b,20912,1089,8,0
5302b,20912,1089,9,0
3581b,20912,1091,10,0
2104b,20912,1091,11,0
7743b,20912,1092,12,0
490b,20912,1093,13,0
1969b,20912,1094,14,0
3144b,20912,1095,15,0
1285b,20912,1096,16,0
1289b,20912,1097,17,0
2736b,20912,1099,18,0
2737b,20912,1100,19,0
5807b,20912,1101,20,0
5810b,20912,1102,21,0
5811b,20912,1103,22,0
2787b,20912,1104,23,0
5286b,20912,1106,24,0
1569b,20912,1108,25,0
1568b,20912,1109,26,0
2948b,20912,1111,27,0
3214b,20912,1111,28,0
594b,20912,1112,29,0
3212b,20912,1113,30,0
1366b,20912,1114,31,0
814b,20912,1115,32,0
1957b,20912,1116,33,0
3215b,20912,1117,34,0
5837b,20912,1119,35,0
5815b,20912,1121,36,0
5378b,20912,1123,37,0
5376b,20912,1124,38,0
3130b,20912,1126,39,0
547b,20912,1126,40,0
3131b,20912,1128,41,0
374b,20912,1129,42,0
1310b,20912,1130,43,0
6467b,20912,1131,44,0
6461b,20912,1132,45,0
2467b,20912,1134,46,1
2467b,8776,640,1,0
644b,8776,640,2,0
694b,8776,641,3,0
194b,8776,642,4,0
2684b,8776,643,5,0
5375b,8776,644,6,0
5377b,8776,645,7,0
5284b,8776,647,8,0
5814b,8776,648,9,0
5813b,8776,649,10,0
1466b,8776,649,11,0
463b,8776,650,12,0
3213b,8776,651,13,0
258b,8776,652,14,0
249b,8776,653,15,0
1580b,8776,654,16,0
2524b,8776,654,17,0
3252b,8776,655,18,0
5285b,8776,657,19,0
5812b,8776,658,20,0
5809b,8776,658,21,0
5808b,8776,659,22,0
2757b,8776,660,23,0
1153b,8776,662,24,0
1497b,8776,662,25,0
2798b,8776,663,26,0
1293b,8776,663,27,0
808b,8776,664,28,0
2733b,8776,665,29,0
1007b,8776,665,30,0
7742b,8776,667,31,0
1687b,8776,667,32,0
5300b,8776,668,33,0
5301b,8776,669,34,0
1086b,8776,670,35,0
344b,8776,670,36,0
1470b,8776,671,37,0
928b,8776,673,38,0
3107b,8776,673,39,0
3347b,8776,676,40,0
5624b,8776,676,41,0
6408b,8776,678,42,0
2631b,8776,679,43,1
2631b,6168,485,1,0
1663b,6168,486,2,0
830b,6168,488,3,0
3108b,6168,490,4,0
5303b,6168,491,5,0
1485b,6168,491,6,0
1035b,6168,492,7,0
809b,6168,492,8,0
5302b,6168,493,9,0
3581b,6168,494,10,0
2104b,6168,494,11,0
7743b,6168,494,12,0
490b,6168,495,13,0
1969b,6168,496,14,0
3144b,6168,496,15,0
1285b,6168,497,16,0
1289b,6168,498,17,0
2736b,6168,499,18,0
2737b,6168,499,19,0
5807b,6168,501,20,0
5810b,6168,501,21,0
5811b,6168,502,22,0
2787b,6168,503,23,0
5286b,6168,504,24,0
1569b,6168,505,25,0
1568b,6168,505,26,0
2948b,6168,507,27,0
3214b,6168,507,28,0
594b,6168,508,29,0
3212b,6168,509,30,0
1366b,6168,510,31,0
814b,6168,511,32,0
1957b,6168,511,33,0
3215b,6168,512,34,0
5837b,6168,514,35,0
5815b,6168,515,36,0
5378b,6168,517,37,0
5376b,6168,517,38,0
3130b,6168,519,39,0
547b,6168,519,40,0
3131b,6168,520,41,0
374b,6168,521,42,0
1310b,6168,522,43,0
6467b,6168,523,44,0
6461b,6168,524,45,0
2467b,6168,525,46,1
2631b,17434,875,1,0
1663b,17434,876,2,0
830b,17434,878,3,0
3108b,17434,880,4,0
5303b,17434,881,5,0
1485b,17434,881,6,0
1035b,17434,882,7,0
809b,17434,882,8,0
5302b,17434,883,9,0
3581b,17434,884,10,0
2104b,17434,884,11,0
7743b,17434,884,12,0
490b,17434,885,13,0
1969b,17434,886,14,0
3144b,17434,886,15,0
1285b,17434,887,16,0
1289b,17434,888,17,0
2736b,17434,889,18,0
2737b,17434,889,19,0
5807b,17434,891,20,0
5810b,17434,891,21,0
5811b,17434,892,22,0
2787b,17434,893,23,0
5286b,17434,894,24,0
1569b,17434,895,25,0
1568b,17434,895,26,0
2948b,17434,897,27,0
3214b,17434,897,28,0
594b,17434,898,29,0
3212b,17434,899,30,0
1366b,17434,900,31,0
814b,17434,901,32,0
1957b,17434,901,33,0
3215b,17434,902,34,0
5837b,17434,904,35,0
5815b,17434,905,36,0
5378b,17434,907,37,0
5376b,17434,907,38,0
3130b,17434,909,39,0
547b,17434,909,40,0
3131b,17434,910,41,0
374b,17434,911,42,0
1310b,17434,912,43,0
6467b,17434,913,44,0
6461b,17434,914,45,0
2467b,17434,915,46,1
2467b,15008,980,1,0
644b,15008,980,2,0
694b,15008,981,3,0
194b,15008,982,4,0
2684b,15008,983,5,0
5375b,15008,984,6,0
5377b,15008,985,7,0
5284b,15008,987,8,0
5814b,15008,988,9,0
5813b,15008,989,10,0
1466b,15008,990,11,0
463b,15008,991,12,0
3213b,15008,992,13,0
258b,15008,993,14,0
249b,15008,994,15,0
1580b,15008,995,16,0
2524b,15008,996,17,0
3252b,15008,997,18,0
5285b,15008,999,19,0
5812b,15008,1000,20,0
5809b,15008,1001,21,0
5808b,15008,1002,22,0
2757b,15008,1003,23,0
1153b,15008,1005,24,0
1497b,15008,1005,25,0
2798b,15008,1006,26,0
1293b,15008,1006,27,0
808b,15008,1007,28,0
2733b,15008,1008,29,0
1007b,15008,1009,30,0
7742b,15008,1010,31,0
1687b,15008,1011,32,0
5300b,15008,1012,33,0
5301b,15008,1013,34,0
1086b,15008,1014,35,0
344b,15008,1014,36,0
1470b,15008,1015,37,0
928b,15008,1017,38,0
3107b,15008,1017,39,0
3347b,15008,1021,40,0
5624b,15008,1021,41,0
6408b,15008,1023,42,0
2631b,15008,1024,43,1
2631b,17641,1055,1,0
1663b,17641,1056,2,0
830b,17641,1058,3,0
3108b,17641,1060,4,0
5303b,17641,1061,5,0
1485b,17641,1061,6,0
1035b,17641,1062,7,0
809b,17641,1063,8,0
5302b,17641,1063,9,0
3581b,17641,1065,10,0
2104b,17641,1065,11,0
7743b,17641,1065,12,0
490b,17641,1066,13,0
1969b,17641,1067,14,0
3144b,17641,1067,15,0
1285b,17641,1068,16,0
1289b,17641,1069,17,0
2736b,17641,1070,18,0
2737b,17641,1070,19,0
5807b,17641,1072,20,0
5810b,17641,1072,21,0
5811b,17641,1073,22,0
2787b,17641,1074,23,0
5286b,17641,1075,24,0
1569b,17641,1076,25,0
1568b,17641,1076,26,0
2948b,17641,1078,27,0
3214b,17641,1078,28,0
594b,17641,1079,29,0
3212b,17641,1080,30,0
1366b,17641,1080,31,0
814b,17641,1081,32,0
1957b,17641,1082,33,0
3215b,17641,1082,34,0
5837b,17641,1084,35,0
5815b,17641,1085,36,0
5378b,17641,1087,37,0
5376b,17641,1087,38,0
3130b,17641,1089,39,0
547b,17641,1089,40,0
3131b,17641,1090,41,0
374b,17641,1091,42,0
1310b,17641,1092,43,0
6467b,17641,1093,44,0
6461b,17641,1094,45,0
2467b,17641,1095,46,1
2631b,27217,435,1,0
1663b,27217,435,2,0
830b,27217,437,3,0
3108b,27217,439,4,0
5303b,27217,440,5,0
1485b,27217,440,6,0
1035b,27217,441,7,0
809b,27217,442,8,0
5302b,27217,442,9,0
3581b,27217,444,10,0
2104b,27217,444,11,0
7743b,27217,445,12,0
490b,27217,446,13,0
1969b,27217,447,14,0
3144b,27217,448,15,0
1285b,27217,449,16,0
1289b,27217,450,17,0
2736b,27217,452,18,0
2737b,27217,453,19,0
5807b,27217,454,20,0
5810b,27217,455,21,0
5811b,27217,456,22,0
2787b,27217,457,23,0
5286b,27217,459,24,0
1569b,27217,461,25,0
1568b,27217,462,26,0
2948b,27217,464,27,0
3214b,27217,464,28,0
594b,27217,465,29,0
3212b,27217,466,30,0
1366b,27217,467,31,0
814b,27217,468,32,0
1957b,27217,468,33,0
3215b,27217,469,34,0
5837b,27217,471,35,0
5815b,27217,473,36,0
5378b,27217,475,37,0
5376b,27217,476,38,0
3130b,27217,478,39,0
547b,27217,478,40,0
3131b,27217,480,41,0
374b,27217,481,42,0
1310b,27217,482,43,0
6467b,27217,483,44,0
6461b,27217,484,45,0
2467b,27217,486,46,1
2631b,6677,630,1,0
1663b,6677,631,2,0
830b,6677,633,3,0
3108b,6677,635,4,0
5303b,6677,636,5,0
1485b,6677,636,6,0
1035b,6677,637,7,0
809b,6677,637,8,0
5302b,6677,638,9,0
3581b,6677,639,10,0
2104b,6677,639,11,0
7743b,6677,639,12,0
490b,6677,640,13,0
1969b,6677,641,14,0
3144b,6677,641,15,0
1285b,6677,642,16,0
1289b,6677,643,17,0
2736b,6677,644,18,0
2737b,6677,644,19,0
5807b,6677,646,20,0
5810b,6677,646,21,0
5811b,6677,647,22,0
2787b,6677,648,23,0
5286b,6677,649,24,0
1569b,6677,650,25,0
1568b,6677,650,26,0
2948b,6677,652,27,0
3214b,6677,652,28,0
594b,6677,653,29,0
3212b,6677,654,30,0
1366b,6677,655,31,0
814b,6677,656,32,0
1957b,6677,656,33,0
3215b,6677,657,34,0
5837b,6677,659,35,0
5815b,6677,660,36,0
5378b,6677,662,37,0
5376b,6677,662,38,0
3130b,6677,664,39,0
547b,6677,664,40,0
3131b,6677,665,41,0
374b,6677,666,42,0
1310b,6677,667,43,0
6467b,6677,668,44,0
6461b,6677,669,45,0
2467b,6677,670,46,1
2631b,6884,700,1,0
1663b,6884,701,2,0
830b,6884,703,3,0
3108b,6884,705,4,0
5303b,6884,706,5,0
1485b,6884,706,6,0
1035b,6884,707,7,0
809b,6884,707,8,0
5302b,6884,708,9,0
3581b,6884,709,10,0
2104b,6884,709,11,0
7743b,6884,709,12,0
490b,6884,710,13,0
1969b,6884,711,14,0
3144b,6884,711,15,0
1285b,6884,712,16,0
1289b,6884,713,17,0
2736b,6884,714,18,0
2737b,6884,714,19,0
5807b,6884,716,20,0
5810b,6884,716,21,0
5811b,6884,717,22,0
2787b,6884,718,23,0
5286b,6884,719,24,0
1569b,6884,720,25,0
1568b,6884,720,26,0
2948b,6884,722,27,0
3214b,6884,722,28,0
594b,6884,723,29,0
3212b,6884,724,30,0
1366b,6884,725,31,0
814b,6884,726,32,0
1957b,6884,726,33,0
3215b,6884,727,34,0
5837b,6884,729,35,0
5815b,6884,730,36,0
5378b,6884,732,37,0
5376b,6884,732,38,0
3130b,6884,734,39,0
547b,6884,734,40,0
3131b,6884,735,41,0
374b,6884,736,42,0
1310b,6884,737,43,0
6467b,6884,738,44,0
6461b,6884,739,45,0
2467b,6884,740,46,1
2631b,27609,520,1,0
1663b,27609,521,2,0
830b,27609,523,3,0
3108b,27609,525,4,0
5303b,27609,526,5,0
1485b,27609,526,6,0
1035b,27609,527,7,0
809b,27609,527,8,0
5302b,27609,528,9,0
3581b,27609,529,10,0
2104b,27609,529,11,0
7743b,27609,529,12,0
490b,27609,530,13,0
1969b,27609,531,14,0
3144b,27609,531,15,0
1285b,27609,532,16,0
1289b,27609,533,17,0
2736b,27609,534,18,0
2737b,27609,534,19,0
5807b,27609,536,20,0
5810b,27609,536,21,0
5811b,27609,537,22,0
2787b,27609,538,23,0
5286b,27609,539,24,0
1569b,27609,540,25,0
1568b,27609,540,26,0
2948b,27609,542,27,0
3214b,27609,542,28,0
594b,27609,543,29,0
3212b,27609,544,30,0
1366b,27609,545,31,0
814b,27609,546,32,0
1957b,27609,546,33,0
3215b,27609,547,34,0
5837b,27609,549,35,0
5815b,27609,550,36,0
5378b,27609,552,37,0
5376b,27609,552,38,0
3130b,27609,554,39,0
547b,27609,554,40,0
3131b,27609,555,41,0
374b,27609,556,42,0
1310b,27609,557,43,0
6467b,27609,558,44,0
6461b,27609,559,45,0
2467b,27609,560,46,1
2467b,4410,715,1,0
644b,4410,715,2,0
694b,4410,716,3,0
194b,4410,717,4,0
2684b,4410,718,5,0
5375b,4410,719,6,0
5377b,4410,720,7,0
5284b,4410,722,8,0
5814b,4410,723,9,0
5813b,4410,724,10,0
1466b,4410,724,11,0
463b,4410,725,12,0
3213b,4410,726,13,0
258b,4410,727,14,0
249b,4410,728,15,0
1580b,4410,729,16,0
2524b,4410,729,17,0
3252b,4410,730,18,0
5285b,4410,732,19,0
5812b,4410,733,20,0
5809b,4410,733,21,0
5808b,4410,734,22,0
2757b,4410,735,23,0
1153b,4410,737,24,0
1497b,4410,737,25,0
2798b,4410,738,26,0
1293b,4410,738,27,0
808b,4410,739,28,0
2733b,4410,740,29,0
1007b,4410,740,30,0
7742b,4410,742,31,0
1687b,4410,742,32,0
5300b,4410,743,33,0
5301b,4410,744,34,0
1086b,4410,745,35,0
344b,4410,745,36,0
1470b,4410,746,37,0
928b,4410,748,38,0
3107b,4410,748,39,0
3347b,4410,751,40,0
5624b,4410,751,41,0
6408b,4410,753,42,0
2631b,4410,754,43,1
2467b,4440,900,1,0
644b,4440,900,2,0
694b,4440,901,3,0
194b,4440,902,4,0
2684b,4440,903,5,0
5375b,4440,904,6,0
5377b,4440,905,7,0
5284b,4440,907,8,0
5814b,4440,908,9,0
5813b,4440,909,10,0
1466b,4440,909,11,0
463b,4440,910,12,0
3213b,4440,911,13,0
258b,4440,912,14,0
249b,4440,913,15,0
1580b,4440,914,16,0
2524b,4440,914,17,0
3252b,4440,915,18,0
5285b,4440,917,19,0
5812b,4440,918,20,0
5809b,4440,918,21,0
5808b,4440,919,22,0
2757b,4440,920,23,0
1153b,4440,922,24,0
1497b,4440,922,25,0
2798b,4440,923,26,0
1293b,4440,923,27,0
808b,4440,924,28,0
2733b,4440,925,29,0
1007b,4440,925,30,0
7742b,4440,927,31,0
1687b,4440,927,32,0
5300b,4440,928,33,0
5301b,4440,929,34,0
1086b,4440,930,35,0
344b,4440,930,36,0
1470b,4440,931,37,0
928b,4440,933,38,0
3107b,4440,933,39,0
3347b,4440,936,40,0
5624b,4440,936,41,0
6408b,4440,938,42,0
2631b,4440,939,43,1
2467b,15814,615,1,0
644b,15814,615,2,0
694b,15814,616,3,0
194b,15814,617,4,0
2684b,15814,618,5,0
5375b,15814,618,6,0
5377b,15814,619,7,0
5284b,15814,621,8,0
5814b,15814,622,9,0
5813b,15814,623,10,0
1466b,15814,623,11,0
463b,15814,624,12,0
3213b,15814,625,13,0
258b,15814,626,14,0
249b,15814,627,15,0
1580b,15814,628,16,0
2524b,15814,628,17,0
3252b,15814,629,18,0
5285b,15814,631,19,0
5812b,15814,632,20,0
5809b,15814,632,21,0
5808b,15814,633,22,0
2757b,15814,634,23,0
1153b,15814,636,24,0
1497b,15814,636,25,0
2798b,15814,636,26,0
1293b,15814,637,27,0
808b,15814,638,28,0
2733b,15814,638,29,0
1007b,15814,639,30,0
7742b,15814,640,31,0
1687b,15814,640,32,0
5300b,15814,641,33,0
5301b,15814,641,34,0
1086b,15814,642,35,0
344b,15814,643,36,0
1470b,15814,644,37,0
928b,15814,645,38,0
3107b,15814,645,39,0
3347b,15814,648,40,0
5624b,15814,649,41,0
6408b,15814,651,42,0
2631b,15814,652,43,1
2631b,4660,850,1,0
1663b,4660,850,2,0
830b,4660,852,3,0
3108b,4660,854,4,0
5303b,4660,855,5,0
1485b,4660,855,6,0
1035b,4660,856,7,0
809b,4660,857,8,0
5302b,4660,857,9,0
3581b,4660,859,10,0
2104b,4660,859,11,0
7743b,4660,860,12,0
490b,4660,861,13,0
1969b,4660,862,14,0
3144b,4660,862,15,0
1285b,4660,864,16,0
1289b,4660,864,17,0
2736b,4660,866,18,0
2737b,4660,866,19,0
5807b,4660,868,20,0
5810b,4660,868,21,0
5811b,4660,869,22,0
2787b,4660,870,23,0
5286b,4660,871,24,0
1569b,4660,872,25,0
1568b,4660,873,26,0
2948b,4660,875,27,0
3214b,4660,875,28,0
594b,4660,876,29,0
3212b,4660,877,30,0
1366b,4660,878,31,0
814b,4660,879,32,0
1957b,4660,879,33,0
3215b,4660,880,34,0
5837b,4660,882,35,0
5815b,4660,883,36,0
5378b,4660,885,37,0
5376b,4660,886,38,0
3130b,4660,888,39,0
547b,4660,888,40,0
3131b,4660,889,41,0
374b,4660,890,42,0
1310b,4660,891,43,0
6467b,4660,892,44,0
6461b,4660,893,45,0
2467b,4660,894,46,1
2467b,13322,790,1,0
644b,13322,790,2,0
694b,13322,791,3,0
194b,13322,792,4,0
2684b,13322,793,5,0
5375b,13322,793,6,0
5377b,13322,794,7,0
5284b,13322,796,8,0
5814b,13322,797,9,0
5813b,13322,798,10,0
1466b,13322,798,11,0
463b,13322,799,12,0
3213b,13322,800,13,0
258b,13322,801,14,0
249b,13322,802,15,0
1580b,13322,803,16,0
2524b,13322,803,17,0
3252b,13322,804,18,0
5285b,13322,806,19,0
5812b,13322,806,20,0
5809b,13322,807,21,0
5808b,13322,808,22,0
2757b,13322,809,23,0
1153b,13322,810,24,0
1497b,13322,810,25,0
2798b,13322,811,26,0
1293b,13322,811,27,0
808b,13322,812,28,0
2733b,13322,813,29,0
1007b,13322,813,30,0
7742b,13322,815,31,0
1687b,13322,815,32,0
5300b,13322,816,33,0
5301b,13322,816,34,0
1086b,13322,817,35,0
344b,13322,818,36,0
1470b,13322,819,37,0
928b,13322,820,38,0
3107b,13322,820,39,0
3347b,13322,823,40,0
5624b,13322,824,41,0
6408b,13322,826,42,0
2631b,13322,827,43,1
2631b,27970,665,1,0
1663b,27970,666,2,0
830b,27970,668,3,0
3108b,27970,670,4,0
5303b,27970,671,5,0
1485b,27970,671,6,0
1035b,27970,672,7,0
809b,27970,672,8,0
5302b,27970,673,9,0
3581b,27970,674,10,0
2104b,27970,674,11,0
7743b,27970,674,12,0
490b,27970,675,13,0
1969b,27970,676,14,0
3144b,27970,676,15,0
1285b,27970,677,16,0
1289b,27970,678,17,0
2736b,27970,679,18,0
2737b,27970,679,19,0
5807b,27970,681,20,0
5810b,27970,681,21,0
5811b,27970,682,22,0
2787b,27970,683,23,0
5286b,27970,684,24,0
1569b,27970,685,25,0
1568b,27970,685,26,0
2948b,27970,687,27,0
3214b,27970,687,28,0
594b,27970,688,29,0
3212b,27970,689,30,0
1366b,27970,690,31,0
814b,27970,691,32,0
1957b,27970,691,33,0
3215b,27970,692,34,0
5837b,27970,694,35,0
5815b,27970,695,36,0
5378b,27970,697,37,0
5376b,27970,697,38,0
3130b,27970,699,39,0
547b,27970,699,40,0
3131b,27970,700,41,0
374b,27970,701,42,0
1310b,27970,702,43,0
6467b,27970,703,44,0
6461b,27970,704,45,0
2467b,27970,705,46,1
2631b,25507,770,1,0
1663b,25507,771,2,0
830b,25507,773,3,0
3108b,25507,775,4,0
5303b,25507,776,5,0
1485b,25507,776,6,0
1035b,25507,777,7,0
809b,25507,777,8,0
5302b,25507,778,9,0
3581b,25507,779,10,0
2104b,25507,779,11,0
7743b,25507,779,12,0
490b,25507,780,13,0
1969b,25507,781,14,0
3144b,25507,781,15,0
1285b,25507,782,16,0
1289b,25507,783,17,0
2736b,25507,784,18,0
2737b,25507,784,19,0
5807b,25507,786,20,0
5810b,25507,786,21,0
5811b,25507,787,22,0
2787b,25507,788,23,0
5286b,25507,789,24,0
1569b,25507,790,25,0
1568b,25507,790,26,0
2948b,25507,792,27,0
3214b,25507,792,28,0
594b,25507,793,29,0
3212b,25507,794,30,0
1366b,25507,795,31,0
814b,25507,796,32,0
1957b,25507,796,33,0
3215b,25507,797,34,0
5837b,25507,799,35,0
5815b,25507,800,36,0
5378b,25507,802,37,0
5376b,25507,802,38,0
3130b,25507,804,39,0
547b,25507,804,40,0
3131b,25507,805,41,0
374b,25507,806,42,0
1310b,25507,807,43,0
6467b,25507,808,44,0
6461b,25507,809,45,0
2467b,25507,810,46,1
2631b,25509,745,1,0
1663b,25509,745,2,0
830b,25509,747,3,0
3108b,25509,749,4,0
5303b,25509,750,5,0
1485b,25509,750,6,0
1035b,25509,751,7,0
809b,25509,752,8,0
5302b,25509,752,9,0
3581b,25509,754,10,0
2104b,25509,754,11,0
7743b,25509,755,12,0
490b,25509,756,13,0
1969b,25509,757,14,0
3144b,25509,757,15,0
1285b,25509,759,16,0
1289b,25509,759,17,0
2736b,25509,761,18,0
2737b,25509,761,19,0
5807b,25509,763,20,0
5810b,25509,763,21,0
5811b,25509,764,22,0
2787b,25509,765,23,0
5286b,25509,766,24,0
1569b,25509,767,25,0
1568b,25509,768,26,0
2948b,25509,770,27,0
3214b,25509,770,28,0
594b,25509,771,29,0
3212b,25509,772,30,0
1366b,25509,773,31,0
814b,25509,774,32,0
1957b,25509,775,33,0
3215b,25509,776,34,0
5837b,25509,778,35,0
5815b,25509,779,36,0
5378b,25509,781,37,0
5376b,25509,782,38,0
3130b,25509,784,39,0
547b,25509,784,40,0
3131b,25509,785,41,0
374b,25509,786,42,0
1310b,25509,787,43,0
6467b,25509,788,44,0
6461b,25509,789,45,0
2467b,25509,790,46,1
2467b,2183,1185,1,0
644b,2183,1185,2,0
694b,2183,1186,3,0
194b,2183,1187,4,0
2684b,2183,1188,5,0
5375b,2183,1188,6,0
5377b,2183,1189,7,0
5284b,2183,1191,8,0
5814b,2183,1192,9,0
5813b,2183,1192,10,0
1466b,2183,1193,11,0
463b,2183,1194,12,0
3213b,2183,1195,13,0
258b,2183,1195,14,0
249b,2183,1196,15,0
1580b,2183,1197,16,0
2524b,2183,1197,17,0
3252b,2183,1198,18,0
5285b,2183,1200,19,0
5812b,2183,1200,20,0
5809b,2183,1201,21,0
5808b,2183,1202,22,0
2757b,2183,1203,23,0
1153b,2183,1204,24,0
1497b,2183,1204,25,0
2798b,2183,1205,26,0
1293b,2183,1205,27,0
808b,2183,1206,28,0
2733b,2183,1207,29,0
1007b,2183,1207,30,0
7742b,2183,1209,31,0
1687b,2183,1209,32,0
5300b,2183,1210,33,0
5301b,2183,1210,34,0
1086b,2183,1211,35,0
344b,2183,1212,36,0
1470b,2183,1213,37,0
928b,2183,1214,38,0
3107b,2183,1214,39,0
3347b,2183,1217,40,0
5624b,2183,1218,41,0
6408b,2183,1220,42,0
2631b,2183,1221,43,1
2631b,13512,590,1,0
1663b,13512,590,2,0
830b,13512,592,3,0
3108b,13512,594,4,0
5303b,13512,595,5,0
1485b,13512,595,6,0
1035b,13512,596,7,0
809b,13512,597,8,0
5302b,13512,597,9,0
3581b,13512,599,10,0
2104b,13512,599,11,0
7743b,13512,600,12,0
490b,13512,601,13,0
1969b,13512,602,14,0
3144b,13512,603,15,0
1285b,13512,604,16,0
1289b,13512,605,17,0
2736b,13512,607,18,0
2737b,13512,607,19,0
5807b,13512,609,20,0
5810b,13512,609,21,0
5811b,13512,610,22,0
2787b,13512,611,23,0
5286b,13512,612,24,0
1569b,13512,613,25,0
1568b,13512,614,26,0
2948b,13512,616,27,0
3214b,13512,616,28,0
594b,13512,617,29,0
3212b,13512,618,30,0
1366b,13512,618,31,0
814b,13512,619,32,0
1957b,13512,620,33,0
3215b,13512,620,34,0
5837b,13512,622,35,0
5815b,13512,623,36,0
5378b,13512,625,37,0
5376b,13512,626,38,0
3130b,13512,628,39,0
547b,13512,628,40,0
3131b,13512,629,41,0
374b,13512,630,42,0
1310b,13512,631,43,0
6467b,13512,632,44,0
6461b,13512,633,45,0
2467b,13512,634,46,1
2631b,25572,400,1,0
1663b,25572,400,2,0
830b,25572,402,3,0
3108b,25572,404,4,0
5303b,25572,405,5,0
1485b,25572,405,6,0
1035b,25572,406,7,0
809b,25572,407,8,0
5302b,25572,407,9,0
3581b,25572,409,10,0
2104b,25572,409,11,0
7743b,25572,409,12,0
490b,25572,411,13,0
1969b,25572,411,14,0
3144b,25572,412,15,0
1285b,25572,413,16,0
1289b,25572,413,17,0
2736b,25572,415,18,0
2737b,25572,415,19,0
5807b,25572,417,20,0
5810b,25572,417,21,0
5811b,25572,418,22,0
2787b,25572,419,23,0
5286b,25572,420,24,0
1569b,25572,421,25,0
1568b,25572,422,26,0
2948b,25572,424,27,0
3214b,25572,424,28,0
594b,25572,425,29,0
3212b,25572,426,30,0
1366b,25572,427,31,0
814b,25572,428,32,0
1957b,25572,428,33,0
3215b,25572,429,34,0
5837b,25572,431,35,0
5815b,25572,432,36,0
5378b,25572,434,37,0
5376b,25572,434,38,0
3130b,25572,436,39,0
547b,25572,436,40,0
3131b,25572,437,41,0
374b,25572,438,42,0
1310b,25572,439,43,0
6467b,25572,440,44,0
6461b,25572,441,45,0
2467b,25572,443,46,1
2467b,2477,1000,1,0
644b,2477,1000,2,0
694b,2477,1001,3,0
194b,2477,1002,4,0
2684b,2477,1003,5,0
5375b,2477,1003,6,0
5377b,2477,1004,7,0
5284b,2477,1006,8,0
5814b,2477,1007,9,0
5813b,2477,1008,10,0
1466b,2477,1008,11,0
463b,2477,1009,12,0
3213b,2477,1010,13,0
258b,2477,1011,14,0
249b,2477,1012,15,0
1580b,2477,1013,16,0
2524b,2477,1013,17,0
3252b,2477,1014,18,0
5285b,2477,1016,19,0
5812b,2477,1017,20,0
5809b,2477,1017,21,0
5808b,2477,1018,22,0
2757b,2477,1019,23,0
1153b,2477,1021,24,0
1497b,2477,1021,25,0
2798b,2477,1022,26,0
1293b,2477,1022,27,0
808b,2477,1023,28,0
2733b,2477,1024,29,0
1007b,2477,1024,30,0
7742b,2477,1026,31,0
1687b,2477,1026,32,0
5300b,2477,1027,33,0
5301b,2477,1027,34,0
1086b,2477,1028,35,0
344b,2477,1029,36,0
1470b,2477,1030,37,0
928b,2477,1031,38,0
3107b,2477,1031,39,0
3347b,2477,1034,40,0
5624b,2477,1035,41,0
6408b,2477,1037,42,0
2631b,2477,1038,43,1
2467b,23315,755,1,0
644b,23315,755,2,0
694b,23315,756,3,0
194b,23315,757,4,0
2684b,23315,758,5,0
5375b,23315,759,6,0
5377b,23315,760,7,0
5284b,23315,762,8,0
5814b,23315,763,9,0
5813b,23315,764,10,0
1466b,23315,764,11,0
463b,23315,765,12,0
3213b,23315,766,13,0
258b,23315,767,14,0
249b,23315,768,15,0
1580b,23315,769,16,0
2524b,23315,769,17,0
3252b,23315,770,18,0
5285b,23315,772,19,0
5812b,23315,773,20,0
5809b,23315,773,21,0
5808b,23315,774,22,0
2757b,23315,775,23,0
1153b,23315,777,24,0
1497b,23315,777,25,0
2798b,23315,778,26,0
1293b,23315,778,27,0
808b,23315,779,28,0
2733b,23315,780,29,0
1007b,23315,780,30,0
7742b,23315,782,31,0
1687b,23315,782,32,0
5300b,23315,783,33,0
5301b,23315,784,34,0
1086b,23315,785,35,0
344b,23315,785,36,0
1470b,23315,786,37,0
928b,23315,788,38,0
3107b,23315,788,39,0
3347b,23315,791,40,0
5624b,23315,791,41,0
6408b,23315,793,42,0
2631b,23315,794,43,1
2467b,2906,492,1,0
644b,2906,492,2,0
694b,2906,493,3,0
194b,2906,494,4,0
2684b,2906,495,5,0
5375b,2906,496,6,0
5377b,2906,498,7,0
5284b,2906,501,8,0
5814b,2906,502,9,0
5813b,2906,503,10,0
1466b,2906,504,11,0
463b,2906,505,12,0
3213b,2906,506,13,0
258b,2906,507,14,0
249b,2906,508,15,0
1580b,2906,509,16,0
2524b,2906,510,17,0
3252b,2906,512,18,0
5285b,2906,514,19,0
5812b,2906,515,20,0
5809b,2906,516,21,0
5808b,2906,517,22,0
2757b,2906,518,23,0
1153b,2906,520,24,0
1497b,2906,520,25,0
2798b,2906,521,26,0
1293b,2906,521,27,0
808b,2906,522,28,0
2733b,2906,523,29,0
1007b,2906,524,30,0
7742b,2906,525,31,0
1687b,2906,526,32,0
5300b,2906,527,33,0
5301b,2906,528,34,0
1086b,2906,529,35,0
344b,2906,529,36,0
1470b,2906,530,37,0
928b,2906,532,38,0
3107b,2906,532,39,0
3347b,2906,536,40,0
5624b,2906,537,41,0
6408b,2906,539,42,0
2631b,2906,540,43,1
2467b,11766,865,1,0
644b,11766,865,2,0
694b,11766,866,3,0
194b,11766,867,4,0
2684b,11766,868,5,0
5375b,11766,869,6,0
5377b,11766,870,7,0
5284b,11766,872,8,0
5814b,11766,873,9,0
5813b,11766,874,10,0
1466b,11766,874,11,0
463b,11766,875,12,0
3213b,11766,876,13,0
258b,11766,877,14,0
249b,11766,878,15,0
1580b,11766,879,16,0
2524b,11766,879,17,0
3252b,11766,880,18,0
5285b,11766,882,19,0
5812b,11766,883,20,0
5809b,11766,883,21,0
5808b,11766,884,22,0
2757b,11766,885,23,0
1153b,11766,887,24,0
1497b,11766,887,25,0
2798b,11766,888,26,0
1293b,11766,888,27,0
808b,11766,889,28,0
2733b,11766,890,29,0
1007b,11766,890,30,0
7742b,11766,892,31,0
1687b,11766,892,32,0
5300b,11766,893,33,0
5301b,11766,894,34,0
1086b,11766,895,35,0
344b,11766,895,36,0
1470b,11766,896,37,0
928b,11766,898,38,0
3107b,11766,898,39,0
3347b,11766,901,40,0
5624b,11766,901,41,0
6408b,11766,903,42,0
2631b,11766,904,43,1
2467b,21091,1105,1,0
644b,21091,1105,2,0
694b,21091,1106,3,0
194b,21091,1107,4,0
2684b,21091,1108,5,0
5375b,21091,1109,6,0
5377b,21091,1110,7,0
5284b,21091,1112,8,0
5814b,21091,1113,9,0
5813b,21091,1114,10,0
1466b,21091,1115,11,0
463b,21091,1116,12,0
3213b,21091,1117,13,0
258b,21091,1118,14,0
249b,21091,1119,15,0
1580b,21091,1120,16,0
2524b,21091,1121,17,0
3252b,21091,1122,18,0
5285b,21091,1124,19,0
5812b,21091,1125,20,0
5809b,21091,1125,21,0
5808b,21091,1126,22,0
2757b,21091,1127,23,0
1153b,21091,1129,24,0
1497b,21091,1129,25,0
2798b,21091,1130,26,0
1293b,21091,1130,27,0
808b,21091,1131,28,0
2733b,21091,1132,29,0
1007b,21091,1133,30,0
7742b,21091,1134,31,0
1687b,21091,1135,32,0
5300b,21091,1136,33,0
5301b,21091,1137,34,0
1086b,21091,1138,35,0
344b,21091,1138,36,0
1470b,21091,1139,37,0
928b,21091,1141,38,0
3107b,21091,1141,39,0
3347b,21091,1146,40,0
5624b,21091,1146,41,0
6408b,21091,1148,42,0
2631b,21091,1149,43,1
2467b,23935,1110,1,0
644b,23935,1110,2,0
694b,23935,1111,3,0
194b,23935,1112,4,0
2684b,23935,1113,5,0
5375b,23935,1113,6,0
5377b,23935,1114,7,0
5284b,23935,1116,8,0
5814b,23935,1117,9,0
5813b,23935,1117,10,0
1466b,23935,1118,11,0
463b,23935,1119,12,0
3213b,23935,1120,13,0
258b,23935,1120,14,0
249b,23935,1121,15,0
1580b,23935,1122,16,0
2524b,23935,1122,17,0
3252b,23935,1123,18,0
5285b,23935,1125,19,0
5812b,23935,1125,20,0
5809b,23935,1126,21,0
5808b,23935,1127,22,0
2757b,23935,1128,23,0
1153b,23935,1129,24,0
1497b,23935,1129,25,0
2798b,23935,1130,26,0
1293b,23935,1130,27,0
808b,23935,1131,28,0
2733b,23935,1132,29,0
1007b,23935,1132,30,0
7742b,23935,1134,31,0
1687b,23935,1134,32,0
5300b,23935,1135,33,0
5301b,23935,1135,34,0
1086b,23935,1136,35,0
344b,23935,1137,36,0
1470b,23935,1138,37,0
928b,23935,1139,38,0
3107b,23935,1139,39,0
3347b,23935,1142,40,0
5624b,23935,1143,41,0
6408b,23935,1145,42,0
2631b,23935,1146,43,1
2631b,9010,1090,1,0
1663b,9010,1091,2,0
830b,9010,1093,3,0
3108b,9010,1095,4,0
5303b,9010,1096,5,0
1485b,9010,1096,6,0
1035b,9010,1097,7,0
809b,9010,1097,8,0
5302b,9010,1098,9,0
3581b,9010,1099,10,0
2104b,9010,1099,11,0
7743b,9010,1099,12,0
490b,9010,1101,13,0
1969b,9010,1101,14,0
3144b,9010,1102,15,0
1285b,9010,1103,16,0
1289b,9010,1103,17,0
2736b,9010,1105,18,0
2737b,9010,1105,19,0
5807b,9010,1107,20,0
5810b,9010,1107,21,0
5811b,9010,1108,22,0
2787b,9010,1109,23,0
5286b,9010,1110,24,0
1569b,9010,1111,25,0
1568b,9010,1111,26,0
2948b,9010,1113,27,0
3214b,9010,1113,28,0
594b,9010,1114,29,0
3212b,9010,1115,30,0
1366b,9010,1115,31,0
814b,9010,1116,32,0
1957b,9010,1117,33,0
3215b,9010,1117,34,0
5837b,9010,1119,35,0
5815b,9010,1120,36,0
5378b,9010,1122,37,0
5376b,9010,1122,38,0
3130b,9010,1124,39,0
547b,9010,1124,40,0
3131b,9010,1125,41,0
374b,9010,1126,42,0
1310b,9010,1127,43,0
6467b,9010,1128,44,0
6461b,9010,1129,45,0
2467b,9010,1130,46,1
2631b,18202,1165,1,0
1663b,18202,1166,2,0
830b,18202,1168,3,0
3108b,18202,1170,4,0
5303b,18202,1171,5,0
1485b,18202,1171,6,0
1035b,18202,1172,7,0
809b,18202,1172,8,0
5302b,18202,1173,9,0
3581b,18202,1174,10,0
2104b,18202,1174,11,0
7743b,18202,1174,12,0
490b,18202,1176,13,0
1969b,18202,1176,14,0
3144b,18202,1177,15,0
1285b,18202,1178,16,0
1289b,18202,1178,17,0
2736b,18202,1180,18,0
2737b,18202,1180,19,0
5807b,18202,1181,20,0
5810b,18202,1181,21,0
5811b,18202,1181,22,0
2787b,18202,1182,23,0
5286b,18202,1183,24,0
1569b,18202,1184,25,0
1568b,18202,1184,26,0
2948b,18202,1186,27,0
3214b,18202,1186,28,0
594b,18202,1187,29,0
3212b,18202,1188,30,0
1366b,18202,1188,31,0
814b,18202,1189,32,0
1957b,18202,1190,33,0
3215b,18202,1190,34,0
5837b,18202,1192,35,0
5815b,18202,1193,36,0
5378b,18202,1195,37,0
5376b,18202,1195,38,0
3130b,18202,1197,39,0
547b,18202,1197,40,0
3131b,18202,1198,41,0
374b,18202,1199,42,0
1310b,18202,1200,43,0
6467b,18202,1201,44,0
6461b,18202,1202,45,0
2467b,18202,1203,46,1
2631b,9649,995,1,0
1663b,9649,996,2,0
830b,9649,998,3,0
3108b,9649,1000,4,0
5303b,9649,1001,5,0
1485b,9649,1001,6,0
1035b,9649,1002,7,0
809b,9649,1003,8,0
5302b,9649,1003,9,0
3581b,9649,1005,10,0
2104b,9649,1005,11,0
7743b,9649,1006,12,0
490b,9649,1008,13,0
1969b,9649,1008,14,0
3144b,9649,1009,15,0
1285b,9649,1011,16,0
1289b,9649,1012,17,0
2736b,9649,1014,18,0
2737b,9649,1015,19,0
5807b,9649,1016,20,0
5810b,9649,1017,21,0
5811b,9649,1017,22,0
2787b,9649,1019,23,0
5286b,9649,1020,24,0
1569b,9649,1022,25,0
1568b,9649,1023,26,0
2948b,9649,1025,27,0
3214b,9649,1025,28,0
594b,9649,1026,29,0
3212b,9649,1027,30,0
1366b,9649,1028,31,0
814b,9649,1029,32,0
1957b,9649,1030,33,0
3215b,9649,1031,34,0
5837b,9649,1033,35,0
5815b,9649,1035,36,0
5378b,9649,1037,37,0
5376b,9649,1038,38,0
3130b,9649,1040,39,0
547b,9649,1040,40,0
3131b,9649,1042,41,0
374b,9649,1043,42,0
1310b,9649,1044,43,0
6467b,9649,1045,44,0
6461b,9649,1046,45,0
2467b,9649,1048,46,1
2631b,21903,1160,1,0
1663b,21903,1160,2,0
830b,21903,1162,3,0
3108b,21903,1164,4,0
5303b,21903,1165,5,0
1485b,21903,1165,6,0
1035b,21903,1166,7,0
809b,21903,1167,8,0
5302b,21903,1167,9,0
3581b,21903,1169,10,0
2104b,21903,1169,11,0
7743b,21903,1169,12,0
490b,21903,1171,13,0
1969b,21903,1171,14,0
3144b,21903,1172,15,0
1285b,21903,1173,16,0
1289b,21903,1173,17,0
2736b,21903,1175,18,0
2737b,21903,1175,19,0
5807b,21903,1177,20,0
5810b,21903,1177,21,0
5811b,21903,1178,22,0
2787b,21903,1179,23,0
5286b,21903,1180,24,0
1569b,21903,1181,25,0
1568b,21903,1182,26,0
2948b,21903,1184,27,0
3214b,21903,1184,28,0
594b,21903,1185,29,0
3212b,21903,1186,30,0
1366b,21903,1186,31,0
814b,21903,1187,32,0
1957b,21903,1188,33,0
3215b,21903,1188,34,0
5837b,21903,1190,35,0
5815b,21903,1191,36,0
5378b,21903,1193,37,0
5376b,21903,1194,38,0
3130b,21903,1196,39,0
547b,21903,1196,40,0
3131b,21903,1197,41,0
374b,21903,1198,42,0
1310b,21903,1199,43,0
6467b,21903,1200,44,0
6461b,21903,1201,45,0
2467b,21903,1202,46,1
2631b,18472,560,1,0
1663b,18472,561,2,0
830b,18472,563,3,0
3108b,18472,565,4,0
5303b,18472,566,5,0
1485b,18472,566,6,0
1035b,18472,567,7,0
809b,18472,567,8,0
5302b,18472,568,9,0
3581b,18472,569,10,0
2104b,18472,569,11,0
7743b,18472,569,12,0
490b,18472,570,13,0
1969b,18472,571,14,0
3144b,18472,571,15,0
1285b,18472,572,16,0
1289b,18472,573,17,0
2736b,18472,574,18,0
2737b,18472,574,19,0
5807b,18472,576,20,0
5810b,18472,576,21,0
5811b,18472,577,22,0
2787b,18472,578,23,0
5286b,18472,579,24,0
1569b,18472,580,25,0
1568b,18472,580,26,0
2948b,18472,582,27,0
3214b,18472,582,28,0
594b,18472,583,29,0
3212b,18472,584,30,0
1366b,18472,585,31,0
814b,18472,586,32,0
1957b,18472,586,33,0
3215b,18472,587,34,0
5837b,18472,589,35,0
5815b,18472,590,36,0
5378b,18472,592,37,0
5376b,18472,592,38,0
3130b,18472,594,39,0
547b,18472,594,40,0
3131b,18472,595,41,0
374b,18472,596,42,0
1310b,18472,597,43,0
6467b,18472,598,44,0
6461b,18472,599,45,0
2467b,18472,600,46,1
2467b,18454,755,1,0
644b,18454,755,2,0
694b,18454,756,3,0
194b,18454,757,4,0
2684b,18454,758,5,0
5375b,18454,758,6,0
5377b,18454,759,7,0
5284b,18454,761,8,0
5814b,18454,762,9,0
5813b,18454,763,10,0
1466b,18454,763,11,0
463b,18454,764,12,0
3213b,18454,765,13,0
258b,18454,766,14,0
249b,18454,767,15,0
1580b,18454,768,16,0
2524b,18454,768,17,0
3252b,18454,769,18,0
5285b,18454,771,19,0
5812b,18454,771,20,0
5809b,18454,772,21,0
5808b,18454,773,22,0
2757b,18454,774,23,0
1153b,18454,775,24,0
1497b,18454,775,25,0
2798b,18454,776,26,0
1293b,18454,776,27,0
808b,18454,777,28,0
2733b,18454,778,29,0
1007b,18454,778,30,0
7742b,18454,780,31,0
1687b,18454,780,32,0
5300b,18454,781,33,0
5301b,18454,781,34,0
1086b,18454,782,35,0
344b,18454,783,36,0
1470b,18454,784,37,0
928b,18454,785,38,0
3107b,18454,785,39,0
3347b,18454,788,40,0
5624b,18454,789,41,0
6408b,18454,791,42,0
2631b,18454,792,43,1
2631b,7124,515,1,0
1663b,7124,516,2,0
830b,7124,518,3,0
3108b,7124,520,4,0
5303b,7124,521,5,0
1485b,7124,521,6,0
1035b,7124,522,7,0
809b,7124,523,8,0
5302b,7124,523,9,0
3581b,7124,525,10,0
2104b,7124,525,11,0
7743b,7124,526,12,0
490b,7124,527,13,0
1969b,7124,528,14,0
3144b,7124,529,15,0
1285b,7124,530,16,0
1289b,7124,531,17,0
2736b,7124,533,18,0
2737b,7124,534,19,0
5807b,7124,535,20,0
5810b,7124,536,21,0
5811b,7124,536,22,0
2787b,7124,538,23,0
5286b,7124,539,24,0
1569b,7124,541,25,0
1568b,7124,542,26,0
2948b,7124,544,27,0
3214b,7124,544,28,0
594b,7124,545,29,0
3212b,7124,546,30,0
1366b,7124,547,31,0
814b,7124,548,32,0
1957b,7124,548,33,0
3215b,7124,549,34,0
5837b,7124,551,35,0
5815b,7124,552,36,0
5378b,7124,554,37,0
5376b,7124,555,38,0
3130b,7124,557,39,0
547b,7124,557,40,0
3131b,7124,559,41,0
374b,7124,560,42,0
1310b,7124,561,43,0
6467b,7124,562,44,0
6461b,7124,563,45,0
2467b,7124,565,46,1
2467b,7143,430,1,0
644b,7143,430,2,0
694b,7143,431,3,0
194b,7143,432,4,0
2684b,7143,433,5,0
5375b,7143,433,6,0
5377b,7143,434,7,0
5284b,7143,436,8,0
5814b,7143,437,9,0
5813b,7143,437,10,0
1466b,7143,438,11,0
463b,7143,439,12,0
3213b,7143,440,13,0
258b,7143,440,14,0
249b,7143,441,15,0
1580b,7143,442,16,0
2524b,7143,442,17,0
3252b,7143,443,18,0
5285b,7143,445,19,0
5812b,7143,446,20,0
5809b,7143,446,21,0
5808b,7143,447,22,0
2757b,7143,448,23,0
1153b,7143,450,24,0
1497b,7143,450,25,0
2798b,7143,450,26,0
1293b,7143,451,27,0
808b,7143,451,28,0
2733b,7143,452,29,0
1007b,7143,452,30,0
7742b,7143,453,31,0
1687b,7143,453,32,0
5300b,7143,454,33,0
5301b,7143,454,34,0
1086b,7143,455,35,0
344b,7143,456,36,0
1470b,7143,457,37,0
928b,7143,458,38,0
3107b,7143,458,39,0
3347b,7143,461,40,0
5624b,7143,462,41,0
6408b,7143,464,42,0
2631b,7143,465,43,1
2467b,18521,570,1,0
644b,18521,570,2,0
694b,18521,571,3,0
194b,18521,572,4,0
2684b,18521,573,5,0
5375b,18521,574,6,0
5377b,18521,575,7,0
5284b,18521,577,8,0
5814b,18521,578,9,0
5813b,18521,579,10,0
1466b,18521,579,11,0
463b,18521,580,12,0
3213b,18521,581,13,0
258b,18521,582,14,0
249b,18521,583,15,0
1580b,18521,584,16,0
2524b,18521,584,17,0
3252b,18521,585,18,0
5285b,18521,587,19,0
5812b,18521,588,20,0
5809b,18521,588,21,0
5808b,18521,589,22,0
2757b,18521,590,23,0
1153b,18521,592,24,0
1497b,18521,592,25,0
2798b,18521,593,26,0
1293b,18521,593,27,0
808b,18521,594,28,0
2733b,18521,595,29,0
1007b,18521,595,30,0
7742b,18521,597,31,0
1687b,18521,597,32,0
5300b,18521,598,33,0
5301b,18521,599,34,0
1086b,18521,600,35,0
344b,18521,600,36,0
1470b,18521,601,37,0
928b,18521,603,38,0
3107b,18521,603,39,0
3347b,18521,606,40,0
5624b,18521,606,41,0
6408b,18521,608,42,0
2631b,18521,609,43,1
2467b,28093,1025,1,0
644b,28093,1025,2,0
694b,28093,1026,3,0
194b,28093,1027,4,0
2684b,28093,1028,5,0
5375b,28093,1029,6,0
5377b,28093,1030,7,0
5284b,28093,1032,8,0
5814b,28093,1033,9,0
5813b,28093,1034,10,0
1466b,28093,1035,11,0
463b,28093,1036,12,0
3213b,28093,1037,13,0
258b,28093,1038,14,0
249b,28093,1039,15,0
1580b,28093,1040,16,0
2524b,28093,1041,17,0
3252b,28093,1042,18,0
5285b,28093,1044,19,0
5812b,28093,1045,20,0
5809b,28093,1046,21,0
5808b,28093,1047,22,0
2757b,28093,1048,23,0
1153b,28093,1050,24,0
1497b,28093,1050,25,0
2798b,28093,1051,26,0
1293b,28093,1051,27,0
808b,28093,1052,28,0
2733b,28093,1053,29,0
1007b,28093,1054,30,0
7742b,28093,1055,31,0
1687b,28093,1056,32,0
5300b,28093,1057,33,0
5301b,28093,1058,34,0
1086b,28093,1059,35,0
344b,28093,1059,36,0
1470b,28093,1060,37,0
928b,28093,1062,38,0
3107b,28093,1063,39,0
3347b,28093,1068,40,0
5624b,28093,1069,41,0
6408b,28093,1072,42,0
2631b,28093,1074,43,1
2631b,7324,450,1,0
1663b,7324,451,2,0
830b,7324,453,3,0
3108b,7324,455,4,0
5303b,7324,456,5,0
1485b,7324,456,6,0
1035b,7324,457,7,0
809b,7324,457,8,0
5302b,7324,458,9,0
3581b,7324,459,10,0
2104b,7324,459,11,0
7743b,7324,459,12,0
490b,7324,460,13,0
1969b,7324,461,14,0
3144b,7324,461,15,0
1285b,7324,462,16,0
1289b,7324,463,17,0
2736b,7324,464,18,0
2737b,7324,464,19,0
5807b,7324,466,20,0
5810b,7324,466,21,0
5811b,7324,467,22,0
2787b,7324,468,23,0
5286b,7324,469,24,0
1569b,7324,470,25,0
1568b,7324,470,26,0
2948b,7324,472,27,0
3214b,7324,472,28,0
594b,7324,473,29,0
3212b,7324,474,30,0
1366b,7324,475,31,0
814b,7324,476,32,0
1957b,7324,476,33,0
3215b,7324,477,34,0
5837b,7324,479,35,0
5815b,7324,480,36,0
5378b,7324,482,37,0
5376b,7324,482,38,0
3130b,7324,484,39,0
547b,7324,484,40,0
3131b,7324,485,41,0
374b,7324,486,42,0
1310b,7324,487,43,0
6467b,7324,488,44,0
6461b,7324,489,45,0
2467b,7324,490,46,1
2467b,7439,650,1,0
644b,7439,650,2,0
694b,7439,651,3,0
194b,7439,652,4,0
2684b,7439,653,5,0
5375b,7439,653,6,0
5377b,7439,654,7,0
5284b,7439,656,8,0
5814b,7439,657,9,0
5813b,7439,658,10,0
1466b,7439,658,11,0
463b,7439,659,12,0
3213b,7439,660,13,0
258b,7439,661,14,0
249b,7439,662,15,0
1580b,7439,663,16,0
2524b,7439,664,17,0
3252b,7439,666,18,0
5285b,7439,668,19,0
5812b,7439,668,20,0
5809b,7439,669,21,0
5808b,7439,670,22,0
2757b,7439,671,23,0
1153b,7439,672,24,0
1497b,7439,672,25,0
2798b,7439,672,26,0
1293b,7439,673,27,0
808b,7439,674,28,0
2733b,7439,674,29,0
1007b,7439,675,30,0
7742b,7439,676,31,0
1687b,7439,676,32,0
5300b,7439,677,33,0
5301b,7439,677,34,0
1086b,7439,678,35,0
344b,7439,679,36,0
1470b,7439,680,37,0
928b,7439,681,38,0
3107b,7439,681,39,0
3347b,7439,684,40,0
5624b,7439,685,41,0
6408b,7439,687,42,0
2631b,7439,688,43,1
2631b,28101,1130,1,0
1663b,28101,1131,2,0
830b,28101,1133,3,0
3108b,28101,1135,4,0
5303b,28101,1136,5,0
1485b,28101,1136,6,0
1035b,28101,1137,7,0
809b,28101,1137,8,0
5302b,28101,1138,9,0
3581b,28101,1139,10,0
2104b,28101,1139,11,0
7743b,28101,1139,12,0
490b,28101,1141,13,0
1969b,28101,1141,14,0
3144b,28101,1142,15,0
1285b,28101,1143,16,0
1289b,28101,1143,17,0
2736b,28101,1145,18,0
2737b,28101,1145,19,0
5807b,28101,1147,20,0
5810b,28101,1147,21,0
5811b,28101,1148,22,0
2787b,28101,1149,23,0
5286b,28101,1150,24,0
1569b,28101,1151,25,0
1568b,28101,1151,26,0
2948b,28101,1153,27,0
3214b,28101,1153,28,0
594b,28101,1154,29,0
3212b,28101,1155,30,0
1366b,28101,1155,31,0
814b,28101,1156,32,0
1957b,28101,1157,33,0
3215b,28101,1157,34,0
5837b,28101,1159,35,0
5815b,28101,1160,36,0
5378b,28101,1162,37,0
5376b,28101,1162,38,0
3130b,28101,1164,39,0
547b,28101,1164,40,0
3131b,28101,1165,41,0
374b,28101,1166,42,0
1310b,28101,1167,43,0
6467b,28101,1168,44,0
6461b,28101,1169,45,0
2467b,28101,1170,46,1
2467b,16382,895,1,0
644b,16382,895,2,0
694b,16382,896,3,0
194b,16382,897,4,0
2684b,16382,898,5,0
5375b,16382,898,6,0
5377b,16382,899,7,0
5284b,16382,901,8,0
5814b,16382,902,9,0
5813b,16382,903,10,0
1466b,16382,903,11,0
463b,16382,904,12,0
3213b,16382,905,13,0
258b,16382,906,14,0
249b,16382,907,15,0
1580b,16382,908,16,0
2524b,16382,908,17,0
3252b,16382,909,18,0
5285b,16382,911,19,0
5812b,16382,912,20,0
5809b,16382,912,21,0
5808b,16382,913,22,0
2757b,16382,914,23,0
1153b,16382,916,24,0
1497b,16382,916,25,0
2798b,16382,917,26,0
1293b,16382,917,27,0
808b,16382,918,28,0
2733b,16382,919,29,0
1007b,16382,919,30,0
7742b,16382,921,31,0
1687b,16382,921,32,0
5300b,16382,922,33,0
5301b,16382,922,34,0
1086b,16382,923,35,0
344b,16382,924,36,0
1470b,16382,925,37,0
928b,16382,926,38,0
3107b,16382,926,39,0
3347b,16382,929,40,0
5624b,16382,930,41,0
6408b,16382,932,42,0
2631b,16382,933,43,1
2467b,16387,675,1,0
644b,16387,675,2,0
694b,16387,676,3,0
194b,16387,677,4,0
2684b,16387,678,5,0
5375b,16387,679,6,0
5377b,16387,680,7,0
5284b,16387,682,8,0
5814b,16387,683,9,0
5813b,16387,684,10,0
1466b,16387,684,11,0
463b,16387,685,12,0
3213b,16387,686,13,0
258b,16387,687,14,0
249b,16387,688,15,0
1580b,16387,689,16,0
2524b,16387,689,17,0
3252b,16387,690,18,0
5285b,16387,692,19,0
5812b,16387,693,20,0
5809b,16387,693,21,0
5808b,16387,694,22,0
2757b,16387,695,23,0
1153b,16387,697,24,0
1497b,16387,697,25,0
2798b,16387,698,26,0
1293b,16387,698,27,0
808b,16387,699,28,0
2733b,16387,700,29,0
1007b,16387,700,30,0
7742b,16387,702,31,0
1687b,16387,702,32,0
5300b,16387,703,33,0
5301b,16387,704,34,0
1086b,16387,705,35,0
344b,16387,705,36,0
1470b,16387,706,37,0
928b,16387,708,38,0
3107b,16387,708,39,0
3347b,16387,711,40,0
5624b,16387,711,41,0
6408b,16387,713,42,0
2631b,16387,714,43,1
2631b,7676,840,1,0
1663b,7676,841,2,0
830b,7676,843,3,0
3108b,7676,845,4,0
5303b,7676,846,5,0
1485b,7676,846,6,0
1035b,7676,847,7,0
809b,7676,847,8,0
5302b,7676,848,9,0
3581b,7676,849,10,0
2104b,7676,849,11,0
7743b,7676,849,12,0
490b,7676,850,13,0
1969b,7676,851,14,0
3144b,7676,851,15,0
1285b,7676,852,16,0
1289b,7676,853,17,0
2736b,7676,854,18,0
2737b,7676,854,19,0
5807b,7676,856,20,0
5810b,7676,856,21,0
5811b,7676,857,22,0
2787b,7676,858,23,0
5286b,7676,859,24,0
1569b,7676,860,25,0
1568b,7676,860,26,0
2948b,7676,862,27,0
3214b,7676,862,28,0
594b,7676,863,29,0
3212b,7676,864,30,0
1366b,7676,865,31,0
814b,7676,866,32,0
1957b,7676,866,33,0
3215b,7676,867,34,0
5837b,7676,869,35,0
5815b,7676,870,36,0
5378b,7676,872,37,0
5376b,7676,872,38,0
3130b,7676,874,39,0
547b,7676,874,40,0
3131b,7676,875,41,0
374b,7676,876,42,0
1310b,7676,877,43,0
6467b,7676,878,44,0
6461b,7676,879,45,0
2467b,7676,880,46,1
2467b,7775,1140,1,0
644b,7775,1140,2,0
694b,7775,1141,3,0
194b,7775,1142,4,0
2684b,7775,1143,5,0
5375b,7775,1144,6,0
5377b,7775,1145,7,0
5284b,7775,1147,8,0
5814b,7775,1148,9,0
5813b,7775,1149,10,0
1466b,7775,1149,11,0
463b,7775,1150,12,0
3213b,7775,1151,13,0
258b,7775,1152,14,0
249b,7775,1153,15,0
1580b,7775,1154,16,0
2524b,7775,1154,17,0
3252b,7775,1155,18,0
5285b,7775,1157,19,0
5812b,7775,1158,20,0
5809b,7775,1158,21,0
5808b,7775,1159,22,0
2757b,7775,1160,23,0
1153b,7775,1162,24,0
1497b,7775,1162,25,0
2798b,7775,1163,26,0
1293b,7775,1163,27,0
808b,7775,1164,28,0
2733b,7775,1165,29,0
1007b,7775,1166,30,0
7742b,7775,1167,31,0
1687b,7775,1168,32,0
5300b,7775,1169,33,0
5301b,7775,1169,34,0
1086b,7775,1170,35,0
344b,7775,1171,36,0
1470b,7775,1172,37,0
928b,7775,1173,38,0
3107b,7775,1173,39,0
3347b,7775,1176,40,0
5624b,7775,1176,41,0
6408b,7775,1178,42,0
2631b,7775,1179,43,1
2467b,5182,540,1,0
644b,5182,540,2,0
694b,5182,541,3,0
194b,5182,542,4,0
2684b,5182,543,5,0
5375b,5182,543,6,0
5377b,5182,544,7,0
5284b,5182,546,8,0
5814b,5182,547,9,0
5813b,5182,547,10,0
1466b,5182,548,11,0
463b,5182,549,12,0
3213b,5182,550,13,0
258b,5182,550,14,0
249b,5182,551,15,0
1580b,5182,552,16,0
2524b,5182,552,17,0
3252b,5182,553,18,0
5285b,5182,555,19,0
5812b,5182,556,20,0
5809b,5182,556,21,0
5808b,5182,557,22,0
2757b,5182,558,23,0
1153b,5182,560,24,0
1497b,5182,560,25,0
2798b,5182,560,26,0
1293b,5182,561,27,0
808b,5182,562,28,0
2733b,5182,562,29,0
1007b,5182,563,30,0
7742b,5182,564,31,0
1687b,5182,564,32,0
5300b,5182,565,33,0
5301b,5182,565,34,0
1086b,5182,566,35,0
344b,5182,567,36,0
1470b,5182,568,37,0
928b,5182,569,38,0
3107b,5182,569,39,0
3347b,5182,572,40,0
5624b,5182,573,41,0
6408b,5182,575,42,0
2631b,5182,576,43,1
2467b,28441,795,1,0
644b,28441,795,2,0
694b,28441,796,3,0
194b,28441,797,4,0
2684b,28441,798,5,0
5375b,28441,799,6,0
5377b,28441,800,7,0
5284b,28441,802,8,0
5814b,28441,803,9,0
5813b,28441,804,10,0
1466b,28441,804,11,0
463b,28441,805,12,0
3213b,28441,806,13,0
258b,28441,807,14,0
249b,28441,808,15,0
1580b,28441,809,16,0
2524b,28441,809,17,0
3252b,28441,810,18,0
5285b,28441,812,19,0
5812b,28441,813,20,0
5809b,28441,813,21,0
5808b,28441,814,22,0
2757b,28441,815,23,0
1153b,28441,817,24,0
1497b,28441,817,25,0
2798b,28441,818,26,0
1293b,28441,818,27,0
808b,28441,819,28,0
2733b,28441,820,29,0
1007b,28441,820,30,0
7742b,28441,822,31,0
1687b,28441,822,32,0
5300b,28441,823,33,0
5301b,28441,824,34,0
1086b,28441,825,35,0
344b,28441,825,36,0
1470b,28441,826,37,0
928b,28441,828,38,0
3107b,28441,828,39,0
3347b,28441,831,40,0
5624b,28441,831,41,0
6408b,28441,833,42,0
2631b,28441,834,43,1
2467b,7843,1035,1,0
644b,7843,1035,2,0
694b,7843,1036,3,0
194b,7843,1037,4,0
2684b,7843,1038,5,0
5375b,7843,1038,6,0
5377b,7843,1039,7,0
5284b,7843,1041,8,0
5814b,7843,1042,9,0
5813b,7843,1043,10,0
1466b,7843,1043,11,0
463b,7843,1044,12,0
3213b,7843,1045,13,0
258b,7843,1046,14,0
249b,7843,1047,15,0
1580b,7843,1048,16,0
2524b,7843,1048,17,0
3252b,7843,1049,18,0
5285b,7843,1051,19,0
5812b,7843,1052,20,0
5809b,7843,1052,21,0
5808b,7843,1053,22,0
2757b,7843,1054,23,0
1153b,7843,1056,24,0
1497b,7843,1056,25,0
2798b,7843,1057,26,0
1293b,7843,1057,27,0
808b,7843,1058,28,0
2733b,7843,1059,29,0
1007b,7843,1059,30,0
7742b,7843,1061,31,0
1687b,7843,1061,32,0
5300b,7843,1062,33,0
5301b,7843,1063,34,0
1086b,7843,1064,35,0
344b,7843,1064,36,0
1470b,7843,1065,37,0
928b,7843,1067,38,0
3107b,7843,1067,39,0
3347b,7843,1070,40,0
5624b,7843,1071,41,0
6408b,7843,1073,42,0
2631b,7843,1074,43,1
2467b,28559,450,1,0
644b,28559,450,2,0
694b,28559,451,3,0
194b,28559,452,4,0
2684b,28559,453,5,0
5375b,28559,454,6,0
5377b,28559,456,7,0
5284b,28559,459,8,0
5814b,28559,460,9,0
5813b,28559,461,10,0
1466b,28559,462,11,0
463b,28559,463,12,0
3213b,28559,464,13,0
258b,28559,465,14,0
249b,28559,466,15,0
1580b,28559,467,16,0
2524b,28559,468,17,0
3252b,28559,470,18,0
5285b,28559,472,19,0
5812b,28559,473,20,0
5809b,28559,474,21,0
5808b,28559,475,22,0
2757b,28559,476,23,0
1153b,28559,478,24,0
1497b,28559,478,25,0
2798b,28559,479,26,0
1293b,28559,479,27,0
808b,28559,480,28,0
2733b,28559,481,29,0
1007b,28559,482,30,0
7742b,28559,483,31,0
1687b,28559,484,32,0
5300b,28559,485,33,0
5301b,28559,486,34,0
1086b,28559,487,35,0
344b,28559,487,36,0
1470b,28559,488,37,0
928b,28559,490,38,0
3107b,28559,490,39,0
3347b,28559,494,40,0
5624b,28559,495,41,0
6408b,28559,497,42,0
2631b,28559,498,43,1
2467b,16642,465,1,0
644b,16642,465,2,0
694b,16642,466,3,0
194b,16642,467,4,0
2684b,16642,468,5,0
5375b,16642,468,6,0
5377b,16642,469,7,0
5284b,16642,471,8,0
5814b,16642,472,9,0
5813b,16642,472,10,0
1466b,16642,473,11,0
463b,16642,474,12,0
3213b,16642,475,13,0
258b,16642,475,14,0
249b,16642,476,15,0
1580b,16642,477,16,0
2524b,16642,477,17,0
3252b,16642,478,18,0
5285b,16642,480,19,0
5812b,16642,481,20,0
5809b,16642,481,21,0
5808b,16642,482,22,0
2757b,16642,483,23,0
1153b,16642,485,24,0
1497b,16642,485,25,0
2798b,16642,485,26,0
1293b,16642,486,27,0
808b,16642,487,28,0
2733b,16642,487,29,0
1007b,16642,488,30,0
7742b,16642,489,31,0
1687b,16642,489,32,0
5300b,16642,490,33,0
5301b,16642,490,34,0
1086b,16642,491,35,0
344b,16642,492,36,0
1470b,16642,493,37,0
928b,16642,494,38,0
3107b,16642,494,39,0
3347b,16642,497,40,0
5624b,16642,498,41,0
6408b,16642,500,42,0
2631b,16642,501,43,1
2467b,16767,1075,1,0
644b,16767,1075,2,0
694b,16767,1076,3,0
194b,16767,1077,4,0
2684b,16767,1078,5,0
5375b,16767,1078,6,0
5377b,16767,1079,7,0
5284b,16767,1081,8,0
5814b,16767,1082,9,0
5813b,16767,1083,10,0
1466b,16767,1083,11,0
463b,16767,1084,12,0
3213b,16767,1085,13,0
258b,16767,1086,14,0
249b,16767,1087,15,0
1580b,16767,1088,16,0
2524b,16767,1088,17,0
3252b,16767,1089,18,0
5285b,16767,1091,19,0
5812b,16767,1092,20,0
5809b,16767,1092,21,0
5808b,16767,1093,22,0
2757b,16767,1094,23,0
1153b,16767,1096,24,0
1497b,16767,1096,25,0
2798b,16767,1097,26,0
1293b,16767,1097,27,0
808b,16767,1098,28,0
2733b,16767,1099,29,0
1007b,16767,1099,30,0
7742b,16767,1101,31,0
1687b,16767,1101,32,0
5300b,16767,1102,33,0
5301b,16767,1103,34,0
1086b,16767,1104,35,0
344b,16767,1104,36,0
1470b,16767,1105,37,0
928b,16767,1107,38,0
3107b,16767,1107,39,0
3347b,16767,1110,40,0
5624b,16767,1111,41,0
6408b,16767,1113,42,0
2631b,16767,1114,43,1
2631b,14252,735,1,0
1663b,14252,736,2,0
830b,14252,738,3,0
3108b,14252,740,4,0
5303b,14252,741,5,0
1485b,14252,741,6,0
1035b,14252,742,7,0
809b,14252,742,8,0
5302b,14252,743,9,0
3581b,14252,744,10,0
2104b,14252,744,11,0
7743b,14252,744,12,0
490b,14252,745,13,0
1969b,14252,746,14,0
3144b,14252,746,15,0
1285b,14252,747,16,0
1289b,14252,748,17,0
2736b,14252,749,18,0
2737b,14252,749,19,0
5807b,14252,751,20,0
5810b,14252,751,21,0
5811b,14252,752,22,0
2787b,14252,753,23,0
5286b,14252,754,24,0
1569b,14252,755,25,0
1568b,14252,755,26,0
2948b,14252,757,27,0
3214b,14252,757,28,0
594b,14252,758,29,0
3212b,14252,759,30,0
1366b,14252,760,31,0
814b,14252,761,32,0
1957b,14252,761,33,0
3215b,14252,762,34,0
5837b,14252,764,35,0
5815b,14252,765,36,0
5378b,14252,767,37,0
5376b,14252,767,38,0
3130b,14252,769,39,0
547b,14252,769,40,0
3131b,14252,770,41,0
374b,14252,771,42,0
1310b,14252,772,43,0
6467b,14252,773,44,0
6461b,14252,774,45,0
2467b,14252,775,46,1
2467b,26234,720,1,0
644b,26234,720,2,0
694b,26234,721,3,0
194b,26234,722,4,0
2684b,26234,723,5,0
5375b,26234,723,6,0
5377b,26234,724,7,0
5284b,26234,726,8,0
5814b,26234,727,9,0
5813b,26234,728,10,0
1466b,26234,728,11,0
463b,26234,729,12,0
3213b,26234,730,13,0
258b,26234,731,14,0
249b,26234,732,15,0
1580b,26234,733,16,0
2524b,26234,733,17,0
3252b,26234,734,18,0
5285b,26234,736,19,0
5812b,26234,736,20,0
5809b,26234,737,21,0
5808b,26234,738,22,0
2757b,26234,739,23,0
1153b,26234,740,24,0
1497b,26234,740,25,0
2798b,26234,741,26,0
1293b,26234,741,27,0
808b,26234,742,28,0
2733b,26234,743,29,0
1007b,26234,743,30,0
7742b,26234,745,31,0
1687b,26234,745,32,0
5300b,26234,746,33,0
5301b,26234,746,34,0
1086b,26234,747,35,0
344b,26234,748,36,0
1470b,26234,749,37,0
928b,26234,750,38,0
3107b,26234,750,39,0
3347b,26234,753,40,0
5624b,26234,754,41,0
6408b,26234,756,42,0
2631b,26234,757,43,1
2467b,26222,965,1,0
644b,26222,965,2,0
694b,26222,966,3,0
194b,26222,967,4,0
2684b,26222,968,5,0
5375b,26222,968,6,0
5377b,26222,969,7,0
5284b,26222,971,8,0
5814b,26222,972,9,0
5813b,26222,973,10,0
1466b,26222,973,11,0
463b,26222,974,12,0
3213b,26222,975,13,0
258b,26222,976,14,0
249b,26222,977,15,0
1580b,26222,978,16,0
2524b,26222,978,17,0
3252b,26222,979,18,0
5285b,26222,981,19,0
5812b,26222,982,20,0
5809b,26222,982,21,0
5808b,26222,983,22,0
2757b,26222,984,23,0
1153b,26222,986,24,0
1497b,26222,986,25,0
2798b,26222,987,26,0
1293b,26222,987,27,0
808b,26222,988,28,0
2733b,26222,989,29,0
1007b,26222,989,30,0
7742b,26222,991,31,0
1687b,26222,991,32,0
5300b,26222,992,33,0
5301b,26222,992,34,0
1086b,26222,993,35,0
344b,26222,994,36,0
1470b,26222,995,37,0
928b,26222,996,38,0
3107b,26222,996,39,0
3347b,26222,1000,40,0
5624b,26222,1001,41,0
6408b,26222,1003,42,0
2631b,26222,1004,43,1
2631b,3028,550,1,0
1663b,3028,550,2,0
830b,3028,552,3,0
3108b,3028,554,4,0
5303b,3028,555,5,0
1485b,3028,555,6,0
1035b,3028,556,7,0
809b,3028,557,8,0
5302b,3028,557,9,0
3581b,3028,559,10,0
2104b,3028,559,11,0
7743b,3028,560,12,0
490b,3028,561,13,0
1969b,3028,562,14,0
3144b,3028,563,15,0
1285b,3028,564,16,0
1289b,3028,565,17,0
2736b,3028,567,18,0
2737b,3028,567,19,0
5807b,3028,569,20,0
5810b,3028,569,21,0
5811b,3028,570,22,0
2787b,3028,571,23,0
5286b,3028,572,24,0
1569b,3028,573,25,0
1568b,3028,574,26,0
2948b,3028,576,27,0
3214b,3028,576,28,0
594b,3028,577,29,0
3212b,3028,578,30,0
1366b,3028,578,31,0
814b,3028,579,32,0
1957b,3028,580,33,0
3215b,3028,580,34,0
5837b,3028,582,35,0
5815b,3028,583,36,0
5378b,3028,585,37,0
5376b,3028,586,38,0
3130b,3028,588,39,0
547b,3028,588,40,0
3131b,3028,589,41,0
374b,3028,590,42,0
1310b,3028,591,43,0
6467b,3028,592,44,0
6461b,3028,593,45,0
2467b,3028,594,46,1
2467b,5796,685,1,0
644b,5796,685,2,0
694b,5796,686,3,0
194b,5796,687,4,0
2684b,5796,688,5,0
5375b,5796,688,6,0
5377b,5796,689,7,0
5284b,5796,691,8,0
5814b,5796,692,9,0
5813b,5796,693,10,0
1466b,5796,693,11,0
463b,5796,694,12,0
3213b,5796,695,13,0
258b,5796,696,14,0
249b,5796,697,15,0
1580b,5796,698,16,0
2524b,5796,699,17,0
3252b,5796,701,18,0
5285b,5796,703,19,0
5812b,5796,703,20,0
5809b,5796,704,21,0
5808b,5796,705,22,0
2757b,5796,706,23,0
1153b,5796,707,24,0
1497b,5796,707,25,0
2798b,5796,707,26,0
1293b,5796,708,27,0
808b,5796,709,28,0
2733b,5796,709,29,0
1007b,5796,710,30,0
7742b,5796,711,31,0
1687b,5796,711,32,0
5300b,5796,712,33,0
5301b,5796,712,34,0
1086b,5796,713,35,0
344b,5796,714,36,0
1470b,5796,715,37,0
928b,5796,716,38,0
3107b,5796,716,39,0
3347b,5796,719,40,0
5624b,5796,720,41,0
6408b,5796,722,42,0
2631b,5796,723,43,1
2631b,3131,1115,1,0
1663b,3131,1116,2,0
830b,3131,1118,3,0
3108b,3131,1120,4,0
5303b,3131,1121,5,0
1485b,3131,1121,6,0
1035b,3131,1122,7,0
809b,3131,1123,8,0
5302b,3131,1123,9,0
3581b,3131,1125,10,0
2104b,3131,1125,11,0
7743b,3131,1126,12,0
490b,3131,1127,13,0
1969b,3131,1128,14,0
3144b,3131,1129,15,0
1285b,3131,1130,16,0
1289b,3131,1131,17,0
2736b,3131,1133,18,0
2737b,3131,1134,19,0
5807b,3131,1135,20,0
5810b,3131,1136,21,0
5811b,3131,1137,22,0
2787b,3131,1138,23,0
5286b,3131,1140,24,0
1569b,3131,1141,25,0
1568b,3131,1142,26,0
2948b,3131,1144,27,0
3214b,3131,1144,28,0
594b,3131,1145,29,0
3212b,3131,1146,30,0
1366b,3131,1147,31,0
814b,3131,1148,32,0
1957b,3131,1148,33,0
3215b,3131,1149,34,0
5837b,3131,1151,35,0
5815b,3131,1153,36,0
5378b,3131,1155,37,0
5376b,3131,1156,38,0
3130b,3131,1158,39,0
547b,3131,1158,40,0
3131b,3131,1159,41,0
374b,3131,1160,42,0
1310b,3131,1161,43,0
6467b,3131,1162,44,0
6461b,3131,1163,45,0
2467b,3131,1164,46,1
2631b,3126,980,1,0
1663b,3126,981,2,0
830b,3126,983,3,0
3108b,3126,985,4,0
5303b,3126,986,5,0
1485b,3126,986,6,0
1035b,3126,987,7,0
809b,3126,988,8,0
5302b,3126,988,9,0
3581b,3126,990,10,0
2104b,3126,990,11,0
7743b,3126,990,12,0
490b,3126,991,13,0
1969b,3126,992,14,0
3144b,3126,992,15,0
1285b,3126,993,16,0
1289b,3126,994,17,0
2736b,3126,995,18,0
2737b,3126,995,19,0
5807b,3126,997,20,0
5810b,3126,997,21,0
5811b,3126,998,22,0
2787b,3126,999,23,0
5286b,3126,1000,24,0
1569b,3126,1001,25,0
1568b,3126,1001,26,0
2948b,3126,1003,27,0
3214b,3126,1003,28,0
594b,3126,1004,29,0
3212b,3126,1005,30,0
1366b,3126,1006,31,0
814b,3126,1007,32,0
1957b,3126,1007,33,0
3215b,3126,1008,34,0
5837b,3126,1010,35,0
5815b,3126,1011,36,0
5378b,3126,1013,37,0
5376b,3126,1013,38,0
3130b,3126,1015,39,0
547b,3126,1015,40,0
3131b,3126,1016,41,0
374b,3126,1017,42,0
1310b,3126,1018,43,0
6467b,3126,1019,44,0
6461b,3126,1020,45,0
2467b,3126,1021,46,1
2467b,26723,575,1,0
644b,26723,575,2,0
694b,26723,576,3,0
194b,26723,577,4,0
2684b,26723,578,5,0
5375b,26723,578,6,0
5377b,26723,579,7,0
5284b,26723,581,8,0
5814b,26723,582,9,0
5813b,26723,582,10,0
1466b,26723,583,11,0
463b,26723,584,12,0
3213b,26723,585,13,0
258b,26723,585,14,0
249b,26723,586,15,0
1580b,26723,587,16,0
2524b,26723,587,17,0
3252b,26723,588,18,0
5285b,26723,590,19,0
5812b,26723,591,20,0
5809b,26723,591,21,0
5808b,26723,592,22,0
2757b,26723,593,23,0
1153b,26723,595,24,0
1497b,26723,595,25,0
2798b,26723,595,26,0
1293b,26723,596,27,0
808b,26723,597,28,0
2733b,26723,597,29,0
1007b,26723,598,30,0
7742b,26723,599,31,0
1687b,26723,599,32,0
5300b,26723,600,33,0
5301b,26723,600,34,0
1086b,26723,601,35,0
344b,26723,602,36,0
1470b,26723,603,37,0
928b,26723,604,38,0
3107b,26723,604,39,0
3347b,26723,607,40,0
5624b,26723,608,41,0
6408b,26723,610,42,0
2631b,26723,611,43,1
2467b,12065,425,1,0
644b,12065,425,2,0
694b,12065,426,3,0
194b,12065,427,4,0
2684b,12065,428,5,0
5375b,12065,429,6,0
5377b,12065,430,7,0
5284b,12065,432,8,0
5814b,12065,433,9,0
5813b,12065,434,10,0
1466b,12065,434,11,0
463b,12065,435,12,0
3213b,12065,436,13,0
258b,12065,437,14,0
249b,12065,438,15,0
1580b,12065,439,16,0
2524b,12065,439,17,0
3252b,12065,440,18,0
5285b,12065,442,19,0
5812b,12065,443,20,0
5809b,12065,444,21,0
5808b,12065,445,22,0
2757b,12065,446,23,0
1153b,12065,448,24,0
1497b,12065,448,25,0
2798b,12065,449,26,0
1293b,12065,449,27,0
808b,12065,450,28,0
2733b,12065,451,29,0
1007b,12065,452,30,0
7742b,12065,453,31,0
1687b,12065,454,32,0
5300b,12065,455,33,0
5301b,12065,456,34,0
1086b,12065,457,35,0
344b,12065,457,36,0
1470b,12065,458,37,0
928b,12065,460,38,0
3107b,12065,460,39,0
3347b,12065,464,40,0
5624b,12065,465,41,0
6408b,12065,467,42,0
2631b,12065,468,43,1
2631b,24044,815,1,0
1663b,24044,815,2,0
830b,24044,817,3,0
3108b,24044,819,4,0
5303b,24044,820,5,0
1485b,24044,820,6,0
1035b,24044,821,7,0
809b,24044,822,8,0
5302b,24044,822,9,0
3581b,24044,824,10,0
2104b,24044,824,11,0
7743b,24044,825,12,0
490b,24044,826,13,0
1969b,24044,827,14,0
3144b,24044,827,15,0
1285b,24044,829,16,0
1289b,24044,829,17,0
2736b,24044,831,18,0
2737b,24044,831,19,0
5807b,24044,833,20,0
5810b,24044,833,21,0
5811b,24044,834,22,0
2787b,24044,835,23,0
5286b,24044,836,24,0
1569b,24044,837,25,0
1568b,24044,838,26,0
2948b,24044,840,27,0
3214b,24044,840,28,0
594b,24044,841,29,0
3212b,24044,842,30,0
1366b,24044,843,31,0
814b,24044,844,32,0
1957b,24044,844,33,0
3215b,24044,845,34,0
5837b,24044,847,35,0
5815b,24044,848,36,0
5378b,24044,850,37,0
5376b,24044,851,38,0
3130b,24044,853,39,0
547b,24044,853,40,0
3131b,24044,854,41,0
374b,24044,855,42,0
1310b,24044,856,43,0
6467b,24044,857,44,0
6461b,24044,858,45,0
2467b,24044,859,46,1
2631b,14846,780,1,0
1663b,14846,780,2,0
830b,14846,782,3,0
3108b,14846,784,4,0
5303b,14846,785,5,0
1485b,14846,785,6,0
1035b,14846,786,7,0
809b,14846,787,8,0
5302b,14846,787,9,0
3581b,14846,789,10,0
2104b,14846,789,11,0
7743b,14846,790,12,0
490b,14846,791,13,0
1969b,14846,792,14,0
3144b,14846,792,15,0
1285b,14846,794,16,0
1289b,14846,794,17,0
2736b,14846,796,18,0
2737b,14846,796,19,0
5807b,14846,798,20,0
5810b,14846,798,21,0
5811b,14846,799,22,0
2787b,14846,800,23,0
5286b,14846,801,24,0
1569b,14846,802,25,0
1568b,14846,803,26,0
2948b,14846,805,27,0
3214b,14846,805,28,0
594b,14846,806,29,0
3212b,14846,807,30,0
1366b,14846,808,31,0
814b,14846,809,32,0
1957b,14846,810,33,0
3215b,14846,811,34,0
5837b,14846,813,35,0
5815b,14846,814,36,0
5378b,14846,816,37,0
5376b,14846,817,38,0
3130b,14846,819,39,0
547b,14846,819,40,0
3131b,14846,820,41,0
374b,14846,821,42,0
1310b,14846,822,43,0
6467b,14846,823,44,0
6461b,14846,824,45,0
2467b,14846,825,46,1
2631b,24192,1020,1,0
1663b,24192,1021,2,0
830b,24192,1023,3,0
3108b,24192,1025,4,0
5303b,24192,1026,5,0
1485b,24192,1026,6,0
1035b,24192,1027,7,0
809b,24192,1028,8,0
5302b,24192,1028,9,0
3581b,24192,1030,10,0
2104b,24192,1030,11,0
7743b,24192,1030,12,0
490b,24192,1031,13,0
1969b,24192,1032,14,0
3144b,24192,1032,15,0
1285b,24192,1033,16,0
1289b,24192,1034,17,0
2736b,24192,1035,18,0
2737b,24192,1035,19,0
5807b,24192,1037,20,0
5810b,24192,1037,21,0
5811b,24192,1038,22,0
2787b,24192,1039,23,0
5286b,24192,1040,24,0
1569b,24192,1041,25,0
1568b,24192,1041,26,0
2948b,24192,1043,27,0
3214b,24192,1043,28,0
594b,24192,1044,29,0
3212b,24192,1045,30,0
1366b,24192,1046,31,0
814b,24192,1047,32,0
1957b,24192,1047,33,0
3215b,24192,1048,34,0
5837b,24192,1050,35,0
5815b,24192,1051,36,0
5378b,24192,1053,37,0
5376b,24192,1053,38,0
3130b,24192,1055,39,0
547b,24192,1055,40,0
3131b,24192,1056,41,0
374b,24192,1057,42,0
1310b,24192,1058,43,0
6467b,24192,1059,44,0
6461b,24192,1060,45,0
2467b,24192,1061,46,1
2631b,3590,945,1,0
1663b,3590,946,2,0
830b,3590,948,3,0
3108b,3590,950,4,0
5303b,3590,951,5,0
1485b,3590,951,6,0
1035b,3590,952,7,0
809b,3590,953,8,0
5302b,3590,953,9,0
3581b,3590,955,10,0
2104b,3590,955,11,0
7743b,3590,955,12,0
490b,3590,956,13,0
1969b,3590,957,14,0
3144b,3590,957,15,0
1285b,3590,958,16,0
1289b,3590,959,17,0
2736b,3590,960,18,0
2737b,3590,960,19,0
5807b,3590,962,20,0
5810b,3590,962,21,0
5811b,3590,963,22,0
2787b,3590,964,23,0
5286b,3590,965,24,0
1569b,3590,966,25,0
1568b,3590,966,26,0
2948b,3590,968,27,0
3214b,3590,968,28,0
594b,3590,969,29,0
3212b,3590,970,30,0
1366b,3590,971,31,0
814b,3590,972,32,0
1957b,3590,972,33,0
3215b,3590,973,34,0
5837b,3590,975,35,0
5815b,3590,976,36,0
5378b,3590,978,37,0
5376b,3590,978,38,0
3130b,3590,980,39,0
547b,3590,980,40,0
3131b,3590,981,41,0
374b,3590,982,42,0
1310b,3590,983,43,0
6467b,3590,984,44,0
6461b,3590,985,45,0
2467b,3590,986,46,1
