arret_id,trajet_id,heure_depart,stop_sequence,terminus
5624b,33150,745,1,0
6408b,33150,746,2,0
1613b,33150,747,3,0
1699b,33150,748,4,0
1294b,33150,749,5,0
1449b,33150,750,6,0
1118b,33150,750,7,0
1036b,33150,753,8,0
2461b,33150,754,9,0
2239b,33150,756,10,0
5759b,33150,757,11,0
6911b,33150,759,12,0
7611b,33150,761,13,0
6913b,33150,762,14,0
6915b,33150,764,15,0
6921b,33150,767,16,0
6923b,33150,768,17,0
6925b,33150,769,18,0
7004b,33150,771,19,0
7236b,33150,772,20,0
7234b,33150,773,21,0
6936b,33150,774,22,0
7233b,33150,775,23,0
7231b,33150,776,24,0
7229b,33150,778,25,0
7227b,33150,779,26,0
7225b,33150,779,27,0
7223b,33150,781,28,0
7221b,33150,784,29,1
5624b,19084,1095,1,0
6408b,19084,1097,2,0
1613b,19084,1098,3,0
1699b,19084,1099,4,0
1294b,19084,1100,5,0
1449b,19084,1100,6,0
1118b,19084,1102,7,0
1036b,19084,1105,8,0
2461b,19084,1106,9,0
2239b,19084,1108,10,0
5759b,19084,1109,11,0
6911b,19084,1111,12,0
7611b,19084,1113,13,0
6913b,19084,1114,14,0
6915b,19084,1116,15,0
6921b,19084,1118,16,0
6923b,19084,1120,17,0
6925b,19084,1120,18,0
7004b,19084,1122,19,0
7236b,19084,1123,20,0
7234b,19084,1124,21,0
6936b,19084,1125,22,0
7233b,19084,1126,23,0
7231b,19084,1127,24,0
7229b,19084,1129,25,0
7227b,19084,1130,26,0
7225b,19084,1130,27,0
7223b,19084,1132,28,0
7221b,19084,1135,29,1
7221b,21396,425,1,0
7222b,21396,427,2,0
7224b,21396,429,3,0
7226b,21396,429,4,0
7228b,21396,430,5,0
7230b,21396,432,6,0
7232b,21396,433,7,0
7235b,21396,435,8,0
7237b,21396,436,9,0
6927b,21396,438,10,0
6926b,21396,440,11,0
6924b,21396,442,12,0
6922b,21396,445,13,0
6916b,21396,451,14,0
6914b,21396,455,15,0
7612b,21396,457,16,0
6912b,21396,462,17,0
5758b,21396,467,18,0
5760b,21396,470,19,0
1330b,21396,471,20,0
1352b,21396,473,21,0
947b,21396,477,22,0
2472b,21396,478,23,0
791b,21396,479,24,0
2473b,21396,480,25,0
2474b,21396,481,26,0
6694b,21396,482,27,0
2499b,21396,485,28,1
5624b,14245,1030,1,0
6408b,14245,1032,2,0
1613b,14245,1033,3,0
1699b,14245,1034,4,0
1294b,14245,1035,5,0
1449b,14245,1035,6,0
1118b,14245,1037,7,0
1036b,14245,1040,8,0
2461b,14245,1041,9,0
2239b,14245,1043,10,0
5759b,14245,1044,11,0
6911b,14245,1046,12,0
7611b,14245,1048,13,0
6913b,14245,1049,14,0
6915b,14245,1051,15,0
6921b,14245,1054,16,0
6923b,14245,1055,17,0
6925b,14245,1056,18,0
7004b,14245,1058,19,0
7236b,14245,1059,20,0
7234b,14245,1060,21,0
6936b,14245,1061,22,0
7233b,14245,1062,23,0
7231b,14245,1063,24,0
7229b,14245,1065,25,0
7227b,14245,1066,26,0
7225b,14245,1066,27,0
7223b,14245,1068,28,0
7221b,14245,1071,29,1
