arret_id,trajet_id,heure_depart,stop_sequence,terminus
5624b,3710,1030,1,0
6408b,3710,1032,2,0
1613b,3710,1033,3,0
1699b,3710,1034,4,0
1294b,3710,1035,5,0
1449b,3710,1035,6,0
1118b,3710,1037,7,0
1036b,3710,1040,8,0
2461b,3710,1041,9,0
2239b,3710,1043,10,0
5759b,3710,1044,11,0
7813b,3710,1045,12,0
7811b,3710,1046,13,0
6911b,3710,1047,14,0
7611b,3710,1049,15,0
6913b,3710,1050,16,0
6915b,3710,1052,17,0
6921b,3710,1055,18,0
7751b,3710,1055,19,0
6923b,3710,1056,20,0
6925b,3710,1057,21,0
6929b,3710,1058,22,0
6931b,3710,1059,23,0
6932b,3710,1060,24,0
6935b,3710,1061,25,0
6936b,3710,1062,26,0
6942b,3710,1062,27,0
7244b,3710,1063,28,0
7242b,3710,1064,29,0
7241b,3710,1069,30,0
7239b,3710,1070,31,1
5624b,20176,1095,1,0
6408b,20176,1097,2,0
1613b,20176,1098,3,0
1699b,20176,1099,4,0
1294b,20176,1100,5,0
1449b,20176,1100,6,0
1118b,20176,1102,7,0
1036b,20176,1105,8,0
2461b,20176,1106,9,0
2239b,20176,1108,10,0
5759b,20176,1109,11,0
7813b,20176,1110,12,0
7811b,20176,1111,13,0
6911b,20176,1112,14,0
7611b,20176,1114,15,0
6913b,20176,1115,16,0
6915b,20176,1117,17,0
6921b,20176,1120,18,0
7751b,20176,1120,19,0
6923b,20176,1121,20,0
6925b,20176,1122,21,0
6929b,20176,1123,22,0
6931b,20176,1124,23,0
6932b,20176,1125,24,0
6935b,20176,1126,25,0
6936b,20176,1127,26,0
6942b,20176,1127,27,0
7244b,20176,1128,28,0
7242b,20176,1129,29,0
7241b,20176,1134,30,0
7239b,20176,1135,31,1
7238b,6100,425,1,0
7240b,6100,426,2,0
7243b,6100,431,3,0
7245b,6100,431,4,0
7246b,6100,433,5,0
6937b,6100,434,6,0
6934b,6100,435,7,0
6933b,6100,437,8,0
6930b,6100,438,9,0
6928b,6100,438,10,0
6926b,6100,440,11,0
6924b,6100,442,12,0
7752b,6100,443,13,0
6922b,6100,443,14,0
6916b,6100,448,15,0
6914b,6100,450,16,0
7612b,6100,452,17,0
6912b,6100,454,18,0
7812b,6100,456,19,0
7814b,6100,458,20,0
5758b,6100,459,21,0
5760b,6100,461,22,0
1330b,6100,462,23,0
1352b,6100,463,24,0
947b,6100,465,25,0
2472b,6100,466,26,0
791b,6100,467,27,0
2473b,6100,467,28,0
2474b,6100,468,29,0
6694b,6100,469,30,0
2499b,6100,471,31,1
5624b,15806,745,1,0
6408b,15806,746,2,0
1613b,15806,747,3,0
1699b,15806,748,4,0
1294b,15806,749,5,0
1449b,15806,750,6,0
1118b,15806,750,7,0
1036b,15806,753,8,0
2461b,15806,754,9,0
2239b,15806,756,10,0
5759b,15806,757,11,0
7813b,15806,758,12,0
7811b,15806,759,13,0
6911b,15806,760,14,0
7611b,15806,762,15,0
6913b,15806,763,16,0
6915b,15806,765,17,0
6921b,15806,768,18,0
7751b,15806,768,19,0
6923b,15806,769,20,0
6925b,15806,770,21,0
6929b,15806,771,22,0
6931b,15806,772,23,0
6932b,15806,773,24,0
6935b,15806,774,25,0
6936b,15806,775,26,0
6942b,15806,775,27,0
7244b,15806,776,28,0
7242b,15806,777,29,0
7241b,15806,782,30,0
7239b,15806,783,31,1
