arret_id,trajet_id,heure_depart,stop_sequence,terminus
5939b,22233,1038,1,0
3421b,22233,1041,2,0
6683b,22233,1058,3,0
7265b,22233,1059,4,0
6832b,22233,1060,5,0
304b,22233,1061,6,1
304b,29072,1032,1,0
7264b,29072,1033,2,0
6684b,29072,1033,3,0
3420b,29072,1056,4,0
5939b,29072,1060,5,1
304b,15257,1120,1,0
7264b,15257,1121,2,0
6684b,15257,1121,3,0
3420b,15257,1144,4,0
5939b,15257,1148,5,1
5939b,27615,472,1,0
3421b,27615,476,2,0
6683b,27615,497,3,0
7265b,27615,497,4,0
6832b,27615,498,5,0
304b,27615,500,6,1
5939b,15765,1098,1,0
3421b,15765,1101,2,0
6683b,15765,1118,3,0
7265b,15765,1119,4,0
6832b,15765,1120,5,0
304b,15765,1121,6,1
304b,36441,1092,1,0
7264b,36441,1093,2,0
6684b,36441,1093,3,0
3420b,36441,1116,4,0
5939b,36441,1120,5,1
5939b,38443,1010,1,0
3421b,38443,1013,2,0
6683b,38443,1030,3,0
7265b,38443,1031,4,0
6832b,38443,1032,5,0
304b,38443,1033,6,1
304b,3344,1060,1,0
7264b,3344,1061,2,0
6684b,3344,1061,3,0
3420b,3344,1084,4,0
5939b,3344,1088,5,1
304b,3511,1000,1,0
7264b,3511,1001,2,0
6684b,3511,1001,3,0
3420b,3511,1024,4,0
5939b,3511,1028,5,1
5939b,38032,432,1,0
3421b,38032,436,2,0
6683b,38032,457,3,0
7265b,38032,457,4,0
6832b,38032,458,5,0
304b,38032,460,6,1
5939b,32438,1070,1,0
3421b,32438,1073,2,0
6683b,32438,1090,3,0
7265b,32438,1091,4,0
6832b,32438,1092,5,0
304b,32438,1093,6,1
304b,3672,400,1,0
7264b,3672,400,2,0
6684b,3672,401,3,0
3420b,3672,420,4,0
5939b,3672,423,5,1
5939b,18588,530,1,0
3421b,18588,533,2,0
6683b,18588,550,3,0
7265b,18588,551,4,0
6832b,18588,552,5,0
304b,18588,553,6,1
5939b,11837,406,1,0
3421b,11837,409,2,0
6683b,11837,426,3,0
7265b,11837,427,4,0
6832b,11837,428,5,0
304b,11837,429,6,1
304b,2494,492,1,0
7264b,2494,493,2,0
6684b,2494,493,3,0
3420b,2494,516,4,0
5939b,2494,520,5,1
304b,20108,972,1,0
7264b,20108,973,2,0
6684b,20108,973,3,0
3420b,20108,996,4,0
5939b,20108,1000,5,1
5939b,12106,383,1,0
3421b,12106,386,2,0
6683b,12106,403,3,0
7265b,12106,404,4,0
6832b,12106,405,5,0
304b,12106,406,6,1
304b,26411,436,1,0
7264b,26411,437,2,0
6684b,26411,437,3,0
3420b,26411,460,4,0
5939b,26411,464,5,1
