arret_id,trajet_id,heure_depart,stop_sequence,terminus
7872b,12437,415,1,0
4050b,12437,416,2,0
2629b,12437,417,3,0
3116b,12437,419,4,0
2586b,12437,420,5,0
2929b,12437,421,6,0
2570b,12437,423,7,0
1769b,12437,425,8,0
2954b,12437,427,9,0
7939b,12437,428,10,0
7942b,12437,429,11,0
5313b,12437,430,12,0
5951b,12437,431,13,0
5949b,12437,433,14,0
2990b,12437,436,15,0
981b,12437,436,16,0
3984b,12437,437,17,0
3986b,12437,438,18,0
3988b,12437,439,19,0
3990b,12437,439,20,0
6655b,12437,440,21,0
4004b,12437,440,22,0
4335b,12437,441,23,0
4003b,12437,442,24,0
2953b,12437,442,25,0
2952b,12437,443,26,0
2950b,12437,444,27,0
3678b,12437,444,28,0
7509b,12437,445,29,0
7499b,12437,446,30,0
7526b,12437,446,31,0
7495b,12437,447,32,0
7519b,12437,449,33,0
7530b,12437,450,34,0
7529b,12437,451,35,0
7883b,12437,454,36,0
7881b,12437,459,37,0
7878b,12437,460,38,0
7876b,12437,461,39,0
3000b,12437,462,40,0
2907b,12437,463,41,0
3324b,12437,464,42,0
376b,12437,465,43,0
7871b,12437,469,44,1
7872b,24321,925,1,0
4050b,24321,926,2,0
2629b,24321,927,3,0
3116b,24321,929,4,0
2586b,24321,930,5,0
2929b,24321,931,6,0
2570b,24321,933,7,0
1769b,24321,935,8,0
2954b,24321,937,9,0
7939b,24321,938,10,0
7942b,24321,939,11,0
5313b,24321,940,12,0
5951b,24321,941,13,0
5949b,24321,942,14,0
2990b,24321,945,15,0
981b,24321,945,16,0
3984b,24321,946,17,0
3986b,24321,948,18,0
3988b,24321,949,19,0
3990b,24321,950,20,0
6655b,24321,950,21,0
4004b,24321,951,22,0
4335b,24321,952,23,0
4003b,24321,952,24,0
2953b,24321,953,25,0
2952b,24321,954,26,0
2950b,24321,955,27,0
3678b,24321,956,28,0
7509b,24321,957,29,0
7499b,24321,958,30,0
7526b,24321,958,31,0
7495b,24321,959,32,0
7519b,24321,960,33,0
7530b,24321,961,34,0
7529b,24321,962,35,0
7883b,24321,964,36,0
7881b,24321,968,37,0
7878b,24321,969,38,0
7876b,24321,970,39,0
3000b,24321,971,40,0
2907b,24321,971,41,0
3324b,24321,972,42,0
376b,24321,973,43,0
7871b,24321,977,44,1
7872b,12511,1100,1,0
4050b,12511,1101,2,0
2629b,12511,1102,3,0
3116b,12511,1104,4,0
2586b,12511,1106,5,0
2929b,12511,1107,6,0
2570b,12511,1109,7,0
1769b,12511,1111,8,0
2954b,12511,1113,9,0
7939b,12511,1114,10,0
7942b,12511,1115,11,0
5313b,12511,1116,12,0
5951b,12511,1117,13,0
5949b,12511,1119,14,0
2990b,12511,1122,15,0
981b,12511,1122,16,0
3984b,12511,1123,17,0
3986b,12511,1124,18,0
3988b,12511,1125,19,0
3990b,12511,1126,20,0
6655b,12511,1127,21,0
4004b,12511,1127,22,0
4335b,12511,1128,23,0
4003b,12511,1129,24,0
2953b,12511,1130,25,0
2952b,12511,1130,26,0
2950b,12511,1131,27,0
3678b,12511,1132,28,0
7509b,12511,1133,29,0
7499b,12511,1134,30,0
7526b,12511,1134,31,0
7495b,12511,1135,32,0
7519b,12511,1137,33,0
7530b,12511,1137,34,0
7529b,12511,1138,35,0
7883b,12511,1141,36,0
7881b,12511,1144,37,0
7878b,12511,1145,38,0
7876b,12511,1146,39,0
3000b,12511,1147,40,0
2907b,12511,1148,41,0
3324b,12511,1148,42,0
376b,12511,1149,43,0
7871b,12511,1153,44,1
7871b,3869,515,1,0
1284b,3869,516,2,0
1777b,3869,517,3,0
2999b,3869,517,4,0
417b,3869,518,5,0
7877b,3869,518,6,0
7879b,3869,519,7,0
7882b,3869,520,8,0
7505b,3869,524,9,0
7511b,3869,525,10,0
7531b,3869,526,11,0
7517b,3869,526,12,0
7522b,3869,527,13,0
7497b,3869,528,14,0
7515b,3869,529,15,0
235b,3869,529,16,0
53b,3869,530,17,0
949b,3869,531,18,0
7940b,3869,531,19,0
3679b,3869,532,20,0
4002b,3869,533,21,0
4334b,3869,533,22,0
5455b,3869,533,23,0
6656b,3869,534,24,0
3991b,3869,535,25,0
3989b,3869,536,26,0
3987b,3869,536,27,0
3985b,3869,538,28,0
2991b,3869,539,29,0
6380b,3869,540,30,0
5948b,3869,541,31,0
5950b,3869,543,32,0
7934b,3869,545,33,0
7941b,3869,545,34,0
7938b,3869,546,35,0
2957b,3869,547,36,0
2955b,3869,548,37,0
2931b,3869,549,38,0
1764b,3869,552,39,0
2930b,3869,554,40,0
827b,3869,554,41,0
3117b,3869,556,42,0
7965b,3869,557,43,0
2601b,3869,558,44,0
2207b,3869,560,45,0
7872b,3869,562,46,1
7872b,3915,510,1,0
4050b,3915,511,2,0
2629b,3915,512,3,0
3116b,3915,514,4,0
2586b,3915,516,5,0
2929b,3915,517,6,0
2570b,3915,519,7,0
1769b,3915,521,8,0
2954b,3915,523,9,0
7939b,3915,524,10,0
7942b,3915,525,11,0
5313b,3915,526,12,0
5951b,3915,527,13,0
5949b,3915,529,14,0
2990b,3915,532,15,0
981b,3915,532,16,0
3984b,3915,533,17,0
3986b,3915,535,18,0
3988b,3915,536,19,0
3990b,3915,537,20,0
6655b,3915,538,21,0
4004b,3915,539,22,0
4335b,3915,540,23,0
4003b,3915,541,24,0
2953b,3915,542,25,0
2952b,3915,542,26,0
2950b,3915,544,27,0
3678b,3915,545,28,0
7509b,3915,546,29,0
7499b,3915,547,30,0
7526b,3915,547,31,0
7495b,3915,548,32,0
7519b,3915,549,33,0
7530b,3915,550,34,0
7529b,3915,551,35,0
7883b,3915,553,36,0
7881b,3915,557,37,0
7878b,3915,558,38,0
7876b,3915,559,39,0
3000b,3915,560,40,0
2907b,3915,560,41,0
3324b,3915,561,42,0
376b,3915,562,43,0
7871b,3915,566,44,1
7872b,22113,700,1,0
4050b,22113,701,2,0
2629b,22113,702,3,0
3116b,22113,704,4,0
2586b,22113,705,5,0
2929b,22113,706,6,0
2570b,22113,708,7,0
1769b,22113,710,8,0
2954b,22113,712,9,0
7939b,22113,713,10,0
7942b,22113,714,11,0
5313b,22113,715,12,0
5951b,22113,716,13,0
5949b,22113,717,14,0
2990b,22113,720,15,0
981b,22113,720,16,0
3984b,22113,721,17,0
3986b,22113,723,18,0
3988b,22113,724,19,0
3990b,22113,725,20,0
6655b,22113,725,21,0
4004b,22113,726,22,0
4335b,22113,727,23,0
4003b,22113,727,24,0
2953b,22113,728,25,0
2952b,22113,729,26,0
2950b,22113,730,27,0
3678b,22113,731,28,0
7509b,22113,732,29,0
7499b,22113,733,30,0
7526b,22113,733,31,0
7495b,22113,734,32,0
7519b,22113,735,33,0
7530b,22113,736,34,0
7529b,22113,737,35,0
7883b,22113,739,36,0
7881b,22113,743,37,0
7878b,22113,744,38,0
7876b,22113,745,39,0
3000b,22113,746,40,0
2907b,22113,746,41,0
3324b,22113,747,42,0
376b,22113,748,43,0
7871b,22113,752,44,1
7871b,22058,825,1,0
1284b,22058,826,2,0
1777b,22058,827,3,0
2999b,22058,827,4,0
417b,22058,828,5,0
7877b,22058,829,6,0
7879b,22058,830,7,0
7882b,22058,831,8,0
7505b,22058,835,9,0
7511b,22058,836,10,0
7531b,22058,837,11,0
7517b,22058,837,12,0
7522b,22058,838,13,0
7497b,22058,839,14,0
7515b,22058,840,15,0
235b,22058,840,16,0
53b,22058,841,17,0
949b,22058,842,18,0
7940b,22058,843,19,0
3679b,22058,843,20,0
4002b,22058,844,21,0
4334b,22058,845,22,0
5455b,22058,845,23,0
6656b,22058,846,24,0
3991b,22058,847,25,0
3989b,22058,848,26,0
3987b,22058,848,27,0
3985b,22058,850,28,0
2991b,22058,851,29,0
6380b,22058,852,30,0
5948b,22058,853,31,0
5950b,22058,855,32,0
7934b,22058,857,33,0
7941b,22058,857,34,0
7938b,22058,858,35,0
2957b,22058,859,36,0
2955b,22058,860,37,0
2931b,22058,861,38,0
1764b,22058,864,39,0
2930b,22058,866,40,0
827b,22058,866,41,0
3117b,22058,868,42,0
7965b,22058,869,43,0
2601b,22058,870,44,0
2207b,22058,872,45,0
7872b,22058,874,46,1
7871b,12903,1010,1,0
1284b,12903,1011,2,0
1777b,12903,1012,3,0
2999b,12903,1012,4,0
417b,12903,1013,5,0
7877b,12903,1014,6,0
7879b,12903,1015,7,0
7882b,12903,1016,8,0
7505b,12903,1020,9,0
7511b,12903,1021,10,0
7531b,12903,1022,11,0
7517b,12903,1022,12,0
7522b,12903,1023,13,0
7497b,12903,1024,14,0
7515b,12903,1025,15,0
235b,12903,1025,16,0
53b,12903,1026,17,0
949b,12903,1027,18,0
7940b,12903,1028,19,0
3679b,12903,1028,20,0
4002b,12903,1029,21,0
4334b,12903,1030,22,0
5455b,12903,1030,23,0
6656b,12903,1031,24,0
3991b,12903,1032,25,0
3989b,12903,1033,26,0
3987b,12903,1033,27,0
3985b,12903,1035,28,0
2991b,12903,1036,29,0
6380b,12903,1037,30,0
5948b,12903,1039,31,0
5950b,12903,1040,32,0
7934b,12903,1042,33,0
7941b,12903,1043,34,0
7938b,12903,1044,35,0
2957b,12903,1045,36,0
2955b,12903,1046,37,0
2931b,12903,1047,38,0
1764b,12903,1051,39,0
2930b,12903,1053,40,0
827b,12903,1054,41,0
3117b,12903,1056,42,0
7965b,12903,1057,43,0
2601b,12903,1058,44,0
2207b,12903,1060,45,0
7872b,12903,1062,46,1
7871b,22432,920,1,0
1284b,22432,921,2,0
1777b,22432,922,3,0
2999b,22432,922,4,0
417b,22432,923,5,0
7877b,22432,924,6,0
7879b,22432,925,7,0
7882b,22432,926,8,0
7505b,22432,930,9,0
7511b,22432,931,10,0
7531b,22432,932,11,0
7517b,22432,932,12,0
7522b,22432,933,13,0
7497b,22432,934,14,0
7515b,22432,935,15,0
235b,22432,935,16,0
53b,22432,936,17,0
949b,22432,937,18,0
7940b,22432,938,19,0
3679b,22432,938,20,0
4002b,22432,939,21,0
4334b,22432,940,22,0
5455b,22432,940,23,0
6656b,22432,941,24,0
3991b,22432,942,25,0
3989b,22432,943,26,0
3987b,22432,943,27,0
3985b,22432,945,28,0
2991b,22432,946,29,0
6380b,22432,947,30,0
5948b,22432,949,31,0
5950b,22432,950,32,0
7934b,22432,952,33,0
7941b,22432,953,34,0
7938b,22432,954,35,0
2957b,22432,955,36,0
2955b,22432,956,37,0
2931b,22432,957,38,0
1764b,22432,961,39,0
2930b,22432,963,40,0
827b,22432,964,41,0
3117b,22432,966,42,0
7965b,22432,967,43,0
2601b,22432,968,44,0
2207b,22432,970,45,0
7872b,22432,972,46,1
7871b,10605,915,1,0
1284b,10605,916,2,0
1777b,10605,917,3,0
2999b,10605,917,4,0
417b,10605,918,5,0
7877b,10605,919,6,0
7879b,10605,920,7,0
7882b,10605,921,8,0
7505b,10605,925,9,0
7511b,10605,926,10,0
7531b,10605,927,11,0
7517b,10605,927,12,0
7522b,10605,928,13,0
7497b,10605,929,14,0
7515b,10605,930,15,0
235b,10605,930,16,0
53b,10605,931,17,0
949b,10605,932,18,0
7940b,10605,933,19,0
3679b,10605,933,20,0
4002b,10605,934,21,0
4334b,10605,935,22,0
5455b,10605,935,23,0
6656b,10605,936,24,0
3991b,10605,937,25,0
3989b,10605,938,26,0
3987b,10605,938,27,0
3985b,10605,940,28,0
2991b,10605,941,29,0
6380b,10605,942,30,0
5948b,10605,943,31,0
5950b,10605,945,32,0
7934b,10605,947,33,0
7941b,10605,947,34,0
7938b,10605,948,35,0
2957b,10605,949,36,0
2955b,10605,950,37,0
2931b,10605,951,38,0
1764b,10605,954,39,0
2930b,10605,956,40,0
827b,10605,956,41,0
3117b,10605,958,42,0
7965b,10605,959,43,0
2601b,10605,960,44,0
2207b,10605,962,45,0
7872b,10605,964,46,1
7871b,19023,960,1,0
1284b,19023,961,2,0
1777b,19023,962,3,0
2999b,19023,962,4,0
417b,19023,963,5,0
7877b,19023,964,6,0
7879b,19023,965,7,0
7882b,19023,966,8,0
7505b,19023,970,9,0
7511b,19023,971,10,0
7531b,19023,972,11,0
7517b,19023,972,12,0
7522b,19023,973,13,0
7497b,19023,974,14,0
7515b,19023,975,15,0
235b,19023,975,16,0
53b,19023,976,17,0
949b,19023,977,18,0
7940b,19023,978,19,0
3679b,19023,979,20,0
4002b,19023,980,21,0
4334b,19023,980,22,0
5455b,19023,980,23,0
6656b,19023,981,24,0
3991b,19023,982,25,0
3989b,19023,983,26,0
3987b,19023,984,27,0
3985b,19023,985,28,0
2991b,19023,987,29,0
6380b,19023,988,30,0
5948b,19023,989,31,0
5950b,19023,991,32,0
7934b,19023,993,33,0
7941b,19023,993,34,0
7938b,19023,994,35,0
2957b,19023,995,36,0
2955b,19023,996,37,0
2931b,19023,997,38,0
1764b,19023,1000,39,0
2930b,19023,1002,40,0
827b,19023,1003,41,0
3117b,19023,1005,42,0
7965b,19023,1006,43,0
2601b,19023,1007,44,0
2207b,19023,1009,45,0
7872b,19023,1011,46,1
7872b,22685,1190,1,0
4050b,22685,1191,2,0
2629b,22685,1192,3,0
3116b,22685,1194,4,0
2586b,22685,1195,5,0
2929b,22685,1196,6,0
2570b,22685,1197,7,0
1769b,22685,1200,8,0
2954b,22685,1201,9,0
7939b,22685,1202,10,0
7942b,22685,1203,11,0
5313b,22685,1204,12,0
5951b,22685,1205,13,0
5949b,22685,1206,14,0
2990b,22685,1209,15,0
981b,22685,1209,16,0
3984b,22685,1210,17,0
3986b,22685,1211,18,0
3988b,22685,1212,19,0
3990b,22685,1212,20,0
6655b,22685,1213,21,0
4004b,22685,1213,22,0
4335b,22685,1214,23,0
4003b,22685,1215,24,0
2953b,22685,1215,25,0
2952b,22685,1216,26,0
2950b,22685,1217,27,0
3678b,22685,1217,28,0
7509b,22685,1218,29,0
7499b,22685,1219,30,0
7526b,22685,1219,31,0
7495b,22685,1220,32,0
7519b,22685,1221,33,0
7530b,22685,1222,34,0
7529b,22685,1223,35,0
7883b,22685,1225,36,0
7881b,22685,1228,37,0
7878b,22685,1229,38,0
7876b,22685,1230,39,0
3000b,22685,1231,40,0
2907b,22685,1232,41,0
3324b,22685,1232,42,0
376b,22685,1233,43,0
7871b,22685,1237,44,1
7872b,20211,560,1,0
4050b,20211,561,2,0
2629b,20211,562,3,0
3116b,20211,564,4,0
2586b,20211,565,5,0
2929b,20211,566,6,0
2570b,20211,568,7,0
1769b,20211,570,8,0
2954b,20211,572,9,0
7939b,20211,573,10,0
7942b,20211,574,11,0
5313b,20211,575,12,0
5951b,20211,576,13,0
5949b,20211,578,14,0
2990b,20211,581,15,0
981b,20211,581,16,0
3984b,20211,582,17,0
3986b,20211,584,18,0
3988b,20211,585,19,0
3990b,20211,586,20,0
6655b,20211,587,21,0
4004b,20211,587,22,0
4335b,20211,588,23,0
4003b,20211,589,24,0
2953b,20211,590,25,0
2952b,20211,591,26,0
2950b,20211,592,27,0
3678b,20211,593,28,0
7509b,20211,594,29,0
7499b,20211,595,30,0
7526b,20211,595,31,0
7495b,20211,596,32,0
7519b,20211,597,33,0
7530b,20211,598,34,0
7529b,20211,599,35,0
7883b,20211,601,36,0
7881b,20211,605,37,0
7878b,20211,606,38,0
7876b,20211,607,39,0
3000b,20211,608,40,0
2907b,20211,608,41,0
3324b,20211,609,42,0
376b,20211,610,43,0
7871b,20211,614,44,1
7871b,8270,1135,1,0
1284b,8270,1136,2,0
1777b,8270,1137,3,0
2999b,8270,1138,4,0
417b,8270,1138,5,0
7877b,8270,1139,6,0
7879b,8270,1140,7,0
7882b,8270,1141,8,0
7505b,8270,1146,9,0
7511b,8270,1147,10,0
7531b,8270,1148,11,0
7517b,8270,1148,12,0
7522b,8270,1149,13,0
7497b,8270,1150,14,0
7515b,8270,1151,15,0
235b,8270,1151,16,0
53b,8270,1152,17,0
949b,8270,1153,18,0
7940b,8270,1154,19,0
3679b,8270,1154,20,0
4002b,8270,1155,21,0
4334b,8270,1156,22,0
5455b,8270,1156,23,0
6656b,8270,1157,24,0
3991b,8270,1158,25,0
3989b,8270,1159,26,0
3987b,8270,1159,27,0
3985b,8270,1161,28,0
2991b,8270,1162,29,0
6380b,8270,1163,30,0
5948b,8270,1165,31,0
5950b,8270,1166,32,0
7934b,8270,1168,33,0
7941b,8270,1169,34,0
7938b,8270,1170,35,0
2957b,8270,1171,36,0
2955b,8270,1172,37,0
2931b,8270,1173,38,0
1764b,8270,1176,39,0
2930b,8270,1178,40,0
827b,8270,1178,41,0
3117b,8270,1180,42,0
7965b,8270,1181,43,0
2601b,8270,1182,44,0
2207b,8270,1184,45,0
7872b,8270,1186,46,1
7872b,17002,460,1,0
4050b,17002,461,2,0
2629b,17002,462,3,0
3116b,17002,464,4,0
2586b,17002,466,5,0
2929b,17002,467,6,0
2570b,17002,469,7,0
1769b,17002,471,8,0
2954b,17002,473,9,0
7939b,17002,474,10,0
7942b,17002,475,11,0
5313b,17002,476,12,0
5951b,17002,477,13,0
5949b,17002,479,14,0
2990b,17002,482,15,0
981b,17002,482,16,0
3984b,17002,483,17,0
3986b,17002,485,18,0
3988b,17002,486,19,0
3990b,17002,487,20,0
6655b,17002,488,21,0
4004b,17002,489,22,0
4335b,17002,490,23,0
4003b,17002,491,24,0
2953b,17002,492,25,0
2952b,17002,492,26,0
2950b,17002,494,27,0
3678b,17002,495,28,0
7509b,17002,496,29,0
7499b,17002,497,30,0
7526b,17002,497,31,0
7495b,17002,498,32,0
7519b,17002,500,33,0
7530b,17002,501,34,0
7529b,17002,502,35,0
7883b,17002,505,36,0
7881b,17002,510,37,0
7878b,17002,511,38,0
7876b,17002,512,39,0
3000b,17002,513,40,0
2907b,17002,514,41,0
3324b,17002,515,42,0
376b,17002,516,43,0
7871b,17002,520,44,1
7872b,17075,650,1,0
4050b,17075,651,2,0
2629b,17075,652,3,0
3116b,17075,654,4,0
2586b,17075,656,5,0
2929b,17075,657,6,0
2570b,17075,659,7,0
1769b,17075,661,8,0
2954b,17075,663,9,0
7939b,17075,664,10,0
7942b,17075,665,11,0
5313b,17075,666,12,0
5951b,17075,667,13,0
5949b,17075,669,14,0
2990b,17075,672,15,0
981b,17075,672,16,0
3984b,17075,673,17,0
3986b,17075,674,18,0
3988b,17075,675,19,0
3990b,17075,676,20,0
6655b,17075,677,21,0
4004b,17075,677,22,0
4335b,17075,678,23,0
4003b,17075,679,24,0
2953b,17075,680,25,0
2952b,17075,680,26,0
2950b,17075,681,27,0
3678b,17075,682,28,0
7509b,17075,683,29,0
7499b,17075,684,30,0
7526b,17075,684,31,0
7495b,17075,685,32,0
7519b,17075,687,33,0
7530b,17075,687,34,0
7529b,17075,688,35,0
7883b,17075,691,36,0
7881b,17075,695,37,0
7878b,17075,696,38,0
7876b,17075,698,39,0
3000b,17075,699,40,0
2907b,17075,699,41,0
3324b,17075,700,42,0
376b,17075,701,43,0
7871b,17075,705,44,1
7872b,17199,1010,1,0
4050b,17199,1011,2,0
2629b,17199,1012,3,0
3116b,17199,1014,4,0
2586b,17199,1016,5,0
2929b,17199,1017,6,0
2570b,17199,1019,7,0
1769b,17199,1021,8,0
2954b,17199,1023,9,0
7939b,17199,1024,10,0
7942b,17199,1025,11,0
5313b,17199,1026,12,0
5951b,17199,1027,13,0
5949b,17199,1029,14,0
2990b,17199,1032,15,0
981b,17199,1032,16,0
3984b,17199,1033,17,0
3986b,17199,1034,18,0
3988b,17199,1035,19,0
3990b,17199,1036,20,0
6655b,17199,1037,21,0
4004b,17199,1037,22,0
4335b,17199,1038,23,0
4003b,17199,1039,24,0
2953b,17199,1040,25,0
2952b,17199,1040,26,0
2950b,17199,1041,27,0
3678b,17199,1042,28,0
7509b,17199,1043,29,0
7499b,17199,1044,30,0
7526b,17199,1044,31,0
7495b,17199,1045,32,0
7519b,17199,1047,33,0
7530b,17199,1047,34,0
7529b,17199,1048,35,0
7883b,17199,1051,36,0
7881b,17199,1055,37,0
7878b,17199,1056,38,0
7876b,17199,1058,39,0
3000b,17199,1059,40,0
2907b,17199,1059,41,0
3324b,17199,1060,42,0
376b,17199,1061,43,0
7871b,17199,1065,44,1
7872b,8494,830,1,0
4050b,8494,831,2,0
2629b,8494,832,3,0
3116b,8494,834,4,0
2586b,8494,836,5,0
2929b,8494,837,6,0
2570b,8494,839,7,0
1769b,8494,841,8,0
2954b,8494,843,9,0
7939b,8494,844,10,0
7942b,8494,845,11,0
5313b,8494,846,12,0
5951b,8494,847,13,0
5949b,8494,849,14,0
2990b,8494,852,15,0
981b,8494,852,16,0
3984b,8494,853,17,0
3986b,8494,854,18,0
3988b,8494,855,19,0
3990b,8494,856,20,0
6655b,8494,857,21,0
4004b,8494,857,22,0
4335b,8494,858,23,0
4003b,8494,859,24,0
2953b,8494,860,25,0
2952b,8494,860,26,0
2950b,8494,861,27,0
3678b,8494,862,28,0
7509b,8494,863,29,0
7499b,8494,864,30,0
7526b,8494,864,31,0
7495b,8494,865,32,0
7519b,8494,867,33,0
7530b,8494,867,34,0
7529b,8494,868,35,0
7883b,8494,871,36,0
7881b,8494,875,37,0
7878b,8494,876,38,0
7876b,8494,878,39,0
3000b,8494,879,40,0
2907b,8494,879,41,0
3324b,8494,880,42,0
376b,8494,881,43,0
7871b,8494,885,44,1
7871b,20870,965,1,0
1284b,20870,966,2,0
1777b,20870,967,3,0
2999b,20870,967,4,0
417b,20870,968,5,0
7877b,20870,969,6,0
7879b,20870,970,7,0
7882b,20870,971,8,0
7505b,20870,975,9,0
7511b,20870,976,10,0
7531b,20870,977,11,0
7517b,20870,977,12,0
7522b,20870,978,13,0
7497b,20870,979,14,0
7515b,20870,980,15,0
235b,20870,980,16,0
53b,20870,981,17,0
949b,20870,982,18,0
7940b,20870,983,19,0
3679b,20870,983,20,0
4002b,20870,984,21,0
4334b,20870,985,22,0
5455b,20870,985,23,0
6656b,20870,986,24,0
3991b,20870,987,25,0
3989b,20870,988,26,0
3987b,20870,988,27,0
3985b,20870,990,28,0
2991b,20870,991,29,0
6380b,20870,992,30,0
5948b,20870,994,31,0
5950b,20870,995,32,0
7934b,20870,997,33,0
7941b,20870,998,34,0
7938b,20870,999,35,0
2957b,20870,1000,36,0
2955b,20870,1001,37,0
2931b,20870,1002,38,0
1764b,20870,1006,39,0
2930b,20870,1008,40,0
827b,20870,1009,41,0
3117b,20870,1011,42,0
7965b,20870,1012,43,0
2601b,20870,1013,44,0
2207b,20870,1015,45,0
7872b,20870,1017,46,1
7871b,29377,1175,1,0
1284b,29377,1176,2,0
1777b,29377,1177,3,0
2999b,29377,1177,4,0
417b,29377,1178,5,0
7877b,29377,1179,6,0
7879b,29377,1180,7,0
7882b,29377,1181,8,0
7505b,29377,1185,9,0
7511b,29377,1186,10,0
7531b,29377,1187,11,0
7517b,29377,1187,12,0
7522b,29377,1188,13,0
7497b,29377,1189,14,0
7515b,29377,1190,15,0
235b,29377,1190,16,0
53b,29377,1191,17,0
949b,29377,1192,18,0
7940b,29377,1193,19,0
3679b,29377,1193,20,0
4002b,29377,1194,21,0
4334b,29377,1195,22,0
5455b,29377,1195,23,0
6656b,29377,1196,24,0
3991b,29377,1197,25,0
3989b,29377,1198,26,0
3987b,29377,1198,27,0
3985b,29377,1200,28,0
2991b,29377,1201,29,0
6380b,29377,1202,30,0
5948b,29377,1203,31,0
5950b,29377,1205,32,0
7934b,29377,1207,33,0
7941b,29377,1207,34,0
7938b,29377,1208,35,0
2957b,29377,1209,36,0
2955b,29377,1210,37,0
2931b,29377,1211,38,0
1764b,29377,1214,39,0
2930b,29377,1216,40,0
827b,29377,1216,41,0
3117b,29377,1218,42,0
7965b,29377,1218,43,0
2601b,29377,1219,44,0
2207b,29377,1221,45,0
7872b,29377,1223,46,1
7872b,30332,605,1,0
4050b,30332,606,2,0
2629b,30332,607,3,0
3116b,30332,609,4,0
2586b,30332,611,5,0
2929b,30332,612,6,0
2570b,30332,614,7,0
1769b,30332,616,8,0
2954b,30332,618,9,0
7939b,30332,619,10,0
7942b,30332,620,11,0
5313b,30332,621,12,0
5951b,30332,622,13,0
5949b,30332,624,14,0
2990b,30332,627,15,0
981b,30332,627,16,0
3984b,30332,628,17,0
3986b,30332,629,18,0
3988b,30332,630,19,0
3990b,30332,631,20,0
6655b,30332,632,21,0
4004b,30332,632,22,0
4335b,30332,633,23,0
4003b,30332,634,24,0
2953b,30332,635,25,0
2952b,30332,635,26,0
2950b,30332,636,27,0
3678b,30332,637,28,0
7509b,30332,638,29,0
7499b,30332,639,30,0
7526b,30332,639,31,0
7495b,30332,640,32,0
7519b,30332,642,33,0
7530b,30332,642,34,0
7529b,30332,643,35,0
7883b,30332,646,36,0
7881b,30332,650,37,0
7878b,30332,651,38,0
7876b,30332,653,39,0
3000b,30332,654,40,0
2907b,30332,654,41,0
3324b,30332,655,42,0
376b,30332,656,43,0
7871b,30332,660,44,1
7871b,19965,1190,1,0
1284b,19965,1191,2,0
1777b,19965,1192,3,0
2999b,19965,1192,4,0
417b,19965,1193,5,0
7877b,19965,1193,6,0
7879b,19965,1194,7,0
7882b,19965,1195,8,0
7505b,19965,1199,9,0
7511b,19965,1200,10,0
7531b,19965,1201,11,0
7517b,19965,1201,12,0
7522b,19965,1202,13,0
7497b,19965,1203,14,0
7515b,19965,1204,15,0
235b,19965,1204,16,0
53b,19965,1205,17,0
949b,19965,1206,18,0
7940b,19965,1206,19,0
3679b,19965,1207,20,0
4002b,19965,1208,21,0
4334b,19965,1208,22,0
5455b,19965,1208,23,0
6656b,19965,1209,24,0
3991b,19965,1210,25,0
3989b,19965,1211,26,0
3987b,19965,1211,27,0
3985b,19965,1213,28,0
2991b,19965,1214,29,0
6380b,19965,1215,30,0
5948b,19965,1216,31,0
5950b,19965,1218,32,0
7934b,19965,1220,33,0
7941b,19965,1220,34,0
7938b,19965,1221,35,0
2957b,19965,1222,36,0
2955b,19965,1223,37,0
2931b,19965,1224,38,0
1764b,19965,1227,39,0
2930b,19965,1229,40,0
827b,19965,1229,41,0
3117b,19965,1231,42,0
7965b,19965,1232,43,0
2601b,19965,1233,44,0
2207b,19965,1235,45,0
7872b,19965,1237,46,1
7871b,6117,740,1,0
1284b,6117,741,2,0
1777b,6117,742,3,0
2999b,6117,742,4,0
417b,6117,743,5,0
7877b,6117,744,6,0
7879b,6117,745,7,0
7882b,6117,746,8,0
7505b,6117,750,9,0
7511b,6117,751,10,0
7531b,6117,752,11,0
7517b,6117,752,12,0
7522b,6117,753,13,0
7497b,6117,754,14,0
7515b,6117,755,15,0
235b,6117,755,16,0
53b,6117,756,17,0
949b,6117,757,18,0
7940b,6117,758,19,0
3679b,6117,758,20,0
4002b,6117,759,21,0
4334b,6117,760,22,0
5455b,6117,760,23,0
6656b,6117,761,24,0
3991b,6117,762,25,0
3989b,6117,763,26,0
3987b,6117,763,27,0
3985b,6117,765,28,0
2991b,6117,766,29,0
6380b,6117,767,30,0
5948b,6117,769,31,0
5950b,6117,770,32,0
7934b,6117,772,33,0
7941b,6117,773,34,0
7938b,6117,774,35,0
2957b,6117,775,36,0
2955b,6117,776,37,0
2931b,6117,777,38,0
1764b,6117,781,39,0
2930b,6117,783,40,0
827b,6117,784,41,0
3117b,6117,786,42,0
7965b,6117,787,43,0
2601b,6117,788,44,0
2207b,6117,790,45,0
7872b,6117,792,46,1
7872b,6169,610,1,0
4050b,6169,611,2,0
2629b,6169,612,3,0
3116b,6169,614,4,0
2586b,6169,615,5,0
2929b,6169,616,6,0
2570b,6169,618,7,0
1769b,6169,620,8,0
2954b,6169,622,9,0
7939b,6169,623,10,0
7942b,6169,624,11,0
5313b,6169,625,12,0
5951b,6169,626,13,0
5949b,6169,627,14,0
2990b,6169,630,15,0
981b,6169,630,16,0
3984b,6169,631,17,0
3986b,6169,633,18,0
3988b,6169,634,19,0
3990b,6169,635,20,0
6655b,6169,635,21,0
4004b,6169,636,22,0
4335b,6169,637,23,0
4003b,6169,637,24,0
2953b,6169,638,25,0
2952b,6169,639,26,0
2950b,6169,640,27,0
3678b,6169,641,28,0
7509b,6169,642,29,0
7499b,6169,643,30,0
7526b,6169,643,31,0
7495b,6169,644,32,0
7519b,6169,645,33,0
7530b,6169,646,34,0
7529b,6169,647,35,0
7883b,6169,649,36,0
7881b,6169,653,37,0
7878b,6169,654,38,0
7876b,6169,655,39,0
3000b,6169,656,40,0
2907b,6169,656,41,0
3324b,6169,657,42,0
376b,6169,658,43,0
7871b,6169,662,44,1
7871b,30513,400,1,0
1284b,30513,401,2,0
1777b,30513,402,3,0
2999b,30513,402,4,0
417b,30513,403,5,0
7877b,30513,403,6,0
7879b,30513,404,7,0
7882b,30513,405,8,0
7505b,30513,409,9,0
7511b,30513,410,10,0
7531b,30513,411,11,0
7517b,30513,411,12,0
7522b,30513,412,13,0
7497b,30513,413,14,0
7515b,30513,414,15,0
235b,30513,414,16,0
53b,30513,415,17,0
949b,30513,416,18,0
7940b,30513,416,19,0
3679b,30513,417,20,0
4002b,30513,418,21,0
4334b,30513,418,22,0
5455b,30513,418,23,0
6656b,30513,419,24,0
3991b,30513,420,25,0
3989b,30513,421,26,0
3987b,30513,421,27,0
3985b,30513,423,28,0
2991b,30513,424,29,0
6380b,30513,425,30,0
5948b,30513,427,31,0
5950b,30513,429,32,0
7934b,30513,431,33,0
7941b,30513,432,34,0
7938b,30513,433,35,0
2957b,30513,434,36,0
2955b,30513,435,37,0
2931b,30513,436,38,0
1764b,30513,440,39,0
2930b,30513,442,40,0
827b,30513,443,41,0
3117b,30513,445,42,0
7965b,30513,446,43,0
2601b,30513,447,44,0
2207b,30513,449,45,0
7872b,30513,451,46,1
7872b,6385,965,1,0
4050b,6385,966,2,0
2629b,6385,967,3,0
3116b,6385,969,4,0
2586b,6385,971,5,0
2929b,6385,972,6,0
2570b,6385,974,7,0
1769b,6385,976,8,0
2954b,6385,978,9,0
7939b,6385,979,10,0
7942b,6385,980,11,0
5313b,6385,981,12,0
5951b,6385,982,13,0
5949b,6385,984,14,0
2990b,6385,987,15,0
981b,6385,987,16,0
3984b,6385,988,17,0
3986b,6385,989,18,0
3988b,6385,990,19,0
3990b,6385,991,20,0
6655b,6385,992,21,0
4004b,6385,992,22,0
4335b,6385,993,23,0
4003b,6385,994,24,0
2953b,6385,995,25,0
2952b,6385,995,26,0
2950b,6385,996,27,0
3678b,6385,997,28,0
7509b,6385,998,29,0
7499b,6385,999,30,0
7526b,6385,999,31,0
7495b,6385,1000,32,0
7519b,6385,1002,33,0
7530b,6385,1002,34,0
7529b,6385,1003,35,0
7883b,6385,1006,36,0
7881b,6385,1010,37,0
7878b,6385,1011,38,0
7876b,6385,1013,39,0
3000b,6385,1014,40,0
2907b,6385,1014,41,0
3324b,6385,1015,42,0
376b,6385,1016,43,0
7871b,6385,1020,44,1
7872b,29665,875,1,0
4050b,29665,876,2,0
2629b,29665,877,3,0
3116b,29665,879,4,0
2586b,29665,881,5,0
2929b,29665,882,6,0
2570b,29665,884,7,0
1769b,29665,886,8,0
2954b,29665,888,9,0
7939b,29665,889,10,0
7942b,29665,890,11,0
5313b,29665,891,12,0
5951b,29665,892,13,0
5949b,29665,894,14,0
2990b,29665,897,15,0
981b,29665,897,16,0
3984b,29665,898,17,0
3986b,29665,899,18,0
3988b,29665,900,19,0
3990b,29665,901,20,0
6655b,29665,902,21,0
4004b,29665,902,22,0
4335b,29665,903,23,0
4003b,29665,904,24,0
2953b,29665,905,25,0
2952b,29665,905,26,0
2950b,29665,906,27,0
3678b,29665,907,28,0
7509b,29665,908,29,0
7499b,29665,909,30,0
7526b,29665,909,31,0
7495b,29665,910,32,0
7519b,29665,912,33,0
7530b,29665,912,34,0
7529b,29665,913,35,0
7883b,29665,916,36,0
7881b,29665,920,37,0
7878b,29665,921,38,0
7876b,29665,923,39,0
3000b,29665,924,40,0
2907b,29665,924,41,0
3324b,29665,925,42,0
376b,29665,926,43,0
7871b,29665,930,44,1
7871b,27133,1145,1,0
1284b,27133,1146,2,0
1777b,27133,1147,3,0
2999b,27133,1147,4,0
417b,27133,1148,5,0
7877b,27133,1148,6,0
7879b,27133,1149,7,0
7882b,27133,1150,8,0
7505b,27133,1154,9,0
7511b,27133,1155,10,0
7531b,27133,1156,11,0
7517b,27133,1156,12,0
7522b,27133,1157,13,0
7497b,27133,1158,14,0
7515b,27133,1159,15,0
235b,27133,1159,16,0
53b,27133,1160,17,0
949b,27133,1161,18,0
7940b,27133,1161,19,0
3679b,27133,1162,20,0
4002b,27133,1163,21,0
4334b,27133,1163,22,0
5455b,27133,1163,23,0
6656b,27133,1164,24,0
3991b,27133,1165,25,0
3989b,27133,1166,26,0
3987b,27133,1166,27,0
3985b,27133,1168,28,0
2991b,27133,1169,29,0
6380b,27133,1170,30,0
5948b,27133,1171,31,0
5950b,27133,1173,32,0
7934b,27133,1175,33,0
7941b,27133,1175,34,0
7938b,27133,1176,35,0
2957b,27133,1177,36,0
2955b,27133,1178,37,0
2931b,27133,1179,38,0
1764b,27133,1182,39,0
2930b,27133,1184,40,0
827b,27133,1184,41,0
3117b,27133,1186,42,0
7965b,27133,1187,43,0
2601b,27133,1188,44,0
2207b,27133,1190,45,0
7872b,27133,1192,46,1
7871b,30777,560,1,0
1284b,30777,561,2,0
1777b,30777,562,3,0
2999b,30777,562,4,0
417b,30777,563,5,0
7877b,30777,563,6,0
7879b,30777,564,7,0
7882b,30777,565,8,0
7505b,30777,569,9,0
7511b,30777,570,10,0
7531b,30777,571,11,0
7517b,30777,571,12,0
7522b,30777,572,13,0
7497b,30777,573,14,0
7515b,30777,574,15,0
235b,30777,574,16,0
53b,30777,575,17,0
949b,30777,576,18,0
7940b,30777,576,19,0
3679b,30777,577,20,0
4002b,30777,578,21,0
4334b,30777,578,22,0
5455b,30777,578,23,0
6656b,30777,579,24,0
3991b,30777,580,25,0
3989b,30777,581,26,0
3987b,30777,581,27,0
3985b,30777,583,28,0
2991b,30777,584,29,0
6380b,30777,585,30,0
5948b,30777,586,31,0
5950b,30777,588,32,0
7934b,30777,590,33,0
7941b,30777,590,34,0
7938b,30777,591,35,0
2957b,30777,592,36,0
2955b,30777,593,37,0
2931b,30777,594,38,0
1764b,30777,597,39,0
2930b,30777,599,40,0
827b,30777,599,41,0
3117b,30777,601,42,0
7965b,30777,602,43,0
2601b,30777,603,44,0
2207b,30777,605,45,0
7872b,30777,607,46,1
7872b,30817,1015,1,0
4050b,30817,1016,2,0
2629b,30817,1017,3,0
3116b,30817,1019,4,0
2586b,30817,1021,5,0
2929b,30817,1022,6,0
2570b,30817,1024,7,0
1769b,30817,1026,8,0
2954b,30817,1028,9,0
7939b,30817,1029,10,0
7942b,30817,1030,11,0
5313b,30817,1031,12,0
5951b,30817,1032,13,0
5949b,30817,1034,14,0
2990b,30817,1037,15,0
981b,30817,1037,16,0
3984b,30817,1038,17,0
3986b,30817,1040,18,0
3988b,30817,1041,19,0
3990b,30817,1042,20,0
6655b,30817,1043,21,0
4004b,30817,1043,22,0
4335b,30817,1044,23,0
4003b,30817,1045,24,0
2953b,30817,1046,25,0
2952b,30817,1047,26,0
2950b,30817,1048,27,0
3678b,30817,1049,28,0
7509b,30817,1050,29,0
7499b,30817,1051,30,0
7526b,30817,1051,31,0
7495b,30817,1052,32,0
7519b,30817,1054,33,0
7530b,30817,1055,34,0
7529b,30817,1056,35,0
7883b,30817,1059,36,0
7881b,30817,1063,37,0
7878b,30817,1064,38,0
7876b,30817,1066,39,0
3000b,30817,1067,40,0
2907b,30817,1067,41,0
3324b,30817,1068,42,0
376b,30817,1069,43,0
7871b,30817,1073,44,1
7871b,30926,830,1,0
1284b,30926,831,2,0
1777b,30926,832,3,0
2999b,30926,832,4,0
417b,30926,833,5,0
7877b,30926,834,6,0
7879b,30926,835,7,0
7882b,30926,836,8,0
7505b,30926,840,9,0
7511b,30926,841,10,0
7531b,30926,842,11,0
7517b,30926,842,12,0
7522b,30926,843,13,0
7497b,30926,844,14,0
7515b,30926,845,15,0
235b,30926,845,16,0
53b,30926,846,17,0
949b,30926,847,18,0
7940b,30926,848,19,0
3679b,30926,848,20,0
4002b,30926,849,21,0
4334b,30926,850,22,0
5455b,30926,850,23,0
6656b,30926,851,24,0
3991b,30926,852,25,0
3989b,30926,853,26,0
3987b,30926,853,27,0
3985b,30926,855,28,0
2991b,30926,856,29,0
6380b,30926,857,30,0
5948b,30926,859,31,0
5950b,30926,860,32,0
7934b,30926,862,33,0
7941b,30926,863,34,0
7938b,30926,864,35,0
2957b,30926,865,36,0
2955b,30926,866,37,0
2931b,30926,867,38,0
1764b,30926,871,39,0
2930b,30926,873,40,0
827b,30926,874,41,0
3117b,30926,876,42,0
7965b,30926,877,43,0
2601b,30926,878,44,0
2207b,30926,880,45,0
7872b,30926,882,46,1
7871b,29968,1045,1,0
1284b,29968,1046,2,0
1777b,29968,1047,3,0
2999b,29968,1048,4,0
417b,29968,1048,5,0
7877b,29968,1049,6,0
7879b,29968,1050,7,0
7882b,29968,1051,8,0
7505b,29968,1056,9,0
7511b,29968,1057,10,0
7531b,29968,1058,11,0
7517b,29968,1058,12,0
7522b,29968,1059,13,0
7497b,29968,1060,14,0
7515b,29968,1061,15,0
235b,29968,1061,16,0
53b,29968,1062,17,0
949b,29968,1063,18,0
7940b,29968,1064,19,0
3679b,29968,1065,20,0
4002b,29968,1066,21,0
4334b,29968,1066,22,0
5455b,29968,1066,23,0
6656b,29968,1067,24,0
3991b,29968,1068,25,0
3989b,29968,1069,26,0
3987b,29968,1070,27,0
3985b,29968,1071,28,0
2991b,29968,1073,29,0
6380b,29968,1074,30,0
5948b,29968,1076,31,0
5950b,29968,1077,32,0
7934b,29968,1079,33,0
7941b,29968,1080,34,0
7938b,29968,1081,35,0
2957b,29968,1082,36,0
2955b,29968,1083,37,0
2931b,29968,1084,38,0
1764b,29968,1088,39,0
2930b,29968,1090,40,0
827b,29968,1091,41,0
3117b,29968,1093,42,0
7965b,29968,1094,43,0
2601b,29968,1095,44,0
2207b,29968,1097,45,0
7872b,29968,1099,46,1
7871b,27696,785,1,0
1284b,27696,786,2,0
1777b,27696,787,3,0
2999b,27696,787,4,0
417b,27696,788,5,0
7877b,27696,789,6,0
7879b,27696,790,7,0
7882b,27696,791,8,0
7505b,27696,795,9,0
7511b,27696,796,10,0
7531b,27696,797,11,0
7517b,27696,797,12,0
7522b,27696,798,13,0
7497b,27696,799,14,0
7515b,27696,800,15,0
235b,27696,800,16,0
53b,27696,801,17,0
949b,27696,802,18,0
7940b,27696,803,19,0
3679b,27696,803,20,0
4002b,27696,804,21,0
4334b,27696,805,22,0
5455b,27696,805,23,0
6656b,27696,806,24,0
3991b,27696,807,25,0
3989b,27696,808,26,0
3987b,27696,808,27,0
3985b,27696,810,28,0
2991b,27696,811,29,0
6380b,27696,812,30,0
5948b,27696,814,31,0
5950b,27696,815,32,0
7934b,27696,817,33,0
7941b,27696,818,34,0
7938b,27696,819,35,0
2957b,27696,820,36,0
2955b,27696,821,37,0
2931b,27696,822,38,0
1764b,27696,826,39,0
2930b,27696,828,40,0
827b,27696,829,41,0
3117b,27696,831,42,0
7965b,27696,832,43,0
2601b,27696,833,44,0
2207b,27696,835,45,0
7872b,27696,837,46,1
7871b,13356,355,1,0
1284b,13356,356,2,0
1777b,13356,357,3,0
2999b,13356,357,4,0
417b,13356,358,5,0
7877b,13356,358,6,0
7879b,13356,359,7,0
7882b,13356,360,8,0
7505b,13356,364,9,0
7511b,13356,365,10,0
7531b,13356,366,11,0
7517b,13356,366,12,0
7522b,13356,367,13,0
7497b,13356,368,14,0
7515b,13356,369,15,0
235b,13356,369,16,0
53b,13356,370,17,0
949b,13356,371,18,0
7940b,13356,371,19,0
3679b,13356,372,20,0
4002b,13356,373,21,0
4334b,13356,373,22,0
5455b,13356,373,23,0
6656b,13356,374,24,0
3991b,13356,375,25,0
3989b,13356,376,26,0
3987b,13356,376,27,0
3985b,13356,378,28,0
2991b,13356,379,29,0
6380b,13356,379,30,0
5948b,13356,381,31,0
5950b,13356,382,32,0
7934b,13356,384,33,0
7941b,13356,385,34,0
7938b,13356,385,35,0
2957b,13356,386,36,0
2955b,13356,387,37,0
2931b,13356,388,38,0
1764b,13356,391,39,0
2930b,13356,393,40,0
827b,13356,393,41,0
3117b,13356,395,42,0
7965b,13356,395,43,0
2601b,13356,396,44,0
2207b,13356,398,45,0
7872b,13356,400,46,1
7871b,4780,780,1,0
1284b,4780,781,2,0
1777b,4780,782,3,0
2999b,4780,782,4,0
417b,4780,783,5,0
7877b,4780,784,6,0
7879b,4780,785,7,0
7882b,4780,786,8,0
7505b,4780,790,9,0
7511b,4780,791,10,0
7531b,4780,792,11,0
7517b,4780,792,12,0
7522b,4780,793,13,0
7497b,4780,794,14,0
7515b,4780,795,15,0
235b,4780,795,16,0
53b,4780,796,17,0
949b,4780,797,18,0
7940b,4780,798,19,0
3679b,4780,798,20,0
4002b,4780,799,21,0
4334b,4780,800,22,0
5455b,4780,800,23,0
6656b,4780,801,24,0
3991b,4780,802,25,0
3989b,4780,803,26,0
3987b,4780,803,27,0
3985b,4780,805,28,0
2991b,4780,806,29,0
6380b,4780,807,30,0
5948b,4780,808,31,0
5950b,4780,810,32,0
7934b,4780,812,33,0
7941b,4780,812,34,0
7938b,4780,813,35,0
2957b,4780,814,36,0
2955b,4780,815,37,0
2931b,4780,816,38,0
1764b,4780,819,39,0
2930b,4780,821,40,0
827b,4780,821,41,0
3117b,4780,823,42,0
7965b,4780,824,43,0
2601b,4780,825,44,0
2207b,4780,827,45,0
7872b,4780,829,46,1
7872b,4971,835,1,0
4050b,4971,836,2,0
2629b,4971,837,3,0
3116b,4971,839,4,0
2586b,4971,840,5,0
2929b,4971,841,6,0
2570b,4971,843,7,0
1769b,4971,845,8,0
2954b,4971,847,9,0
7939b,4971,848,10,0
7942b,4971,849,11,0
5313b,4971,850,12,0
5951b,4971,851,13,0
5949b,4971,852,14,0
2990b,4971,855,15,0
981b,4971,855,16,0
3984b,4971,856,17,0
3986b,4971,858,18,0
3988b,4971,859,19,0
3990b,4971,860,20,0
6655b,4971,860,21,0
4004b,4971,861,22,0
4335b,4971,862,23,0
4003b,4971,862,24,0
2953b,4971,863,25,0
2952b,4971,864,26,0
2950b,4971,865,27,0
3678b,4971,866,28,0
7509b,4971,867,29,0
7499b,4971,868,30,0
7526b,4971,868,31,0
7495b,4971,869,32,0
7519b,4971,870,33,0
7530b,4971,871,34,0
7529b,4971,872,35,0
7883b,4971,874,36,0
7881b,4971,878,37,0
7878b,4971,879,38,0
7876b,4971,880,39,0
3000b,4971,881,40,0
2907b,4971,881,41,0
3324b,4971,882,42,0
376b,4971,883,43,0
7871b,4971,887,44,1
7871b,13723,605,1,0
1284b,13723,606,2,0
1777b,13723,607,3,0
2999b,13723,607,4,0
417b,13723,608,5,0
7877b,13723,609,6,0
7879b,13723,610,7,0
7882b,13723,611,8,0
7505b,13723,615,9,0
7511b,13723,616,10,0
7531b,13723,617,11,0
7517b,13723,617,12,0
7522b,13723,618,13,0
7497b,13723,619,14,0
7515b,13723,620,15,0
235b,13723,620,16,0
53b,13723,621,17,0
949b,13723,622,18,0
7940b,13723,623,19,0
3679b,13723,623,20,0
4002b,13723,624,21,0
4334b,13723,625,22,0
5455b,13723,625,23,0
6656b,13723,626,24,0
3991b,13723,627,25,0
3989b,13723,628,26,0
3987b,13723,628,27,0
3985b,13723,630,28,0
2991b,13723,631,29,0
6380b,13723,632,30,0
5948b,13723,634,31,0
5950b,13723,635,32,0
7934b,13723,637,33,0
7941b,13723,638,34,0
7938b,13723,639,35,0
2957b,13723,640,36,0
2955b,13723,641,37,0
2931b,13723,642,38,0
1764b,13723,646,39,0
2930b,13723,648,40,0
827b,13723,649,41,0
3117b,13723,651,42,0
7965b,13723,652,43,0
2601b,13723,653,44,0
2207b,13723,655,45,0
7872b,13723,657,46,1
7872b,11200,880,1,0
4050b,11200,881,2,0
2629b,11200,882,3,0
3116b,11200,884,4,0
2586b,11200,885,5,0
2929b,11200,886,6,0
2570b,11200,888,7,0
1769b,11200,890,8,0
2954b,11200,892,9,0
7939b,11200,893,10,0
7942b,11200,894,11,0
5313b,11200,895,12,0
5951b,11200,896,13,0
5949b,11200,897,14,0
2990b,11200,900,15,0
981b,11200,900,16,0
3984b,11200,901,17,0
3986b,11200,903,18,0
3988b,11200,904,19,0
3990b,11200,905,20,0
6655b,11200,905,21,0
4004b,11200,906,22,0
4335b,11200,907,23,0
4003b,11200,907,24,0
2953b,11200,908,25,0
2952b,11200,909,26,0
2950b,11200,910,27,0
3678b,11200,911,28,0
7509b,11200,912,29,0
7499b,11200,913,30,0
7526b,11200,913,31,0
7495b,11200,914,32,0
7519b,11200,915,33,0
7530b,11200,916,34,0
7529b,11200,917,35,0
7883b,11200,919,36,0
7881b,11200,923,37,0
7878b,11200,924,38,0
7876b,11200,925,39,0
3000b,11200,926,40,0
2907b,11200,926,41,0
3324b,11200,927,42,0
376b,11200,928,43,0
7871b,11200,932,44,1
7871b,13838,650,1,0
1284b,13838,651,2,0
1777b,13838,652,3,0
2999b,13838,652,4,0
417b,13838,653,5,0
7877b,13838,654,6,0
7879b,13838,655,7,0
7882b,13838,656,8,0
7505b,13838,660,9,0
7511b,13838,661,10,0
7531b,13838,662,11,0
7517b,13838,662,12,0
7522b,13838,663,13,0
7497b,13838,664,14,0
7515b,13838,665,15,0
235b,13838,665,16,0
53b,13838,666,17,0
949b,13838,667,18,0
7940b,13838,668,19,0
3679b,13838,668,20,0
4002b,13838,669,21,0
4334b,13838,670,22,0
5455b,13838,670,23,0
6656b,13838,671,24,0
3991b,13838,672,25,0
3989b,13838,673,26,0
3987b,13838,673,27,0
3985b,13838,675,28,0
2991b,13838,676,29,0
6380b,13838,677,30,0
5948b,13838,679,31,0
5950b,13838,680,32,0
7934b,13838,682,33,0
7941b,13838,683,34,0
7938b,13838,684,35,0
2957b,13838,685,36,0
2955b,13838,686,37,0
2931b,13838,687,38,0
1764b,13838,691,39,0
2930b,13838,693,40,0
827b,13838,694,41,0
3117b,13838,696,42,0
7965b,13838,697,43,0
2601b,13838,698,44,0
2207b,13838,700,45,0
7872b,13838,702,46,1
7872b,13922,970,1,0
4050b,13922,971,2,0
2629b,13922,972,3,0
3116b,13922,974,4,0
2586b,13922,975,5,0
2929b,13922,976,6,0
2570b,13922,978,7,0
1769b,13922,980,8,0
2954b,13922,982,9,0
7939b,13922,983,10,0
7942b,13922,984,11,0
5313b,13922,985,12,0
5951b,13922,986,13,0
5949b,13922,987,14,0
2990b,13922,990,15,0
981b,13922,990,16,0
3984b,13922,991,17,0
3986b,13922,993,18,0
3988b,13922,994,19,0
3990b,13922,995,20,0
6655b,13922,996,21,0
4004b,13922,996,22,0
4335b,13922,997,23,0
4003b,13922,998,24,0
2953b,13922,999,25,0
2952b,13922,1000,26,0
2950b,13922,1001,27,0
3678b,13922,1002,28,0
7509b,13922,1003,29,0
7499b,13922,1004,30,0
7526b,13922,1004,31,0
7495b,13922,1005,32,0
7519b,13922,1007,33,0
7530b,13922,1008,34,0
7529b,13922,1009,35,0
7883b,13922,1012,36,0
7881b,13922,1016,37,0
7878b,13922,1017,38,0
7876b,13922,1019,39,0
3000b,13922,1020,40,0
2907b,13922,1020,41,0
3324b,13922,1021,42,0
376b,13922,1022,43,0
7871b,13922,1026,44,1
7872b,23289,515,1,0
4050b,23289,516,2,0
2629b,23289,517,3,0
3116b,23289,519,4,0
2586b,23289,520,5,0
2929b,23289,521,6,0
2570b,23289,522,7,0
1769b,23289,525,8,0
2954b,23289,526,9,0
7939b,23289,527,10,0
7942b,23289,528,11,0
5313b,23289,529,12,0
5951b,23289,530,13,0
5949b,23289,531,14,0
2990b,23289,534,15,0
981b,23289,534,16,0
3984b,23289,535,17,0
3986b,23289,536,18,0
3988b,23289,537,19,0
3990b,23289,537,20,0
6655b,23289,538,21,0
4004b,23289,538,22,0
4335b,23289,539,23,0
4003b,23289,540,24,0
2953b,23289,540,25,0
2952b,23289,541,26,0
2950b,23289,542,27,0
3678b,23289,542,28,0
7509b,23289,543,29,0
7499b,23289,544,30,0
7526b,23289,544,31,0
7495b,23289,545,32,0
7519b,23289,546,33,0
7530b,23289,547,34,0
7529b,23289,548,35,0
7883b,23289,550,36,0
7881b,23289,553,37,0
7878b,23289,554,38,0
7876b,23289,555,39,0
3000b,23289,556,40,0
2907b,23289,557,41,0
3324b,23289,557,42,0
376b,23289,558,43,0
7871b,23289,562,44,1
7871b,11448,470,1,0
1284b,11448,471,2,0
1777b,11448,472,3,0
2999b,11448,472,4,0
417b,11448,473,5,0
7877b,11448,473,6,0
7879b,11448,474,7,0
7882b,11448,475,8,0
7505b,11448,479,9,0
7511b,11448,480,10,0
7531b,11448,481,11,0
7517b,11448,481,12,0
7522b,11448,482,13,0
7497b,11448,483,14,0
7515b,11448,484,15,0
235b,11448,484,16,0
53b,11448,485,17,0
949b,11448,486,18,0
7940b,11448,486,19,0
3679b,11448,487,20,0
4002b,11448,488,21,0
4334b,11448,488,22,0
5455b,11448,488,23,0
6656b,11448,489,24,0
3991b,11448,490,25,0
3989b,11448,491,26,0
3987b,11448,491,27,0
3985b,11448,493,28,0
2991b,11448,494,29,0
6380b,11448,495,30,0
5948b,11448,496,31,0
5950b,11448,498,32,0
7934b,11448,500,33,0
7941b,11448,500,34,0
7938b,11448,501,35,0
2957b,11448,502,36,0
2955b,11448,503,37,0
2931b,11448,504,38,0
1764b,11448,507,39,0
2930b,11448,509,40,0
827b,11448,509,41,0
3117b,11448,511,42,0
7965b,11448,511,43,0
2601b,11448,512,44,0
2207b,11448,514,45,0
7872b,11448,516,46,1
7871b,23618,870,1,0
1284b,23618,871,2,0
1777b,23618,872,3,0
2999b,23618,872,4,0
417b,23618,873,5,0
7877b,23618,874,6,0
7879b,23618,875,7,0
7882b,23618,876,8,0
7505b,23618,880,9,0
7511b,23618,881,10,0
7531b,23618,882,11,0
7517b,23618,882,12,0
7522b,23618,883,13,0
7497b,23618,884,14,0
7515b,23618,885,15,0
235b,23618,885,16,0
53b,23618,886,17,0
949b,23618,887,18,0
7940b,23618,888,19,0
3679b,23618,888,20,0
4002b,23618,889,21,0
4334b,23618,890,22,0
5455b,23618,890,23,0
6656b,23618,891,24,0
3991b,23618,892,25,0
3989b,23618,893,26,0
3987b,23618,893,27,0
3985b,23618,895,28,0
2991b,23618,896,29,0
6380b,23618,897,30,0
5948b,23618,898,31,0
5950b,23618,900,32,0
7934b,23618,902,33,0
7941b,23618,902,34,0
7938b,23618,903,35,0
2957b,23618,904,36,0
2955b,23618,905,37,0
2931b,23618,906,38,0
1764b,23618,909,39,0
2930b,23618,911,40,0
827b,23618,911,41,0
3117b,23618,913,42,0
7965b,23618,914,43,0
2601b,23618,915,44,0
2207b,23618,917,45,0
7872b,23618,919,46,1
7871b,21098,640,1,0
1284b,21098,641,2,0
1777b,21098,642,3,0
2999b,21098,642,4,0
417b,21098,643,5,0
7877b,21098,644,6,0
7879b,21098,645,7,0
7882b,21098,646,8,0
7505b,21098,650,9,0
7511b,21098,651,10,0
7531b,21098,652,11,0
7517b,21098,652,12,0
7522b,21098,653,13,0
7497b,21098,654,14,0
7515b,21098,655,15,0
235b,21098,655,16,0
53b,21098,656,17,0
949b,21098,657,18,0
7940b,21098,658,19,0
3679b,21098,658,20,0
4002b,21098,659,21,0
4334b,21098,660,22,0
5455b,21098,660,23,0
6656b,21098,661,24,0
3991b,21098,662,25,0
3989b,21098,663,26,0
3987b,21098,663,27,0
3985b,21098,665,28,0
2991b,21098,666,29,0
6380b,21098,667,30,0
5948b,21098,668,31,0
5950b,21098,670,32,0
7934b,21098,672,33,0
7941b,21098,672,34,0
7938b,21098,673,35,0
2957b,21098,674,36,0
2955b,21098,675,37,0
2931b,21098,676,38,0
1764b,21098,679,39,0
2930b,21098,681,40,0
827b,21098,681,41,0
3117b,21098,683,42,0
7965b,21098,684,43,0
2601b,21098,685,44,0
2207b,21098,687,45,0
7872b,21098,689,46,1
7871b,31002,1100,1,0
1284b,31002,1101,2,0
1777b,31002,1102,3,0
2999b,31002,1102,4,0
417b,31002,1103,5,0
7877b,31002,1104,6,0
7879b,31002,1105,7,0
7882b,31002,1106,8,0
7505b,31002,1110,9,0
7511b,31002,1111,10,0
7531b,31002,1112,11,0
7517b,31002,1112,12,0
7522b,31002,1113,13,0
7497b,31002,1114,14,0
7515b,31002,1115,15,0
235b,31002,1115,16,0
53b,31002,1116,17,0
949b,31002,1117,18,0
7940b,31002,1118,19,0
3679b,31002,1118,20,0
4002b,31002,1119,21,0
4334b,31002,1120,22,0
5455b,31002,1120,23,0
6656b,31002,1121,24,0
3991b,31002,1122,25,0
3989b,31002,1123,26,0
3987b,31002,1123,27,0
3985b,31002,1125,28,0
2991b,31002,1126,29,0
6380b,31002,1127,30,0
5948b,31002,1129,31,0
5950b,31002,1130,32,0
7934b,31002,1132,33,0
7941b,31002,1133,34,0
7938b,31002,1134,35,0
2957b,31002,1135,36,0
2955b,31002,1136,37,0
2931b,31002,1137,38,0
1764b,31002,1141,39,0
2930b,31002,1143,40,0
827b,31002,1143,41,0
3117b,31002,1145,42,0
7965b,31002,1146,43,0
2601b,31002,1147,44,0
2207b,31002,1149,45,0
7872b,31002,1151,46,1
7872b,18191,785,1,0
4050b,18191,786,2,0
2629b,18191,787,3,0
3116b,18191,789,4,0
2586b,18191,791,5,0
2929b,18191,792,6,0
2570b,18191,794,7,0
1769b,18191,796,8,0
2954b,18191,798,9,0
7939b,18191,799,10,0
7942b,18191,800,11,0
5313b,18191,801,12,0
5951b,18191,802,13,0
5949b,18191,804,14,0
2990b,18191,807,15,0
981b,18191,807,16,0
3984b,18191,808,17,0
3986b,18191,809,18,0
3988b,18191,810,19,0
3990b,18191,811,20,0
6655b,18191,812,21,0
4004b,18191,812,22,0
4335b,18191,813,23,0
4003b,18191,814,24,0
2953b,18191,815,25,0
2952b,18191,815,26,0
2950b,18191,816,27,0
3678b,18191,817,28,0
7509b,18191,818,29,0
7499b,18191,819,30,0
7526b,18191,819,31,0
7495b,18191,820,32,0
7519b,18191,822,33,0
7530b,18191,822,34,0
7529b,18191,823,35,0
7883b,18191,826,36,0
7881b,18191,830,37,0
7878b,18191,831,38,0
7876b,18191,833,39,0
3000b,18191,834,40,0
2907b,18191,834,41,0
3324b,18191,835,42,0
376b,18191,836,43,0
7871b,18191,840,44,1
7872b,9511,1055,1,0
4050b,9511,1056,2,0
2629b,9511,1057,3,0
3116b,9511,1059,4,0
2586b,9511,1061,5,0
2929b,9511,1062,6,0
2570b,9511,1064,7,0
1769b,9511,1066,8,0
2954b,9511,1068,9,0
7939b,9511,1069,10,0
7942b,9511,1070,11,0
5313b,9511,1071,12,0
5951b,9511,1072,13,0
5949b,9511,1074,14,0
2990b,9511,1077,15,0
981b,9511,1077,16,0
3984b,9511,1078,17,0
3986b,9511,1079,18,0
3988b,9511,1080,19,0
3990b,9511,1081,20,0
6655b,9511,1082,21,0
4004b,9511,1082,22,0
4335b,9511,1083,23,0
4003b,9511,1084,24,0
2953b,9511,1085,25,0
2952b,9511,1085,26,0
2950b,9511,1086,27,0
3678b,9511,1087,28,0
7509b,9511,1088,29,0
7499b,9511,1089,30,0
7526b,9511,1089,31,0
7495b,9511,1090,32,0
7519b,9511,1092,33,0
7530b,9511,1092,34,0
7529b,9511,1093,35,0
7883b,9511,1096,36,0
7881b,9511,1100,37,0
7878b,9511,1101,38,0
7876b,9511,1103,39,0
3000b,9511,1104,40,0
2907b,9511,1104,41,0
3324b,9511,1105,42,0
376b,9511,1106,43,0
7871b,9511,1110,44,1
7871b,9991,540,1,0
1284b,9991,541,2,0
1777b,9991,542,3,0
2999b,9991,542,4,0
417b,9991,543,5,0
7877b,9991,544,6,0
7879b,9991,545,7,0
7882b,9991,546,8,0
7505b,9991,550,9,0
7511b,9991,551,10,0
7531b,9991,552,11,0
7517b,9991,552,12,0
7522b,9991,553,13,0
7497b,9991,554,14,0
7515b,9991,555,15,0
235b,9991,555,16,0
53b,9991,556,17,0
949b,9991,557,18,0
7940b,9991,558,19,0
3679b,9991,558,20,0
4002b,9991,559,21,0
4334b,9991,560,22,0
5455b,9991,560,23,0
6656b,9991,561,24,0
3991b,9991,562,25,0
3989b,9991,563,26,0
3987b,9991,563,27,0
3985b,9991,565,28,0
2991b,9991,566,29,0
6380b,9991,567,30,0
5948b,9991,568,31,0
5950b,9991,570,32,0
7934b,9991,572,33,0
7941b,9991,572,34,0
7938b,9991,573,35,0
2957b,9991,574,36,0
2955b,9991,575,37,0
2931b,9991,576,38,0
1764b,9991,579,39,0
2930b,9991,581,40,0
827b,9991,581,41,0
3117b,9991,583,42,0
7965b,9991,584,43,0
2601b,9991,585,44,0
2207b,9991,587,45,0
7872b,9991,589,46,1
7872b,28161,920,1,0
4050b,28161,921,2,0
2629b,28161,922,3,0
3116b,28161,924,4,0
2586b,28161,926,5,0
2929b,28161,927,6,0
2570b,28161,929,7,0
1769b,28161,931,8,0
2954b,28161,933,9,0
7939b,28161,934,10,0
7942b,28161,935,11,0
5313b,28161,936,12,0
5951b,28161,937,13,0
5949b,28161,939,14,0
2990b,28161,942,15,0
981b,28161,942,16,0
3984b,28161,943,17,0
3986b,28161,944,18,0
3988b,28161,945,19,0
3990b,28161,946,20,0
6655b,28161,947,21,0
4004b,28161,947,22,0
4335b,28161,948,23,0
4003b,28161,949,24,0
2953b,28161,950,25,0
2952b,28161,950,26,0
2950b,28161,951,27,0
3678b,28161,952,28,0
7509b,28161,953,29,0
7499b,28161,954,30,0
7526b,28161,954,31,0
7495b,28161,955,32,0
7519b,28161,957,33,0
7530b,28161,957,34,0
7529b,28161,958,35,0
7883b,28161,961,36,0
7881b,28161,965,37,0
7878b,28161,966,38,0
7876b,28161,968,39,0
3000b,28161,969,40,0
2907b,28161,969,41,0
3324b,28161,970,42,0
376b,28161,971,43,0
7871b,28161,975,44,1
7872b,18740,1145,1,0
4050b,18740,1146,2,0
2629b,18740,1147,3,0
3116b,18740,1149,4,0
2586b,18740,1150,5,0
2929b,18740,1151,6,0
2570b,18740,1152,7,0
1769b,18740,1155,8,0
2954b,18740,1156,9,0
7939b,18740,1157,10,0
7942b,18740,1158,11,0
5313b,18740,1159,12,0
5951b,18740,1160,13,0
5949b,18740,1161,14,0
2990b,18740,1164,15,0
981b,18740,1164,16,0
3984b,18740,1165,17,0
3986b,18740,1166,18,0
3988b,18740,1167,19,0
3990b,18740,1167,20,0
6655b,18740,1168,21,0
4004b,18740,1168,22,0
4335b,18740,1169,23,0
4003b,18740,1170,24,0
2953b,18740,1170,25,0
2952b,18740,1171,26,0
2950b,18740,1172,27,0
3678b,18740,1172,28,0
7509b,18740,1173,29,0
7499b,18740,1174,30,0
7526b,18740,1174,31,0
7495b,18740,1175,32,0
7519b,18740,1176,33,0
7530b,18740,1177,34,0
7529b,18740,1178,35,0
7883b,18740,1180,36,0
7881b,18740,1183,37,0
7878b,18740,1184,38,0
7876b,18740,1185,39,0
3000b,18740,1186,40,0
2907b,18740,1187,41,0
3324b,18740,1187,42,0
376b,18740,1188,43,0
7871b,18740,1192,44,1
7871b,542,875,1,0
1284b,542,876,2,0
1777b,542,877,3,0
2999b,542,877,4,0
417b,542,878,5,0
7877b,542,879,6,0
7879b,542,880,7,0
7882b,542,881,8,0
7505b,542,885,9,0
7511b,542,886,10,0
7531b,542,887,11,0
7517b,542,887,12,0
7522b,542,888,13,0
7497b,542,889,14,0
7515b,542,890,15,0
235b,542,890,16,0
53b,542,891,17,0
949b,542,892,18,0
7940b,542,893,19,0
3679b,542,893,20,0
4002b,542,894,21,0
4334b,542,895,22,0
5455b,542,895,23,0
6656b,542,896,24,0
3991b,542,897,25,0
3989b,542,898,26,0
3987b,542,898,27,0
3985b,542,900,28,0
2991b,542,901,29,0
6380b,542,902,30,0
5948b,542,904,31,0
5950b,542,905,32,0
7934b,542,907,33,0
7941b,542,908,34,0
7938b,542,909,35,0
2957b,542,910,36,0
2955b,542,911,37,0
2931b,542,912,38,0
1764b,542,916,39,0
2930b,542,918,40,0
827b,542,919,41,0
3117b,542,921,42,0
7965b,542,922,43,0
2601b,542,923,44,0
2207b,542,925,45,0
7872b,542,927,46,1
7872b,16378,790,1,0
4050b,16378,791,2,0
2629b,16378,792,3,0
3116b,16378,794,4,0
2586b,16378,795,5,0
2929b,16378,796,6,0
2570b,16378,798,7,0
1769b,16378,800,8,0
2954b,16378,802,9,0
7939b,16378,803,10,0
7942b,16378,804,11,0
5313b,16378,805,12,0
5951b,16378,806,13,0
5949b,16378,807,14,0
2990b,16378,810,15,0
981b,16378,810,16,0
3984b,16378,811,17,0
3986b,16378,813,18,0
3988b,16378,814,19,0
3990b,16378,815,20,0
6655b,16378,815,21,0
4004b,16378,816,22,0
4335b,16378,817,23,0
4003b,16378,817,24,0
2953b,16378,818,25,0
2952b,16378,819,26,0
2950b,16378,820,27,0
3678b,16378,821,28,0
7509b,16378,822,29,0
7499b,16378,823,30,0
7526b,16378,823,31,0
7495b,16378,824,32,0
7519b,16378,825,33,0
7530b,16378,826,34,0
7529b,16378,827,35,0
7883b,16378,829,36,0
7881b,16378,833,37,0
7878b,16378,834,38,0
7876b,16378,835,39,0
3000b,16378,836,40,0
2907b,16378,836,41,0
3324b,16378,837,42,0
376b,16378,838,43,0
7871b,16378,842,44,1
7872b,724,470,1,0
4050b,724,471,2,0
2629b,724,472,3,0
3116b,724,474,4,0
2586b,724,475,5,0
2929b,724,476,6,0
2570b,724,477,7,0
1769b,724,480,8,0
2954b,724,481,9,0
7939b,724,482,10,0
7942b,724,483,11,0
5313b,724,484,12,0
5951b,724,485,13,0
5949b,724,486,14,0
2990b,724,489,15,0
981b,724,489,16,0
3984b,724,490,17,0
3986b,724,491,18,0
3988b,724,492,19,0
3990b,724,492,20,0
6655b,724,493,21,0
4004b,724,493,22,0
4335b,724,494,23,0
4003b,724,495,24,0
2953b,724,495,25,0
2952b,724,496,26,0
2950b,724,497,27,0
3678b,724,497,28,0
7509b,724,498,29,0
7499b,724,499,30,0
7526b,724,499,31,0
7495b,724,500,32,0
7519b,724,501,33,0
7530b,724,502,34,0
7529b,724,503,35,0
7883b,724,505,36,0
7881b,724,508,37,0
7878b,724,509,38,0
7876b,724,510,39,0
3000b,724,511,40,0
2907b,724,512,41,0
3324b,724,512,42,0
376b,724,513,43,0
7871b,724,517,44,1
7872b,5105,745,1,0
4050b,5105,746,2,0
2629b,5105,747,3,0
3116b,5105,749,4,0
2586b,5105,750,5,0
2929b,5105,751,6,0
2570b,5105,753,7,0
1769b,5105,755,8,0
2954b,5105,757,9,0
7939b,5105,758,10,0
7942b,5105,759,11,0
5313b,5105,760,12,0
5951b,5105,761,13,0
5949b,5105,762,14,0
2990b,5105,765,15,0
981b,5105,765,16,0
3984b,5105,766,17,0
3986b,5105,768,18,0
3988b,5105,769,19,0
3990b,5105,770,20,0
6655b,5105,770,21,0
4004b,5105,771,22,0
4335b,5105,772,23,0
4003b,5105,772,24,0
2953b,5105,773,25,0
2952b,5105,774,26,0
2950b,5105,775,27,0
3678b,5105,776,28,0
7509b,5105,777,29,0
7499b,5105,778,30,0
7526b,5105,778,31,0
7495b,5105,779,32,0
7519b,5105,780,33,0
7530b,5105,781,34,0
7529b,5105,782,35,0
7883b,5105,784,36,0
7881b,5105,788,37,0
7878b,5105,789,38,0
7876b,5105,790,39,0
3000b,5105,791,40,0
2907b,5105,791,41,0
3324b,5105,792,42,0
376b,5105,793,43,0
7871b,5105,797,44,1
7872b,7784,655,1,0
4050b,7784,656,2,0
2629b,7784,657,3,0
3116b,7784,659,4,0
2586b,7784,660,5,0
2929b,7784,661,6,0
2570b,7784,663,7,0
1769b,7784,665,8,0
2954b,7784,667,9,0
7939b,7784,668,10,0
7942b,7784,669,11,0
5313b,7784,670,12,0
5951b,7784,671,13,0
5949b,7784,672,14,0
2990b,7784,675,15,0
981b,7784,675,16,0
3984b,7784,676,17,0
3986b,7784,678,18,0
3988b,7784,679,19,0
3990b,7784,680,20,0
6655b,7784,680,21,0
4004b,7784,681,22,0
4335b,7784,682,23,0
4003b,7784,682,24,0
2953b,7784,683,25,0
2952b,7784,684,26,0
2950b,7784,685,27,0
3678b,7784,686,28,0
7509b,7784,687,29,0
7499b,7784,688,30,0
7526b,7784,688,31,0
7495b,7784,689,32,0
7519b,7784,690,33,0
7530b,7784,691,34,0
7529b,7784,692,35,0
7883b,7784,694,36,0
7881b,7784,698,37,0
7878b,7784,699,38,0
7876b,7784,700,39,0
3000b,7784,701,40,0
2907b,7784,701,41,0
3324b,7784,702,42,0
376b,7784,703,43,0
7871b,7784,707,44,1
7871b,968,1010,1,0
1284b,968,1011,2,0
1777b,968,1012,3,0
2999b,968,1013,4,0
417b,968,1013,5,0
7877b,968,1014,6,0
7879b,968,1015,7,0
7882b,968,1016,8,0
7505b,968,1021,9,0
7511b,968,1022,10,0
7531b,968,1023,11,0
7517b,968,1023,12,0
7522b,968,1024,13,0
7497b,968,1025,14,0
7515b,968,1026,15,0
235b,968,1026,16,0
53b,968,1027,17,0
949b,968,1028,18,0
7940b,968,1029,19,0
3679b,968,1030,20,0
4002b,968,1031,21,0
4334b,968,1031,22,0
5455b,968,1031,23,0
6656b,968,1032,24,0
3991b,968,1033,25,0
3989b,968,1034,26,0
3987b,968,1035,27,0
3985b,968,1036,28,0
2991b,968,1038,29,0
6380b,968,1039,30,0
5948b,968,1041,31,0
5950b,968,1042,32,0
7934b,968,1044,33,0
7941b,968,1045,34,0
7938b,968,1046,35,0
2957b,968,1047,36,0
2955b,968,1048,37,0
2931b,968,1049,38,0
1764b,968,1052,39,0
2930b,968,1054,40,0
827b,968,1055,41,0
3117b,968,1057,42,0
7965b,968,1058,43,0
2601b,968,1059,44,0
2207b,968,1061,45,0
7872b,968,1063,46,1
7871b,26058,1055,1,0
1284b,26058,1056,2,0
1777b,26058,1057,3,0
2999b,26058,1057,4,0
417b,26058,1058,5,0
7877b,26058,1059,6,0
7879b,26058,1060,7,0
7882b,26058,1061,8,0
7505b,26058,1065,9,0
7511b,26058,1066,10,0
7531b,26058,1067,11,0
7517b,26058,1067,12,0
7522b,26058,1068,13,0
7497b,26058,1069,14,0
7515b,26058,1070,15,0
235b,26058,1070,16,0
53b,26058,1071,17,0
949b,26058,1072,18,0
7940b,26058,1073,19,0
3679b,26058,1073,20,0
4002b,26058,1074,21,0
4334b,26058,1075,22,0
5455b,26058,1075,23,0
6656b,26058,1076,24,0
3991b,26058,1077,25,0
3989b,26058,1078,26,0
3987b,26058,1078,27,0
3985b,26058,1080,28,0
2991b,26058,1081,29,0
6380b,26058,1082,30,0
5948b,26058,1084,31,0
5950b,26058,1085,32,0
7934b,26058,1087,33,0
7941b,26058,1088,34,0
7938b,26058,1089,35,0
2957b,26058,1090,36,0
2955b,26058,1091,37,0
2931b,26058,1092,38,0
1764b,26058,1096,39,0
2930b,26058,1098,40,0
827b,26058,1099,41,0
3117b,26058,1101,42,0
7965b,26058,1102,43,0
2601b,26058,1103,44,0
2207b,26058,1105,45,0
7872b,26058,1107,46,1
7871b,7955,695,1,0
1284b,7955,696,2,0
1777b,7955,697,3,0
2999b,7955,697,4,0
417b,7955,698,5,0
7877b,7955,699,6,0
7879b,7955,700,7,0
7882b,7955,701,8,0
7505b,7955,705,9,0
7511b,7955,706,10,0
7531b,7955,707,11,0
7517b,7955,707,12,0
7522b,7955,708,13,0
7497b,7955,709,14,0
7515b,7955,710,15,0
235b,7955,710,16,0
53b,7955,711,17,0
949b,7955,712,18,0
7940b,7955,713,19,0
3679b,7955,713,20,0
4002b,7955,714,21,0
4334b,7955,715,22,0
5455b,7955,715,23,0
6656b,7955,716,24,0
3991b,7955,717,25,0
3989b,7955,718,26,0
3987b,7955,718,27,0
3985b,7955,720,28,0
2991b,7955,721,29,0
6380b,7955,722,30,0
5948b,7955,724,31,0
5950b,7955,725,32,0
7934b,7955,727,33,0
7941b,7955,728,34,0
7938b,7955,729,35,0
2957b,7955,730,36,0
2955b,7955,731,37,0
2931b,7955,732,38,0
1764b,7955,736,39,0
2930b,7955,738,40,0
827b,7955,739,41,0
3117b,7955,741,42,0
7965b,7955,742,43,0
2601b,7955,743,44,0
2207b,7955,745,45,0
7872b,7955,747,46,1
7872b,16883,1105,1,0
4050b,16883,1106,2,0
2629b,16883,1107,3,0
3116b,16883,1109,4,0
2586b,16883,1111,5,0
2929b,16883,1112,6,0
2570b,16883,1114,7,0
1769b,16883,1116,8,0
2954b,16883,1118,9,0
7939b,16883,1119,10,0
7942b,16883,1120,11,0
5313b,16883,1121,12,0
5951b,16883,1122,13,0
5949b,16883,1124,14,0
2990b,16883,1127,15,0
981b,16883,1127,16,0
3984b,16883,1128,17,0
3986b,16883,1130,18,0
3988b,16883,1131,19,0
3990b,16883,1132,20,0
6655b,16883,1133,21,0
4004b,16883,1134,22,0
4335b,16883,1135,23,0
4003b,16883,1136,24,0
2953b,16883,1137,25,0
2952b,16883,1137,26,0
2950b,16883,1139,27,0
3678b,16883,1140,28,0
7509b,16883,1141,29,0
7499b,16883,1142,30,0
7526b,16883,1142,31,0
7495b,16883,1143,32,0
7519b,16883,1145,33,0
7530b,16883,1145,34,0
7529b,16883,1146,35,0
7883b,16883,1149,36,0
7881b,16883,1153,37,0
7878b,16883,1154,38,0
7876b,16883,1156,39,0
3000b,16883,1157,40,0
2907b,16883,1157,41,0
3324b,16883,1158,42,0
376b,16883,1159,43,0
7871b,16883,1163,44,1
7871b,16827,735,1,0
1284b,16827,736,2,0
1777b,16827,737,3,0
2999b,16827,737,4,0
417b,16827,738,5,0
7877b,16827,739,6,0
7879b,16827,740,7,0
7882b,16827,741,8,0
7505b,16827,745,9,0
7511b,16827,746,10,0
7531b,16827,747,11,0
7517b,16827,747,12,0
7522b,16827,748,13,0
7497b,16827,749,14,0
7515b,16827,750,15,0
235b,16827,750,16,0
53b,16827,751,17,0
949b,16827,752,18,0
7940b,16827,753,19,0
3679b,16827,753,20,0
4002b,16827,754,21,0
4334b,16827,755,22,0
5455b,16827,755,23,0
6656b,16827,756,24,0
3991b,16827,757,25,0
3989b,16827,758,26,0
3987b,16827,758,27,0
3985b,16827,760,28,0
2991b,16827,761,29,0
6380b,16827,762,30,0
5948b,16827,763,31,0
5950b,16827,765,32,0
7934b,16827,767,33,0
7941b,16827,767,34,0
7938b,16827,768,35,0
2957b,16827,769,36,0
2955b,16827,770,37,0
2931b,16827,771,38,0
1764b,16827,774,39,0
2930b,16827,776,40,0
827b,16827,776,41,0
3117b,16827,778,42,0
7965b,16827,779,43,0
2601b,16827,780,44,0
2207b,16827,782,45,0
7872b,16827,784,46,1
7872b,5666,740,1,0
4050b,5666,741,2,0
2629b,5666,742,3,0
3116b,5666,744,4,0
2586b,5666,746,5,0
2929b,5666,747,6,0
2570b,5666,749,7,0
1769b,5666,751,8,0
2954b,5666,753,9,0
7939b,5666,754,10,0
7942b,5666,755,11,0
5313b,5666,756,12,0
5951b,5666,757,13,0
5949b,5666,759,14,0
2990b,5666,762,15,0
981b,5666,762,16,0
3984b,5666,763,17,0
3986b,5666,764,18,0
3988b,5666,765,19,0
3990b,5666,766,20,0
6655b,5666,767,21,0
4004b,5666,767,22,0
4335b,5666,768,23,0
4003b,5666,769,24,0
2953b,5666,770,25,0
2952b,5666,770,26,0
2950b,5666,771,27,0
3678b,5666,772,28,0
7509b,5666,773,29,0
7499b,5666,774,30,0
7526b,5666,774,31,0
7495b,5666,775,32,0
7519b,5666,777,33,0
7530b,5666,777,34,0
7529b,5666,778,35,0
7883b,5666,781,36,0
7881b,5666,785,37,0
7878b,5666,786,38,0
7876b,5666,788,39,0
3000b,5666,789,40,0
2907b,5666,789,41,0
3324b,5666,790,42,0
376b,5666,791,43,0
7871b,5666,795,44,1
7871b,28915,495,1,0
1284b,28915,496,2,0
1777b,28915,497,3,0
2999b,28915,498,4,0
417b,28915,498,5,0
7877b,28915,499,6,0
7879b,28915,500,7,0
7882b,28915,501,8,0
7505b,28915,506,9,0
7511b,28915,507,10,0
7531b,28915,508,11,0
7517b,28915,508,12,0
7522b,28915,509,13,0
7497b,28915,510,14,0
7515b,28915,511,15,0
235b,28915,511,16,0
53b,28915,512,17,0
949b,28915,513,18,0
7940b,28915,514,19,0
3679b,28915,514,20,0
4002b,28915,515,21,0
4334b,28915,516,22,0
5455b,28915,516,23,0
6656b,28915,517,24,0
3991b,28915,518,25,0
3989b,28915,519,26,0
3987b,28915,519,27,0
3985b,28915,521,28,0
2991b,28915,522,29,0
6380b,28915,523,30,0
5948b,28915,525,31,0
5950b,28915,526,32,0
7934b,28915,528,33,0
7941b,28915,529,34,0
7938b,28915,530,35,0
2957b,28915,531,36,0
2955b,28915,532,37,0
2931b,28915,533,38,0
1764b,28915,537,39,0
2930b,28915,539,40,0
827b,28915,540,41,0
3117b,28915,542,42,0
7965b,28915,543,43,0
2601b,28915,544,44,0
2207b,28915,546,45,0
7872b,28915,548,46,1
7872b,5700,695,1,0
4050b,5700,696,2,0
2629b,5700,697,3,0
3116b,5700,699,4,0
2586b,5700,701,5,0
2929b,5700,702,6,0
2570b,5700,704,7,0
1769b,5700,706,8,0
2954b,5700,708,9,0
7939b,5700,709,10,0
7942b,5700,710,11,0
5313b,5700,711,12,0
5951b,5700,712,13,0
5949b,5700,714,14,0
2990b,5700,717,15,0
981b,5700,717,16,0
3984b,5700,718,17,0
3986b,5700,719,18,0
3988b,5700,720,19,0
3990b,5700,721,20,0
6655b,5700,722,21,0
4004b,5700,722,22,0
4335b,5700,723,23,0
4003b,5700,724,24,0
2953b,5700,725,25,0
2952b,5700,725,26,0
2950b,5700,726,27,0
3678b,5700,727,28,0
7509b,5700,728,29,0
7499b,5700,729,30,0
7526b,5700,729,31,0
7495b,5700,730,32,0
7519b,5700,732,33,0
7530b,5700,732,34,0
7529b,5700,733,35,0
7883b,5700,736,36,0
7881b,5700,740,37,0
7878b,5700,741,38,0
7876b,5700,743,39,0
3000b,5700,744,40,0
2907b,5700,744,41,0
3324b,5700,745,42,0
376b,5700,746,43,0
7871b,5700,750,44,1
7872b,26403,1195,1,0
4050b,26403,1196,2,0
2629b,26403,1197,3,0
3116b,26403,1199,4,0
2586b,26403,1200,5,0
2929b,26403,1201,6,0
2570b,26403,1202,7,0
1769b,26403,1205,8,0
2954b,26403,1206,9,0
7939b,26403,1207,10,0
7942b,26403,1208,11,0
5313b,26403,1209,12,0
5951b,26403,1210,13,0
5949b,26403,1211,14,0
2990b,26403,1214,15,0
981b,26403,1214,16,0
3984b,26403,1215,17,0
3986b,26403,1216,18,0
3988b,26403,1217,19,0
3990b,26403,1217,20,0
6655b,26403,1218,21,0
4004b,26403,1218,22,0
4335b,26403,1219,23,0
4003b,26403,1220,24,0
2953b,26403,1220,25,0
2952b,26403,1221,26,0
2950b,26403,1222,27,0
3678b,26403,1222,28,0
7509b,26403,1223,29,0
7499b,26403,1224,30,0
7526b,26403,1224,31,0
7495b,26403,1225,32,0
7519b,26403,1226,33,0
7530b,26403,1227,34,0
7529b,26403,1228,35,0
7883b,26403,1230,36,0
7881b,26403,1233,37,0
7878b,26403,1234,38,0
7876b,26403,1235,39,0
3000b,26403,1236,40,0
2907b,26403,1237,41,0
3324b,26403,1237,42,0
376b,26403,1238,43,0
7871b,26403,1242,44,1
7872b,26471,375,1,0
4050b,26471,376,2,0
2629b,26471,377,3,0
3116b,26471,379,4,0
2586b,26471,380,5,0
2929b,26471,381,6,0
2570b,26471,382,7,0
1769b,26471,385,8,0
2954b,26471,386,9,0
7939b,26471,387,10,0
7942b,26471,388,11,0
5313b,26471,389,12,0
5951b,26471,390,13,0
5949b,26471,391,14,0
2990b,26471,394,15,0
981b,26471,394,16,0
3984b,26471,395,17,0
3986b,26471,396,18,0
3988b,26471,397,19,0
3990b,26471,397,20,0
6655b,26471,398,21,0
4004b,26471,398,22,0
4335b,26471,399,23,0
4003b,26471,400,24,0
2953b,26471,400,25,0
2952b,26471,401,26,0
2950b,26471,402,27,0
3678b,26471,402,28,0
7509b,26471,403,29,0
7499b,26471,404,30,0
7526b,26471,404,31,0
7495b,26471,405,32,0
7519b,26471,406,33,0
7530b,26471,407,34,0
7529b,26471,408,35,0
7883b,26471,410,36,0
7881b,26471,413,37,0
7878b,26471,414,38,0
7876b,26471,415,39,0
3000b,26471,416,40,0
2907b,26471,417,41,0
3324b,26471,417,42,0
376b,26471,418,43,0
7871b,26471,422,44,1
7872b,14610,1070,1,0
4050b,14610,1071,2,0
2629b,14610,1072,3,0
3116b,14610,1074,4,0
2586b,14610,1076,5,0
2929b,14610,1077,6,0
2570b,14610,1079,7,0
1769b,14610,1081,8,0
2954b,14610,1083,9,0
7939b,14610,1084,10,0
7942b,14610,1085,11,0
5313b,14610,1086,12,0
5951b,14610,1087,13,0
5949b,14610,1089,14,0
2990b,14610,1092,15,0
981b,14610,1092,16,0
3984b,14610,1093,17,0
3986b,14610,1095,18,0
3988b,14610,1096,19,0
3990b,14610,1097,20,0
6655b,14610,1098,21,0
4004b,14610,1099,22,0
4335b,14610,1100,23,0
4003b,14610,1101,24,0
2953b,14610,1102,25,0
2952b,14610,1102,26,0
2950b,14610,1104,27,0
3678b,14610,1105,28,0
7509b,14610,1106,29,0
7499b,14610,1107,30,0
7526b,14610,1107,31,0
7495b,14610,1108,32,0
7519b,14610,1110,33,0
7530b,14610,1111,34,0
7529b,14610,1112,35,0
7883b,14610,1115,36,0
7881b,14610,1119,37,0
7878b,14610,1120,38,0
7876b,14610,1122,39,0
3000b,14610,1123,40,0
2907b,14610,1123,41,0
3324b,14610,1124,42,0
376b,14610,1125,43,0
7871b,14610,1129,44,1
7872b,3328,560,1,0
4050b,3328,561,2,0
2629b,3328,562,3,0
3116b,3328,564,4,0
2586b,3328,565,5,0
2929b,3328,566,6,0
2570b,3328,567,7,0
1769b,3328,570,8,0
2954b,3328,571,9,0
7939b,3328,572,10,0
7942b,3328,573,11,0
5313b,3328,574,12,0
5951b,3328,575,13,0
5949b,3328,576,14,0
2990b,3328,579,15,0
981b,3328,579,16,0
3984b,3328,580,17,0
3986b,3328,581,18,0
3988b,3328,582,19,0
3990b,3328,582,20,0
6655b,3328,583,21,0
4004b,3328,583,22,0
4335b,3328,584,23,0
4003b,3328,585,24,0
2953b,3328,585,25,0
2952b,3328,586,26,0
2950b,3328,587,27,0
3678b,3328,587,28,0
7509b,3328,588,29,0
7499b,3328,589,30,0
7526b,3328,589,31,0
7495b,3328,590,32,0
7519b,3328,591,33,0
7530b,3328,592,34,0
7529b,3328,593,35,0
7883b,3328,595,36,0
7881b,3328,598,37,0
7878b,3328,599,38,0
7876b,3328,600,39,0
3000b,3328,601,40,0
2907b,3328,602,41,0
3324b,3328,602,42,0
376b,3328,603,43,0
7871b,3328,607,44,1
7871b,14682,445,1,0
1284b,14682,446,2,0
1777b,14682,447,3,0
2999b,14682,448,4,0
417b,14682,448,5,0
7877b,14682,449,6,0
7879b,14682,450,7,0
7882b,14682,451,8,0
7505b,14682,456,9,0
7511b,14682,457,10,0
7531b,14682,458,11,0
7517b,14682,458,12,0
7522b,14682,459,13,0
7497b,14682,460,14,0
7515b,14682,461,15,0
235b,14682,461,16,0
53b,14682,462,17,0
949b,14682,463,18,0
7940b,14682,464,19,0
3679b,14682,464,20,0
4002b,14682,465,21,0
4334b,14682,466,22,0
5455b,14682,466,23,0
6656b,14682,467,24,0
3991b,14682,468,25,0
3989b,14682,469,26,0
3987b,14682,469,27,0
3985b,14682,471,28,0
2991b,14682,472,29,0
6380b,14682,473,30,0
5948b,14682,475,31,0
5950b,14682,476,32,0
7934b,14682,478,33,0
7941b,14682,479,34,0
7938b,14682,480,35,0
2957b,14682,481,36,0
2955b,14682,482,37,0
2931b,14682,483,38,0
1764b,14682,487,39,0
2930b,14682,489,40,0
827b,14682,490,41,0
3117b,14682,492,42,0
7965b,14682,493,43,0
2601b,14682,494,44,0
2207b,14682,496,45,0
7872b,14682,498,46,1
7871b,3434,685,1,0
1284b,3434,686,2,0
1777b,3434,687,3,0
2999b,3434,687,4,0
417b,3434,688,5,0
7877b,3434,689,6,0
7879b,3434,690,7,0
7882b,3434,691,8,0
7505b,3434,695,9,0
7511b,3434,696,10,0
7531b,3434,697,11,0
7517b,3434,697,12,0
7522b,3434,698,13,0
7497b,3434,699,14,0
7515b,3434,700,15,0
235b,3434,700,16,0
53b,3434,701,17,0
949b,3434,702,18,0
7940b,3434,703,19,0
3679b,3434,703,20,0
4002b,3434,704,21,0
4334b,3434,705,22,0
5455b,3434,705,23,0
6656b,3434,706,24,0
3991b,3434,707,25,0
3989b,3434,708,26,0
3987b,3434,708,27,0
3985b,3434,710,28,0
2991b,3434,711,29,0
6380b,3434,712,30,0
5948b,3434,713,31,0
5950b,3434,715,32,0
7934b,3434,717,33,0
7941b,3434,717,34,0
7938b,3434,718,35,0
2957b,3434,719,36,0
2955b,3434,720,37,0
2931b,3434,721,38,0
1764b,3434,724,39,0
2930b,3434,726,40,0
827b,3434,726,41,0
3117b,3434,728,42,0
7965b,3434,729,43,0
2601b,3434,730,44,0
2207b,3434,732,45,0
7872b,3434,734,46,1
7872b,3482,1150,1,0
4050b,3482,1151,2,0
2629b,3482,1152,3,0
3116b,3482,1154,4,0
2586b,3482,1155,5,0
2929b,3482,1156,6,0
2570b,3482,1158,7,0
1769b,3482,1160,8,0
2954b,3482,1162,9,0
7939b,3482,1163,10,0
7942b,3482,1164,11,0
5313b,3482,1165,12,0
5951b,3482,1166,13,0
5949b,3482,1168,14,0
2990b,3482,1171,15,0
981b,3482,1171,16,0
3984b,3482,1172,17,0
3986b,3482,1174,18,0
3988b,3482,1175,19,0
3990b,3482,1176,20,0
6655b,3482,1176,21,0
4004b,3482,1177,22,0
4335b,3482,1178,23,0
4003b,3482,1178,24,0
2953b,3482,1179,25,0
2952b,3482,1180,26,0
2950b,3482,1181,27,0
3678b,3482,1182,28,0
7509b,3482,1183,29,0
7499b,3482,1184,30,0
7526b,3482,1184,31,0
7495b,3482,1185,32,0
7519b,3482,1187,33,0
7530b,3482,1187,34,0
7529b,3482,1188,35,0
7883b,3482,1191,36,0
7881b,3482,1195,37,0
7878b,3482,1196,38,0
7876b,3482,1198,39,0
3000b,3482,1199,40,0
2907b,3482,1199,41,0
3324b,3482,1200,42,0
376b,3482,1201,43,0
7871b,3482,1205,44,1
7871b,12102,1080,1,0
1284b,12102,1081,2,0
1777b,12102,1082,3,0
2999b,12102,1083,4,0
417b,12102,1083,5,0
7877b,12102,1084,6,0
7879b,12102,1085,7,0
7882b,12102,1086,8,0
7505b,12102,1091,9,0
7511b,12102,1092,10,0
7531b,12102,1093,11,0
7517b,12102,1093,12,0
7522b,12102,1094,13,0
7497b,12102,1095,14,0
7515b,12102,1096,15,0
235b,12102,1096,16,0
53b,12102,1097,17,0
949b,12102,1098,18,0
7940b,12102,1099,19,0
3679b,12102,1100,20,0
4002b,12102,1101,21,0
4334b,12102,1101,22,0
5455b,12102,1101,23,0
6656b,12102,1102,24,0
3991b,12102,1103,25,0
3989b,12102,1104,26,0
3987b,12102,1105,27,0
3985b,12102,1106,28,0
2991b,12102,1108,29,0
6380b,12102,1109,30,0
5948b,12102,1111,31,0
5950b,12102,1112,32,0
7934b,12102,1114,33,0
7941b,12102,1115,34,0
7938b,12102,1116,35,0
2957b,12102,1117,36,0
2955b,12102,1118,37,0
2931b,12102,1119,38,0
1764b,12102,1122,39,0
2930b,12102,1124,40,0
827b,12102,1125,41,0
3117b,12102,1127,42,0
7965b,12102,1128,43,0
2601b,12102,1129,44,0
2207b,12102,1131,45,0
7872b,12102,1133,46,1
7871b,24290,590,1,0
1284b,24290,591,2,0
1777b,24290,592,3,0
2999b,24290,592,4,0
417b,24290,593,5,0
7877b,24290,594,6,0
7879b,24290,595,7,0
7882b,24290,596,8,0
7505b,24290,600,9,0
7511b,24290,601,10,0
7531b,24290,602,11,0
7517b,24290,602,12,0
7522b,24290,603,13,0
7497b,24290,604,14,0
7515b,24290,605,15,0
235b,24290,605,16,0
53b,24290,606,17,0
949b,24290,607,18,0
7940b,24290,608,19,0
3679b,24290,608,20,0
4002b,24290,609,21,0
4334b,24290,610,22,0
5455b,24290,610,23,0
6656b,24290,611,24,0
3991b,24290,612,25,0
3989b,24290,613,26,0
3987b,24290,613,27,0
3985b,24290,615,28,0
2991b,24290,616,29,0
6380b,24290,617,30,0
5948b,24290,618,31,0
5950b,24290,620,32,0
7934b,24290,622,33,0
7941b,24290,622,34,0
7938b,24290,623,35,0
2957b,24290,624,36,0
2955b,24290,625,37,0
2931b,24290,626,38,0
1764b,24290,629,39,0
2930b,24290,631,40,0
827b,24290,631,41,0
3117b,24290,633,42,0
7965b,24290,634,43,0
2601b,24290,635,44,0
2207b,24290,637,45,0
7872b,24290,639,46,1
