arret_id,trajet_id,heure_depart,stop_sequence,terminus
3634b,38,870,1,0
3552b,38,871,2,0
1934b,38,872,3,0
1546b,38,873,4,0
1884b,38,875,5,0
6491b,38,876,6,0
4735b,38,876,7,0
4970b,38,877,8,0
1117b,38,878,9,0
553b,38,879,10,0
4178b,38,880,11,0
4177b,38,880,12,0
3636b,38,884,13,0
4740b,38,884,14,0
473b,38,885,15,0
3638b,38,886,16,0
4741b,38,887,17,0
1052b,38,890,18,0
1398b,38,890,19,0
5838b,38,891,20,0
1085b,38,892,21,0
3631b,38,892,22,0
2097b,38,893,23,0
267b,38,895,24,0
1846b,38,895,25,0
923b,38,896,26,0
1743b,38,897,27,0
1830b,38,898,28,0
1825b,38,899,29,0
1742b,38,900,30,0
2233b,38,901,31,0
904b,38,904,32,0
4880b,38,906,33,0
34b,38,907,34,0
5563b,38,910,35,1
3634b,10090,630,1,0
3552b,10090,631,2,0
1934b,10090,632,3,0
1546b,10090,633,4,0
1884b,10090,635,5,0
6491b,10090,636,6,0
4735b,10090,636,7,0
4970b,10090,637,8,0
1117b,10090,638,9,0
553b,10090,639,10,0
4178b,10090,640,11,0
4177b,10090,640,12,0
3636b,10090,644,13,0
4740b,10090,644,14,0
473b,10090,645,15,0
3638b,10090,646,16,0
4741b,10090,647,17,0
1052b,10090,650,18,0
1398b,10090,650,19,0
5838b,10090,651,20,0
1085b,10090,652,21,0
3631b,10090,652,22,0
2097b,10090,653,23,0
267b,10090,655,24,0
1846b,10090,655,25,0
923b,10090,656,26,0
1743b,10090,657,27,0
1830b,10090,658,28,0
1825b,10090,659,29,0
1742b,10090,660,30,0
2233b,10090,661,31,0
904b,10090,664,32,0
4880b,10090,666,33,0
34b,10090,667,34,0
5563b,10090,670,35,1
3634b,2180,510,1,0
3552b,2180,511,2,0
1934b,2180,512,3,0
1546b,2180,513,4,0
1884b,2180,515,5,0
6491b,2180,516,6,0
4735b,2180,516,7,0
4970b,2180,517,8,0
1117b,2180,518,9,0
553b,2180,519,10,0
4178b,2180,520,11,0
4177b,2180,520,12,0
3636b,2180,524,13,0
4740b,2180,524,14,0
473b,2180,525,15,0
3638b,2180,526,16,0
4741b,2180,527,17,0
1052b,2180,530,18,0
1398b,2180,530,19,0
5838b,2180,531,20,0
1085b,2180,532,21,0
3631b,2180,532,22,0
2097b,2180,533,23,0
267b,2180,535,24,0
1846b,2180,535,25,0
923b,2180,536,26,0
1743b,2180,537,27,0
1830b,2180,538,28,0
1825b,2180,539,29,0
1742b,2180,540,30,0
2233b,2180,541,31,0
904b,2180,544,32,0
4880b,2180,546,33,0
34b,2180,547,34,0
5563b,2180,550,35,1
3634b,17809,870,1,0
3552b,17809,871,2,0
1934b,17809,872,3,0
1546b,17809,873,4,0
1884b,17809,875,5,0
6491b,17809,876,6,0
4735b,17809,876,7,0
4970b,17809,877,8,0
1117b,17809,878,9,0
553b,17809,879,10,0
4178b,17809,880,11,0
4177b,17809,880,12,0
3636b,17809,884,13,0
4740b,17809,884,14,0
473b,17809,885,15,0
3638b,17809,886,16,0
4741b,17809,887,17,0
1052b,17809,890,18,0
1398b,17809,890,19,0
5838b,17809,891,20,0
1085b,17809,892,21,0
3631b,17809,892,22,0
2097b,17809,893,23,0
267b,17809,895,24,0
1846b,17809,895,25,0
923b,17809,896,26,0
1743b,17809,897,27,0
1830b,17809,898,28,0
1825b,17809,899,29,0
1742b,17809,900,30,0
2233b,17809,901,31,0
904b,17809,904,32,0
4880b,17809,906,33,0
34b,17809,907,34,0
5563b,17809,910,35,1
3634b,5446,990,1,0
3552b,5446,991,2,0
1934b,5446,992,3,0
1546b,5446,993,4,0
1884b,5446,995,5,0
6491b,5446,996,6,0
4735b,5446,996,7,0
4970b,5446,997,8,0
1117b,5446,998,9,0
553b,5446,999,10,0
4178b,5446,1000,11,0
4177b,5446,1000,12,0
3636b,5446,1004,13,0
4740b,5446,1004,14,0
473b,5446,1005,15,0
3638b,5446,1006,16,0
4741b,5446,1007,17,0
1052b,5446,1010,18,0
1398b,5446,1010,19,0
5838b,5446,1011,20,0
1085b,5446,1012,21,0
3631b,5446,1012,22,0
2097b,5446,1013,23,0
267b,5446,1015,24,0
1846b,5446,1015,25,0
923b,5446,1016,26,0
1743b,5446,1017,27,0
1830b,5446,1018,28,0
1825b,5446,1019,29,0
1742b,5446,1020,30,0
2233b,5446,1021,31,0
904b,5446,1024,32,0
4880b,5446,1026,33,0
34b,5446,1027,34,0
5563b,5446,1030,35,1
3634b,7579,1170,1,0
3552b,7579,1171,2,0
1934b,7579,1172,3,0
1546b,7579,1173,4,0
1884b,7579,1175,5,0
6491b,7579,1176,6,0
4735b,7579,1176,7,0
4970b,7579,1177,8,0
1117b,7579,1178,9,0
553b,7579,1179,10,0
4178b,7579,1180,11,0
4177b,7579,1180,12,0
3636b,7579,1184,13,0
4740b,7579,1184,14,0
473b,7579,1185,15,0
3638b,7579,1186,16,0
4741b,7579,1187,17,0
1052b,7579,1190,18,0
1398b,7579,1190,19,0
5838b,7579,1191,20,0
1085b,7579,1192,21,0
3631b,7579,1192,22,0
2097b,7579,1193,23,0
267b,7579,1195,24,0
1846b,7579,1195,25,0
923b,7579,1196,26,0
1743b,7579,1197,27,0
1830b,7579,1198,28,0
1825b,7579,1199,29,0
1742b,7579,1200,30,0
2233b,7579,1201,31,0
904b,7579,1204,32,0
4880b,7579,1206,33,0
34b,7579,1207,34,0
5563b,7579,1210,35,1
3634b,21074,810,1,0
3552b,21074,811,2,0
1934b,21074,812,3,0
1546b,21074,813,4,0
1884b,21074,815,5,0
6491b,21074,816,6,0
4735b,21074,816,7,0
4970b,21074,817,8,0
1117b,21074,818,9,0
553b,21074,819,10,0
4178b,21074,820,11,0
4177b,21074,820,12,0
3636b,21074,824,13,0
4740b,21074,824,14,0
473b,21074,825,15,0
3638b,21074,826,16,0
4741b,21074,827,17,0
1052b,21074,830,18,0
1398b,21074,830,19,0
5838b,21074,831,20,0
1085b,21074,832,21,0
3631b,21074,832,22,0
2097b,21074,833,23,0
267b,21074,835,24,0
1846b,21074,835,25,0
923b,21074,836,26,0
1743b,21074,837,27,0
1830b,21074,838,28,0
1825b,21074,839,29,0
1742b,21074,840,30,0
2233b,21074,841,31,0
904b,21074,844,32,0
4880b,21074,846,33,0
34b,21074,847,34,0
5563b,21074,850,35,1
3634b,27268,450,1,0
3552b,27268,451,2,0
1934b,27268,452,3,0
1546b,27268,453,4,0
1884b,27268,455,5,0
6491b,27268,456,6,0
4735b,27268,456,7,0
4970b,27268,457,8,0
1117b,27268,458,9,0
553b,27268,459,10,0
4178b,27268,460,11,0
4177b,27268,460,12,0
3636b,27268,464,13,0
4740b,27268,464,14,0
473b,27268,465,15,0
3638b,27268,466,16,0
4741b,27268,467,17,0
1052b,27268,470,18,0
1398b,27268,470,19,0
5838b,27268,471,20,0
1085b,27268,472,21,0
3631b,27268,472,22,0
2097b,27268,473,23,0
267b,27268,475,24,0
1846b,27268,475,25,0
923b,27268,476,26,0
1743b,27268,477,27,0
1830b,27268,478,28,0
1825b,27268,479,29,0
1742b,27268,480,30,0
2233b,27268,481,31,0
904b,27268,484,32,0
4880b,27268,486,33,0
34b,27268,487,34,0
5563b,27268,490,35,1
3634b,13434,1170,1,0
3552b,13434,1171,2,0
1934b,13434,1172,3,0
1546b,13434,1173,4,0
1884b,13434,1175,5,0
6491b,13434,1176,6,0
4735b,13434,1176,7,0
4970b,13434,1177,8,0
1117b,13434,1178,9,0
553b,13434,1179,10,0
4178b,13434,1180,11,0
4177b,13434,1180,12,0
3636b,13434,1184,13,0
4740b,13434,1184,14,0
473b,13434,1185,15,0
3638b,13434,1186,16,0
4741b,13434,1187,17,0
1052b,13434,1190,18,0
1398b,13434,1190,19,0
5838b,13434,1191,20,0
1085b,13434,1192,21,0
3631b,13434,1192,22,0
2097b,13434,1193,23,0
267b,13434,1195,24,0
1846b,13434,1195,25,0
923b,13434,1196,26,0
1743b,13434,1197,27,0
1830b,13434,1198,28,0
1825b,13434,1199,29,0
1742b,13434,1200,30,0
2233b,13434,1201,31,0
904b,13434,1204,32,0
4880b,13434,1206,33,0
34b,13434,1207,34,0
5563b,13434,1210,35,1
3634b,29306,1050,1,0
3552b,29306,1051,2,0
1934b,29306,1052,3,0
1546b,29306,1053,4,0
1884b,29306,1055,5,0
6491b,29306,1056,6,0
4735b,29306,1056,7,0
4970b,29306,1057,8,0
1117b,29306,1058,9,0
553b,29306,1059,10,0
4178b,29306,1060,11,0
4177b,29306,1060,12,0
3636b,29306,1064,13,0
4740b,29306,1064,14,0
473b,29306,1065,15,0
3638b,29306,1066,16,0
4741b,29306,1067,17,0
1052b,29306,1070,18,0
1398b,29306,1070,19,0
5838b,29306,1071,20,0
1085b,29306,1072,21,0
3631b,29306,1072,22,0
2097b,29306,1073,23,0
267b,29306,1075,24,0
1846b,29306,1075,25,0
923b,29306,1076,26,0
1743b,29306,1077,27,0
1830b,29306,1078,28,0
1825b,29306,1079,29,0
1742b,29306,1080,30,0
2233b,29306,1081,31,0
904b,29306,1084,32,0
4880b,29306,1086,33,0
34b,29306,1087,34,0
5563b,29306,1090,35,1
3634b,7245,990,1,0
3552b,7245,991,2,0
1934b,7245,992,3,0
1546b,7245,993,4,0
1884b,7245,995,5,0
6491b,7245,996,6,0
4735b,7245,996,7,0
4970b,7245,997,8,0
1117b,7245,998,9,0
553b,7245,999,10,0
4178b,7245,1000,11,0
4177b,7245,1000,12,0
3636b,7245,1004,13,0
4740b,7245,1004,14,0
473b,7245,1005,15,0
3638b,7245,1006,16,0
4741b,7245,1007,17,0
1052b,7245,1010,18,0
1398b,7245,1010,19,0
5838b,7245,1011,20,0
1085b,7245,1012,21,0
3631b,7245,1012,22,0
2097b,7245,1013,23,0
267b,7245,1015,24,0
1846b,7245,1015,25,0
923b,7245,1016,26,0
1743b,7245,1017,27,0
1830b,7245,1018,28,0
1825b,7245,1019,29,0
1742b,7245,1020,30,0
2233b,7245,1021,31,0
904b,7245,1024,32,0
4880b,7245,1026,33,0
34b,7245,1027,34,0
5563b,7245,1030,35,1
3634b,25438,930,1,0
3552b,25438,931,2,0
1934b,25438,932,3,0
1546b,25438,933,4,0
1884b,25438,935,5,0
6491b,25438,936,6,0
4735b,25438,936,7,0
4970b,25438,937,8,0
1117b,25438,938,9,0
553b,25438,939,10,0
4178b,25438,940,11,0
4177b,25438,940,12,0
3636b,25438,944,13,0
4740b,25438,944,14,0
473b,25438,945,15,0
3638b,25438,946,16,0
4741b,25438,947,17,0
1052b,25438,950,18,0
1398b,25438,950,19,0
5838b,25438,951,20,0
1085b,25438,952,21,0
3631b,25438,952,22,0
2097b,25438,953,23,0
267b,25438,955,24,0
1846b,25438,955,25,0
923b,25438,956,26,0
1743b,25438,957,27,0
1830b,25438,958,28,0
1825b,25438,959,29,0
1742b,25438,960,30,0
2233b,25438,961,31,0
904b,25438,964,32,0
4880b,25438,966,33,0
34b,25438,967,34,0
5563b,25438,970,35,1
3634b,11916,810,1,0
3552b,11916,811,2,0
1934b,11916,812,3,0
1546b,11916,813,4,0
1884b,11916,815,5,0
6491b,11916,816,6,0
4735b,11916,816,7,0
4970b,11916,817,8,0
1117b,11916,818,9,0
553b,11916,819,10,0
4178b,11916,820,11,0
4177b,11916,820,12,0
3636b,11916,824,13,0
4740b,11916,824,14,0
473b,11916,825,15,0
3638b,11916,826,16,0
4741b,11916,827,17,0
1052b,11916,830,18,0
1398b,11916,830,19,0
5838b,11916,831,20,0
1085b,11916,832,21,0
3631b,11916,832,22,0
2097b,11916,833,23,0
267b,11916,835,24,0
1846b,11916,835,25,0
923b,11916,836,26,0
1743b,11916,837,27,0
1830b,11916,838,28,0
1825b,11916,839,29,0
1742b,11916,840,30,0
2233b,11916,841,31,0
904b,11916,844,32,0
4880b,11916,846,33,0
34b,11916,847,34,0
5563b,11916,850,35,1
3634b,23293,690,1,0
3552b,23293,691,2,0
1934b,23293,692,3,0
1546b,23293,693,4,0
1884b,23293,695,5,0
6491b,23293,696,6,0
4735b,23293,696,7,0
4970b,23293,697,8,0
1117b,23293,698,9,0
553b,23293,699,10,0
4178b,23293,700,11,0
4177b,23293,700,12,0
3636b,23293,704,13,0
4740b,23293,704,14,0
473b,23293,705,15,0
3638b,23293,706,16,0
4741b,23293,707,17,0
1052b,23293,710,18,0
1398b,23293,710,19,0
5838b,23293,711,20,0
1085b,23293,712,21,0
3631b,23293,712,22,0
2097b,23293,713,23,0
267b,23293,715,24,0
1846b,23293,715,25,0
923b,23293,716,26,0
1743b,23293,717,27,0
1830b,23293,718,28,0
1825b,23293,719,29,0
1742b,23293,720,30,0
2233b,23293,721,31,0
904b,23293,724,32,0
4880b,23293,726,33,0
34b,23293,727,34,0
5563b,23293,730,35,1
3634b,3369,1110,1,0
3552b,3369,1111,2,0
1934b,3369,1112,3,0
1546b,3369,1113,4,0
1884b,3369,1115,5,0
6491b,3369,1116,6,0
4735b,3369,1116,7,0
4970b,3369,1117,8,0
1117b,3369,1118,9,0
553b,3369,1119,10,0
4178b,3369,1120,11,0
4177b,3369,1120,12,0
3636b,3369,1124,13,0
4740b,3369,1124,14,0
473b,3369,1125,15,0
3638b,3369,1126,16,0
4741b,3369,1127,17,0
1052b,3369,1130,18,0
1398b,3369,1130,19,0
5838b,3369,1131,20,0
1085b,3369,1132,21,0
3631b,3369,1132,22,0
2097b,3369,1133,23,0
267b,3369,1135,24,0
1846b,3369,1135,25,0
923b,3369,1136,26,0
1743b,3369,1137,27,0
1830b,3369,1138,28,0
1825b,3369,1139,29,0
1742b,3369,1140,30,0
2233b,3369,1141,31,0
904b,3369,1144,32,0
4880b,3369,1146,33,0
34b,3369,1147,34,0
5563b,3369,1150,35,1
3634b,11268,750,1,0
3552b,11268,751,2,0
1934b,11268,752,3,0
1546b,11268,753,4,0
1884b,11268,755,5,0
6491b,11268,756,6,0
4735b,11268,756,7,0
4970b,11268,757,8,0
1117b,11268,758,9,0
553b,11268,759,10,0
4178b,11268,760,11,0
4177b,11268,760,12,0
3636b,11268,764,13,0
4740b,11268,764,14,0
473b,11268,765,15,0
3638b,11268,766,16,0
4741b,11268,767,17,0
1052b,11268,770,18,0
1398b,11268,770,19,0
5838b,11268,771,20,0
1085b,11268,772,21,0
3631b,11268,772,22,0
2097b,11268,773,23,0
267b,11268,775,24,0
1846b,11268,775,25,0
923b,11268,776,26,0
1743b,11268,777,27,0
1830b,11268,778,28,0
1825b,11268,779,29,0
1742b,11268,780,30,0
2233b,11268,781,31,0
904b,11268,784,32,0
4880b,11268,786,33,0
34b,11268,787,34,0
5563b,11268,790,35,1
3634b,20812,1110,1,0
3552b,20812,1111,2,0
1934b,20812,1112,3,0
1546b,20812,1113,4,0
1884b,20812,1115,5,0
6491b,20812,1116,6,0
4735b,20812,1116,7,0
4970b,20812,1117,8,0
1117b,20812,1118,9,0
553b,20812,1119,10,0
4178b,20812,1120,11,0
4177b,20812,1120,12,0
3636b,20812,1124,13,0
4740b,20812,1124,14,0
473b,20812,1125,15,0
3638b,20812,1126,16,0
4741b,20812,1127,17,0
1052b,20812,1130,18,0
1398b,20812,1130,19,0
5838b,20812,1131,20,0
1085b,20812,1132,21,0
3631b,20812,1132,22,0
2097b,20812,1133,23,0
267b,20812,1135,24,0
1846b,20812,1135,25,0
923b,20812,1136,26,0
1743b,20812,1137,27,0
1830b,20812,1138,28,0
1825b,20812,1139,29,0
1742b,20812,1140,30,0
2233b,20812,1141,31,0
904b,20812,1144,32,0
4880b,20812,1146,33,0
34b,20812,1147,34,0
5563b,20812,1150,35,1
3634b,4925,570,1,0
3552b,4925,571,2,0
1934b,4925,572,3,0
1546b,4925,573,4,0
1884b,4925,575,5,0
6491b,4925,576,6,0
4735b,4925,576,7,0
4970b,4925,577,8,0
1117b,4925,578,9,0
553b,4925,579,10,0
4178b,4925,580,11,0
4177b,4925,580,12,0
3636b,4925,584,13,0
4740b,4925,584,14,0
473b,4925,585,15,0
3638b,4925,586,16,0
4741b,4925,587,17,0
1052b,4925,590,18,0
1398b,4925,590,19,0
5838b,4925,591,20,0
1085b,4925,592,21,0
3631b,4925,592,22,0
2097b,4925,593,23,0
267b,4925,595,24,0
1846b,4925,595,25,0
923b,4925,596,26,0
1743b,4925,597,27,0
1830b,4925,598,28,0
1825b,4925,599,29,0
1742b,4925,600,30,0
2233b,4925,601,31,0
904b,4925,604,32,0
4880b,4925,606,33,0
34b,4925,607,34,0
5563b,4925,610,35,1
3634b,18241,1050,1,0
3552b,18241,1051,2,0
1934b,18241,1052,3,0
1546b,18241,1053,4,0
1884b,18241,1055,5,0
6491b,18241,1056,6,0
4735b,18241,1056,7,0
4970b,18241,1057,8,0
1117b,18241,1058,9,0
553b,18241,1059,10,0
4178b,18241,1060,11,0
4177b,18241,1060,12,0
3636b,18241,1064,13,0
4740b,18241,1064,14,0
473b,18241,1065,15,0
3638b,18241,1066,16,0
4741b,18241,1067,17,0
1052b,18241,1070,18,0
1398b,18241,1070,19,0
5838b,18241,1071,20,0
1085b,18241,1072,21,0
3631b,18241,1072,22,0
2097b,18241,1073,23,0
267b,18241,1075,24,0
1846b,18241,1075,25,0
923b,18241,1076,26,0
1743b,18241,1077,27,0
1830b,18241,1078,28,0
1825b,18241,1079,29,0
1742b,18241,1080,30,0
2233b,18241,1081,31,0
904b,18241,1084,32,0
4880b,18241,1086,33,0
34b,18241,1087,34,0
5563b,18241,1090,35,1
3634b,838,930,1,0
3552b,838,931,2,0
1934b,838,932,3,0
1546b,838,933,4,0
1884b,838,935,5,0
6491b,838,936,6,0
4735b,838,936,7,0
4970b,838,937,8,0
1117b,838,938,9,0
553b,838,939,10,0
4178b,838,940,11,0
4177b,838,940,12,0
3636b,838,944,13,0
4740b,838,944,14,0
473b,838,945,15,0
3638b,838,946,16,0
4741b,838,947,17,0
1052b,838,950,18,0
1398b,838,950,19,0
5838b,838,951,20,0
1085b,838,952,21,0
3631b,838,952,22,0
2097b,838,953,23,0
267b,838,955,24,0
1846b,838,955,25,0
923b,838,956,26,0
1743b,838,957,27,0
1830b,838,958,28,0
1825b,838,959,29,0
1742b,838,960,30,0
2233b,838,961,31,0
904b,838,964,32,0
4880b,838,966,33,0
34b,838,967,34,0
5563b,838,970,35,1
3634b,2760,570,1,0
3552b,2760,571,2,0
1934b,2760,572,3,0
1546b,2760,573,4,0
1884b,2760,575,5,0
6491b,2760,576,6,0
4735b,2760,576,7,0
4970b,2760,577,8,0
1117b,2760,578,9,0
553b,2760,579,10,0
4178b,2760,580,11,0
4177b,2760,580,12,0
3636b,2760,584,13,0
4740b,2760,584,14,0
473b,2760,585,15,0
3638b,2760,586,16,0
4741b,2760,587,17,0
1052b,2760,590,18,0
1398b,2760,590,19,0
5838b,2760,591,20,0
1085b,2760,592,21,0
3631b,2760,592,22,0
2097b,2760,593,23,0
267b,2760,595,24,0
1846b,2760,595,25,0
923b,2760,596,26,0
1743b,2760,597,27,0
1830b,2760,598,28,0
1825b,2760,599,29,0
1742b,2760,600,30,0
2233b,2760,601,31,0
904b,2760,604,32,0
4880b,2760,606,33,0
34b,2760,607,34,0
5563b,2760,610,35,1
3634b,12145,390,1,0
3552b,12145,391,2,0
1934b,12145,392,3,0
1546b,12145,393,4,0
1884b,12145,395,5,0
6491b,12145,396,6,0
4735b,12145,396,7,0
4970b,12145,397,8,0
1117b,12145,398,9,0
553b,12145,399,10,0
4178b,12145,400,11,0
4177b,12145,400,12,0
3636b,12145,404,13,0
4740b,12145,404,14,0
473b,12145,405,15,0
3638b,12145,406,16,0
4741b,12145,407,17,0
1052b,12145,410,18,0
1398b,12145,410,19,0
5838b,12145,411,20,0
1085b,12145,412,21,0
3631b,12145,412,22,0
2097b,12145,413,23,0
267b,12145,415,24,0
1846b,12145,415,25,0
923b,12145,416,26,0
1743b,12145,417,27,0
1830b,12145,418,28,0
1825b,12145,419,29,0
1742b,12145,420,30,0
2233b,12145,421,31,0
904b,12145,424,32,0
4880b,12145,426,33,0
34b,12145,427,34,0
5563b,12145,430,35,1
3634b,16554,690,1,0
3552b,16554,691,2,0
1934b,16554,692,3,0
1546b,16554,693,4,0
1884b,16554,695,5,0
6491b,16554,696,6,0
4735b,16554,696,7,0
4970b,16554,697,8,0
1117b,16554,698,9,0
553b,16554,699,10,0
4178b,16554,700,11,0
4177b,16554,700,12,0
3636b,16554,704,13,0
4740b,16554,704,14,0
473b,16554,705,15,0
3638b,16554,706,16,0
4741b,16554,707,17,0
1052b,16554,710,18,0
1398b,16554,710,19,0
5838b,16554,711,20,0
1085b,16554,712,21,0
3631b,16554,712,22,0
2097b,16554,713,23,0
267b,16554,715,24,0
1846b,16554,715,25,0
923b,16554,716,26,0
1743b,16554,717,27,0
1830b,16554,718,28,0
1825b,16554,719,29,0
1742b,16554,720,30,0
2233b,16554,721,31,0
904b,16554,724,32,0
4880b,16554,726,33,0
34b,16554,727,34,0
5563b,16554,730,35,1
3634b,8896,510,1,0
3552b,8896,511,2,0
1934b,8896,512,3,0
1546b,8896,513,4,0
1884b,8896,515,5,0
6491b,8896,516,6,0
4735b,8896,516,7,0
4970b,8896,517,8,0
1117b,8896,518,9,0
553b,8896,519,10,0
4178b,8896,520,11,0
4177b,8896,520,12,0
3636b,8896,524,13,0
4740b,8896,524,14,0
473b,8896,525,15,0
3638b,8896,526,16,0
4741b,8896,527,17,0
1052b,8896,530,18,0
1398b,8896,530,19,0
5838b,8896,531,20,0
1085b,8896,532,21,0
3631b,8896,532,22,0
2097b,8896,533,23,0
267b,8896,535,24,0
1846b,8896,535,25,0
923b,8896,536,26,0
1743b,8896,537,27,0
1830b,8896,538,28,0
1825b,8896,539,29,0
1742b,8896,540,30,0
2233b,8896,541,31,0
904b,8896,544,32,0
4880b,8896,546,33,0
34b,8896,547,34,0
5563b,8896,550,35,1
3634b,6114,750,1,0
3552b,6114,751,2,0
1934b,6114,752,3,0
1546b,6114,753,4,0
1884b,6114,755,5,0
6491b,6114,756,6,0
4735b,6114,756,7,0
4970b,6114,757,8,0
1117b,6114,758,9,0
553b,6114,759,10,0
4178b,6114,760,11,0
4177b,6114,760,12,0
3636b,6114,764,13,0
4740b,6114,764,14,0
473b,6114,765,15,0
3638b,6114,766,16,0
4741b,6114,767,17,0
1052b,6114,770,18,0
1398b,6114,770,19,0
5838b,6114,771,20,0
1085b,6114,772,21,0
3631b,6114,772,22,0
2097b,6114,773,23,0
267b,6114,775,24,0
1846b,6114,775,25,0
923b,6114,776,26,0
1743b,6114,777,27,0
1830b,6114,778,28,0
1825b,6114,779,29,0
1742b,6114,780,30,0
2233b,6114,781,31,0
904b,6114,784,32,0
4880b,6114,786,33,0
34b,6114,787,34,0
5563b,6114,790,35,1
3634b,26750,630,1,0
3552b,26750,631,2,0
1934b,26750,632,3,0
1546b,26750,633,4,0
1884b,26750,635,5,0
6491b,26750,636,6,0
4735b,26750,636,7,0
4970b,26750,637,8,0
1117b,26750,638,9,0
553b,26750,639,10,0
4178b,26750,640,11,0
4177b,26750,640,12,0
3636b,26750,644,13,0
4740b,26750,644,14,0
473b,26750,645,15,0
3638b,26750,646,16,0
4741b,26750,647,17,0
1052b,26750,650,18,0
1398b,26750,650,19,0
5838b,26750,651,20,0
1085b,26750,652,21,0
3631b,26750,652,22,0
2097b,26750,653,23,0
267b,26750,655,24,0
1846b,26750,655,25,0
923b,26750,656,26,0
1743b,26750,657,27,0
1830b,26750,658,28,0
1825b,26750,659,29,0
1742b,26750,660,30,0
2233b,26750,661,31,0
904b,26750,664,32,0
4880b,26750,666,33,0
34b,26750,667,34,0
5563b,26750,670,35,1
