arret_id,trajet_id,heure_depart,stop_sequence,terminus
5610b,22375,1225,1,0
7833b,22375,1227,2,0
7834b,22375,1229,3,0
288b,22375,1238,4,0
7781b,22375,1240,5,1
5610b,10782,1165,1,0
7833b,10782,1167,2,0
7834b,10782,1169,3,0
288b,10782,1178,4,0
7781b,10782,1180,5,1
5610b,35304,1175,1,0
7833b,35304,1177,2,0
7834b,35304,1179,3,0
288b,35304,1188,4,0
7781b,35304,1190,5,1
5610b,7019,1185,1,0
7833b,7019,1187,2,0
7834b,7019,1189,3,0
288b,7019,1198,4,0
7781b,7019,1200,5,1
7781b,2165,1375,1,0
7835b,2165,1384,2,0
5603b,2165,1387,3,0
5610b,2165,1390,4,1
7781b,9099,1455,1,0
7835b,9099,1464,2,0
5603b,9099,1467,3,0
5610b,9099,1470,4,1
7781b,1712,1395,1,0
7835b,1712,1404,2,0
5603b,1712,1407,3,0
5610b,1712,1410,4,1
7781b,15543,1425,1,0
7835b,15543,1434,2,0
5603b,15543,1437,3,0
5610b,15543,1440,4,1
7781b,29995,1390,1,0
7835b,29995,1399,2,0
5603b,29995,1402,3,0
5610b,29995,1405,4,1
5610b,1969,1145,1,0
7833b,1969,1147,2,0
7834b,1969,1149,3,0
288b,1969,1158,4,0
7781b,1969,1160,5,1
7781b,8204,1445,1,0
7835b,8204,1454,2,0
5603b,8204,1457,3,0
5610b,8204,1460,4,1
5610b,155,1205,1,0
7833b,155,1207,2,0
7834b,155,1209,3,0
288b,155,1218,4,0
7781b,155,1220,5,1
5610b,34704,1155,1,0
7833b,34704,1157,2,0
7834b,34704,1159,3,0
288b,34704,1168,4,0
7781b,34704,1170,5,1
7781b,18815,1380,1,0
7835b,18815,1389,2,0
5603b,18815,1392,3,0
5610b,18815,1395,4,1
7781b,32624,1385,1,0
7835b,32624,1394,2,0
5603b,32624,1397,3,0
5610b,32624,1400,4,1
7781b,2970,1415,1,0
7835b,2970,1424,2,0
5603b,2970,1427,3,0
5610b,2970,1430,4,1
5610b,2851,1195,1,0
7833b,2851,1197,2,0
7834b,2851,1199,3,0
288b,2851,1208,4,0
7781b,2851,1210,5,1
5610b,18285,1235,1,0
7833b,18285,1237,2,0
7834b,18285,1239,3,0
288b,18285,1248,4,0
7781b,18285,1250,5,1
5610b,20608,1215,1,0
7833b,20608,1217,2,0
7834b,20608,1219,3,0
288b,20608,1228,4,0
7781b,20608,1230,5,1
7781b,20779,1405,1,0
7835b,20779,1414,2,0
5603b,20779,1417,3,0
5610b,20779,1420,4,1
7781b,6951,1435,1,0
7835b,6951,1444,2,0
5603b,6951,1447,3,0
5610b,6951,1450,4,1
5610b,996,1135,1,0
7833b,996,1137,2,0
7834b,996,1139,3,0
288b,996,1148,4,0
7781b,996,1150,5,1
5610b,8668,1125,1,0
7833b,8668,1127,2,0
7834b,8668,1129,3,0
288b,8668,1138,4,0
7781b,8668,1140,5,1
7781b,26132,1370,1,0
7835b,26132,1379,2,0
5603b,26132,1382,3,0
5610b,26132,1385,4,1
