arret_id,trajet_id,heure_depart,stop_sequence,terminus
5802b,5257,735,1,0
317b,5257,735,2,0
1364b,5257,736,3,0
168b,5257,737,4,0
3273b,5257,739,5,0
962b,5257,740,6,0
66b,5257,742,7,0
424b,5257,744,8,0
2375b,5257,745,9,0
407b,5257,748,10,0
1464b,5257,749,11,0
1450b,5257,752,12,0
3611b,5257,754,13,0
1601b,5257,755,14,0
6330b,5257,755,15,0
6994b,5257,760,16,1
6993b,367,440,1,0
1601b,367,444,2,0
6330b,367,445,3,0
3612b,367,445,4,0
876b,367,446,5,0
177b,367,448,6,0
560b,367,449,7,0
2385b,367,451,8,0
2386b,367,452,9,0
2387b,367,454,10,0
1205b,367,455,11,0
2198b,367,456,12,0
2252b,367,458,13,0
3608b,367,459,14,0
3609b,367,460,15,0
5801b,367,462,16,1
5802b,20026,1035,1,0
317b,20026,1035,2,0
1364b,20026,1036,3,0
168b,20026,1037,4,0
3273b,20026,1039,5,0
962b,20026,1040,6,0
66b,20026,1042,7,0
424b,20026,1044,8,0
2375b,20026,1045,9,0
407b,20026,1048,10,0
1464b,20026,1049,11,0
1450b,20026,1052,12,0
3611b,20026,1054,13,0
1601b,20026,1055,14,0
6330b,20026,1055,15,0
6994b,20026,1060,16,1
6993b,6617,500,1,0
1601b,6617,504,2,0
6330b,6617,505,3,0
3612b,6617,505,4,0
876b,6617,506,5,0
177b,6617,508,6,0
560b,6617,509,7,0
2385b,6617,511,8,0
2386b,6617,512,9,0
2387b,6617,514,10,0
1205b,6617,515,11,0
2198b,6617,516,12,0
2252b,6617,518,13,0
3608b,6617,519,14,0
3609b,6617,520,15,0
5801b,6617,522,16,1
5802b,26859,1095,1,0
317b,26859,1095,2,0
1364b,26859,1096,3,0
168b,26859,1097,4,0
3273b,26859,1099,5,0
962b,26859,1100,6,0
66b,26859,1102,7,0
424b,26859,1104,8,0
2375b,26859,1105,9,0
407b,26859,1108,10,0
1464b,26859,1109,11,0
1450b,26859,1112,12,0
3611b,26859,1114,13,0
1601b,26859,1115,14,0
6330b,26859,1115,15,0
6994b,26859,1120,16,1
