arret_id,trajet_id,heure_depart,stop_sequence,terminus
3634b,24698,1235,1,0
3552b,24698,1236,2,0
1934b,24698,1237,3,0
1546b,24698,1239,4,0
1826b,24698,1243,5,0
1474b,24698,1243,6,0
125b,24698,1245,7,0
1827b,24698,1246,8,0
618b,24698,1246,9,0
465b,24698,1247,10,0
566b,24698,1248,11,0
1480b,24698,1249,12,0
3632b,24698,1250,13,0
71b,24698,1250,14,0
5839b,24698,1251,15,0
2516b,24698,1252,16,0
1378b,24698,1253,17,0
4094b,24698,1256,18,1
4094b,10945,940,1,0
1052b,10945,941,2,0
1398b,10945,942,3,0
5838b,10945,943,4,0
1085b,10945,944,5,0
3631b,10945,944,6,0
2097b,10945,945,7,0
267b,10945,946,8,0
1846b,10945,947,9,0
923b,10945,948,10,0
1743b,10945,948,11,0
1830b,10945,949,12,0
1825b,10945,950,13,0
1742b,10945,951,14,0
2233b,10945,953,15,0
904b,10945,957,16,0
4880b,10945,960,17,0
34b,10945,962,18,0
3634b,10945,966,19,1
4094b,22411,500,1,0
1052b,22411,501,2,0
1398b,22411,502,3,0
5838b,22411,503,4,0
1085b,22411,504,5,0
3631b,22411,504,6,0
2097b,22411,505,7,0
267b,22411,506,8,0
1846b,22411,507,9,0
923b,22411,508,10,0
1743b,22411,508,11,0
1830b,22411,509,12,0
1825b,22411,510,13,0
1742b,22411,511,14,0
2233b,22411,513,15,0
904b,22411,517,16,0
4880b,22411,519,17,0
34b,22411,522,18,0
3634b,22411,525,19,1
3634b,24498,915,1,0
3552b,24498,917,2,0
1934b,24498,918,3,0
1546b,24498,921,4,0
1826b,24498,925,5,0
1474b,24498,925,6,0
125b,24498,927,7,0
1827b,24498,928,8,0
618b,24498,928,9,0
465b,24498,929,10,0
566b,24498,930,11,0
1480b,24498,931,12,0
3632b,24498,932,13,0
71b,24498,932,14,0
5839b,24498,933,15,0
2516b,24498,934,16,0
1378b,24498,935,17,0
4094b,24498,938,18,1
4094b,22184,1026,1,0
1052b,22184,1027,2,0
1398b,22184,1028,3,0
5838b,22184,1029,4,0
1085b,22184,1030,5,0
3631b,22184,1030,6,0
2097b,22184,1031,7,0
267b,22184,1032,8,0
1846b,22184,1033,9,0
923b,22184,1034,10,0
1743b,22184,1034,11,0
1830b,22184,1035,12,0
1825b,22184,1036,13,0
1742b,22184,1037,14,0
2233b,22184,1039,15,0
904b,22184,1043,16,0
4880b,22184,1047,17,0
34b,22184,1049,18,0
3634b,22184,1053,19,1
4094b,31188,1086,1,0
1052b,31188,1087,2,0
1398b,31188,1088,3,0
5838b,31188,1089,4,0
1085b,31188,1090,5,0
3631b,31188,1090,6,0
2097b,31188,1091,7,0
267b,31188,1092,8,0
1846b,31188,1093,9,0
923b,31188,1094,10,0
1743b,31188,1094,11,0
1830b,31188,1095,12,0
1825b,31188,1096,13,0
1742b,31188,1097,14,0
2233b,31188,1099,15,0
904b,31188,1103,16,0
4880b,31188,1107,17,0
34b,31188,1109,18,0
3634b,31188,1113,19,1
3634b,29047,1190,1,0
3552b,29047,1192,2,0
1934b,29047,1193,3,0
1546b,29047,1195,4,0
1826b,29047,1199,5,0
1474b,29047,1199,6,0
125b,29047,1201,7,0
1827b,29047,1202,8,0
618b,29047,1202,9,0
465b,29047,1203,10,0
566b,29047,1204,11,0
1480b,29047,1205,12,0
3632b,29047,1206,13,0
71b,29047,1206,14,0
5839b,29047,1207,15,0
2516b,29047,1208,16,0
1378b,29047,1209,17,0
4094b,29047,1212,18,1
4094b,22086,460,1,0
1052b,22086,461,2,0
1398b,22086,462,3,0
5838b,22086,463,4,0
1085b,22086,464,5,0
3631b,22086,464,6,0
2097b,22086,465,7,0
267b,22086,466,8,0
1846b,22086,467,9,0
923b,22086,468,10,0
1743b,22086,468,11,0
1830b,22086,469,12,0
1825b,22086,470,13,0
1742b,22086,471,14,0
2233b,22086,473,15,0
904b,22086,477,16,0
4880b,22086,479,17,0
34b,22086,482,18,0
3634b,22086,485,19,1
4094b,12351,620,1,0
1052b,12351,621,2,0
1398b,12351,622,3,0
5838b,12351,623,4,0
1085b,12351,624,5,0
3631b,12351,624,6,0
2097b,12351,625,7,0
267b,12351,626,8,0
1846b,12351,627,9,0
923b,12351,628,10,0
1743b,12351,628,11,0
1830b,12351,629,12,0
1825b,12351,630,13,0
1742b,12351,631,14,0
2233b,12351,632,15,0
904b,12351,636,16,0
4880b,12351,639,17,0
34b,12351,641,18,0
3634b,12351,644,19,1
3634b,19901,745,1,0
3552b,19901,747,2,0
1934b,19901,748,3,0
1546b,19901,751,4,0
1826b,19901,755,5,0
1474b,19901,755,6,0
125b,19901,757,7,0
1827b,19901,758,8,0
618b,19901,758,9,0
465b,19901,759,10,0
566b,19901,760,11,0
1480b,19901,761,12,0
3632b,19901,762,13,0
71b,19901,762,14,0
5839b,19901,763,15,0
2516b,19901,764,16,0
1378b,19901,765,17,0
4094b,19901,768,18,1
3634b,2256,1095,1,0
3552b,2256,1098,2,0
1934b,2256,1100,3,0
1546b,2256,1104,4,0
1826b,2256,1110,5,0
1474b,2256,1110,6,0
125b,2256,1112,7,0
1827b,2256,1113,8,0
618b,2256,1113,9,0
465b,2256,1114,10,0
566b,2256,1115,11,0
1480b,2256,1117,12,0
3632b,2256,1118,13,0
71b,2256,1119,14,0
5839b,2256,1119,15,0
2516b,2256,1121,16,0
1378b,2256,1122,17,0
4094b,2256,1125,18,1
3634b,33641,1055,1,0
3552b,33641,1058,2,0
1934b,33641,1060,3,0
1546b,33641,1064,4,0
1826b,33641,1070,5,0
1474b,33641,1070,6,0
125b,33641,1072,7,0
1827b,33641,1073,8,0
618b,33641,1073,9,0
465b,33641,1074,10,0
566b,33641,1075,11,0
1480b,33641,1077,12,0
3632b,33641,1077,13,0
71b,33641,1078,14,0
5839b,33641,1079,15,0
2516b,33641,1080,16,0
1378b,33641,1081,17,0
4094b,33641,1084,18,1
3634b,17754,470,1,0
3552b,17754,472,2,0
1934b,17754,473,3,0
1546b,17754,475,4,0
1826b,17754,479,5,0
1474b,17754,479,6,0
125b,17754,481,7,0
1827b,17754,482,8,0
618b,17754,482,9,0
465b,17754,483,10,0
566b,17754,484,11,0
1480b,17754,486,12,0
3632b,17754,486,13,0
71b,17754,487,14,0
5839b,17754,488,15,0
2516b,17754,489,16,0
1378b,17754,490,17,0
4094b,17754,493,18,1
4094b,17709,1155,1,0
1052b,17709,1156,2,0
1398b,17709,1157,3,0
5838b,17709,1158,4,0
1085b,17709,1159,5,0
3631b,17709,1159,6,0
2097b,17709,1160,7,0
267b,17709,1161,8,0
1846b,17709,1162,9,0
923b,17709,1163,10,0
1743b,17709,1163,11,0
1830b,17709,1164,12,0
1825b,17709,1165,13,0
1742b,17709,1166,14,0
2233b,17709,1168,15,0
904b,17709,1172,16,0
4880b,17709,1176,17,0
34b,17709,1178,18,0
3634b,17709,1182,19,1
3634b,17711,490,1,0
3552b,17711,492,2,0
1934b,17711,493,3,0
1546b,17711,495,4,0
1826b,17711,499,5,0
1474b,17711,499,6,0
125b,17711,501,7,0
1827b,17711,502,8,0
618b,17711,502,9,0
465b,17711,503,10,0
566b,17711,504,11,0
1480b,17711,506,12,0
3632b,17711,506,13,0
71b,17711,507,14,0
5839b,17711,508,15,0
2516b,17711,509,16,0
1378b,17711,510,17,0
4094b,17711,513,18,1
4094b,17863,1046,1,0
1052b,17863,1047,2,0
1398b,17863,1048,3,0
5838b,17863,1049,4,0
1085b,17863,1050,5,0
3631b,17863,1050,6,0
2097b,17863,1051,7,0
267b,17863,1052,8,0
1846b,17863,1053,9,0
923b,17863,1054,10,0
1743b,17863,1054,11,0
1830b,17863,1055,12,0
1825b,17863,1056,13,0
1742b,17863,1057,14,0
2233b,17863,1059,15,0
904b,17863,1063,16,0
4880b,17863,1067,17,0
34b,17863,1069,18,0
3634b,17863,1073,19,1
3634b,2014,410,1,0
3552b,2014,411,2,0
1934b,2014,412,3,0
1546b,2014,414,4,0
1826b,2014,418,5,0
1474b,2014,418,6,0
125b,2014,420,7,0
1827b,2014,421,8,0
618b,2014,421,9,0
465b,2014,422,10,0
566b,2014,423,11,0
1480b,2014,424,12,0
3632b,2014,425,13,0
71b,2014,425,14,0
5839b,2014,426,15,0
2516b,2014,427,16,0
1378b,2014,428,17,0
4094b,2014,431,18,1
3634b,17231,450,1,0
3552b,17231,452,2,0
1934b,17231,453,3,0
1546b,17231,455,4,0
1826b,17231,459,5,0
1474b,17231,459,6,0
125b,17231,461,7,0
1827b,17231,462,8,0
618b,17231,462,9,0
465b,17231,463,10,0
566b,17231,464,11,0
1480b,17231,466,12,0
3632b,17231,466,13,0
71b,17231,467,14,0
5839b,17231,468,15,0
2516b,17231,469,16,0
1378b,17231,470,17,0
4094b,17231,473,18,1
3634b,9255,790,1,0
3552b,9255,792,2,0
1934b,9255,793,3,0
1546b,9255,796,4,0
1826b,9255,800,5,0
1474b,9255,800,6,0
125b,9255,802,7,0
1827b,9255,803,8,0
618b,9255,803,9,0
465b,9255,804,10,0
566b,9255,805,11,0
1480b,9255,806,12,0
3632b,9255,807,13,0
71b,9255,807,14,0
5839b,9255,808,15,0
2516b,9255,809,16,0
1378b,9255,810,17,0
4094b,9255,813,18,1
3634b,17305,952,1,0
3552b,17305,954,2,0
1934b,17305,955,3,0
1546b,17305,958,4,0
1826b,17305,962,5,0
1474b,17305,962,6,0
125b,17305,964,7,0
1827b,17305,965,8,0
618b,17305,965,9,0
465b,17305,966,10,0
566b,17305,967,11,0
1480b,17305,969,12,0
3632b,17305,969,13,0
71b,17305,970,14,0
5839b,17305,971,15,0
2516b,17305,972,16,0
1378b,17305,973,17,0
4094b,17305,976,18,1
4094b,10257,1195,1,0
1052b,10257,1196,2,0
1398b,10257,1196,3,0
5838b,10257,1197,4,0
1085b,10257,1198,5,0
3631b,10257,1198,6,0
2097b,10257,1198,7,0
267b,10257,1200,8,0
1846b,10257,1200,9,0
923b,10257,1201,10,0
1743b,10257,1201,11,0
1830b,10257,1202,12,0
1825b,10257,1203,13,0
1742b,10257,1204,14,0
2233b,10257,1205,15,0
904b,10257,1207,16,0
4880b,10257,1209,17,0
34b,10257,1211,18,0
3634b,10257,1213,19,1
4094b,1788,1066,1,0
1052b,1788,1067,2,0
1398b,1788,1068,3,0
5838b,1788,1069,4,0
1085b,1788,1070,5,0
3631b,1788,1070,6,0
2097b,1788,1071,7,0
267b,1788,1072,8,0
1846b,1788,1073,9,0
923b,1788,1074,10,0
1743b,1788,1074,11,0
1830b,1788,1075,12,0
1825b,1788,1076,13,0
1742b,1788,1077,14,0
2233b,1788,1079,15,0
904b,1788,1083,16,0
4880b,1788,1087,17,0
34b,1788,1089,18,0
3634b,1788,1093,19,1
4094b,5843,1130,1,0
1052b,5843,1131,2,0
1398b,5843,1132,3,0
5838b,5843,1133,4,0
1085b,5843,1134,5,0
3631b,5843,1134,6,0
2097b,5843,1135,7,0
267b,5843,1136,8,0
1846b,5843,1137,9,0
923b,5843,1138,10,0
1743b,5843,1138,11,0
1830b,5843,1139,12,0
1825b,5843,1140,13,0
1742b,5843,1141,14,0
2233b,5843,1143,15,0
904b,5843,1147,16,0
4880b,5843,1151,17,0
34b,5843,1153,18,0
3634b,5843,1157,19,1
3634b,21533,665,1,0
3552b,21533,667,2,0
1934b,21533,668,3,0
1546b,21533,671,4,0
1826b,21533,675,5,0
1474b,21533,675,6,0
125b,21533,677,7,0
1827b,21533,678,8,0
618b,21533,678,9,0
465b,21533,679,10,0
566b,21533,680,11,0
1480b,21533,681,12,0
3632b,21533,682,13,0
71b,21533,682,14,0
5839b,21533,683,15,0
2516b,21533,684,16,0
1378b,21533,685,17,0
4094b,21533,688,18,1
3634b,27569,975,1,0
3552b,27569,978,2,0
1934b,27569,980,3,0
1546b,27569,984,4,0
1826b,27569,990,5,0
1474b,27569,990,6,0
125b,27569,992,7,0
1827b,27569,993,8,0
618b,27569,993,9,0
465b,27569,994,10,0
566b,27569,995,11,0
1480b,27569,997,12,0
3632b,27569,997,13,0
71b,27569,998,14,0
5839b,27569,999,15,0
2516b,27569,1000,16,0
1378b,27569,1001,17,0
4094b,27569,1004,18,1
3634b,27463,995,1,0
3552b,27463,998,2,0
1934b,27463,1000,3,0
1546b,27463,1004,4,0
1826b,27463,1010,5,0
1474b,27463,1010,6,0
125b,27463,1012,7,0
1827b,27463,1013,8,0
618b,27463,1013,9,0
465b,27463,1014,10,0
566b,27463,1015,11,0
1480b,27463,1017,12,0
3632b,27463,1017,13,0
71b,27463,1018,14,0
5839b,27463,1019,15,0
2516b,27463,1020,16,0
1378b,27463,1021,17,0
4094b,27463,1024,18,1
3634b,5255,510,1,0
3552b,5255,512,2,0
1934b,5255,513,3,0
1546b,5255,515,4,0
1826b,5255,519,5,0
1474b,5255,519,6,0
125b,5255,521,7,0
1827b,5255,522,8,0
618b,5255,522,9,0
465b,5255,523,10,0
566b,5255,524,11,0
1480b,5255,526,12,0
3632b,5255,526,13,0
71b,5255,527,14,0
5839b,5255,528,15,0
2516b,5255,529,16,0
1378b,5255,530,17,0
4094b,5255,533,18,1
4094b,13292,390,1,0
1052b,13292,391,2,0
1398b,13292,392,3,0
5838b,13292,393,4,0
1085b,13292,394,5,0
3631b,13292,394,6,0
2097b,13292,395,7,0
267b,13292,396,8,0
1846b,13292,397,9,0
923b,13292,398,10,0
1743b,13292,398,11,0
1830b,13292,399,12,0
1825b,13292,400,13,0
1742b,13292,401,14,0
2233b,13292,402,15,0
904b,13292,406,16,0
4880b,13292,408,17,0
34b,13292,410,18,0
3634b,13292,413,19,1
3634b,29222,1075,1,0
3552b,29222,1078,2,0
1934b,29222,1080,3,0
1546b,29222,1084,4,0
1826b,29222,1090,5,0
1474b,29222,1090,6,0
125b,29222,1092,7,0
1827b,29222,1093,8,0
618b,29222,1093,9,0
465b,29222,1094,10,0
566b,29222,1095,11,0
1480b,29222,1097,12,0
3632b,29222,1097,13,0
71b,29222,1098,14,0
5839b,29222,1099,15,0
2516b,29222,1100,16,0
1378b,29222,1101,17,0
4094b,29222,1104,18,1
4094b,29721,700,1,0
1052b,29721,701,2,0
1398b,29721,702,3,0
5838b,29721,703,4,0
1085b,29721,704,5,0
3631b,29721,704,6,0
2097b,29721,705,7,0
267b,29721,706,8,0
1846b,29721,707,9,0
923b,29721,708,10,0
1743b,29721,708,11,0
1830b,29721,709,12,0
1825b,29721,710,13,0
1742b,29721,711,14,0
2233b,29721,712,15,0
904b,29721,716,16,0
4880b,29721,719,17,0
34b,29721,721,18,0
3634b,29721,724,19,1
4094b,25233,900,1,0
1052b,25233,901,2,0
1398b,25233,902,3,0
5838b,25233,903,4,0
1085b,25233,904,5,0
3631b,25233,904,6,0
2097b,25233,905,7,0
267b,25233,906,8,0
1846b,25233,907,9,0
923b,25233,908,10,0
1743b,25233,908,11,0
1830b,25233,909,12,0
1825b,25233,910,13,0
1742b,25233,911,14,0
2233b,25233,912,15,0
904b,25233,916,16,0
4880b,25233,919,17,0
34b,25233,921,18,0
3634b,25233,924,19,1
4094b,7782,480,1,0
1052b,7782,481,2,0
1398b,7782,482,3,0
5838b,7782,483,4,0
1085b,7782,484,5,0
3631b,7782,484,6,0
2097b,7782,485,7,0
267b,7782,486,8,0
1846b,7782,487,9,0
923b,7782,488,10,0
1743b,7782,488,11,0
1830b,7782,489,12,0
1825b,7782,490,13,0
1742b,7782,491,14,0
2233b,7782,493,15,0
904b,7782,497,16,0
4880b,7782,499,17,0
34b,7782,502,18,0
3634b,7782,505,19,1
4094b,25250,980,1,0
1052b,25250,981,2,0
1398b,25250,982,3,0
5838b,25250,983,4,0
1085b,25250,984,5,0
3631b,25250,984,6,0
2097b,25250,985,7,0
267b,25250,986,8,0
1846b,25250,987,9,0
923b,25250,988,10,0
1743b,25250,988,11,0
1830b,25250,989,12,0
1825b,25250,990,13,0
1742b,25250,991,14,0
2233b,25250,993,15,0
904b,25250,997,16,0
4880b,25250,1001,17,0
34b,25250,1003,18,0
3634b,25250,1007,19,1
4094b,1941,1175,1,0
1052b,1941,1176,2,0
1398b,1941,1176,3,0
5838b,1941,1177,4,0
1085b,1941,1178,5,0
3631b,1941,1178,6,0
2097b,1941,1178,7,0
267b,1941,1180,8,0
1846b,1941,1180,9,0
923b,1941,1181,10,0
1743b,1941,1181,11,0
1830b,1941,1182,12,0
1825b,1941,1183,13,0
1742b,1941,1184,14,0
2233b,1941,1185,15,0
904b,1941,1187,16,0
4880b,1941,1189,17,0
34b,1941,1191,18,0
3634b,1941,1193,19,1
4094b,32340,740,1,0
1052b,32340,741,2,0
1398b,32340,742,3,0
5838b,32340,743,4,0
1085b,32340,744,5,0
3631b,32340,744,6,0
2097b,32340,745,7,0
267b,32340,746,8,0
1846b,32340,747,9,0
923b,32340,748,10,0
1743b,32340,748,11,0
1830b,32340,749,12,0
1825b,32340,750,13,0
1742b,32340,751,14,0
2233b,32340,752,15,0
904b,32340,756,16,0
4880b,32340,759,17,0
34b,32340,761,18,0
3634b,32340,764,19,1
3634b,3588,705,1,0
3552b,3588,707,2,0
1934b,3588,708,3,0
1546b,3588,711,4,0
1826b,3588,715,5,0
1474b,3588,715,6,0
125b,3588,717,7,0
1827b,3588,718,8,0
618b,3588,718,9,0
465b,3588,719,10,0
566b,3588,720,11,0
1480b,3588,721,12,0
3632b,3588,722,13,0
71b,3588,722,14,0
5839b,3588,723,15,0
2516b,3588,724,16,0
1378b,3588,725,17,0
4094b,3588,728,18,1
3634b,32456,545,1,0
3552b,32456,547,2,0
1934b,32456,548,3,0
1546b,32456,550,4,0
1826b,32456,554,5,0
1474b,32456,554,6,0
125b,32456,556,7,0
1827b,32456,557,8,0
618b,32456,557,9,0
465b,32456,558,10,0
566b,32456,559,11,0
1480b,32456,561,12,0
3632b,32456,561,13,0
71b,32456,562,14,0
5839b,32456,563,15,0
2516b,32456,564,16,0
1378b,32456,565,17,0
4094b,32456,568,18,1
4094b,11548,860,1,0
1052b,11548,861,2,0
1398b,11548,862,3,0
5838b,11548,863,4,0
1085b,11548,864,5,0
3631b,11548,864,6,0
2097b,11548,865,7,0
267b,11548,866,8,0
1846b,11548,867,9,0
923b,11548,868,10,0
1743b,11548,868,11,0
1830b,11548,869,12,0
1825b,11548,870,13,0
1742b,11548,871,14,0
2233b,11548,872,15,0
904b,11548,876,16,0
4880b,11548,879,17,0
34b,11548,881,18,0
3634b,11548,884,19,1
3634b,3042,875,1,0
3552b,3042,877,2,0
1934b,3042,878,3,0
1546b,3042,881,4,0
1826b,3042,885,5,0
1474b,3042,885,6,0
125b,3042,887,7,0
1827b,3042,888,8,0
618b,3042,888,9,0
465b,3042,889,10,0
566b,3042,890,11,0
1480b,3042,891,12,0
3632b,3042,892,13,0
71b,3042,892,14,0
5839b,3042,893,15,0
2516b,3042,894,16,0
1378b,3042,895,17,0
4094b,3042,898,18,1
4094b,18558,1006,1,0
1052b,18558,1007,2,0
1398b,18558,1008,3,0
5838b,18558,1009,4,0
1085b,18558,1010,5,0
3631b,18558,1010,6,0
2097b,18558,1011,7,0
267b,18558,1012,8,0
1846b,18558,1013,9,0
923b,18558,1014,10,0
1743b,18558,1014,11,0
1830b,18558,1015,12,0
1825b,18558,1016,13,0
1742b,18558,1017,14,0
2233b,18558,1019,15,0
904b,18558,1023,16,0
4880b,18558,1027,17,0
34b,18558,1029,18,0
3634b,18558,1033,19,1
3634b,3074,1160,1,0
3552b,3074,1162,2,0
1934b,3074,1163,3,0
1546b,3074,1165,4,0
1826b,3074,1169,5,0
1474b,3074,1169,6,0
125b,3074,1171,7,0
1827b,3074,1172,8,0
618b,3074,1172,9,0
465b,3074,1173,10,0
566b,3074,1174,11,0
1480b,3074,1175,12,0
3632b,3074,1176,13,0
71b,3074,1176,14,0
5839b,3074,1177,15,0
2516b,3074,1178,16,0
1378b,3074,1179,17,0
4094b,3074,1182,18,1
3634b,4670,1015,1,0
3552b,4670,1018,2,0
1934b,4670,1020,3,0
1546b,4670,1024,4,0
1826b,4670,1030,5,0
1474b,4670,1030,6,0
125b,4670,1032,7,0
1827b,4670,1033,8,0
618b,4670,1033,9,0
465b,4670,1034,10,0
566b,4670,1035,11,0
1480b,4670,1037,12,0
3632b,4670,1037,13,0
71b,4670,1038,14,0
5839b,4670,1039,15,0
2516b,4670,1040,16,0
1378b,4670,1041,17,0
4094b,4670,1044,18,1
4094b,2799,780,1,0
1052b,2799,781,2,0
1398b,2799,782,3,0
5838b,2799,783,4,0
1085b,2799,784,5,0
3631b,2799,784,6,0
2097b,2799,785,7,0
267b,2799,786,8,0
1846b,2799,787,9,0
923b,2799,788,10,0
1743b,2799,788,11,0
1830b,2799,789,12,0
1825b,2799,790,13,0
1742b,2799,791,14,0
2233b,2799,792,15,0
904b,2799,796,16,0
4880b,2799,799,17,0
34b,2799,801,18,0
3634b,2799,804,19,1
4094b,16102,1106,1,0
1052b,16102,1107,2,0
1398b,16102,1108,3,0
5838b,16102,1109,4,0
1085b,16102,1110,5,0
3631b,16102,1110,6,0
2097b,16102,1111,7,0
267b,16102,1112,8,0
1846b,16102,1113,9,0
923b,16102,1114,10,0
1743b,16102,1114,11,0
1830b,16102,1115,12,0
1825b,16102,1116,13,0
1742b,16102,1117,14,0
2233b,16102,1119,15,0
904b,16102,1123,16,0
4880b,16102,1127,17,0
34b,16102,1129,18,0
3634b,16102,1133,19,1
3634b,4823,835,1,0
3552b,4823,837,2,0
1934b,4823,838,3,0
1546b,4823,841,4,0
1826b,4823,845,5,0
1474b,4823,845,6,0
125b,4823,847,7,0
1827b,4823,848,8,0
618b,4823,848,9,0
465b,4823,849,10,0
566b,4823,850,11,0
1480b,4823,851,12,0
3632b,4823,852,13,0
71b,4823,852,14,0
5839b,4823,853,15,0
2516b,4823,854,16,0
1378b,4823,855,17,0
4094b,4823,858,18,1
4094b,6918,820,1,0
1052b,6918,821,2,0
1398b,6918,822,3,0
5838b,6918,823,4,0
1085b,6918,824,5,0
3631b,6918,824,6,0
2097b,6918,825,7,0
267b,6918,826,8,0
1846b,6918,827,9,0
923b,6918,828,10,0
1743b,6918,828,11,0
1830b,6918,829,12,0
1825b,6918,830,13,0
1742b,6918,831,14,0
2233b,6918,832,15,0
904b,6918,836,16,0
4880b,6918,839,17,0
34b,6918,841,18,0
3634b,6918,844,19,1
4094b,18050,520,1,0
1052b,18050,521,2,0
1398b,18050,522,3,0
5838b,18050,523,4,0
1085b,18050,524,5,0
3631b,18050,524,6,0
2097b,18050,525,7,0
267b,18050,526,8,0
1846b,18050,527,9,0
923b,18050,528,10,0
1743b,18050,528,11,0
1830b,18050,529,12,0
1825b,18050,530,13,0
1742b,18050,531,14,0
2233b,18050,533,15,0
904b,18050,537,16,0
4880b,18050,539,17,0
34b,18050,542,18,0
3634b,18050,545,19,1
3634b,8598,1140,1,0
3552b,8598,1142,2,0
1934b,8598,1143,3,0
1546b,8598,1145,4,0
1826b,8598,1149,5,0
1474b,8598,1149,6,0
125b,8598,1151,7,0
1827b,8598,1152,8,0
618b,8598,1152,9,0
465b,8598,1153,10,0
566b,8598,1154,11,0
1480b,8598,1155,12,0
3632b,8598,1156,13,0
71b,8598,1156,14,0
5839b,8598,1157,15,0
2516b,8598,1158,16,0
1378b,8598,1159,17,0
4094b,8598,1162,18,1
3634b,12035,625,1,0
3552b,12035,627,2,0
1934b,12035,628,3,0
1546b,12035,631,4,0
1826b,12035,635,5,0
1474b,12035,635,6,0
125b,12035,637,7,0
1827b,12035,638,8,0
618b,12035,638,9,0
465b,12035,639,10,0
566b,12035,640,11,0
1480b,12035,641,12,0
3632b,12035,642,13,0
71b,12035,642,14,0
5839b,12035,643,15,0
2516b,12035,644,16,0
1378b,12035,645,17,0
4094b,12035,648,18,1
3634b,2652,1035,1,0
3552b,2652,1038,2,0
1934b,2652,1040,3,0
1546b,2652,1044,4,0
1826b,2652,1050,5,0
1474b,2652,1050,6,0
125b,2652,1052,7,0
1827b,2652,1053,8,0
618b,2652,1053,9,0
465b,2652,1054,10,0
566b,2652,1055,11,0
1480b,2652,1057,12,0
3632b,2652,1057,13,0
71b,2652,1058,14,0
5839b,2652,1059,15,0
2516b,2652,1060,16,0
1378b,2652,1061,17,0
4094b,2652,1064,18,1
4094b,12275,440,1,0
1052b,12275,441,2,0
1398b,12275,442,3,0
5838b,12275,443,4,0
1085b,12275,444,5,0
3631b,12275,444,6,0
2097b,12275,445,7,0
267b,12275,446,8,0
1846b,12275,447,9,0
923b,12275,448,10,0
1743b,12275,448,11,0
1830b,12275,449,12,0
1825b,12275,450,13,0
1742b,12275,451,14,0
2233b,12275,453,15,0
904b,12275,457,16,0
4880b,12275,459,17,0
34b,12275,462,18,0
3634b,12275,465,19,1
4094b,16904,660,1,0
1052b,16904,661,2,0
1398b,16904,662,3,0
5838b,16904,663,4,0
1085b,16904,664,5,0
3631b,16904,664,6,0
2097b,16904,665,7,0
267b,16904,666,8,0
1846b,16904,667,9,0
923b,16904,668,10,0
1743b,16904,668,11,0
1830b,16904,669,12,0
1825b,16904,670,13,0
1742b,16904,671,14,0
2233b,16904,672,15,0
904b,16904,676,16,0
4880b,16904,679,17,0
34b,16904,681,18,0
3634b,16904,684,19,1
3634b,26113,585,1,0
3552b,26113,587,2,0
1934b,26113,588,3,0
1546b,26113,591,4,0
1826b,26113,595,5,0
1474b,26113,595,6,0
125b,26113,597,7,0
1827b,26113,598,8,0
618b,26113,598,9,0
465b,26113,599,10,0
566b,26113,600,11,0
1480b,26113,601,12,0
3632b,26113,602,13,0
71b,26113,602,14,0
5839b,26113,603,15,0
2516b,26113,604,16,0
1378b,26113,605,17,0
4094b,26113,608,18,1
4094b,30709,420,1,0
1052b,30709,421,2,0
1398b,30709,422,3,0
5838b,30709,423,4,0
1085b,30709,424,5,0
3631b,30709,424,6,0
2097b,30709,425,7,0
267b,30709,426,8,0
1846b,30709,427,9,0
923b,30709,428,10,0
1743b,30709,428,11,0
1830b,30709,429,12,0
1825b,30709,430,13,0
1742b,30709,431,14,0
2233b,30709,432,15,0
904b,30709,436,16,0
4880b,30709,438,17,0
34b,30709,440,18,0
3634b,30709,443,19,1
4094b,30314,580,1,0
1052b,30314,581,2,0
1398b,30314,582,3,0
5838b,30314,583,4,0
1085b,30314,584,5,0
3631b,30314,584,6,0
2097b,30314,585,7,0
267b,30314,586,8,0
1846b,30314,587,9,0
923b,30314,588,10,0
1743b,30314,588,11,0
1830b,30314,589,12,0
1825b,30314,590,13,0
1742b,30314,591,14,0
2233b,30314,592,15,0
904b,30314,596,16,0
4880b,30314,599,17,0
34b,30314,601,18,0
3634b,30314,604,19,1
4094b,30587,540,1,0
1052b,30587,541,2,0
1398b,30587,542,3,0
5838b,30587,543,4,0
1085b,30587,544,5,0
3631b,30587,544,6,0
2097b,30587,545,7,0
267b,30587,546,8,0
1846b,30587,547,9,0
923b,30587,548,10,0
1743b,30587,548,11,0
1830b,30587,549,12,0
1825b,30587,550,13,0
1742b,30587,551,14,0
2233b,30587,553,15,0
904b,30587,557,16,0
4880b,30587,559,17,0
34b,30587,562,18,0
3634b,30587,565,19,1
3634b,30509,430,1,0
3552b,30509,432,2,0
1934b,30509,433,3,0
1546b,30509,435,4,0
1826b,30509,439,5,0
1474b,30509,439,6,0
125b,30509,441,7,0
1827b,30509,442,8,0
618b,30509,442,9,0
465b,30509,443,10,0
566b,30509,444,11,0
1480b,30509,446,12,0
3632b,30509,446,13,0
71b,30509,447,14,0
5839b,30509,448,15,0
2516b,30509,449,16,0
1378b,30509,450,17,0
4094b,30509,453,18,1
3634b,6512,1120,1,0
3552b,6512,1123,2,0
1934b,6512,1125,3,0
1546b,6512,1129,4,0
1826b,6512,1135,5,0
1474b,6512,1135,6,0
125b,6512,1137,7,0
1827b,6512,1138,8,0
618b,6512,1138,9,0
465b,6512,1139,10,0
566b,6512,1140,11,0
1480b,6512,1142,12,0
3632b,6512,1143,13,0
71b,6512,1144,14,0
5839b,6512,1144,15,0
2516b,6512,1146,16,0
1378b,6512,1147,17,0
4094b,6512,1150,18,1
