arret_id,trajet_id,heure_depart,stop_sequence,terminus
3323b,22579,1715,1,0
1643b,22579,1715,2,0
1631b,22579,1716,3,0
1591b,22579,1716,4,0
3553b,22579,1717,5,0
3868b,22579,1718,6,0
3243b,22579,1718,7,0
1822b,22579,1719,8,0
1611b,22579,1720,9,0
2451b,22579,1720,10,0
3029b,22579,1721,11,0
2528b,22579,1721,12,0
3578b,22579,1722,13,0
1633b,22579,1723,14,0
2633b,22579,1723,15,0
1634b,22579,1724,16,0
371b,22579,1725,17,0
3799b,22579,1726,18,0
5633b,22579,1728,19,0
49b,22579,1728,20,0
575b,22579,1730,21,0
3218b,22579,1731,22,0
2348b,22579,1732,23,0
2349b,22579,1732,24,0
1288b,22579,1733,25,0
456b,22579,1734,26,0
185b,22579,1735,27,0
412b,22579,1735,28,0
2403b,22579,1736,29,0
2404b,22579,1737,30,0
3501b,22579,1738,31,0
3550b,22579,1738,32,0
886b,22579,1739,33,0
1453b,22579,1741,34,0
534b,22579,1743,35,0
698b,22579,1744,36,0
6731b,22579,1747,37,0
2610b,22579,1748,38,0
3280b,22579,1752,39,1
3323b,22546,1590,1,0
1643b,22546,1590,2,0
1631b,22546,1591,3,0
1591b,22546,1591,4,0
3553b,22546,1592,5,0
3868b,22546,1593,6,0
3243b,22546,1593,7,0
1822b,22546,1594,8,0
1611b,22546,1595,9,0
2451b,22546,1595,10,0
3029b,22546,1596,11,0
2528b,22546,1596,12,0
3578b,22546,1597,13,0
1633b,22546,1598,14,0
2633b,22546,1598,15,0
1634b,22546,1599,16,0
371b,22546,1600,17,0
7701b,22546,1601,18,0
5633b,22546,1602,19,0
49b,22546,1603,20,0
575b,22546,1605,21,0
3218b,22546,1606,22,0
2348b,22546,1607,23,0
2349b,22546,1607,24,0
1288b,22546,1608,25,0
456b,22546,1609,26,0
185b,22546,1610,27,0
412b,22546,1610,28,0
2403b,22546,1611,29,0
2404b,22546,1612,30,0
3501b,22546,1613,31,0
3550b,22546,1613,32,0
886b,22546,1614,33,0
1453b,22546,1616,34,0
534b,22546,1618,35,0
698b,22546,1619,36,0
6731b,22546,1622,37,0
2610b,22546,1623,38,0
3280b,22546,1627,39,1
3280b,31356,1589,1,0
6732b,31356,1590,2,0
956b,31356,1592,3,0
3585b,31356,1594,4,0
2436b,31356,1596,5,0
319b,31356,1598,6,0
4155b,31356,1600,7,0
3546b,31356,1601,8,0
2397b,31356,1602,9,0
2164b,31356,1602,10,0
2398b,31356,1603,11,0
1014b,31356,1603,12,0
2399b,31356,1604,13,0
421b,31356,1605,14,0
2400b,31356,1606,15,0
3217b,31356,1607,16,0
3219b,31356,1608,17,0
3220b,31356,1610,18,0
6505b,31356,1611,19,0
6506b,31356,1612,20,0
3797b,31356,1614,21,0
1614b,31356,1614,22,0
1671b,31356,1615,23,0
1656b,31356,1615,24,0
3577b,31356,1616,25,0
3294b,31356,1617,26,0
3028b,31356,1618,27,0
2448b,31356,1619,28,0
1767b,31356,1619,29,0
1768b,31356,1620,30,0
2449b,31356,1621,31,0
3803b,31356,1622,32,0
3554b,31356,1623,33,0
590b,31356,1623,34,0
331b,31356,1624,35,0
118b,31356,1625,36,0
3251b,31356,1625,37,0
3323b,31356,1626,38,1
3323b,12890,1675,1,0
1643b,12890,1675,2,0
1631b,12890,1676,3,0
1591b,12890,1676,4,0
3553b,12890,1677,5,0
3868b,12890,1678,6,0
3243b,12890,1678,7,0
1822b,12890,1679,8,0
1611b,12890,1680,9,0
2451b,12890,1680,10,0
3029b,12890,1681,11,0
2528b,12890,1681,12,0
3578b,12890,1682,13,0
1633b,12890,1683,14,0
2633b,12890,1683,15,0
1634b,12890,1684,16,0
371b,12890,1685,17,0
3799b,12890,1686,18,0
5633b,12890,1688,19,0
49b,12890,1688,20,0
575b,12890,1690,21,0
3218b,12890,1691,22,0
2348b,12890,1692,23,0
2349b,12890,1692,24,0
1288b,12890,1693,25,0
456b,12890,1694,26,0
185b,12890,1695,27,0
412b,12890,1695,28,0
2403b,12890,1696,29,0
2404b,12890,1697,30,0
3501b,12890,1698,31,0
3550b,12890,1698,32,0
886b,12890,1699,33,0
1453b,12890,1701,34,0
534b,12890,1703,35,0
698b,12890,1704,36,0
6731b,12890,1707,37,0
2610b,12890,1708,38,0
3280b,12890,1712,39,1
3323b,22184,1675,1,0
1643b,22184,1675,2,0
1631b,22184,1676,3,0
1591b,22184,1676,4,0
3553b,22184,1677,5,0
3868b,22184,1678,6,0
3243b,22184,1678,7,0
1822b,22184,1679,8,0
1611b,22184,1680,9,0
2451b,22184,1680,10,0
3029b,22184,1681,11,0
2528b,22184,1681,12,0
3578b,22184,1682,13,0
1633b,22184,1683,14,0
2633b,22184,1683,15,0
1634b,22184,1684,16,0
371b,22184,1685,17,0
7701b,22184,1686,18,0
5633b,22184,1687,19,0
49b,22184,1688,20,0
575b,22184,1690,21,0
3218b,22184,1691,22,0
2348b,22184,1692,23,0
2349b,22184,1692,24,0
1288b,22184,1693,25,0
456b,22184,1694,26,0
185b,22184,1695,27,0
412b,22184,1695,28,0
2403b,22184,1696,29,0
2404b,22184,1697,30,0
3501b,22184,1698,31,0
3550b,22184,1698,32,0
886b,22184,1699,33,0
1453b,22184,1701,34,0
534b,22184,1703,35,0
698b,22184,1704,36,0
6731b,22184,1707,37,0
2610b,22184,1708,38,0
3280b,22184,1712,39,1
3280b,33281,1589,1,0
6732b,33281,1590,2,0
956b,33281,1592,3,0
3585b,33281,1594,4,0
2436b,33281,1596,5,0
319b,33281,1598,6,0
4155b,33281,1600,7,0
3546b,33281,1601,8,0
2397b,33281,1602,9,0
2164b,33281,1602,10,0
2398b,33281,1603,11,0
1014b,33281,1603,12,0
2399b,33281,1604,13,0
421b,33281,1605,14,0
2400b,33281,1606,15,0
3217b,33281,1607,16,0
3219b,33281,1608,17,0
3220b,33281,1610,18,0
6505b,33281,1611,19,0
6506b,33281,1612,20,0
3797b,33281,1614,21,0
1614b,33281,1614,22,0
1671b,33281,1615,23,0
1656b,33281,1615,24,0
3577b,33281,1616,25,0
3294b,33281,1617,26,0
3028b,33281,1618,27,0
2448b,33281,1619,28,0
1767b,33281,1619,29,0
1768b,33281,1620,30,0
2449b,33281,1621,31,0
3803b,33281,1622,32,0
3554b,33281,1623,33,0
590b,33281,1623,34,0
331b,33281,1624,35,0
118b,33281,1625,36,0
3251b,33281,1625,37,0
3323b,33281,1626,38,1
3323b,10163,1545,1,0
1643b,10163,1545,2,0
1631b,10163,1546,3,0
1591b,10163,1546,4,0
3553b,10163,1547,5,0
3868b,10163,1548,6,0
3243b,10163,1548,7,0
1822b,10163,1549,8,0
1611b,10163,1550,9,0
2451b,10163,1550,10,0
3029b,10163,1551,11,0
2528b,10163,1551,12,0
3578b,10163,1552,13,0
1633b,10163,1553,14,0
2633b,10163,1553,15,0
1634b,10163,1554,16,0
371b,10163,1555,17,0
7701b,10163,1556,18,0
5633b,10163,1557,19,0
49b,10163,1558,20,0
575b,10163,1560,21,0
3218b,10163,1561,22,0
2348b,10163,1562,23,0
2349b,10163,1562,24,0
1288b,10163,1563,25,0
456b,10163,1564,26,0
185b,10163,1565,27,0
412b,10163,1565,28,0
2403b,10163,1566,29,0
2404b,10163,1567,30,0
3501b,10163,1568,31,0
3550b,10163,1568,32,0
886b,10163,1569,33,0
1453b,10163,1571,34,0
534b,10163,1573,35,0
698b,10163,1574,36,0
6731b,10163,1577,37,0
2610b,10163,1578,38,0
3280b,10163,1582,39,1
3280b,21714,1634,1,0
6732b,21714,1635,2,0
956b,21714,1637,3,0
3585b,21714,1639,4,0
2436b,21714,1641,5,0
319b,21714,1643,6,0
4155b,21714,1645,7,0
3546b,21714,1646,8,0
2397b,21714,1647,9,0
2164b,21714,1647,10,0
2398b,21714,1648,11,0
1014b,21714,1648,12,0
2399b,21714,1649,13,0
421b,21714,1650,14,0
2400b,21714,1651,15,0
3217b,21714,1652,16,0
3219b,21714,1653,17,0
3220b,21714,1655,18,0
6505b,21714,1656,19,0
6506b,21714,1657,20,0
3797b,21714,1659,21,0
1614b,21714,1659,22,0
1671b,21714,1660,23,0
1656b,21714,1660,24,0
3577b,21714,1661,25,0
3294b,21714,1662,26,0
3028b,21714,1663,27,0
2448b,21714,1664,28,0
1767b,21714,1664,29,0
1768b,21714,1665,30,0
2449b,21714,1666,31,0
3803b,21714,1667,32,0
3554b,21714,1668,33,0
590b,21714,1668,34,0
331b,21714,1669,35,0
118b,21714,1670,36,0
3251b,21714,1670,37,0
3323b,21714,1671,38,1
3323b,1234,1715,1,0
1643b,1234,1715,2,0
1631b,1234,1716,3,0
1591b,1234,1716,4,0
3553b,1234,1717,5,0
3868b,1234,1718,6,0
3243b,1234,1718,7,0
1822b,1234,1719,8,0
1611b,1234,1720,9,0
2451b,1234,1720,10,0
3029b,1234,1721,11,0
2528b,1234,1721,12,0
3578b,1234,1722,13,0
1633b,1234,1723,14,0
2633b,1234,1723,15,0
1634b,1234,1724,16,0
371b,1234,1725,17,0
7701b,1234,1726,18,0
5633b,1234,1727,19,0
49b,1234,1728,20,0
575b,1234,1730,21,0
3218b,1234,1731,22,0
2348b,1234,1732,23,0
2349b,1234,1732,24,0
1288b,1234,1733,25,0
456b,1234,1734,26,0
185b,1234,1735,27,0
412b,1234,1735,28,0
2403b,1234,1736,29,0
2404b,1234,1737,30,0
3501b,1234,1738,31,0
3550b,1234,1738,32,0
886b,1234,1739,33,0
1453b,1234,1741,34,0
534b,1234,1743,35,0
698b,1234,1744,36,0
6731b,1234,1747,37,0
2610b,1234,1748,38,0
3280b,1234,1752,39,1
3280b,21424,1549,1,0
6732b,21424,1550,2,0
956b,21424,1552,3,0
3585b,21424,1554,4,0
2436b,21424,1556,5,0
319b,21424,1558,6,0
4155b,21424,1560,7,0
3546b,21424,1561,8,0
2397b,21424,1562,9,0
2164b,21424,1562,10,0
2398b,21424,1563,11,0
1014b,21424,1563,12,0
2399b,21424,1564,13,0
421b,21424,1565,14,0
2400b,21424,1566,15,0
3217b,21424,1567,16,0
3219b,21424,1568,17,0
3220b,21424,1570,18,0
6505b,21424,1571,19,0
6506b,21424,1572,20,0
3797b,21424,1574,21,0
1614b,21424,1574,22,0
1671b,21424,1575,23,0
1656b,21424,1575,24,0
3577b,21424,1576,25,0
3294b,21424,1577,26,0
3028b,21424,1578,27,0
2448b,21424,1579,28,0
1767b,21424,1579,29,0
1768b,21424,1580,30,0
2449b,21424,1581,31,0
3803b,21424,1582,32,0
3554b,21424,1583,33,0
590b,21424,1583,34,0
331b,21424,1584,35,0
118b,21424,1585,36,0
3251b,21424,1585,37,0
3323b,21424,1586,38,1
3280b,27394,1719,1,0
6732b,27394,1720,2,0
956b,27394,1722,3,0
3585b,27394,1724,4,0
2436b,27394,1726,5,0
319b,27394,1728,6,0
4155b,27394,1730,7,0
3546b,27394,1731,8,0
2397b,27394,1732,9,0
2164b,27394,1732,10,0
2398b,27394,1733,11,0
1014b,27394,1733,12,0
2399b,27394,1734,13,0
421b,27394,1735,14,0
2400b,27394,1736,15,0
3217b,27394,1737,16,0
3219b,27394,1738,17,0
3220b,27394,1740,18,0
6505b,27394,1741,19,0
6506b,27394,1742,20,0
3797b,27394,1744,21,0
1614b,27394,1744,22,0
1671b,27394,1745,23,0
1656b,27394,1745,24,0
3577b,27394,1746,25,0
3294b,27394,1747,26,0
3028b,27394,1748,27,0
2448b,27394,1749,28,0
1767b,27394,1749,29,0
1768b,27394,1750,30,0
2449b,27394,1751,31,0
3803b,27394,1752,32,0
3554b,27394,1753,33,0
590b,27394,1753,34,0
331b,27394,1754,35,0
118b,27394,1755,36,0
3251b,27394,1755,37,0
3323b,27394,1756,38,1
3280b,5309,1549,1,0
6732b,5309,1550,2,0
956b,5309,1552,3,0
3585b,5309,1554,4,0
2436b,5309,1556,5,0
319b,5309,1558,6,0
4155b,5309,1560,7,0
3546b,5309,1561,8,0
2397b,5309,1562,9,0
2164b,5309,1562,10,0
2398b,5309,1563,11,0
1014b,5309,1563,12,0
2399b,5309,1564,13,0
421b,5309,1565,14,0
2400b,5309,1566,15,0
3217b,5309,1567,16,0
3219b,5309,1568,17,0
3220b,5309,1570,18,0
6505b,5309,1571,19,0
6506b,5309,1572,20,0
3797b,5309,1574,21,0
1614b,5309,1574,22,0
1671b,5309,1575,23,0
1656b,5309,1575,24,0
3577b,5309,1576,25,0
3294b,5309,1577,26,0
3028b,5309,1578,27,0
2448b,5309,1579,28,0
1767b,5309,1579,29,0
1768b,5309,1580,30,0
2449b,5309,1581,31,0
3803b,5309,1582,32,0
3554b,5309,1583,33,0
590b,5309,1583,34,0
331b,5309,1584,35,0
118b,5309,1585,36,0
3251b,5309,1585,37,0
3323b,5309,1586,38,1
3323b,15642,1675,1,0
1643b,15642,1675,2,0
1631b,15642,1676,3,0
1591b,15642,1676,4,0
3553b,15642,1677,5,0
3868b,15642,1678,6,0
3243b,15642,1678,7,0
1822b,15642,1679,8,0
1611b,15642,1680,9,0
2451b,15642,1680,10,0
3029b,15642,1681,11,0
2528b,15642,1681,12,0
3578b,15642,1682,13,0
1633b,15642,1683,14,0
2633b,15642,1683,15,0
1634b,15642,1684,16,0
371b,15642,1685,17,0
7701b,15642,1686,18,0
5633b,15642,1687,19,0
49b,15642,1688,20,0
575b,15642,1690,21,0
3218b,15642,1691,22,0
2348b,15642,1692,23,0
2349b,15642,1692,24,0
1288b,15642,1693,25,0
456b,15642,1694,26,0
185b,15642,1695,27,0
412b,15642,1695,28,0
2403b,15642,1696,29,0
2404b,15642,1697,30,0
3501b,15642,1698,31,0
3550b,15642,1698,32,0
886b,15642,1699,33,0
1453b,15642,1701,34,0
534b,15642,1703,35,0
698b,15642,1704,36,0
6731b,15642,1707,37,0
2610b,15642,1708,38,0
3280b,15642,1712,39,1
3323b,31984,1590,1,0
1643b,31984,1590,2,0
1631b,31984,1591,3,0
1591b,31984,1591,4,0
3553b,31984,1592,5,0
3868b,31984,1593,6,0
3243b,31984,1593,7,0
1822b,31984,1594,8,0
1611b,31984,1595,9,0
2451b,31984,1595,10,0
3029b,31984,1596,11,0
2528b,31984,1596,12,0
3578b,31984,1597,13,0
1633b,31984,1598,14,0
2633b,31984,1598,15,0
1634b,31984,1599,16,0
371b,31984,1600,17,0
3799b,31984,1601,18,0
5633b,31984,1603,19,0
49b,31984,1603,20,0
575b,31984,1605,21,0
3218b,31984,1606,22,0
2348b,31984,1607,23,0
2349b,31984,1607,24,0
1288b,31984,1608,25,0
456b,31984,1609,26,0
185b,31984,1610,27,0
412b,31984,1610,28,0
2403b,31984,1611,29,0
2404b,31984,1612,30,0
3501b,31984,1613,31,0
3550b,31984,1613,32,0
886b,31984,1614,33,0
1453b,31984,1616,34,0
534b,31984,1618,35,0
698b,31984,1619,36,0
6731b,31984,1622,37,0
2610b,31984,1623,38,0
3280b,31984,1627,39,1
3323b,29902,1545,1,0
1643b,29902,1545,2,0
1631b,29902,1546,3,0
1591b,29902,1546,4,0
3553b,29902,1547,5,0
3868b,29902,1548,6,0
3243b,29902,1548,7,0
1822b,29902,1549,8,0
1611b,29902,1550,9,0
2451b,29902,1550,10,0
3029b,29902,1551,11,0
2528b,29902,1551,12,0
3578b,29902,1552,13,0
1633b,29902,1553,14,0
2633b,29902,1553,15,0
1634b,29902,1554,16,0
371b,29902,1555,17,0
3799b,29902,1556,18,0
5633b,29902,1558,19,0
49b,29902,1558,20,0
575b,29902,1560,21,0
3218b,29902,1561,22,0
2348b,29902,1562,23,0
2349b,29902,1562,24,0
1288b,29902,1563,25,0
456b,29902,1564,26,0
185b,29902,1565,27,0
412b,29902,1565,28,0
2403b,29902,1566,29,0
2404b,29902,1567,30,0
3501b,29902,1568,31,0
3550b,29902,1568,32,0
886b,29902,1569,33,0
1453b,29902,1571,34,0
534b,29902,1573,35,0
698b,29902,1574,36,0
6731b,29902,1577,37,0
2610b,29902,1578,38,0
3280b,29902,1582,39,1
3323b,25503,1630,1,0
1643b,25503,1630,2,0
1631b,25503,1631,3,0
1591b,25503,1631,4,0
3553b,25503,1632,5,0
3868b,25503,1633,6,0
3243b,25503,1633,7,0
1822b,25503,1634,8,0
1611b,25503,1635,9,0
2451b,25503,1635,10,0
3029b,25503,1636,11,0
2528b,25503,1636,12,0
3578b,25503,1637,13,0
1633b,25503,1638,14,0
2633b,25503,1638,15,0
1634b,25503,1639,16,0
371b,25503,1640,17,0
7701b,25503,1641,18,0
5633b,25503,1642,19,0
49b,25503,1643,20,0
575b,25503,1645,21,0
3218b,25503,1646,22,0
2348b,25503,1647,23,0
2349b,25503,1647,24,0
1288b,25503,1648,25,0
456b,25503,1649,26,0
185b,25503,1650,27,0
412b,25503,1650,28,0
2403b,25503,1651,29,0
2404b,25503,1652,30,0
3501b,25503,1653,31,0
3550b,25503,1653,32,0
886b,25503,1654,33,0
1453b,25503,1656,34,0
534b,25503,1658,35,0
698b,25503,1659,36,0
6731b,25503,1662,37,0
2610b,25503,1663,38,0
3280b,25503,1667,39,1
3280b,25211,1589,1,0
6732b,25211,1590,2,0
956b,25211,1592,3,0
3585b,25211,1594,4,0
2436b,25211,1596,5,0
319b,25211,1598,6,0
4155b,25211,1600,7,0
3546b,25211,1601,8,0
2397b,25211,1602,9,0
2164b,25211,1602,10,0
2398b,25211,1603,11,0
1014b,25211,1603,12,0
2399b,25211,1604,13,0
421b,25211,1605,14,0
2400b,25211,1606,15,0
3217b,25211,1607,16,0
3219b,25211,1608,17,0
3220b,25211,1610,18,0
6505b,25211,1611,19,0
6506b,25211,1612,20,0
3797b,25211,1614,21,0
1614b,25211,1614,22,0
1671b,25211,1615,23,0
1656b,25211,1615,24,0
3577b,25211,1616,25,0
3294b,25211,1617,26,0
3028b,25211,1618,27,0
2448b,25211,1619,28,0
1767b,25211,1619,29,0
1768b,25211,1620,30,0
2449b,25211,1621,31,0
3803b,25211,1622,32,0
3554b,25211,1623,33,0
590b,25211,1623,34,0
331b,25211,1624,35,0
118b,25211,1625,36,0
3251b,25211,1625,37,0
3323b,25211,1626,38,1
3323b,29603,1630,1,0
1643b,29603,1630,2,0
1631b,29603,1631,3,0
1591b,29603,1631,4,0
3553b,29603,1632,5,0
3868b,29603,1633,6,0
3243b,29603,1633,7,0
1822b,29603,1634,8,0
1611b,29603,1635,9,0
2451b,29603,1635,10,0
3029b,29603,1636,11,0
2528b,29603,1636,12,0
3578b,29603,1637,13,0
1633b,29603,1638,14,0
2633b,29603,1638,15,0
1634b,29603,1639,16,0
371b,29603,1640,17,0
7701b,29603,1641,18,0
5633b,29603,1642,19,0
49b,29603,1643,20,0
575b,29603,1645,21,0
3218b,29603,1646,22,0
2348b,29603,1647,23,0
2349b,29603,1647,24,0
1288b,29603,1648,25,0
456b,29603,1649,26,0
185b,29603,1650,27,0
412b,29603,1650,28,0
2403b,29603,1651,29,0
2404b,29603,1652,30,0
3501b,29603,1653,31,0
3550b,29603,1653,32,0
886b,29603,1654,33,0
1453b,29603,1656,34,0
534b,29603,1658,35,0
698b,29603,1659,36,0
6731b,29603,1662,37,0
2610b,29603,1663,38,0
3280b,29603,1667,39,1
3323b,25741,1630,1,0
1643b,25741,1630,2,0
1631b,25741,1631,3,0
1591b,25741,1631,4,0
3553b,25741,1632,5,0
3868b,25741,1633,6,0
3243b,25741,1633,7,0
1822b,25741,1634,8,0
1611b,25741,1635,9,0
2451b,25741,1635,10,0
3029b,25741,1636,11,0
2528b,25741,1636,12,0
3578b,25741,1637,13,0
1633b,25741,1638,14,0
2633b,25741,1638,15,0
1634b,25741,1639,16,0
371b,25741,1640,17,0
3799b,25741,1641,18,0
5633b,25741,1643,19,0
49b,25741,1643,20,0
575b,25741,1645,21,0
3218b,25741,1646,22,0
2348b,25741,1647,23,0
2349b,25741,1647,24,0
1288b,25741,1648,25,0
456b,25741,1649,26,0
185b,25741,1650,27,0
412b,25741,1650,28,0
2403b,25741,1651,29,0
2404b,25741,1652,30,0
3501b,25741,1653,31,0
3550b,25741,1653,32,0
886b,25741,1654,33,0
1453b,25741,1656,34,0
534b,25741,1658,35,0
698b,25741,1659,36,0
6731b,25741,1662,37,0
2610b,25741,1663,38,0
3280b,25741,1667,39,1
3280b,23802,1719,1,0
6732b,23802,1720,2,0
956b,23802,1722,3,0
3585b,23802,1724,4,0
2436b,23802,1726,5,0
319b,23802,1728,6,0
4155b,23802,1730,7,0
3546b,23802,1731,8,0
2397b,23802,1732,9,0
2164b,23802,1732,10,0
2398b,23802,1733,11,0
1014b,23802,1733,12,0
2399b,23802,1734,13,0
421b,23802,1735,14,0
2400b,23802,1736,15,0
3217b,23802,1737,16,0
3219b,23802,1738,17,0
3220b,23802,1740,18,0
6505b,23802,1741,19,0
6506b,23802,1742,20,0
3797b,23802,1744,21,0
1614b,23802,1744,22,0
1671b,23802,1745,23,0
1656b,23802,1745,24,0
3577b,23802,1746,25,0
3294b,23802,1747,26,0
3028b,23802,1748,27,0
2448b,23802,1749,28,0
1767b,23802,1749,29,0
1768b,23802,1750,30,0
2449b,23802,1751,31,0
3803b,23802,1752,32,0
3554b,23802,1753,33,0
590b,23802,1753,34,0
331b,23802,1754,35,0
118b,23802,1755,36,0
3251b,23802,1755,37,0
3323b,23802,1756,38,1
3323b,23712,1715,1,0
1643b,23712,1715,2,0
1631b,23712,1716,3,0
1591b,23712,1716,4,0
3553b,23712,1717,5,0
3868b,23712,1718,6,0
3243b,23712,1718,7,0
1822b,23712,1719,8,0
1611b,23712,1720,9,0
2451b,23712,1720,10,0
3029b,23712,1721,11,0
2528b,23712,1721,12,0
3578b,23712,1722,13,0
1633b,23712,1723,14,0
2633b,23712,1723,15,0
1634b,23712,1724,16,0
371b,23712,1725,17,0
7701b,23712,1726,18,0
5633b,23712,1727,19,0
49b,23712,1728,20,0
575b,23712,1730,21,0
3218b,23712,1731,22,0
2348b,23712,1732,23,0
2349b,23712,1732,24,0
1288b,23712,1733,25,0
456b,23712,1734,26,0
185b,23712,1735,27,0
412b,23712,1735,28,0
2403b,23712,1736,29,0
2404b,23712,1737,30,0
3501b,23712,1738,31,0
3550b,23712,1738,32,0
886b,23712,1739,33,0
1453b,23712,1741,34,0
534b,23712,1743,35,0
698b,23712,1744,36,0
6731b,23712,1747,37,0
2610b,23712,1748,38,0
3280b,23712,1752,39,1
3280b,23010,1674,1,0
6732b,23010,1675,2,0
956b,23010,1677,3,0
3585b,23010,1679,4,0
2436b,23010,1681,5,0
319b,23010,1683,6,0
4155b,23010,1685,7,0
3546b,23010,1686,8,0
2397b,23010,1687,9,0
2164b,23010,1687,10,0
2398b,23010,1688,11,0
1014b,23010,1688,12,0
2399b,23010,1689,13,0
421b,23010,1690,14,0
2400b,23010,1691,15,0
3217b,23010,1692,16,0
3219b,23010,1693,17,0
3220b,23010,1695,18,0
6505b,23010,1696,19,0
6506b,23010,1697,20,0
3797b,23010,1699,21,0
1614b,23010,1699,22,0
1671b,23010,1700,23,0
1656b,23010,1700,24,0
3577b,23010,1701,25,0
3294b,23010,1702,26,0
3028b,23010,1703,27,0
2448b,23010,1704,28,0
1767b,23010,1704,29,0
1768b,23010,1705,30,0
2449b,23010,1706,31,0
3803b,23010,1707,32,0
3554b,23010,1708,33,0
590b,23010,1708,34,0
331b,23010,1709,35,0
118b,23010,1710,36,0
3251b,23010,1710,37,0
3323b,23010,1711,38,1
3280b,3311,1549,1,0
6732b,3311,1550,2,0
956b,3311,1552,3,0
3585b,3311,1554,4,0
2436b,3311,1556,5,0
319b,3311,1558,6,0
4155b,3311,1560,7,0
3546b,3311,1561,8,0
2397b,3311,1562,9,0
2164b,3311,1562,10,0
2398b,3311,1563,11,0
1014b,3311,1563,12,0
2399b,3311,1564,13,0
421b,3311,1565,14,0
2400b,3311,1566,15,0
3217b,3311,1567,16,0
3219b,3311,1568,17,0
3220b,3311,1570,18,0
6505b,3311,1571,19,0
6506b,3311,1572,20,0
3797b,3311,1574,21,0
1614b,3311,1574,22,0
1671b,3311,1575,23,0
1656b,3311,1575,24,0
3577b,3311,1576,25,0
3294b,3311,1577,26,0
3028b,3311,1578,27,0
2448b,3311,1579,28,0
1767b,3311,1579,29,0
1768b,3311,1580,30,0
2449b,3311,1581,31,0
3803b,3311,1582,32,0
3554b,3311,1583,33,0
590b,3311,1583,34,0
331b,3311,1584,35,0
118b,3311,1585,36,0
3251b,3311,1585,37,0
3323b,3311,1586,38,1
3280b,3567,1674,1,0
6732b,3567,1675,2,0
956b,3567,1677,3,0
3585b,3567,1679,4,0
2436b,3567,1681,5,0
319b,3567,1683,6,0
4155b,3567,1685,7,0
3546b,3567,1686,8,0
2397b,3567,1687,9,0
2164b,3567,1687,10,0
2398b,3567,1688,11,0
1014b,3567,1688,12,0
2399b,3567,1689,13,0
421b,3567,1690,14,0
2400b,3567,1691,15,0
3217b,3567,1692,16,0
3219b,3567,1693,17,0
3220b,3567,1695,18,0
6505b,3567,1696,19,0
6506b,3567,1697,20,0
3797b,3567,1699,21,0
1614b,3567,1699,22,0
1671b,3567,1700,23,0
1656b,3567,1700,24,0
3577b,3567,1701,25,0
3294b,3567,1702,26,0
3028b,3567,1703,27,0
2448b,3567,1704,28,0
1767b,3567,1704,29,0
1768b,3567,1705,30,0
2449b,3567,1706,31,0
3803b,3567,1707,32,0
3554b,3567,1708,33,0
590b,3567,1708,34,0
331b,3567,1709,35,0
118b,3567,1710,36,0
3251b,3567,1710,37,0
3323b,3567,1711,38,1
3323b,34686,1545,1,0
1643b,34686,1545,2,0
1631b,34686,1546,3,0
1591b,34686,1546,4,0
3553b,34686,1547,5,0
3868b,34686,1548,6,0
3243b,34686,1548,7,0
1822b,34686,1549,8,0
1611b,34686,1550,9,0
2451b,34686,1550,10,0
3029b,34686,1551,11,0
2528b,34686,1551,12,0
3578b,34686,1552,13,0
1633b,34686,1553,14,0
2633b,34686,1553,15,0
1634b,34686,1554,16,0
371b,34686,1555,17,0
3799b,34686,1556,18,0
5633b,34686,1558,19,0
49b,34686,1558,20,0
575b,34686,1560,21,0
3218b,34686,1561,22,0
2348b,34686,1562,23,0
2349b,34686,1562,24,0
1288b,34686,1563,25,0
456b,34686,1564,26,0
185b,34686,1565,27,0
412b,34686,1565,28,0
2403b,34686,1566,29,0
2404b,34686,1567,30,0
3501b,34686,1568,31,0
3550b,34686,1568,32,0
886b,34686,1569,33,0
1453b,34686,1571,34,0
534b,34686,1573,35,0
698b,34686,1574,36,0
6731b,34686,1577,37,0
2610b,34686,1578,38,0
3280b,34686,1582,39,1
3280b,18861,1754,1,0
6732b,18861,1755,2,0
956b,18861,1757,3,0
3585b,18861,1759,4,0
2436b,18861,1761,5,0
319b,18861,1763,6,0
4155b,18861,1765,7,0
3546b,18861,1766,8,0
2397b,18861,1767,9,0
2164b,18861,1767,10,0
2398b,18861,1768,11,0
1014b,18861,1768,12,0
2399b,18861,1769,13,0
421b,18861,1770,14,0
2400b,18861,1771,15,0
3217b,18861,1772,16,0
3219b,18861,1773,17,0
3220b,18861,1775,18,0
6505b,18861,1776,19,0
6506b,18861,1777,20,0
3797b,18861,1779,21,0
1614b,18861,1779,22,0
1671b,18861,1780,23,0
1656b,18861,1780,24,0
3577b,18861,1781,25,0
3294b,18861,1782,26,0
3028b,18861,1783,27,0
2448b,18861,1784,28,0
1767b,18861,1784,29,0
1768b,18861,1785,30,0
2449b,18861,1786,31,0
3803b,18861,1787,32,0
3554b,18861,1788,33,0
590b,18861,1788,34,0
331b,18861,1789,35,0
118b,18861,1790,36,0
3251b,18861,1790,37,0
3323b,18861,1791,38,1
3323b,11510,1590,1,0
1643b,11510,1590,2,0
1631b,11510,1591,3,0
1591b,11510,1591,4,0
3553b,11510,1592,5,0
3868b,11510,1593,6,0
3243b,11510,1593,7,0
1822b,11510,1594,8,0
1611b,11510,1595,9,0
2451b,11510,1595,10,0
3029b,11510,1596,11,0
2528b,11510,1596,12,0
3578b,11510,1597,13,0
1633b,11510,1598,14,0
2633b,11510,1598,15,0
1634b,11510,1599,16,0
371b,11510,1600,17,0
7701b,11510,1601,18,0
5633b,11510,1602,19,0
49b,11510,1603,20,0
575b,11510,1605,21,0
3218b,11510,1606,22,0
2348b,11510,1607,23,0
2349b,11510,1607,24,0
1288b,11510,1608,25,0
456b,11510,1609,26,0
185b,11510,1610,27,0
412b,11510,1610,28,0
2403b,11510,1611,29,0
2404b,11510,1612,30,0
3501b,11510,1613,31,0
3550b,11510,1613,32,0
886b,11510,1614,33,0
1453b,11510,1616,34,0
534b,11510,1618,35,0
698b,11510,1619,36,0
6731b,11510,1622,37,0
2610b,11510,1623,38,0
3280b,11510,1627,39,1
3323b,3090,1715,1,0
1643b,3090,1715,2,0
1631b,3090,1716,3,0
1591b,3090,1716,4,0
3553b,3090,1717,5,0
3868b,3090,1718,6,0
3243b,3090,1718,7,0
1822b,3090,1719,8,0
1611b,3090,1720,9,0
2451b,3090,1720,10,0
3029b,3090,1721,11,0
2528b,3090,1721,12,0
3578b,3090,1722,13,0
1633b,3090,1723,14,0
2633b,3090,1723,15,0
1634b,3090,1724,16,0
371b,3090,1725,17,0
3799b,3090,1726,18,0
5633b,3090,1728,19,0
49b,3090,1728,20,0
575b,3090,1730,21,0
3218b,3090,1731,22,0
2348b,3090,1732,23,0
2349b,3090,1732,24,0
1288b,3090,1733,25,0
456b,3090,1734,26,0
185b,3090,1735,27,0
412b,3090,1735,28,0
2403b,3090,1736,29,0
2404b,3090,1737,30,0
3501b,3090,1738,31,0
3550b,3090,1738,32,0
886b,3090,1739,33,0
1453b,3090,1741,34,0
534b,3090,1743,35,0
698b,3090,1744,36,0
6731b,3090,1747,37,0
2610b,3090,1748,38,0
3280b,3090,1752,39,1
3280b,18539,1634,1,0
6732b,18539,1635,2,0
956b,18539,1637,3,0
3585b,18539,1639,4,0
2436b,18539,1641,5,0
319b,18539,1643,6,0
4155b,18539,1645,7,0
3546b,18539,1646,8,0
2397b,18539,1647,9,0
2164b,18539,1647,10,0
2398b,18539,1648,11,0
1014b,18539,1648,12,0
2399b,18539,1649,13,0
421b,18539,1650,14,0
2400b,18539,1651,15,0
3217b,18539,1652,16,0
3219b,18539,1653,17,0
3220b,18539,1655,18,0
6505b,18539,1656,19,0
6506b,18539,1657,20,0
3797b,18539,1659,21,0
1614b,18539,1659,22,0
1671b,18539,1660,23,0
1656b,18539,1660,24,0
3577b,18539,1661,25,0
3294b,18539,1662,26,0
3028b,18539,1663,27,0
2448b,18539,1664,28,0
1767b,18539,1664,29,0
1768b,18539,1665,30,0
2449b,18539,1666,31,0
3803b,18539,1667,32,0
3554b,18539,1668,33,0
590b,18539,1668,34,0
331b,18539,1669,35,0
118b,18539,1670,36,0
3251b,18539,1670,37,0
3323b,18539,1671,38,1
3280b,412,1754,1,0
6732b,412,1755,2,0
956b,412,1757,3,0
3585b,412,1759,4,0
2436b,412,1761,5,0
319b,412,1763,6,0
4155b,412,1765,7,0
3546b,412,1766,8,0
2397b,412,1767,9,0
2164b,412,1767,10,0
2398b,412,1768,11,0
1014b,412,1768,12,0
2399b,412,1769,13,0
421b,412,1770,14,0
2400b,412,1771,15,0
3217b,412,1772,16,0
3219b,412,1773,17,0
3220b,412,1775,18,0
6505b,412,1776,19,0
6506b,412,1777,20,0
3797b,412,1779,21,0
1614b,412,1779,22,0
1671b,412,1780,23,0
1656b,412,1780,24,0
3577b,412,1781,25,0
3294b,412,1782,26,0
3028b,412,1783,27,0
2448b,412,1784,28,0
1767b,412,1784,29,0
1768b,412,1785,30,0
2449b,412,1786,31,0
3803b,412,1787,32,0
3554b,412,1788,33,0
590b,412,1788,34,0
331b,412,1789,35,0
118b,412,1790,36,0
3251b,412,1790,37,0
3323b,412,1791,38,1
3323b,18348,1545,1,0
1643b,18348,1545,2,0
1631b,18348,1546,3,0
1591b,18348,1546,4,0
3553b,18348,1547,5,0
3868b,18348,1548,6,0
3243b,18348,1548,7,0
1822b,18348,1549,8,0
1611b,18348,1550,9,0
2451b,18348,1550,10,0
3029b,18348,1551,11,0
2528b,18348,1551,12,0
3578b,18348,1552,13,0
1633b,18348,1553,14,0
2633b,18348,1553,15,0
1634b,18348,1554,16,0
371b,18348,1555,17,0
7701b,18348,1556,18,0
5633b,18348,1557,19,0
49b,18348,1558,20,0
575b,18348,1560,21,0
3218b,18348,1561,22,0
2348b,18348,1562,23,0
2349b,18348,1562,24,0
1288b,18348,1563,25,0
456b,18348,1564,26,0
185b,18348,1565,27,0
412b,18348,1565,28,0
2403b,18348,1566,29,0
2404b,18348,1567,30,0
3501b,18348,1568,31,0
3550b,18348,1568,32,0
886b,18348,1569,33,0
1453b,18348,1571,34,0
534b,18348,1573,35,0
698b,18348,1574,36,0
6731b,18348,1577,37,0
2610b,18348,1578,38,0
3280b,18348,1582,39,1
3280b,4897,1674,1,0
6732b,4897,1675,2,0
956b,4897,1677,3,0
3585b,4897,1679,4,0
2436b,4897,1681,5,0
319b,4897,1683,6,0
4155b,4897,1685,7,0
3546b,4897,1686,8,0
2397b,4897,1687,9,0
2164b,4897,1687,10,0
2398b,4897,1688,11,0
1014b,4897,1688,12,0
2399b,4897,1689,13,0
421b,4897,1690,14,0
2400b,4897,1691,15,0
3217b,4897,1692,16,0
3219b,4897,1693,17,0
3220b,4897,1695,18,0
6505b,4897,1696,19,0
6506b,4897,1697,20,0
3797b,4897,1699,21,0
1614b,4897,1699,22,0
1671b,4897,1700,23,0
1656b,4897,1700,24,0
3577b,4897,1701,25,0
3294b,4897,1702,26,0
3028b,4897,1703,27,0
2448b,4897,1704,28,0
1767b,4897,1704,29,0
1768b,4897,1705,30,0
2449b,4897,1706,31,0
3803b,4897,1707,32,0
3554b,4897,1708,33,0
590b,4897,1708,34,0
331b,4897,1709,35,0
118b,4897,1710,36,0
3251b,4897,1710,37,0
3323b,4897,1711,38,1
3280b,282,1589,1,0
6732b,282,1590,2,0
956b,282,1592,3,0
3585b,282,1594,4,0
2436b,282,1596,5,0
319b,282,1598,6,0
4155b,282,1600,7,0
3546b,282,1601,8,0
2397b,282,1602,9,0
2164b,282,1602,10,0
2398b,282,1603,11,0
1014b,282,1603,12,0
2399b,282,1604,13,0
421b,282,1605,14,0
2400b,282,1606,15,0
3217b,282,1607,16,0
3219b,282,1608,17,0
3220b,282,1610,18,0
6505b,282,1611,19,0
6506b,282,1612,20,0
3797b,282,1614,21,0
1614b,282,1614,22,0
1671b,282,1615,23,0
1656b,282,1615,24,0
3577b,282,1616,25,0
3294b,282,1617,26,0
3028b,282,1618,27,0
2448b,282,1619,28,0
1767b,282,1619,29,0
1768b,282,1620,30,0
2449b,282,1621,31,0
3803b,282,1622,32,0
3554b,282,1623,33,0
590b,282,1623,34,0
331b,282,1624,35,0
118b,282,1625,36,0
3251b,282,1625,37,0
3323b,282,1626,38,1
3280b,20085,1674,1,0
6732b,20085,1675,2,0
956b,20085,1677,3,0
3585b,20085,1679,4,0
2436b,20085,1681,5,0
319b,20085,1683,6,0
4155b,20085,1685,7,0
3546b,20085,1686,8,0
2397b,20085,1687,9,0
2164b,20085,1687,10,0
2398b,20085,1688,11,0
1014b,20085,1688,12,0
2399b,20085,1689,13,0
421b,20085,1690,14,0
2400b,20085,1691,15,0
3217b,20085,1692,16,0
3219b,20085,1693,17,0
3220b,20085,1695,18,0
6505b,20085,1696,19,0
6506b,20085,1697,20,0
3797b,20085,1699,21,0
1614b,20085,1699,22,0
1671b,20085,1700,23,0
1656b,20085,1700,24,0
3577b,20085,1701,25,0
3294b,20085,1702,26,0
3028b,20085,1703,27,0
2448b,20085,1704,28,0
1767b,20085,1704,29,0
1768b,20085,1705,30,0
2449b,20085,1706,31,0
3803b,20085,1707,32,0
3554b,20085,1708,33,0
590b,20085,1708,34,0
331b,20085,1709,35,0
118b,20085,1710,36,0
3251b,20085,1710,37,0
3323b,20085,1711,38,1
3280b,2741,1634,1,0
6732b,2741,1635,2,0
956b,2741,1637,3,0
3585b,2741,1639,4,0
2436b,2741,1641,5,0
319b,2741,1643,6,0
4155b,2741,1645,7,0
3546b,2741,1646,8,0
2397b,2741,1647,9,0
2164b,2741,1647,10,0
2398b,2741,1648,11,0
1014b,2741,1648,12,0
2399b,2741,1649,13,0
421b,2741,1650,14,0
2400b,2741,1651,15,0
3217b,2741,1652,16,0
3219b,2741,1653,17,0
3220b,2741,1655,18,0
6505b,2741,1656,19,0
6506b,2741,1657,20,0
3797b,2741,1659,21,0
1614b,2741,1659,22,0
1671b,2741,1660,23,0
1656b,2741,1660,24,0
3577b,2741,1661,25,0
3294b,2741,1662,26,0
3028b,2741,1663,27,0
2448b,2741,1664,28,0
1767b,2741,1664,29,0
1768b,2741,1665,30,0
2449b,2741,1666,31,0
3803b,2741,1667,32,0
3554b,2741,1668,33,0
590b,2741,1668,34,0
331b,2741,1669,35,0
118b,2741,1670,36,0
3251b,2741,1670,37,0
3323b,2741,1671,38,1
3280b,16664,1634,1,0
6732b,16664,1635,2,0
956b,16664,1637,3,0
3585b,16664,1639,4,0
2436b,16664,1641,5,0
319b,16664,1643,6,0
4155b,16664,1645,7,0
3546b,16664,1646,8,0
2397b,16664,1647,9,0
2164b,16664,1647,10,0
2398b,16664,1648,11,0
1014b,16664,1648,12,0
2399b,16664,1649,13,0
421b,16664,1650,14,0
2400b,16664,1651,15,0
3217b,16664,1652,16,0
3219b,16664,1653,17,0
3220b,16664,1655,18,0
6505b,16664,1656,19,0
6506b,16664,1657,20,0
3797b,16664,1659,21,0
1614b,16664,1659,22,0
1671b,16664,1660,23,0
1656b,16664,1660,24,0
3577b,16664,1661,25,0
3294b,16664,1662,26,0
3028b,16664,1663,27,0
2448b,16664,1664,28,0
1767b,16664,1664,29,0
1768b,16664,1665,30,0
2449b,16664,1666,31,0
3803b,16664,1667,32,0
3554b,16664,1668,33,0
590b,16664,1668,34,0
331b,16664,1669,35,0
118b,16664,1670,36,0
3251b,16664,1670,37,0
3323b,16664,1671,38,1
3280b,16691,1754,1,0
6732b,16691,1755,2,0
956b,16691,1757,3,0
3585b,16691,1759,4,0
2436b,16691,1761,5,0
319b,16691,1763,6,0
4155b,16691,1765,7,0
3546b,16691,1766,8,0
2397b,16691,1767,9,0
2164b,16691,1767,10,0
2398b,16691,1768,11,0
1014b,16691,1768,12,0
2399b,16691,1769,13,0
421b,16691,1770,14,0
2400b,16691,1771,15,0
3217b,16691,1772,16,0
3219b,16691,1773,17,0
3220b,16691,1775,18,0
6505b,16691,1776,19,0
6506b,16691,1777,20,0
3797b,16691,1779,21,0
1614b,16691,1779,22,0
1671b,16691,1780,23,0
1656b,16691,1780,24,0
3577b,16691,1781,25,0
3294b,16691,1782,26,0
3028b,16691,1783,27,0
2448b,16691,1784,28,0
1767b,16691,1784,29,0
1768b,16691,1785,30,0
2449b,16691,1786,31,0
3803b,16691,1787,32,0
3554b,16691,1788,33,0
590b,16691,1788,34,0
331b,16691,1789,35,0
118b,16691,1790,36,0
3251b,16691,1790,37,0
3323b,16691,1791,38,1
3323b,8792,1675,1,0
1643b,8792,1675,2,0
1631b,8792,1676,3,0
1591b,8792,1676,4,0
3553b,8792,1677,5,0
3868b,8792,1678,6,0
3243b,8792,1678,7,0
1822b,8792,1679,8,0
1611b,8792,1680,9,0
2451b,8792,1680,10,0
3029b,8792,1681,11,0
2528b,8792,1681,12,0
3578b,8792,1682,13,0
1633b,8792,1683,14,0
2633b,8792,1683,15,0
1634b,8792,1684,16,0
371b,8792,1685,17,0
3799b,8792,1686,18,0
5633b,8792,1688,19,0
49b,8792,1688,20,0
575b,8792,1690,21,0
3218b,8792,1691,22,0
2348b,8792,1692,23,0
2349b,8792,1692,24,0
1288b,8792,1693,25,0
456b,8792,1694,26,0
185b,8792,1695,27,0
412b,8792,1695,28,0
2403b,8792,1696,29,0
2404b,8792,1697,30,0
3501b,8792,1698,31,0
3550b,8792,1698,32,0
886b,8792,1699,33,0
1453b,8792,1701,34,0
534b,8792,1703,35,0
698b,8792,1704,36,0
6731b,8792,1707,37,0
2610b,8792,1708,38,0
3280b,8792,1712,39,1
3323b,2600,1630,1,0
1643b,2600,1630,2,0
1631b,2600,1631,3,0
1591b,2600,1631,4,0
3553b,2600,1632,5,0
3868b,2600,1633,6,0
3243b,2600,1633,7,0
1822b,2600,1634,8,0
1611b,2600,1635,9,0
2451b,2600,1635,10,0
3029b,2600,1636,11,0
2528b,2600,1636,12,0
3578b,2600,1637,13,0
1633b,2600,1638,14,0
2633b,2600,1638,15,0
1634b,2600,1639,16,0
371b,2600,1640,17,0
3799b,2600,1641,18,0
5633b,2600,1643,19,0
49b,2600,1643,20,0
575b,2600,1645,21,0
3218b,2600,1646,22,0
2348b,2600,1647,23,0
2349b,2600,1647,24,0
1288b,2600,1648,25,0
456b,2600,1649,26,0
185b,2600,1650,27,0
412b,2600,1650,28,0
2403b,2600,1651,29,0
2404b,2600,1652,30,0
3501b,2600,1653,31,0
3550b,2600,1653,32,0
886b,2600,1654,33,0
1453b,2600,1656,34,0
534b,2600,1658,35,0
698b,2600,1659,36,0
6731b,2600,1662,37,0
2610b,2600,1663,38,0
3280b,2600,1667,39,1
3280b,30761,1754,1,0
6732b,30761,1755,2,0
956b,30761,1757,3,0
3585b,30761,1759,4,0
2436b,30761,1761,5,0
319b,30761,1763,6,0
4155b,30761,1765,7,0
3546b,30761,1766,8,0
2397b,30761,1767,9,0
2164b,30761,1767,10,0
2398b,30761,1768,11,0
1014b,30761,1768,12,0
2399b,30761,1769,13,0
421b,30761,1770,14,0
2400b,30761,1771,15,0
3217b,30761,1772,16,0
3219b,30761,1773,17,0
3220b,30761,1775,18,0
6505b,30761,1776,19,0
6506b,30761,1777,20,0
3797b,30761,1779,21,0
1614b,30761,1779,22,0
1671b,30761,1780,23,0
1656b,30761,1780,24,0
3577b,30761,1781,25,0
3294b,30761,1782,26,0
3028b,30761,1783,27,0
2448b,30761,1784,28,0
1767b,30761,1784,29,0
1768b,30761,1785,30,0
2449b,30761,1786,31,0
3803b,30761,1787,32,0
3554b,30761,1788,33,0
590b,30761,1788,34,0
331b,30761,1789,35,0
118b,30761,1790,36,0
3251b,30761,1790,37,0
3323b,30761,1791,38,1
3280b,14764,1719,1,0
6732b,14764,1720,2,0
956b,14764,1722,3,0
3585b,14764,1724,4,0
2436b,14764,1726,5,0
319b,14764,1728,6,0
4155b,14764,1730,7,0
3546b,14764,1731,8,0
2397b,14764,1732,9,0
2164b,14764,1732,10,0
2398b,14764,1733,11,0
1014b,14764,1733,12,0
2399b,14764,1734,13,0
421b,14764,1735,14,0
2400b,14764,1736,15,0
3217b,14764,1737,16,0
3219b,14764,1738,17,0
3220b,14764,1740,18,0
6505b,14764,1741,19,0
6506b,14764,1742,20,0
3797b,14764,1744,21,0
1614b,14764,1744,22,0
1671b,14764,1745,23,0
1656b,14764,1745,24,0
3577b,14764,1746,25,0
3294b,14764,1747,26,0
3028b,14764,1748,27,0
2448b,14764,1749,28,0
1767b,14764,1749,29,0
1768b,14764,1750,30,0
2449b,14764,1751,31,0
3803b,14764,1752,32,0
3554b,14764,1753,33,0
590b,14764,1753,34,0
331b,14764,1754,35,0
118b,14764,1755,36,0
3251b,14764,1755,37,0
3323b,14764,1756,38,1
3323b,26639,1590,1,0
1643b,26639,1590,2,0
1631b,26639,1591,3,0
1591b,26639,1591,4,0
3553b,26639,1592,5,0
3868b,26639,1593,6,0
3243b,26639,1593,7,0
1822b,26639,1594,8,0
1611b,26639,1595,9,0
2451b,26639,1595,10,0
3029b,26639,1596,11,0
2528b,26639,1596,12,0
3578b,26639,1597,13,0
1633b,26639,1598,14,0
2633b,26639,1598,15,0
1634b,26639,1599,16,0
371b,26639,1600,17,0
3799b,26639,1601,18,0
5633b,26639,1603,19,0
49b,26639,1603,20,0
575b,26639,1605,21,0
3218b,26639,1606,22,0
2348b,26639,1607,23,0
2349b,26639,1607,24,0
1288b,26639,1608,25,0
456b,26639,1609,26,0
185b,26639,1610,27,0
412b,26639,1610,28,0
2403b,26639,1611,29,0
2404b,26639,1612,30,0
3501b,26639,1613,31,0
3550b,26639,1613,32,0
886b,26639,1614,33,0
1453b,26639,1616,34,0
534b,26639,1618,35,0
698b,26639,1619,36,0
6731b,26639,1622,37,0
2610b,26639,1623,38,0
3280b,26639,1627,39,1
3280b,6611,1719,1,0
6732b,6611,1720,2,0
956b,6611,1722,3,0
3585b,6611,1724,4,0
2436b,6611,1726,5,0
319b,6611,1728,6,0
4155b,6611,1730,7,0
3546b,6611,1731,8,0
2397b,6611,1732,9,0
2164b,6611,1732,10,0
2398b,6611,1733,11,0
1014b,6611,1733,12,0
2399b,6611,1734,13,0
421b,6611,1735,14,0
2400b,6611,1736,15,0
3217b,6611,1737,16,0
3219b,6611,1738,17,0
3220b,6611,1740,18,0
6505b,6611,1741,19,0
6506b,6611,1742,20,0
3797b,6611,1744,21,0
1614b,6611,1744,22,0
1671b,6611,1745,23,0
1656b,6611,1745,24,0
3577b,6611,1746,25,0
3294b,6611,1747,26,0
3028b,6611,1748,27,0
2448b,6611,1749,28,0
1767b,6611,1749,29,0
1768b,6611,1750,30,0
2449b,6611,1751,31,0
3803b,6611,1752,32,0
3554b,6611,1753,33,0
590b,6611,1753,34,0
331b,6611,1754,35,0
118b,6611,1755,36,0
3251b,6611,1755,37,0
3323b,6611,1756,38,1
3280b,30547,1549,1,0
6732b,30547,1550,2,0
956b,30547,1552,3,0
3585b,30547,1554,4,0
2436b,30547,1556,5,0
319b,30547,1558,6,0
4155b,30547,1560,7,0
3546b,30547,1561,8,0
2397b,30547,1562,9,0
2164b,30547,1562,10,0
2398b,30547,1563,11,0
1014b,30547,1563,12,0
2399b,30547,1564,13,0
421b,30547,1565,14,0
2400b,30547,1566,15,0
3217b,30547,1567,16,0
3219b,30547,1568,17,0
3220b,30547,1570,18,0
6505b,30547,1571,19,0
6506b,30547,1572,20,0
3797b,30547,1574,21,0
1614b,30547,1574,22,0
1671b,30547,1575,23,0
1656b,30547,1575,24,0
3577b,30547,1576,25,0
3294b,30547,1577,26,0
3028b,30547,1578,27,0
2448b,30547,1579,28,0
1767b,30547,1579,29,0
1768b,30547,1580,30,0
2449b,30547,1581,31,0
3803b,30547,1582,32,0
3554b,30547,1583,33,0
590b,30547,1583,34,0
331b,30547,1584,35,0
118b,30547,1585,36,0
3251b,30547,1585,37,0
3323b,30547,1586,38,1
