arret_id,trajet_id,heure_depart,stop_sequence,terminus
6601b,10821,1520,1,1
6601b,3436,1570,1,1
6601b,9521,1380,1,1
6601b,158,1470,1,1
6601b,508,1520,1,1
6601b,416,1470,1,1
6601b,1774,1380,1,1
6601b,4565,1620,1,1
6601b,17004,1425,1,1
6601b,15377,1570,1,1
6601b,2404,1570,1,1
6601b,12024,1425,1,1
6601b,1292,1470,1,1
6601b,1230,1520,1,1
6601b,8728,1620,1,1
6601b,15170,1380,1,1
6601b,14627,1470,1,1
6601b,13288,1520,1,1
6601b,5023,1425,1,1
6601b,7920,1570,1,1
6601b,6436,1380,1,1
6601b,13043,1425,1,1
